127.3029
124.7069
126.3360
126.0722
126.0529
123.8319
123.5181
122.3951
122.5453
122.8090
124.9529
123.9202
126.0361
125.9578
125.2523
124.8771
124.4467
124.1923
123.3848
123.0816
122.3763
123.5593
122.7035
124.3510
123.4830
123.2971
125.2542
125.8117
124.9858
125.0575
124.5100
121.9356
122.1968
121.5065
122.4662
120.9985
120.8473
120.5315
121.6505
122.9654
123.3717
122.0058
121.7487
121.5180
120.5254
121.1957
121.5087
123.5411
120.9963
119.5971
119.7263
121.1468
120.9060
120.1731
120.2384
120.2895
122.0852
123.6675
122.7597
120.6164
121.9748
121.9815
122.8222
122.6527
121.8278
121.1226
119.8766
119.3537
119.9349
120.1940
118.8020
119.9439
120.5739
122.1692
121.1398
120.6401
120.9649
119.5269
121.0894
121.8272
121.9306
121.8917
120.8014
119.4148
120.9322
119.2942
117.2338
120.2679
121.6459
118.6099
118.7320
116.6973
117.8928
118.6683
119.4769
119.6834
121.1674
120.3228
119.0830
118.4386
119.1058
120.1620
119.5534
119.2821
120.4734
120.3362
119.1388
120.0508
117.8029
117.8885
118.6419
118.0155
116.8434
118.5789
118.8186
118.7536
118.5777
117.9906
117.9459
119.7996
118.9086
118.4939
119.0323
116.9038
118.0580
119.0391
118.0736
117.4545
118.3619
117.0778
116.5068
116.5460
118.8664
119.0975
119.9662
118.9992
120.0061
119.3335
119.3343
119.7880
120.4512
119.9931
119.6050
118.3076
116.3412
119.0576
121.6407
120.2576
121.7170
119.1737
121.1185
118.5875
120.6853
120.3236
120.5027
120.4278
120.9633
119.3897
118.9988
119.1975
116.4824
118.7173
119.6760
120.5472
119.7665
121.7258
122.4846
122.7982
121.8493
121.7426
121.9672
122.7195
121.3747
122.7171
123.1928
121.7391
121.3217
121.2956
122.3875
122.7837
120.6281
121.7663
119.5283
119.1951
118.5845
117.4259
119.4020
118.9526
118.6774
117.2167
119.6735
118.5353
120.4678
119.0681
119.3932
119.6390
119.6091
119.7429
119.0802
120.3896
122.1306
121.3401
121.5688
120.8712
118.5790
118.4844
118.8803
121.0277
120.2885
121.4245
120.6797
119.7608
121.7672
122.9482
122.2823
121.1485
122.8986
122.1052
122.6361
124.3228
125.0480
124.9373
124.4249
125.1533
123.6898
123.3528
122.0201
122.2374
121.7385
122.2187
123.3331
121.8860
121.1496
122.2325
120.6829
119.4046
120.6677
120.9629
122.1447
121.3122
122.2296
119.7319
120.3554
121.4618
120.4226
120.2032
120.6539
121.1763
119.8913
120.3864
118.9025
117.8743
118.3580
117.0150
118.3878
119.7890
119.8129
117.6986
118.4979
118.6695
117.7257
117.2919
116.4535
116.2328
116.7076
116.1577
116.7967
115.8295
115.8605
113.6250
113.7166
114.7147
114.9296
112.1985
112.4474
114.1127
112.7974
112.8290
113.4086
113.7500
113.5335
111.7324
112.0755
110.6807
111.7036
110.8548
110.8001
111.8915
112.0692
112.2215
111.2171
111.2197
111.8396
112.3322
113.1389
112.5670
111.2147
111.6466
112.9894
113.9378
111.9952
112.1338
112.1031
113.2409
112.2724
113.1295
112.2512
113.6595
113.6428
112.9825
113.5138
112.7809
112.7143
113.3933
112.2136
111.8480
110.8241
110.6448
110.2830
112.3758
110.4071
110.5900
109.3778
110.6430
109.4651
112.1611
111.9546
112.2502
112.0505
114.1200
112.7643
114.2635
113.7519
113.5599
113.0646
112.7236
112.6895
113.3922
114.5125
112.7266
111.9086
111.0962
112.0405
113.3198
113.0361
112.2242
113.1123
113.5579
114.4244
113.0192
112.3295
114.6510
112.6964
112.0455
111.6505
112.7677
111.6733
111.1591
113.2270
113.8076
111.1730
112.1741
111.9009
111.7608
110.9181
113.0062
113.5036
113.9768
112.0947
110.7946
111.3729
113.5722
113.4274
113.6505
112.6845
113.5141
111.6618
111.5361
112.4673
113.7573
115.3096
114.8541
115.4313
115.5246
115.7344
115.1051
113.0745
113.9508
114.5238
113.8395
110.2147
111.1285
112.6854
112.4330
111.5858
111.9715
112.5906
111.4161
113.9782
112.2697
113.1587
112.3908
112.3380
111.6602
112.3145
112.0459
111.9469
109.4187
111.2190
111.0272
111.3050
111.7765
112.6168
110.8869
111.4050
110.0231
109.6667
109.7399
110.5807
111.6228
110.9406
110.6627
111.4166
111.0417
110.0073
109.9183
111.1269
109.8113
110.3743
111.8658
111.1432
110.0358
110.5986
112.1430
112.9853
112.4780
111.9917
111.6488
111.0841
112.1370
112.9963
112.5138
112.7785
112.2509
112.4744
110.3320
111.1336
110.6713
109.0970
110.7268
111.9814
110.8133
111.8552
110.1200
110.0080
110.0881
110.7592
110.1914
110.9700
110.7284
112.5027
112.1933
112.3950
112.2266
111.6846
110.5741
112.2782
113.6804
113.9769
113.6910
112.7098
113.1435
112.6674
111.0197
114.0403
112.3413
113.2469
111.1621
112.8534
112.1712
113.1349
113.0676
114.0240
113.8110
114.5933
115.3543
114.9898
114.8948
113.7875
111.7794
112.0275
111.5894
111.8011
113.0646
112.6350
111.0759
109.9841
109.6820
109.7831
109.3651
110.2662
110.6669
110.9704
109.1230
110.5241
110.2451
109.5062
108.7003
110.6922
109.5451
110.0186
108.9910
109.1332
110.3401
110.2152
109.4075
110.0239
109.7480
110.5752
108.7525
111.2006
109.9781
110.3406
111.9226
110.5533
111.7561
110.9059
111.7006
110.9532
112.2594
111.9452
112.9211
113.3013
112.0296
114.3532
115.5946
112.4538
113.9998
113.4320
113.3946
113.5269
112.5020
112.9502
111.6999
112.3452
113.3539
113.6790
111.5559
112.0415
111.2082
111.2624
111.5962
110.6041
110.7862
111.1966
111.7354
110.6465
111.4292
110.4095
110.2784
110.3888
111.2827
110.5756
109.8292
111.1653
111.9232
111.5138
111.1803
111.5033
110.5555
111.6081
109.6447
111.1978
109.9246
111.1959
111.4878
110.9081
112.0382
111.9581
111.5096
112.8924
110.7303
109.4682
110.4850
109.2876
111.0312
110.3291
109.5098
110.7102
112.7478
110.5450
108.7520
109.0438
110.4404
110.9323
108.5135
110.0242
109.8424
109.8507
107.5949
108.7064
108.1954
108.1058
107.9269
109.9244
111.7860
108.7666
109.4709
109.9592
110.1285
110.7157
110.1235
109.9184
110.7622
110.5942
113.3849
112.2116
113.0209
110.4102
111.1192
108.1658
110.3128
109.4827
108.3904
108.2691
107.5939
108.5977
107.9876
107.2880
106.5296
105.0486
105.8899
104.4961
104.8327
105.7791
103.4119
104.0332
105.7295
107.3714
106.6549
106.4145
106.7260
105.1008
104.8883
105.9482
107.8501
108.1276
106.9658
107.9867
107.5343
106.6518
106.7153
106.1340
107.1025
103.9153
106.8724
107.4361
107.7211
108.4204
107.6761
107.6726
106.4487
107.7657
106.2017
107.7151
110.2189
109.1999
108.1213
107.7310
107.0878
108.9523
109.8515
109.2254
109.3067
107.8154
108.6935
108.3634
108.4517
108.6928
107.9811
107.9079
108.1295
107.8136
108.1614
108.7004
107.5129
106.7172
106.4455
106.8016
106.0443
106.2292
104.6658
103.7390
104.4805
103.3893
101.9862
103.3236
103.1107
104.4411
103.3879
105.3807
103.4787
101.3056
101.4460
102.8221
103.3958
103.2948
103.7235
103.1380
104.2693
104.0460
104.9983
105.9602
105.3215
104.5436
104.7590
105.4153
106.0188
108.0808
107.6806
110.1860
111.3235
109.5739
110.1171
110.2542
111.0341
111.1588
110.9919
111.2568
112.7135
111.8056
110.9756
111.5393
111.6628
111.4566
112.4495
112.0153
110.9173
109.8678
109.8847
109.3597
108.6400
107.5500
107.6087
110.6219
108.3434
106.5076
108.6878
110.1018
110.8722
109.5471
109.6058
109.3403
110.0885
109.8867
110.4184
110.3129
111.6002
112.1455
112.1695
111.4414
111.5323
111.5548
110.8154
110.1811
107.4632
108.9619
106.0778
106.7998
107.2727
107.4144
109.7090
108.7443
106.5110
106.7817
107.4490
107.5318
108.0351
108.2259
108.0107
107.0364
106.9639
107.6085
110.4980
111.2163
110.2414
110.7417
108.3793
109.7872
111.4157
112.1628
111.8690
110.9257
110.6158
110.3782
108.6219
109.8753
110.4559
111.1044
110.4150
110.9553
109.2480
109.2303
108.2718
109.4711
109.5518
107.7604
108.7543
109.6827
107.8205
108.2441
106.9772
110.3152
109.7675
109.4127
107.1500
108.3800
108.3985
110.0089
110.6036
110.5164
109.1733
110.1418
107.3404
108.0859
107.9584
108.2811
110.2805
108.9070
110.8487
110.1309
110.3705
109.8755
110.2472
108.7612
108.6800
106.9552
107.0210
106.5153
105.4468
106.7442
106.2599
106.0614
106.7990
107.5934
108.1527
108.3077
109.6628
109.7840
107.9916
107.2589
107.9368
107.9083
108.3267
109.8979
109.7697
109.5038
110.5243
110.0499
107.9553
109.9805
111.7964
112.0665
111.8386
111.4261
111.3898
112.7465
111.9783
113.7083
111.5148
113.5239
113.0788
112.1998
112.8821
111.2200
111.8164
113.0863
112.2172
110.6496
109.1352
109.4958
109.9188
111.3808
111.7588
111.7797
111.0132
110.0549
109.7116
109.4612
109.4916
109.5428
110.5811
110.0470
109.3563
109.3239
109.0256
109.1385
108.2722
107.1635
109.9272
111.1661
110.9301
111.0841
110.6335
109.2232
108.9896
109.2711
109.4137
108.7104
107.2606
108.5858
107.1155
107.0706
108.9595
108.9098
109.7208
108.4530
107.1319
106.9516
105.8668
105.1338
106.7953
106.2889
106.5131
106.1502
107.4828
106.8416
107.3011
107.7318
107.9470
108.4288
107.8877
107.4503
107.6999
105.5988
107.3742
109.2162
109.3425
107.0595
108.6382
107.7908
107.9138
107.4623
107.3228
107.8995
111.0902
109.7724
109.8613
109.4931
108.4502
107.9150
108.1950
109.8166
110.2192
109.6779
108.7741
108.4340
107.3592
107.9218
109.7257
110.3172
111.0762
110.7230
110.8843
110.7347
110.7920
111.4327
110.5748
114.2536
110.9375
111.0663
111.1912
111.4502
110.6232
110.2636
111.2185
111.7248
112.5987
111.1245
111.8554
110.8519
109.6770
111.9417
112.0270
112.8008
112.7945
114.3411
114.8263
114.6990
115.9009
114.1434
114.2430
113.5101
113.8401
112.5759
112.1799
111.8274
110.5636
113.8219
114.3861
112.8853
109.8820
108.6390
109.3593
108.8634
108.4096
108.0888
109.1523
108.6535
108.8966
109.0724
108.0468
109.0336
109.2207
108.5300
108.8257
108.4186
109.1207
108.9498
109.2751
109.1216
107.7706
107.1873
107.4608
109.7650
110.5389
109.9018
109.6765
109.0322
108.1717
107.4855
109.4229
107.2819
108.4677
107.3017
109.1273
107.0816
106.5492
105.9696
105.5596
105.5572
104.1070
105.2230
106.6657
106.5262
105.2425
106.2685
109.0382
109.5049
107.8674
108.5483
108.4532
105.4842
104.9414
104.3033
104.0967
105.2238
104.3931
105.4158
106.1037
106.2910
106.4508
106.8041
105.8465
104.1188
104.9337
106.1676
106.0605
107.4740
107.8138
106.4950
107.5386
105.1957
106.2416
105.4668
105.2099
105.4674
104.8121
105.8850
105.8122
106.1826
106.4956
107.9209
106.1543
106.6930
104.5360
105.5830
106.8344
106.0111
107.4371
106.9513
107.2685
106.8667
105.2892
106.2538
108.7132
108.6767
107.2738
107.6992
108.4090
108.5778
108.6296
107.8410
106.8150
107.9148
106.0028
107.5052
107.2930
106.6868
105.2473
106.0334
107.6296
106.0420
105.6645
106.2220
105.4695
106.1342
105.5724
106.3765
106.3150
106.4026
106.4171
107.6565
106.7777
108.4087
108.4928
107.8345
105.8792
105.5417
105.2734
106.3836
105.7941
105.2755
106.4208
107.3774
106.2012
105.6083
106.3384
104.9091
104.0089
103.1070
101.2457
102.5986
102.5830
101.7733
102.3428
102.8651
101.5983
103.0251
102.9087
103.5175
103.3049
103.8036
104.8378
104.8216
104.9494
103.7655
104.5914
105.3382
104.2006
103.8266
102.0693
101.7110
101.6979
101.2198
101.5892
103.2332
104.6599
105.4367
105.0345
106.1359
104.8260
103.6653
102.8535
103.6174
102.2674
101.7544
103.3180
103.1446
103.1338
103.6918
102.8321
102.2913
102.8002
101.2672
100.6848
102.7306
102.3683
101.4488
102.7770
101.7157
101.7767
100.5615
99.5561
100.9041
101.3484
100.8039
102.7909
102.4710
102.9697
103.0731
101.5933
100.9641
102.6600
101.9208
102.5799
102.8351
103.2440
105.4303
104.4433
106.3229
106.2602
106.2117
107.7653
107.3368
107.4969
106.3909
107.1829
107.4036
107.2905
104.7752
104.9711
105.8555
105.5690
107.1998
107.2068
107.3829
106.0031
107.4263
107.6193
106.4839
104.8724
105.4334
106.1334
106.1936
106.7909
106.6234
105.6473
105.8969
107.3922
106.1054
104.9983
104.9191
104.1197
105.2137
104.3073
105.2626
105.0802
104.3988
107.5205
108.2221
107.6556
107.7449
107.9318
108.8005
107.2657
107.5138
108.9409
108.4444
107.1082
106.7186
107.4771
107.5846
107.8604
107.9920
109.1477
107.8745
108.4669
110.9402
109.9593
109.5961
109.7852
108.3049
109.5780
107.9705
107.7394
108.3418
106.0707
105.1148
105.7747
105.6050
107.0251
107.3474
108.1349
107.4145
107.8610
107.4652
107.3549
106.2801
104.9490
105.3970
107.0771
105.3308
106.3625
106.0335
107.5581
107.6479
107.5464
105.3135
106.4002
107.5926
105.9358
106.2023
106.8275
106.1660
106.4167
107.1006
106.5795
106.4539
105.5393
106.4389
105.4354
104.0743
104.0848
106.8732
106.5864
106.9947
106.0558
105.3281
106.0075
106.3583
106.7325
107.7027
106.8614
107.4829
106.8417
107.7116
107.1740
106.1938
105.8483
107.0460
105.4397
105.8574
105.6704
105.3014
104.7146
104.4901
104.0553
103.2322
102.5840
103.6252
104.0776
103.6209
105.0266
106.2606
106.3588
104.2290
105.2393
105.7180
105.6277
106.9416
107.0628
107.6418
107.2935
107.1689
108.4594
107.6217
107.4478
106.7196
106.5333
105.7292
106.9660
106.7219
106.9728
106.6573
106.9571
106.0250
107.3241
105.7674
106.5574
107.2451
107.1153
109.2121
107.6845
106.5630
106.7268
107.4480
106.8181
106.8901
106.7156
107.1022
105.7991
105.4983
105.3358
106.1110
105.5832
104.0866
103.4755
104.1127
103.3367
104.5945
105.3520
103.2232
102.9761
103.2584
103.7714
102.6965
102.3479
102.1833
101.4200
103.2329
103.4543
102.4011
103.8731
103.3682
103.3560
103.5993
105.2202
105.5980
104.9899
105.3984
104.4570
105.5226
105.9998
105.4512
105.5855
108.3267
106.5071
105.4094
105.8638
107.3380
106.6008
108.4831
107.3490
106.5651
107.8108
106.2456
106.0061
105.1288
106.4839
107.0571
107.9370
107.2961
107.9916
108.7698
106.3709
106.3027
108.3940
106.4883
106.7222
108.2563
108.4557
109.1969
108.9058
107.2081
107.6397
108.0356
105.5271
106.4493
107.5164
108.7007
108.1588
107.6410
108.3649
109.9990
110.3779
111.3788
109.0554
108.5686
107.8529
107.3838
108.0466
107.1370
108.3969
107.3972
108.2634
107.5444
109.2995
108.8318
108.3895
107.7721
107.9187
108.7613
111.3286
110.3319
109.3360
108.5322
108.3088
107.2320
108.1674
107.8573
108.9446
108.0143
109.7855
109.0633
108.0694
107.9902
107.2178
108.8097
107.7257
106.9383
106.4140
107.4234
107.8699
108.0445
109.0067
107.8335
107.1176
108.2266
108.8489
107.0932
105.7035
107.6061
106.6820
107.4558
108.7682
108.4886
107.0307
106.4587
108.2642
107.1876
108.3157
108.2202
109.0403
108.2650
107.2830
106.3432
106.1053
103.6872
105.0357
103.9628
105.2613
106.3559
105.3858
105.5519
105.3171
106.3646
104.2038
105.4207
104.5969
105.3595
105.6900
105.1495
106.0465
106.1317
107.0162
104.5460
102.9395
105.5782
105.2705
105.2676
106.7471
106.8175
105.8201
105.3830
105.6286
105.7246
105.4581
106.8719
105.6184
105.3638
104.2958
104.4971
105.1578
104.0777
104.0084
106.1387
108.0274
107.1110
108.2984
107.7482
107.5090
107.3647
108.1684
107.3170
105.3192
107.1895
105.8359
106.5544
104.8220
105.4481
106.9068
106.7218
106.8341
107.3600
105.6174
106.8032
106.0822
105.5971
105.8538
106.3430
105.2939
107.8180
107.7921
108.5019
107.8373
107.1861
106.2607
107.4050
106.9909
106.4830
105.9578
107.5550
108.4280
109.2306
107.3017
109.2185
108.4340
107.2970
108.4524
108.5913
108.0262
106.6801
107.7460
107.1829
106.8781
105.9952
105.6182
105.3510
104.4412
104.1513
104.9961
104.3388
103.4344
103.7130
104.8534
104.8366
104.9936
104.9910
103.4960
104.1453
104.7045
104.0622
104.0966
103.7991
102.0692
103.2474
103.2436
102.7781
101.3746
102.7714
102.6170
102.4615
103.0625
104.6745
103.3995
102.0973
102.3210
102.9429
104.2993
103.9546
103.3560
104.1149
103.7597
103.8032
104.2174
103.9313
103.8794
104.3029
104.0656
104.2451
104.8377
104.2338
102.8893
101.8915
102.1545
102.5072
102.2157
104.0395
103.1260
102.0587
102.8647
104.0999
103.4507
104.2506
104.0951
105.6560
105.0950
105.2478
105.4616
105.6361
105.8458
104.7909
107.5534
107.3031
105.3256
104.4133
102.6899
101.4879
101.0716
100.9617
100.3467
100.3211
100.8855
100.6329
99.2967
100.3474
100.3507
99.9409
100.2730
101.3293
102.2033
103.3028
102.2875
100.2592
102.7537
101.4572
102.1521
103.5892
105.3391
104.8222
103.6061
103.3332
104.1896
104.3263
105.7981
105.6225
105.1857
105.6712
105.6744
106.9915
108.3354
108.1629
108.2594
105.8765
106.2034
106.4405
105.3944
105.9242
106.8284
105.9255
106.9620
107.3025
107.1039
106.8186
106.6513
106.8768
107.1038
108.5029
107.3516
106.6597
107.0103
105.9042
105.0957
104.3430
105.5321
104.2560
104.2719
105.1637
104.9397
105.5443
104.4994
104.6214
104.6619
104.3918
103.5697
103.8680
103.4160
104.4844
105.2590
105.3408
105.3740
105.2166
104.3078
104.4668
105.2863
106.2925
106.4833
105.9838
105.6805
105.8317
106.8937
105.0671
104.4743
104.6644
105.0158
104.8775
103.9049
104.4065
105.7057
105.9096
105.2816
106.0292
107.0149
107.2136
106.5276
107.4569
107.5987
108.0410
108.0805
107.4962
107.2743
107.8624
106.5045
107.8159
106.0844
106.5297
108.4012
108.9040
107.5525
106.9885
107.7468
106.5794
106.1848
107.3962
106.4950
106.0540
106.1682
107.1331
105.7665
107.8758
106.2502
106.2370
106.7386
104.0741
106.0593
107.1854
107.6469
107.4705
110.2573
109.2642
110.7696
109.8260
110.1345
110.6850
110.8390
109.5112
108.3973
108.2828
106.5090
106.3343
108.9807
107.8951
107.2957
106.6192
107.3686
107.1748
107.2144
107.9278
108.1469
109.5201
109.8514
108.4404
105.8622
107.3545
108.1801
110.7240
109.4823
109.7257
110.8124
111.0361
113.1736
111.1591
111.2862
112.2614
113.7900
112.5662
113.7582
113.5571
114.2935
112.6400
111.3671
110.7557
109.8092
111.0956
110.3334
109.8385
107.3230
109.0118
109.3907
109.6601
108.0989
109.3430
107.9341
108.4121
109.5685
110.3146
112.8412
111.4214
110.1505
109.5384
109.7052
108.7851
106.8062
107.5139
108.8616
108.3156
109.9152
110.9727
109.4173
110.2149
109.6318
109.0038
110.1222
111.2241
109.6120
108.8258
107.8252
107.2747
106.1296
106.0953
105.9391
106.5042
106.1868
105.4293
105.2464
106.4639
107.2230
106.5243
103.6918
105.1498
103.4948
103.5446
104.7743
105.8748
104.3300
102.6728
103.6195
103.9744
105.2250
104.6239
105.8138
104.5040
105.3816
105.7733
105.4911
107.1271
108.1585
107.7376
108.8161
107.0631
108.8066
107.1799
106.8725
107.6112
107.9341
108.9574
107.1213
108.4501
108.7063
108.3471
106.7898
107.9109
107.7082
111.0129
109.9182
110.6919
108.2325
108.8319
109.8629
108.6339
108.8590
108.4491
109.3633
109.9861
109.9381
110.2721
110.2690
107.7781
106.9137
107.3408
105.2299
105.3422
103.6786
104.4740
106.8833
105.0718
106.1751
106.5057
105.4877
105.5214
105.5895
103.9281
104.7251
104.2065
103.7856
102.5386
103.5552
106.6968
106.5952
105.7584
104.2253
105.3561
107.7070
106.5363
105.8349
106.2303
106.3891
107.9200
107.1352
107.2450
106.5035
106.0785
106.6176
106.2749
106.9040
106.8080
106.3905
105.2720
106.0216
105.2683
105.8039
105.9585
109.1839
108.7225
109.7979
110.1335
109.6070
107.9867
107.9190
108.2574
107.5471
106.5568
106.0428
106.3000
107.0259
106.3725
106.2686
107.2260
107.8798
107.0526
106.3774
106.7908
106.6825
105.2018
106.0042
106.4621
105.8341
106.3454
105.3687
103.4457
104.7742
104.3597
104.3885
105.2387
104.8446
103.8388
103.5793
103.0240
102.7943
102.9147
100.8921
100.1465
101.6430
102.5740
103.2758
103.3354
102.1170
102.6029
102.6561
102.2207
101.8698
102.5347
103.5850
103.6024
104.5392
104.8073
104.1781
103.9707
104.3467
104.0463
104.7728
104.2488
104.5002
103.3813
102.0001
102.1759
102.0758
100.8300
99.7279
100.2281
102.4625
102.6935
102.6577
102.5668
103.6885
102.7088
102.6954
101.8022
101.5635
100.7877
99.5371
100.8928
100.4516
100.1141
98.8876
101.0210
100.9158
101.0787
101.1463
100.0944
100.0684
100.2225
100.6479
102.6400
102.0192
102.4742
101.8055
102.1657
103.4596
101.0172
102.0198
100.7331
100.1732
99.8697
99.0343
99.7875
101.2124
101.8569
102.8765
103.6091
102.3163
101.5996
102.1696
100.9858
101.9998
102.9729
103.0329
102.6285
104.6069
103.4202
103.6475
102.7055
104.4147
105.8076
105.7404
104.1009
105.2309
105.7139
105.5062
107.3455
105.0794
105.8077
104.3026
104.0648
103.7167
102.6522
103.6976
103.6555
104.2267
102.9671
102.0164
102.1435
102.0793
101.7946
103.8178
102.9407
104.5609
105.3461
104.8322
103.1575
103.4478
103.1323
104.4803
103.4313
103.9014
102.3884
103.3519
102.7232
103.3992
104.3356
104.0091
104.7277
103.9538
101.5807
102.9864
101.4187
103.9220
102.9527
102.0036
102.0772
102.7061
103.4981
104.1782
102.9908
103.4579
101.9722
102.2673
102.7727
102.8034
104.0313
102.8038
101.9903
102.6593
102.5981
101.9172
102.7857
102.2000
100.7211
102.3920
102.4028
102.2160
101.9097
105.1228
103.6907
102.7149
103.1505
103.5285
104.5733
104.1284
103.8230
105.2581
103.6194
105.4269
104.5951
103.4843
103.3181
103.5901
104.5673
102.2530
102.4735
104.9138
104.8074
102.6471
103.7670
102.1050
101.4681
101.3395
103.0093
102.6371
103.3997
101.4934
102.8587
102.4578
103.0383
100.9251
100.2697
100.9885
101.6994
100.9383
101.2198
102.3768
102.9556
103.6306
103.2687
101.7206
102.5252
102.9000
103.4294
102.4995
102.4368
101.7411
101.3641
102.0972
102.9118
101.7384
102.2378
104.1152
103.8089
103.5451
103.9192
104.8261
103.9512
101.9135
101.6541
102.6318
101.4898
101.7544
101.9390
102.9702
104.5464
104.4367
104.1253
104.4445
102.7911
101.6309
104.2171
101.5511
102.5186
101.9128
101.8311
100.8241
98.8407
98.9827
100.2137
101.6726
100.2469
99.8694
100.6439
101.9403
98.4495
101.0704
100.6395
99.5004
100.2019
100.3979
100.2044
99.6771
100.1560
101.3527
100.5735
99.8178
99.0641
99.6999
101.2926
100.6258
100.9698
101.1823
101.6555
101.1469
100.4350
100.6946
100.7585
99.9298
100.4957
102.5989
101.9217
101.9440
101.3480
102.0354
101.4210
100.8925
101.7347
102.8642
101.4814
100.7316
101.0463
101.6250
103.6837
104.1600
103.4434
103.0356
103.0171
101.9911
102.3690
102.7553
103.2385
103.2548
103.2580
102.5374
102.8579
102.2045
103.4654
103.6024
103.9140
102.8292
102.1811
101.7479
101.8065
102.3853
102.9254
101.2939
99.6797
101.9169
101.7545
103.4670
103.6533
103.0491
103.9760
103.2669
102.7332
104.0686
104.0408
102.8421
103.2385
102.5300
102.7139
102.1845
102.8206
102.0915
102.9571
103.5304
104.4845
102.2153
103.0976
102.8006
104.1691
104.1371
105.2912
105.3663
103.9437
104.3289
105.7989
105.5655
105.2223
104.6097
104.9947
104.4922
104.3710
104.9447
104.9273
104.8290
105.9431
104.1266
103.6577
106.1463
106.0444
106.2129
104.8237
105.5486
106.8418
105.0749
103.7505
103.5922
104.1539
104.9486
104.2980
104.1497
104.5881
105.1190
105.2866
106.4065
106.8214
106.9959
107.0157
106.7243
107.1542
105.3513
105.9108
105.4805
106.3413
105.9638
107.1402
106.2696
105.4940
104.3246
105.4540
106.4490
106.7421
104.6176
105.2769
106.4692
106.8810
109.2714
109.8786
108.7147
107.5488
106.7810
106.6262
105.8658
106.3220
106.6271
106.0700
106.1709
105.9929
107.0598
106.1493
105.6345
106.5533
106.2346
106.5726
107.5807
106.7019
106.7598
107.3700
108.5486
109.5057
107.9951
107.7133
108.4368
109.8720
110.5804
109.7021
108.7126
108.7736
107.5645
108.6250
108.2570
108.3886
107.8961
107.5695
106.4757
107.7100
106.1545
106.1711
105.2048
105.5789
106.4973
105.6091
104.9328
104.8086
104.3384
103.7187
102.7406
104.2528
103.8510
102.8280
103.2906
102.8368
104.9827
104.8720
104.9130
105.1446
104.1828
105.5163
105.2500
104.4457
104.3254
104.1993
104.7739
103.4339
104.5803
104.4707
104.7358
102.8977
102.3442
103.6748
103.9154
104.5850
105.5936
103.5229
103.1996
103.6215
102.9899
102.2131
102.1539
102.2742
102.3629
103.0050
103.4553
102.3198
102.4871
101.1934
101.9711
102.1423
102.1460
102.3032
102.0304
101.8648
101.6385
103.2319
103.8389
104.1113
103.1708
102.0518
101.8440
102.2063
104.2648
105.5878
103.6950
104.4789
104.0389
103.3491
104.4331
105.1937
103.9326
104.7968
103.7539
104.9608
104.1602
103.8533
104.0631
104.6146
104.7552
103.6146
103.6228
104.7903
104.4973
101.5257
101.7783
101.9877
101.8135
101.0750
102.3402
99.5082
102.6737
103.1460
103.8436
104.6011
103.9097
103.3997
103.3396
103.7904
103.2360
103.2153
103.2080
103.3309
102.4581
102.6025
104.0915
101.1109
102.1231
102.2963
101.3848
103.4020
104.0958
104.7774
105.7739
105.0468
103.3910
104.9310
105.4385
105.5656
104.9266
105.2975
103.3416
103.9952
104.3721
104.1886
104.1539
104.3668
105.9396
105.2580
104.7337
105.9155
107.1922
107.5280
106.4437
105.4934
105.6525
105.2454
105.0893
105.0191
104.2716
103.3233
103.4807
103.7302
104.7671
105.1261
105.5373
103.7543
102.7855
103.8283
101.9920
101.4867
103.9118
103.4382
103.7715
103.8708
102.0419
104.0523
102.5591
102.8211
103.6598
103.3982
101.6136
101.3868
101.3524
101.4114
103.2230
101.4615
100.0137
102.4170
100.7635
100.2586
100.2861
99.4696
99.8607
100.2507
100.8150
102.1975
103.5550
102.7954
102.8357
102.1870
102.6875
103.5999
104.2539
105.1560
103.4608
103.0284
101.2293
101.1627
103.0053
103.4617
102.0017
102.3375
101.9887
102.3328
102.3058
100.6061
101.2979
101.5410
101.0790
101.1366
101.0429
101.8003
101.7326
100.9770
101.4727
100.9921
100.9318
102.2865
102.8521
103.0049
103.5837
104.4109
104.4471
101.9028
102.9000
102.7577
102.4665
102.1771
102.7099
103.0337
101.7235
103.5587
103.6221
103.8684
105.0186
105.5214
105.8739
105.1735
105.3943
105.3128
104.2661
105.0074
104.8864
104.7390
104.0676
105.9334
106.3422
104.5847
102.1841
102.7661
106.1415
104.6957
106.5326
105.7669
106.7716
105.4841
106.7831
105.1300
104.8870
105.7924
105.9250
104.0393
103.6527
104.4013
105.0318
104.8526
102.5626
103.3097
104.3704
102.4283
103.7615
104.0447
103.9754
104.6037
102.4584
105.1527
104.3196
103.3918
101.9841
103.0769
103.2958
102.5511
104.7389
104.9575
104.3252
104.2811
104.1690
103.2567
103.6772
102.2598
102.2862
102.1837
101.6090
102.0532
102.2508
103.1601
103.8918
105.8584
105.1066
105.0211
106.2272
105.9995
105.3494
104.4654
104.7462
105.9479
106.2773
104.7629
103.8156
104.0064
103.5405
103.4976
105.4829
106.5456
105.2276
105.4803
106.6545
106.8252
106.4897
104.2535
105.9396
106.5679
104.7423
106.4998
105.5309
105.1294
107.0143
106.2729
104.3349
102.3633
103.1138
104.6166
104.2438
104.0319
103.6800
103.7986
103.6949
103.3142
104.9404
104.0503
103.4708
104.2460
105.2963
103.8850
103.4206
102.2989
103.0784
103.3018
102.1362
102.3581
101.8245
100.6889
101.8650
102.5897
103.0616
103.1293
104.7020
103.1633
103.7903
103.0932
102.5721
102.1188
101.4147
100.5591
102.9643
103.2742
102.5359
102.3836
101.5017
103.2473
103.0498
102.7786
104.1009
104.1011
103.7871
101.7730
104.6865
105.5188
104.9156
104.4814
105.0617
103.7384
104.7154
104.5977
105.1353
106.7753
105.3060
105.3719
104.8187
106.1566
107.2170
107.5847
106.9837
107.2549
107.2202
109.4131
109.7976
108.6146
108.7787
107.9217
107.3379
107.0366
108.0895
108.7862
108.2889
108.6365
107.9349
108.0765
108.1335
106.8210
107.2352
106.5470
105.7760
106.3818
106.1199
106.1356
105.8213
105.3925
104.6930
104.0189
103.5966
104.7694
104.1065
102.8426
103.0969
103.2551
103.0910
104.7035
104.4033
103.9175
105.1461
104.9150
102.9400
103.1870
102.3698
102.9218
102.7968
104.5569
105.4462
104.8596
104.0388
102.7440
102.7422
103.9168
103.7552
103.5930
102.5492
102.8082
102.2310
102.6924
102.5540
102.8046
102.3281
103.7957
103.1176
102.3286
101.7847
102.1017
102.5848
102.4616
103.0654
102.4872
102.6132
103.1756
103.3050
102.4605
103.4079
104.3563
105.2837
105.3910
103.0340
102.8638
103.0108
102.2626
101.7901
100.4223
101.4414
102.9129
103.3095
104.2878
104.5007
103.9189
102.6595
103.3979
102.4650
101.8537
101.9389
101.6982
101.0388
101.4596
101.4842
100.8462
102.3768
100.7473
102.5063
103.3061
102.8374
104.0764
102.9639
101.1547
102.9602
100.6716
100.3415
100.7222
100.0007
100.4903
100.0538
99.8717
100.8495
100.5229
101.7944
100.9214
101.8820
101.2895
101.4875
104.0036
104.0395
103.3459
104.2413
104.6735
103.1209
104.0144
103.7576
101.9856
102.9948
102.8642
102.0198
101.5846
102.3342
101.1918
101.5899
100.0728
101.8893
102.3785
102.4999
101.4052
99.6180
100.0017
100.1133
100.5430
101.8240
101.4450
101.4799
101.0816
100.0574
101.8719
100.6391
100.6374
99.3045
101.4442
103.1444
102.8923
101.7148
101.4696
100.1511
100.7880
100.9857
99.2960
99.4317
99.4577
99.5679
99.6356
101.3486
100.2345
99.6730
100.5482
99.3840
101.5603
102.7482
103.2374
102.0527
101.8230
102.1445
103.4645
104.0966
104.4331
106.9627
105.1624
105.0482
104.9122
105.3470
104.6250
105.2189
104.8444
104.7896
106.8870
104.2415
104.5720
105.7316
104.5583
106.3036
103.9793
105.1743
103.8729
104.6369
105.0454
104.0686
104.6975
105.9424
104.5436
105.8790
104.9647
105.8696
106.3362
105.4038
105.2413
104.8280
103.4901
105.1084
103.3847
104.8999
105.6839
105.7845
105.5538
105.1813
104.9613
104.7388
105.0679
105.6777
105.5401
105.9394
106.3914
106.8619
105.5938
105.5215
105.5300
105.5708
105.1904
106.2499
106.4645
107.2090
108.4355
107.3738
106.4269
104.9893
104.2213
104.1720
104.0318
103.4971
103.3136
104.9294
103.7799
102.9971
103.9410
102.5330
102.9861
102.9380
102.3157
102.8777
103.2782
103.1033
105.3570
103.6262
103.5931
103.0283
102.6311
103.2929
103.7125
104.4446
102.2777
102.5766
102.8043
102.9894
102.5611
101.2549
102.6740
103.1424
102.3671
101.8027
101.4405
101.6017
101.3501
101.2000
102.0636
100.5148
100.7351
101.7074
101.7021
102.1369
101.0571
101.9615
100.7841
100.0865
99.7732
99.3178
99.8978
99.6713
100.7945
98.9263
98.7301
98.3840
99.9210
99.2902
100.2340
100.4518
101.2107
100.2279
100.5104
100.4030
101.1494
99.1691
99.5147
99.1953
98.2247
97.8038
98.8669
98.6893
97.6110
98.8428
98.1288
98.4917
98.8130
97.5681
97.1480
98.4412
99.5703
100.3943
100.8269
100.6730
100.6887
101.6298
101.0154
99.7530
99.9735
100.8724
101.9420
101.4146
101.9054
100.5025
101.2841
100.7791
102.5253
102.0178
100.8675
100.8192
100.9784
99.4946
99.7789
98.8781
99.5619
99.6165
99.9387
98.9031
99.4362
98.1944
98.1082
99.7454
98.9099
97.3771
98.7065
98.6996
97.7649
100.0270
99.8230
98.1187
98.7577
98.3824
99.5775
100.3800
99.8522
100.1448
101.7407
101.8242
103.3133
102.0615
102.5060
101.4277
101.3240
101.8981
102.1721
102.1170
102.5375
102.8888
102.5020
101.1097
101.1057
101.8438
102.5050
102.9182
103.7124
102.9884
103.2557
100.8676
101.5899
100.2866
101.6057
101.2864
101.5294
101.0082
100.4562
100.4615
102.1103
102.1633
102.9897
102.7461
102.5598
100.6392
100.4871
101.2951
102.3442
102.5463
103.0647
102.2510
100.5113
100.4178
100.7995
101.3181
101.8205
103.6907
100.7848
99.7115
100.7255
99.6550
101.6842
100.1847
102.4058
100.8785
102.7646
102.6105
103.2359
102.0047
102.7395
102.9940
104.6595
103.8061
104.2025
102.9981
104.5433
105.1990
105.8196
104.3261
106.0004
103.3859
103.9514
103.0842
103.8979
103.6961
102.9193
102.6597
100.8400
101.6711
102.5158
102.7349
103.5356
103.2587
103.3523
103.2301
102.3243
101.5705
100.9387
100.9635
100.9485
101.9341
100.5807
100.9942
100.5401
101.2725
99.9593
101.6461
101.5898
102.9112
102.8100
103.0574
102.5247
102.7339
104.1620
103.1701
101.2500
102.4524
99.9710
101.3709
100.6264
102.1371
101.5874
101.1822
98.9636
99.6884
101.8188
100.3382
100.2286
100.8616
100.2296
100.8473
102.3154
101.3200
101.7347
101.4035
100.9719
102.6717
102.7013
102.7382
101.8657
103.3722
101.5734
100.9264
100.6208
101.4966
101.8408
101.0075
101.5506
102.3720
101.6477
102.7286
103.1529
102.3801
103.2240
103.3061
101.8916
102.3192
99.6086
100.8576
100.2102
99.8452
99.5969
100.2873
100.1061
99.7511
99.3220
99.2559
98.9413
99.1412
98.8784
99.7617
99.4352
101.5023
100.7205
99.7604
102.0110
100.5697
100.0083
100.6645
101.5712
102.3649
100.0010
99.0179
100.4593
100.1321
100.2225
100.4612
102.0548
102.4775
101.0718
102.5918
101.2078
100.9887
99.4288
100.1870
100.5511
101.1077
100.5905
101.8525
101.9700
101.6268
100.6910
100.4574
100.5214
99.8573
101.5591
100.1569
103.3412
101.8155
102.8431
102.8007
101.0490
102.1746
102.7529
101.8551
101.4039
101.1610
100.9506
101.4366
100.8797
99.7918
100.3956
100.7620
101.1707
100.7735
101.2558
102.1267
100.3506
100.3072
100.4180
99.0596
100.0898
99.9967
99.9824
101.7766
101.8770
102.4906
102.4718
102.3604
100.7400
101.5108
101.0504
100.1934
100.2807
101.7154
101.6883
100.3605
101.6869
100.5036
100.6345
100.6999
100.7723
101.7223
101.0124
99.5448
100.0030
100.4657
101.3943
99.1919
101.4978
101.0448
100.2856
100.6351
100.5053
101.0180
99.4778
99.2471
97.5451
99.8302
97.6878
99.1309
98.4145
101.5673
99.7863
98.6003
99.8606
100.4440
100.9891
102.5373
99.9550
100.5558
102.0808
100.7470
101.5066
100.8710
101.0397
99.1933
100.8532
98.0087
98.2796
99.6124
100.1380
99.6009
99.9353
100.6623
100.1086
99.0854
99.3600
99.1823
100.8221
99.7658
99.9998
99.3759
99.1475
100.4334
99.8804
100.4577
99.5752
98.7906
99.2767
97.6877
99.2199
98.3797
98.6134
98.0337
99.0603
98.4242
99.2727
99.8170
98.9179
98.1717
97.3444
97.6017
97.8454
97.0915
98.4783
99.3996
99.4440
100.6830
99.7766
99.1683
99.0714
99.2017
99.3960
99.2463
99.6387
99.6320
99.3653
99.9532
99.2999
98.8529
98.6748
100.2074
98.7139
98.7764
97.9275
97.3326
97.8011
97.7925
98.7477
98.9011
97.3293
98.0609
97.7991
97.3148
96.9137
96.1253
98.2108
98.9661
99.2040
99.5521
97.9367
99.0475
100.1597
98.9037
98.6440
97.4634
98.2308
97.4441
97.9817
97.0005
97.9746
97.0165
98.3063
96.2632
95.1413
95.6363
97.3113
97.8053
96.0245
96.7605
98.8401
97.1010
96.8938
97.9693
97.6890
97.8831
97.6962
97.4628
96.7351
96.6801
97.3456
97.0195
97.3263
97.3307
99.4366
99.5004
99.4088
99.8806
98.2854
96.8341
96.6201
96.9646
97.1261
95.4066
95.3658
94.8400
96.0698
94.1861
95.3598
95.5281
96.2339
95.5919
96.6555
95.8572
94.8381
94.4701
95.5713
95.9546
95.9499
96.7286
95.8271
97.0801
97.2325
97.9613
98.3584
97.7287
97.2522
99.7279
99.0696
99.3155
101.2008
101.3611
99.4340
98.9726
98.8360
98.3847
97.6844
98.7772
97.9793
98.6020
98.1226
97.9957
97.5270
97.7259
97.5755
96.3435
97.6060
97.4386
99.2361
99.4211
99.8622
99.2455
99.7071
99.8407
99.3526
101.7639
99.5907
99.7890
98.2372
97.4712
98.6497
98.6207
99.0799
98.6152
102.3551
101.6685
101.6354
100.6900
100.6667
101.9975
101.7900
102.4347
101.6748
102.9679
100.5345
100.4856
99.5635
99.0299
100.6817
100.3613
101.1572
100.0838
99.8201
100.6338
99.9594
100.6155
101.6969
102.7119
102.7692
102.6935
102.1633
102.9088
104.0414
104.1529
104.2539
104.0841
104.5236
103.8459
103.4655
102.2469
101.7155
102.8276
102.4591
104.1639
105.2326
104.9649
104.1706
103.3153
103.6407
102.1858
102.0253
103.7873
103.7280
103.5426
102.9537
102.3406
102.4062
102.0146
102.5994
100.4348
99.9137
98.5124
97.4633
98.4973
98.5905
99.8120
99.2957
99.5027
101.0829
100.6632
100.2192
100.2786
102.8023
100.9597
101.9121
102.0003
103.1685
102.5400
103.1252
101.7954
99.9749
100.6401
100.4376
100.5961
100.6396
100.2378
100.0365
99.0788
100.7146
100.7512
98.4076
98.5641
100.0432
98.7924
99.5702
99.3274
100.0493
99.7430
100.7586
100.2795
100.3806
100.7779
101.8736
101.7049
101.9221
102.9292
103.5542
102.3625
102.1726
102.2001
101.6746
100.5562
100.7759
99.5828
99.2974
101.0377
101.1969
102.7880
101.0164
99.0758
98.9606
100.8264
99.5019
99.4405
99.7750
99.6782
99.5659
99.8895
100.9056
100.9198
100.8693
102.7985
100.1139
100.4704
102.0564
102.1123
102.4702
103.0845
102.5886
102.3997
103.1679
102.7248
103.2740
101.0283
100.7999
99.4359
101.1848
100.7794
100.5080
100.1223
100.1807
101.6436
102.3460
99.6833
98.4911
99.2325
100.1498
98.3966
96.4990
97.5245
98.3486
100.8383
100.9229
99.6494
100.6327
99.4424
100.4919
100.5712
98.8131
99.4033
99.4065
100.6943
101.8257
100.8152
101.9388
101.8931
102.4269
102.0111
103.1529
102.5565
101.4283
101.2804
101.0732
99.4337
100.2161
100.6740
99.5302
99.6306
99.9981
99.1224
100.6732
99.5934
99.4131
98.2707
99.6145
98.8879
99.3106
97.8084
98.6470
98.0344
97.3209
98.6238
99.9138
97.8446
99.2395
98.6299
98.6454
99.0998
98.6818
99.1388
98.6919
101.1305
99.7438
98.2202
99.0795
99.9228
98.7946
98.7413
99.4273
100.5835
100.4242
100.2913
98.5423
100.2732
101.3215
100.9293
99.0307
99.5524
99.4136
97.6443
98.6107
100.1618
99.6322
100.9419
100.6391
100.0136
101.1099
101.5696
102.3350
99.8787
98.7700
98.3576
98.0649
98.9390
99.3835
98.1633
98.9711
98.6484
97.9670
98.8348
99.0443
99.9214
99.2267
99.8213
100.1351
100.6314
101.2481
100.2289
101.5129
101.9430
100.9645
99.3894
99.7748
100.0736
99.8118
100.6237
101.0392
99.8890
100.1033
100.2674
100.8136
99.7124
98.7841
100.0754
98.5721
99.2809
100.1912
98.3595
99.6364
98.5907
98.2084
99.7533
100.0759
99.5540
99.5027
99.0465
98.6732
99.0827
97.5522
98.1943
99.6608
99.4645
100.0457
99.7716
99.9746
101.0738
99.6002
100.8228
100.3978
98.4704
99.0951
97.6381
97.8755
99.2811
98.2694
97.2826
97.5109
98.9113
98.9480
99.1255
98.0691
99.3575
98.8716
98.8453
98.8150
99.3652
97.3918
99.2244
100.1689
99.1898
99.2688
97.4723
97.2726
97.9086
97.5916
98.1514
98.6938
100.0813
100.3857
101.2098
102.3160
101.1493
99.3038
99.6785
101.3481
100.3902
99.6820
100.7176
99.3266
99.6766
100.4017
98.1789
100.5525
100.7075
99.5321
99.2080
99.0920
98.2320
98.8496
99.8261
100.6631
100.0332
98.5848
99.3439
99.3903
99.0437
100.5270
100.2907
98.6504
99.1087
98.4044
99.2011
97.8994
97.9177
99.0366
98.4123
99.2928
98.0543
101.0126
101.5938
100.9530
101.6746
100.8522
100.7672
100.3683
101.1335
99.5319
100.5578
98.5451
97.3222
97.8307
97.9759
98.3812
97.6857
99.2468
99.4303
98.9474
97.5716
97.0480
96.8475
97.1772
97.2742
98.2359
98.7918
99.2262
98.3437
98.5750
97.4843
97.4224
98.9735
98.1405
97.2224
96.5658
96.4728
96.5654
96.3884
96.4556
97.6503
98.4199
96.7705
98.5073
96.6541
98.9946
98.8325
97.7959
98.2246
99.5280
98.2948
99.1561
97.7639
96.5221
97.3245
98.4998
98.8082
99.1538
98.8885
100.1496
99.2914
99.4560
98.3263
99.1350
98.9074
98.7058
98.9439
98.1839
98.3039
96.7220
96.8399
97.8439
98.4344
99.2903
98.6916
98.2847
97.8046
97.6555
97.9025
96.4714
96.3484
97.0067
95.8698
97.7561
96.1900
98.3945
96.1784
96.3450
97.9177
97.5275
97.4498
96.8092
96.0735
96.3240
96.5199
97.1556
97.0465
97.7418
99.0325
99.6986
99.8123
98.6421
100.1187
100.6913
100.9272
100.1282
99.7824
97.3542
98.0437
98.7379
98.5874
99.4905
99.2487
98.8472
98.1557
97.6587
98.7710
97.6929
98.5605
98.1301
97.3449
97.0607
96.3302
97.4984
97.3914
97.5791
98.5648
98.9834
98.4571
97.5901
97.3306
96.2676
97.1605
99.5299
99.6059
99.7139
97.0633
97.2456
98.1502
99.0068
98.8200
99.4902
99.2905
99.6194
98.6751
98.7712
98.0399
97.5445
97.8361
98.2099
98.5362
98.8656
97.5493
99.7408
97.4553
97.6167
97.7717
99.4221
98.1950
99.3034
98.0808
98.7319
97.5013
97.2104
96.7093
97.3008
98.3481
98.3962
97.1861
97.9333
96.2075
97.3832
95.7305
96.8657
97.4836
98.4249
98.3638
98.2378
98.2924
97.0444
97.8878
97.3041
98.8794
98.0365
97.8974
98.0070
97.6330
96.5745
98.2611
97.8071
98.2373
98.0493
98.0816
98.2115
100.0258
100.9115
100.2654
98.9689
100.7718
99.3880
99.1531
97.7527
98.2751
97.8997
100.5119
100.5230
100.6208
100.1493
100.4912
101.0077
100.5277
100.4622
102.6219
101.0639
101.4875
98.6953
99.7564
99.9409
99.3305
98.5463
100.2535
99.5394
100.6015
101.6688
104.0256
104.7827
102.8682
103.6939
104.5706
102.6199
102.9362
103.2973
102.2830
103.0306
104.0326
103.5458
101.9223
103.6875
104.0541
103.4967
103.2762
103.6367
103.8685
103.7121
105.5652
105.4069
106.6866
105.6098
104.7761
104.0061
105.5698
103.8158
102.9402
103.1631
102.8306
103.4300
104.3597
104.3565
102.9771
103.1256
104.2493
104.9684
105.3074
102.9456
102.6738
103.8284
104.1659
103.5261
104.9387
104.6560
103.5712
105.3043
103.6529
103.3751
103.7125
103.7779
104.3688
103.7519
105.0612
103.1625
105.6896
105.7993
105.7389
105.1366
105.6531
107.1257
107.1320
107.4771
106.6099
105.9477
103.7721
105.4798
103.3813
106.3470
103.6505
105.2736
104.9307
106.1119
104.8447
105.0860
104.8216
105.5873
104.8592
107.1180
106.3840
106.8617
105.3844
107.8597
105.9863
105.0909
105.7291
104.6435
105.8738
104.7221
103.3243
103.1434
103.8519
104.1616
104.3491
105.4220
103.9003
104.1252
104.2752
104.5955
105.7713
105.4786
103.6629
105.6907
106.6894
105.5002
106.8383
105.2412
106.2189
106.7324
104.5715
106.6575
105.7173
106.0361
106.2794
106.9799
107.8327
107.4179
107.1409
108.5385
108.6612
108.8069
108.6961
108.3668
107.6420
107.3537
107.8672
106.6426
107.1769
105.8326
104.7632
106.0679
105.4089
106.6283
106.4420
106.9589
106.5728
106.6743
105.2285
106.3355
105.3854
105.7476
108.1189
105.0845
104.8506
104.8286
106.4497
105.5569
104.6221
104.9287
105.6740
107.1853
106.3596
107.3367
106.9841
105.1303
105.0747
105.1555
104.1884
105.1814
105.4050
107.9683
105.9689
104.7956
103.8714
105.9860
104.5319
104.6280
104.9585
105.2932
103.8647
103.8005
104.2058
103.8210
103.0797
104.6379
104.5214
105.5406
105.0402
107.2128
107.1957
108.2489
107.8345
106.6829
106.8449
106.9550
106.2001
107.5770
107.0311
106.0836
107.4232
108.3944
108.0845
107.9675
105.8982
106.1679
105.8804
106.7475
105.9294
105.3038
105.8217
104.2450
103.3220
103.0108
103.7148
104.5434
103.6964
105.3314
104.8483
104.9753
105.0380
104.5452
106.6199
106.5902
107.2304
106.9723
108.1417
109.1826
108.9911
106.7836
108.3252
108.3404
108.8692
109.7865
109.3158
109.6649
109.1104
109.2583
108.2690
107.7411
108.8488
109.0543
109.8376
109.7933
107.4397
109.1614
106.8195
107.4914
107.9563
107.8440
107.3938
108.0170
107.0197
107.0131
107.9443
105.1150
107.3348
107.1615
105.5337
104.3185
103.7144
105.8710
106.0055
105.9813
108.4182
107.0314
105.8178
106.0983
105.7875
105.9321
106.1292
105.3653
105.4624
104.7055
105.5928
105.2501
105.7915
106.4306
105.1760
105.3855
106.2062
105.9529
105.8307
107.0815
106.0063
105.9796
105.4364
104.3989
105.5950
105.2643
105.8831
106.5447
105.8243
106.7420
107.2463
107.8277
105.2072
107.2808
105.9387
104.5805
106.0142
104.6466
105.2164
106.6994
106.5723
106.3090
107.5329
107.7557
107.4469
106.9717
107.8316
108.3831
108.7128
109.7099
109.2333
110.2263
110.5592
110.9886
110.2837
109.6952
107.8304
107.9200
108.4411
107.2086
106.8396
107.7281
107.7127
107.8105
104.3486
107.1276
109.6956
107.8546
108.1413
107.8849
107.4349
109.3224
109.7159
109.1447
107.7700
105.8862
106.0719
105.6453
106.3462
107.3572
106.0700
106.2623
106.0539
107.5316
105.5098
104.7039
105.2423
105.2867
105.6439
106.1807
106.0847
105.9126
107.5410
103.9620
106.3796
105.6786
105.9011
105.4256
105.9854
105.0713
105.3627
105.1321
106.2205
108.5977
108.9000
108.3969
108.9407
108.0641
109.2077
108.9544
109.0315
108.9569
108.6994
109.3125
108.4652
110.4450
108.6127
108.9483
108.9862
108.9698
109.0295
109.7310
109.5035
111.0581
110.5011
110.2833
109.0646
109.2629
107.6107
108.7393
108.2732
106.9310
107.6638
106.5193
106.9600
107.7628
108.8616
108.5534
109.1456
110.2233
109.1130
110.8532
110.8143
109.8175
111.4427
111.6173
111.3221
110.5534
111.0048
111.8192
111.2615
111.9181
113.5344
113.2409
113.2228
112.5879
112.7954
111.7032
111.7450
111.4234
110.8152
111.1045
109.6888
108.1708
109.1579
111.8284
110.2829
108.8328
109.9825
110.6816
111.5425
111.0585
111.0947
110.4193
111.1941
112.7010
111.9374
110.6446
111.3746
110.5905
109.1497
109.0298
107.8124
108.1917
107.7285
107.9428
107.4159
107.9854
107.8425
108.5798
108.2543
109.1662
107.6773
105.8717
106.7420
106.5865
106.6460
107.1658
106.6854
108.4268
106.1866
106.2825
106.6926
107.6188
107.6756
108.0642
107.7163
107.9196
107.6235
107.8956
108.5126
108.0511
106.7098
107.7894
106.5686
105.7265
107.0068
106.8240
107.4285
107.4268
109.3604
109.1817
109.1884
107.9839
108.0791
108.6467
108.7404
109.5136
109.6253
109.1769
107.4078
107.5209
108.0076
107.7527
108.5970
108.3165
108.9185
108.9279
108.8107
108.0886
108.0338
108.6468
108.2634
108.6911
108.9101
109.5543
107.4372
108.4870
108.8191
108.1219
108.7800
108.5324
107.1412
106.9631
106.4508
107.1172
107.0514
108.6695
108.2695
108.2891
108.8796
108.3180
108.7628
107.4951
107.1224
106.8408
108.0735
106.4677
106.8848
106.2608
108.1200
105.0120
105.7593
105.0059
106.7300
106.3466
107.0365
107.4908
107.4888
108.3678
110.2195
108.7806
108.4719
109.8036
108.0439
110.0783
110.7748
108.8169
107.6050
106.4687
107.8744
108.5905
107.1486
106.1445
107.1443
106.9468
107.7079
108.3168
109.8698
110.1912
109.6439
109.0776
108.9377
107.8859
107.3067
107.8563
108.1075
107.7234
107.6409
107.8690
107.6028
107.8214
106.7700
107.2614
108.7926
107.6467
110.2699
109.5381
109.0935
109.1011
107.7358
107.9271
107.0717
106.7988
106.2703
105.9316
107.6145
107.2580
108.5694
107.8514
106.6100
106.2146
107.9639
108.1577
107.3168
106.5974
105.7714
107.3994
108.1001
109.3170
109.8937
109.8662
109.1441
108.7912
111.1856
111.3052
112.4513
112.0967
110.2164
109.6783
110.9892
110.6780
110.4322
109.4912
111.8295
111.1847
110.2280
109.7669
110.5786
110.3404
110.1807
111.4901
112.5571
113.9185
112.3617
111.8555
111.2261
111.4250
110.1020
110.4619
108.6947
109.5039
109.1614
109.3441
108.1329
109.4453
111.4783
109.9479
111.0137
110.3622
112.4930
111.7305
111.3095
112.0370
110.5623
112.1163
110.4927
109.3214
109.3477
109.7731
110.4300
110.3634
113.1574
112.2991
111.9520
110.5514
110.9296
111.5491
109.2120
112.2828
111.2748
110.3112
111.2256
109.8017
109.3056
110.2668
109.7106
108.6398
108.1417
109.4833
109.8750
111.4236
109.5081
110.1814
109.8940
109.2021
108.7401
109.2673
108.0089
110.2807
110.0875
108.7208
109.0845
109.6330
110.5552
109.1234
107.9202
108.3284
110.3168
110.6268
110.4530
111.6104
111.7661
112.4057
111.5911
112.8765
110.9771
113.1513
113.5985
114.1381
114.9263
115.3292
117.0639
116.6534
113.7170
114.3542
115.6387
114.9296
113.7269
115.0844
114.6623
114.7175
114.6400
115.3632
115.5939
115.1632
115.0538
114.2062
113.8792
115.1171
113.4345
113.8505
112.9194
113.0641
113.8229
112.1074
112.5241
113.0073
113.4948
113.8391
114.4594
113.2366
115.5987
115.5985
113.6216
112.5994
111.6567
112.6183
112.0978
114.6910
113.1846
113.3931
115.3055
114.2980
115.0304
114.7452
113.7270
114.3307
112.9098
112.0950
112.8705
112.3118
112.9892
112.7429
112.9378
113.7516
113.7096
