0.7617
1.0625
0.8060
1.0829
0.7370
1.1196
1.0080
1.0771
1.1707
1.0049
1.0366
1.2078
1.3720
1.2334
1.5468
1.4418
1.8299
1.4427
1.5177
1.4565
1.5681
1.5384
1.6635
1.3560
1.0130
1.1947
0.9365
1.1806
0.9072
1.1625
1.3303
1.2304
1.2238
0.8200
1.2303
1.3741
1.4703
1.7838
1.4458
1.3355
1.0791
1.0673
1.0574
1.3241
1.0628
0.7568
0.9517
0.9742
1.3990
0.9526
1.2289
0.8667
0.8000
0.9324
1.1862
1.0070
1.3248
1.0068
1.2555
0.9311
1.1268
1.3545
0.7973
0.8332
0.9244
0.8504
0.5841
0.4964
0.8942
0.5201
0.9713
0.6425
0.5579
0.7363
1.0823
1.0532
0.7570
0.5313
0.6299
0.6984
0.6784
0.8313
0.8512
0.8159
0.6377
0.8659
0.6832
0.9089
0.7574
0.8722
0.9507
0.7952
0.8251
0.9377
0.7824
0.7751
0.8683
0.6029
0.6744
0.9386
0.8474
0.6410
0.6649
0.7984
0.7805
0.5837
0.8480
0.9740
0.9787
0.8656
0.6385
0.7011
0.7462
0.7696
0.7358
0.9187
0.9826
0.9827
1.0655
0.9926
0.8771
1.0079
1.0379
1.0639
1.2501
0.9945
0.9764
1.0983
1.1427
1.1928
1.1080
0.9893
0.9158
1.0811
1.1542
1.0162
1.1729
0.7132
1.0886
0.7027
0.6081
0.7274
0.7949
0.6603
1.0606
0.7193
0.8322
0.7689
0.6172
0.8347
0.7728
0.7438
1.0337
0.8878
1.1802
0.9470
0.9773
1.0025
1.1428
0.9562
0.8403
0.8877
0.7575
0.8696
1.0022
1.2589
1.1182
0.8838
0.9298
0.9734
1.1161
1.0878
1.0928
0.7081
1.1170
0.7716
0.9041
1.0756
0.6707
1.2086
1.3470
1.0870
1.1745
0.8415
0.8130
1.0540
1.2814
1.1232
1.4661
1.1058
1.2474
1.0966
1.0463
1.2835
1.4428
1.2491
1.5146
1.3878
1.4979
1.2620
1.2903
1.3118
1.2084
1.3131
1.2221
1.5658
1.3079
1.1395
0.8681
1.0654
1.1015
1.0034
1.1718
1.1115
0.8493
0.9639
0.7622
0.7566
0.7903
0.8680
1.1409
1.2263
1.0540
0.9184
0.9639
0.7680
1.1470
0.9328
1.2534
1.0656
0.9272
0.9610
1.1010
1.0290
0.9998
0.8995
1.2425
1.0094
1.1911
1.1483
0.9909
1.1543
0.8387
0.9013
1.1672
1.3357
1.0926
1.1558
0.9089
0.8437
0.8966
0.7748
0.7554
1.2627
0.7758
0.8094
0.7338
0.9318
0.9941
0.7862
0.9420
0.9973
0.6887
0.7240
0.9205
0.7831
0.7486
0.8737
1.1069
0.8855
0.8858
0.9622
0.8419
0.8789
0.9375
1.1848
1.0167
1.2320
1.0544
1.0507
1.0685
0.9007
1.1169
0.9266
1.2399
1.3711
1.4659
1.4578
1.1413
1.0363
1.1938
1.1413
1.0835
1.1653
1.1522
1.1164
1.4089
1.3340
0.9979
0.9860
1.1075
0.8129
0.7301
1.0347
0.9206
0.9304
1.0600
1.0080
1.0872
1.0806
1.1111
0.9745
1.0859
0.8826
1.0173
0.8924
0.5660
0.8421
0.8941
0.9573
0.8315
1.1528
0.9584
1.2978
1.4726
1.6674
1.4779
1.6130
1.5897
1.7094
1.6508
1.0482
1.3653
1.0470
1.1509
0.8218
0.9203
0.9905
1.0302
1.2718
1.0555
0.6550
0.8995
0.8925
0.7541
1.0794
1.0045
0.8996
0.8880
1.0437
0.7957
1.0174
1.0343
0.7991
0.9402
1.2090
1.2545
1.3776
1.3328
1.1622
1.1493
1.1525
1.1279
1.0574
1.0539
1.1957
1.4659
0.7908
1.1606
1.2587
1.3507
1.1292
0.9645
1.0570
1.0265
0.9584
0.8332
0.9029
1.0921
1.2873
1.0873
0.9954
1.1771
1.0260
0.8981
0.8010
0.8662
0.7998
0.9818
0.7994
0.9369
0.6100
0.8399
1.0122
0.9316
1.0638
1.0572
0.9140
1.0136
1.1817
1.0010
1.0107
0.6803
0.8454
1.0260
0.9263
0.8704
0.7020
0.8216
0.8856
1.0908
0.9212
1.0526
1.0523
1.0908
1.1418
1.0444
1.0561
1.2027
1.2153
1.3735
1.6148
1.0012
1.0736
1.1359
1.1496
0.9268
0.8328
1.0840
1.1261
1.4726
1.2329
1.4132
1.7946
1.6618
1.8655
1.3358
1.7682
1.7260
1.4071
1.4990
1.4415
1.4214
1.4456
1.5313
1.5089
1.2020
1.4052
1.7210
1.7069
1.7733
1.6496
1.6639
1.4278
1.7751
1.3975
1.2911
1.1897
1.2954
1.2216
1.1441
1.0311
0.8146
1.0325
1.1291
0.9234
1.2344
1.1309
1.0179
1.2450
1.1992
0.7994
0.9586
1.0429
1.2408
1.1002
1.1854
0.6225
0.8319
0.7779
0.8133
1.2205
1.1524
1.3779
1.1744
1.2583
0.8470
1.0327
1.0022
0.9853
0.9225
0.9356
1.1161
0.9077
1.0365
1.1122
1.0756
1.1620
1.3565
1.0437
1.1363
1.4560
1.4724
1.3318
1.5903
1.2699
1.3722
0.9499
1.1995
1.0004
1.0380
1.0665
1.2028
0.8589
1.1170
0.9806
0.9395
0.6472
0.9843
1.1720
1.2739
1.1402
1.4238
1.4733
1.5536
1.3132
1.2488
1.1903
1.3392
1.3389
1.0123
0.9511
1.0261
0.6807
0.7843
0.8729
1.5241
1.0391
0.9383
1.0517
1.4235
1.0945
1.1411
1.2292
1.4286
1.2950
1.4457
1.2287
1.5965
1.5716
1.7062
1.3296
1.7092
1.6535
1.2558
1.0345
1.4219
1.5732
1.3185
1.5139
1.1758
1.1215
1.1037
0.7851
1.2556
1.1215
1.1604
1.1927
1.1004
1.1061
1.3543
1.1027
1.1241
1.3328
1.3517
1.0686
1.1846
0.7575
0.6581
0.9384
0.9676
0.8550
0.7825
0.7645
0.9334
1.0089
0.9534
1.2586
1.5070
1.3448
1.1258
1.2215
1.0551
1.2604
1.1927
0.9911
0.9917
1.1800
0.9039
0.8614
1.2383
1.1187
1.0591
1.2903
1.1235
1.1281
0.9578
1.1827
1.0079
1.2504
1.0784
0.8637
1.1003
1.3149
1.3709
1.4021
1.1491
0.9369
1.2027
1.0978
1.0571
0.9381
1.1867
1.2281
1.2607
1.3891
1.1995
1.4370
1.0698
1.1058
1.1834
1.0773
1.0446
1.5885
1.5402
1.4545
1.4420
1.2776
1.0850
1.2194
1.2765
1.5514
1.5859
1.2797
1.7137
1.4875
1.3948
1.3809
1.2202
0.8792
1.2218
0.7533
1.2063
1.4070
1.4491
1.5342
0.9867
1.4743
1.2967
1.6254
1.5675
1.4159
1.3593
1.4145
1.5591
1.7218
1.2629
1.1562
1.0850
1.1503
1.1764
1.1755
1.3265
1.6024
1.6812
1.7962
1.7876
1.6679
1.6690
1.9607
1.8283
1.6917
1.6491
1.1318
1.1991
1.3850
0.9879
1.2629
1.1033
1.4419
1.3649
1.2849
1.5118
1.5656
1.9166
1.7436
1.4099
1.2901
1.1219
1.2713
1.2046
1.0631
1.2359
1.4615
1.1625
1.0817
1.4459
1.2337
1.1037
0.8175
1.0986
0.8727
0.9750
1.0164
1.2237
1.0085
0.8339
0.6608
0.7777
0.7785
1.2825
1.3990
1.2920
1.4478
1.3135
1.4034
1.1505
1.3388
1.3052
1.1684
1.1945
0.8625
0.8400
1.1860
1.2089
1.0489
0.8247
1.1146
0.9826
1.2196
1.2214
1.1650
1.3366
1.2063
1.1055
0.9804
0.8331
0.8834
0.9598
1.0613
0.9336
0.8722
1.1558
1.0041
1.2862
0.8974
1.0203
1.0675
1.1935
1.1897
0.9921
1.0824
0.7916
0.9830
1.0297
0.9718
1.2059
0.9996
1.0185
1.0140
0.8060
0.9269
1.0405
1.0462
0.9730
1.0941
0.8963
1.1634
0.9399
1.0273
0.9725
0.5254
0.6514
1.1930
0.8914
1.0463
1.0561
1.2446
0.8746
0.8181
1.1372
1.1777
1.0846
1.1494
0.7386
0.7142
0.7017
0.7834
0.9099
0.8819
1.1461
1.1083
1.1845
1.3368
1.2698
0.8740
0.9972
1.0305
0.8505
0.9781
0.9394
1.0892
1.4960
0.9363
0.7994
1.3078
1.1353
1.1211
0.8390
1.0438
1.2835
1.2994
1.3365
1.3669
1.5960
1.3348
1.2937
1.3800
1.1684
0.8627
0.8187
0.7947
1.1514
1.0384
1.2480
1.4782
1.6492
1.1759
0.5974
0.9238
0.8791
0.9218
0.6790
0.7489
1.1179
0.7794
0.8216
0.7539
0.6336
0.9049
0.6637
0.6499
0.8003
1.0864
0.8428
1.0022
0.7586
0.7716
0.7693
0.7142
0.9169
0.9971
1.0591
0.5632
0.5705
0.7369
0.8575
0.7913
0.6512
0.6145
0.8321
0.9764
0.5904
0.8718
0.9030
0.7547
0.7991
0.7835
0.6105
0.6608
0.7743
0.7965
1.0153
0.8880
0.9782
0.7083
0.7730
0.7710
0.9000
0.9182
0.6825
0.6506
0.6894
0.7484
0.6664
0.9580
1.0857
0.8689
1.3770
1.3481
1.2582
0.9636
0.8651
0.6344
0.5407
0.4788
0.7515
0.5564
0.5530
0.6727
0.7071
0.8194
0.6814
0.8661
1.2315
1.0200
1.1137
0.9501
1.2636
1.1083
1.2736
0.9520
1.1420
1.1099
0.9402
1.1403
0.8071
0.8453
0.7346
0.8327
0.9400
0.9985
0.9521
0.9361
0.7413
1.3341
1.3764
1.0928
1.3767
0.9958
1.4142
0.7258
0.6234
0.9798
0.8908
0.8248
1.0125
0.6715
0.7504
0.8134
0.7365
0.8886
0.6822
0.7768
0.5991
0.8504
0.9527
1.0508
1.3347
1.0551
1.0906
0.7608
0.8177
0.6998
1.1443
0.8434
1.0313
0.8269
0.5621
0.6093
0.7173
0.5541
0.5564
1.1032
0.9970
1.0220
0.7975
1.0141
0.8091
0.8547
0.7399
0.8713
0.7457
0.6527
0.7562
0.7004
0.7714
0.9583
0.9091
0.7409
0.7466
0.8639
1.1148
0.7802
0.6586
1.2054
0.8721
0.7878
1.1845
0.9714
0.7934
1.0654
1.2310
1.0101
0.8461
1.1311
0.4447
0.6230
1.0126
0.8233
0.5477
0.6476
0.5407
0.5168
0.7981
0.6453
0.3594
0.6482
0.4763
0.5251
0.6342
0.6958
0.4475
0.7587
0.6733
0.5050
0.5657
0.9769
0.8396
0.7518
0.8984
0.7041
0.9261
1.0720
1.5592
1.5674
0.9948
1.1090
0.7327
0.9959
0.6709
0.8306
0.4200
0.5249
0.7789
0.9601
0.5737
0.6796
0.4700
0.5846
0.5988
0.5403
0.6681
0.6534
0.7704
0.5756
1.2453
1.2703
1.3831
1.4475
0.6088
1.0518
0.8932
0.7931
0.6089
0.6330
0.4735
0.8137
1.0002
1.1266
0.7678
0.7765
0.9820
0.8047
0.6435
0.8710
0.8246
0.5997
0.6475
0.7969
0.8217
0.6800
0.7688
0.6733
0.6620
0.6632
0.4333
0.6190
0.9457
0.7429
0.5577
0.7048
1.1311
0.8254
1.0720
0.6831
0.7298
0.7355
0.6430
0.8315
0.5555
0.5239
0.7928
0.5547
0.6449
0.7302
0.9057
0.9071
0.7802
0.6492
0.8340
0.6982
0.6278
0.4063
0.7859
0.9370
0.8126
0.7576
0.7995
0.8632
0.8116
0.7992
0.6179
0.9423
0.5377
0.7249
0.4804
0.8884
0.7632
0.6266
0.7403
0.6577
0.5446
0.5738
0.8259
0.5245
0.6567
0.6335
0.6916
0.5207
0.4634
0.7953
0.4287
0.5610
0.5710
0.5249
0.4646
0.7421
0.8314
0.8289
0.8052
0.8529
0.5043
0.5729
0.5653
0.7575
0.9370
0.9965
0.9775
1.2457
0.9457
0.8966
1.0308
0.7744
0.7487
0.7392
0.6094
0.6742
0.6930
0.5197
0.7963
0.5940
0.4115
0.5831
0.5000
0.5728
0.9856
1.0229
0.7825
0.5096
0.7233
0.7499
0.9510
0.5425
0.8045
0.7610
0.5548
0.7775
0.8642
0.9451
0.7600
0.7381
0.9047
0.8711
0.9180
0.8117
0.8729
0.9128
0.5830
0.9445
0.5860
1.1841
1.3101
1.3817
1.2674
0.8220
1.1230
0.7884
0.4874
1.0501
0.7108
1.0217
0.9846
0.3758
0.7641
0.9201
1.1158
1.0777
0.5871
0.8032
0.6137
0.5655
0.9033
0.9268
1.1592
1.4678
0.8899
0.8781
0.8280
1.0397
0.7767
0.7792
0.6784
0.8180
0.8844
0.6496
0.8668
0.7139
0.8543
0.9311
0.7463
1.2044
1.0193
1.1446
0.8514
0.7158
0.8563
0.9413
0.9066
1.0805
0.9632
0.7650
0.9522
0.9853
1.0999
0.9645
0.8730
0.8496
0.8362
0.9376
0.6681
0.8253
0.6442
0.7120
0.7310
0.9526
0.7780
0.6952
0.7731
0.8311
0.7798
0.9864
0.6849
0.7447
0.5543
0.9442
0.7608
0.7320
0.8798
1.0407
1.1633
1.0052
1.0875
0.9024
0.7419
0.5105
0.6763
0.9151
0.7207
0.5875
0.8506
0.9086
0.7875
0.9391
1.0754
0.8654
0.8871
1.0274
1.1094
1.1552
1.0801
1.1914
1.1278
0.9383
0.7459
0.9969
0.9311
0.8446
0.7464
0.7879
0.5856
1.0177
0.8598
1.0733
0.7261
0.7449
0.8424
1.0066
0.8427
0.8166
0.8848
0.7021
0.7599
0.7091
0.7620
0.6044
0.9658
0.8355
1.1077
1.0777
0.9954
0.6748
0.8063
0.7584
0.6529
0.7766
0.9166
1.1475
0.8827
1.0557
0.8998
1.1364
1.0220
1.0507
1.0152
0.8154
0.5448
0.7041
0.6458
0.6049
0.8054
0.6668
0.6753
0.3559
0.7682
0.9992
0.8679
0.8353
0.5598
0.8118
0.7789
0.9472
0.8580
0.6594
0.7877
0.5967
0.6207
0.7377
0.7263
0.8759
0.9414
1.0082
1.2031
0.8666
0.8490
0.9289
0.6340
0.8459
0.9728
0.9314
0.7464
0.8634
0.5174
0.4686
0.7179
0.8093
0.6157
0.8366
0.8979
0.8170
0.7569
0.8499
0.7340
0.5484
1.1323
1.0007
0.7501
1.2016
1.2807
1.0586
0.8930
0.8588
0.8043
0.9360
0.8123
0.8589
0.7645
0.7456
0.7739
1.1379
0.8614
1.0554
0.9650
0.8680
0.7712
0.9420
1.0459
0.7518
0.9383
0.9093
1.0797
1.1546
0.9367
0.8552
0.9757
1.1204
1.2083
1.5274
1.1296
1.3247
1.2215
1.2516
0.8946
0.9216
1.1085
0.8405
0.8856
0.7022
0.6766
0.9200
0.8490
0.8533
0.6602
0.6323
0.7426
1.0958
0.8858
1.5209
1.0156
1.0369
0.9037
1.0841
0.9934
1.2448
0.8554
0.7684
0.8236
0.7745
0.7221
0.8325
0.6966
0.9533
0.8256
0.6957
0.8138
0.7484
0.6640
0.7293
0.8507
0.7849
0.8701
0.7961
0.7284
1.0010
0.7099
0.6111
0.8445
0.7378
0.8262
0.7245
0.7529
0.8069
0.9619
0.6965
0.6214
0.8117
0.6487
0.7083
0.5883
0.6999
1.0207
1.0775
0.8833
0.7308
0.9138
0.6765
1.0216
0.7126
0.6674
0.5389
0.5618
0.5082
0.6063
0.5039
0.5931
0.4823
0.6838
0.9556
1.1002
0.5713
0.5511
0.5313
0.5429
0.6176
0.4090
0.5254
0.6287
0.7378
0.9649
0.5200
0.5302
0.6480
0.6813
0.6234
0.5470
0.8708
1.0097
0.6474
0.4942
0.5188
0.8900
0.6403
0.5920
0.6781
0.5844
0.5267
0.7224
0.7215
0.6922
0.6755
0.7361
0.6729
0.8417
0.7803
0.6404
0.7428
1.0415
1.1039
1.0672
1.0432
1.0406
0.7486
0.6606
0.4132
0.5741
0.5147
0.9135
0.5999
0.8183
1.0020
0.4878
0.7625
0.7251
0.5611
0.7064
0.7147
0.5144
0.8739
0.9896
0.5648
0.4644
0.7327
0.9193
0.7654
0.6831
0.7529
0.6181
0.8120
0.9796
0.9372
0.8719
0.8615
0.7020
0.9354
0.6242
0.6243
0.7458
0.8230
0.6594
0.7802
0.6922
0.5309
0.7082
0.8428
0.9674
0.8593
0.9328
1.1498
1.5296
1.1002
1.0909
1.1197
1.1255
0.8903
0.9233
1.1140
1.1173
0.9638
0.7088
0.7497
0.9238
0.9716
0.7025
0.7325
0.7668
0.8460
1.0839
0.7236
0.7951
0.6785
0.9101
0.8648
0.7390
0.6030
0.5531
0.3383
0.9723
0.7330
0.5951
0.9181
0.7336
0.5268
0.6760
0.4659
0.6116
0.8589
0.5375
0.4893
0.4838
0.7662
0.5212
0.5015
0.6395
0.6136
0.7353
0.7258
0.6806
0.5943
0.6234
0.7641
0.4052
0.4014
0.4995
0.4790
0.6323
0.5552
0.7532
0.5708
0.7374
0.7096
0.5106
0.4974
0.7995
0.8167
0.5715
0.6481
0.6547
0.6526
0.5725
0.7557
0.6449
0.6700
0.9393
0.7887
0.4674
0.7180
0.8518
0.9259
0.7907
0.9057
1.0640
0.8073
0.9126
1.1540
1.0518
0.8678
0.8289
1.0353
0.8148
0.9205
0.8622
1.1057
1.0538
1.2547
1.0320
1.0596
1.2799
1.5038
1.1934
1.7548
1.5647
1.7988
2.0480
1.7293
1.9640
2.0156
2.1698
1.8163
1.6844
1.4219
1.0058
1.1781
1.2349
1.4232
1.2819
1.4108
1.3850
1.3243
1.2031
1.3813
1.2774
0.8926
0.8771
0.9852
0.9551
1.1013
0.8822
0.7563
0.7257
0.8380
1.0666
0.8586
1.2843
1.0444
0.7184
0.9165
0.9943
1.5116
1.1265
1.0256
1.1426
0.7832
0.7167
0.7082
0.5983
0.5459
0.6180
0.7363
0.7695
0.7628
0.7870
0.8488
1.0249
0.7863
0.7616
0.7703
0.6026
0.7381
0.9264
0.7168
0.8553
0.6287
0.6783
0.5110
0.7122
0.7315
0.8297
0.5668
0.6848
0.6384
0.6209
0.7426
0.7753
0.7714
0.5431
0.7656
0.6793
0.6755
1.2470
0.8601
0.6760
0.7644
0.7445
0.6718
0.6064
0.7027
0.7800
1.0339
1.1074
1.2623
1.1291
0.9926
0.6674
0.5955
0.7057
0.6098
0.4999
0.6259
0.6450
0.5250
0.8786
0.7784
0.7766
0.8479
0.9263
0.6298
0.6619
0.7395
1.1429
0.9457
1.0518
0.8093
0.8154
1.0110
0.7457
0.5710
0.9252
0.9813
0.7384
0.8884
0.8188
0.6843
0.6264
0.6393
0.8153
0.6112
0.6939
0.5753
0.6211
0.7139
0.8249
0.9581
0.8221
1.1716
0.7100
0.8879
0.7663
0.6289
0.9186
0.8457
0.8023
1.0679
1.0285
1.0803
0.7690
0.7193
0.9058
0.8193
0.8480
0.7089
0.6506
0.7476
1.0374
0.7856
0.7501
0.8623
0.8050
0.9515
0.7970
0.7202
0.6902
0.8637
0.7046
0.7597
0.7167
0.7285
0.6486
0.7038
0.5761
0.7806
0.6325
0.5619
0.6553
0.7787
0.8014
0.8911
1.0648
0.7037
0.9823
0.6612
0.6150
0.7270
0.7321
0.8310
0.7375
0.7932
0.5396
0.8999
1.0191
1.1399
1.0389
0.6311
0.8029
0.5705
0.7692
0.5944
0.6739
0.9609
0.4996
0.7913
0.5104
0.6577
0.4522
0.6551
0.6206
0.7418
0.7352
0.8014
0.8692
0.6255
0.5530
0.5831
0.5725
0.8526
0.7783
0.6150
0.9344
0.7730
1.0447
0.6645
0.6960
0.8011
0.7733
0.7259
1.0592
0.8904
0.9765
1.0456
1.2623
1.1719
1.1780
1.1278
1.0876
1.1572
0.7469
1.1645
0.7576
0.6632
0.7943
1.0340
0.9449
0.7257
0.7441
0.5367
0.7130
0.5481
0.6582
0.8846
0.9038
1.0286
0.9958
0.9846
1.2774
0.8996
0.8120
0.8987
1.0289
0.9928
1.0038
1.2748
1.1540
1.3863
1.3292
1.1746
1.1933
1.3423
1.2512
1.0992
1.2850
1.1806
1.1527
1.1971
1.2447
1.0103
1.7742
1.4425
1.4413
1.9212
2.0637
1.7661
1.4962
1.4039
1.5040
1.6938
1.4117
1.2342
1.5794
1.2303
1.2791
1.3249
1.0809
1.1082
1.0514
1.4721
0.9627
0.7761
0.7619
0.8986
0.9323
1.1782
0.8425
1.1272
0.8650
1.1055
1.0052
1.1084
0.6920
0.6602
0.6266
0.9482
0.6105
0.7293
0.9262
0.6089
0.8262
0.8169
0.6263
0.7373
0.6350
0.5530
0.8104
0.9078
1.1653
1.2984
1.0149
1.2704
1.7626
1.4991
1.3014
1.3783
1.2988
1.3963
1.0997
0.7839
0.6107
0.5061
0.6367
0.7101
1.2343
0.8009
0.7076
0.6720
0.6505
0.6401
0.6664
0.7641
0.8300
0.8561
0.8335
0.8741
1.1315
0.7828
1.3219
0.9598
0.7282
0.8760
0.7293
0.8181
1.0053
0.8580
0.8312
0.7311
0.9003
0.9259
1.1196
1.0055
0.6209
0.8193
0.8806
0.7861
0.9441
0.9575
0.6686
0.8751
0.9654
1.2074
0.7076
0.6573
0.6745
0.6838
0.7116
0.5037
0.7543
0.6515
0.6413
0.8041
0.6440
0.7261
0.8006
0.9098
0.9982
0.8840
0.8200
0.9639
0.5882
0.7489
1.0276
1.0450
0.9307
0.7875
0.9334
1.5008
1.3918
0.8545
0.9446
0.8732
0.9552
0.8016
0.8970
0.6964
0.6783
0.8076
0.9335
1.0856
1.0871
1.3013
1.2331
1.1688
1.2292
1.2349
0.7975
1.0990
1.1271
1.2450
1.0735
1.5320
1.3895
0.9739
1.2447
1.4918
1.0370
1.2245
1.2031
1.8044
1.4289
1.6984
1.5406
1.9619
1.7693
1.8207
1.7587
1.3652
1.3512
1.4498
1.4553
1.2926
1.5449
1.3175
1.5114
1.1979
1.5867
1.1940
1.2332
1.2476
1.1391
1.2500
1.1114
1.2177
1.3013
1.1525
0.8727
0.9208
0.9194
1.3163
1.2044
1.0331
1.4627
1.1593
1.0714
1.6115
0.9787
0.7607
0.6818
0.6068
0.8769
0.5328
0.6818
0.8502
0.8311
0.7911
0.5544
0.4854
0.7039
0.7230
0.7823
0.6328
0.7145
0.6866
0.8252
0.6749
0.8177
0.8411
0.7940
0.6526
0.6659
0.6582
0.5842
0.4455
0.8120
1.0450
1.2182
1.1833
1.0519
0.9117
1.2200
1.3344
1.4694
1.1978
0.9357
0.8915
0.5797
0.8026
0.7543
0.9118
1.2131
1.0980
1.0993
1.3512
1.1652
1.3737
1.0636
0.9840
1.3923
1.3556
1.3907
0.8874
1.0472
1.0413
0.8529
1.1074
0.7443
0.8248
0.7488
0.9493
0.6980
0.8449
1.1820
1.1826
1.3032
1.5200
1.7098
2.1349
2.0188
1.6578
1.6614
1.2857
1.0587
0.9428
1.3004
1.3515
1.5416
1.2648
0.9620
1.2697
1.2244
1.0850
1.1979
1.2480
0.8542
0.8639
0.8975
1.0383
0.6822
1.2343
1.1821
1.0455
1.1335
0.9126
1.0980
1.1998
1.0579
0.8111
0.9155
0.9960
0.6861
0.6881
0.8077
0.6622
0.9255
0.9600
0.9299
0.8820
0.8293
0.9695
0.9462
0.9042
0.9208
0.8537
1.0459
1.2642
1.1964
1.2493
1.0117
0.9816
1.1934
0.8226
0.7411
0.7562
0.6190
0.9734
0.8893
0.7011
0.6741
0.7790
0.8176
0.8408
0.7114
1.1149
1.2924
1.2760
1.5625
1.4177
1.3545
1.2436
1.2267
1.3385
1.1400
1.2774
0.9958
1.1677
1.2188
1.2820
1.3538
1.3931
1.1259
1.1136
1.2786
1.1804
1.2918
1.2717
1.6967
1.4326
1.6869
1.7812
1.6673
1.4655
1.5065
1.7935
1.3112
1.5205
1.5882
1.4092
1.1811
1.1500
1.2045
1.0090
1.1689
1.2537
1.1508
1.1659
1.0191
1.0903
1.0088
1.0907
0.8891
0.9273
0.8926
0.8680
1.1184
0.9814
1.0843
0.8029
0.9900
1.2514
1.2924
1.0156
1.2150
1.4264
1.2950
1.2794
1.3510
1.0456
1.4351
1.0422
1.3022
1.0233
0.8102
1.0184
1.2186
1.0897
1.1763
0.7819
0.9348
1.0255
1.0191
1.1358
1.1621
1.1708
1.1754
1.1283
1.2372
1.4501
1.3752
1.3121
1.3148
1.3096
1.0755
1.0768
1.3774
1.2414
1.2849
1.1851
1.1390
0.9018
0.9562
1.2923
1.0946
0.9275
0.7991
1.1319
1.1911
1.3289
1.1394
1.2332
1.0152
1.3740
1.2024
0.9875
0.9551
0.9637
1.0195
0.9753
1.1461
1.3976
1.0749
0.8818
0.9946
1.0252
1.0720
1.0270
1.0459
1.0446
0.9607
0.8599
1.0059
1.0552
0.9807
0.7281
0.6808
0.7419
0.9499
0.9961
0.8701
1.3075
1.1283
1.3196
1.1728
0.8293
0.9726
1.0806
1.2003
0.9362
1.1146
1.1388
1.0821
1.0085
1.4376
1.2061
0.8280
1.1051
1.2589
1.0897
1.1383
1.0054
1.0711
0.9224
1.2875
1.1797
1.5649
1.1132
1.2378
0.8541
0.8769
1.3019
1.1114
1.0509
0.9787
0.8430
0.6019
0.8363
0.6669
0.7940
0.9732
0.9270
0.9022
0.9706
0.9636
1.2613
1.4744
1.1037
1.1936
0.9593
1.0630
1.1406
1.2696
1.2340
1.2025
1.1192
1.0961
1.3109
1.4151
1.0940
1.0405
0.8283
1.2920
0.9145
1.2827
1.1344
1.2047
1.2302
0.9183
1.3255
1.3473
1.7142
1.8375
1.6939
1.6877
1.4717
1.4014
1.2697
1.1842
1.2028
1.2288
1.0413
1.0220
1.1343
1.1426
0.9996
1.1596
1.3028
1.1075
1.0287
1.0917
1.0324
0.8711
0.9962
0.9326
0.9389
1.0503
1.1483
1.2545
1.0754
0.8940
0.9112
0.9922
1.1672
1.0009
0.9709
1.0925
0.9688
0.9135
0.7293
0.7142
0.7272
0.7291
0.8002
0.8867
0.6511
1.0831
1.0765
1.1007
1.2713
1.6494
1.6259
1.7595
1.8822
1.7740
1.5524
1.7752
1.6514
1.4455
1.6690
1.5730
1.4005
1.3412
1.2094
1.4170
1.2646
1.3013
1.1858
1.2357
1.3167
1.3958
1.5478
1.3502
1.3568
1.5705
1.6864
1.6317
1.7633
1.4930
1.7271
1.7962
1.3601
1.2029
1.4221
1.0151
1.3410
1.2180
1.5682
0.9854
0.8660
1.0511
1.3290
1.0698
1.5821
1.4886
1.2804
1.2198
1.4620
1.5533
1.5829
1.4044
1.2553
1.3708
1.4543
1.4583
0.9751
1.1233
1.1811
1.2881
1.3676
1.3035
1.7823
1.5772
2.0764
1.9586
1.9759
2.0846
1.8945
1.6127
1.4519
1.0990
1.0311
1.2099
1.3005
1.2898
1.2530
1.3354
1.3316
0.9859
1.1997
1.0175
1.1778
1.1756
1.2179
1.3162
1.1298
1.1503
1.2334
1.5121
1.6720
1.7984
1.3619
1.7600
2.1344
1.9386
1.8381
1.7943
1.3413
1.4140
1.5859
1.3471
1.2796
1.3116
1.3311
1.2143
1.2283
1.5307
1.5526
1.3693
1.2096
0.9340
1.4633
1.2124
1.2824
1.5078
1.4069
1.3162
2.0455
2.1127
1.3976
1.5289
1.3757
1.6578
1.8170
1.9287
1.8660
1.6347
1.5203
1.5079
1.4820
1.5289
1.8091
1.7023
1.4314
1.6853
1.5043
1.5545
2.0254
1.7201
1.1107
1.3584
1.1860
1.5121
1.9083
1.8121
1.3835
1.1583
1.1257
1.1364
1.3865
1.5060
1.6054
1.4321
1.7000
1.5795
1.8905
1.9280
1.6925
1.9171
1.9358
1.8532
1.8158
1.7672
1.3293
1.6925
1.3842
1.1153
1.2246
1.1674
0.9887
1.4251
1.3044
1.5147
1.3859
1.3832
1.3126
1.3564
1.3115
1.1948
1.4518
1.6030
2.2445
1.4186
1.3873
1.3110
1.3654
1.2693
1.3097
1.3774
1.2451
1.7153
1.3982
1.4238
1.1387
1.2043
0.9931
1.0086
1.1624
1.0058
1.3284
1.4062
1.2463
1.1412
1.0985
1.3601
1.3145
1.3033
1.7734
1.5267
2.2147
2.1762
2.3306
2.0202
2.0642
1.8669
2.0009
1.3053
1.5250
1.6090
1.8705
1.4238
1.6152
1.7659
2.0501
2.1203
1.6786
1.5966
1.9030
1.9032
2.0473
2.2144
2.1662
2.1047
2.2423
1.9491
2.2095
1.9678
1.9147
1.6758
2.0759
1.9530
1.6542
1.7056
1.6328
1.5795
1.4954
1.5385
1.3073
1.3312
1.5553
1.4593
1.7302
1.6882
1.4482
1.5578
1.3572
1.0624
1.1877
1.6124
1.7839
1.4713
1.9697
2.0926
1.6216
1.8283
1.8499
1.5446
1.2531
1.3302
1.3415
1.5200
1.6492
1.2418
1.3221
1.3777
1.2409
1.2516
1.2145
1.0556
1.1142
1.1638
1.1580
1.5229
1.5033
0.7963
0.7095
1.1079
1.1011
0.8768
1.1747
1.0131
0.5955
0.9564
1.0921
0.6796
0.9127
0.8480
1.0624
0.8892
0.9505
1.0486
0.7620
1.3011
1.3042
1.4219
1.0924
1.0557
1.3252
1.4057
1.3427
1.0863
1.2300
1.0124
1.1030
1.4195
1.2647
0.8974
0.8504
0.7990
0.8656
0.7130
0.7104
0.7803
0.8256
0.8700
0.7927
0.7072
0.7748
0.8080
0.9888
1.3275
0.8793
0.8952
1.1601
0.7771
0.8192
0.9726
1.1992
1.4249
1.3190
0.8491
1.1720
0.9662
1.0729
1.2306
1.0478
0.7353
1.1190
0.6615
0.9060
0.7915
0.5978
0.6884
0.5674
0.6771
1.0299
0.9856
0.9384
0.7927
0.7851
1.0797
0.9417
1.0476
0.8294
0.8089
0.8944
0.9795
1.0601
0.9763
0.8369
0.8590
1.2840
0.8779
0.9655
0.9733
1.1133
1.2140
1.2787
1.2892
1.5191
1.0795
1.0528
1.1393
1.0307
1.0163
1.2228
1.5588
1.3331
1.3503
1.2859
1.2090
1.2518
1.2477
1.0299
1.2926
1.0041
1.2343
0.9090
1.0479
1.0152
1.0660
1.3752
1.2966
1.0279
1.0997
0.9484
0.9882
0.8754
1.3208
1.3649
1.2020
1.2556
1.2279
1.3206
0.9050
1.3910
1.5244
1.2594
1.5962
1.4161
1.2501
1.5229
1.2230
0.9302
0.9781
0.9247
0.9412
0.8952
0.9233
0.9359
0.8428
1.0795
1.3574
1.0924
1.1851
1.5775
1.0916
1.5748
1.3622
1.2381
1.6000
1.1906
1.2797
1.0087
0.8752
0.9994
1.0530
1.0682
0.7443
0.6734
0.8587
0.7000
0.6334
0.9941
0.9311
1.1567
1.3083
0.9669
0.9015
0.7988
0.8941
0.7772
0.5748
1.1528
1.0473
0.5576
0.9416
0.8232
0.8273
0.5124
0.9970
0.9920
0.6847
0.6786
1.1069
0.7187
0.5794
0.8937
1.0620
0.7590
1.0397
0.8610
1.1663
0.7893
0.9142
0.9480
0.8801
0.8525
1.0663
0.9125
0.8962
1.0458
0.7685
1.0434
1.1386
1.1885
1.3620
1.6210
1.0582
0.8448
0.7039
1.0864
1.0006
0.6567
0.8041
1.0147
1.2113
0.8865
1.0610
1.2450
1.2858
1.1871
1.1301
1.0081
1.3485
1.2896
1.0066
1.4147
1.0140
0.8434
1.0743
0.9622
1.0764
0.8680
0.9166
1.2441
1.3976
1.3127
1.4321
1.1657
1.0596
1.0376
0.9527
0.9677
0.7129
0.6573
0.8657
0.9248
0.7076
0.5886
0.9165
0.8792
0.8783
0.7004
0.7860
0.7819
0.6276
0.8057
0.9389
1.0635
0.6187
0.8274
0.8453
0.6076
0.6325
0.9085
0.6366
0.9781
1.0345
1.0293
0.7197
0.6371
0.7993
0.9508
0.8763
1.2197
1.1918
1.0187
0.9988
0.7653
0.7533
0.9820
0.8922
0.8559
1.0229
0.9996
1.0012
1.3541
0.8420
1.0423
0.8022
0.6935
0.6811
0.6621
0.7632
0.9676
0.7806
0.8459
1.1807
1.4876
1.3130
1.3124
0.9258
0.8721
0.9902
0.6721
0.8642
1.0823
0.7941
0.8677
1.0708
1.2417
0.9302
0.9423
1.0268
1.1050
1.2255
1.5947
1.6950
1.5485
2.1090
1.7676
1.4083
1.3392
1.2130
1.6466
1.0061
0.8872
1.2635
1.6632
1.1149
1.5676
1.3695
1.6730
1.3074
1.3290
1.2253
1.7226
1.2827
1.1993
1.0895
1.0802
1.1401
1.2790
1.4972
1.1835
1.3878
1.0694
1.6465
1.5713
1.4769
1.7861
1.5737
1.1952
1.1942
1.5887
1.3831
1.6124
1.4266
1.2812
1.0824
1.0590
1.2730
1.5279
1.1656
1.4924
1.6390
1.6374
1.2594
1.0116
1.1452
1.5306
1.4534
0.9679
1.1334
1.2697
1.4118
1.5822
1.0135
1.1413
0.9563
0.8215
1.3235
1.0434
1.0672
0.8053
1.1672
1.4771
1.7230
0.9882
0.9990
1.2856
1.2490
1.2388
0.8339
0.7001
0.5363
0.7803
0.6888
0.6705
0.7664
0.8659
0.5246
0.5299
0.6619
0.5936
0.6044
0.9887
0.7523
0.6861
0.5947
0.7428
0.9943
0.9495
0.6246
0.7101
1.0437
0.8596
1.0913
1.4137
1.2987
1.0516
1.2444
1.0653
0.8632
0.9601
0.7540
1.2628
0.9923
1.1514
0.9678
1.2308
1.2229
1.2855
1.5396
1.0658
1.1828
1.2256
0.9232
0.8930
0.9682
0.9498
0.9334
1.0813
0.8536
0.7564
0.9765
0.9411
0.9643
1.2278
1.3229
1.4587
0.7981
0.7191
0.6840
0.8704
0.8203
0.9047
0.6933
0.8695
0.7110
0.9890
0.7408
0.7960
0.6538
0.5673
0.8204
0.9902
0.9222
1.1489
1.1560
0.8229
0.7312
0.7028
0.5729
0.5433
0.6774
0.7323
0.5272
0.7549
0.5656
0.6028
0.6392
0.5685
0.4265
0.5429
0.5372
0.6059
0.6717
0.6602
0.8416
0.8388
0.9534
0.7602
0.7011
0.5512
0.7057
0.8406
0.6912
0.6166
0.5212
0.7074
0.5277
0.8605
0.8294
0.9842
0.7787
1.0162
0.8402
0.9174
1.1114
0.7923
1.1761
1.1504
1.1688
0.7729
1.2445
0.7730
0.7350
0.7976
0.6749
0.7977
0.7262
0.7714
0.8587
0.9215
1.1097
1.0639
0.8768
0.9108
0.9167
0.6969
0.6753
0.6704
0.5259
0.5995
0.7358
0.6942
0.6682
0.8238
0.7326
0.6087
0.7150
0.5464
0.6400
0.8034
0.6585
0.8415
0.7942
0.8513
0.6854
0.9008
0.8196
0.6352
0.6702
0.6905
0.7405
0.9226
0.7815
0.8835
0.6089
0.6275
0.7805
0.7335
1.0686
0.5386
0.5968
0.7734
0.5732
0.5625
0.8732
0.6815
0.9883
0.8747
0.7647
0.9204
0.7961
0.7601
0.6646
0.5040
0.5956
0.6384
0.7929
0.6016
0.8534
1.0039
0.8548
0.8061
1.1521
0.9992
1.5260
1.1171
1.3541
1.2822
0.9839
1.3370
0.9747
0.7780
0.9172
1.0674
0.9174
0.8405
1.1284
1.3160
0.9458
0.7232
1.1448
0.7087
0.4789
0.8720
0.6547
0.9727
1.1022
1.1735
1.0370
1.0721
1.1568
0.9424
0.8695
0.8105
0.7973
0.8673
0.8935
0.8549
0.7179
0.7263
0.5281
0.6545
0.6733
0.7487
0.5593
0.5460
0.7327
0.6012
0.7410
0.7553
0.8508
0.5576
0.5160
0.6141
0.5801
0.7828
0.6757
0.9646
0.8026
0.7988
0.8225
0.7408
1.0279
0.8642
0.6227
0.8021
0.8029
0.7520
0.8399
0.9027
0.5692
0.6492
0.7745
0.6738
0.5981
0.7661
0.7726
0.6833
0.7758
0.6380
0.8213
0.7405
0.7816
0.7146
0.5298
0.6752
0.7715
0.6864
0.8088
0.8144
0.5616
0.6035
0.6528
1.0977
1.2244
1.0100
1.1082
1.0869
0.6666
0.6362
0.7065
0.7546
1.0128
1.0345
0.9427
0.9032
0.9985
0.9111
0.8223
0.8048
0.8867
0.5625
0.5987
0.8052
0.6758
0.9598
0.6724
0.6562
0.6472
0.8690
0.5942
0.7008
1.0189
0.7952
0.8801
0.9441
0.7748
0.9799
1.0927
1.2295
0.9585
0.9198
0.6271
0.8574
0.5374
0.5937
0.9154
0.6144
0.9660
0.7412
0.6259
0.7590
0.8872
1.0329
0.8563
1.1490
1.4150
0.9933
0.9342
0.9134
1.1543
1.2191
0.6926
0.6897
0.8306
0.8404
0.7343
0.9973
0.9642
1.1437
0.9631
0.8865
1.0688
1.1388
0.9700
0.9068
1.1545
1.0742
0.8143
1.2249
1.3661
1.5508
0.7944
0.8415
0.7973
1.1309
1.0798
1.2123
1.3572
1.4485
0.8695
0.7963
0.9547
1.3192
0.8155
0.9971
1.0701
1.0321
0.9911
0.8166
0.9950
0.7906
0.7485
1.0205
1.0223
1.0273
0.8258
0.8898
0.8650
0.7329
0.9748
0.9898
1.2319
0.9654
0.9972
0.8297
0.8097
0.9830
0.7735
0.9768
0.9114
0.9024
1.2042
0.8413
1.0686
0.9206
1.0880
1.1958
0.8541
1.0228
0.8395
0.8556
0.8581
1.2399
0.8255
0.9366
0.7735
0.7071
0.8086
0.6663
0.5722
0.8417
1.0069
0.8148
0.7543
0.5833
0.5433
0.7659
0.8688
0.6253
0.7955
0.8477
1.1181
1.0068
0.8879
0.9659
0.9565
1.0269
0.7974
0.9313
0.6594
0.5322
0.6998
0.7923
0.8591
0.8229
1.0119
1.0110
1.0017
1.4007
1.6593
1.3353
0.8633
0.9297
1.2673
0.6776
0.9003
0.5041
0.8260
0.8677
0.8243
0.6770
1.0210
1.2495
0.9410
1.3174
0.9511
0.9967
0.8502
0.6856
0.8410
1.0116
0.7049
0.9238
0.9344
1.0327
1.2873
0.9592
0.7809
0.7831
0.8204
0.5632
0.6972
0.6653
0.6511
0.6548
1.3599
0.8215
1.1729
1.0686
1.0814
1.1200
0.8712
0.7103
0.6314
0.7156
0.5404
0.5584
0.8572
0.8213
0.8422
0.6937
0.9581
0.8795
1.1552
0.9893
0.9643
1.0950
1.2477
1.0776
0.8433
0.9307
1.1432
1.2807
1.0389
1.0221
0.9055
0.8098
1.1080
1.2160
1.3620
1.3030
1.5007
1.5623
1.4392
1.1867
1.2538
1.2048
1.5824
1.8660
1.4413
1.4613
1.4621
1.3951
1.5233
1.6672
1.6689
1.6636
1.8543
1.6864
1.2101
1.3634
1.2388
1.1630
1.2149
1.4442
1.1746
1.0070
0.8797
1.3972
1.4691
1.1656
1.2106
1.3014
1.5223
1.2652
1.2493
0.8532
1.2106
1.3219
1.1108
1.1814
1.0025
0.7751
0.8271
0.9837
0.9434
1.1460
0.9769
1.0189
0.9675
1.1358
1.2504
0.9998
1.3245
1.2393
1.3949
1.5193
1.4584
0.9967
1.2430
1.1518
0.7974
1.3821
1.1340
0.7192
0.8599
0.9646
0.8446
1.0280
1.3198
0.9965
0.7105
0.8662
1.1650
1.0687
0.9974
1.3502
1.1853
1.1364
1.2811
1.8154
1.8699
1.3198
1.6224
1.2349
1.6322
1.7428
1.4570
1.7705
1.4612
1.6214
1.5071
1.3846
1.5341
1.5435
1.1871
1.6379
1.8799
1.5795
1.6544
1.5135
1.8443
1.9711
1.7099
1.6063
1.8715
2.2043
2.2595
1.8002
1.8920
1.8255
1.8027
2.3410
1.9263
1.7281
1.9092
1.9802
2.2146
1.8411
1.2459
1.4367
1.7147
1.8036
1.8222
1.8247
1.7112
1.5113
1.6137
1.5745
1.5476
1.4678
1.6922
1.6910
1.5387
1.8864
1.7292
1.5344
1.6892
1.7333
1.2336
1.6503
1.9712
1.6509
1.5565
1.6073
1.8430
2.4071
2.3132
2.0467
2.3848
2.5188
2.5892
2.4331
2.6993
2.4393
2.2036
2.2297
2.0816
1.6386
1.6611
1.9860
2.2458
2.3732
2.8646
2.7485
2.9659
3.1429
3.3467
2.6976
3.2443
3.0282
2.6482
2.8403
2.4476
2.3122
2.4207
2.1717
2.5229
1.7110
1.7446
1.7715
1.6953
1.6622
1.6281
2.0816
2.0227
1.9512
1.9805
1.9511
1.9285
2.2193
2.5758
2.2513
2.4408
1.8361
1.6557
1.4741
1.1319
0.8539
1.3872
1.0324
1.5033
1.3434
1.3430
1.1517
1.2278
1.2557
1.2399
1.4611
1.6469
1.8257
1.6565
1.5447
1.4791
1.5128
1.2208
1.3017
1.2997
1.3912
1.6760
1.3795
1.6609
2.0711
1.6528
1.6202
1.6891
1.4156
1.9606
1.5888
1.4507
1.6393
1.4915
1.5061
1.6300
1.2201
1.5477
1.2592
1.2481
1.2479
0.5566
0.7820
1.0420
1.2357
0.8965
0.8375
1.3066
1.3050
0.9774
1.0642
1.0851
1.4768
0.9962
0.9453
1.3685
0.8483
1.2696
1.2423
1.1783
1.2754
1.0618
1.3078
1.4766
1.4491
1.4321
1.7462
1.8271
1.8561
1.1053
1.4723
1.3397
1.7375
1.6048
1.6851
1.3794
1.4210
1.6953
1.7518
1.8054
1.5368
1.2842
1.8006
1.4294
1.2750
1.6259
1.2832
0.9777
1.2383
1.0906
1.0169
1.1438
1.4661
1.5869
1.7611
1.2323
1.3790
1.2881
1.5282
1.1761
1.2725
1.5118
1.4284
1.2289
1.3656
1.5358
1.3222
1.6355
1.8318
1.0918
1.1833
1.4587
1.6560
1.5621
1.3142
1.1550
1.3755
1.2696
1.2925
0.9191
1.1007
1.0901
1.3392
1.0517
1.4547
1.3589
1.3637
1.3192
1.4552
1.6116
1.3985
1.3855
1.2865
1.0608
0.9101
0.7487
1.0752
1.1297
0.8869
0.8777
0.6975
0.9418
0.9666
0.9811
1.0765
1.0182
1.0721
1.1516
0.8945
0.7516
0.9043
0.7052
1.0866
1.2218
1.7077
1.6475
1.6286
1.8619
1.5290
1.5473
1.2975
1.4671
1.0890
1.3236
1.2250
1.3641
1.2136
1.5147
1.5180
1.3049
1.3418
1.0850
1.4122
1.3577
1.1590
1.2903
1.4707
1.5681
1.4515
1.0510
1.1269
1.4104
1.4713
0.9644
1.1991
1.4216
1.0735
1.1161
1.0819
1.4324
1.2674
1.3008
1.4927
1.4770
1.1448
1.2192
1.0280
0.9647
1.1128
1.2271
1.0624
1.0259
1.0369
1.0539
1.2472
1.0139
1.1763
1.2348
1.2380
1.4483
1.1863
1.0915
0.8333
1.1421
0.9794
1.0709
1.1918
1.0680
0.9936
1.0285
1.0175
1.2496
0.7913
1.0093
1.3284
1.1607
1.4791
1.2586
0.9558
1.2353
1.0778
1.0651
1.2618
1.2325
0.9669
0.9435
1.1114
1.3206
1.4671
0.9908
0.9785
0.9525
0.9345
0.7258
1.0097
0.8689
0.8095
1.2574
1.1338
1.1763
1.2451
1.3506
1.1612
1.2947
1.0743
1.1673
0.8961
1.1022
1.4413
1.3409
1.2160
1.6202
1.2388
1.3781
1.2390
1.4127
1.3640
1.4891
1.0944
1.1774
0.9940
1.0068
1.1180
1.3702
1.2647
1.1773
1.3583
1.0187
1.0749
0.8756
1.1381
0.8060
0.6525
1.1936
1.2416
1.3793
1.2141
1.5180
1.2809
1.0899
1.0257
0.8551
1.1863
1.4849
1.7398
1.6575
1.4560
1.2043
1.4562
1.2179
1.1172
1.1743
1.1011
1.0549
1.2317
1.2671
1.1468
1.1966
0.8756
1.0514
0.9963
1.0683
0.9438
0.9658
1.4269
1.7838
1.6451
1.9315
1.8823
1.2157
0.9181
0.9745
0.8434
0.9879
0.9321
0.7058
1.1026
0.9687
1.5099
1.0781
1.5408
1.6043
1.4827
1.3025
1.2635
1.0486
1.2044
1.0224
1.0969
0.8290
1.3560
1.2443
0.7696
1.1277
0.7928
1.0524
1.0153
0.7533
0.8085
0.6441
0.9985
1.0223
0.7086
1.0383
0.9306
1.2115
0.9802
0.9096
0.7793
0.8458
0.9487
0.7091
0.4916
0.7907
0.8231
0.7744
0.7158
0.7462
0.7148
0.9794
0.8232
0.9318
0.7434
0.8211
0.6404
0.6500
0.7463
0.7760
0.8551
0.9135
0.6555
1.0993
0.9180
0.6352
0.6650
0.8522
0.6603
0.7990
0.6824
0.7788
1.0306
0.9951
0.9073
0.8991
0.6790
0.8266
0.7458
0.6366
1.2529
0.8079
0.9749
0.9028
1.0521
0.7017
0.6769
0.6480
0.5939
0.5217
0.6667
0.5855
0.6914
0.8495
1.2523
0.8857
1.0415
0.8422
0.9632
1.2293
1.1216
1.0301
0.6030
0.8049
1.1661
1.0436
0.9010
1.3178
1.2421
0.8436
0.9317
0.5363
0.8348
0.5786
0.6339
0.8660
0.4908
0.8578
0.8490
0.7089
0.7047
0.9598
0.5915
0.8288
1.1104
0.5864
0.9710
0.7561
0.5764
0.9649
1.0811
1.2590
1.4019
1.1602
1.0193
0.8653
1.0456
0.8521
1.1793
1.2486
1.2371
0.9089
0.8896
1.1057
1.1226
1.3154
1.5947
1.7423
1.7152
1.7756
1.3226
1.1817
1.1414
1.2910
1.2605
1.1703
1.4561
1.4401
1.0490
0.8267
1.0167
0.9253
1.0820
1.1026
1.3933
1.0730
1.0790
1.2859
1.5723
1.4736
1.6672
1.5841
1.4669
1.3985
1.4081
1.2137
0.8232
1.0030
0.7453
0.7667
0.7083
0.6360
0.7027
0.8455
0.6685
0.8055
0.8994
0.8374
1.0358
0.7350
0.9214
0.7658
0.7531
1.0690
1.1296
1.0163
1.4100
1.2828
0.9628
1.0384
0.9999
0.8301
0.7283
0.6293
0.6472
0.6837
0.8910
0.7883
0.5946
0.9761
0.5518
0.5101
0.7241
0.6453
0.6602
0.5771
0.6738
0.7217
0.7047
0.6427
0.9102
1.1452
1.0345
0.8312
0.6454
0.6257
0.9473
0.7634
0.7478
0.7536
0.6370
0.7152
1.0557
0.7053
0.5977
0.4756
0.9559
0.7673
0.8931
0.9315
0.9023
1.2319
1.1712
0.8542
0.8537
1.1102
1.2107
1.2976
1.1876
1.0625
0.9381
0.8155
0.9502
0.9766
0.8966
0.8888
0.8353
1.0308
1.0996
0.8847
0.6682
0.6099
1.0453
0.7234
0.6147
1.0106
0.7183
0.9932
0.8050
0.8306
0.8934
0.9444
0.9950
0.7395
1.0219
1.2717
1.2110
1.1135
1.0971
1.3262
1.0860
1.3043
1.0510
1.1158
0.7933
0.9126
1.0563
1.1610
0.9716
0.8522
0.9325
0.9569
0.7736
0.7234
1.1590
1.3075
1.4728
1.3974
1.4804
1.3104
1.2433
1.3073
1.3527
1.1967
1.1641
1.1277
1.3289
1.2910
1.1907
1.2350
0.9834
1.0552
1.2912
1.0329
1.1491
0.9713
1.0361
0.6364
1.1245
1.1633
1.0277
0.7652
1.0918
0.7609
1.0433
1.3602
1.1331
0.9479
1.0470
1.1202
1.2767
1.1960
0.8861
0.9200
0.8115
0.8084
0.9578
0.7636
0.9173
0.7398
0.9940
0.7585
0.8288
0.9343
0.8029
0.8187
0.8097
0.9199
0.7266
0.9586
0.7141
1.0611
1.0147
0.8891
0.6473
0.8946
0.9779
0.8186
0.7709
0.7804
0.7247
0.8700
0.7505
0.9357
0.8664
0.8242
1.2039
0.8754
1.2248
1.3370
1.0973
0.6599
0.7030
0.5714
0.6159
0.6973
0.5561
0.6595
0.5679
0.4089
0.5553
0.7929
0.7797
0.8693
0.7744
0.5279
0.7543
0.8277
0.7235
0.5993
0.6713
0.7743
1.2099
1.1629
0.9822
0.9359
0.7186
0.9707
1.0190
0.8403
1.0760
0.8993
0.9171
1.0262
0.6070
0.6438
0.7034
1.1540
1.0392
0.9257
1.0668
0.9351
0.8749
1.1275
1.0331
1.2078
0.9758
0.8806
1.0162
0.9974
0.8046
0.9633
0.7724
0.7272
0.8751
0.6672
0.5778
0.4994
0.7817
0.7732
1.1245
0.9825
0.7408
0.7538
0.8952
0.9725
0.8662
0.7918
0.8060
0.7634
0.7515
0.6932
0.7848
0.7890
0.9006
0.8127
1.1017
1.0342
0.8155
0.7537
0.7410
0.4695
0.8337
0.5091
0.8700
0.8566
0.6944
0.4445
0.8044
0.6797
0.4762
0.7661
0.6651
0.7843
0.4825
0.7265
0.6700
0.7185
0.9655
1.0508
0.9691
0.8020
1.0133
1.0913
0.8667
0.9089
0.8753
0.7463
1.2082
1.3263
0.8532
0.8603
0.8004
0.8321
0.6319
0.5806
0.6737
0.8361
0.6541
0.6824
0.6757
0.6763
0.6131
0.7854
0.7315
0.8140
0.7806
0.9154
0.8433
0.9558
0.9070
0.8508
0.9349
0.7374
0.9295
0.7829
1.0778
1.1122
0.9894
0.7903
0.9237
0.9003
0.6811
0.8282
1.0416
0.9811
0.9322
1.2185
0.9699
1.0562
1.0137
0.8458
0.8000
0.8486
0.7637
0.8025
0.6744
0.6936
0.7464
0.9266
0.8964
1.0739
1.0482
1.0710
1.0829
0.9557
0.7410
0.8020
0.8506
0.6811
0.6989
0.7509
0.6031
0.7556
0.8011
0.8472
0.7491
0.8088
0.9180
0.8098
0.5955
0.7666
0.5035
0.6572
0.8802
0.6608
0.5850
0.5393
0.6154
1.0399
0.7027
0.7813
1.1188
1.1427
0.9963
0.8633
0.5913
0.9134
1.0720
0.9018
0.9896
0.7160
0.9016
1.0494
1.0785
1.0399
1.1251
0.9001
1.1933
1.2413
1.0798
1.0739
1.1264
0.8907
0.9689
0.6842
0.9653
0.8629
0.9115
0.9786
0.7662
0.9199
0.8789
0.9725
0.9380
0.8464
0.8790
0.7445
0.6450
0.5548
0.7223
0.8231
0.8661
1.0519
0.8965
0.7588
0.8649
0.8654
0.8261
0.9451
0.7988
0.7482
0.9563
1.0290
0.8330
0.6579
0.8802
0.7727
0.7001
0.6498
0.8412
0.9853
0.8971
0.6805
0.7977
0.8861
0.6001
0.7061
0.7550
0.6799
0.7931
0.9052
0.8535
1.1895
1.1679
0.9494
1.0621
1.1892
1.3374
1.4573
1.2127
0.8890
0.9857
1.1140
0.8873
1.1093
1.0760
1.0806
0.9175
0.8127
1.1806
0.8741
1.0316
1.1136
1.0279
0.9585
0.7539
0.9857
1.0799
1.0758
1.4297
1.2549
1.4083
1.3004
1.2152
1.4210
1.0598
1.1622
0.7418
0.8107
0.9057
0.6416
0.6763
0.6957
0.7890
0.7605
0.7917
0.7842
1.0667
0.9269
1.0648
1.2887
1.0736
0.9846
0.9757
1.4662
1.5074
1.5492
1.5164
1.2347
1.0705
1.3489
1.3315
1.2421
1.6075
1.6320
1.5126
1.6367
1.5764
1.5537
1.9566
1.8843
1.8454
1.4205
1.7237
1.5400
1.5056
1.4128
1.2791
1.0173
0.8915
0.7944
1.0339
1.1023
1.6455
