79.6457
79.5149
78.5078
77.3159
78.0127
76.6396
77.2686
76.8090
76.5774
77.1264
76.7334
78.3848
75.9840
78.0968
77.8431
77.9270
78.5903
78.4934
78.0849
77.5424
78.5244
79.3295
78.9701
79.2153
79.1792
78.2545
77.7411
77.9616
78.8631
79.6620
79.9638
78.8856
78.4094
78.3300
79.8007
77.9393
78.5624
77.0790
77.1892
77.5113
76.4514
77.1772
77.7371
76.9770
77.7232
78.5782
78.6829
78.6592
78.6343
79.7446
78.6758
79.4264
79.0509
80.2772
80.3335
79.1691
78.8584
78.4985
77.9929
78.2205
77.5124
78.5735
77.1873
78.7506
80.2366
79.5553
79.1087
79.0087
78.4220
79.6981
78.4286
78.6646
80.3415
79.3056
79.8856
79.9897
78.8930
77.8039
78.7926
77.6393
77.1278
77.5682
77.7338
78.0059
77.3250
77.2382
77.4382
77.8138
76.6601
78.2344
78.6846
77.8865
77.9107
78.2188
78.1841
78.8975
79.2057
78.2016
77.6407
78.2704
79.0940
77.7266
76.5138
77.4604
78.3782
78.2452
78.2529
78.3502
77.9374
78.9269
78.0359
78.9073
78.5361
79.3008
77.9541
77.7113
78.4769
77.2437
79.0316
77.2252
76.5027
77.3288
76.7627
77.2678
76.6438
75.5083
75.7995
75.3484
76.9800
77.3013
77.8362
77.9275
78.3976
78.6915
78.1364
78.1865
78.7110
79.4401
79.0213
78.2273
77.9890
79.0030
79.2640
79.8991
79.3791
79.3680
80.5613
81.7231
80.8991
81.3273
80.8380
79.6747
79.8241
79.5764
80.8022
80.0511
80.8695
80.7446
80.5458
80.3270
81.7075
81.5119
81.3259
82.5434
82.3873
83.0689
82.5578
83.3585
82.2559
82.7641
81.9055
80.3521
80.7347
79.3031
80.6965
80.6856
79.3263
80.9885
81.5111
81.6257
82.3817
83.9467
83.2865
82.3229
83.9030
84.5899
85.5609
86.1308
84.1520
83.3902
83.0106
85.2515
85.2797
83.2822
85.0902
85.2040
83.4151
83.9514
83.7166
83.9901
85.0467
85.4133
84.4773
83.2434
82.9142
83.1599
81.4729
82.1473
82.3177
83.7908
83.9973
83.5443
83.4244
83.9246
84.4472
84.6041
84.2359
83.8428
85.7457
83.1209
82.8370
82.7524
82.0938
82.8788
83.3402
83.7288
82.8372
83.6689
84.4433
82.0930
84.2230
82.0739
83.0463
82.3789
83.2846
83.8367
83.1842
83.2437
85.1295
84.8385
85.0496
84.3688
84.3909
85.5299
84.8908
85.5920
85.7456
87.0824
87.4937
86.3880
85.2735
84.9441
85.8570
85.2595
86.6572
86.7115
84.8570
85.5747
85.2947
86.0290
84.0827
86.0194
85.1285
84.5378
85.8126
86.5951
85.1958
86.6011
86.8887
85.9252
86.1550
83.9692
85.1610
85.0397
85.2949
84.7385
84.9478
85.4871
84.1791
82.0542
83.0717
82.2605
82.6409
83.3749
84.7258
83.4340
83.3558
84.7224
82.9410
82.2780
80.8862
81.9327
81.0382
79.9807
78.8701
78.9594
78.0263
79.0723
79.6557
80.5170
80.1555
79.5688
79.9220
78.1827
78.4107
79.5974
78.3493
78.9244
79.0351
78.3853
78.9822
80.3429
80.3274
80.1103
81.5205
82.8552
82.4409
82.5906
81.9061
83.7537
82.4194
80.7293
81.3949
81.9629
83.5732
82.0004
83.2151
84.1312
84.1684
82.4216
83.3151
83.5731
82.9528
82.7468
83.8313
83.2547
83.8548
82.0633
82.5677
84.1005
84.3199
85.9847
85.0280
83.9065
84.1251
84.5249
83.4085
83.4355
84.4153
83.2875
84.4999
84.5070
85.4670
85.8275
82.5724
84.7881
81.5785
81.3421
83.0257
85.0028
83.9869
82.8477
83.3484
83.9472
83.8380
82.9003
83.7621
83.0570
81.7957
81.0371
80.6552
81.1323
79.9550
81.2642
81.1513
78.8478
79.4148
81.1539
80.1590
81.1542
81.3338
80.5733
80.0013
80.6691
81.9594
82.0854
82.0678
81.8519
81.6027
81.1408
80.0660
78.5976
80.5262
79.9912
79.9474
80.3753
81.1779
81.6356
80.1602
83.1435
81.2359
82.7600
81.6003
82.2328
81.9262
82.2436
79.8919
82.1481
80.7128
79.9889
81.9550
82.1754
81.1388
81.6184
82.7621
82.3945
82.8759
83.9245
82.9548
84.0313
83.2183
83.6014
81.6657
84.1128
83.3617
83.5160
84.4200
85.1696
84.1317
83.5067
82.3896
82.7041
81.8015
81.9674
82.0743
82.8085
81.5625
82.5336
83.2349
82.5622
83.0354
82.3887
81.5198
82.9899
81.4721
82.8272
82.0269
81.9216
81.2699
82.2020
80.5116
80.6165
81.4376
82.8217
82.1249
82.5856
82.0076
81.9629
80.7042
79.5590
80.2105
79.5841
79.8485
80.9093
80.6817
81.7394
81.5214
80.9875
81.6695
78.3371
78.8245
78.9943
81.0946
81.3470
81.3605
79.0814
78.0368
78.8654
80.7653
81.2227
81.4683
82.4774
81.9916
83.5032
83.8345
84.6322
83.9813
84.1616
84.4896
84.2208
82.1319
82.0055
82.8608
83.3832
84.3515
83.4149
84.4721
83.4469
83.8951
82.1060
82.6923
84.1605
83.8381
83.4171
83.5353
83.5562
82.8275
83.1296
82.4619
82.6702
80.5269
81.5666
79.6860
80.2917
81.0429
80.2717
80.7244
80.1402
80.4701
81.4707
82.1198
83.2724
83.5177
84.2559
83.2032
84.3019
84.1420
84.2487
83.5376
82.4575
81.2362
82.3036
82.2307
82.8172
82.9005
82.7822
84.1712
84.1074
84.1980
84.1200
84.9804
85.4521
83.4815
85.0564
83.5952
83.0215
83.2715
83.9632
84.3509
84.4018
82.4893
84.8415
82.6638
82.5181
80.6260
82.3338
82.2810
83.0844
83.5621
81.9170
83.0229
83.0936
84.4406
83.2275
82.7152
82.3916
81.9532
83.5417
83.1657
82.3596
83.5326
83.5348
83.5113
84.4054
84.0814
84.3018
82.3485
82.4425
82.0113
81.2704
81.6882
81.4549
80.7772
81.3480
81.2493
80.8633
81.4760
79.4958
78.8499
79.3380
79.9285
79.3605
81.4269
80.2272
79.3021
80.4066
80.8641
80.6532
80.6410
81.8504
80.3619
80.9298
79.7185
81.6766
81.1562
82.7263
82.8695
82.0466
80.6428
81.8946
79.7283
79.9214
80.4872
82.3187
82.0633
82.0187
82.7331
83.9023
82.2485
83.7729
83.7391
84.0792
82.2535
82.1085
81.4903
81.6380
80.7772
80.8772
80.9212
83.0112
83.5637
83.4643
81.8934
83.7567
81.7429
82.0707
80.6987
80.0196
81.3111
80.9266
81.1170
80.1579
80.7454
79.5773
81.7361
81.2974
82.8086
80.9482
81.6354
82.0708
80.4879
80.2612
80.3153
79.7184
79.8469
80.0899
80.5327
80.6272
80.4810
80.2545
80.6914
81.5206
82.3586
81.7930
81.2168
81.8156
81.6119
80.0360
82.0314
81.9140
81.0084
83.0120
82.0913
80.9684
80.3137
82.1251
82.5406
82.1762
83.2850
83.0669
83.3731
83.2998
81.7803
82.0512
81.9077
81.4559
80.7880
81.5251
80.9416
81.7183
81.5659
81.2386
82.1761
82.0122
82.6939
83.3520
83.7863
83.1703
83.4362
82.3406
82.7952
82.3881
81.4669
80.9419
80.5908
81.8349
82.1528
82.0758
81.9132
82.5026
82.3944
80.4091
80.4668
82.5411
82.4579
80.6375
81.4786
82.0625
83.6015
82.7077
82.4381
82.6382
84.7572
83.9670
85.3930
83.9346
83.7882
84.2605
83.6391
83.9146
82.9712
84.9774
85.4181
83.4010
83.9426
82.4641
82.7233
84.6585
83.8979
83.1047
83.1752
83.7160
83.2116
83.6864
83.8913
83.6437
83.6381
85.1579
82.8745
83.5566
82.5575
83.6312
83.5038
83.0760
82.1982
83.4487
83.9969
81.4201
83.2236
81.6208
80.2022
81.6747
80.6006
80.6148
81.0622
81.6834
79.7292
80.0686
80.6612
81.8459
81.3538
79.4502
81.3420
80.3900
80.4210
81.6515
81.9965
83.0375
82.9714
81.8860
80.6045
80.3012
81.9207
80.1118
80.6939
79.2162
79.7783
79.4050
80.4093
80.9506
80.1570
79.1367
78.1442
78.2075
77.4167
76.8617
77.6282
78.4654
78.1032
78.9501
78.5958
80.2847
80.4163
82.2018
79.9497
81.2064
82.0735
82.5486
82.1419
82.3105
82.1785
82.2566
81.3452
82.0576
84.0095
82.6316
83.2062
81.7735
80.7464
80.2478
79.3644
79.1627
77.9965
78.9568
79.5833
80.4534
80.5050
80.7608
81.7736
81.8788
82.7977
81.1827
80.4856
80.4628
80.2587
80.3972
79.7369
78.8821
80.2918
80.6092
79.9542
81.0608
80.2998
80.5153
79.8477
79.9597
81.0908
81.7093
82.0387
81.5836
81.4894
80.7758
81.7577
82.2705
80.2367
81.0790
81.0308
80.1858
79.8315
80.6084
80.3018
79.3571
79.9121
79.6771
79.6203
79.8300
79.7002
77.0243
80.0121
78.2351
77.8416
78.5227
80.1100
79.3457
78.4752
81.2532
79.5334
77.8366
78.2555
77.9469
77.6367
76.4808
77.2575
77.4576
78.7424
79.9174
79.1419
79.5818
78.0811
79.0585
79.2993
80.3041
79.0768
80.4660
78.4881
78.0645
77.9378
77.1188
77.4930
77.7308
78.7841
77.9126
78.0324
78.3253
78.4883
77.7874
78.3132
77.4755
79.1465
78.9313
80.7509
81.2621
80.1999
79.8336
78.6521
79.7186
78.5529
79.8472
80.9188
78.6048
79.3064
78.8458
77.4558
77.3995
77.1308
76.9472
75.7690
75.9944
76.4857
78.3385
76.5377
75.5786
77.4242
77.3297
77.9427
76.2266
75.8657
75.6640
76.4015
75.3231
75.6996
76.4793
76.6712
77.0239
76.9219
75.6549
76.1598
75.6065
76.5803
76.2392
77.2428
76.2235
76.1319
74.0586
74.4667
73.7769
74.9356
72.6506
73.3271
74.4657
73.4827
73.3624
74.5644
75.2056
75.0036
76.3726
76.1856
75.4978
74.7154
73.8801
74.6013
73.6623
74.1552
75.9554
76.3212
77.2846
75.1536
75.6525
73.6684
74.6948
73.3429
74.5122
75.7001
75.1917
75.9304
75.3257
76.0555
76.4655
75.9753
76.2500
75.4467
75.2848
77.6686
75.4585
76.2899
75.9725
76.5596
75.5071
75.6593
76.5096
75.8233
76.0511
77.6722
77.1264
77.1447
76.9864
77.7609
79.3015
77.4625
77.0828
75.6911
76.5518
76.6521
77.4487
76.8648
76.4726
78.1136
78.3324
80.7770
79.0544
78.2590
78.6995
78.6000
78.8738
79.8061
78.3916
78.7036
77.0171
77.9835
77.4060
79.1925
78.5437
79.0336
79.4530
80.0504
78.8462
79.4333
78.5206
77.6277
78.1882
78.7148
79.5870
79.2654
78.7598
79.3322
79.4406
79.9896
80.2588
81.3659
80.9964
80.5524
80.4667
80.3691
77.3817
77.3577
78.7562
78.7637
78.3822
79.5500
79.6581
79.2256
78.7951
77.0663
78.5443
79.2438
78.6065
77.8798
77.9389
78.0413
78.2557
78.5047
80.4854
79.5153
79.4377
79.5545
78.3559
77.9613
78.0058
77.4780
76.1765
76.6956
76.5581
76.2986
76.1127
76.3176
78.7179
76.5268
76.8027
76.6462
75.7748
76.3553
75.4103
75.4728
74.5689
75.5486
75.4165
74.6940
77.0143
76.1373
74.1738
73.5257
74.4058
73.2036
72.4787
72.7721
73.5732
73.6877
72.4243
73.6867
72.7376
72.9774
73.4989
72.5143
73.9505
72.8743
74.9132
75.8217
73.7482
75.4279
76.5648
75.1355
76.2461
75.4351
75.8336
76.0589
75.1677
75.7422
76.5722
76.1013
75.9671
74.7575
74.9423
75.1002
74.5138
75.6064
74.6080
74.3349
73.6829
74.2025
74.4832
74.8122
74.0914
73.7549
73.1330
73.9175
74.5202
74.7260
75.2307
76.3657
74.9147
74.1462
73.6569
75.7235
74.4195
75.9890
73.7285
73.7116
74.4012
75.7250
74.8752
76.6065
74.0881
73.9237
74.0979
73.6731
74.0692
73.7393
74.4310
75.2146
74.6944
76.7558
75.8080
76.6188
76.5843
77.2341
77.4249
77.0122
76.5859
76.9624
77.7923
78.3290
78.7910
79.2459
75.9996
77.6564
78.3493
79.6325
77.4647
78.9624
76.5790
78.2348
79.2818
78.8032
78.4657
78.1603
78.3395
78.5323
78.7970
77.7363
78.0891
78.2788
77.3489
77.2839
76.8042
77.4952
77.4455
77.1289
76.0485
77.6290
76.6861
76.5106
75.4428
75.4244
75.8235
76.1463
75.0760
75.4260
75.4804
74.9624
74.2173
74.6755
75.9570
75.6232
75.3531
77.4505
75.9606
76.6897
77.7260
78.0405
77.4605
78.9535
77.9002
77.2677
78.7177
79.1248
77.4060
76.7501
77.6191
76.5935
77.5673
75.4189
75.5933
76.9037
76.8777
77.3157
78.5361
78.3250
77.0115
77.5018
77.9036
77.9350
77.3905
77.7153
77.6051
76.5095
76.7704
77.3695
77.4731
77.0647
77.2934
78.4844
79.0703
79.0150
77.1654
77.5338
76.7312
77.5799
77.5385
77.3248
77.3504
77.7983
77.6797
77.0984
76.0281
74.3406
75.3989
76.3723
76.3350
78.8119
78.2906
77.1819
78.1917
78.8992
78.2591
78.2353
78.8174
77.5977
79.1296
77.0834
77.6495
76.6355
78.2533
79.1688
78.6623
79.9371
79.5358
80.4634
78.7956
78.3673
79.4517
78.7743
78.2291
79.1811
77.0716
76.6251
77.0066
77.6271
78.2028
76.7351
76.8216
77.9840
76.8287
76.6410
76.3001
77.4692
76.6384
76.1648
75.9121
76.1869
77.0652
78.1392
78.2178
78.9514
80.9514
79.3170
80.4188
80.0273
81.1335
80.5672
80.9386
82.2084
80.1541
79.1852
79.7477
80.0046
79.4503
79.4778
80.1429
80.6359
81.2167
80.1065
81.0489
80.5581
81.1286
81.4417
81.4378
81.3343
79.5946
80.1794
81.7558
81.8395
81.4985
81.6458
81.2297
80.9637
82.5035
79.8449
78.9200
78.3382
76.9075
78.1830
77.8757
79.2754
77.0288
77.0470
76.2246
77.1040
76.5959
77.2251
76.6542
77.8168
77.6181
78.0243
77.7785
79.3377
77.5670
77.7705
76.8492
78.6280
77.8785
78.1976
77.0838
78.0112
78.3090
78.1038
77.9147
76.2286
76.0503
77.0542
75.8461
75.7891
75.8954
76.6963
77.4297
77.6957
76.3502
77.6283
79.2618
76.9372
77.1014
77.4924
77.7338
76.8628
76.4312
77.1972
78.9890
77.4686
78.0152
76.3412
75.6196
76.8517
77.4605
77.3235
77.5620
77.3770
76.3231
77.9038
78.1613
77.8443
76.6766
77.6898
76.4089
76.4933
77.6347
76.1674
77.0859
75.8650
76.6783
77.2391
76.3024
76.5513
77.7989
77.1483
75.5147
77.0107
76.5877
75.3672
75.6945
76.2972
76.2936
75.0706
75.7634
74.9415
74.9146
75.3396
75.3720
78.9974
77.6104
78.0462
78.5557
79.9708
78.5037
80.5806
77.8608
78.3932
78.0179
77.1130
76.6917
75.9392
76.2974
77.1850
77.0241
77.5130
76.0566
76.0680
77.6641
77.3047
76.4820
77.1587
78.0070
78.1650
76.3524
77.6267
77.6019
78.5282
77.9340
75.9413
76.9715
74.6555
73.3917
75.0314
75.2417
76.4266
76.9125
76.9078
76.6186
75.4633
75.1293
74.7824
74.6039
73.1056
73.7120
76.5688
77.1375
76.1309
77.3711
77.3120
75.4906
76.1412
74.0729
75.0609
75.2496
74.8920
73.1799
73.4497
72.9007
73.3402
73.4455
74.5720
75.8163
73.2939
73.5716
74.1982
74.1186
73.3331
72.4375
72.4031
71.5268
71.7493
71.2154
72.0086
71.1294
71.3233
70.7097
70.9009
72.1962
72.0661
72.9931
73.7821
72.9684
73.4422
73.2626
72.4784
71.1067
72.8319
72.0076
73.9471
73.0666
73.6110
74.1063
73.8572
73.8465
74.3242
73.9873
74.3114
75.0040
75.8203
75.3680
74.3863
74.1493
73.3270
73.8763
74.2358
75.7096
74.5017
74.9404
74.5170
75.1830
74.3951
74.1105
74.4441
75.4506
75.0868
75.6478
75.0131
74.0125
71.4853
72.2008
71.9806
73.0755
71.4084
72.4026
73.2182
71.9983
71.3618
72.5856
74.3636
73.6971
73.4316
73.5196
73.1997
71.7264
71.6629
70.9986
71.5732
72.5671
74.5614
73.6974
72.8720
70.9850
72.4210
71.3859
71.4627
71.6717
72.5256
73.8548
72.8484
73.5101
73.0164
73.4352
72.0477
73.7404
73.5249
72.3408
74.2097
74.9014
74.7984
73.5844
75.1171
75.1276
75.7150
74.8978
75.1787
74.3115
74.1987
72.9806
75.7082
74.7952
72.5498
72.3150
73.4713
74.2552
73.3229
75.0802
75.3545
73.8148
75.1958
73.3998
72.5180
71.4212
73.6068
73.2806
73.8472
73.0400
73.4416
73.4270
72.9481
74.2982
75.3630
74.4071
73.5735
74.8984
74.8760
72.6298
72.4753
72.2094
71.5695
71.7083
71.5467
70.9895
71.4897
71.3576
72.1425
71.4249
70.8732
70.8249
69.4954
68.2449
71.3713
71.3907
71.9998
71.0410
71.0408
71.6529
73.2124
73.2545
72.2753
73.4988
71.6806
72.6778
72.2776
71.8104
71.1623
71.0415
70.6457
71.9591
72.4337
72.0039
71.2074
72.0797
72.5665
73.5606
73.0574
73.8443
72.9618
72.8266
73.8006
73.2845
72.7441
71.4926
72.0367
73.2477
71.7001
72.3813
72.4527
72.7050
74.7024
74.6063
74.4411
73.7856
72.2811
72.4680
70.9740
72.3315
71.6029
70.9584
71.8270
71.0683
72.1139
70.9539
71.9932
73.1747
72.3262
72.6268
72.6388
72.6345
72.7262
73.3823
72.0562
71.2915
71.0149
71.4238
71.6657
71.1844
70.2425
71.8950
70.4132
69.5991
69.1081
68.9347
69.3331
69.3889
69.5967
70.0157
70.8397
70.6285
70.4062
70.5186
70.3628
69.9532
70.2327
71.3784
71.1056
71.9909
70.8827
69.7395
69.5953
69.0070
69.8715
70.8609
70.6302
70.1626
69.8387
70.7493
71.5638
70.8396
72.0765
72.0492
71.0943
70.6604
70.3888
71.6213
71.3178
69.8511
70.2866
70.6967
69.1299
68.7511
69.6598
69.6890
69.0311
69.0622
69.5193
68.7574
69.8049
68.6891
68.6997
69.3945
68.6135
69.3650
69.3779
68.0893
66.7104
65.8888
67.6638
66.8894
65.7888
66.9758
66.9957
66.8680
64.9770
66.1151
66.0467
66.8687
66.6790
66.8879
65.7346
65.7575
66.4285
66.9604
67.1288
65.9761
67.5912
67.7656
67.1946
67.6469
67.8830
67.4611
68.7326
66.8050
66.5853
67.7569
67.3288
68.8368
68.8176
68.6586
68.5423
68.9011
68.4220
68.9028
68.0592
67.7564
68.6989
68.5691
67.9994
68.3249
68.5216
70.1847
69.6041
70.2479
67.7647
68.3069
66.1638
67.4852
65.8057
67.0509
68.1374
67.7924
67.7174
67.4015
67.0031
66.6558
68.5836
66.0935
67.0984
68.1097
66.8114
67.2686
68.9839
69.0230
68.7802
69.9227
68.8487
68.2588
68.1212
67.4883
68.4248
67.7840
69.9147
68.8181
68.8842
69.4198
67.7321
69.6700
68.8344
69.2102
69.1572
70.9058
69.5290
69.8949
70.6182
71.0756
68.8041
69.5687
68.5180
68.5850
68.7405
71.0498
69.6899
69.7935
69.4542
69.3059
68.3009
69.7009
70.8501
70.4837
68.7336
68.7985
69.5929
70.3494
70.9711
70.6270
69.9935
71.7424
71.5163
69.7092
70.1759
70.9555
70.5687
69.6739
68.3359
69.7893
70.0341
69.6868
67.7667
67.6482
68.9494
68.5791
68.9657
67.2588
65.4800
67.4120
67.9513
68.6279
69.2665
67.9410
68.5878
69.7864
67.9699
67.4901
65.3501
65.8020
65.7820
66.6703
66.1933
66.7984
67.1003
67.5719
66.7713
66.4041
66.4959
69.2302
65.9050
66.7522
66.7168
65.8864
65.7053
66.6648
65.9291
65.3348
65.5142
67.0210
66.0480
67.2250
66.1436
66.3001
67.3233
67.2522
67.4331
65.4230
64.0485
66.9685
66.0683
66.8178
65.0099
65.7372
65.5508
65.7322
64.5984
64.5833
64.8339
64.2217
65.3606
64.8013
66.1221
64.8428
64.5732
65.2022
64.8543
65.0855
65.4526
65.4879
65.8577
65.1719
66.0778
66.1530
65.1039
66.1901
66.2953
65.6184
64.5021
64.6281
66.0275
67.2207
65.8468
65.8539
65.9489
66.7706
65.8613
64.5405
65.8860
65.0244
66.0048
66.5871
66.0073
66.1199
64.5452
64.8946
65.7722
67.0248
67.0874
66.9397
65.4142
65.8596
65.0504
66.1790
66.1889
63.2278
65.6746
64.0336
64.9769
64.2521
62.1571
64.0309
64.0110
63.0395
64.5286
64.0848
64.3313
65.2844
64.0997
63.3170
61.3674
62.3820
61.7849
62.8915
63.2368
63.0693
61.5885
62.4362
61.7666
62.7036
62.3348
62.1822
64.5802
63.2242
62.9062
63.1336
63.1813
63.4454
64.7044
63.5929
64.6906
65.2448
64.3207
66.5943
66.2699
66.5883
65.3239
65.2374
65.0384
65.5697
66.1534
66.9937
66.7002
67.7444
68.6361
68.3467
67.5422
67.5688
67.3166
65.6415
66.6611
66.9583
67.7593
69.4082
68.6387
69.2680
68.9088
69.6070
67.8232
67.6962
66.5669
68.8241
68.5870
67.8005
68.4106
66.8096
67.0530
67.8420
68.5945
67.0924
68.8912
68.9092
67.4892
66.8678
67.1724
66.3297
68.1204
67.9568
67.1362
65.4173
64.4426
65.2097
64.7385
65.5897
64.1197
65.3906
63.7202
65.1967
64.1887
64.0462
63.0826
64.0587
64.5712
64.6353
65.9072
64.1460
65.5956
64.6825
64.0193
64.5919
63.2067
62.2094
61.2034
61.6248
62.0341
63.4556
63.4832
62.7780
61.9337
62.6511
63.6576
64.3112
63.0935
63.4005
63.2005
63.2248
62.5619
62.8617
63.0444
62.9813
63.1333
62.7604
62.5572
62.1733
62.2906
63.4690
62.5975
62.9261
62.6332
61.9667
63.6183
63.3881
62.2578
62.0027
62.0859
61.7918
61.6941
61.1921
62.4931
61.7855
62.6562
63.5366
61.9188
63.1947
61.7367
62.3464
63.1677
64.3088
64.4708
64.6907
65.1280
64.5624
63.4273
62.8120
61.5241
64.5159
63.1949
62.8738
63.6455
63.3061
63.9082
64.0304
65.7106
64.2406
64.4384
62.8379
62.9077
63.8612
62.8537
61.8956
63.0529
64.7716
63.0593
62.4558
64.1888
64.9668
64.8594
63.9970
64.7986
64.6913
63.4133
63.3762
64.5788
63.5150
63.3863
62.9109
62.2026
62.3230
61.0565
61.9116
61.2614
62.7327
63.4811
63.7696
63.9186
63.4846
64.2988
63.1123
62.7518
62.5247
63.2152
62.6933
62.4063
64.2150
62.8304
64.0714
63.8575
63.9091
63.5297
64.2291
63.0925
63.7374
61.9592
62.3984
63.1548
62.6182
63.0666
62.9231
62.7919
61.9787
61.7292
64.2696
64.3295
64.8387
64.4780
64.3880
63.6241
62.3579
61.5203
64.2208
64.0608
63.5679
63.7366
63.9241
63.1825
65.1907
62.8777
62.3615
64.6508
64.2563
64.9519
63.5011
63.3822
63.3821
61.4808
61.6487
62.5258
62.6568
61.8596
61.4815
61.6681
61.2709
60.7752
61.8627
61.8913
61.1117
61.4091
60.3199
60.2373
60.9477
59.9575
60.0443
60.4084
60.3347
60.8315
60.7767
60.0504
60.7380
60.6211
62.1315
59.9597
60.1066
61.0645
60.9447
61.9252
60.4245
61.9440
60.3296
60.9178
60.8934
60.7537
60.4178
60.0175
60.6685
61.8655
60.4674
62.3009
63.2955
63.6031
63.4897
64.0393
62.4622
62.9965
61.6003
64.3113
65.4175
64.4395
64.1952
64.5080
64.3964
66.2604
63.8138
64.8593
65.0111
64.5222
65.2702
66.6002
68.1446
68.0616
67.9734
66.2632
64.5224
65.6808
65.4409
65.0924
65.0021
65.6110
67.5847
67.6714
66.7462
66.5011
65.2012
63.2608
63.2848
63.4534
63.3074
64.6807
63.9660
66.0364
64.6574
64.9864
65.4257
63.1964
64.3108
64.3589
64.1162
65.1650
63.7938
64.7687
66.0817
67.9973
66.3635
64.6773
65.9811
66.5374
66.1294
64.4485
64.0809
64.9289
66.7294
65.6413
65.9704
65.2434
65.3930
65.7519
63.6129
64.4430
62.9674
62.8373
62.7830
63.2438
64.5569
64.0664
61.4259
61.5462
62.1554
62.3940
63.4778
63.1185
61.4283
62.0988
63.4037
63.7200
62.8232
64.7564
64.1939
63.8777
65.7678
65.7228
63.8766
64.7449
62.7395
61.9093
60.9476
61.5295
61.4991
60.6176
61.5668
62.7837
62.9669
62.8852
60.3234
61.2559
60.8069
61.4046
62.8983
63.0106
61.3215
61.5558
61.3544
61.8391
63.1954
63.0216
63.5551
63.6197
63.7320
63.5082
63.1173
61.3981
61.8704
60.3008
61.7909
62.5652
60.5133
59.3982
59.4007
59.2720
57.9184
60.0740
59.8724
59.0847
59.9655
60.0185
61.3028
61.1503
61.7819
60.8392
60.7868
61.3262
58.7232
58.5033
59.7576
57.0104
57.2990
58.3926
58.6255
59.8232
59.7813
59.6623
60.1681
59.3554
60.2458
60.1499
59.6365
58.7612
59.7646
59.3817
58.9946
58.9096
59.8929
60.6566
60.5846
60.0707
60.8341
60.3441
60.2215
60.2855
60.4258
61.7428
61.6501
62.0463
62.9626
62.4589
61.8077
63.9409
62.2648
63.0439
61.7216
62.0684
61.8210
61.5152
61.3417
61.8975
61.1676
59.9464
61.1370
61.5434
60.1089
60.2292
59.5561
61.5264
60.9912
61.2862
60.5982
61.5690
63.7730
63.4852
63.3329
61.0515
61.1573
59.4335
60.0385
59.9318
58.8418
60.5903
58.6320
59.2191
59.3244
60.8785
60.5082
60.9720
62.1669
60.9880
60.4076
61.5181
60.4664
60.6610
60.5441
61.8928
62.1343
62.2839
62.6594
61.6333
62.0439
60.7467
61.0957
62.0843
60.7406
61.4443
61.3933
61.4729
62.8299
61.6727
62.2188
63.2509
62.3761
60.9337
60.2685
61.3766
61.3726
61.4937
63.8895
61.5756
61.0449
61.8257
60.9348
60.1601
60.1557
60.2095
59.5766
61.3165
62.0130
60.9341
61.4215
59.7577
60.3620
60.6086
61.1619
60.4070
59.9225
58.6380
59.6808
58.4281
58.0255
58.2390
58.4225
59.3630
58.1638
58.6872
59.7043
59.4087
58.3341
57.2879
58.0620
55.9802
57.7061
58.2351
58.6301
57.7496
57.2599
57.6297
57.3859
56.6036
56.9244
57.4549
56.8477
58.0352
57.7772
59.2597
58.5924
58.5518
57.6749
58.6354
57.9302
58.0584
59.0014
57.7541
58.9049
59.3535
58.2492
60.1308
61.3213
60.6901
60.8123
58.8913
59.5065
60.5211
59.3821
59.4675
61.2836
61.4261
59.9804
59.7468
57.1625
57.2832
56.0034
55.5434
56.7123
57.8019
57.0516
57.5035
57.0707
57.4297
56.6578
55.4507
55.5009
55.8501
54.8960
56.1164
55.3197
53.9820
54.8671
56.2012
54.5363
55.7558
53.2526
53.7580
53.5636
53.8074
54.6319
54.3569
54.5415
53.7784
54.0499
53.5588
54.2665
55.6921
55.7682
55.0944
54.4438
56.1444
55.7318
54.3265
54.8388
53.8001
53.0122
53.3807
52.5490
53.6455
53.5073
52.8989
52.5562
52.9826
51.9490
50.1524
51.7631
52.5426
51.5817
52.2749
50.9945
53.4798
52.2117
54.3939
55.3549
53.1719
52.3113
52.5618
51.8601
52.8025
52.3313
51.1942
49.0305
49.4134
51.3713
51.1052
51.8270
50.8356
49.1982
50.6340
51.5888
50.9755
49.4436
50.4875
50.4676
49.6165
49.3661
49.8140
50.1973
50.8554
50.7920
50.7820
50.1087
50.9215
52.9286
51.6487
51.1293
50.7546
50.1011
49.7489
49.4929
49.4311
50.0169
49.5513
50.5089
50.8434
50.7593
51.7784
49.3605
49.5902
50.1511
48.7856
49.3607
49.6007
51.7133
50.8087
53.7383
51.8668
52.2115
51.8460
50.9165
51.4999
51.0035
51.5981
51.1092
50.9984
51.3790
50.5788
50.2638
51.2661
52.2888
51.6321
50.6916
50.4311
50.2783
51.4270
51.3362
50.7560
51.3632
51.1737
52.5065
52.3042
52.4391
53.2750
52.4897
53.4252
53.0391
52.3047
52.9129
52.4054
52.2999
52.4252
52.1284
50.9593
50.2195
52.6107
50.7014
49.3101
48.9518
50.8915
50.0082
50.3501
49.5936
48.5299
48.7656
48.1333
47.8287
47.0292
47.0385
45.5311
46.5560
46.1239
46.3428
46.5922
46.5423
47.8774
48.4753
47.2012
45.8334
45.1434
47.0566
47.7543
46.4223
46.6756
47.4946
48.1686
47.1702
46.2570
46.2358
46.7431
46.1885
46.7641
46.3874
47.0705
46.7044
45.0890
46.1478
45.6446
45.5450
44.0636
45.0177
43.3984
44.4537
43.8809
44.1775
43.0067
42.7872
43.3235
43.1373
42.6772
42.7554
42.9656
41.7576
42.8437
43.6923
42.9779
42.5941
43.1023
43.3602
43.4483
42.9433
40.1036
43.5342
43.9488
42.9019
42.1079
41.6288
41.4512
41.0035
40.9340
41.2001
41.4036
40.4182
41.0991
38.7552
39.5999
38.9654
39.8212
39.8063
40.0539
40.3917
40.1744
41.9640
41.4485
40.5201
40.8217
39.0725
39.0418
39.4176
38.7367
39.1729
39.2164
39.7845
40.0924
38.8342
39.2033
39.1046
39.4292
38.4093
38.4077
39.9323
39.4749
39.1091
38.1542
38.5971
39.2923
39.0013
37.1725
37.9583
39.0314
38.1101
38.5811
39.0753
38.7678
38.1757
38.6612
38.2798
39.4404
39.2441
39.2781
39.0067
37.9337
38.1299
38.0896
38.6358
37.6589
38.1862
38.1473
35.0375
35.3794
33.5071
35.0034
33.4752
34.9563
33.8578
33.3829
33.6083
33.5576
33.0572
33.6747
32.6945
32.5545
32.3724
32.0645
32.2422
33.6891
32.7012
33.4752
33.5890
33.0051
33.2492
33.1289
33.7739
34.7482
32.8462
33.6737
33.0760
31.7042
31.2788
31.8089
33.0801
33.4006
33.1203
31.7319
31.6632
33.2861
33.7869
33.0283
33.3790
33.1506
32.6879
33.5200
33.5646
34.4323
33.0976
32.9146
32.9078
33.2343
34.0109
32.2685
34.0049
32.8548
32.8755
33.2056
33.1484
33.4460
32.4049
33.1700
32.7138
32.6960
32.2914
32.1738
32.6342
32.6422
32.1808
31.7393
32.4727
32.9847
32.3438
32.4240
33.1932
32.8047
33.4275
31.0486
32.1569
32.3137
31.4980
31.6894
33.0891
31.7876
32.7052
32.5673
32.7935
30.9191
32.4610
31.3987
31.0981
31.5138
32.2850
30.9074
30.0489
31.1402
31.0987
29.9355
30.0305
29.7575
30.0304
28.9529
29.9158
29.2598
28.2146
28.4297
28.1706
29.2017
28.5783
28.6318
29.1504
29.6768
30.7118
29.8716
30.2404
31.1311
30.6378
32.4180
31.4142
31.7140
30.7571
31.9227
31.0206
30.8269
28.6572
28.1429
28.3780
28.0183
28.0785
26.9034
27.2475
29.0217
28.1064
27.5430
27.8830
29.0969
28.5677
28.8939
29.5604
28.8912
30.1065
29.6348
30.7284
31.2223
30.9085
30.4144
30.7583
30.5211
30.8586
31.5970
32.6301
31.8909
32.1422
32.3585
33.9677
32.9499
32.9006
32.0844
33.1380
33.4190
33.5217
33.4302
33.4633
32.7728
33.1837
32.7783
33.9523
32.5349
33.5426
33.0458
32.6974
33.0717
32.3532
32.9982
33.8414
32.9168
31.9137
32.8926
33.8407
32.3685
33.0255
33.2881
33.5256
32.9022
31.4912
34.5065
33.7642
33.7777
32.9753
33.6251
33.3328
33.8467
32.3936
33.1064
32.4303
32.6873
31.8397
31.5420
31.6776
31.2023
31.8465
31.7052
33.5114
32.8233
34.5746
34.2084
34.6573
33.7264
34.9809
33.7846
33.0983
33.4572
33.4899
33.7306
33.1691
32.8888
32.7297
33.1389
31.7601
33.4683
33.5466
34.2553
34.5370
35.0429
35.1842
33.9511
34.1788
35.1667
33.4658
33.1914
35.0924
35.8727
35.5597
36.7959
36.5250
36.7522
36.7102
37.3467
36.9799
35.8505
34.5777
34.8538
34.1369
34.0709
35.2071
35.9086
36.0489
33.6444
35.1947
34.5499
34.3435
34.5672
35.2405
34.7650
35.6314
35.5967
36.9543
35.7072
36.3350
35.2765
35.9122
34.2207
34.9871
36.0082
34.6189
33.7087
34.3072
34.8114
33.3957
33.4206
33.1928
33.0018
32.4989
31.9816
32.9400
32.7038
32.2355
32.2845
32.3635
32.9317
33.0468
32.9238
33.0911
33.4538
33.7223
33.7616
35.0273
33.6275
33.4422
33.7554
33.5574
33.9194
33.7935
33.7708
34.5155
36.0648
35.6605
35.2553
35.6929
36.2334
35.0201
34.8446
34.7083
34.4559
35.1288
34.9476
35.3254
35.0564
36.0177
36.2432
35.0712
35.2200
33.4510
34.5040
34.1807
34.7891
34.3417
34.2478
34.9429
34.4516
33.7625
34.1023
34.2319
33.6159
34.1866
34.6992
33.2821
31.1428
33.2216
32.5609
33.9122
33.6246
33.6953
33.3143
33.6642
32.8889
32.5834
33.2580
35.1735
33.9010
33.6637
33.6467
32.4626
33.2063
34.4651
33.1914
34.2859
34.2530
34.2903
34.6425
33.9804
34.9038
35.4721
35.0749
33.7846
33.6648
33.4119
33.7243
32.1812
32.6953
34.5746
33.5625
34.1342
33.6547
34.0199
34.0530
34.0309
33.6670
34.3036
34.1629
34.8919
34.8513
34.0876
35.1411
35.1198
35.3028
35.0553
35.4272
34.4262
35.0473
34.0094
34.9382
35.9889
34.4779
34.3446
34.8337
35.6718
35.6284
34.7017
35.4317
35.3295
34.6290
35.0909
34.5882
33.7891
34.7815
34.9076
35.5031
36.1318
35.8299
34.9221
34.5500
33.8014
33.9873
35.2404
34.7285
35.3981
34.9351
35.1138
34.5872
34.6490
33.5779
33.3094
34.1570
33.6651
33.9014
32.7154
32.9127
33.8251
33.6854
35.5427
36.2786
34.2363
33.3391
34.4885
32.9597
32.6058
33.8860
33.1483
32.5879
32.7637
34.1818
34.2974
34.5663
32.7159
33.1244
32.5435
32.2206
32.9611
32.8548
32.5200
32.3643
32.9854
33.7239
33.5581
32.3440
32.0757
32.7429
32.1304
32.9308
31.3405
31.0573
31.7071
32.6131
31.8571
33.7995
32.9187
32.3892
32.1975
32.4570
33.5805
33.0103
33.0610
32.9592
33.3305
33.4358
33.3179
33.0187
32.4790
33.0607
32.4669
31.8112
32.7160
33.6655
32.4583
33.3492
32.8010
33.0467
33.1061
31.5933
33.2882
32.7051
32.7545
33.3588
33.0110
34.0209
32.8277
33.1381
34.0764
31.9114
34.8146
34.0005
33.1695
33.3705
33.5518
32.4510
33.0123
32.7522
32.5370
33.9495
33.3742
33.2467
32.7374
33.4344
32.1847
31.4421
33.2954
33.9876
31.9798
32.5649
31.9765
32.0132
31.7314
31.9141
31.5072
30.2521
32.7260
31.8750
32.7234
31.6272
31.5349
32.7455
32.1717
31.5251
30.5722
31.5196
29.5065
30.5096
30.9559
30.7901
30.4109
30.4786
30.8825
33.2003
30.8802
30.4551
30.4130
29.9525
31.6566
30.3038
29.7438
30.5588
30.8732
32.3795
32.9637
33.8186
32.9664
32.5108
32.1634
31.7410
31.4400
32.0874
31.9468
32.0580
33.1390
31.3694
32.2321
31.7119
31.1023
32.4914
31.4504
32.4101
32.3231
32.2957
31.9807
32.3467
32.2741
33.7068
34.9453
34.7346
35.2299
35.8736
35.3121
34.6909
33.4294
33.8392
33.7257
33.9293
33.1003
34.7717
34.1358
34.0822
32.7945
32.4513
32.5963
33.8611
33.4804
33.2055
32.6009
33.2919
33.2905
32.0555
32.2215
31.7913
31.7056
31.9047
30.7459
31.4837
32.8168
31.9633
30.3449
30.9000
32.2616
32.8102
30.9339
31.9765
32.4803
31.9932
31.1797
31.5372
31.6813
31.2799
31.0900
30.5441
31.9593
31.8021
31.3281
31.1636
31.3130
30.6415
30.8791
31.5274
31.8460
31.8052
31.6917
30.9603
31.3650
29.8187
30.9156
30.6035
31.0296
29.6297
31.3993
30.2713
29.8033
31.1774
31.0476
31.6357
31.5147
32.9436
31.7148
32.5615
31.1634
32.1649
31.8161
32.0794
31.3300
32.4339
31.1885
30.2320
30.8571
30.1523
29.6274
29.3645
29.3828
29.0345
28.5724
27.7165
28.4266
28.3075
27.0073
29.2754
28.8678
28.1202
28.3064
28.1171
27.9723
27.3792
27.0660
27.0458
25.6782
25.9210
26.1468
27.2106
27.0865
27.7430
27.0514
26.5380
26.6139
27.5924
27.2970
26.9440
27.2138
26.9106
26.5064
26.8486
27.9851
26.8182
26.2050
26.3817
26.0950
25.9089
25.9662
27.2457
27.6026
25.8057
26.6139
26.5259
25.7582
26.5292
26.1387
25.5178
25.7351
26.5321
25.6307
25.6065
25.8958
26.8054
25.6506
27.2433
26.8348
26.7315
26.5922
26.2614
26.5369
26.5810
26.2065
25.4252
24.1014
25.9531
26.1767
26.9545
26.9838
26.4763
27.1777
27.5419
27.1895
27.1612
26.7547
26.9375
26.2339
28.2102
26.3444
25.6236
26.9005
26.3559
26.1225
25.2862
26.5458
26.0847
25.3780
24.9132
25.7199
26.7031
26.0435
26.5256
26.7634
27.1043
26.7995
26.4707
25.6645
25.0009
25.7387
23.9857
25.1460
25.0583
25.7999
24.9903
25.3443
24.4633
25.1738
24.8135
26.7339
24.9869
26.4540
25.4578
24.5373
25.4110
24.9831
26.0060
24.8873
25.7008
25.6194
24.8298
26.4327
25.0733
25.7664
26.7735
26.1711
25.8468
25.3732
26.1630
27.9294
27.7981
27.8276
26.8342
26.9570
26.4168
26.3516
26.9683
27.4673
26.8206
27.0953
25.5428
25.9908
25.4143
25.1653
24.7503
23.9135
25.3599
25.5216
24.9197
25.4432
25.3495
25.2189
26.1534
26.5294
28.2234
27.2840
27.9961
27.8355
26.8721
26.7517
25.6982
27.2272
26.3267
26.3408
25.7935
26.7634
27.1973
26.5904
27.6898
26.9177
27.6052
26.7959
27.9415
28.0128
28.8317
28.4997
27.4229
28.8049
29.4678
30.7935
30.0753
29.9424
29.2839
28.8473
29.7232
28.8750
28.8118
29.9678
29.0649
30.2279
29.0491
30.6167
29.8739
28.7874
27.8000
29.2338
28.6890
29.3488
29.3967
29.7824
30.1951
29.2076
28.2777
28.8985
28.4253
28.0978
28.5060
29.5511
28.7200
29.9105
29.4793
30.5583
29.2489
28.4854
27.8934
28.5972
30.0366
30.0206
29.0269
28.8054
28.4292
28.8549
28.7665
28.6244
28.7261
28.9008
29.7100
29.2651
30.4984
30.0150
28.7631
28.2214
30.1539
28.7168
29.9737
29.5297
30.7243
28.6867
30.4016
30.7933
31.9673
30.6486
29.9068
30.3289
29.4342
30.2604
32.8958
33.0564
32.4961
32.2583
32.0546
31.0807
30.8652
31.4413
31.2466
31.0387
30.0998
31.5931
30.9878
30.4785
30.5295
29.7158
29.4287
29.7708
30.9813
29.8348
29.8257
30.4819
29.5013
29.6872
29.1192
28.9314
29.0521
28.6092
28.7834
29.6901
28.5751
28.9905
28.1701
28.8318
29.0240
29.1703
29.6738
29.8015
28.9375
28.9385
28.4631
27.5502
28.0670
27.6808
28.8649
27.2900
28.4465
28.1975
27.4976
26.9645
27.6560
27.1332
27.8573
27.8381
27.6853
27.2108
26.1236
26.6447
26.7728
28.3435
28.0851
28.0392
27.1391
28.0191
27.7553
29.1279
28.2645
27.0864
27.0193
27.2252
26.0630
26.8417
26.5877
25.6350
26.8335
26.5830
27.5228
27.1111
27.8489
27.6563
28.7312
27.7697
27.9958
28.4831
28.0616
29.2616
29.5805
30.0120
29.9739
29.9532
28.4968
30.3744
29.6869
29.3818
29.3473
29.6944
29.7940
29.8821
29.2397
29.5287
29.0241
29.4645
29.0847
29.5815
28.6185
28.0542
28.7255
28.2285
28.9206
28.4282
29.2914
28.4794
28.4961
28.2063
27.0055
27.9093
27.3703
27.9793
28.6911
26.9803
26.7205
27.3157
27.6897
26.7065
27.7401
27.8024
27.4602
28.4496
29.0341
30.6696
29.6855
30.0552
29.0747
30.2854
31.1730
31.9617
30.6328
30.3590
31.4558
31.5757
30.2054
31.3722
30.8527
30.7449
31.4297
30.0387
30.5445
30.1383
30.6335
31.3561
31.2784
31.0120
30.0669
30.8363
30.5159
31.1484
31.7727
32.1957
32.1848
33.9285
32.9846
32.7808
32.3393
31.9168
32.8149
33.5207
33.8428
33.6751
33.8118
33.8395
33.2708
33.1316
33.6053
31.6585
31.8449
31.5242
31.6467
31.9416
32.3258
32.7924
33.0250
33.0548
32.0691
32.8219
32.7913
33.0064
31.5120
32.6948
32.2478
31.9579
32.3873
32.5622
33.2561
32.9930
31.1598
31.5374
30.3321
29.7774
29.9271
28.9959
28.3568
30.1025
30.8288
30.4633
29.9830
29.0968
29.5002
29.6467
28.8923
29.2888
29.3128
29.6756
29.2467
29.3156
30.5132
29.3075
29.8417
29.8733
28.4854
29.4660
27.8526
28.1835
28.7672
29.6258
30.1369
29.2093
28.6478
29.0517
28.3549
27.7168
28.2181
26.4389
28.4409
29.2530
28.0881
27.7433
28.6367
27.9587
27.6921
28.4923
28.1656
29.6307
28.7056
28.1774
28.9149
28.9818
28.2420
28.6379
29.4186
28.7238
28.2863
28.3599
28.6878
29.4685
28.6752
27.6873
28.3277
28.8597
28.5256
29.0736
28.9208
28.6412
29.1196
29.3738
28.7314
28.3853
27.9575
28.7019
28.3073
29.6849
29.4475
28.0646
29.7227
31.1495
31.3657
32.1626
31.3310
31.5657
31.3822
30.6557
29.6303
31.0874
30.9927
31.2649
31.8162
30.5488
31.2599
31.4545
31.5564
31.3221
29.8092
30.6243
31.7942
31.6363
31.5396
31.2032
30.0588
30.7717
29.9461
30.0064
30.6331
29.3512
28.4789
27.3375
29.7742
29.3040
28.6745
30.0813
30.0096
29.8096
30.1920
30.1402
29.1923
29.1826
29.8783
31.0310
29.3055
28.5462
28.9630
30.4024
29.9462
30.8820
28.4656
29.9613
30.1932
28.8932
30.1177
29.7266
29.4724
29.8556
29.9540
29.6798
29.0552
28.7219
28.5901
29.0660
29.3534
29.3117
29.0215
27.4118
28.2923
28.3130
27.1964
28.3213
29.0510
28.4016
26.2253
27.6834
28.6691
29.2334
27.7266
27.8217
28.5162
28.2748
28.1825
27.9808
26.7643
27.1266
27.8467
28.3763
28.3339
28.7799
28.2333
29.0759
28.0828
28.4955
30.3353
28.9181
28.7253
27.8657
28.1922
27.5218
27.3448
27.5475
29.0199
29.2637
29.0978
29.0300
28.9523
31.4115
30.8384
30.4684
31.2625
30.9754
30.6616
29.5734
28.3446
29.0223
29.5819
29.4890
29.4121
29.3635
28.2180
30.0550
28.9472
28.7341
26.5875
28.4593
27.8328
28.1445
28.2819
28.6064
28.8967
28.1691
29.8989
28.4488
27.9905
29.0685
28.6099
28.2077
28.4101
28.0364
28.1774
27.3822
26.2921
26.8206
26.5628
26.6053
26.5939
26.6980
27.7514
27.0610
26.9952
26.5721
26.5857
26.3211
27.0223
26.8946
27.1705
26.6479
27.2723
27.2665
25.9083
27.2365
25.6662
25.2436
25.4698
26.1485
26.8321
26.2352
25.9263
25.5098
24.9096
24.8539
24.8625
25.1495
23.8920
24.1155
24.9337
23.9645
22.7924
22.4908
22.4708
22.9150
22.7503
23.4499
22.6810
23.1402
24.6051
23.1244
23.2956
24.5600
24.6740
24.9762
24.1039
24.5912
24.5205
25.9210
28.3769
26.9369
26.6540
26.8114
26.3038
26.7111
27.0603
28.2765
26.7493
27.6227
27.9651
27.4286
27.7310
26.4631
26.5770
26.9592
27.2126
26.5578
25.2907
26.8631
27.4784
27.1851
26.9891
26.2924
26.5038
27.8517
26.7251
28.4189
27.4857
26.1961
26.2947
27.6485
28.3101
27.6195
27.2064
27.4098
26.7735
26.7865
27.7253
28.2147
27.4190
27.5959
27.2484
27.1271
27.5498
26.6493
27.2372
28.7531
28.8169
29.0284
28.4855
27.2785
27.4729
27.3037
27.9950
29.2381
29.2459
28.0416
28.1777
29.3317
28.7793
28.3983
27.5237
28.3188
28.8089
28.5433
28.7072
28.0444
26.8671
28.3567
28.1167
27.1073
27.2428
26.3495
27.7761
26.8052
28.6615
27.2948
27.6204
25.9675
25.8083
25.5444
25.7825
24.2788
25.0048
24.8423
24.9339
25.8173
25.2169
26.6022
27.3779
25.2483
24.6759
25.4065
25.6246
25.6093
26.6798
25.6705
25.6769
26.8876
26.8585
26.4376
26.4054
27.1472
26.9553
27.4568
27.8455
27.5528
26.9093
27.9503
26.7793
26.2082
27.0078
27.3941
27.1445
27.6973
26.8101
26.8230
27.4389
27.9942
26.7810
27.3494
27.5334
27.0133
26.4972
28.3245
28.6110
28.5093
27.9207
27.5142
27.1865
27.8416
27.3912
27.5559
28.2944
26.9629
27.9385
28.0581
27.7412
27.2427
26.0480
27.1942
27.9789
28.0601
27.3083
28.0511
28.3428
27.2643
27.2309
26.5816
27.5846
27.3365
27.0471
25.7563
26.2367
26.4737
26.5705
25.6822
25.7576
26.4551
26.8173
24.8285
24.6133
24.3973
24.7594
25.3615
24.8711
25.5538
26.0024
26.1347
25.4398
27.2806
26.6354
26.5171
26.5645
27.1194
25.9406
26.4384
26.2847
26.4413
25.7736
27.0392
24.5292
24.6890
25.5197
24.9096
26.3483
25.3500
26.6060
24.3721
25.2251
25.3908
24.5592
25.0371
25.6687
24.4851
26.7485
25.2165
24.3566
25.7119
25.9703
26.4291
26.1506
27.6860
27.0177
25.8454
24.9168
27.1225
25.8327
26.4569
24.7788
25.6066
25.9319
26.1211
26.3300
26.0500
26.6799
27.8258
26.0017
28.0664
27.6791
27.5542
27.2856
27.7663
27.2531
26.3072
26.9855
27.4751
28.4341
28.5206
29.2773
27.6949
26.5413
29.2828
27.8230
27.3128
26.5156
27.2375
26.6349
26.4650
25.5646
26.2139
26.7855
26.5432
26.2688
25.9422
26.0607
26.9480
25.1425
24.4992
24.9762
23.9731
26.3141
25.1175
24.8364
24.4669
24.2378
24.9472
24.0893
24.6447
25.4699
26.0071
25.5451
25.3961
24.5214
24.2739
24.9097
23.9422
23.3957
24.0577
24.3182
24.3361
24.7966
24.3669
24.1243
22.7636
24.0636
24.4314
23.7654
24.4880
24.9421
24.6520
24.6496
25.5345
23.7912
25.2030
23.7540
24.7645
25.4410
25.7400
25.9505
24.8144
22.7411
23.1792
24.1486
24.7644
24.1067
24.3557
25.0453
24.6441
25.1465
24.0100
23.3901
22.8394
24.2746
25.0333
25.2775
24.0745
23.4560
23.8925
24.0010
24.1905
23.9441
24.6436
24.8576
24.2337
23.4530
24.3553
23.4233
23.4993
23.3986
22.9634
22.2167
23.2830
22.4991
22.0860
23.0018
23.5290
22.4584
23.0532
22.6478
23.0449
21.9184
22.4951
22.6165
22.5516
21.5093
22.1475
21.6922
22.1744
22.3547
22.3870
22.1229
22.0794
21.4138
21.2033
21.2482
22.6687
21.4168
20.7988
20.6859
21.3080
21.2085
20.9785
21.7983
23.3803
22.6322
21.3068
21.9437
21.7241
22.5733
22.3342
22.9783
22.8980
22.9133
22.8109
22.6896
22.3249
22.6146
22.7883
22.4059
22.8671
22.7320
21.5135
22.0427
22.5409
23.1800
23.3885
22.4171
22.1152
21.6725
21.3703
21.9057
22.2679
21.9684
22.0050
22.2121
22.2222
22.0062
23.0389
22.5832
22.0479
22.6635
23.2927
22.2794
22.4892
22.9578
22.9151
22.7177
22.8593
22.1554
22.5658
22.2532
21.5105
22.3733
21.3845
21.6456
21.3779
23.0025
21.4063
23.0764
22.3505
22.6238
21.4200
22.0737
23.1639
22.8322
22.3419
22.9477
22.5149
21.9686
22.7082
23.8104
22.1075
23.7635
22.6008
22.6488
22.6162
23.4349
22.0937
22.6391
23.5695
22.6660
23.7783
24.5775
23.4618
22.3440
23.5213
23.8022
23.4730
22.6401
22.7340
23.7051
22.9989
23.6815
23.3770
22.8655
23.7247
22.9121
23.1869
23.9960
23.3879
23.6939
24.0213
24.7230
24.2225
23.9549
22.5032
23.5637
22.9507
23.1864
23.0715
23.5232
23.1236
22.2022
21.8708
22.3061
23.1273
22.9990
23.3949
23.1966
21.9930
24.2352
23.0869
24.2351
22.4426
21.5538
22.6332
22.5349
23.2969
23.7222
23.5533
22.4084
22.1967
21.0509
21.4270
22.1240
22.0001
22.1432
20.7909
22.3414
21.8600
21.4623
22.2814
21.3553
22.4030
23.5867
22.6626
21.6238
21.8525
22.4902
22.6037
22.7788
22.2784
21.8955
21.7781
22.7775
22.8423
22.4845
23.5565
22.5085
22.8725
22.4083
21.3487
22.5011
22.1718
22.5960
22.4379
22.3542
22.4605
22.5305
21.8361
22.0445
21.2188
20.5383
21.9338
21.0859
20.2362
20.4008
20.4842
20.5777
20.4255
21.0258
21.5551
21.2019
21.6368
21.1228
21.4430
21.8892
20.1444
22.1542
21.2248
22.5206
21.5077
21.3743
20.8600
20.7360
22.0153
21.0180
22.1103
21.9236
22.2320
22.1359
20.1403
20.9458
20.4257
20.2479
19.5144
20.7338
19.3328
20.4950
20.2976
22.2371
21.3960
20.9724
21.6100
21.2173
21.5247
21.8455
21.5457
21.7075
21.4978
22.1622
22.3874
21.7422
20.5137
21.5169
21.6481
21.8773
22.1459
22.3830
22.0237
20.6455
21.2394
20.7750
21.1604
20.6826
21.1732
20.4516
21.1094
20.5214
19.7550
19.0958
19.5979
19.4365
19.2291
19.4498
20.2079
19.7919
20.1337
20.5104
21.1529
20.5819
20.6084
20.2890
20.4338
19.8045
19.5343
20.4849
20.3908
20.3347
20.1738
19.5563
19.9253
19.9233
20.5899
20.6853
19.6738
20.1921
19.0386
20.1606
20.2532
20.4616
20.0064
20.4685
20.1143
20.8435
20.2553
19.2853
19.1770
18.7619
18.5096
18.5847
20.2175
19.8218
18.5945
18.4082
19.0138
18.9508
20.4596
19.3190
19.8920
19.7806
20.2851
19.7658
19.5475
18.7656
19.6909
19.9689
20.5811
19.7767
20.7450
20.0462
20.2659
19.7935
20.8326
19.6883
20.4780
20.7007
19.7395
19.4538
19.7461
20.9809
20.1718
20.4211
20.8278
20.9345
20.8997
20.2549
19.5307
21.0217
20.3645
20.0913
19.7566
19.8805
19.7498
20.2825
20.4522
20.4114
20.6437
20.0774
19.9647
20.7532
19.5474
19.2153
19.7850
19.1766
20.3626
19.3149
19.1297
19.7457
20.2249
19.8256
20.5965
20.2284
20.3555
18.8832
19.8731
20.9781
20.9216
21.3261
20.8350
20.4144
21.1040
21.8448
20.2206
20.4149
20.2317
20.5956
20.2885
20.1523
19.6537
20.9282
21.9679
21.2097
20.6878
20.5902
20.4504
19.6388
19.8638
21.3963
21.2919
21.2454
21.1644
20.7934
21.0412
20.1480
20.1348
19.8013
20.3008
20.4779
20.6393
19.8632
20.6172
19.6543
19.8726
