81.1299
80.0602
80.6460
79.9026
79.9295
79.2049
80.9853
81.7486
82.1753
79.9099
81.2524
80.8214
80.5008
80.2944
79.8564
78.6412
79.5469
79.9813
79.5046
78.3938
77.6165
77.4575
77.5688
78.7883
77.7312
78.3466
78.5308
77.8440
79.2193
79.3650
78.9503
77.9392
79.1058
80.1602
78.7038
79.1215
78.8807
79.1369
80.2970
79.2160
79.7663
80.2834
79.8560
80.5179
80.0526
78.4857
80.5585
79.2513
80.3129
80.2923
79.3017
79.2363
80.2700
78.9607
78.9512
77.8162
77.1311
77.5313
77.7567
77.3350
78.5287
77.7781
77.7721
78.9185
79.7412
78.5702
78.2707
79.7871
79.6803
79.4256
78.4576
79.1441
80.2966
79.4791
80.3349
80.6038
78.5678
78.9540
80.5904
82.0796
81.1463
80.0826
78.8405
78.1289
78.0776
77.6507
78.6445
78.4310
77.2329
79.1679
78.7845
79.1128
79.0510
78.0655
78.2583
79.0408
77.3697
78.3036
78.1487
77.3057
78.8963
78.5838
78.0423
77.4818
77.9144
77.2178
76.6977
76.9062
78.1479
77.7205
77.9546
78.6172
79.1237
79.3694
79.0724
79.4493
79.0748
78.5220
78.4963
82.0283
81.5136
80.5414
81.1349
79.6007
81.1369
79.9468
81.7855
81.2063
82.4961
82.2487
82.3766
82.4700
82.7071
81.8502
81.8263
81.2367
82.0983
83.4234
85.6920
82.0195
83.5683
81.3656
83.1133
82.9810
82.5133
82.3727
79.8242
81.2754
81.1566
81.3783
80.9709
81.3906
82.5567
82.4916
82.0850
81.2003
79.4540
79.8504
80.5462
79.7199
80.7361
80.8442
80.5788
79.5430
80.1243
79.3864
80.0631
81.6257
82.8219
83.5219
83.5059
84.5262
82.9932
82.5090
80.8820
80.5979
81.1666
81.4797
81.6855
81.1595
80.6603
79.9705
79.7116
80.1047
79.5042
79.2544
80.6895
79.0785
80.1470
80.7618
80.0130
79.9708
80.0891
79.9077
79.0605
81.3416
79.8938
81.5243
79.9439
78.9330
79.9218
80.3711
80.0948
79.0890
80.2024
79.8575
79.4853
80.3120
80.2419
80.1420
79.1232
80.7471
81.3750
81.5091
82.1838
81.6592
81.3473
80.4378
80.1400
79.5451
78.4460
79.8322
80.2196
80.4174
81.7372
79.7125
80.0840
80.6963
79.9820
79.9661
80.4959
79.7356
81.5493
80.4385
79.9285
81.0851
80.7646
80.3107
80.4965
82.1544
79.9048
79.3971
79.7015
79.1516
77.6992
77.7962
77.1643
77.4772
78.2604
79.5530
79.1647
78.8201
78.6539
78.3756
77.5757
78.2334
79.2298
79.2504
76.9380
76.9939
77.6702
77.7538
77.7279
77.8116
77.9810
76.5339
76.8538
76.9971
77.8507
77.1447
77.8179
78.9677
78.5954
79.2198
80.2803
78.3134
78.0018
77.1690
77.8140
79.5461
78.9181
79.0416
77.6936
78.7811
78.1155
76.9574
76.4494
77.6072
77.4560
77.4550
77.7260
79.1274
77.9309
77.4063
77.3845
79.2981
77.5861
78.8752
77.4891
76.8386
76.6737
76.1402
77.6749
77.2901
77.2702
76.2352
76.3014
76.0593
76.9127
75.7180
75.5494
75.9236
75.6404
74.2991
75.0422
74.6969
72.5417
73.3985
74.2957
73.8996
74.3229
74.4143
75.7446
76.7905
75.5510
74.3997
73.9063
75.5499
75.9532
75.4228
77.8715
76.3422
77.4641
76.4314
77.2611
75.0477
75.3796
74.9986
75.9810
76.1479
77.8409
79.3017
80.3705
81.7847
80.1179
79.1728
77.7336
77.6685
75.8451
76.0852
78.1525
77.6800
77.8751
76.5422
76.6278
76.8770
76.9792
76.3987
76.0402
75.4089
75.7907
75.5329
74.9906
77.1367
76.1285
75.0575
74.6676
75.7909
75.6287
74.3845
74.6924
77.6982
75.3946
75.6505
76.6944
76.1292
77.4653
77.6290
77.7590
77.3279
77.4697
77.3343
77.8045
77.1421
76.1803
77.4815
77.0562
78.0532
77.7632
77.5229
78.1105
79.6248
77.4785
78.5546
78.2548
76.4882
77.9914
78.7192
77.0874
76.0919
77.6170
78.0719
76.8781
77.4802
78.7901
77.1611
78.0357
79.5349
79.7745
79.9553
79.7175
79.9236
79.5440
79.1380
80.1266
78.2732
78.7525
78.1817
78.7512
79.0164
80.3154
79.0367
78.7395
78.8298
79.0750
78.4506
77.8611
78.0554
77.8051
77.0030
76.7575
76.0683
76.5280
74.9038
76.7734
77.5501
77.7556
77.7609
77.3982
76.4594
76.7553
77.6926
77.1771
77.0159
77.2902
77.8420
77.7220
75.6521
76.5528
77.7243
76.8188
77.5752
76.9039
76.2380
76.2502
79.0022
79.1169
78.9515
76.9191
77.4658
76.7161
76.2798
76.9018
76.5909
76.2469
76.8346
76.0388
75.4007
75.2967
75.8115
75.6197
75.0382
75.8714
76.3466
75.8660
75.7309
76.3678
76.6607
76.8024
76.4301
76.8657
78.1572
76.3979
78.2324
77.4623
75.6818
77.4283
77.1068
77.3272
77.2729
76.8869
76.1190
75.6015
75.1855
75.1366
75.3277
74.9842
77.3298
76.7725
76.1505
75.3366
76.0472
75.9757
75.1662
76.3447
76.7851
76.5451
77.9565
77.4935
76.8554
77.2012
76.4838
76.7834
78.2114
78.3504
76.5202
76.1421
75.8740
77.2109
76.7366
76.7050
75.2624
77.1759
77.7725
78.7979
78.4758
78.5001
79.6041
78.7940
79.0909
76.4501
76.6125
77.4190
75.8506
77.0040
76.2577
77.1125
76.2400
75.0884
75.1636
75.5881
75.6546
75.8173
77.1200
77.7438
77.1145
78.8584
77.5309
77.9478
78.7154
79.7722
77.7776
77.8875
78.9195
77.6889
78.2013
78.1329
77.4867
78.1829
79.2981
78.7874
79.6732
79.3992
79.5019
79.6077
79.9715
80.2833
81.0090
80.5985
80.4703
80.6154
79.9357
81.3878
79.6413
81.0932
80.2530
78.8867
78.7932
79.6447
80.2372
81.0780
80.8536
81.9498
80.8970
80.4889
79.2793
79.9213
78.3353
78.1601
78.7288
79.3095
78.1295
78.2465
78.4140
79.1554
78.0395
79.1511
78.7705
79.8235
80.3313
79.1858
80.0500
78.6950
79.6187
80.9234
82.3655
82.5744
81.7022
82.7068
82.6415
81.8124
82.3675
81.9999
81.9891
82.0824
80.8486
81.9879
82.3346
82.2314
81.6039
83.4852
84.6975
82.6202
82.2567
81.3977
81.5988
81.9297
82.5548
82.9386
82.4916
83.4250
82.1261
82.9325
83.5811
83.3569
83.1567
82.5835
82.0102
81.0288
82.5205
82.5451
81.1149
82.4818
82.8116
83.5603
82.9325
82.9681
83.3183
84.0694
83.2008
84.3882
83.4740
83.1092
83.3204
82.7172
82.7588
83.4531
82.6820
82.7042
82.2241
82.9914
82.2262
82.2835
83.3079
82.2255
83.6631
83.9391
83.6250
83.1514
83.4341
83.0169
83.4688
82.2491
81.4077
82.2529
82.1040
81.3037
81.3798
82.5251
83.2915
82.6836
82.9045
84.1511
83.9313
83.8104
85.0106
83.7651
85.0477
85.0599
84.0870
85.5785
85.2545
84.4727
84.9900
84.5917
86.6321
85.6165
84.9404
86.0794
85.6408
86.5502
85.7052
85.2440
84.4462
83.6722
82.7194
85.7314
86.1269
86.3070
84.6598
83.9997
84.9839
84.9250
83.9573
85.7354
83.6020
83.5773
82.9231
83.0931
85.0164
85.9748
84.2579
85.3116
84.1949
83.9967
85.5668
86.0706
83.9004
84.1085
83.4145
83.7559
82.8467
83.8780
83.7567
83.1175
82.9860
84.6073
84.5334
84.8309
83.3100
83.8287
83.8241
82.2155
81.7451
82.0113
82.1121
82.5209
81.7779
82.6421
84.0571
84.4704
83.7528
84.6459
81.9796
82.5220
81.0706
83.5536
83.1979
83.4168
82.8159
86.1507
84.6549
83.0334
82.9842
83.4637
83.7257
84.6007
82.4522
82.3566
82.3930
82.2860
81.8029
81.9381
83.2990
82.0910
83.1677
84.2817
82.5410
82.0492
81.4188
81.2852
82.9957
83.3155
84.2253
84.3046
83.6332
84.7028
85.1404
83.1304
82.8262
83.9506
84.1769
85.6377
85.5367
84.9664
84.4646
84.2894
84.9541
84.7701
86.0778
83.0503
82.2209
82.5513
83.7687
83.2888
81.9681
82.5696
82.0678
81.2742
81.5646
82.7726
83.0713
82.0952
82.4211
84.4664
85.2645
86.0261
84.6418
84.8363
85.5671
87.0129
88.2134
87.2190
85.7015
86.4943
85.2223
88.4466
88.2804
87.7557
86.8172
86.3703
86.6595
85.7430
84.4856
85.6715
84.8281
85.1900
85.7200
84.9949
84.4929
84.7858
86.2665
85.1613
85.7301
83.7982
85.8024
85.3631
85.4123
84.0354
84.1003
82.9225
84.7862
84.8810
84.7977
86.1481
84.8666
87.4005
87.2606
86.1793
85.9372
85.5605
86.2222
84.8251
85.9977
87.3513
86.6227
87.0352
85.4890
85.6088
86.4879
86.6659
87.2722
84.2965
85.4464
83.6636
84.7156
87.1814
85.9385
85.9571
84.7103
85.9663
83.8732
85.7319
86.5721
87.6751
87.0874
84.9065
85.8442
85.6808
86.0930
85.3010
86.5026
86.7634
85.9496
85.7588
84.3722
85.7586
87.0273
85.3120
86.5123
85.5511
87.1477
86.7889
86.9960
85.7123
87.8556
85.6723
87.8045
86.9882
86.6208
87.1258
87.9382
87.5839
88.7453
87.8041
88.2655
88.0651
87.1734
86.7599
87.0305
86.8893
86.3583
85.3066
86.5860
86.1638
86.2667
87.7861
86.7626
86.2707
85.4645
87.0015
87.5942
88.3750
88.8862
89.5715
87.6060
88.5014
89.6614
90.2071
88.6937
89.1805
86.8491
86.4585
87.4683
88.8054
88.1584
87.8094
86.8367
87.5493
88.4137
87.5420
87.4370
86.6433
85.7241
84.8203
85.1971
85.7144
84.3662
83.4753
85.6042
84.1554
86.2643
85.4468
85.8411
85.0520
85.6886
87.2734
85.3423
85.3791
86.3449
86.1975
86.4373
85.9463
85.2985
87.4871
86.0694
87.6332
87.4627
88.6294
87.3625
86.5709
88.0026
89.1318
89.1469
89.7644
89.6976
88.7800
88.4745
88.7584
88.8729
88.2179
87.7284
87.2683
86.5440
89.2922
88.8942
87.5187
87.9060
87.6856
88.4574
88.3065
89.0662
87.7996
87.5967
88.0392
86.6644
88.6028
86.8837
87.6055
86.5139
86.1253
86.4976
86.9621
87.4207
86.6503
88.5250
88.1385
87.7557
87.9663
87.7004
85.9485
87.1978
87.5830
86.9712
85.6052
85.2499
86.4789
84.9717
85.0422
84.2866
84.1848
85.6852
84.2854
84.4208
84.9133
86.1420
85.8448
83.6804
83.6476
83.4900
86.2946
86.7013
85.0201
84.8933
85.2260
85.9580
85.5707
86.8972
86.2878
86.4295
87.9763
86.4441
86.6096
84.7532
84.1637
84.8486
84.9136
86.4301
82.7981
83.8454
83.4147
84.8258
84.8456
86.0542
84.4388
84.8788
84.8625
85.4689
86.3394
85.6134
85.8827
86.4992
85.8829
85.4473
85.6895
87.5772
85.6335
85.5065
85.1847
86.6841
86.7935
87.4343
86.8084
87.5408
87.4983
89.1127
88.2320
89.9301
90.8899
88.8769
87.2115
88.1333
87.2087
89.1035
88.4338
88.1323
88.3152
89.0278
86.3724
86.5740
87.3515
86.2005
86.7978
85.1022
84.4110
83.4480
85.6333
84.9654
85.8025
86.0602
87.1847
86.3149
86.1196
86.1892
86.1998
84.7774
86.6110
86.2990
87.5844
86.6418
86.7165
86.2916
86.5581
88.1260
87.7285
86.9645
86.8698
86.2743
86.4129
86.4301
87.2872
88.6213
88.2325
88.2869
87.7227
86.9072
88.1797
88.3441
89.1063
89.3791
89.1954
86.8926
87.1864
88.7072
90.5235
87.9374
87.4268
86.6882
87.5957
89.6476
89.3290
87.7454
88.1936
85.7079
85.8079
86.6027
86.7699
87.0084
86.6718
86.8600
87.4893
88.2965
88.3225
89.5523
88.3140
89.1502
88.2965
86.9583
86.7703
86.5663
86.6246
87.1866
87.9963
87.1566
86.8491
86.3663
86.5816
86.8325
86.2968
85.6187
84.9589
84.2600
85.0097
86.2489
85.9170
85.4764
85.8102
86.2655
85.9062
86.2580
85.9085
85.4802
85.6006
86.0545
85.9813
83.9199
83.1059
83.8738
84.7498
84.4386
84.9004
83.4124
84.1973
85.5500
85.2816
84.5817
86.7382
86.5212
86.5187
86.3713
85.5983
85.7606
86.2870
85.3502
85.7675
85.6187
86.2958
86.2725
86.4609
85.6543
85.5422
85.4967
85.2439
86.9726
87.0212
88.3690
88.3322
87.6055
88.6794
88.7450
88.9632
88.0126
90.1891
89.8971
87.7387
89.1605
89.5792
89.4325
89.2854
89.0913
87.5286
87.5229
87.8940
87.8763
89.2219
87.9847
87.3058
87.5984
88.8009
88.0827
86.7152
88.4329
87.8219
88.0363
89.6412
89.8754
89.1436
89.9653
88.1853
87.8392
88.1749
88.3083
88.7082
89.5757
90.0700
88.0039
87.8298
86.9453
87.9933
87.1843
87.1293
87.3914
87.5300
88.9329
88.0840
87.7119
88.4539
86.7325
87.2660
87.9281
88.2871
89.1331
90.6517
89.8681
91.7096
90.4856
91.2163
88.8827
89.8101
89.8448
91.2508
92.5280
90.5583
89.9077
89.9832
90.9557
90.8051
90.6228
92.3357
90.8708
91.7062
88.8060
89.7425
91.8229
90.4273
90.2841
90.0082
90.2825
90.4602
91.6477
90.6055
91.0457
91.9855
90.3510
88.9870
90.4694
91.4648
92.2663
92.0814
93.2776
91.8363
91.8015
92.3039
91.3058
90.0908
91.8319
90.7256
89.7539
88.5882
86.6041
87.8894
89.8240
89.1735
89.8921
91.0446
92.2462
91.7040
89.5762
89.7217
88.6497
90.3858
90.2167
91.3936
91.4958
91.3475
90.5052
91.0096
90.1765
87.7831
89.3657
90.2280
88.8604
87.3880
88.2842
88.3321
88.7011
88.1359
87.1980
86.3623
88.2977
86.3542
86.8895
87.4783
89.3873
88.5498
88.3485
89.2820
88.1596
87.9891
91.3591
88.9929
88.4086
88.5050
89.7979
89.7887
89.8143
88.2817
88.9668
89.5177
88.7107
87.9711
89.1792
88.6889
88.7472
88.2630
88.4020
89.1230
89.1794
91.0773
88.2488
90.5694
90.8823
90.7575
89.6561
88.1143
89.8356
89.3017
89.3086
89.7191
90.0044
89.0990
90.0545
90.9883
90.8281
90.4262
90.6058
92.5975
91.1617
93.7522
92.6102
90.3665
92.5621
91.5152
91.0543
91.4112
90.2404
89.6777
89.8687
89.0582
88.2998
88.8885
89.6178
89.9898
89.4222
89.6065
92.1047
91.9825
90.9644
91.4748
91.5009
90.0708
91.0091
91.2433
88.7788
88.9616
91.1431
90.2499
88.9636
89.6489
89.4112
89.2698
88.6785
88.0076
87.9393
89.1049
89.4102
92.1573
89.3897
89.6843
89.6525
88.9854
91.4043
91.8965
91.1056
89.1589
90.4711
92.1169
92.4600
92.4079
89.3160
92.6605
92.9092
92.7147
92.8247
91.6978
91.8860
91.9202
92.7169
92.5001
93.3972
92.8778
93.2367
91.1208
92.3046
90.9223
92.4814
91.1980
91.0940
92.9189
90.8011
92.3209
93.0727
92.3173
93.0403
92.3278
91.7771
91.1576
91.1552
91.0700
92.5472
93.0302
95.5938
94.4461
92.8412
93.2042
92.9774
92.9821
92.0511
92.3785
92.3385
93.3006
94.2912
93.1258
91.2930
90.8436
91.9949
91.6970
91.6788
92.6593
94.5689
94.3391
96.7051
96.4529
95.1602
93.0733
93.5158
93.0078
93.5738
92.6040
92.7872
92.9325
93.6809
97.2512
96.0551
93.7465
95.4109
93.6978
93.7098
94.6602
93.1514
93.9994
93.7920
94.0178
94.6223
95.5661
94.2042
93.3915
94.0768
94.6323
93.9259
95.0050
95.2978
94.2997
92.6178
93.1254
94.0050
95.4794
92.9875
94.3405
92.9294
92.8812
92.4649
92.7795
92.8293
91.4095
91.9035
92.2963
91.8599
92.2316
93.1516
92.7772
92.2905
93.4040
92.6801
92.3901
94.1280
95.1916
94.7462
94.4311
94.0944
96.1255
95.8439
94.7330
95.2807
94.4229
94.4350
94.4714
93.9598
94.6905
95.1191
95.1704
94.5359
96.3332
94.8682
94.7845
93.0059
94.6272
93.1259
92.5340
93.2405
92.2796
91.8911
91.8578
92.0320
92.9513
93.5926
94.4128
94.9297
94.0712
93.1637
91.6189
94.0938
93.6141
94.4708
93.8806
92.4846
91.6936
93.5259
92.2839
93.1948
91.7644
91.5476
93.2008
93.0580
93.5745
94.3215
93.7237
92.5493
94.3640
94.1926
93.5961
93.9024
95.6857
95.9458
94.9163
94.8835
94.6763
93.9398
94.1274
93.3228
93.7854
94.1901
94.2879
95.6102
94.0404
94.2656
95.2839
96.7029
96.4662
95.5758
95.2890
94.6056
95.3420
95.4519
97.0041
98.0345
97.1472
95.0734
95.8910
95.2640
94.7712
95.6268
94.1456
93.3898
92.7447
93.3631
93.4248
95.7982
94.8948
95.4352
94.4044
94.3945
94.9835
94.2152
93.7054
95.9827
93.7036
94.2587
92.2735
93.7900
97.0675
96.0553
96.0429
95.0298
94.9283
96.2097
95.8824
95.1202
93.0105
94.2264
94.2994
97.2117
94.2986
95.2545
94.8128
96.5221
95.7259
96.1675
95.5702
94.7024
93.6917
95.1720
93.2424
93.5435
92.1686
91.7163
92.5965
93.9602
92.7111
90.7204
91.6679
93.5905
94.4804
93.8026
92.5986
93.5121
94.5253
97.3036
95.4342
96.1418
95.1315
94.1355
93.7759
93.3087
93.6241
95.7027
93.7580
93.1950
91.9007
92.3526
92.1586
90.6716
93.3098
93.3109
92.6747
92.1976
93.1164
93.3379
92.5099
93.0846
93.8906
94.5037
93.6699
92.4724
91.9659
91.5266
91.6571
89.9698
90.8366
91.2589
89.3191
91.5282
90.4063
90.8017
89.9945
92.3872
91.5402
92.6023
94.4745
93.7814
92.4901
90.5363
91.6530
93.2823
93.0868
92.4244
92.0338
91.8006
88.5292
87.8027
87.8413
86.6803
87.9049
90.0554
89.3107
88.3958
88.8680
87.9528
91.7207
89.3655
90.5330
89.2580
89.6207
89.0818
88.0445
88.4506
90.3264
89.4427
89.9190
89.8732
90.1616
88.7308
89.3461
88.3629
89.0624
90.9221
89.9169
90.5701
92.8955
92.1184
92.7920
91.0016
89.4010
89.6979
89.6000
89.7481
90.3931
89.8863
90.8382
89.5804
89.1797
91.0360
90.0172
91.2950
90.9930
87.9847
87.2863
88.7322
89.1399
89.5849
88.8057
87.5854
88.0973
88.6455
88.8590
87.7286
88.8756
89.8016
89.2257
90.9198
89.0021
88.7118
88.8313
89.8349
88.9960
88.2140
88.0022
88.5606
89.0761
89.0314
89.4670
86.6582
88.9733
88.8403
89.3303
90.0053
90.6303
90.3740
89.9722
90.6877
89.2047
89.8702
90.7975
89.7759
89.4903
87.1086
89.7446
89.0232
89.9021
89.4333
92.1816
93.5381
91.9265
92.0014
89.7030
90.4672
88.5060
90.9080
90.2923
90.5910
91.0571
91.3759
89.1079
90.4607
90.2322
91.7459
91.5153
90.8221
91.5113
90.4919
88.9951
90.4344
90.8221
91.5862
92.8894
93.8422
92.4218
94.2944
90.5353
91.8852
91.6169
92.1105
92.6942
92.2429
91.6873
91.7162
90.9818
90.2029
92.4687
91.1770
91.3902
91.3958
90.7753
91.1073
91.9262
92.7270
91.0935
91.6563
91.8434
92.4772
91.6767
91.1029
91.7753
91.3209
90.5176
90.3620
91.8046
92.6534
91.4657
92.1111
91.3459
92.7818
91.3445
91.2497
91.1043
92.5025
92.8660
90.9574
89.8140
89.8054
88.7011
89.0975
89.9920
89.7362
89.5856
91.3632
90.4555
90.0592
91.0909
90.5942
89.9514
90.9930
91.7618
91.3355
90.2211
91.8992
91.9150
90.1321
89.0560
90.3890
90.0364
89.7016
91.5369
90.3843
91.1360
89.4155
89.7340
90.7591
91.3342
89.2962
88.9589
90.5792
87.9228
89.3120
89.4368
91.0392
90.6218
89.7537
90.0004
89.9404
90.0724
89.6294
88.6464
89.2581
89.6189
90.0296
91.8722
93.3182
92.2976
90.9908
89.4849
90.1686
91.4076
92.2666
92.2117
92.9029
91.9347
92.0503
92.6112
93.9165
93.5058
92.8138
91.5307
92.8012
92.1179
91.7959
91.2329
91.9782
91.0576
92.5101
91.5852
91.1447
94.1144
92.5438
93.0123
92.6398
92.9047
92.4684
92.5812
90.7533
91.8405
93.2298
90.9195
89.7304
91.1539
91.6520
91.1327
91.8588
90.9503
92.1090
93.0848
93.4868
91.8297
93.6146
91.6362
91.9615
93.1128
90.5271
89.0242
88.5318
89.9713
89.6652
90.5243
89.1360
88.9885
89.0161
89.6387
87.6353
89.2825
88.8624
89.0703
88.4229
89.9247
90.1894
90.6570
90.6799
90.4559
92.4762
92.6280
91.7731
89.2186
88.9976
90.2566
92.2773
91.3363
90.5571
90.3070
90.9035
90.7080
89.0619
90.8804
88.0552
87.8591
88.1881
87.1033
88.9230
88.5020
87.2738
87.0899
86.5147
86.9586
87.4203
88.1421
88.5906
88.0882
88.1023
87.7732
88.7299
89.1751
87.4323
88.0201
89.4310
89.4957
88.9605
89.0145
89.3029
88.6441
88.2331
88.2581
88.6911
87.2792
87.1731
86.9834
87.4616
86.2058
85.7143
84.9732
85.8101
86.5355
85.6432
85.1577
85.5059
84.5839
85.4695
86.9297
86.3021
86.4162
87.9544
86.5707
87.3493
88.9212
88.8154
88.5419
86.6366
85.0993
86.8882
88.2751
88.4596
88.9218
89.1077
88.9505
90.1930
89.7784
89.0442
88.0890
90.5082
88.8991
88.7728
88.0312
88.1770
87.9469
88.0439
88.6320
86.6006
86.9873
86.4223
86.3449
88.1450
88.1617
89.2176
89.6014
90.0700
88.9031
89.9577
88.0126
88.7273
89.3668
89.6831
88.6022
87.2914
87.0922
88.1333
89.5450
89.3731
87.2799
87.1301
87.8966
88.0876
85.7509
85.6578
86.7465
88.0782
87.3303
87.6512
88.6807
87.5587
87.3816
86.7007
87.9019
87.2725
86.1386
86.4082
86.8859
88.7884
88.1417
87.6538
87.7767
87.4140
86.1897
85.9878
86.2390
85.3343
86.0905
85.7800
86.7847
87.6089
88.2263
88.2570
88.3322
87.4740
88.2260
89.7665
88.0890
88.9418
88.8400
88.6826
90.1702
90.5626
87.4454
87.8414
88.8570
88.4423
88.7236
87.8275
89.0995
89.5434
89.7806
89.3391
90.3860
89.4447
89.8073
89.5563
89.1008
88.7012
89.6499
88.2237
88.3714
87.7435
86.1799
87.6990
87.2136
86.6297
86.4547
87.2374
87.7383
87.0613
87.3234
88.8945
88.2935
88.1738
88.9565
88.8643
88.6036
87.9927
89.5184
89.7563
89.2485
88.7121
88.1291
89.4860
89.7211
89.8057
88.7425
89.3905
90.4366
88.6049
88.4815
88.1579
88.6686
88.5887
87.4343
88.4562
87.6433
88.1360
87.6701
89.2224
87.9876
88.5559
90.1983
90.5158
90.4585
89.6551
89.1808
88.3813
89.9772
87.7254
88.1342
88.8469
89.4482
90.1335
88.2772
89.7726
88.6948
89.7920
88.4958
88.4335
87.4880
87.9232
87.8311
88.0871
87.0830
87.9660
88.2930
88.2618
88.0561
90.0051
89.6920
88.4004
88.7430
90.5946
89.9840
89.6917
90.7731
91.0516
89.5272
89.0815
91.7141
90.8572
90.0975
90.6868
89.7262
89.7934
90.3798
90.3069
89.3912
88.4180
88.1186
89.9573
89.0564
89.8862
88.9820
89.5114
89.2572
90.7547
91.4648
89.9085
90.2814
91.1915
91.4957
91.1499
91.5306
89.7471
90.9410
90.0653
88.1646
88.1715
87.6849
87.5932
86.3427
87.6659
89.1200
87.0805
87.8914
88.6000
86.4817
87.9811
85.7893
86.8368
87.5638
88.1004
89.1228
89.7036
88.2973
88.4968
88.0403
88.8429
90.1508
88.5705
88.7811
88.5275
88.7123
89.3629
88.2192
88.2326
88.8813
89.6645
90.6926
89.1945
88.4493
88.6077
87.2503
85.5088
84.5907
86.2070
87.3759
86.6886
87.7242
88.0888
87.4325
86.9035
86.2357
86.1068
88.0194
88.8884
88.2207
87.2618
87.9761
87.5869
86.8149
87.2637
88.1110
87.8978
86.7142
87.7970
87.1050
86.0661
86.7284
87.7383
87.2848
87.1278
87.8517
86.1347
86.0386
87.9131
87.4410
89.1813
88.0931
86.5098
87.3437
87.1094
88.1982
87.2188
88.2075
87.2432
88.2506
87.9101
88.2249
89.3484
90.3491
88.7885
88.6663
89.6366
88.8086
89.9482
91.2353
91.2073
91.7289
90.9745
90.0244
88.4542
90.0194
89.7694
89.7416
90.7075
90.3968
89.2637
90.5740
90.2468
91.4676
91.4098
91.9528
90.7657
91.9318
92.2215
90.5889
90.5924
88.8879
89.4804
90.7512
90.3915
88.7329
89.6291
91.6794
92.4075
92.5094
92.3173
90.8615
90.8260
90.8762
91.8832
90.8492
90.9100
91.8690
91.0478
92.3330
90.0237
91.3299
90.8075
92.0113
92.6511
88.5283
88.7399
88.5774
88.3991
90.4437
88.9408
88.9481
88.3405
90.3294
89.8326
89.2713
91.4811
90.9091
91.7204
90.7739
89.2724
90.5864
89.5171
91.6169
92.0947
90.0676
90.5159
89.6460
90.4077
89.9921
87.9469
89.1848
89.8676
90.0841
91.0273
89.5248
89.5435
87.3145
89.2463
90.0203
90.1762
89.2902
87.3780
87.7849
89.2188
90.2216
92.7268
91.8925
91.9218
91.1488
91.0143
90.4649
89.6914
91.0471
89.4842
89.3696
90.5134
89.3456
90.4136
89.7641
90.2768
90.1620
90.6665
91.3907
90.3305
90.9312
91.3753
90.6281
91.5901
90.2083
91.5371
91.7135
91.2868
91.5091
90.5424
91.4995
90.8137
91.4219
89.3569
89.3162
90.7060
88.7591
89.3174
88.6277
90.2393
89.4960
91.1658
90.4760
88.8053
89.4725
87.8668
87.0422
87.3935
87.3729
88.3810
88.2236
88.6298
89.6301
90.6308
90.9755
90.5662
90.9243
90.3464
90.8104
89.6241
88.8609
89.2264
89.6551
91.0600
90.2231
90.0017
91.4154
90.6056
91.0064
88.7880
88.8567
90.5957
88.9874
90.3591
90.4892
87.0637
87.2750
88.1324
88.2930
89.1051
89.2175
90.5248
88.2863
88.9935
87.2146
86.9356
88.0979
88.2776
88.5312
87.2801
89.1084
89.9670
90.1527
91.5370
92.0428
92.2953
92.2053
92.3865
93.5072
91.1796
90.9137
89.6082
89.4097
88.8894
88.2685
87.7070
89.1230
89.8834
88.7523
88.5738
87.7238
88.4812
87.9962
89.1580
88.1133
89.6781
88.8665
88.5610
88.6473
88.8393
89.1288
88.6590
88.1229
87.8470
88.5989
89.5375
88.2680
90.4130
89.3855
88.0279
87.0014
88.9935
88.2033
89.2213
88.0104
88.4652
89.3596
88.4964
89.3214
88.4895
89.8692
89.1862
89.1261
89.0291
90.6254
89.9364
89.1998
87.4113
87.7771
87.1543
87.9182
88.8848
89.1109
90.4269
88.1610
89.1191
88.6252
88.4861
87.6650
88.8432
89.0427
87.8121
88.3894
88.6317
88.3275
89.8953
89.6798
88.4237
88.3007
87.9882
88.0967
88.9790
88.7729
89.7098
89.6353
88.2691
88.9444
88.7365
87.9329
86.1955
85.4422
87.0050
86.4272
86.3378
88.1693
88.4125
89.3304
88.4983
87.0800
88.4148
87.6314
87.1736
86.9517
88.1435
87.8750
86.5488
86.2402
87.8168
89.4224
88.6949
88.4163
89.3635
89.3048
89.1404
89.3410
89.6676
89.5764
86.3031
86.9718
88.3620
87.8979
90.1921
91.3567
89.2958
88.5373
89.3580
90.2578
90.7376
90.8397
90.4981
91.5367
91.6544
91.3780
90.4732
88.3865
88.7379
89.9197
90.5367
89.8405
90.2933
89.7108
89.5137
90.5406
91.4798
89.7621
89.9494
91.1280
91.2799
89.9102
90.4990
90.2602
92.0043
90.5672
90.9469
89.9595
89.7255
91.1223
91.4017
91.3312
92.1348
91.7726
91.3111
91.8156
92.2278
92.9718
90.8896
90.6920
90.4280
91.3376
91.5105
90.6212
90.6007
91.6483
89.7025
88.5282
88.6088
89.2342
88.9718
90.3583
89.9258
89.9802
91.8159
90.8959
88.5002
91.0773
88.1967
89.9615
90.9071
91.4774
90.9655
90.8434
90.7961
90.5412
91.5364
91.8665
91.5772
91.3113
92.1178
92.9132
92.2250
92.3735
93.0204
90.4448
90.4419
91.3397
91.5417
91.8351
92.7359
93.0097
91.9843
93.9300
95.0929
95.6322
95.8606
96.1914
97.6018
97.2008
97.5262
96.0500
95.8810
96.7308
94.1883
93.3142
93.8917
94.8157
95.0213
93.8248
93.9811
92.4931
92.9305
90.4151
90.5332
89.8686
91.2989
90.4248
89.6803
89.0529
91.7538
90.5351
91.8295
91.5898
90.7713
90.3228
91.1037
91.3039
91.7896
91.7765
91.2877
91.7608
90.3321
90.9750
90.7811
90.1433
88.0548
87.9718
89.7763
89.4707
92.3886
90.9160
91.8155
92.2014
90.9424
92.8407
91.5173
91.4291
91.3686
91.0304
92.1147
92.4353
91.5992
91.5320
90.6041
92.9200
92.9786
91.4290
90.1256
91.2959
91.9780
92.5108
91.0539
90.4113
90.2996
93.5984
92.9546
93.0368
92.0529
92.5135
91.9320
93.0058
92.6426
93.0000
93.6649
92.2113
92.9219
92.5738
92.0142
91.3728
92.7504
90.4239
92.0466
92.2044
90.1577
88.0267
89.6249
89.8812
90.7992
91.2778
89.5842
90.4065
89.5518
89.2639
90.4825
90.8134
90.0457
89.7176
90.7472
90.1449
90.2407
90.7266
91.7746
91.6838
93.2788
92.3082
91.6395
91.3537
90.4144
89.1417
89.8797
90.5536
91.2384
91.0905
90.7766
92.4706
91.0919
90.2747
91.2406
89.8913
89.8686
89.7257
90.8063
91.8584
91.4458
91.3002
92.1111
92.0042
91.2203
90.7161
91.0794
91.8143
91.6857
92.4655
92.6474
91.9201
90.9011
91.1112
92.1371
92.9192
94.1606
92.9913
92.6105
91.0258
91.0769
90.3833
90.3249
91.8595
91.4805
90.7973
90.3582
92.0580
90.5544
89.5066
89.2038
90.0242
89.9837
90.8138
90.1770
88.8904
88.0028
90.0378
91.3021
91.3632
91.1651
90.5076
89.4061
89.8370
89.5702
89.0113
88.9096
90.0782
89.5399
88.2932
89.1394
89.0647
89.7865
89.1757
87.8876
86.6812
88.5344
87.0589
88.0356
88.8158
90.4633
91.1898
92.7679
89.3373
91.4762
89.3713
88.6117
91.0111
90.0898
90.0419
89.8368
91.1053
91.2162
88.4044
89.7517
89.7377
90.2507
89.7476
91.3762
90.0558
90.0737
89.7704
90.9574
89.9237
90.8118
92.1748
92.3043
91.8243
91.0847
90.8879
90.8193
91.1172
91.6373
94.0152
91.9840
91.5238
92.3131
91.8055
93.6872
94.0954
93.9055
93.1238
92.8754
92.8819
91.7706
89.9412
90.6470
90.2897
91.0106
91.1289
90.6887
90.5290
91.3877
92.0979
89.1262
91.0468
93.1590
90.4114
92.4834
91.2648
91.0448
90.4512
89.5117
91.1708
91.4779
90.6741
89.4999
88.8787
87.8336
89.7671
88.2836
88.9733
89.8398
89.0112
88.0606
88.3615
89.9110
87.4835
87.6389
87.9378
87.6795
87.0513
88.1817
87.5178
88.1774
88.0548
89.8549
88.7600
89.0363
89.5549
89.7113
90.0246
90.2450
90.8113
89.7353
89.6911
90.4381
89.3391
90.6146
90.5568
91.7044
91.3894
91.6484
90.4868
90.6431
90.1553
89.1968
88.3332
87.8683
89.0386
88.2194
88.3443
89.3376
88.6896
88.7533
89.0348
88.8199
88.5061
89.5968
90.4770
90.5932
90.3849
90.2683
90.0737
89.5739
90.7738
90.7354
91.2733
91.2082
90.0391
91.0230
90.4735
91.4769
91.4807
91.8104
91.2377
91.5334
90.8573
91.1105
91.2271
90.4739
90.4100
91.2072
91.2614
90.3295
91.0774
91.4194
92.6727
90.9974
89.7900
89.3910
90.7453
90.4092
91.3466
90.5673
90.7424
91.5577
91.6361
93.0651
91.5244
91.0032
92.6935
93.1184
92.7006
92.8952
92.9779
92.1320
91.1971
91.9953
94.1018
92.6218
91.9984
92.9736
91.9168
91.4756
92.2901
91.1069
91.2056
90.6338
90.4692
90.6132
89.9238
90.3962
89.4233
88.3633
87.5017
88.7021
89.4302
89.6173
88.4738
90.5158
90.3142
88.2425
91.4363
90.6415
90.2185
89.4194
89.5907
89.4631
90.4493
88.9758
89.1401
89.2897
89.6720
89.1950
88.6351
90.8236
89.5844
88.8051
89.4789
88.2895
89.3097
90.1524
90.7984
90.7200
89.4417
88.2032
88.9201
89.1638
89.3825
90.4512
88.0326
88.4915
89.7569
88.4868
89.8771
91.1806
90.8207
91.7376
92.4651
90.6806
91.2908
91.9950
93.4635
93.3473
93.6135
91.5667
91.2509
90.4974
91.8244
89.9643
91.7159
91.8019
92.3503
93.7165
92.4347
93.1977
93.4400
92.6567
93.0363
93.0677
92.8401
92.0982
92.5668
92.8332
91.8310
90.9032
91.6317
90.2828
90.7974
90.7016
90.4368
89.0861
90.8240
88.7653
87.2652
89.3365
91.3412
90.8318
90.3623
90.9530
91.5742
88.7511
87.2731
87.1245
88.8354
88.6547
87.8111
89.4554
88.1580
87.7278
90.0275
89.1688
88.5615
92.0154
89.1085
89.6530
89.5807
88.6782
89.5240
89.2716
90.7675
89.7093
89.4483
89.3766
90.8992
90.5861
92.1997
89.7777
91.8750
91.7040
92.6251
90.8395
90.1607
90.3140
90.3974
90.2460
89.1209
87.8316
87.8162
89.9160
90.1941
90.9256
91.9649
89.8873
89.7858
89.9285
91.5895
91.1385
89.0111
90.9300
89.9251
89.7162
90.2160
89.7806
88.5791
88.8378
89.2447
89.8704
88.5071
88.9804
87.6921
87.6696
89.4191
87.7924
86.9519
88.2408
88.4758
88.2762
88.0560
88.5180
89.6672
89.1912
88.4793
90.3698
90.6522
91.0049
91.3728
90.8230
89.8162
89.5087
89.2230
89.9767
88.6606
87.7652
90.0594
90.8287
90.4672
89.4858
89.3871
89.9268
91.7025
91.4171
91.4315
91.3813
90.1788
90.3320
90.0832
90.6376
89.5615
90.8166
89.5932
90.0840
90.0949
91.4483
90.5748
91.2730
89.3656
89.8072
90.4835
89.8151
90.9906
89.0569
88.8469
90.5648
92.0042
90.8139
92.2671
91.7037
91.5943
91.0810
91.5735
90.5710
89.4812
89.4690
89.6378
91.0093
92.3022
90.8066
90.6870
91.5310
90.5317
91.2949
91.1801
89.2023
90.6900
88.8241
90.3104
90.2727
89.1409
90.0171
90.6374
90.5160
89.4395
90.5109
91.1592
91.6883
91.5527
92.5513
91.9667
91.8220
92.0590
91.2446
90.3254
90.8138
89.9194
89.3075
87.5921
89.5341
89.5416
89.0457
88.9509
89.8177
89.3345
88.9162
90.1866
91.1991
89.9502
91.4192
92.1671
88.5763
90.1338
90.0352
89.2847
88.0851
87.9381
87.8688
88.3111
89.3887
88.3897
89.0972
90.4139
88.9527
89.7024
88.4796
87.2609
87.8045
86.4707
87.2447
87.1086
89.0655
89.5757
88.3070
89.3765
88.9460
89.4394
88.5679
88.6949
88.8538
88.4591
88.9921
88.3181
88.3945
88.6954
86.6697
89.8443
88.8604
89.8375
92.0449
89.7009
91.5090
91.1963
91.1005
89.2177
90.1396
89.4690
90.0650
92.0672
90.8895
90.9043
90.5085
91.1979
91.7063
89.8569
91.9372
91.4248
92.0457
92.0610
91.9372
91.3119
92.2156
92.7642
92.0373
92.0966
90.4714
91.6982
90.0455
89.9165
89.2046
89.3174
89.6028
89.6179
90.6145
89.4635
89.5606
89.9176
89.6862
90.1416
90.8220
89.7543
90.1220
88.9192
88.6260
90.2310
90.0274
90.1708
90.6324
91.2946
90.5848
89.2018
88.9372
88.4395
90.5487
89.9992
91.5837
92.2766
90.4440
90.2334
91.3798
90.4693
90.6757
88.9869
91.2533
90.5719
90.7086
90.5150
90.2927
91.5938
90.2246
91.0657
90.8657
90.8741
91.4937
90.1747
91.7884
91.2010
90.4324
90.5704
89.9398
91.1851
90.4197
91.0970
92.2784
90.1120
91.2590
91.1230
92.2974
92.4217
92.9136
91.4808
91.5688
90.5180
89.7536
89.7595
90.4311
90.0550
89.1447
91.1461
90.6680
90.6570
90.3010
91.9324
90.6246
90.9133
90.6813
89.2816
91.3102
90.5309
90.6246
89.4569
89.4534
92.7371
92.2336
91.9493
91.1558
90.7161
89.6494
90.9673
90.8167
93.2848
90.8265
91.0656
91.0457
90.1407
89.6606
90.7449
91.8212
90.9647
91.2442
90.5134
91.0538
89.6000
90.9848
89.7287
90.0607
90.4966
90.1303
92.1645
92.6483
93.0144
91.0415
90.4315
92.2264
91.7801
93.5161
91.9033
92.6634
92.3266
92.4792
92.0040
91.0208
89.9975
91.1745
91.6193
91.6335
92.7086
92.5563
92.1191
92.0388
93.3591
93.4248
92.6307
92.6404
93.3301
91.8428
92.9131
93.7115
93.2118
94.3146
95.5018
94.7233
93.5693
91.1147
92.3329
92.5979
92.6041
92.6050
90.5976
92.8491
93.4984
94.0468
94.1576
95.1415
94.3549
93.1419
93.4945
93.1407
92.3597
92.5423
92.2255
91.6405
93.3298
92.5337
91.0619
93.1809
93.4643
92.3194
91.0235
89.4056
88.8195
90.5458
89.8973
91.6531
90.9346
89.8122
90.2140
90.8690
91.7786
91.9424
91.6583
91.4701
90.4394
90.7959
89.7583
90.8597
89.4608
89.6482
89.0835
90.9820
89.7276
89.8207
90.2837
91.2402
91.2523
90.6031
90.8988
88.8141
90.7576
89.7908
89.0317
89.3467
89.1153
90.7969
90.5824
90.2840
89.1871
89.2969
88.8993
89.2117
88.6572
87.8635
86.4447
88.3006
87.8509
89.5864
89.8951
89.1169
90.4579
90.4021
92.3071
93.5017
92.4347
92.2791
91.4568
92.4593
93.2090
92.2005
92.2089
92.0190
91.7232
90.6908
89.4939
90.8758
90.7034
90.6134
90.5097
91.0484
90.3537
91.2473
91.6069
92.0699
89.8327
90.7192
90.8730
90.3396
90.4337
91.3514
89.4675
88.8647
87.7111
87.6382
88.2554
86.4340
87.3246
88.1865
88.1597
88.0895
87.7928
87.2168
87.6068
86.4959
87.7667
87.6244
88.2957
89.5857
90.7743
88.3606
88.9923
88.3762
88.0947
89.9872
88.7503
87.9563
89.0814
90.0525
89.6975
89.0615
89.4731
88.6933
90.1664
91.0876
90.7783
90.1122
89.9303
90.9741
90.1829
91.2447
90.9717
91.4304
90.2931
88.8982
90.1053
92.1173
90.1923
90.4656
89.9846
91.7833
92.5984
91.7213
91.3950
90.9073
91.0008
90.7533
90.9262
91.7128
91.2920
89.6133
90.9467
91.0948
92.4856
90.9265
92.1692
92.0737
91.3524
90.6649
92.1984
92.2792
90.3504
89.9393
89.7233
89.8872
89.0235
88.8262
88.5750
88.6986
88.0210
88.2581
89.1490
89.0663
89.9215
88.6406
88.5111
90.1468
88.8567
87.5125
87.9202
88.8311
89.6294
88.0017
89.3790
89.0610
89.1514
88.7804
90.3043
90.9725
91.3272
90.7455
91.1091
92.1756
90.7654
91.6650
89.6010
87.5893
87.8477
86.7434
87.8859
86.2920
85.5768
84.7880
85.2546
84.9987
84.7117
85.1367
86.3913
87.5359
87.4290
89.1923
89.4182
89.1985
87.9622
86.8824
87.1042
85.6446
87.4318
87.2968
89.1193
88.9485
89.5102
88.4187
89.5820
90.2416
89.9324
89.9504
88.6230
87.2322
86.4683
87.3315
87.4855
86.1611
85.8297
85.7759
87.3153
88.2222
88.5776
91.1539
89.6257
88.9036
87.1261
87.8998
88.5561
87.8697
88.4017
88.0143
89.2248
88.4087
87.2282
86.8005
86.7120
87.5474
87.5386
85.1940
85.7306
84.0518
85.6384
85.7501
86.5148
86.7888
86.8006
88.1718
89.4066
88.4740
87.6348
88.4797
88.5397
89.5098
88.2519
87.1358
86.4386
86.3833
86.3103
86.9631
87.2408
87.1097
88.1322
88.7546
89.3799
90.5885
89.2503
89.7116
89.4121
90.1848
89.4300
89.6999
89.8021
89.6925
90.0404
90.6243
88.6314
89.4569
88.3633
87.1801
86.7636
87.5212
87.8107
87.8321
86.8279
85.5024
85.8569
88.0236
87.7116
88.1108
87.8714
88.0824
88.5778
86.4332
86.1096
87.0064
88.0923
87.4426
88.2431
88.2421
88.7692
88.6107
89.0648
88.2628
88.3085
86.5314
87.8076
87.7264
85.9925
87.6826
89.0630
90.1358
90.3376
90.3704
88.7368
88.4333
88.6179
88.5524
87.9804
85.7496
87.3814
86.4540
87.4188
88.3450
88.6987
89.8067
89.9972
89.5354
88.9797
90.5218
88.9599
90.2734
90.1621
90.2406
89.9493
90.4699
89.4305
90.9904
90.8615
91.1553
92.2427
91.3080
92.0860
90.6863
92.3372
92.8737
91.1635
90.6554
90.4474
90.8901
90.1193
91.1541
91.5669
90.6785
91.8568
91.3604
90.2434
89.9608
89.7913
91.5021
90.6651
90.2186
91.5015
90.5640
89.1907
93.8203
90.7925
91.0603
88.8513
90.7678
89.5259
89.7175
92.1315
91.4740
90.9937
90.2091
89.5952
87.7610
90.4729
89.5431
90.1356
89.4478
89.9925
90.5500
90.7917
92.1404
91.5049
90.6457
90.6159
90.5922
89.2743
90.7430
90.9360
91.8361
89.8122
89.2270
90.0250
91.3016
92.0032
90.3006
88.6204
90.2954
91.5069
90.3030
89.5366
92.4670
92.1930
93.2275
93.2568
90.9387
92.4078
91.5232
93.3361
90.7896
91.6679
92.5803
92.7881
91.8049
91.6142
90.5083
91.5144
90.1854
90.9522
92.2731
90.1557
92.3516
91.1652
91.3012
89.3922
90.6301
89.9822
91.4073
91.4589
91.1475
89.4522
90.9277
90.1133
89.7469
91.1241
90.0966
91.1085
90.2960
89.4041
89.4138
89.5850
89.8754
89.1067
88.4702
89.4698
87.1513
86.8980
87.8605
88.2089
87.5486
85.7332
85.4121
84.9580
86.4419
85.2513
87.3945
86.2713
86.8160
85.9073
85.3582
86.0211
86.7849
86.8374
87.0666
87.4619
87.0509
86.8844
86.8091
86.3331
86.3340
86.3260
87.0323
87.3143
86.9759
88.3847
88.5337
87.0933
87.1292
87.6085
87.0303
86.6600
87.5033
87.3895
88.6270
88.5028
89.3248
88.7185
87.8551
88.0851
87.1787
87.0902
89.4874
87.7793
88.2062
89.3667
86.7244
88.5567
89.1678
90.2390
90.1599
89.2697
90.5496
90.4646
89.8464
88.2881
88.0637
88.3881
89.3678
88.0042
89.7558
89.5620
89.2927
89.4978
90.0866
88.8530
89.8146
89.5978
91.6786
90.4964
91.7248
92.1004
92.1089
92.2429
93.5254
91.5028
92.7146
93.0530
93.2341
93.5324
93.0153
94.6437
94.7554
94.3571
95.8415
94.5278
93.7819
95.1674
94.0554
93.1664
93.0669
92.8236
93.3765
93.0557
91.6443
90.6745
90.5598
90.2659
89.6035
90.3313
90.2959
92.1019
90.8894
89.8849
91.5777
89.9635
90.4664
89.1155
89.4046
89.5461
89.4643
89.0605
88.7962
89.8553
89.4405
90.1870
90.2959
90.5105
90.5591
89.7632
88.4301
88.7526
87.5608
88.1494
89.4761
89.3904
89.7397
88.2587
91.3830
90.7856
90.7587
89.8377
89.0036
88.5881
87.9950
86.6090
86.6401
88.0555
89.9879
89.1574
91.4298
89.7826
90.3026
89.6426
88.6237
88.3485
87.7627
88.5370
87.6577
89.0344
88.8122
88.8232
88.7962
90.3334
88.5720
88.7928
87.6045
88.3282
88.7193
88.3315
86.9365
88.4855
87.7489
89.1085
90.0575
88.8553
89.5956
89.0420
91.3396
90.2400
87.8041
87.9910
89.5605
88.5588
89.1256
90.6523
92.8558
91.2446
91.9371
91.0314
92.7265
90.2388
89.6878
89.3539
90.6966
88.2595
90.5407
87.4055
88.3900
89.7995
89.0148
87.6794
88.8817
88.8751
89.7415
91.7022
89.8319
89.9703
89.5501
89.2861
90.9517
88.9794
88.3221
90.2659
89.5452
89.0173
90.1190
91.6590
90.4389
91.6700
92.0653
90.0777
90.0441
91.9165
90.6343
89.8403
88.8777
88.4391
89.1712
90.1111
90.4117
89.4382
89.4092
88.2478
87.9650
89.6663
87.9416
89.7894
88.4780
89.3185
89.8448
89.9508
89.2589
90.3842
89.9136
90.3304
89.6897
88.8053
89.0130
89.9319
88.8712
90.0872
89.6235
89.3334
89.5300
87.2986
87.9996
88.9232
89.0071
88.7767
89.8658
89.3389
89.4653
89.9130
88.7281
88.6403
91.2520
89.7025
89.9883
88.2444
89.5001
87.5703
88.0665
88.3590
88.1548
88.1981
88.5539
88.5416
87.9310
89.2645
89.6549
89.1509
88.7040
89.6413
88.9581
88.8116
90.5127
89.6841
89.8615
90.2355
90.7879
89.8492
90.5802
89.9280
92.0668
89.7458
90.6193
90.1128
90.2608
90.2038
91.1186
91.5237
89.9426
90.0713
89.7153
89.0032
90.3477
89.6107
89.1700
88.9621
89.8693
90.8587
89.2299
89.1137
89.9641
90.7370
88.6329
91.0112
87.9759
88.1479
89.4265
89.1439
88.5159
87.8413
90.0529
89.6390
88.7410
87.5533
87.7031
88.2380
89.3047
88.0332
87.7476
87.0059
86.8387
87.1316
87.7267
86.9291
87.1183
86.2774
85.9351
86.8984
87.3813
87.6000
88.0656
87.1506
87.4417
87.4153
86.4253
86.9779
87.4161
86.6035
87.0594
87.3687
86.0727
86.1646
87.3369
88.8116
88.8594
88.3293
89.5519
90.0539
90.7177
90.3953
89.1501
90.2244
90.5720
90.0041
90.7207
90.6457
90.9898
90.9888
90.3135
90.3597
90.7074
89.7655
90.2397
88.9321
89.7741
90.3557
89.9060
89.1078
90.6801
90.5386
92.1933
92.2141
92.7387
91.2258
92.5051
91.7856
91.5303
92.3736
92.2028
92.5013
94.0018
94.8309
95.8080
94.5706
95.1506
91.9464
93.2119
93.0886
93.1965
94.5571
93.7579
92.7525
92.7499
93.2479
91.4290
90.7544
90.4510
91.4687
92.9610
92.3860
91.1411
92.6587
93.4309
93.1996
93.7808
93.5500
91.7395
90.6420
90.1613
90.1880
89.5261
89.5617
90.8038
90.8457
88.2671
90.1193
91.5425
90.4896
90.9907
90.1542
89.9568
89.6208
89.2290
90.1982
90.9538
90.7158
90.9684
89.6101
89.8121
88.8817
88.8384
89.9514
90.6517
90.6548
91.3797
89.7479
90.6896
90.6424
90.1595
91.2866
90.6879
91.4990
88.7684
89.9292
90.1552
91.5847
91.0900
90.1557
90.5127
89.6229
90.2661
90.3989
90.5081
91.7233
90.9698
90.4018
90.0669
89.8031
91.8778
91.2535
90.7633
90.0458
90.4752
92.5872
93.2266
93.2155
91.7176
91.3574
93.7666
91.5933
91.1543
91.6543
91.2681
92.2819
91.7113
93.2127
91.5417
91.3676
93.0420
90.9679
90.0216
91.8696
92.2523
91.6337
90.9315
91.8855
92.9545
92.5182
91.2743
90.7371
92.6877
92.9170
90.7769
91.2298
91.0693
91.8301
90.0047
90.6509
91.0417
91.4061
91.7342
91.9571
92.3673
93.3654
92.9726
93.2929
91.4881
90.7385
89.8681
90.8925
90.0508
91.3817
89.8900
90.5442
89.7222
90.0446
89.3072
91.3104
89.8626
89.6512
88.5518
89.7441
92.0823
90.3622
90.1024
90.4757
89.7745
90.3686
90.3496
90.8354
89.9870
87.9339
86.9989
87.6967
88.3021
87.3521
86.6427
87.1890
88.3438
88.1425
89.0456
89.2797
89.1492
88.5107
89.0493
87.3303
87.5779
88.5445
91.1596
91.2738
91.2328
91.1613
89.6016
90.6237
89.7813
89.3491
90.7802
90.4585
91.5750
90.4155
91.8858
91.8075
91.5401
90.2686
88.6475
89.3599
89.4123
88.2649
88.0076
89.9787
89.1607
90.5073
89.5194
90.6453
89.9989
89.4881
90.8321
90.9491
88.3420
91.7602
89.2823
90.0484
90.1517
89.7488
90.0638
89.1574
89.8717
91.2528
88.3500
89.4513
89.8467
89.5892
89.4516
90.5576
90.1487
88.4465
90.8299
89.3065
89.8571
90.8594
92.4942
91.7256
92.6619
91.8906
92.7196
92.8237
92.1570
89.9722
91.0614
90.5681
90.6985
90.8762
89.1894
89.4128
90.0119
87.2375
87.0431
87.0072
87.8094
87.4881
89.8770
87.6411
87.9952
88.0239
86.4422
87.4319
88.2884
87.4939
87.5921
88.0831
86.7949
87.9937
86.6560
86.6782
88.1743
87.3962
87.2071
86.5739
87.8370
89.2484
86.5375
87.1199
87.2061
87.9948
89.5949
89.9451
88.3265
88.3119
87.1137
85.9220
86.3699
88.2772
88.6125
89.6617
87.9437
86.9507
87.8339
87.8099
88.8603
89.6574
89.4533
88.7783
89.0729
88.6771
87.1334
88.2407
89.0779
89.5389
89.1344
91.2160
91.5044
90.0450
90.4883
89.9312
88.5421
89.9120
88.1157
88.9052
89.5929
89.3772
87.5017
87.4592
89.3363
88.4577
89.5758
87.4260
87.5354
89.1641
89.4229
88.1280
88.9187
89.7858
88.7393
88.3510
87.3553
87.1365
88.3284
87.0226
88.6663
88.0932
90.2968
91.1269
87.9353
86.2854
87.1798
86.8862
87.8956
88.0524
89.9933
89.8974
90.2947
90.4856
89.0656
90.9964
92.0000
91.8376
92.8155
91.8216
92.3233
91.6090
90.6710
90.8119
90.6239
89.3655
89.2918
89.5996
89.5618
89.4824
91.9244
90.4924
89.6563
89.3733
89.1829
89.3840
87.3381
87.0722
87.4378
88.0441
87.3558
87.5246
87.9255
87.5062
87.0621
87.6710
87.3179
87.3695
87.5516
87.8090
88.2775
90.4985
90.1042
90.0029
91.3357
91.2230
90.7865
91.6242
89.2722
90.2855
89.9076
88.4944
88.5393
88.7132
90.3946
88.7304
87.6372
88.0573
88.9797
88.6783
88.5361
89.9960
88.2039
88.9664
88.0727
88.8040
89.4019
89.6392
88.6987
90.1104
88.4374
88.9756
88.1831
88.5828
90.0502
90.5388
87.8379
88.8219
89.4021
91.3551
89.7614
89.3291
89.3914
89.2318
88.2694
89.6276
87.7913
87.5991
89.5586
89.5116
90.0263
91.5404
92.1655
90.0637
91.8649
90.4095
90.0339
92.1095
93.6466
93.2487
93.0206
89.8745
91.3539
89.8950
91.4982
91.1289
91.7779
92.8886
91.2498
92.5502
91.3707
92.2131
92.4537
92.1510
90.9526
91.2952
91.4223
92.0456
93.9965
92.9228
92.5297
91.4980
91.5046
92.3608
90.9492
91.4350
91.9863
92.8067
92.5264
92.3589
90.6227
91.5443
90.8003
92.2471
90.8944
92.0708
92.9897
93.8196
94.1183
92.0377
91.5329
91.4027
89.9224
89.4347
89.8817
90.8665
89.7582
90.8152
91.0806
89.9215
90.7678
89.7171
89.2460
89.2028
89.8898
91.1998
90.1569
89.8514
89.6709
89.6221
89.2248
89.6012
90.8256
91.7250
89.6241
89.9381
90.5264
91.4231
93.1274
91.7421
93.7303
92.7947
92.7291
