34.0303
35.3982
34.4604
35.8757
34.7775
35.8194
36.4489
35.6675
35.8726
36.0785
36.4019
37.2668
37.3748
37.0080
36.1046
35.8614
34.8069
34.8021
35.4774
35.2613
34.0450
33.8993
33.8874
34.0157
33.9271
34.4068
33.8772
34.3513
34.2023
34.5482
34.3535
34.0578
35.0663
35.7050
36.6173
35.7346
37.1964
34.4856
34.5709
33.1364
33.8640
35.0988
34.0071
34.0633
34.5905
33.8326
32.9234
35.2467
34.9018
34.1886
35.0376
34.0545
34.4166
34.1767
33.2180
33.9345
34.1788
33.8051
34.7888
35.8734
35.3585
35.1699
35.3616
36.8857
35.6422
35.4887
36.4619
36.3931
36.6636
38.4342
37.6992
37.7551
36.7404
38.6488
37.0721
38.1238
38.6977
38.4019
38.0838
39.1759
38.6476
36.4344
38.4578
37.2355
35.5716
35.6130
36.5320
34.9594
35.1667
35.3520
34.7021
35.6206
34.8424
36.3446
36.8996
36.6198
35.7877
36.2016
35.7951
35.2261
35.5704
35.8673
35.7928
35.2867
35.9205
36.2861
34.6593
35.0673
35.2048
34.4280
35.6481
35.1247
36.9180
36.1911
35.7429
36.4933
34.7421
34.1806
34.0212
34.7436
34.0793
34.7248
35.8205
34.3146
34.8945
33.3392
34.5509
34.8409
35.5809
33.9924
35.2290
35.2792
37.0229
37.1054
36.8338
36.6372
35.6034
36.9629
35.1716
37.1869
36.9059
36.8326
36.7724
37.0229
37.9441
36.9608
37.4450
37.5364
36.4446
36.3457
36.8565
36.2652
36.5385
35.4259
35.0344
35.0727
35.6462
35.2268
36.0284
36.0775
35.9318
33.8757
34.7698
35.9314
34.3820
34.7808
35.1549
35.8951
36.2795
35.3386
36.6047
35.4957
35.3892
37.4567
37.8639
37.1612
36.7018
36.7840
37.1317
37.0874
34.6717
33.3372
33.9586
33.4801
34.1668
34.6321
34.9957
33.7298
32.6191
32.6888
33.5271
32.9080
33.1663
31.9624
32.5847
33.9483
33.3839
32.7315
33.0806
31.8648
32.0726
31.5441
32.8052
32.9292
32.5237
33.8377
33.0191
31.8366
33.0033
33.7084
33.6597
34.0641
34.3429
33.6589
34.1662
33.4528
34.3082
34.2620
36.1912
34.7896
36.7181
37.3578
36.3588
35.8751
35.3272
36.2231
34.4615
32.8380
34.0233
34.6313
33.8890
34.1245
34.8920
33.6494
34.4806
34.2019
35.7041
35.1949
34.7473
35.3774
34.1974
34.9450
33.8710
35.3902
34.6299
34.4791
33.3906
35.1165
34.4734
33.7255
33.9253
34.1802
33.7075
34.9872
34.6348
35.2026
34.2642
33.2829
32.1860
33.2111
32.7450
32.6367
32.7074
32.5315
32.4467
32.4991
32.5767
33.3215
33.6256
33.8302
34.3135
34.1162
33.5470
33.8400
34.6697
32.7265
34.0615
34.1953
33.9666
33.7137
33.2331
33.8518
35.6032
33.3853
33.2521
33.5541
32.5993
33.4171
33.2028
33.6864
34.2368
34.3284
34.4773
32.8230
33.8454
35.3108
33.7898
33.8507
34.1297
33.9847
34.0769
34.8353
34.4287
34.4515
34.6107
33.1402
34.3211
33.2547
31.4032
30.9114
33.3717
32.4505
31.7411
32.2974
32.4196
33.2381
31.0545
32.6665
32.2097
32.2902
33.2826
32.3787
31.0562
32.5465
32.4142
31.3835
33.1977
32.3484
32.4239
33.7465
34.4397
33.9120
33.5420
34.1981
35.2120
34.1706
33.4400
35.3993
33.7085
33.9885
33.0902
34.6327
31.4176
32.8803
32.8793
31.7903
30.0859
30.4896
30.9576
30.5921
31.3576
30.3383
30.7824
30.3178
31.0576
30.5896
31.1900
31.2707
29.9568
31.1097
31.2658
30.9891
30.6167
31.8604
31.1359
31.0152
31.0715
31.4724
31.4555
30.0113
29.7002
30.1502
29.9978
31.0934
32.8193
31.9418
32.3186
32.1754
31.9382
31.2254
30.1645
30.2293
30.3487
31.0971
31.3729
30.3464
31.6344
31.1767
31.2918
30.4792
30.2809
29.6278
30.0589
30.5785
31.4068
31.0589
31.2488
31.1876
30.8798
30.0292
31.5148
32.6303
31.9090
32.7778
32.3393
33.1290
32.0466
32.3114
32.1480
33.8671
33.9186
32.8958
34.4980
34.7237
34.3368
34.4341
34.3387
35.0183
33.9256
36.7269
34.3258
35.8179
35.0245
35.0936
34.8972
34.7265
33.8602
33.1213
33.5571
35.3148
36.9463
35.2272
36.4613
36.1613
35.7429
35.0462
35.1444
34.6982
35.6836
33.8738
34.3115
33.8001
34.3721
34.1235
34.8574
34.8144
34.7924
34.8417
33.9299
34.4892
33.3813
34.6432
34.1335
33.5688
33.8959
34.0787
35.3221
36.1709
34.4807
35.7373
34.5002
34.0538
35.4956
34.7339
34.4844
34.3827
34.6505
33.9164
33.8473
33.9130
34.5172
35.4499
37.2287
35.4411
34.5821
35.7082
35.0284
34.6965
34.5577
34.7354
34.4739
34.1748
33.5269
33.1503
33.2856
32.9046
33.1532
33.9792
33.0110
32.1375
33.0543
33.3382
33.2240
31.9564
32.6091
32.0472
33.7041
32.2032
34.3939
35.5121
34.7778
35.7926
36.1324
34.5939
35.0426
36.2154
35.0133
34.7984
34.2166
33.8840
33.1478
34.0820
33.6773
32.8870
32.5217
32.1448
31.7585
31.6882
32.5461
32.8940
31.3562
33.5426
33.8458
33.2498
33.1095
32.8653
31.9059
32.8084
31.6109
32.6010
32.8434
33.2568
31.8230
33.7525
34.0995
33.8041
32.7880
32.2533
32.3575
33.3299
33.1230
32.1642
32.5626
33.8242
33.8615
34.2389
33.8750
32.4343
34.8693
32.9026
31.5710
31.1801
31.9787
32.5231
32.7089
31.2197
33.3171
32.7938
33.6554
32.4223
32.1991
32.3495
33.5013
33.7842
34.7445
34.9468
34.0532
32.6567
32.8797
31.3103
32.0150
31.9495
33.0117
32.0128
32.7045
33.6662
32.1504
31.4831
33.9390
32.1461
32.7183
33.0834
33.2502
33.2376
33.0555
31.4694
32.1730
34.0872
32.5926
32.7060
32.7426
30.5596
31.9337
33.0746
31.8907
32.4998
33.1762
33.7444
33.5305
32.4154
31.9664
33.1955
33.4366
32.1646
33.0418
31.1138
32.1020
33.0598
31.8096
31.4130
32.4272
32.4775
32.5166
33.2388
32.4557
31.6129
32.3152
31.5653
32.5223
32.5052
31.9946
32.4691
33.6680
33.1456
32.7804
32.3164
31.1465
31.6901
31.2446
31.7847
32.2563
33.8121
34.1220
34.4484
34.0857
32.5906
33.2634
33.2573
33.9678
33.9135
34.2386
34.0137
33.2710
32.6910
32.5261
31.9624
32.6117
31.8023
33.8535
32.5191
33.2484
32.9748
32.2484
31.1929
29.7446
29.7803
30.4430
29.5440
30.5081
30.3297
29.1854
29.5304
31.6080
31.9924
32.9430
32.3454
32.4907
32.4507
31.9610
31.1258
33.2136
32.3578
31.5149
31.3759
31.5077
32.1746
32.0884
31.3639
31.8381
31.1859
32.2309
31.7386
32.3089
32.0202
31.0228
31.8368
31.9969
31.9324
31.0674
32.8291
32.2806
32.0986
32.0538
32.2708
32.3061
32.1712
32.9314
33.7390
33.0831
33.4970
32.7012
32.9662
33.3849
34.7799
35.0817
34.2323
32.8667
34.0177
33.7038
34.7676
33.5534
33.4818
34.1152
32.9671
32.8555
32.3863
31.7200
32.8352
31.1286
31.5752
31.6566
30.8633
30.9626
29.9767
30.3275
30.5616
31.5713
31.8109
31.3354
31.4318
31.1058
30.7820
30.0997
31.0389
32.9820
31.4615
32.1820
32.2165
31.8278
33.0799
31.4802
31.0651
30.9470
31.3674
31.3883
31.6920
31.7467
30.3545
30.4502
30.3695
30.4811
29.8843
31.0012
31.7474
32.6322
33.0526
32.7039
33.7366
32.8059
32.6003
32.4003
33.2897
34.3462
33.6270
33.3333
33.4107
33.7194
33.4227
33.2601
33.7989
32.8174
33.2308
31.4698
34.6533
34.1087
33.3163
30.5533
31.8501
32.1825
33.7488
32.6339
32.7546
32.0791
32.9015
32.4539
32.8617
32.3580
33.2237
33.3668
33.0604
33.0461
33.1287
33.7386
33.3629
33.3260
34.5119
34.9850
33.9560
33.5021
34.0572
34.4721
34.1225
33.7743
33.3905
33.7168
34.1328
33.2140
34.6314
33.8607
34.1338
33.4301
34.0926
35.0979
34.6163
33.7534
33.5364
34.9045
33.1940
34.6728
34.3436
32.7989
32.8452
34.7905
34.7046
35.8968
35.0774
33.6489
35.0014
34.3727
32.5929
33.0327
34.7174
34.8051
36.2537
34.2286
34.0989
33.0931
34.7878
32.9603
33.4641
32.8508
32.2750
30.9859
31.4136
31.0846
29.9003
29.8784
30.1168
31.0035
31.9420
30.2073
31.5381
31.1154
30.7188
30.2879
30.4605
29.2022
30.3874
31.4830
30.1757
31.6697
31.3184
31.1458
31.4287
31.8822
32.2279
32.3881
32.4462
31.2285
30.8574
30.3020
30.9636
29.2127
29.2700
30.6192
30.5655
30.2826
29.4135
27.8722
29.6810
29.1774
29.8184
30.5581
29.8930
29.8249
29.8794
30.1842
29.6365
30.3557
29.7609
29.6972
31.4153
30.4158
29.3407
30.8575
31.0825
30.7521
31.1952
31.3160
29.5461
30.9497
30.3266
32.3783
31.5521
30.6136
31.7213
33.0491
31.8808
30.8514
30.8573
29.1960
30.2100
30.5834
30.8297
30.5835
30.6938
30.9753
31.3153
30.0198
30.1510
31.0721
30.1822
30.9483
31.0186
30.2291
30.2043
30.6007
30.5946
32.0088
31.9024
31.9242
31.4213
30.2393
30.4957
30.6951
29.2870
29.4424
29.4034
28.9492
29.2150
31.2164
32.1184
30.7335
30.8311
29.8046
29.0230
30.1772
29.6183
31.6232
32.0548
31.2981
32.3495
33.2114
34.4772
33.8027
33.3798
32.5939
33.4386
32.6310
33.1338
32.4924
33.2107
34.1923
33.0650
32.5958
34.5504
34.0763
33.0979
34.0760
34.9526
34.6311
36.4497
36.0658
36.3991
37.0902
36.8625
34.7426
36.2698
36.8997
34.9577
35.3201
33.7732
35.0359
34.6641
35.5604
35.1343
37.3147
36.5793
37.0006
37.7773
37.8768
36.8027
36.5091
36.5654
35.8763
36.7582
36.2569
34.4346
35.6943
35.2504
34.2457
34.9181
33.6738
34.4926
34.2372
35.4033
35.4135
35.4558
34.2377
34.0515
33.4716
34.3353
34.4835
34.7234
34.2317
35.0179
35.2672
34.2260
33.6324
34.3631
34.5994
33.2480
33.5951
35.1421
35.4795
34.6216
34.5940
33.8539
33.7568
34.3856
34.8362
35.2620
34.5298
32.6154
33.9875
34.1873
33.1587
35.1065
35.8013
34.3492
34.6094
32.6036
34.6870
35.5327
33.3404
33.4210
33.5002
35.4607
35.9317
34.7742
34.5302
33.4742
34.1807
33.9589
34.5388
34.4580
35.7853
35.8070
34.9601
34.2969
33.9664
35.0361
35.4777
35.6706
34.5507
33.6890
35.3139
34.6897
33.8302
35.1689
35.5442
34.6041
34.5237
33.7886
35.5728
34.7654
33.5557
33.9821
34.6152
35.0404
34.6443
35.3564
35.1500
33.5517
34.8587
34.0031
32.6328
33.1774
33.3851
32.8299
33.5178
33.9129
31.9946
31.7760
32.3731
32.8639
33.4407
32.0765
32.4383
32.9985
33.6715
34.5766
33.4487
33.8874
33.0986
33.7440
32.1202
32.1671
31.5219
32.9806
34.2018
33.9111
34.3574
34.0404
35.5851
34.1931
34.5324
34.5826
34.7113
36.2965
34.5039
34.0686
34.5219
34.4492
34.9050
34.9764
32.8765
34.4754
32.7815
33.0110
32.7759
32.0563
32.9048
32.4980
33.4262
33.6668
33.2734
32.2410
34.3434
33.2460
34.2686
33.9099
33.8966
33.4334
32.6601
33.4410
33.2902
33.4836
34.1330
32.7203
33.5071
32.5768
32.7786
33.1213
32.2070
32.7991
32.5292
33.6052
33.6002
32.8494
32.8499
33.8219
34.4109
34.1824
32.5558
33.1953
31.9693
31.2808
31.2978
29.9452
30.0656
30.7827
32.5621
32.6313
32.0454
30.3383
30.4147
30.7726
30.5166
29.4048
29.5037
31.4737
30.6177
30.0207
31.1616
30.9880
29.8460
29.8547
28.3044
29.8240
29.7623
29.5252
28.7945
27.9524
28.2688
27.9696
28.1778
27.0040
28.3303
28.0766
27.2606
26.7561
26.8360
27.5538
26.4660
26.7362
26.1814
27.6262
27.5255
28.0619
28.0478
27.5609
28.2486
29.0118
28.4100
27.5279
27.8753
27.7308
27.7671
28.1354
28.0046
27.0735
27.2436
27.1136
28.0721
27.8938
29.6205
27.7149
27.9905
28.9299
29.1469
29.5654
29.6032
28.9923
29.2342
29.2353
30.4697
29.2426
30.9792
29.9975
29.1333
29.9977
30.0706
31.0263
29.5342
29.8712
30.1133
30.2481
30.5962
29.9855
30.0491
29.2909
30.1492
30.8272
31.1830
30.9349
31.6608
32.4107
32.6213
32.3492
31.7516
30.8049
30.0566
30.5493
31.6386
31.8318
31.0227
29.8749
29.9936
32.0741
32.1937
32.6563
32.0183
31.7772
31.3607
32.0571
31.8623
30.5420
30.8051
30.9214
31.3303
30.6776
31.4922
32.3453
32.4069
32.2048
33.3183
33.2252
34.1632
33.2759
33.3653
32.6405
31.6124
30.5647
31.1027
31.3493
32.9924
33.1929
32.7339
32.9742
32.8192
32.7813
31.7142
33.5312
32.9566
33.0698
33.0693
33.0900
32.7147
31.2811
31.7943
31.5032
30.5987
31.0665
31.9758
32.0123
31.4005
32.2105
32.2641
33.2656
32.8754
34.0397
32.8662
34.0321
32.7788
33.4125
32.4377
32.1738
30.9751
32.5406
32.5609
30.5702
32.3043
31.4859
30.6531
32.1050
31.7391
32.1188
32.9477
31.5341
30.8730
30.7147
30.4431
31.6505
32.6538
31.7005
32.6511
31.9120
32.9011
33.8003
33.5641
32.2448
32.7256
33.8984
32.7614
32.6916
33.2708
33.3973
33.3220
33.5317
34.2186
32.9312
32.9669
34.5641
34.3593
35.8697
34.7468
34.1885
34.0036
34.3260
33.1879
34.3470
33.4808
32.5154
31.5035
33.6097
32.3505
33.3970
34.6358
35.3010
35.1430
34.9720
34.4014
34.9267
34.4414
34.9292
34.5764
33.8591
34.5530
33.0068
33.3191
33.2094
34.2830
33.6986
34.0500
32.4588
34.4616
33.8619
32.9106
34.1634
35.1329
35.3570
35.4882
34.4721
34.6181
34.1709
34.9328
34.4272
34.9270
33.8604
35.2086
34.7566
33.7014
33.1916
33.2326
34.0969
33.1583
32.7467
31.8269
32.7516
31.5251
32.5200
32.1274
32.0991
32.1642
31.8279
32.1729
32.3548
32.0444
32.2580
32.6234
31.3578
33.8592
32.1534
31.7194
31.8733
31.7511
30.6136
31.1747
30.2826
30.0769
31.0935
31.6860
30.6613
31.7016
31.1787
30.1279
28.5363
29.9833
30.6870
30.3051
28.4155
29.1535
29.6481
29.9134
29.9408
30.5763
31.6477
29.5488
31.1573
31.3330
31.3632
30.3214
31.4605
32.1993
32.5322
31.9240
31.9245
33.4158
33.3319
31.8680
32.0895
32.5784
30.9788
30.9067
31.4118
32.3945
31.0321
31.3484
33.6297
34.0317
33.5492
33.2839
33.2569
33.3922
33.6976
33.6872
33.0269
33.2388
32.0728
31.7624
31.1009
31.1939
30.2002
30.2645
28.4500
30.7458
31.2544
32.1817
32.4470
31.4123
30.6454
32.7698
32.5846
34.2555
32.6654
32.0405
32.4860
31.5996
32.1881
31.9568
32.2160
33.0809
32.4826
32.8584
33.9516
33.3161
32.8163
34.2407
32.7566
33.2500
32.9569
33.1468
33.1493
32.8975
33.2089
31.1614
32.4843
33.3572
33.6076
32.4975
33.3079
31.9219
33.3444
33.1477
33.0755
32.2193
31.6404
32.0161
32.1693
31.2201
31.2332
29.3773
28.7779
28.6031
29.1746
30.4763
30.6084
29.1398
28.5260
28.7124
31.0247
31.0552
31.9742
32.1161
31.8584
30.9843
31.5640
29.6138
29.4426
30.2326
31.1526
30.7422
30.1233
29.8295
29.9659
30.7598
30.6063
30.9156
29.3146
28.8699
30.4413
30.5030
31.1640
30.7111
30.7160
31.6722
33.1211
30.0633
30.4341
30.4312
29.2972
29.8548
30.6045
29.5872
29.4977
30.5950
30.2630
28.6955
28.4969
29.4194
30.4874
30.5371
30.3301
30.2742
30.1387
31.3976
31.3623
30.8906
30.1998
29.8380
30.4789
31.0834
31.0341
31.6599
31.7575
31.6250
31.6064
32.1570
31.6244
30.9293
31.2714
29.6564
30.4275
31.2710
31.9377
31.9062
32.0070
31.9290
31.5682
31.1531
30.9519
31.9779
29.9924
29.6466
29.3942
30.7026
29.1860
29.6933
28.6476
29.5098
29.8206
30.4591
30.8663
30.7799
31.4685
31.2599
32.3290
31.4078
31.9928
32.8543
32.4064
32.4204
32.1267
31.7475
31.7718
32.2477
31.6314
33.5623
32.7158
32.2380
32.8442
33.0881
32.3780
32.6668
32.2328
32.2199
31.8710
32.2089
30.3540
31.8330
31.7309
32.2235
32.9618
31.8379
31.9288
31.8929
31.9873
32.7310
32.7828
32.3978
33.3651
34.0555
32.6092
32.8473
32.8596
33.0590
32.5426
33.1510
32.7378
33.7041
32.5935
32.2891
32.0497
32.2942
31.2621
31.7091
32.2818
31.4963
30.3739
31.6409
31.4324
30.9461
29.5206
32.0760
31.8768
31.9648
31.6096
31.7914
32.7512
33.2778
33.4900
33.7008
33.4413
33.0359
32.3280
30.6454
29.6497
30.2992
29.6854
30.0849
29.5968
31.4009
30.9232
31.3341
32.9864
31.6613
32.1541
32.6428
31.9782
31.6598
30.4055
31.3649
32.3117
31.6431
31.5355
30.9538
31.5536
31.0504
31.6559
31.3240
30.8722
31.4776
31.1482
30.4748
31.8769
31.0707
31.6577
30.6712
31.4852
30.4417
29.8661
29.6786
29.3929
29.3047
29.6290
29.8180
28.7325
28.3696
28.8498
28.8540
29.8800
28.7598
29.0387
28.9001
29.0945
29.6557
29.9469
29.0832
30.3515
29.1962
29.8105
31.1595
30.2912
29.9479
30.4448
30.1374
31.2963
30.6377
30.5697
30.4644
30.0885
29.7683
29.7919
30.0874
29.7590
29.6200
30.8579
31.3283
30.2982
31.2180
30.5917
29.7346
30.1443
31.0172
30.1581
32.1046
30.3880
30.5756
31.5279
29.2393
31.3595
30.6387
29.4136
30.4385
30.5803
31.1335
30.8165
32.0044
32.6030
32.0885
32.2724
32.5075
30.5499
30.2314
29.9069
29.7592
30.7645
31.1553
32.3108
32.8945
31.8389
31.5083
29.8138
29.7248
30.3195
31.6004
31.3498
31.3563
31.9232
31.7901
31.2134
30.9539
31.6012
31.0389
31.3422
32.3465
31.8511
32.0477
31.8093
31.3458
31.5726
31.3925
30.4093
32.2833
31.7892
30.8777
31.5043
31.1459
31.0863
30.1569
29.9677
30.4977
30.7340
30.9157
31.2650
31.1689
30.3454
28.8356
29.6140
30.0904
30.1511
29.6185
30.4829
31.1351
31.3406
30.8122
30.9788
31.8900
31.1030
31.7841
30.0989
30.5090
30.0839
28.5955
30.7892
30.5302
30.5429
31.1481
30.5100
29.3337
29.6458
30.9763
28.7657
30.4321
31.1438
30.2438
30.5755
29.7052
30.0185
30.1569
30.4396
29.7909
30.4704
31.1233
30.9558
30.8425
32.4670
31.1877
32.4638
32.2179
32.3072
31.4682
31.9760
30.8630
31.3739
31.0990
31.7599
32.0477
32.4589
32.6764
31.6467
31.3087
32.3086
32.1918
32.2302
31.7788
32.2669
32.7093
32.4011
32.1415
32.7122
31.2948
32.0335
32.1770
32.0651
32.6696
30.5184
31.1659
31.3563
31.7795
31.8580
30.9731
31.9065
32.5046
31.2389
32.0742
32.0584
30.2882
31.9708
31.4592
32.5664
33.1406
32.1532
32.7888
32.9222
32.6754
33.0920
32.7201
33.3448
32.0697
32.7501
32.5947
33.8106
32.5720
31.9152
34.4983
31.9593
32.1706
32.2260
32.0256
32.4852
32.1818
32.2676
32.0461
32.1394
31.7154
32.9058
32.5236
32.1383
33.5030
32.6904
32.6407
31.6683
32.8024
31.8330
33.0378
32.5715
32.1141
31.1853
32.3797
33.2059
32.6039
31.7129
31.2591
32.7467
31.7276
33.0025
34.4192
33.4626
34.1400
34.9602
34.9536
35.7789
35.5464
35.3175
33.7002
33.9138
33.5927
34.6836
34.0955
35.0985
33.6510
33.1700
33.9780
33.8906
34.1561
33.4111
34.5910
34.4152
35.0015
33.9430
33.6457
33.1539
32.0889
33.9594
35.4190
33.7125
35.0681
34.7480
33.6730
34.5380
33.7566
33.3211
33.5194
35.2721
34.4881
33.5790
34.6183
33.8933
34.1462
33.8004
33.1213
33.1207
34.1591
33.4673
33.1592
33.8416
34.1669
33.3599
33.4263
32.8092
31.8397
32.5189
33.1290
33.2073
33.6990
33.0110
33.8849
32.8878
33.1339
32.9290
33.5873
33.5040
31.5240
31.2539
32.5473
32.0841
30.6361
30.2343
31.5921
30.6680
28.5684
29.6614
30.5771
30.2786
30.2115
30.3273
30.1387
28.7604
29.9210
30.5024
30.4964
31.1204
29.5085
29.8653
31.2818
30.2610
28.9209
30.1772
29.8838
29.2209
29.7039
30.0369
30.2509
30.5941
30.0670
30.7581
31.0622
31.2890
31.3580
30.5490
29.4228
29.0851
30.0275
29.4299
30.8432
29.8798
30.2885
30.5366
30.8917
30.4250
30.4899
30.1927
29.4117
31.5912
32.2271
30.6252
31.0086
30.0990
29.7188
29.4321
29.4702
27.8902
29.0863
30.1189
31.2828
30.9647
30.4712
29.0054
27.7614
28.8996
29.1482
28.5191
28.6025
28.6828
29.5233
28.2878
27.8306
28.5830
28.9924
29.1445
27.7969
28.3492
28.7154
29.8042
29.0481
29.1669
29.4714
28.9468
28.3658
28.6705
28.9793
29.1947
27.7638
28.5478
28.9674
30.0782
28.7612
28.8796
28.7725
29.2301
28.0890
28.9095
29.5550
30.0310
29.7298
28.2029
29.8852
29.2565
30.0165
30.6670
31.0909
29.5047
28.5577
30.3073
31.0274
29.7100
31.4913
30.4281
30.9072
29.7973
30.5386
30.7146
30.0253
29.9601
29.6628
29.3272
31.0526
31.1188
31.8596
31.3128
31.1067
29.7001
30.7313
30.0129
29.4190
28.6798
28.6153
30.0664
29.8983
29.1341
30.6226
30.0378
30.0517
30.0048
30.7093
29.8515
29.5355
30.1461
30.1036
28.9676
29.8368
29.5586
29.1184
30.1054
29.5264
30.3125
28.7279
28.9718
29.1461
29.6116
28.6567
28.1088
28.9546
27.9038
27.8628
28.7823
28.4775
30.0869
29.9103
28.2359
29.7706
30.7037
30.8413
31.8277
31.3148
30.4958
32.3578
30.5973
30.8959
30.5788
29.8192
29.8486
31.1607
29.5827
28.9084
29.3127
30.4707
29.2659
29.7708
29.7389
30.0016
30.0496
29.7874
30.3236
29.8283
29.9921
31.0328
31.4002
30.5601
29.4012
29.9936
30.0810
30.6042
31.1098
30.8197
31.4862
30.9337
28.7657
28.8702
29.8554
28.0289
27.6527
29.3920
28.4256
30.0856
29.5694
29.4950
28.9269
27.8589
27.5292
27.5660
27.5721
28.6944
28.4240
27.8880
27.5702
28.2882
28.4716
27.3997
28.6464
29.4844
30.2291
31.4124
31.0325
30.0484
29.8991
28.2976
30.0413
29.3929
28.4539
29.9076
28.5624
29.5315
29.3394
28.8821
28.1949
29.8163
29.3978
28.6967
28.9521
29.7022
30.2378
29.8602
29.8352
29.3452
29.3676
27.9720
29.9563
29.5610
28.6773
28.4315
28.1959
27.3639
27.1463
28.0146
27.6147
28.4111
28.2932
27.0129
28.0740
27.5327
28.4358
27.5918
28.6394
27.6510
27.8312
27.3861
29.5514
28.9965
28.7448
29.1301
29.1836
29.2744
28.3794
28.7566
29.2600
29.8401
29.9417
31.8269
31.5708
32.4665
32.1561
31.3505
32.5693
31.6294
32.1445
31.3748
30.7440
30.2085
29.8384
30.0140
28.7218
29.1750
30.9120
31.5108
31.7368
32.2647
32.2990
33.4288
32.6076
34.1102
34.4770
32.8767
33.2757
33.9372
33.3846
34.3819
34.2222
34.2863
33.6753
33.3494
32.7696
34.1279
33.0533
33.0106
33.2136
32.7660
33.1215
32.5623
32.2728
33.5944
32.8571
32.1362
31.5749
32.4949
33.8289
33.1563
32.6377
33.1386
32.9721
33.4224
32.1963
30.7603
31.7289
31.5280
31.3568
31.3625
31.5354
30.9459
32.3811
33.2444
31.8130
31.8571
31.8976
32.4897
32.1828
31.2234
30.2261
30.8891
32.2818
32.1766
33.1078
32.1459
31.7922
31.5108
32.8185
33.4546
31.3640
33.1408
32.3017
31.9058
33.3639
34.0865
33.9264
33.1792
33.2852
31.8930
32.2217
33.8919
31.9216
32.1043
32.0266
32.5510
31.3940
31.1268
32.1563
32.2629
31.6004
32.2354
32.1546
31.9522
31.5163
30.9715
30.6031
31.0618
31.6903
30.9900
32.7390
31.9243
32.7182
33.0340
31.8957
32.6076
32.4660
32.6017
33.1355
32.5895
32.9152
32.4047
30.6463
30.3571
32.1877
31.8183
31.7899
30.9651
31.9721
32.1640
32.5567
31.2898
31.2581
31.3988
30.0421
30.9325
31.6894
31.5841
32.9008
33.5119
31.5333
31.3120
32.0507
31.8672
33.3890
31.7449
32.7152
31.9003
32.7699
32.6684
30.9419
30.9474
32.0178
31.4775
32.4299
31.4811
32.5992
31.7380
31.8965
32.3049
32.6154
32.5455
32.3423
31.4739
31.3067
31.8341
30.8324
30.0580
31.6036
30.4918
30.4073
29.8532
29.9519
29.8323
29.7022
30.2503
29.9964
29.7436
31.0810
32.1874
31.2716
31.7148
32.0585
30.9764
30.8326
31.6238
30.5029
32.0469
32.0966
31.9306
31.3635
32.3269
30.8802
31.3384
31.1716
31.2081
31.3581
30.3630
31.5981
30.7008
32.4634
30.2753
30.8683
31.4210
31.7888
31.2675
30.8023
32.8724
33.2317
32.8486
32.0172
32.1999
30.8327
30.9079
30.9026
32.5237
31.7700
32.3860
31.5286
31.8742
31.6101
31.0217
31.2987
31.3403
31.3784
30.6739
31.9299
31.2203
32.4298
32.0484
31.4461
31.1520
31.7105
29.8441
29.8530
30.8919
30.6099
31.3539
30.0962
30.8891
31.4269
32.0722
31.2091
29.1826
29.1207
29.8644
30.4773
30.5366
30.6531
31.0554
31.2022
31.8329
31.0185
29.3720
31.5893
30.2346
29.0920
28.7832
29.0736
29.5473
28.6493
28.5744
28.4327
28.8838
28.2516
27.7408
27.7726
28.4141
27.7631
28.4514
27.3734
27.2564
27.2810
28.8487
28.6524
29.0225
29.7590
28.9185
28.3344
29.4136
28.3666
27.8967
27.0288
26.4276
26.3278
26.3794
25.7360
25.7635
27.3054
26.3447
26.8581
27.4835
28.1231
28.3450
28.4351
29.2599
28.5086
28.0223
28.5074
26.9224
27.2591
28.1873
29.2594
29.6662
30.2714
30.1435
30.0707
30.0251
30.0217
29.3373
28.9619
29.2321
27.8523
29.1198
29.2630
28.8490
29.0993
30.0181
29.4020
30.5033
29.6083
31.1275
30.4578
29.8533
29.9188
28.6195
29.9939
31.6033
31.6207
31.7264
32.7260
32.2662
31.3213
29.2054
28.6349
28.8794
29.1927
28.4040
28.2835
29.9040
28.1821
28.9299
29.5198
29.3416
28.6823
27.8350
28.3305
27.4310
29.3259
28.1887
28.4231
28.3599
28.3113
27.7261
27.1043
28.0617
29.2873
28.6352
28.1884
27.0443
28.0237
28.0285
28.7751
28.7794
29.6251
28.8939
28.4225
27.6512
28.5441
28.4326
28.7860
27.2960
26.1918
26.3571
27.1147
27.5798
27.2161
27.8674
28.4530
27.2472
28.7877
28.2396
26.9611
27.2083
26.7877
27.7851
28.3842
28.9745
28.1235
28.0449
28.0075
27.5385
28.0932
27.9925
27.8623
27.3280
27.5212
27.3279
27.9740
27.9307
28.2168
27.5117
26.6414
27.0132
26.8412
27.4527
28.0388
26.4793
27.9487
27.8413
27.3969
28.2454
28.5499
28.7232
28.2842
28.6281
28.3683
29.0505
27.5957
28.1162
28.9359
28.0615
28.3993
27.0256
28.1132
29.0918
28.6059
29.2840
29.5546
28.9948
29.4651
29.5781
29.2834
29.0753
30.1541
29.5587
29.2036
28.7385
27.9573
28.4860
28.8062
28.5546
28.6712
29.2091
29.6485
29.7195
29.8222
29.5615
29.2038
28.1670
29.1052
29.7266
29.3109
28.8884
28.3520
28.0463
28.4106
29.2428
29.8280
29.6052
30.9876
30.7325
30.7793
31.6646
30.7621
31.7661
30.3533
29.9593
31.5868
29.6741
29.6180
31.1858
30.6887
30.7166
30.8043
29.6191
29.6778
29.3614
30.3976
30.6339
30.3408
32.4096
32.1048
30.2260
31.7023
31.5728
31.8470
31.4245
32.1247
30.7383
30.6929
32.0771
32.3004
30.6934
30.6430
30.1606
30.8708
32.0738
30.8075
31.2821
31.6630
31.6429
32.3591
32.9418
31.3825
32.6610
33.3292
32.0769
32.3920
29.6847
31.6216
30.8662
31.2169
31.4283
30.2578
30.4854
29.6996
29.7976
29.9840
30.4618
30.4487
31.2029
31.8827
31.0548
30.0501
31.3107
30.8854
31.3866
31.1582
29.7660
30.9293
31.1024
30.8788
31.1458
30.4567
30.6288
30.1448
30.7662
30.4924
31.3042
30.6018
29.8983
30.5706
31.0030
29.1046
30.7637
31.5205
31.1408
30.6584
30.3303
30.3075
30.7017
32.6233
32.3841
31.8506
31.5645
29.9363
31.0162
31.0688
31.0220
30.1986
29.3341
29.7796
30.0939
30.3295
29.7704
28.9521
29.3276
27.9151
29.0659
28.7865
29.0248
29.0801
30.0815
28.5124
28.4320
27.6609
28.1104
26.9325
27.4195
27.8344
27.9593
29.5129
29.0920
29.1795
29.6570
29.6712
28.2247
28.6463
29.1938
28.5270
27.0578
28.0516
26.9748
27.3909
27.7020
27.0307
27.8527
29.3145
29.4271
30.0567
29.6074
28.5939
30.0442
29.3419
28.4001
28.3199
28.6791
30.6256
29.9716
30.6588
29.7278
29.4167
30.2179
29.4227
28.3228
29.3617
27.2244
28.3391
29.9196
28.4814
28.2160
28.8370
28.6197
28.9845
27.5952
27.6503
29.6124
29.4609
29.3337
29.6739
28.7228
29.4496
29.6580
29.5683
29.3678
29.6270
29.3631
30.4551
29.1377
29.3957
28.9809
30.1123
29.5652
29.7421
30.1666
30.0630
29.9962
29.2120
30.5444
30.7553
29.5653
30.4848
29.8459
28.8438
30.2654
29.1010
29.7580
32.1314
30.9885
31.5479
30.1376
30.8198
31.3921
31.4054
30.9326
31.3343
31.3479
31.3865
31.5402
30.5768
30.7127
31.4181
31.0177
31.4200
31.3138
30.6487
30.5106
30.2983
31.1932
31.1339
30.8470
30.6614
28.8995
30.6647
30.4638
29.1343
29.6232
29.5864
29.7041
28.5268
28.9640
28.9743
28.3586
27.9919
27.9781
27.4879
28.3373
28.8901
28.9172
27.6625
28.9065
27.9720
28.5104
28.2019
27.5945
27.2711
27.3790
28.8065
28.5248
28.5513
27.4504
28.5866
27.9540
28.7514
28.0695
28.6931
29.0510
28.2149
28.6303
29.6207
28.0817
27.0548
25.9309
27.1188
28.2104
27.3045
29.1172
28.3180
27.8978
29.0389
28.1810
28.7960
29.3547
30.0169
29.6180
29.1347
27.8543
28.3867
29.1663
29.0823
29.4799
30.8817
29.6799
31.2882
30.7767
31.3294
31.0844
30.6905
29.9860
29.2358
30.2582
28.2676
29.5187
30.2778
29.4498
30.4187
30.0972
29.4077
29.4779
30.6779
30.2457
30.8742
29.9891
29.9873
30.0604
29.2831
29.6869
28.5803
29.1009
28.5125
30.0974
29.7261
29.6889
30.7837
28.5295
29.2796
30.4835
27.8787
28.8076
29.2124
29.0518
29.2730
27.1388
27.6711
27.7339
27.0616
26.8001
27.4189
27.5572
29.6216
29.5797
29.2638
29.7263
30.4622
29.0658
30.3295
29.8858
30.1280
29.4872
29.2538
29.4485
30.3609
30.1093
27.7168
30.2794
29.2626
28.8112
28.1694
28.4666
28.0564
28.1837
28.3841
28.3580
27.5392
28.2723
27.2637
28.0738
28.9019
28.3449
29.3794
29.5823
29.1402
28.2859
28.2377
28.7885
27.8362
28.5470
28.1464
28.6823
28.2048
28.7587
28.1107
27.4201
26.7171
27.0135
27.6433
27.8026
27.0638
26.0838
27.5315
27.5557
27.9591
26.9470
26.7399
26.1664
25.4711
26.1109
26.7148
27.3157
28.8998
28.5168
29.0106
28.7164
29.6804
28.8430
27.4587
25.9131
27.4576
26.3517
27.5901
27.1400
25.3848
26.2750
27.8497
27.4265
28.6435
28.5265
26.6548
26.8473
25.7250
26.7260
27.6070
26.8736
26.7873
25.5065
25.5425
27.2486
27.0862
27.1989
26.7614
26.7098
27.3761
28.3315
27.5659
27.1962
27.4123
28.0481
26.8475
27.9175
26.6765
27.3980
27.1815
27.3866
26.4791
26.2052
26.5517
26.9114
26.1654
27.2282
26.1195
25.8622
26.3928
28.6922
27.0238
27.1103
26.1903
26.4702
25.5571
25.7339
25.9801
26.9858
26.4060
25.8989
26.7642
25.1351
27.7400
26.9060
26.2641
28.1949
28.2141
27.0587
28.2653
28.0987
28.4163
27.2913
27.1739
27.8214
28.5667
26.6932
27.3106
28.4585
27.5807
28.5664
27.0031
29.4284
29.8770
29.8330
29.9488
30.1083
29.4470
27.9994
28.9725
28.1123
27.0025
27.2934
27.9883
27.7538
26.9851
27.3949
27.3156
27.1439
26.3982
26.6867
26.9717
27.6061
27.0079
27.7371
28.3917
27.9415
27.8897
27.4828
27.7954
28.1513
28.6807
28.5286
28.3095
28.4863
28.0254
26.8783
26.3856
28.8852
28.5158
28.0614
27.6769
27.1893
28.5313
28.2831
27.4654
26.2748
27.0273
27.7595
26.7938
27.3070
27.4032
28.0757
28.0131
27.1634
27.2194
27.3741
27.3429
27.7205
28.4127
27.6914
27.5977
26.8503
28.3396
27.9411
26.8624
27.6592
27.3940
28.5001
28.4651
28.3044
29.3633
28.4445
28.2161
27.8251
28.1219
28.1540
28.3988
29.6145
29.3479
29.3371
28.6906
28.1896
29.6058
28.8816
29.0512
28.1273
27.7038
29.0439
29.7524
28.8589
28.5673
28.5695
28.3832
28.0811
28.1238
27.8067
27.9616
29.0019
27.6268
27.7641
27.1924
26.9997
28.0086
27.7781
27.4133
29.4516
28.6281
27.7309
28.2209
26.9882
27.2856
27.4062
27.3350
27.1878
28.0281
27.2095
27.0004
26.3481
26.1303
27.5361
29.1262
29.5185
29.2901
28.4088
28.5753
27.9722
27.6812
27.9553
28.8497
29.1274
28.9455
29.0677
29.3148
29.1093
28.8157
27.3796
28.6919
27.6350
27.4868
27.7094
27.9953
27.4391
26.6555
28.0658
27.5764
27.1114
28.4203
27.8950
27.7233
27.4673
27.4391
27.7514
25.9898
25.9845
27.1925
27.0354
26.8805
27.4701
27.7173
26.6776
27.6829
28.1241
28.8485
28.4220
28.1707
27.3864
28.1088
27.8435
28.4185
28.4625
28.2684
27.8186
29.3088
29.0686
28.9903
29.7588
28.9856
29.4119
27.8774
26.7528
26.7724
26.3877
28.5605
27.9199
27.4322
27.1156
27.0876
28.7719
29.3031
28.1783
28.3879
27.4352
28.6216
28.0204
27.8803
28.0654
27.1507
27.5985
28.9416
29.0360
27.6648
28.0041
26.7740
25.8265
25.3834
25.6307
25.6453
26.2582
26.5526
25.8185
26.2061
26.8631
25.5293
26.1379
26.4337
26.9900
27.3638
27.8585
28.0513
27.5485
26.9120
26.7054
26.4024
27.2270
26.0601
26.1265
26.8545
26.8001
26.4371
27.0494
27.2304
26.2964
26.7415
26.2234
26.3190
25.3112
26.4769
27.1115
27.8444
26.9662
27.5795
27.7266
27.3192
28.0206
28.6670
28.4818
29.6547
28.7486
29.7385
28.8028
30.1006
30.0358
30.1912
28.2398
27.9399
28.2124
27.5179
28.7333
28.0371
27.7559
27.5365
28.4209
26.9306
26.7574
27.9586
27.6928
27.3568
25.9579
26.2786
27.0068
26.4580
28.0235
27.7163
28.3045
26.5578
28.5482
27.9964
27.4936
28.1780
27.9720
27.4743
26.0956
26.9833
27.2101
27.4409
28.8393
27.5727
27.0548
27.4392
28.5241
27.4982
26.8733
26.8258
26.2498
27.8578
27.9829
25.9085
26.6948
25.6488
26.6981
26.6514
27.0727
26.6695
25.9403
28.8724
27.5985
26.8101
27.8707
27.4733
26.1289
27.3455
26.3319
26.4737
25.5092
26.0941
27.1990
26.8583
27.1190
26.1154
26.2424
25.9627
25.6815
26.2739
26.1995
26.5542
25.8423
26.4864
26.8208
26.3078
25.4283
26.7513
27.3676
26.5337
27.8711
28.0762
27.1744
27.5920
27.5980
27.9034
26.6767
26.6682
28.0529
25.9897
26.0292
27.0252
25.7771
24.6914
25.2208
24.6202
24.6626
25.0700
24.8583
25.1491
26.2253
26.0267
25.9593
26.7060
26.6477
25.9834
25.4110
24.1928
23.7673
23.3717
24.4193
24.0004
24.5706
25.1460
24.6041
24.2779
22.8927
23.5625
23.2855
23.7131
24.1080
24.7751
23.6391
24.0257
23.9696
25.1188
24.8033
23.9357
25.4473
25.2478
24.6515
24.6285
25.2528
24.5402
25.0860
24.9402
25.5140
23.7397
23.6394
22.9176
24.2114
23.3845
23.3427
23.3041
23.8403
22.2887
23.3869
23.7726
22.9414
22.4749
22.5942
23.3943
23.2950
22.5031
22.7612
22.5175
22.1864
22.6787
21.7692
22.1513
22.1297
22.3343
22.0591
22.6730
22.8214
21.4572
22.7628
21.9233
22.0958
22.7826
22.4741
22.5783
22.8719
22.4830
23.5101
22.2172
22.9485
23.7768
23.2003
22.8780
23.0750
24.2082
24.2358
23.5145
23.7565
23.3230
23.8412
22.7693
24.0766
23.9266
24.6254
25.1246
24.9605
24.6178
25.6661
26.9409
24.8081
25.6055
24.7293
24.5931
23.8537
24.3544
23.4242
23.7606
24.4005
24.4530
23.2324
23.6864
24.4022
24.3169
23.5228
24.2721
23.8593
24.3456
23.2221
24.8142
24.4254
24.8825
24.6462
24.1471
24.5431
24.0168
24.6244
25.5293
24.1976
25.7380
25.3145
25.0293
25.1426
23.6978
23.6988
24.0224
25.3217
24.4446
23.3810
25.0521
24.7875
24.5842
25.0976
24.6649
23.4247
24.3841
24.2362
24.6218
24.4953
24.2383
23.9072
24.0735
23.7333
23.7577
24.9887
24.9342
23.6815
23.9268
23.6849
23.0416
23.3028
23.1183
22.8222
22.0102
22.5835
22.9263
23.3054
23.5532
23.0991
23.1114
23.9174
24.6552
24.0405
23.1271
23.6235
23.1594
22.2717
22.3384
23.1272
22.6567
22.8071
23.4383
22.9524
23.7807
23.3677
24.4715
23.6440
24.3726
24.3882
24.6036
23.7523
23.7999
24.4049
23.4736
23.3293
22.5088
22.6843
24.6883
23.1288
25.3316
24.6898
23.9458
23.8808
24.7686
24.7845
24.7047
25.0718
23.0447
25.4072
23.7986
23.4637
23.1825
23.1330
23.2951
23.3843
23.2889
23.3072
22.5834
23.7124
23.6432
23.6297
22.8656
23.3654
23.6620
23.3956
22.5411
22.7730
22.6546
23.0757
23.1566
23.0922
23.7565
23.1560
23.5597
23.2517
23.0160
23.9967
24.4855
23.8245
23.9911
23.6498
23.6838
23.4015
23.0839
22.6937
23.6905
24.2101
24.4776
23.9128
23.3179
23.6355
23.5825
23.6011
24.2224
23.2519
22.9342
23.8902
23.6554
23.4994
22.6702
23.0053
24.3756
23.6956
23.4004
22.6994
23.2034
24.0040
23.8979
23.2676
23.0983
23.7791
24.0316
24.0162
24.5586
23.9621
23.4034
23.8033
23.8796
23.4508
22.5151
23.0805
22.9526
23.1314
23.4619
22.8703
22.0913
21.9365
22.3039
21.8831
22.4768
23.2582
22.9592
22.7344
23.3022
23.8868
23.8307
23.1846
23.6806
22.6404
23.5595
23.5191
23.9309
23.8607
23.4085
24.1432
24.2145
24.6210
23.2632
23.5343
22.5173
23.3436
22.9126
22.9612
22.5608
22.2524
22.3393
22.1523
21.3089
21.0994
21.9264
23.1788
21.8723
21.8793
21.4263
22.2842
21.5938
21.3121
21.4507
22.4344
22.0175
21.6203
21.4747
23.8718
23.2583
23.5290
22.8329
22.6241
22.7380
22.8102
21.8827
22.3182
23.1429
23.6387
22.4649
23.5497
23.5023
22.8777
22.4730
23.3395
22.7334
22.4122
22.0563
21.7801
22.6460
23.1836
21.6104
22.3666
23.4505
23.1502
23.6337
23.0793
21.9851
21.7808
21.2296
22.4801
22.4259
23.6072
22.9079
22.3278
21.8462
23.2195
22.9659
23.4730
23.4825
22.5904
22.8745
23.0127
22.8707
23.4513
23.5770
22.2176
24.2270
22.5432
22.5617
23.6889
24.0285
24.3885
23.6371
23.1704
23.8795
23.5297
24.1604
23.6503
23.6380
23.0404
23.0227
23.8781
23.4084
22.1593
22.8710
23.4784
23.4685
22.3427
23.3791
23.0190
22.9361
22.7110
21.9617
23.1465
22.5222
23.5809
22.8886
23.7346
23.9711
23.7336
23.2358
23.7031
24.2378
23.5561
24.3123
24.7796
24.2927
23.7008
22.2020
23.7890
23.8665
22.7105
24.0090
24.1150
23.2569
23.7474
24.6949
24.6663
25.6102
23.6521
23.7121
23.7770
23.9962
23.7772
24.7122
25.5247
24.3256
24.4387
23.9955
24.2674
24.4234
24.3156
25.2310
24.6735
24.6502
24.8684
25.2972
24.8530
25.1210
24.7628
24.6146
24.0974
23.4856
23.5727
24.1258
23.5430
24.4514
23.1559
23.2483
23.2375
24.7642
24.4067
24.0382
23.7476
24.3370
23.6363
24.1084
23.7612
25.7848
25.4506
25.0677
24.0444
23.8079
24.4205
24.9020
24.6572
25.0282
24.0986
24.9322
24.9462
23.7377
23.7029
24.0567
23.1763
23.7861
23.9039
23.3683
23.9049
22.8858
22.5790
22.7481
22.0553
21.6336
21.1073
21.3634
22.2709
22.6242
22.0690
22.1013
21.8660
22.0840
21.6695
21.2476
21.8115
22.1492
21.7024
21.9097
22.4902
21.8139
21.4316
21.4335
21.7912
21.0356
22.0121
21.6113
22.1290
21.9635
22.0984
21.8026
21.8778
21.8466
21.5202
22.4282
22.2333
22.0865
21.7755
21.7376
22.6768
22.7594
23.2962
23.4653
23.0194
22.8577
22.5520
21.8290
23.7929
22.7786
23.2332
24.0197
23.2964
23.5454
23.1595
23.0991
24.1839
23.2487
23.3345
23.1871
23.8657
23.7543
23.9208
23.3956
23.9598
22.8004
24.4404
23.9871
24.6766
24.6398
24.5829
25.2184
25.5027
25.5338
26.0225
25.3773
25.5233
26.4942
24.8438
25.1220
24.0942
24.4189
22.9083
23.3206
22.7587
22.8328
22.3392
23.0734
23.5428
23.5897
24.3910
25.4984
24.1078
25.4300
25.6429
25.1343
24.6948
24.1912
24.3554
24.1834
24.8799
25.2619
23.6406
23.7510
23.0062
23.2444
22.0614
22.3376
23.2184
22.6188
22.4382
22.4430
23.8096
23.9667
23.8542
23.1946
23.2965
22.9233
23.6935
22.4247
23.5475
22.8669
23.2969
23.6624
23.9441
23.5103
23.3859
22.5253
22.6957
22.6189
22.6300
22.4691
23.3312
23.0990
23.9266
22.7076
23.6124
22.0170
22.6686
23.1445
24.1349
22.8897
24.0815
24.2832
23.5817
24.1758
24.6145
24.1702
24.0322
24.8753
24.0547
23.6831
24.7889
24.0238
24.5218
24.6192
24.4741
23.8056
24.0792
24.3734
24.4620
24.5127
24.3331
23.6489
23.7448
24.3785
22.1441
23.7297
24.1572
23.1956
23.8668
24.0584
24.9335
25.0335
24.2081
24.2100
24.0837
24.9210
24.5007
23.2000
23.5768
23.1928
22.6508
23.2620
22.5265
23.4073
24.2106
24.0467
23.3425
23.8289
23.4810
24.3248
23.5913
23.4777
23.1746
22.3976
22.7834
23.7790
22.8960
23.5392
22.9749
23.1121
22.9380
22.0037
21.6703
21.0084
20.6983
21.8543
21.3385
20.8607
20.9377
22.1006
21.5622
21.4194
21.8313
21.7291
22.1034
21.3387
22.7285
22.9373
22.9169
22.8995
23.4611
21.4268
21.1313
22.9230
23.4442
24.5486
23.4780
22.9641
22.9160
23.1865
22.7429
23.0680
23.6440
23.7314
24.1191
24.2102
23.5097
23.8202
23.2524
23.0580
23.3912
23.2893
23.1017
23.0277
23.0610
23.8872
23.2572
22.8511
22.7269
22.1938
23.6879
24.5824
24.2775
24.1248
23.5081
23.8455
23.3765
22.3424
22.8005
23.3682
23.6152
23.0409
23.6327
23.4496
24.4831
23.4438
24.2853
24.9188
23.8594
23.9326
24.2154
24.0556
24.3133
24.6001
25.6377
25.6585
25.5565
24.5369
24.8969
25.2047
25.8459
24.6776
25.6763
26.0152
25.8222
24.8796
24.7775
24.2027
24.1882
24.5655
24.5514
24.2495
24.8089
25.4493
25.7848
24.8173
24.1449
24.2321
23.6364
24.8748
26.0507
24.2580
24.2525
24.7653
23.7070
23.3618
23.7544
24.1682
24.4188
24.3656
24.6235
24.5104
23.5806
24.0162
23.8963
23.6813
24.5842
23.6861
23.8478
23.5853
24.0788
23.8156
23.9841
23.5063
25.2147
25.0182
24.4017
24.6741
24.0806
24.1953
22.8865
23.3189
22.9593
23.6647
23.7695
22.8946
24.4182
23.5607
23.1865
23.9096
23.5220
23.9602
23.7123
23.8264
24.7317
24.4856
24.9301
24.7461
24.8155
24.6714
25.3035
26.6284
26.2770
25.0201
25.9418
27.0737
25.6320
26.7108
26.0172
26.7834
25.6507
25.8882
24.0004
25.9708
25.1722
25.5891
26.0173
26.5726
26.4061
26.4497
25.5221
25.2304
26.5984
25.6414
24.2778
26.0856
25.2707
25.1699
25.6790
25.6791
25.4114
25.8911
24.8091
24.3030
24.8619
23.9719
24.8184
24.5170
24.8974
25.2163
25.0879
25.9510
24.9281
24.3576
24.1317
24.1539
24.2348
25.0708
24.2368
24.4157
23.7948
23.2771
22.7352
22.8573
21.9934
22.7505
22.5657
22.9292
23.0671
23.4602
23.2510
23.4795
24.8567
25.0502
23.5322
22.9073
24.1137
22.8407
23.9704
24.2564
23.7358
24.4562
25.1028
23.6596
24.0961
24.3197
23.5707
23.3830
21.8397
22.6459
23.1043
24.1614
23.2845
23.3490
23.7450
23.8339
24.7248
23.9949
25.2989
25.5310
24.3192
23.9558
24.5815
24.8322
25.1379
24.9724
25.0849
26.3847
25.2275
25.1941
25.8783
25.2152
24.3948
25.0772
25.1271
23.7101
25.8828
25.7594
24.9244
25.6107
27.0093
26.6781
25.8422
25.1305
25.2517
25.8328
25.5612
25.8712
25.7845
25.5339
26.3203
26.7704
27.3324
25.6920
25.4738
26.4919
25.6984
26.0028
26.1394
27.0570
27.4991
28.7039
27.3478
26.5488
27.2051
28.1018
27.4310
27.4228
26.6202
27.1722
27.8745
26.4614
25.9157
26.6096
26.3947
26.6816
26.3907
26.5217
26.4400
26.5602
26.5841
27.0254
27.4337
26.3440
26.8925
26.9323
26.0050
25.9392
25.6214
26.5542
26.7406
26.4347
27.1349
25.3230
25.7132
25.9237
24.6049
25.3427
25.4099
25.8754
24.3172
25.8149
25.4774
25.4713
25.6988
26.5753
25.3501
26.0015
25.7726
25.2568
25.3415
25.1685
25.8481
24.9860
26.7006
26.9426
26.4733
27.1130
27.4027
26.7909
26.4142
26.7026
26.9281
26.6277
27.7881
27.7794
28.7224
27.4188
28.1985
27.9573
27.7249
27.0741
26.6485
26.0250
27.6626
28.4819
28.3118
27.9634
29.0135
28.7692
29.5716
27.7153
28.1238
27.8601
28.1739
28.0110
27.9710
27.7385
28.8530
28.2866
28.5990
28.6537
28.1408
27.1665
26.5403
27.4774
26.9110
27.3876
27.1349
26.6810
27.2989
26.8188
26.8625
26.0438
25.9107
26.0005
24.9314
25.3418
24.7244
23.7589
24.0710
24.7749
25.2441
25.6459
26.0180
25.5056
26.5205
26.0465
25.1840
25.8068
25.1135
25.4940
25.8302
26.0134
24.1442
24.4703
25.4409
23.7051
24.0140
24.2250
24.8121
25.1728
23.9620
24.8668
23.2202
24.0779
24.7841
24.2585
24.3149
25.8599
25.2070
24.6920
24.5256
24.9309
26.1276
25.1237
25.0633
24.8043
24.0100
25.6789
25.4817
24.6567
24.1019
24.8845
23.9839
24.5500
25.0992
24.7558
24.6517
23.7568
24.9667
24.8627
24.4918
24.2505
23.7693
24.3097
24.4068
24.9235
24.6100
24.0848
24.2732
24.7609
24.9130
25.2991
25.3950
25.0100
25.1647
25.2893
24.3964
25.0269
25.7843
26.1419
25.9319
25.4646
24.9760
25.3097
25.1491
24.5121
25.4962
24.2286
23.6825
24.1157
24.4155
24.6203
24.2205
24.5195
24.1381
24.0873
24.2975
24.9211
25.6460
24.4447
24.2066
24.3472
24.3013
24.2938
25.1634
25.4779
25.6040
26.2963
25.9171
25.7089
24.8102
24.5143
23.9437
24.2729
24.8853
23.9625
24.9833
23.6362
25.5854
26.6100
25.8707
25.4600
25.0657
26.5676
27.4385
26.0965
26.5500
26.8734
27.7307
26.0110
24.8640
25.1514
25.6289
25.4005
25.5283
25.6880
26.6249
26.2650
25.3248
26.7130
27.9497
27.0413
26.8098
26.1858
26.8107
26.3436
26.6666
27.8921
27.6017
27.0564
27.4242
26.1580
25.9888
26.8417
26.8498
27.2964
27.3149
26.5246
27.9839
27.5266
27.0510
26.4315
27.4357
28.0000
27.6544
27.1889
27.4899
28.2963
26.9503
27.9056
27.4784
27.8949
28.2634
28.5448
28.8954
27.2027
27.8549
27.4590
28.0987
27.3136
26.5318
27.1320
27.4645
27.1835
27.5882
26.1435
26.8503
27.2929
28.1722
28.3344
26.8695
26.4265
26.2948
26.9829
26.8499
26.8766
27.6497
26.7672
27.2150
26.8521
27.4406
26.9760
26.3000
27.4375
27.0163
27.2238
26.3244
26.4095
26.1131
25.7775
27.1227
26.5107
26.2812
25.3685
25.8208
25.7858
25.0227
24.9916
25.5889
25.3905
25.2548
24.8981
25.6387
25.2491
25.1648
24.2055
24.6626
25.4159
25.8609
25.2765
24.5444
25.9023
24.3375
25.0859
25.1779
24.5965
25.1133
23.8965
24.5600
25.5170
25.9995
25.7596
25.3455
26.0959
25.5760
24.6648
24.5940
24.0678
25.0961
24.8982
25.0134
25.2475
26.0678
25.7837
26.6637
26.6301
25.6373
26.2474
25.7431
26.4320
26.7831
26.3474
26.3706
25.9683
27.6625
26.5837
27.6492
27.6954
29.0578
27.7183
27.5383
27.5205
27.7738
28.6279
28.9078
28.6650
28.5189
28.3422
27.9821
28.8149
28.6237
28.5644
28.1650
27.7599
27.9071
28.5135
29.0667
29.7300
30.1215
28.5529
28.5016
28.0406
28.0884
28.3896
28.0133
27.3522
28.2139
28.4071
28.1939
28.1099
26.6508
26.7618
27.0961
26.9513
27.0560
26.4643
27.5860
26.6618
26.0547
26.0994
25.1653
25.7674
