98.9344
99.8208
99.0145
99.7230
98.5715
96.8831
98.0900
99.1872
99.1737
95.9374
95.9758
96.6841
97.4891
98.0199
99.9389
97.6811
98.7151
97.8292
98.5720
98.7961
97.3468
96.8571
97.1090
95.9802
97.3865
96.9086
96.4546
98.3026
98.1880
97.1436
100.5336
100.7253
100.6104
100.7883
101.3410
102.1173
99.6120
99.8926
100.4220
100.8529
100.8786
100.9393
102.2716
99.7954
100.9728
101.0266
101.2924
100.2453
101.6191
99.4587
100.4319
101.7767
101.5145
101.4263
99.7318
101.5137
102.6750
102.1032
102.4747
100.4040
102.1367
102.0250
101.2854
101.8966
102.2384
101.3406
100.5336
99.6833
101.8629
100.8436
99.6987
100.3275
99.7931
101.2703
102.2415
103.9952
103.2851
103.2268
104.4368
101.9549
101.3856
102.5060
101.0760
103.9865
103.1440
102.8768
100.8833
101.5101
101.9943
101.2860
102.2348
103.4104
102.4656
103.8024
102.8664
103.6263
103.9349
102.0953
103.6094
103.2975
103.5019
102.1582
101.4664
100.4360
99.6013
100.8019
100.6740
100.5918
102.3159
100.5391
102.3259
102.1974
104.0968
104.8810
104.1425
101.4620
103.6356
105.2293
104.5672
104.3632
105.2363
104.6143
105.6162
105.0111
104.1062
105.6195
103.7641
105.8907
106.2659
106.2661
104.7668
106.0780
105.4270
106.2387
108.1926
107.2109
107.8824
108.7271
108.3759
107.6954
109.3256
109.8319
108.8430
109.1756
109.7371
110.6677
111.1215
111.3575
110.5190
111.6464
111.5412
111.5243
109.8709
110.5152
110.5503
109.8128
109.2790
107.8794
108.8163
110.9720
110.1920
110.2657
110.6148
111.9139
111.7792
112.0871
112.2519
111.6040
110.5623
112.6934
110.8159
110.4557
111.6265
111.4350
113.8811
114.9950
114.8634
113.1664
111.6664
113.9554
113.0559
112.1776
111.2347
111.5494
110.8810
112.4842
109.6518
109.5352
109.3614
110.1782
109.0558
109.3991
109.6576
109.1910
111.0349
111.7477
110.2876
110.8687
108.2496
107.5976
109.0779
108.5552
106.4379
106.6869
106.9754
107.7052
107.3639
107.0698
107.3293
107.6381
108.3471
109.2197
107.2599
108.1867
109.3552
110.0057
110.6959
110.6607
111.0919
111.6271
110.8332
110.9365
109.1883
109.2846
108.2991
109.4690
109.3821
106.5122
107.9373
108.3855
106.4729
106.3167
104.6612
103.8169
104.3685
106.0886
105.2324
105.5423
106.3737
105.5786
107.4643
105.3566
105.8831
104.8741
102.3655
104.7861
106.1450
105.1111
104.9508
106.0003
107.2705
106.8784
105.3292
105.7421
107.1472
107.4954
108.0401
107.0725
105.1183
106.3764
105.0739
106.9200
106.9307
108.5654
105.9850
107.0287
107.7171
107.5944
108.9890
109.9719
111.0185
110.6085
109.5920
107.5110
108.0192
106.7620
107.3155
107.4576
106.9446
107.6137
108.1973
107.0827
107.2608
109.0309
109.0445
109.7355
107.7643
108.3770
106.1392
106.8774
110.3891
108.7855
108.9149
108.0442
108.3318
108.8425
108.2840
109.1913
108.9689
109.5007
108.3169
107.3146
106.7120
106.2761
108.2389
106.2068
105.0426
103.6922
105.7087
105.5145
105.5832
106.4112
105.5631
105.2692
105.9167
105.9164
107.4729
107.3158
107.5532
107.6494
106.9635
106.4831
107.2069
107.3072
108.6925
107.1679
107.2241
105.9854
105.9162
105.7188
106.1669
107.4203
106.7480
108.8669
109.4716
109.9065
109.9343
108.9611
110.4849
109.7506
110.2249
111.5712
111.1651
110.4994
109.2420
109.7106
108.1152
109.4772
108.4232
107.9555
109.7465
111.1373
110.9953
110.6118
111.2181
109.6652
110.3050
111.4846
111.4162
112.7626
110.6837
110.0825
108.7242
108.0645
106.6399
105.1722
106.6229
107.8021
109.3085
109.1336
110.3552
110.7737
110.2114
112.0899
110.8864
109.5113
108.8431
112.7103
113.3763
112.6142
112.0384
110.8249
110.7889
110.9988
110.2397
108.6621
110.7926
110.2998
110.4329
110.1726
111.0015
109.3416
111.1158
110.7954
112.3262
110.4593
110.4508
110.3253
108.9218
108.9040
109.1337
110.8988
112.1833
109.8059
111.3769
111.2341
109.9591
109.5025
109.8876
109.0757
110.8257
111.3196
111.0564
111.0391
111.7621
112.7163
110.8031
113.3912
113.7963
111.8671
113.0473
112.1599
111.5817
110.4931
110.6362
110.6617
111.4903
110.1860
110.5244
110.5743
109.5037
108.1904
110.9699
109.8278
108.7401
109.2953
108.2053
108.6638
108.3405
107.3738
106.1938
106.1576
105.9063
105.0994
105.4872
106.1084
108.2209
106.6117
109.5994
107.7373
108.0037
109.6712
109.3425
108.9762
108.7850
108.3372
107.2299
109.3247
107.9543
108.7312
106.6599
107.4512
106.0560
108.9196
107.5152
107.7947
108.3630
107.1995
107.3864
108.6038
109.2126
108.4821
106.6509
107.3394
106.9448
107.3987
106.1721
108.0778
106.8355
105.5079
107.1364
105.5341
105.4904
103.8323
104.9732
103.9750
104.5019
104.3241
105.5342
103.4116
103.9343
105.2162
105.8574
106.1312
106.9277
106.9512
105.8755
106.7782
105.4154
105.0047
104.7564
104.2590
103.8354
103.4800
103.9226
104.6115
104.7054
104.2776
102.9281
103.4261
102.7879
102.8459
99.5386
101.3180
100.4011
99.9615
99.9926
100.0809
101.7725
101.1790
100.8381
101.6961
102.7949
101.9995
101.8810
101.3106
103.6344
101.6509
102.6201
102.7692
103.4582
104.0491
103.0704
104.6726
104.7585
104.5905
105.1020
103.6004
101.0303
100.4659
100.9358
100.0135
101.9530
102.8988
103.3517
102.5344
103.0760
101.4358
101.0383
101.4911
101.9776
103.1632
101.9147
103.0943
103.4543
102.4762
102.8098
101.8550
101.8396
102.7964
101.8299
102.9791
102.3269
102.9467
102.5455
103.1859
103.7259
104.0348
103.9775
104.9290
102.7339
103.8528
103.8308
102.6536
103.5907
104.0617
104.2097
106.2247
105.4197
103.6307
104.6817
105.7626
107.3367
106.3836
108.2748
108.5619
106.1348
105.0589
102.5876
103.8185
102.2188
103.9276
104.3360
103.4108
103.4725
105.2111
106.7311
106.4822
107.1151
107.4525
106.8793
106.7506
107.4014
105.3808
108.0169
106.2923
108.7363
107.9216
108.6702
108.6809
110.4631
108.5979
106.6600
111.7715
111.3245
110.9267
110.3348
110.7187
110.6474
108.8882
111.5855
110.3664
109.7414
110.3765
112.1274
108.3325
107.5260
105.4794
108.0340
107.9467
108.5458
108.0754
108.3834
109.6348
109.0315
108.8705
110.0778
109.9081
110.9243
109.8598
109.4705
109.5367
111.2170
110.8642
109.9486
111.2316
112.2258
112.4113
111.6527
110.5779
110.6636
109.8958
109.1214
111.1344
111.2954
109.8271
112.7395
108.9776
108.1593
108.0069
106.8291
108.3932
110.3523
110.2705
110.8239
112.7245
113.2962
113.6071
115.0480
114.1736
114.3749
116.7545
117.4724
115.7553
115.3094
114.9973
114.0461
115.7325
115.0537
116.3842
116.1945
115.0166
114.4532
115.0736
113.7224
113.6533
114.6807
111.2925
113.0157
113.4541
110.3394
112.5099
112.4390
111.6516
111.1560
110.6816
110.2768
114.1823
112.0033
112.0743
112.0114
112.0403
112.6541
113.2354
114.0122
115.2694
114.0428
115.4290
114.6276
115.8486
116.7668
116.7254
117.4450
116.7847
115.5119
117.6548
119.5566
118.4194
117.0924
116.4816
113.6562
114.5083
112.3332
112.1612
111.7725
109.7949
111.4186
108.3856
110.4108
111.2749
110.4860
109.6970
111.3700
111.9102
111.8788
112.2317
112.7685
112.5387
112.7766
113.4492
113.8502
113.5635
113.7762
113.0877
112.3110
111.4237
111.1352
112.7289
112.9309
112.4219
112.4994
112.7559
114.0388
114.8311
114.9646
115.9008
116.0108
116.5000
116.0816
115.2776
114.7533
114.0424
113.7844
114.0254
116.2146
115.0221
114.8699
115.0659
114.2056
113.2409
114.2250
114.8597
114.0478
113.1399
111.9563
112.9035
112.6752
112.9082
113.4892
113.7557
111.7147
113.7569
113.0244
113.9268
113.5160
114.6122
115.1467
113.8046
115.2596
114.7642
115.1820
116.3620
116.6382
115.7565
116.9861
116.5959
116.1673
116.6865
115.4356
115.8471
116.1886
116.1675
114.6763
115.7973
116.1979
116.5036
115.0794
115.0176
115.1393
115.9863
117.0630
114.2950
115.4467
116.0173
116.1114
117.4041
118.4537
116.7573
117.9923
118.6267
117.7046
115.3602
117.1957
117.9297
115.9375
115.4091
117.9320
116.4045
117.0410
116.2444
114.1490
116.5359
115.9059
114.1774
116.7974
116.5026
115.6888
115.5119
115.9320
118.1445
118.7652
118.6028
117.6961
118.4585
118.4635
119.8331
118.3775
118.1512
117.7711
118.3118
117.1948
116.5378
116.1640
117.1134
116.6143
117.7053
116.2760
116.8518
117.9710
118.9469
118.8611
118.0401
118.6813
117.6709
120.0226
120.2102
118.3158
118.0773
118.2014
118.5006
119.8605
120.0400
121.7808
119.2982
121.0541
120.1241
118.9277
119.0853
120.2514
120.6378
120.4594
117.9257
117.7417
119.8511
119.4013
117.8827
118.2176
117.7895
116.6067
116.5422
116.5147
116.6265
115.6372
115.9743
114.9238
113.4701
113.4466
112.1407
111.6469
111.3977
111.8301
112.1408
112.3321
112.3034
113.3728
112.7768
111.9337
113.1518
112.8754
113.4335
111.9381
112.2844
112.6999
112.6323
112.2113
112.9572
112.9712
113.2343
113.8262
111.4510
112.7034
111.5943
113.5519
113.4069
114.4926
114.0258
114.1698
114.7540
112.3762
114.1863
115.1874
113.4149
113.6652
111.7718
111.4486
113.5358
113.0906
111.6585
113.3301
113.1264
112.1895
113.3616
114.2724
113.4580
112.6198
111.9296
112.5309
113.8051
114.1554
112.9148
114.0255
113.4073
114.3325
114.6701
115.7517
115.0338
114.6519
113.9969
113.1814
114.2653
115.1001
115.5412
114.4498
112.5226
115.9827
115.7434
114.7129
115.0930
116.4586
115.7910
115.1863
115.4704
113.4811
113.2169
113.9871
113.9700
114.0217
113.9810
115.4243
114.7618
114.4612
113.0058
113.5107
113.3674
115.6592
113.7847
113.2038
113.6646
112.3553
113.5005
114.9334
115.1735
113.7550
114.8492
113.9299
113.7640
115.8176
115.1562
115.4942
115.0843
113.9967
113.4487
110.8108
113.2763
112.5580
112.7961
113.4313
113.7245
112.3250
113.8067
112.3795
112.4330
112.8361
111.2751
110.0328
109.9478
111.5847
111.3519
113.6895
111.6106
112.0836
112.4398
111.4692
110.7438
110.4107
110.9215
109.0393
110.7332
110.4896
111.3341
111.7540
112.0194
112.1240
112.8765
111.3759
111.9759
112.9887
111.1913
112.1682
110.7500
111.2120
110.8626
110.7180
110.2354
111.7979
111.9348
111.4842
112.7438
110.5159
108.9117
107.5566
109.6646
111.2509
112.2963
111.5530
111.8123
111.2296
112.6026
112.3465
112.5507
112.6582
111.5578
109.1542
110.7355
110.2870
109.7002
111.2085
111.5298
108.1642
107.8209
108.2485
107.6421
107.8013
107.7900
107.9245
106.6836
106.2044
104.8136
107.1194
106.7288
105.8664
107.2805
108.2361
111.2306
110.7890
110.8384
110.2653
110.3407
109.6219
109.5312
110.1667
110.0878
112.7295
111.8753
110.9157
111.1917
111.7005
111.3783
111.2833
111.8299
110.5276
110.4602
110.8883
109.9693
109.0252
107.4131
108.9041
109.1000
108.8532
108.7245
108.2283
108.7375
108.2936
108.4350
108.5843
107.4137
109.8749
109.3685
110.9268
108.4747
108.6471
108.9204
108.8384
109.9249
108.3079
107.9991
107.8147
110.1412
110.1984
108.6487
108.0987
108.2786
108.5406
109.6648
109.8026
109.7959
110.7567
110.2140
109.9372
109.5644
109.9816
109.3493
109.1434
109.6347
108.9202
109.2977
110.1560
110.6274
110.0049
109.1174
109.0523
107.6443
108.1463
109.5528
110.3318
110.2975
110.4991
110.5826
112.4568
111.7101
109.7563
110.4503
111.5312
111.3849
111.3094
111.2749
111.1396
112.2069
111.5151
109.4649
110.6779
112.4528
111.3102
110.0869
110.3346
110.0305
109.4906
109.2070
109.4922
110.0076
108.7814
110.6186
111.9264
109.6455
109.9762
110.2590
110.7087
109.4006
111.3544
110.2941
112.2628
109.5585
110.7124
108.3608
109.8278
110.2109
108.3118
108.1249
112.0531
112.2467
113.9714
112.9035
111.9461
114.6508
114.5381
113.7007
113.8306
112.9993
112.2035
112.4289
114.0410
113.8961
114.0268
114.3939
115.0384
113.7358
113.4061
112.7896
114.3529
113.9214
113.9320
114.7551
114.0430
114.3373
115.2057
114.4823
116.6708
114.7989
114.1839
114.3911
116.4713
116.0053
116.9903
116.5980
116.2300
116.7427
115.5569
115.6813
115.2530
116.1817
115.4676
115.6610
116.1515
117.2380
117.0921
116.8098
116.3990
115.8055
116.2896
114.1782
114.8800
115.5140
114.2605
113.6365
115.1325
112.2549
114.0759
113.7812
114.7666
113.7505
112.6453
113.7205
113.4214
113.4076
113.0042
114.3452
114.8101
115.5622
115.8253
115.4099
115.3043
114.3620
114.6651
115.3050
113.9538
114.2311
112.8574
112.8213
112.4506
112.7217
111.2551
111.2423
112.3367
113.8288
112.3815
111.3699
110.8090
111.5053
113.4455
113.4572
114.4353
115.0083
113.6721
114.5544
116.3847
116.8596
114.6122
114.9182
114.0434
114.2879
112.3510
114.2932
113.1999
112.6720
114.3538
112.9204
113.1286
112.1075
113.6812
114.3345
114.0011
113.8007
115.0890
115.0621
115.1375
114.8187
114.3871
113.6715
113.5344
114.8698
114.5156
115.0452
112.1249
113.4258
113.5390
113.0676
114.3922
113.4019
112.9380
112.9365
112.8760
112.6306
112.7362
113.4538
111.9001
113.0095
111.7362
110.6835
110.9110
111.6277
112.4059
112.5065
110.6027
110.6094
111.9323
111.3508
113.3085
113.0742
111.1537
112.6469
112.8688
112.0146
111.0058
110.1421
111.8346
112.3908
113.7580
111.8524
112.3969
113.1895
113.6297
112.9865
112.5506
111.4231
110.8316
110.2813
110.6982
111.3011
109.0866
111.1060
111.3349
111.2310
110.5281
110.1401
111.6258
111.0247
111.3818
108.7137
108.7718
109.8091
109.9745
111.0754
111.2078
109.3282
110.2993
111.6790
109.9096
110.1893
110.2697
111.4240
111.4291
110.2898
109.0017
108.8267
107.5590
108.6014
109.3524
109.1992
109.7187
108.7368
109.5637
109.2184
108.1384
107.9814
108.6794
107.1261
108.9409
109.2767
108.9461
109.5236
108.2595
107.3223
107.8839
109.7282
108.8565
109.3252
110.7017
111.4126
110.8293
112.1939
112.9398
112.8047
111.8080
111.0686
111.4733
111.2830
111.8451
110.8547
112.4524
111.8171
112.2376
109.3469
110.8018
108.7183
110.5814
110.5800
110.2280
110.8266
110.5141
112.9368
112.8227
114.3843
114.9458
115.3530
115.7036
113.8267
116.4060
113.0744
114.5932
112.9428
112.1158
114.8080
114.5872
114.4752
114.7398
112.9420
113.9590
114.6518
113.4041
111.6095
111.4405
110.1044
109.3526
110.0744
109.9814
111.0546
112.0242
110.6688
111.3988
111.5969
112.7386
112.4058
113.1465
113.4571
112.2235
112.8093
113.4260
113.8021
111.5401
114.1078
114.7312
113.2009
111.0473
111.3367
110.0503
110.3745
110.5061
109.5512
110.7782
110.7768
110.3747
111.5410
112.2863
112.0269
110.6521
110.5336
110.1042
109.6884
111.5583
110.6725
109.1953
111.1678
110.4013
110.1357
109.1453
109.9177
110.5547
110.1858
110.9970
112.1375
111.6187
113.0765
113.0428
113.4144
113.7474
114.1173
114.2829
110.8283
109.9994
110.2486
111.2544
111.2074
112.2935
112.3016
110.9272
111.7928
110.7309
111.6255
112.3219
111.4304
110.7664
111.2148
110.1372
110.3472
110.9841
111.1180
111.0877
110.9605
110.7846
110.5276
111.7968
111.7543
111.7239
110.6493
111.4929
111.3740
112.3365
112.6716
113.4634
110.7807
110.4369
111.9162
112.8900
111.9200
111.7282
111.8998
111.9275
111.3103
112.2946
112.6126
113.5066
111.4105
112.2994
110.9342
110.6766
111.6284
111.7260
112.2145
111.5695
111.5337
111.8065
112.7366
112.7626
111.9327
111.5634
111.5976
112.5553
114.0150
110.0744
112.6545
110.8048
110.6792
111.4898
110.6713
111.8182
113.5382
111.8540
111.5529
114.7385
112.2821
112.0958
113.5361
111.9321
110.9700
110.7698
110.8381
108.8659
109.4644
109.6187
110.2332
110.4680
110.8868
112.2759
109.9564
111.0241
109.3514
111.8614
111.4478
110.5193
110.3624
112.5355
112.7054
113.9778
111.7508
112.0125
111.9948
111.7510
111.3402
109.1399
110.6659
110.5442
110.9923
109.9636
110.2855
111.0866
113.4353
112.9331
112.5346
114.0635
113.3538
113.6444
113.8977
114.3137
114.2164
114.4434
112.9899
112.9036
112.7271
111.6629
112.3323
111.8015
111.5343
110.8209
109.2130
109.6875
110.6458
112.2251
114.1261
112.9887
113.1408
113.1894
112.2692
110.8604
109.6261
109.8388
108.6171
109.9495
109.6701
110.4378
109.9195
111.0101
110.6326
112.9638
112.3511
113.1893
112.1606
111.4423
111.3040
111.7290
111.2249
111.3641
110.2479
110.0386
110.8958
110.5640
109.3824
110.6343
109.4966
109.8679
108.7287
106.9363
108.0991
105.9824
107.3438
107.4781
108.5228
108.7895
107.4061
107.8402
109.7188
109.0275
111.2913
110.4488
108.8356
108.4384
108.2290
106.5936
106.5811
107.6296
106.6113
107.8597
109.8347
107.4071
107.7028
107.2167
108.0160
107.8135
108.1396
108.5406
107.1417
106.5435
106.7335
105.6649
107.1287
106.4728
108.1237
107.2657
108.3448
108.3726
109.8359
109.7525
110.2900
108.4789
109.1485
111.5777
109.4273
109.8734
109.6293
109.4566
108.6570
108.3648
107.9449
108.2861
108.4034
108.1479
107.7978
109.3682
110.1813
110.2354
109.6487
108.4760
106.6625
108.3291
108.9411
107.5087
106.1181
106.4624
106.8417
106.7088
108.3170
109.9519
110.4112
109.8203
111.5252
111.9647
111.7125
112.4883
111.5043
111.2614
112.3168
112.7189
112.5020
112.6231
113.0273
113.2886
114.4063
113.7949
113.3462
112.9253
113.6058
112.8411
111.6495
111.6714
110.7215
110.6511
110.0607
110.7877
110.3127
110.9297
111.1606
112.7785
113.8214
115.4090
114.1637
112.8603
112.3316
113.4500
112.7775
112.6389
111.4671
112.8898
112.3071
111.0693
109.7467
108.1777
108.6851
110.0307
113.8444
112.6983
111.5657
112.1988
110.9874
112.8940
111.6851
113.3327
113.1033
112.7095
113.0594
112.1685
111.7276
112.5821
111.5722
111.8256
112.8499
113.7369
113.3881
112.0534
113.9441
114.6342
114.9016
114.0980
113.6957
114.6711
114.2832
115.9279
114.7027
113.7062
114.1121
112.5641
113.1659
111.7955
112.0139
114.7902
113.4588
114.1486
113.6695
114.0319
114.3877
113.7838
112.3774
111.9321
113.5180
113.5110
114.1085
114.5035
115.2041
114.1878
115.4334
114.7947
115.9780
115.2005
116.6316
117.1387
118.2234
116.2584
115.6458
114.0969
116.3734
114.1947
115.9314
116.3954
116.2831
116.9617
117.9766
117.1864
115.3784
115.7002
114.6056
114.7640
115.0397
115.6247
115.8398
114.8779
116.6457
116.0170
116.1922
116.2611
114.3756
113.5969
113.5021
113.1037
112.7906
112.5798
113.6473
114.2774
114.6065
115.4854
114.3339
113.9185
114.3355
113.5765
113.3809
113.5587
113.7845
115.6622
114.2968
114.3810
112.6329
113.5476
113.9349
113.5760
113.3636
113.9794
112.5260
113.7469
113.7960
113.3993
111.6802
112.1283
111.5204
111.3334
111.6616
110.6194
112.8953
112.7368
113.1919
111.6834
111.4885
112.5339
111.8489
111.2209
111.8334
112.3551
110.9485
110.0088
112.5580
112.4031
111.5433
111.7733
111.3776
112.3168
112.4490
111.5573
110.4985
109.2225
108.9141
110.6792
109.3993
110.6667
110.2201
110.1972
109.4732
109.0401
109.4448
108.3472
109.9894
110.1965
110.8723
110.0884
111.6366
109.9571
111.6549
110.6992
111.7692
110.4755
111.9194
110.2499
112.0318
111.8761
112.3869
111.1879
111.3952
113.0615
111.6504
111.3935
112.7311
111.1687
111.7153
111.3672
109.6139
111.9470
111.5901
110.0709
110.5952
110.7450
111.4071
111.2648
112.2113
111.2206
112.5442
113.5278
112.3004
112.2982
112.8636
111.1422
113.3020
112.0822
111.7300
112.3263
112.0447
111.8475
113.0083
112.7504
114.2150
113.5756
112.6019
113.8497
114.8643
112.9137
113.4777
113.7949
113.3100
113.5673
115.5573
113.6892
114.2075
114.0258
115.2099
114.8473
115.2565
113.8222
115.0024
113.1310
113.1656
112.7760
113.9998
115.5928
114.8912
115.0797
115.4571
115.3344
114.2008
115.1147
114.0671
114.4212
115.6274
114.4023
115.5378
116.0002
116.1495
116.5017
118.6132
116.7949
118.2812
118.6122
116.4053
117.3269
116.2569
115.2939
116.0969
117.9242
116.4944
116.5313
117.5212
116.9961
117.4860
117.1284
116.0747
115.0379
113.3977
114.5252
114.4253
114.2849
115.8087
116.1663
116.9844
116.4725
114.6824
114.6734
114.5860
112.6501
113.2032
113.8961
116.0645
115.5274
115.9258
115.2527
117.9103
117.8225
115.8571
114.2622
114.1488
115.3146
113.0670
113.0017
113.5135
114.2773
114.2422
114.5602
114.6233
114.0610
114.8201
114.6834
114.3750
114.5471
114.5006
113.3845
113.3417
113.1454
115.6102
113.9890
116.0358
115.8857
116.0771
115.8497
116.8809
116.6006
116.5935
116.4436
115.4331
116.6288
116.4636
117.4985
118.6300
119.4173
118.1439
118.0900
116.0586
117.4648
116.0153
115.9298
116.0319
116.4552
116.5579
115.7174
115.7009
115.6615
115.9590
116.5447
117.2181
115.3466
117.8851
116.7972
115.3355
116.3616
116.0494
118.5447
117.5447
117.6871
117.4418
117.6511
116.5663
117.9213
116.6437
115.8016
116.2549
115.0800
115.8380
116.6710
116.3260
116.5653
116.9165
115.5952
116.0907
117.2351
115.2472
116.1018
116.5544
116.2900
116.6831
117.4666
117.9443
116.6025
117.0288
117.3874
117.8598
118.7098
116.7194
117.5414
116.9890
116.1254
116.8144
116.3686
116.3272
118.5863
115.5977
117.3324
116.5644
117.7048
118.2647
118.1267
118.7121
116.0540
114.6813
116.5618
116.3592
115.0996
113.8297
113.4688
113.0771
113.8731
114.1006
116.0812
113.5895
113.4233
115.1362
113.5015
112.7975
114.0179
114.3481
115.7804
113.7592
113.2482
114.6657
114.5654
114.5715
115.2493
115.1172
114.1645
116.9715
114.7014
113.4310
113.2858
113.7124
113.3412
116.0618
115.1986
114.8027
113.8061
113.4626
111.7215
112.4020
112.8938
110.9270
110.3249
110.7365
110.1641
111.9740
110.5795
110.4063
112.7385
110.3603
110.9999
111.8831
110.6878
110.2574
109.7503
110.9677
110.2234
109.2299
108.5801
108.8369
107.9740
107.8812
106.7822
107.5386
108.0549
109.2802
109.1385
108.9558
109.7290
108.2131
108.5473
106.6111
108.0642
107.8016
108.9663
108.1545
108.1733
110.2212
108.6969
110.1379
109.4361
110.4313
110.1346
108.5777
107.0533
107.5909
107.6372
108.1580
110.4550
108.7628
110.2787
110.2313
108.6725
108.5485
109.4563
110.3142
109.6674
110.1488
110.8715
111.0843
108.9847
109.4720
108.1546
108.5737
108.7493
108.1722
108.2412
109.8704
108.2579
108.7627
110.8276
107.4693
106.5987
108.0089
107.2065
105.9855
105.0533
104.9926
105.8806
106.3925
107.3468
108.0107
110.0839
111.1235
110.3570
111.1961
111.3203
111.6467
111.2834
111.3162
111.7026
111.3513
111.3747
110.2320
110.1233
108.9248
108.3296
108.3367
108.3117
106.6037
107.5504
108.5452
109.7576
108.9059
109.0807
108.5139
108.9018
109.7216
109.9016
108.5606
109.3150
108.6433
109.5720
107.4713
107.3344
109.2506
110.5183
108.8652
109.5535
109.7079
109.8148
109.4695
111.0186
110.3463
109.5439
109.2042
111.5907
111.9874
112.4172
111.1074
108.7133
108.5458
110.3336
110.5110
108.3690
108.6177
108.3705
109.7560
107.7134
109.4720
107.9797
108.8151
108.2686
108.1313
108.2305
108.9932
109.5147
109.1429
108.2759
108.4013
107.1400
105.8442
106.2424
106.1869
106.7872
106.2363
105.9321
105.3417
106.4439
107.1520
106.3317
103.8855
105.1729
106.9210
107.4540
106.7650
107.5780
106.6757
108.2034
107.3814
106.5086
109.0259
107.7695
107.1522
108.7428
109.5778
110.3405
110.5003
110.4674
109.6258
110.4076
109.7900
107.9566
109.0104
109.4808
109.2467
109.7699
110.0747
109.5842
110.6070
110.9894
111.0847
109.5626
109.1211
107.8197
109.1129
107.9954
109.3066
110.3581
108.2854
107.9527
108.1861
108.2616
106.0371
106.4167
106.4376
106.4645
107.0174
108.7947
108.1650
109.1884
110.1576
111.4558
111.7752
111.5519
110.6069
110.4352
109.1372
108.7086
109.1570
110.8973
108.7536
107.8062
107.9056
110.2985
109.8238
107.3359
106.9544
108.5463
106.5891
106.3525
106.2231
106.9485
106.2406
105.8845
107.3737
108.0242
108.0072
109.0825
106.9307
108.5336
108.8325
108.9903
107.9684
108.8780
110.7886
112.1036
110.9295
108.7475
109.9801
108.5517
109.1205
109.1067
108.4270
107.4376
107.5437
107.9491
107.8414
108.3501
107.6968
105.0602
106.8762
105.8077
104.9693
104.7479
105.5827
104.9430
105.5231
105.6173
107.3985
107.5170
107.5438
108.3391
109.3881
109.6761
109.7312
110.2063
107.6626
108.7761
107.5916
108.4939
109.0241
106.5295
107.6410
108.5744
108.6934
107.3833
107.8416
109.1050
108.2838
109.4035
109.7838
109.3224
110.0309
111.7309
110.4993
109.5027
111.0562
110.6263
111.9794
110.4020
112.6492
111.2990
111.2169
110.5676
111.2298
113.1035
110.6896
109.2797
111.6804
111.9311
113.3062
113.4465
113.3105
111.0501
111.9044
112.1548
112.4439
112.3152
112.0310
111.7608
112.2968
110.5139
112.5166
112.1403
111.9506
110.9249
111.5298
112.0848
112.7964
112.6723
114.6826
114.3184
113.8093
114.0587
115.1572
113.0469
113.2532
111.3163
111.4618
110.2800
109.7613
109.3697
110.2623
110.9249
111.2605
108.4377
107.2868
108.2699
107.2689
109.4256
107.7696
109.8416
108.3112
108.4588
110.2933
110.0692
110.4970
110.1925
111.2382
111.4590
110.6789
113.9356
112.3252
112.8973
112.0325
110.3209
110.4540
111.7026
110.5454
111.7161
111.9283
113.6259
111.8403
112.1340
111.7312
110.8338
112.8375
111.2434
111.0904
110.3953
109.7905
109.1245
108.7382
109.9057
111.7897
111.4493
109.9886
110.8707
110.3730
107.9943
109.6797
110.1661
109.9297
109.6482
109.3639
109.2143
108.9989
110.0640
109.8661
109.9428
109.3622
108.4278
108.5510
107.5851
109.5716
109.6428
108.4603
109.4088
111.5931
110.2262
111.7912
113.2956
112.2461
111.1783
111.2317
111.2956
113.3770
113.2672
112.3130
112.0841
113.8591
114.8869
112.8447
112.7511
110.6147
111.7447
111.1536
113.4388
113.1347
113.1811
113.1832
112.9625
112.7537
113.5068
113.4422
112.9708
110.1931
110.2950
111.1985
110.6573
110.4411
108.5913
110.7589
110.9877
109.6885
111.9892
111.4745
112.1224
113.0085
114.7830
113.0948
113.1506
112.2178
113.0937
113.7317
113.7540
115.4476
116.0227
115.7682
116.8628
116.0317
116.8465
115.9205
118.0429
116.1244
114.5764
116.8110
117.1843
117.0422
116.6842
115.5123
115.7440
115.1221
115.2253
115.8807
117.7261
117.3478
118.4930
118.9870
119.4761
119.2560
119.8550
119.9079
117.7203
118.0052
118.8481
118.6526
118.6565
119.6714
118.1006
118.4900
120.5860
120.8605
120.4980
119.6540
118.9812
119.0617
119.0558
119.4502
118.2329
116.8626
116.9715
118.2509
117.5855
116.9111
116.6462
116.0809
115.1761
117.0536
116.1194
115.9752
117.3908
115.3436
117.0128
118.4952
116.9489
114.7483
115.7283
115.2611
114.6417
115.2237
114.9920
113.7018
114.5182
113.6707
112.4059
112.9150
114.0458
111.8602
111.1037
111.0479
112.1992
112.0445
111.3956
111.8141
112.0735
113.7051
113.2215
112.4666
112.8196
113.9449
114.9636
114.3645
114.8152
114.0372
113.9411
114.7896
114.8801
114.5837
114.3877
115.4460
115.0293
114.3164
113.2098
115.1000
115.5213
115.0811
115.4965
115.8269
115.9092
114.6034
115.9863
115.0837
114.6884
114.5628
110.8697
112.2904
110.6545
112.3124
112.9693
112.7241
113.4624
112.2687
112.8712
114.5471
112.1509
111.6910
111.2719
112.4672
112.8575
112.7889
111.8787
112.8601
111.6625
112.9666
112.4392
112.0942
113.5955
112.7215
113.5103
111.5239
111.2782
111.6754
113.0481
112.0574
112.0364
112.2415
113.0846
113.5151
114.2893
113.9558
114.3411
114.3156
114.3267
115.4436
114.2852
115.7369
114.8159
115.9780
116.1707
117.7455
118.0543
119.5209
118.0136
117.8374
117.8380
117.4414
117.6651
115.8958
116.3514
118.4299
117.2885
116.7737
115.3510
116.3341
116.8552
115.1322
114.7721
113.3809
114.5694
116.3616
116.9287
117.4999
116.5965
116.1365
116.9186
116.8329
117.3447
119.7177
118.1876
116.7323
117.8047
118.9799
119.0775
118.6238
118.9820
119.7204
119.6796
119.4793
116.8114
119.2264
117.1442
118.1312
116.4614
117.9024
117.2972
116.8469
114.3968
114.1182
114.6213
113.6929
113.9840
113.2375
112.9134
114.0332
115.5037
116.7479
116.8510
117.4025
117.5963
116.4685
117.9300
118.9211
117.5469
117.0359
118.1285
118.5446
117.1307
117.4509
116.0365
120.2244
118.9468
117.4033
115.3025
115.5496
116.9405
117.0579
118.4777
118.6139
116.1291
116.9955
118.0410
115.7095
116.0705
115.9332
118.1477
118.2468
118.8231
118.1172
117.1968
118.2371
119.9455
119.5273
120.0602
120.3447
121.6910
121.1534
120.9667
122.2686
123.0972
121.7535
120.0946
120.0373
120.0292
122.5740
121.7635
121.2847
122.7824
120.0481
122.9402
123.7826
124.7642
123.2163
123.2363
124.1203
122.8400
124.9420
124.3942
124.5423
121.7992
121.0798
120.4865
121.6966
121.0456
120.8533
121.7194
121.0556
119.7265
120.4262
119.9853
119.1621
117.2095
117.6320
117.9822
118.3841
119.2910
116.5849
116.3445
116.6911
116.1058
115.2986
115.7981
113.8707
114.8613
114.1386
114.8445
114.9506
114.0005
114.3656
113.5561
113.1636
113.0228
113.0805
113.5081
113.7877
113.6874
115.4040
114.0081
113.7530
114.8263
114.6938
114.9991
114.8149
114.0730
114.7168
111.9390
112.8044
114.5686
115.2927
113.4546
113.2439
113.5999
112.9295
112.2880
114.6271
114.3560
115.2147
112.5652
110.4020
110.9416
110.1107
110.2324
109.5032
110.8559
110.9333
110.2988
109.5803
111.2597
108.2833
108.9823
110.7264
111.7533
110.3878
112.4713
112.3078
110.5097
110.8506
110.1782
111.4911
111.3978
110.5278
110.3259
109.7168
110.1774
111.0723
110.8484
111.4769
111.7447
110.1314
113.6257
111.1814
111.1631
112.6943
112.0301
114.2848
112.1460
112.7911
112.0438
110.7260
110.7907
111.4853
110.6204
109.8958
110.5770
108.7941
109.7011
109.6027
111.8652
110.6010
110.7451
109.1453
109.8138
111.2764
109.5447
108.1546
110.1708
111.7393
110.4200
110.0465
110.3721
112.9451
112.5803
111.2714
110.1514
108.4934
112.3247
110.2696
108.0921
107.7600
108.0562
108.0132
109.8514
110.4670
110.6901
110.0498
109.4476
110.5069
111.0563
108.8651
109.9723
111.3064
111.2922
110.7564
111.6462
112.7677
112.4367
112.3663
111.6719
112.0255
112.0326
110.7842
110.1854
111.2630
110.8729
110.8364
110.7114
110.2554
110.2844
110.9645
113.4540
112.5301
112.5053
113.7524
111.3750
111.6040
112.5871
113.4931
112.3816
111.4041
113.2930
114.0937
114.2442
114.9814
114.3011
116.3359
114.8169
114.3983
113.6700
114.0072
112.3882
111.8261
111.4350
112.3586
111.5509
113.5206
112.9298
114.4318
113.1144
112.4735
113.7205
112.9412
112.9354
110.7473
110.2073
110.2438
111.5576
111.4110
108.8757
110.1550
108.9275
109.8977
110.6152
108.7691
109.1444
109.9831
111.2190
109.3686
108.6770
108.3616
109.7806
110.5811
110.7062
109.9680
110.8601
109.9742
110.4811
111.3516
109.8376
109.1945
110.3484
109.9620
110.0036
110.7418
108.6660
110.4521
109.7870
108.9844
110.7427
109.5808
109.0519
109.2667
110.3749
110.2083
109.2147
110.3750
110.9692
108.6927
109.4635
109.3654
109.5203
110.5321
109.9756
110.4513
109.1927
110.2870
109.8184
109.9155
110.4614
109.1815
110.8897
112.0625
110.9972
110.8965
110.8989
110.6091
110.4098
108.7850
110.0374
109.3567
111.6591
110.4796
110.7280
109.4416
110.5172
111.2869
111.5833
112.1428
109.4666
110.5301
111.1927
112.3506
111.6598
112.5996
112.4828
112.0787
112.5348
112.2009
111.8293
111.6445
112.8837
113.3825
111.7638
111.9829
111.5192
111.0810
109.9997
111.9381
111.1095
111.4062
113.0104
112.2056
112.5789
113.6250
112.2289
114.9711
114.6742
115.2995
115.3375
112.8309
111.4130
112.9528
114.1640
113.8121
112.4690
112.1240
112.4519
113.5945
114.1350
114.4633
114.1661
113.8253
113.1057
114.3175
114.8517
113.6583
113.0081
113.4060
112.5552
112.3778
111.9916
112.0420
111.7218
113.7153
113.9633
114.6824
114.1466
114.4816
113.9660
116.2445
114.3772
116.6725
115.9675
114.9467
116.8177
116.3325
115.4339
116.0659
114.2483
115.3736
116.0519
116.1057
116.8165
119.0332
118.1398
118.5106
120.3725
121.1243
120.1115
122.1511
121.3972
120.9731
122.1723
120.6365
120.8256
121.1118
118.2189
120.1240
119.8625
120.0306
121.2919
121.2272
117.9421
116.9158
117.6996
117.0343
117.9069
119.1823
119.5012
120.1621
121.1851
121.6401
120.6812
120.8584
121.8160
120.7848
121.7019
121.6509
120.8898
121.5292
120.2351
119.4389
119.4403
118.9468
118.6699
117.0473
117.2209
118.1299
118.1192
121.8590
120.5163
119.0753
118.6631
118.6345
119.7612
120.1328
120.1368
119.8905
120.1991
118.6083
119.9633
120.7394
121.6917
121.6784
121.3201
121.8919
122.4638
121.1589
119.9105
121.7055
121.4935
120.1015
119.1931
122.0971
119.1943
120.7796
120.4005
119.8929
119.5617
118.7725
118.0291
119.7236
117.3709
117.7524
117.4873
117.4252
116.8112
116.5259
118.0127
118.1444
118.6116
120.2382
117.9073
118.8620
118.3589
116.9403
118.3497
117.9246
116.0557
117.2556
115.6336
117.8913
118.2956
116.4831
116.6793
117.7365
116.5593
115.3472
113.6994
113.6448
112.4012
113.4886
111.6019
112.5400
110.9313
110.4393
111.0008
109.6025
112.0886
110.8458
112.8555
112.4042
111.7132
112.7043
112.4747
111.8385
110.7846
111.9432
110.6129
110.8647
109.8576
110.6972
108.5345
108.6967
107.3049
107.8978
110.6090
108.9693
109.5447
108.6987
108.0089
108.5093
108.9250
109.1730
108.2665
108.2930
107.3477
108.2898
108.3281
107.9692
108.3944
108.1131
108.6908
109.4206
108.4003
107.5662
110.1541
108.6882
109.0184
110.3419
109.7114
109.3302
109.8179
108.3778
108.0066
107.8651
107.5052
107.4266
108.2326
108.5364
108.3530
108.5914
107.5966
108.6328
108.8853
106.2134
107.2477
105.8035
106.3642
105.5918
104.3885
104.1436
105.4964
104.1559
104.8978
106.4784
105.6365
105.7923
104.5201
106.9266
104.3739
106.0032
104.8034
103.8160
104.8094
103.0531
102.2142
103.3902
105.1219
105.0662
105.0376
104.6383
105.4709
105.5458
105.3115
103.7782
105.1570
103.0857
104.5974
104.5911
105.7022
104.0897
104.1418
105.0757
104.0568
103.5697
103.5248
103.0560
104.9869
104.7202
104.9189
105.4219
105.5933
105.2224
106.5961
107.0822
106.9819
106.4579
105.6456
106.9742
106.2947
106.6826
107.8165
106.5926
105.5368
105.0208
103.3882
104.5299
104.8937
104.6354
104.9119
105.8675
105.7954
105.3724
103.6416
103.9626
104.8430
106.2407
104.9337
104.2732
105.0965
104.5380
103.0388
104.2475
103.4104
105.6283
103.2757
103.4889
103.5929
102.4161
101.9954
102.6757
103.2064
103.3250
102.7042
104.5536
103.6158
103.2443
103.9800
103.1836
103.2249
103.6155
103.2977
103.8051
104.7540
104.1915
104.7913
104.3399
105.5022
105.2539
103.8256
103.9027
104.8115
105.3812
105.2480
106.0714
104.3349
105.8226
105.2753
107.1873
106.3343
104.0983
105.6191
106.5269
106.6441
107.7213
107.1238
105.7562
105.3152
104.5896
105.7489
105.3360
106.1556
106.1154
104.7857
105.7012
104.2730
103.9062
102.9809
104.5999
102.5635
103.8062
104.5815
103.8670
106.5369
105.0928
105.0908
104.7144
106.5405
107.4298
105.1614
104.9902
106.2816
105.9860
105.4935
104.9743
104.5272
105.7499
107.0950
106.2132
105.6140
105.8282
105.8909
106.4214
105.2561
104.8246
105.7722
104.6892
104.6941
103.3070
102.5977
104.5949
105.0919
104.8478
105.8293
106.2110
107.5370
106.9468
109.0007
107.6424
107.5765
108.7270
105.3298
106.0865
105.0484
104.1352
105.7618
106.1402
106.9011
107.8800
106.8175
107.7239
106.1294
105.3977
104.4920
104.6838
104.1165
104.2200
104.4265
104.9759
106.6572
106.8639
107.4021
106.6255
107.4771
108.6366
109.5714
110.6188
109.5815
110.6284
110.6943
109.7884
111.2449
109.7791
108.6358
109.4074
109.0250
110.4328
108.2620
110.1126
109.7058
112.0942
109.2756
108.2522
108.2165
107.7114
109.3741
106.9874
107.0966
107.3545
107.6733
107.8414
107.6205
107.4851
108.5209
108.2782
108.1419
107.3264
108.1637
108.2837
110.8042
108.6609
105.8334
106.6384
106.6697
107.1819
108.2791
107.4800
107.6000
108.6998
109.9955
109.7269
109.2722
109.1254
110.9422
108.9773
110.7268
110.4237
109.7952
110.1575
110.0843
110.5179
109.3858
108.7734
109.5502
110.0929
110.2382
111.0509
109.4422
107.8429
111.6510
111.0289
108.9208
108.4408
109.8074
108.5064
107.2730
108.0900
108.2704
107.7944
108.7202
109.0556
108.9120
108.0199
108.6119
108.9351
108.7004
107.1033
107.3284
107.9226
107.6666
109.0216
108.9996
107.4117
107.0310
106.5092
105.9181
107.1282
106.3861
105.9896
106.0925
105.8367
107.3594
107.3313
107.1297
107.5476
106.8063
108.2041
107.7871
107.8382
109.0356
110.6609
106.7321
107.1375
107.8536
108.5132
109.1260
108.7230
108.2453
110.1490
109.8191
109.7902
107.2747
109.3421
108.2896
107.0347
108.2508
107.5025
108.3807
108.7340
107.9671
109.3374
108.3880
106.6847
107.2746
106.3834
106.0576
107.0364
108.3870
107.2874
107.9216
107.9007
106.7687
108.2146
108.6701
107.1828
107.3106
106.4851
107.8964
107.3316
105.7344
105.9905
104.9380
106.4230
107.8130
108.1201
107.8584
107.3341
107.6216
109.1697
107.4231
107.4113
108.2570
108.5638
108.7261
106.9419
106.6258
105.8398
105.8224
104.9295
105.8220
106.3409
106.3186
107.2494
106.8660
105.7830
106.5219
107.4543
107.6682
108.1669
108.5637
109.8656
109.4773
108.6815
108.8508
108.6068
108.3050
108.4003
107.6527
107.2288
108.2630
107.2566
107.7323
106.8909
107.7175
107.1540
106.0354
105.9478
106.5737
108.0656
108.9850
108.3502
108.6800
108.0889
107.7195
107.8967
106.9024
109.2981
109.2536
109.1967
110.6879
113.9991
113.5871
113.9970
113.2972
113.4283
113.5949
114.1686
114.7203
113.3909
112.6132
112.4118
112.2667
113.5927
112.5905
110.9070
108.4894
110.7403
110.4377
111.8968
112.4483
112.3204
112.2283
112.6645
112.6522
111.7805
111.9402
114.3535
113.0966
113.2636
112.2618
112.2665
112.4713
111.8535
112.2800
111.3207
111.4467
112.4958
111.1778
112.5347
111.4551
110.4536
110.0752
110.3096
110.4575
110.5511
107.9325
109.4712
109.7351
110.9640
107.1497
109.5543
108.3591
106.9635
107.4634
109.3162
107.2676
107.2223
107.1055
107.7904
107.6519
108.7574
108.3510
107.8505
109.5753
109.1437
108.3350
108.7350
108.0148
109.7397
109.8575
108.9319
109.2328
107.6949
108.6333
108.4995
109.7066
108.0777
109.8519
110.0592
111.4257
109.7621
110.5201
109.6051
110.1108
110.6045
110.6027
110.6429
109.8241
110.9459
109.3571
108.8653
109.5039
109.7370
108.2990
107.6454
109.0134
109.2738
108.2021
108.7976
107.4690
108.0055
108.1781
109.8122
107.9554
105.9953
105.8148
106.3729
106.6352
107.8686
108.1392
107.0798
106.1660
106.6988
108.2365
107.1802
107.6353
108.3890
106.6565
106.1766
105.8074
106.1610
106.7617
106.5636
105.3258
104.6588
105.6558
105.9361
106.5235
107.0920
107.8314
107.6765
108.2459
107.0071
106.4995
108.7948
106.6314
105.9524
107.5743
108.1263
107.6150
106.8668
107.2550
106.8362
106.3349
107.4012
109.0512
109.2873
108.4247
107.4367
108.3159
106.3078
107.0411
110.1754
110.1776
109.6581
109.9936
109.8135
108.6757
108.3901
108.3270
107.7142
106.4587
108.5423
107.1070
109.3494
110.3301
107.9824
108.7830
109.4923
108.3840
108.9665
108.5944
108.5891
108.0723
107.9701
107.4585
107.5483
107.7241
106.7528
107.5007
105.5259
106.4710
106.9395
106.3864
108.5836
106.2987
106.8778
109.8626
108.0192
107.3399
107.2597
107.9216
107.9530
108.3824
108.5249
107.4423
108.6768
108.8845
107.7879
106.9567
108.2163
107.4001
105.5062
106.4507
106.6562
106.1966
106.8846
107.2096
108.4256
106.6529
107.3336
106.6817
106.9425
106.2983
108.6406
107.0236
106.8846
105.9483
107.3257
108.1967
107.8610
107.1664
107.6125
108.0860
105.7826
107.4592
106.5827
106.6813
107.1537
105.6660
105.7374
105.5318
106.7119
106.0327
106.2131
106.7944
106.8323
108.3208
107.2216
107.0405
108.0498
107.6742
106.6428
106.4381
105.0959
106.4143
105.1267
104.9931
104.8969
104.5396
104.6372
103.8505
103.6406
102.9801
103.5265
103.8061
104.1144
103.1495
105.9077
104.6406
106.4414
105.4797
105.0267
105.8870
106.8929
104.5857
105.1650
104.0749
102.1552
102.3229
103.7918
102.4726
104.2743
104.3012
105.4897
105.9681
106.6025
105.1562
104.2487
104.0491
104.1720
104.4555
103.3315
103.8928
104.1573
103.3010
104.6787
106.0107
108.5627
109.3345
106.9863
107.1287
106.8064
107.5359
105.6610
104.6335
106.0212
104.9574
106.6054
106.2010
106.4167
105.4204
104.9296
104.1886
105.4133
105.3960
105.0416
103.9427
102.2914
103.3715
104.9830
104.2759
104.0140
104.4868
104.6533
103.3468
103.6842
103.0944
102.8318
103.1033
101.4202
101.9954
102.7009
103.5959
103.3328
104.8175
102.6884
103.9844
103.9442
105.1856
104.7991
104.3744
104.3584
105.2253
105.8164
105.1519
106.0657
105.8865
105.4093
105.3511
104.3303
103.0716
103.6437
105.5761
105.2072
104.3612
104.5691
104.3489
104.7590
105.5440
103.6382
104.9700
104.1729
102.3180
102.2287
102.9604
103.5022
103.2640
102.9917
103.7374
103.0308
103.1511
103.8392
104.7885
103.6391
103.3677
102.2891
101.5694
103.2478
103.6651
103.9837
103.9103
102.6047
104.0548
105.4778
104.9140
102.9793
104.7067
103.3708
102.7163
104.1180
103.4239
104.1974
104.4011
104.4405
104.5183
103.1704
102.8310
103.1526
103.6913
102.1776
102.7125
104.1256
103.9639
102.9497
102.4480
103.3731
103.0591
101.4952
103.0807
102.5040
103.0975
103.8690
102.6258
103.0866
105.1909
104.9858
104.6924
105.5825
106.1480
106.1187
106.3686
106.5538
106.0696
105.6801
106.4025
106.4792
104.5910
105.9227
103.1317
104.6152
103.6540
105.4976
105.5763
107.0468
104.8399
105.2951
106.0270
105.8460
106.7403
107.6531
106.5634
106.7198
105.6620
105.5978
105.5571
105.1779
104.4072
103.8736
106.4677
106.8830
106.1660
105.6072
108.1299
111.6303
110.5559
110.0012
108.1010
110.1582
109.1018
107.8586
109.7683
109.1991
110.8037
110.0350
108.7922
106.4696
106.0833
106.2716
106.7867
107.0884
106.8777
106.1259
107.7327
106.5422
107.6003
108.8923
108.1024
108.0853
107.1287
108.0918
108.5383
106.9315
107.6419
105.5847
104.6779
105.0999
103.4190
102.2664
103.3265
103.5719
105.2664
105.0524
105.0704
101.9540
102.7326
102.7233
101.3617
102.4282
101.8423
101.7895
103.1478
103.6489
103.1881
100.2261
99.5091
101.6222
100.8594
102.0755
100.6127
101.1060
100.6901
101.4615
102.3727
102.1809
102.5928
101.0765
99.2586
99.8953
100.0577
99.6654
100.2069
97.7358
99.1437
98.4251
97.0644
96.2044
98.9368
97.3676
97.7536
99.1357
100.7897
100.6691
100.1277
99.9435
98.9696
98.7876
99.5741
98.7079
100.5342
101.2742
100.2535
99.9579
99.7038
98.5607
98.2747
100.1720
101.4404
99.4404
99.6179
99.8094
98.7321
99.2643
99.9831
101.9392
102.7423
103.3037
103.0481
103.5543
102.6317
101.6297
102.6352
101.8406
102.0654
103.0178
103.2707
101.3223
99.5960
100.2723
101.1405
100.1043
101.6110
101.9969
102.2609
104.5875
103.0062
103.0083
104.0682
103.6921
103.7088
103.2985
102.7554
102.9018
103.3794
104.8820
104.9558
104.7586
105.1032
104.0302
104.3014
104.5528
103.7257
104.5486
105.1824
105.3608
103.3316
104.9226
104.9066
104.3715
105.5714
105.4616
105.5143
105.9396
105.2740
105.9280
102.1691
103.5990
106.0821
106.3773
107.4051
106.2608
105.7404
105.8301
106.5232
106.6678
105.9492
106.4598
107.0827
108.6557
107.0060
107.0005
104.5474
106.9897
104.5403
105.6115
105.8637
106.6795
108.2608
106.1385
105.5322
105.4978
105.1271
106.7088
105.1946
104.8398
105.9791
106.2153
106.3118
104.9659
105.5862
105.2737
104.9415
105.3587
104.2791
104.2762
104.9179
104.4046
105.8886
106.1417
105.8878
105.0470
103.5779
104.0625
104.6843
104.3177
105.0130
104.0327
103.3888
102.6077
103.2111
102.9305
102.4913
101.5878
100.8420
101.1024
101.2885
100.6265
101.4077
100.5982
99.3915
99.3797
99.4160
100.6185
100.0454
99.5106
98.7166
98.1541
98.6158
98.3829
98.3134
98.0060
97.6689
98.3705
99.4435
98.6275
99.9671
100.4984
101.2284
100.6299
100.2992
100.1307
99.1550
100.4993
100.2913
100.2979
99.3898
101.6534
101.5728
101.6009
101.8114
99.9922
99.7489
98.4310
97.8232
98.6083
98.5676
99.4106
100.5570
99.7986
101.6276
99.6921
100.2680
100.3153
97.8343
99.9703
101.8750
101.9530
102.6286
101.2912
99.8534
99.3792
99.1454
100.2737
101.6892
101.1595
100.5636
99.7800
100.5095
102.1416
102.3150
101.0553
101.1208
100.7675
101.4478
100.1784
101.9013
103.1958
101.2159
100.9933
98.9307
101.2632
99.5376
98.2608
99.7145
99.3779
101.2332
101.8594
102.1433
102.0200
103.5175
102.5453
102.8572
102.5947
102.6643
101.6933
102.9931
102.6111
100.8770
102.4597
101.4706
102.1134
102.5048
101.1030
101.2791
102.7513
101.9107
101.1684
102.9032
103.0143
102.2330
103.2822
104.1467
103.9747
102.3062
103.4586
102.1663
101.3031
100.9603
102.9350
103.2275
100.9577
100.7452
102.7366
100.8059
101.6397
103.3879
102.4133
104.2428
103.6107
102.4048
101.6753
101.9916
102.1138
101.0702
101.5272
99.2491
101.5794
101.3880
102.5875
101.8862
102.9217
102.2757
102.8183
102.0287
101.8107
101.5690
103.0925
103.1537
102.9808
100.9957
100.6738
100.1425
101.6698
101.6905
101.6871
102.7845
103.4083
101.4184
100.1524
99.4186
98.9013
99.5081
100.3503
99.7540
97.9888
98.7253
100.4726
100.0380
100.2151
100.5424
100.4635
102.1335
100.9275
101.5635
100.5919
102.5657
101.1448
102.3000
101.8616
101.5555
103.0873
103.4439
103.7492
102.5012
104.5269
104.0793
102.1063
101.1677
102.2154
103.4628
103.3072
104.0123
102.9258
104.8213
103.5747
105.5339
103.8351
103.7271
103.5146
104.8254
104.3616
103.7085
105.9058
105.6740
103.5124
103.4373
103.4089
104.5977
105.1246
104.6352
105.3059
105.1396
106.1307
105.0919
106.0829
106.8572
105.7337
104.8690
105.7511
106.7670
105.4022
106.7620
106.8406
105.7822
106.4233
106.3521
107.3431
106.7351
107.0742
108.8624
108.4722
108.6385
108.8529
107.8751
107.4634
107.3191
107.8201
107.1792
108.1351
109.9639
108.2077
109.0730
107.7945
106.5586
108.4767
108.6063
108.0011
107.6011
108.9259
106.6437
108.2422
108.1746
106.5581
107.7892
109.3791
110.5072
110.1144
110.3679
110.3691
111.1166
111.7939
110.8823
109.3348
109.7320
109.1491
110.6763
111.7801
109.7041
110.1022
111.2687
109.8427
108.3304
106.9870
108.6292
108.2160
109.3812
108.5620
108.7899
107.5301
108.0578
108.1902
108.0746
107.4087
109.4007
108.6903
108.4422
108.6719
109.1441
109.9408
110.0320
109.1481
109.5260
108.2759
106.7608
107.8763
108.2306
107.3453
107.1177
107.4788
106.8559
106.4854
107.3833
108.5348
107.0175
107.8100
107.2883
107.6544
109.0741
108.7180
108.2079
108.2077
107.1371
108.2238
108.5228
106.2228
105.3313
105.7939
105.8696
107.7248
106.9158
108.6927
106.9327
105.7156
105.8957
106.6973
106.8928
106.4929
106.5744
108.9259
108.6856
107.7272
107.3718
108.6819
108.5186
108.8336
109.7013
109.9116
109.8583
108.5761
109.4441
108.7708
109.5262
109.6184
109.7283
108.9418
110.3222
109.2922
109.6853
109.9314
109.4106
109.3496
109.7833
109.5094
108.9986
108.4551
108.8898
110.6741
110.6922
109.9032
110.5128
107.8940
108.8554
108.0423
108.7473
108.7867
108.0733
107.9452
108.3879
108.8929
110.5347
108.8830
110.4477
110.4403
109.2806
109.3708
109.6505
109.9519
110.1876
109.6324
109.1361
110.3232
112.9509
112.3054
112.1909
112.2084
111.5683
110.8771
109.9118
111.0973
110.3143
110.8808
110.1167
109.6870
109.6307
110.4037
111.6957
109.6929
108.1485
109.2453
110.8034
112.3374
112.9259
113.3862
114.0719
113.5444
114.6477
113.8794
113.6537
112.9993
113.3152
111.5767
110.0509
110.9335
111.3073
110.8744
111.5962
112.5823
110.7199
112.4100
112.1356
111.8332
111.6722
111.3889
110.6710
110.8337
111.1857
112.0381
111.6646
112.4942
111.1844
110.5085
111.8922
110.6406
111.2107
112.3502
112.4312
111.7363
111.2756
109.8901
109.1782
110.8434
112.1288
111.8784
111.4423
110.8525
110.2594
109.6947
109.8333
109.8906
109.2890
109.6065
108.0295
108.9294
109.5049
109.2117
110.6635
110.2009
109.6447
109.4497
108.1508
108.4279
110.8447
111.3075
110.0397
111.1430
110.7709
110.4167
109.8212
110.5797
110.4522
109.9011
111.2812
111.5244
110.7722
111.9092
111.8939
112.5167
112.7138
112.8684
111.6118
110.4038
110.3992
111.0633
110.9399
111.2141
112.2260
110.6971
