1.8735
1.8806
1.6315
1.8506
1.6323
1.6508
1.8389
1.7358
2.0020
2.3169
2.1015
2.1700
1.7005
1.9296
1.8267
2.1009
1.9435
1.7132
1.9115
1.7789
1.7034
1.6845
1.9299
1.7423
1.5847
1.8856
1.7447
1.6135
1.8502
1.7439
2.1066
1.8832
1.8596
1.6726
1.7049
1.8075
1.7003
1.8388
1.5441
1.8122
1.7005
1.8336
1.7025
1.7800
1.6060
1.6679
1.5693
1.7128
1.4648
1.6861
1.7223
1.7903
1.9121
1.9002
1.8282
1.6854
1.9691
1.6846
1.5631
2.1507
1.8033
1.9440
1.9136
2.1092
1.9300
2.1075
2.3686
2.0111
2.0417
2.3111
2.2046
2.3905
2.0439
2.1191
2.0986
2.2384
2.1211
1.9276
1.9934
2.1261
2.0745
1.8291
1.8636
2.2809
2.3570
1.8492
1.8364
1.9704
1.6641
2.0919
1.7143
1.6958
1.7299
1.5271
2.0165
1.9232
1.9322
1.7381
1.6980
1.7365
1.8186
1.8712
1.9527
1.9710
1.5224
1.6274
1.7204
1.6905
1.6521
1.8048
1.8185
1.6693
1.8918
2.0623
1.9757
1.9148
2.0015
1.8285
1.8875
2.2210
2.3425
2.2429
1.7653
1.5538
1.7818
2.1350
2.1419
1.9720
1.7039
1.7205
1.6824
1.7471
1.7987
1.6279
2.0460
1.9439
2.1654
1.7712
1.9035
1.8419
1.7653
2.0079
1.9315
1.6833
1.8313
1.7070
1.9065
1.6738
1.4503
1.7586
1.7632
1.6148
1.8636
2.0769
1.6597
1.8354
1.7507
1.7772
1.6692
1.7261
1.8645
1.6344
1.6689
1.8496
1.7948
1.8354
1.9088
1.9866
2.0463
1.9473
1.6259
1.6987
1.8439
2.0524
1.8845
2.1889
1.9277
2.0670
1.8874
1.9713
1.7969
2.1845
1.8206
1.8609
1.7409
1.8777
1.7904
1.5645
1.9140
1.7300
1.9506
1.7554
1.5893
1.5934
1.6432
1.8579
2.0332
1.7350
1.9325
1.8541
1.9746
1.7960
1.6280
2.0896
1.7262
1.8399
1.7634
1.6008
1.5739
1.5936
1.7189
1.7454
2.0788
2.1245
2.1757
1.9175
2.2878
1.7419
1.8512
1.9777
1.7936
1.3175
1.5405
1.6296
1.7274
1.7585
1.6472
1.6341
1.5993
2.0333
2.0269
1.8556
1.9782
1.7766
1.8759
1.7595
1.5654
1.7221
1.4826
1.7156
1.2850
1.4448
1.4063
1.6228
1.5448
1.7230
1.9231
1.3529
1.8457
1.6207
1.7244
1.6901
1.7333
1.8024
1.8289
1.7301
1.2159
1.6244
1.5215
1.6318
1.2625
1.3833
1.7657
2.0234
1.8282
1.7508
1.7130
1.9072
1.6139
1.7781
2.0576
1.6238
1.6868
1.6184
1.5823
1.5932
1.9580
1.7549
1.7038
1.7970
2.1085
1.9854
1.3547
1.5103
1.7423
1.6891
1.8540
1.4954
1.5541
1.8727
1.5156
1.7033
1.7493
1.7630
1.8425
1.7941
1.7751
1.8468
2.0940
1.8532
1.9003
1.8190
1.5510
1.6667
1.8060
1.6197
1.7600
2.0513
1.9983
2.0748
1.7309
1.6281
1.7852
1.5220
1.9106
1.6072
1.8593
1.4781
1.6293
1.5826
1.9274
1.5549
1.8051
1.8770
1.6204
1.6458
1.6614
1.6935
1.7137
1.8823
1.9007
1.8136
1.6716
1.8052
1.8152
1.6817
1.5669
1.5257
2.0708
2.1386
2.2349
2.2416
2.0952
1.9704
2.1920
2.0185
1.6848
2.0761
2.0935
1.8871
2.0793
2.0435
1.8534
1.7775
1.8863
1.9099
1.8547
2.1071
1.9666
2.1326
1.9593
1.9741
1.9480
2.0212
2.0632
1.7827
1.8417
1.5697
1.8579
2.0064
2.2888
2.0400
2.1264
1.8334
2.2290
2.3337
2.3827
1.9493
2.3817
2.5122
2.4791
2.1701
2.2235
2.0623
1.9503
2.2050
2.5345
1.8925
2.3326
2.0280
2.3695
2.2611
2.0979
2.2962
1.9916
2.2199
2.5620
2.6744
2.7017
2.8025
2.9061
2.2885
2.7481
2.3443
2.5358
2.5440
2.3046
2.0295
2.4013
2.7360
2.2513
1.9901
2.2086
1.9921
2.3658
2.3729
2.4718
2.4196
2.0179
1.9339
1.9563
2.0461
2.0942
2.3294
2.1478
2.4127
2.6082
2.1506
2.0735
2.1525
2.2808
2.1885
2.2450
1.8973
2.1017
2.1231
2.0599
2.2206
1.8918
2.1945
2.2788
2.2160
2.2273
2.2915
2.4266
2.4022
2.3488
2.3811
2.4740
2.5369
2.2864
2.2125
2.4669
2.5161
2.3712
2.4151
2.1214
2.0268
2.5481
2.4140
2.1918
2.4899
2.3138
2.1983
2.3499
2.1206
2.3435
2.4413
2.3606
2.2250
2.2742
2.4916
2.2763
2.3345
2.2989
2.6852
2.3922
2.2908
2.3448
2.4610
2.4799
2.4348
2.2426
2.6883
2.6624
2.7084
2.3170
1.9748
2.4679
2.3975
2.3492
2.1513
2.0445
2.2997
1.8255
1.8214
2.1968
2.1233
2.0991
1.7770
2.0882
2.2057
2.0368
2.1979
2.1963
2.6471
2.3794
2.6048
2.4301
2.3690
2.2235
2.1607
2.0877
2.3398
2.6101
2.1630
2.0662
2.0534
1.9498
2.3929
2.1950
2.3698
2.0634
2.4819
2.3666
2.6362
2.5739
2.7113
2.3340
2.5010
3.0447
2.7477
2.7423
2.2430
2.2565
2.3634
2.6298
2.1827
2.4571
2.2604
2.1958
2.5529
2.1856
2.2851
2.2184
2.0706
2.1017
2.3683
2.3350
2.1204
2.3411
2.2808
2.5676
1.9431
2.2695
2.2792
2.5199
2.0227
2.5320
2.6826
2.5972
2.3726
2.4093
2.4006
2.3133
2.3590
2.4856
2.1513
2.3565
2.3255
2.1266
2.3604
2.0176
2.4488
2.3495
2.2233
1.8126
2.5189
2.3215
2.2375
2.1704
2.3510
2.5806
2.3731
2.8741
2.6227
2.9382
2.6835
2.4719
2.1158
2.4840
2.2858
2.1678
2.6773
2.4493
2.5066
2.3268
2.3410
1.9569
2.2138
1.9759
1.9523
1.8801
1.9138
2.2218
2.2909
2.1527
1.9669
2.1193
2.1383
2.1998
2.0505
2.3138
2.2054
1.8030
2.2593
1.8547
2.0390
2.3511
2.1038
2.3945
2.3212
2.2286
2.0957
1.8444
2.1447
1.9588
2.0063
1.9480
2.0782
1.9527
2.2095
1.7990
2.3114
1.7593
2.3306
2.1080
2.0976
2.3784
2.4771
2.3681
2.4079
2.3821
2.3359
2.4196
2.4707
2.3241
2.5918
2.3866
2.2195
2.3748
2.5441
2.4401
2.6132
2.8523
2.5472
2.0235
2.1676
2.5656
2.4195
2.5998
2.3547
2.4192
2.1074
2.4061
2.5460
2.4776
2.5525
2.4677
2.5043
2.5420
2.6669
2.5901
2.5757
2.9955
2.7499
2.8148
2.7842
2.4349
2.4781
2.4972
2.4317
2.3929
2.3977
2.3033
2.2176
2.7735
2.6871
2.2306
2.6129
2.3961
2.7482
2.7913
2.9928
2.6979
2.8807
2.5938
2.8591
2.8909
2.5896
2.9954
2.8379
2.5790
2.0990
2.4287
2.1550
2.7228
2.2478
2.2676
2.4006
2.2341
2.0667
2.2665
2.4521
2.4957
2.8199
2.2583
2.3816
2.2745
2.7598
2.9950
3.2492
3.4638
2.7487
3.2692
2.9499
3.0491
2.9258
2.8391
3.0664
2.9068
3.1688
2.9509
3.1069
2.8192
3.2231
2.9711
3.4274
3.4343
3.0660
2.9223
2.5265
2.6280
2.4981
2.6530
2.9354
2.7146
2.6525
2.4398
2.4461
2.7116
2.2921
2.3770
2.4814
2.3952
2.1654
2.3898
2.5142
2.3314
2.0661
2.0803
2.0803
2.3639
2.2449
2.1922
2.3843
2.5061
2.4974
2.3815
2.2114
2.2792
2.1946
2.4430
2.3949
2.4035
2.3363
2.2423
1.9780
2.0309
2.4430
2.3868
2.1901
2.4175
1.9738
2.1228
2.4414
2.4943
2.3102
1.9663
2.2357
2.4182
2.3142
1.9251
2.2837
2.2752
2.3095
2.1020
2.0472
2.4067
2.0702
2.3958
2.1765
2.2226
2.4802
1.9605
2.2958
2.6909
2.3791
2.2506
2.4053
2.3163
2.5373
2.3995
2.2966
2.1988
2.1319
2.3834
2.5570
2.4145
2.5833
2.7814
2.4069
2.6653
2.4415
2.4754
2.5668
2.4119
2.3602
2.0338
2.4987
2.3935
2.3736
2.5786
2.6234
2.2900
2.3522
2.5574
2.6814
2.8301
2.4686
2.2402
2.0848
2.0985
2.4080
2.3064
2.9196
2.5156
2.7429
2.6923
2.5761
2.4765
2.1650
2.2995
2.3968
2.3750
2.3630
2.1240
2.3262
2.3615
2.3040
2.4121
2.4091
2.5128
2.3966
2.4822
2.4750
1.9896
2.7068
2.3686
2.3510
2.7370
2.2091
2.0312
2.2749
2.7967
2.3877
2.2149
2.3637
2.5645
2.2493
2.3327
2.2703
2.8239
2.2581
2.4914
2.6615
2.5981
2.7184
2.5353
2.7049
2.5352
2.4738
2.3447
2.4045
2.4167
2.4999
2.3082
2.4238
2.1397
2.2314
2.3409
2.3846
2.4071
2.1579
2.5806
2.9826
2.8647
2.4882
2.6589
2.5881
2.5764
2.3897
2.4438
2.4992
2.3499
2.2043
2.4703
2.4911
2.5906
2.3921
2.1350
2.4864
2.4014
2.2557
2.3756
2.3250
2.3548
1.9300
2.1422
2.3159
2.3084
2.2889
2.2733
2.2148
1.9991
2.2871
2.2383
2.4150
2.3397
2.5266
2.2100
2.2341
2.1879
2.4339
2.1806
2.3563
2.2608
2.2148
2.4507
2.4335
2.4886
2.5236
2.4391
2.1711
1.9133
2.1630
2.1642
2.3509
2.1174
2.2025
2.0176
2.3269
2.0800
2.2580
2.0764
2.3244
2.3499
2.1577
2.2505
2.4922
2.3054
2.5249
2.4283
2.2539
2.1442
2.1961
2.5811
2.4641
2.3389
2.3854
2.8351
2.6060
2.2786
2.3768
2.4269
2.5416
2.1906
2.3705
2.2076
2.3410
2.4144
2.4360
2.7456
2.4757
2.5031
2.3302
2.4832
2.4818
2.4534
2.2639
2.4832
2.7766
2.6040
2.5335
2.6965
2.4954
2.4758
2.4161
2.2854
2.4616
2.1772
2.5315
2.3216
2.2707
2.0815
2.2578
2.6414
2.4128
2.2343
2.6292
2.3587
2.1453
2.0889
2.2516
2.2308
2.3167
2.2495
2.2516
2.1966
1.9059
2.1727
2.1196
2.1245
2.0061
1.9591
2.0805
2.1216
2.2400
2.1335
2.2559
2.5358
2.0038
2.2289
2.4403
2.1861
2.1683
2.1872
2.2780
2.1640
2.1463
2.2007
2.2409
2.0814
2.1375
2.2346
2.1922
2.2003
2.0092
1.8216
2.1115
2.1945
2.3724
2.3915
2.3531
2.0023
2.2257
1.9411
2.1371
2.1385
2.2328
2.3457
2.2389
2.1913
2.3299
2.6226
2.3400
2.3249
2.4497
2.3643
1.7432
1.8685
2.0140
2.2357
2.0056
2.1198
2.2229
2.2913
2.2349
2.2564
2.1581
2.1690
1.8740
2.3013
2.3611
2.2992
2.6886
2.1154
2.4142
2.1417
2.1535
2.1599
2.3006
2.0164
2.0424
2.0751
2.1759
2.0714
2.0294
1.9214
2.1344
1.8488
2.1226
2.0619
1.8750
1.8877
1.8869
1.8636
2.1261
1.7842
1.9632
2.1428
2.2160
1.9136
2.2021
1.9541
2.2165
2.0672
1.8829
2.1211
2.0620
2.3284
2.3741
2.1915
2.3865
2.1379
2.1402
2.1308
2.3619
2.3885
2.4102
2.4906
2.5004
2.4076
2.5076
2.1948
2.4493
2.0418
2.1664
2.2180
2.3568
2.0092
1.9597
2.1214
1.9356
2.0042
2.1311
2.4646
2.4230
2.2969
2.4927
2.4012
2.5697
2.7385
2.5557
2.7656
2.5884
2.3915
2.4018
2.6435
2.2624
2.6399
2.5762
1.8777
2.1586
2.1836
2.0471
2.0031
2.3165
2.2148
1.9952
2.4209
1.9527
2.2809
2.0610
2.0791
1.8314
2.1182
2.0099
2.4577
2.2112
2.4236
2.6994
2.4462
2.1353
2.5961
2.4958
2.5513
1.9866
2.0934
2.1112
2.0867
2.1844
2.5604
2.4362
1.9905
2.1702
2.4323
2.2347
1.9084
1.7408
1.7641
1.6375
1.8680
1.9745
1.6757
1.6889
1.5134
1.6022
1.6026
1.7003
2.0154
1.6462
1.6750
1.6904
1.7232
1.7902
1.6544
1.6024
1.9852
1.8809
1.9490
2.0497
1.7322
1.9825
1.9192
1.9745
1.9021
1.9879
2.0268
1.9742
1.8279
1.6484
1.9831
2.1085
1.7379
1.6465
1.6369
1.9067
1.9025
1.8320
1.8451
1.9527
1.8082
1.5318
1.6338
1.7524
1.8086
1.7151
1.8006
1.9004
1.9110
1.8018
1.9163
1.8141
1.9244
2.0361
1.8275
1.7097
1.7615
1.9802
1.8403
1.8693
1.7343
1.8037
1.8454
1.8739
2.0013
1.8004
1.9778
1.8871
1.7118
1.7325
1.7087
1.8529
1.9628
2.0061
1.6508
2.1642
1.8893
1.6146
1.7464
1.9152
1.6974
1.8074
1.9892
1.8426
2.0157
1.8782
2.0224
2.0061
2.1220
2.0548
2.0724
1.9322
1.8745
1.8564
1.8374
1.8544
2.0503
1.9467
1.9474
1.7459
1.7857
2.0112
2.3809
1.9718
2.2547
2.1333
2.0330
2.2708
2.2331
2.0997
2.1904
2.2815
2.3702
1.9427
1.9269
1.8172
1.8008
1.7853
1.9315
2.1730
2.2282
2.0927
2.1898
2.0523
1.8784
2.0079
1.8240
2.2015
2.2421
2.0288
2.1215
2.0305
2.0646
1.9777
2.4223
2.1025
1.9791
1.9907
2.0137
1.9299
1.7487
1.9885
1.7547
2.0814
1.8434
2.0570
2.1382
1.8562
2.0180
2.1467
1.8022
2.1174
2.2540
1.9901
2.0826
2.0356
2.0181
2.0331
2.0247
2.0659
2.1429
2.0427
2.1903
2.2853
2.1831
2.2080
2.0587
1.9614
1.9567
1.7197
1.8585
1.9049
2.2202
2.1476
1.8096
1.7936
2.1624
2.0761
2.0902
2.2063
2.0876
2.2281
1.8881
2.0034
1.9755
2.0565
2.1505
2.2620
2.4389
2.5187
1.9468
2.4034
2.5076
2.2078
2.4592
2.1418
2.3770
2.2054
2.2064
2.0993
1.7996
2.2213
2.4651
2.2465
2.4377
1.9941
2.2248
2.1997
2.0472
2.3683
2.6253
2.1780
2.3498
2.3074
2.1756
2.0354
2.4279
1.9740
2.3281
2.0777
2.3552
2.3154
2.1540
1.8239
1.9448
2.0704
2.0317
1.8278
2.1171
2.1338
2.4625
2.3567
2.2264
2.0348
2.1297
2.1047
2.4681
2.2340
1.9862
2.1312
2.2561
2.3227
2.1672
1.8109
1.9377
2.1102
1.9420
2.3032
1.8744
1.8676
1.9819
2.4060
2.1113
2.1815
2.0946
1.9205
2.1431
2.4826
2.1727
2.5958
2.3891
2.0097
2.4208
2.2226
2.2365
2.6049
2.8117
2.6864
2.6093
2.6459
2.8087
2.7738
2.4454
2.4779
2.4597
2.6534
2.0521
1.8964
2.1329
1.8389
1.7642
1.6684
2.0875
1.7383
1.8615
1.8879
2.0637
2.0501
2.1815
2.0048
1.8951
2.0541
2.2131
1.8235
2.1628
2.2585
1.8312
1.8819
1.8411
2.0461
2.3008
1.8812
1.6851
1.7195
2.0833
1.7663
1.6505
1.5891
1.8698
1.8089
1.8720
2.0423
1.6799
2.0814
1.7804
1.7037
1.9261
1.4652
1.6828
1.8284
1.9569
1.9498
2.2415
2.1250
2.3547
2.0657
2.4640
2.1031
2.1065
1.8132
1.8321
2.0079
1.8030
2.0738
2.2366
2.2647
2.5698
2.1744
1.9900
2.2330
1.9091
2.0743
2.3230
2.3086
2.4426
2.0258
2.3186
2.2546
2.2322
2.4743
2.5632
2.8111
2.4287
2.1747
2.4167
2.4524
2.6385
2.5175
2.5578
2.8582
2.6424
2.7721
2.4751
3.0663
2.7226
2.6535
2.8113
2.7562
2.6513
2.5873
2.4040
2.6633
2.3660
2.1806
2.1350
2.0995
2.4493
1.9656
1.7027
2.2220
2.0549
2.4316
1.6780
2.4355
2.6388
2.2139
2.2634
2.0578
2.3858
2.3445
2.2820
2.5637
2.1351
2.3981
2.2303
2.0129
2.4046
1.9056
1.7516
2.2974
2.0325
2.1402
1.9127
1.8355
1.7612
1.8686
1.8554
1.7453
1.5525
1.9346
1.9402
1.9768
1.5995
1.8620
2.1118
2.1384
2.1159
1.8428
1.7716
1.8182
1.9609
1.6490
1.7379
1.9035
1.7905
1.6674
1.8903
1.5852
2.3247
1.8732
1.9380
1.9674
1.7593
1.8315
1.6440
1.6992
1.8918
1.6280
1.7380
1.9882
1.6317
1.7121
1.8416
1.9733
1.7042
1.7402
1.8836
1.7561
2.0925
2.4599
2.0750
2.0442
1.7135
1.9245
1.9479
1.9736
1.7499
1.7615
1.7073
1.7586
2.0168
1.8613
1.8911
1.9103
2.2113
2.0555
2.1548
1.5382
1.7566
1.9284
1.6810
1.6922
2.0104
1.9067
2.0903
2.0547
2.2236
1.6852
1.7860
1.7805
1.8960
1.9904
1.6166
2.1312
1.9839
1.8058
2.2244
1.9454
1.8555
1.8335
1.8523
1.6819
1.6794
1.8206
1.6354
1.8201
1.6819
2.0468
2.3599
1.9008
1.9830
2.1534
1.8415
1.8822
1.7651
1.9159
1.8339
2.0454
1.8750
1.7047
2.1483
1.6967
2.0300
1.8334
1.9576
1.6396
1.9786
1.7909
1.8761
1.8118
1.7018
2.0425
1.9448
2.3122
2.2074
2.5164
2.3389
1.8202
2.0915
1.8242
2.1258
1.9245
2.0088
1.6829
1.8006
1.5867
2.0777
1.8211
1.8121
2.3234
2.6212
2.3235
2.1737
2.0878
1.9993
2.4220
2.1836
2.2976
1.9594
2.1624
2.2823
2.6409
2.4445
2.4820
2.2790
2.1378
2.3913
2.5952
2.3618
2.4608
2.2380
1.9929
2.1489
2.2082
2.2280
2.2313
2.2290
2.1388
2.5662
2.0766
1.9081
1.8758
2.0339
2.3492
2.3508
2.1457
1.8159
2.1362
2.1970
2.0433
1.8175
1.7226
1.6402
1.7751
1.5816
1.8324
2.1990
1.9430
1.6272
1.8802
1.5720
1.8401
1.9666
2.0026
1.8604
1.7188
1.6189
1.6635
1.7550
1.5428
1.8995
2.1062
2.0460
1.8787
1.5992
1.8482
1.8862
1.9410
1.5266
1.6263
1.6927
1.8372
1.3780
1.6133
1.8857
1.4815
1.3955
1.7647
1.5411
1.8791
1.6624
1.5464
1.4639
1.7667
1.7204
1.7112
1.7550
1.5904
1.8042
1.6605
1.6703
1.7366
1.7011
1.8324
1.8261
1.6443
1.6573
1.7419
2.0928
1.8173
1.6784
1.9600
1.6799
1.6972
1.9100
1.7688
1.8332
1.7534
1.7784
1.8747
1.9554
1.8590
1.7144
1.9869
1.9289
1.8628
1.7402
1.8357
1.7175
1.8345
2.0634
1.9876
1.8700
1.9158
1.6490
1.6871
1.5963
1.8671
1.6403
1.8139
2.0178
1.8618
1.6290
1.5543
1.5777
1.5324
1.7341
1.7432
2.0480
1.6813
1.7830
1.8589
1.4982
1.7425
1.6485
1.4403
1.4742
1.9296
1.6790
2.0377
2.0829
1.7839
1.7681
1.6862
1.6684
1.7772
1.6814
1.5687
1.7163
1.8736
2.0007
2.0963
1.7708
1.4716
2.2700
2.0666
2.2401
2.1091
1.9971
1.7265
1.9348
1.7708
2.2573
1.9889
1.8897
1.5528
2.4526
2.1944
2.4018
2.4467
2.2446
2.2594
2.3337
1.9913
2.0113
2.1096
1.9122
2.1779
2.0685
2.0295
2.1828
1.7176
2.0381
1.9037
1.6396
1.8383
1.8561
1.6632
1.5338
1.6495
1.8946
1.7678
1.7510
1.9344
2.3895
1.9899
1.7110
1.9932
1.6870
1.8778
1.5787
2.1415
2.0512
2.0744
2.0984
2.0569
1.7595
1.8356
2.0469
1.8069
1.7068
1.9330
1.9669
1.9379
1.7460
1.9425
2.0591
1.9272
2.3024
2.4018
2.0252
2.0855
1.8142
2.0149
1.7317
1.8353
1.9602
2.3001
2.1193
1.9393
1.8592
2.1292
1.5616
2.2090
2.1409
1.9003
1.7299
1.9620
1.9435
1.9238
1.7664
1.9271
1.8354
1.8310
1.7982
1.7079
2.0129
2.0324
1.7780
2.0295
2.1364
1.9179
2.0707
1.9235
1.7945
2.0843
1.8536
1.7123
1.9059
1.8201
1.9054
1.7919
1.8219
1.9797
1.6956
1.5453
1.5926
1.8351
2.0557
2.0056
1.9554
1.8705
1.8790
1.8292
1.7574
1.9812
1.8715
1.9676
2.0080
2.2156
2.0659
1.8295
1.7141
2.0020
1.6517
1.6631
1.8317
1.8996
2.1977
1.9483
1.9912
1.9445
2.3094
2.4662
1.9386
1.8622
1.8359
1.7001
1.7222
1.7230
1.8382
1.5828
1.6979
1.6831
1.8101
1.8675
1.5230
1.7544
1.5769
1.6888
1.8933
1.6858
1.5977
2.0546
2.0231
2.1174
2.1914
2.3122
2.0040
1.8828
1.9397
1.8397
1.8126
1.7456
1.6451
2.4333
2.0166
1.9315
1.9709
2.0902
2.1425
2.2848
2.1366
1.8613
1.7932
1.9187
2.1668
2.2279
1.9635
2.0438
1.8897
1.9719
1.9211
1.8927
1.8631
2.2852
1.9707
2.0378
2.3170
2.0223
1.8773
1.9845
2.5191
2.4239
2.4383
2.2934
2.1472
2.5011
2.0548
2.4102
2.1272
2.2458
2.0541
2.5910
2.1114
1.8358
2.1807
1.9441
1.9706
1.8048
2.0801
2.5846
2.4214
2.2837
2.1598
2.0853
1.9313
1.8351
1.8191
1.7633
1.8718
1.8707
1.8252
1.7174
1.9127
1.5963
1.7494
1.7059
1.6056
1.5094
1.5084
1.6581
1.6110
1.7191
1.9297
1.7409
1.7911
1.5656
1.8793
1.9515
1.9062
1.7839
1.5786
1.7936
1.6386
1.5041
1.8082
1.5202
1.5930
1.9088
1.8154
1.7574
1.6351
1.6241
1.7876
1.7386
1.9645
1.8805
2.0060
1.7911
1.8364
1.9411
2.0089
1.9294
1.8923
1.6985
1.7941
1.3990
1.6842
1.7631
1.6648
1.8424
1.6679
1.2080
1.8865
2.1248
1.7421
1.6963
1.4557
1.5357
1.5939
1.6372
1.7758
1.8752
1.7768
1.8408
1.8016
1.7274
1.6792
1.6674
1.7800
1.8201
1.6821
1.5404
1.9344
2.0788
1.8681
1.7155
1.8291
1.7844
1.7466
1.8964
1.7076
1.5940
1.3827
1.7629
1.9356
1.7227
1.8316
2.0440
2.1014
2.1487
2.0189
1.7126
1.9024
1.8622
2.1706
2.0653
1.9285
1.8526
2.0356
1.9532
1.8707
1.8350
1.8928
1.9184
1.8729
1.7781
1.4811
1.6729
1.8019
1.7336
1.9137
1.7662
1.7428
1.8768
2.0639
2.0804
1.8941
1.9941
1.9279
1.8271
1.7875
1.9573
1.9693
1.9357
1.9331
1.9029
2.1994
1.6613
2.1247
2.1024
2.1795
2.1328
2.0431
1.7833
1.7664
1.7883
1.9645
1.8195
2.2373
2.0026
1.8339
1.6670
1.9715
2.1321
2.4931
2.8587
2.3456
1.9337
2.0962
2.1269
2.0195
2.2855
2.8136
2.4623
2.3695
2.3247
2.0616
1.8926
2.1431
2.2727
2.1572
2.4077
2.4060
2.5284
1.7896
1.7970
2.4071
2.2444
2.5161
1.8406
1.9200
1.8059
1.2899
1.5199
1.6197
1.7583
1.6147
2.0045
1.9041
2.1902
1.8872
1.7619
1.8689
2.0387
1.6845
1.9501
1.9811
2.0499
2.4840
1.9051
2.0092
1.9588
1.9584
1.9670
1.6431
1.9686
1.6918
2.0481
1.7497
1.3585
1.7018
1.6556
1.5235
2.0110
1.9291
2.2585
2.1556
1.7864
1.8597
2.0061
1.6988
1.8492
1.7910
1.7245
1.8298
1.8386
1.6118
1.8880
1.7107
1.9286
1.9301
1.7332
2.0618
1.6138
1.7492
2.1303
1.8182
1.4409
1.6768
2.0462
1.9384
2.1690
2.0512
1.7278
2.1455
1.9949
1.9492
2.0273
2.0445
2.0225
1.8873
1.5174
1.9883
1.7894
1.4886
1.6642
1.9306
1.8492
2.1060
1.9958
2.2702
2.6779
2.3270
1.7272
1.8502
1.7586
1.6569
1.6595
1.4829
1.9755
2.0155
1.9092
1.7630
1.9981
2.0447
2.2507
2.2966
2.3885
2.0758
1.9333
1.7849
1.9522
1.7122
1.9366
2.5311
1.7030
1.7981
1.6755
1.8842
2.1177
1.7857
1.8962
1.6563
1.8333
1.8271
1.7721
2.3262
2.0620
1.9028
2.0176
1.7470
1.6968
1.5747
1.7557
1.5568
1.7490
1.9987
1.9992
1.7441
1.9513
1.9046
1.6429
1.6242
1.6946
1.6236
1.6368
1.8362
1.7146
1.9358
2.0513
1.9751
1.4934
1.5539
1.6054
2.0712
2.2811
1.8283
1.8322
2.0785
1.7162
2.0594
1.7503
1.9603
1.6564
1.8076
1.8072
1.9381
1.5691
1.7453
1.9574
2.2203
2.0074
2.0968
2.5776
2.2809
2.1602
2.2771
2.3203
2.0843
2.0629
1.6467
2.1169
2.3159
2.3418
2.2998
2.3082
2.4237
1.9989
1.9875
2.2580
2.2397
2.1010
1.9720
2.0502
1.9273
2.0209
2.1888
2.1256
2.4143
2.3495
2.2683
2.3362
2.3023
2.1114
1.7908
2.2379
1.7958
2.0607
2.1260
2.0984
1.8323
2.2504
2.2180
1.8486
2.2963
2.0637
2.0878
2.0002
1.8913
1.8012
2.0138
2.2677
2.8228
2.2567
2.3847
2.7430
2.0578
2.4313
2.4487
2.5956
2.3938
2.4283
2.4941
2.0149
1.9698
2.0430
2.2228
2.0200
2.1561
1.9567
1.8775
2.2209
1.9868
1.5964
1.9092
1.8759
2.1481
1.9730
2.3099
2.1751
2.1049
2.2824
2.2502
1.9239
2.3652
2.2288
2.0820
1.9817
1.8871
1.7329
2.3357
1.9645
1.9948
1.7377
2.0934
2.1803
2.1447
1.9279
2.3626
2.2352
1.9591
2.1708
1.9389
1.8423
1.9872
2.1356
1.7421
1.8873
1.9203
2.2637
2.2395
2.3766
2.2658
2.4925
2.7202
2.7043
2.1671
2.5639
2.7393
2.7273
3.0251
3.0348
2.4973
2.1946
2.7472
2.6771
2.6934
2.7395
2.4372
2.6369
2.4410
2.1047
2.0988
1.6418
1.6301
1.8465
2.3545
1.9567
2.5916
2.0271
2.4001
2.5424
2.4822
2.3113
2.6574
2.9631
2.6738
2.7305
2.3112
2.3773
2.1983
2.2436
2.6258
2.7152
2.1813
2.3561
2.2354
2.2244
2.2741
2.1760
2.3790
2.4132
2.2955
2.2137
2.5293
2.2776
2.2897
2.5523
2.5111
2.3374
1.9157
1.9403
1.7698
2.0790
2.1133
2.0546
2.1967
2.0186
1.9880
1.8232
2.3104
2.0825
2.0124
1.9491
1.9705
1.8124
2.0087
1.8322
1.7028
1.7505
1.7855
1.7453
1.9136
1.6788
1.6354
1.7813
1.6915
1.9635
1.6499
1.5009
1.6493
1.6746
1.8676
1.7732
1.8879
1.7014
1.4767
1.5511
1.6545
1.7399
1.5213
1.8583
1.8345
1.7352
1.5298
1.6919
1.5916
1.8210
1.8336
1.6034
1.7273
1.8813
1.6335
1.6421
1.8579
1.7475
1.8159
1.9671
1.9858
1.7771
1.7600
1.7324
1.8106
1.5643
1.5717
1.9188
1.6594
1.6471
1.5977
1.9872
2.1405
1.6878
1.6369
1.5877
1.6804
1.5926
1.8326
1.6895
1.7919
1.7303
1.8521
1.8234
1.6644
1.6917
1.6680
1.8054
1.5784
1.5737
1.7359
1.5031
1.7091
1.8456
1.7382
1.5623
1.7308
1.6330
1.7744
1.8220
1.7513
1.7008
1.4762
1.6206
2.0993
2.0065
2.0332
2.1189
2.2594
1.7345
1.8912
2.1657
2.0725
2.0519
2.1768
1.9411
1.9495
1.9925
1.9443
2.3857
1.8172
1.8134
1.8295
2.0565
1.9206
1.8723
1.8006
1.6309
1.9788
2.0455
1.9717
1.8232
1.7315
1.8371
1.7288
1.6930
1.6691
1.6199
1.6918
1.7186
1.6161
2.0462
1.9114
1.7722
2.2771
2.1066
2.0022
2.1244
1.9484
2.1302
2.3595
2.2726
2.2380
2.1164
2.2019
2.2097
2.3133
1.9598
1.8082
2.0285
2.0364
1.9923
1.6604
1.6672
1.6457
1.6235
1.7309
1.5904
1.7448
1.8009
1.8134
1.5880
1.8409
1.6102
1.6253
1.6457
1.5683
1.5730
1.8283
1.5413
1.7568
1.6039
1.5728
1.3704
1.4950
1.8370
1.7650
1.8549
1.7149
1.4687
1.6583
1.5946
1.5575
1.4953
1.7492
1.9656
1.8981
1.7460
2.0311
2.0262
1.8959
1.9620
1.8402
2.0636
2.0778
2.0579
1.8691
1.6328
1.6281
1.6916
1.6552
1.6947
1.7170
1.7903
2.2021
1.7362
1.5994
1.8816
1.5927
1.9238
1.9550
2.1582
1.8861
1.7972
2.0383
1.9265
1.7629
1.6353
1.8998
1.6010
1.7705
1.8310
1.8807
1.7420
1.9527
2.0379
1.6299
2.0687
2.1160
2.0090
2.0920
1.7454
2.0158
2.2185
2.0955
2.3405
1.9531
1.9392
1.8790
1.7046
1.7911
1.5803
2.1202
1.7207
2.0743
1.7367
1.9416
1.9995
1.8184
2.1084
2.0431
2.0764
2.0355
2.0802
2.1367
2.1604
2.1091
2.0890
1.8792
1.9632
2.3406
2.1815
2.4404
1.9822
2.0493
2.4120
2.1402
1.9898
2.1824
2.3278
2.2256
2.2159
2.3421
1.9150
1.8469
1.9380
1.9979
1.7487
1.9078
2.4027
2.2311
2.2673
2.0964
2.0381
2.0125
1.7415
2.0053
1.8074
1.9960
1.7747
1.8754
1.8296
1.7310
1.6354
1.6248
2.1084
1.9885
2.0871
1.8696
2.1313
2.1548
2.2523
1.8257
2.3224
2.1099
2.2649
2.1041
2.0753
1.8792
2.1033
2.1749
1.9833
2.1838
1.8071
2.1185
1.7891
2.0048
1.7235
1.8090
2.2146
1.8186
1.7582
1.7928
1.9381
1.8680
1.9108
1.6891
1.4940
1.6139
1.9873
1.7220
1.9192
1.9298
1.7585
1.8814
2.4053
1.6844
1.8293
1.4448
1.7865
2.0156
2.0395
2.1401
1.8850
1.6882
1.7672
1.6681
1.5662
1.4742
1.6469
1.7267
1.8383
1.6673
1.7526
2.1193
2.0188
1.7244
1.6599
1.9173
1.6075
1.6435
1.6222
1.6207
1.7849
1.8453
2.0024
1.7535
1.6049
1.6312
1.7998
1.8748
1.6421
1.9262
1.7099
2.0494
1.8813
1.9138
1.7188
1.8060
1.9615
1.8524
1.8796
2.0232
1.7800
1.5667
1.7096
1.7157
1.6003
1.6581
1.5457
1.8874
1.6495
1.5045
1.5216
1.9270
1.7071
1.8844
1.7967
1.4785
1.5178
1.6956
1.5668
1.7331
1.9599
2.2502
2.0828
1.8038
1.6358
1.6915
1.7290
2.0864
2.0622
1.9117
2.1823
1.8947
1.7088
1.6556
1.8673
2.2119
1.8372
1.8631
1.8912
2.0332
1.8876
2.0411
1.7301
1.8471
2.0337
1.7372
1.7910
2.0591
1.8241
1.8019
1.6737
1.7457
2.1298
2.0029
2.0236
1.7645
1.9044
1.9514
1.6669
1.7818
1.7932
1.8082
1.6832
1.5602
1.8485
1.6095
1.8383
2.0203
1.9673
1.7316
1.6587
1.7125
1.6254
1.8354
2.1083
1.8042
2.1198
1.8964
1.7767
1.8480
2.1771
1.9110
1.7443
1.9353
1.5103
1.7061
1.7706
1.5888
1.7469
1.9197
1.8313
1.5963
1.4223
1.6428
1.6718
1.6558
1.6720
1.6983
1.5535
1.6539
1.7253
1.6635
1.9962
1.9622
2.0081
1.6250
1.5652
1.6492
1.4996
1.5460
1.5863
1.7559
1.5821
1.7210
1.4739
1.5463
1.8949
1.9254
1.8572
1.8532
1.9194
1.5935
1.7570
1.7201
1.9124
1.9651
1.8570
2.1665
1.8465
2.1485
1.9278
2.1212
2.1777
2.2051
2.1694
1.9856
1.9402
2.2030
1.9593
2.1121
2.1992
1.9457
2.0911
1.8508
2.3484
2.3207
2.4525
2.3920
2.3142
2.3791
2.3527
2.4536
2.2834
2.0985
2.0422
1.9809
1.6653
1.9523
2.2587
1.8872
1.7194
2.2286
1.9886
1.7493
2.0910
2.4137
2.1350
2.0935
1.9261
2.4608
2.2236
2.1228
2.2162
2.2850
2.1708
2.1934
1.8948
2.0238
1.7631
1.8236
2.0855
2.2205
2.0249
2.1729
1.9676
1.9175
2.0212
1.8461
1.9581
2.0918
1.8130
2.2031
2.4378
2.0181
1.9881
2.0188
1.7661
1.9048
2.2339
2.0099
1.7598
1.7363
1.8433
1.8344
2.0579
1.8572
1.8972
1.9638
1.6092
1.7226
1.8801
1.8945
1.8799
1.8215
1.7790
1.7087
1.7054
1.5849
1.7024
1.8343
1.6831
1.9307
1.9718
1.8154
1.6033
1.5227
1.6453
1.7877
1.7346
1.5570
1.7621
1.8876
1.8213
1.7031
1.5460
1.4977
1.5737
1.5390
1.7828
1.7097
2.0039
1.7477
1.7490
1.7153
1.8997
1.9499
1.7335
1.7447
1.7289
1.7951
2.1513
2.0328
1.7952
2.2012
2.2342
2.2963
2.1798
2.0056
2.7206
2.3572
2.3657
1.4943
1.9600
2.0568
1.7197
1.5232
1.0840
1.3675
1.8833
1.7524
1.9615
1.8020
1.8696
1.9277
1.9178
2.0302
1.6528
1.8679
1.5432
1.7213
1.8299
1.7073
1.6022
1.5936
1.7590
1.7816
1.7592
1.4375
1.4998
1.4392
1.4640
1.5479
1.2796
1.5095
1.5415
1.5112
1.9661
1.9363
2.1959
2.2846
1.9008
2.4236
2.2007
2.2651
2.3728
2.6535
2.4351
1.7205
1.8970
1.5216
1.6704
1.5985
1.9357
1.6344
1.5097
1.5271
1.3981
1.5745
1.2377
1.6097
1.2711
1.8217
1.6929
1.7129
2.0407
2.4386
2.3046
2.1939
2.0284
2.1670
2.1082
2.2973
2.4134
2.3397
2.4251
2.0911
2.1670
2.2984
2.7213
2.1342
2.5555
2.5180
2.0992
2.4136
2.0503
2.1646
1.7837
2.0488
2.2026
1.9203
1.6069
1.7549
1.7256
1.6846
1.7509
2.0214
2.0913
2.2812
2.2264
1.9547
2.0089
1.8013
1.6331
1.6133
2.1300
1.8639
2.1681
1.9251
1.7122
1.9317
1.7385
1.9549
1.9417
2.1686
2.2307
2.0193
1.6835
2.1073
1.7282
1.6688
2.0059
1.9742
1.8220
2.0364
1.9904
2.1637
1.7102
1.6485
1.9779
2.0126
2.0904
1.9328
2.0176
1.4764
1.8514
2.1758
1.7153
2.0734
2.1631
2.5203
1.9721
1.9660
1.7707
1.8890
1.8978
1.9446
2.1522
2.3715
2.0616
1.7912
1.5093
2.0157
1.9266
1.8953
2.1420
2.0414
1.8194
1.6319
1.8201
2.3639
1.9356
2.1344
2.1027
1.9993
2.3114
2.2300
2.3009
1.9577
2.0966
2.3029
2.2676
1.8414
1.9765
1.6221
2.3596
2.4061
2.0298
2.1409
2.0654
2.1668
2.1431
2.3715
1.9716
2.3661
2.4329
2.2468
2.0126
2.0928
1.8795
1.8847
1.7897
2.0911
1.7609
1.9025
1.6921
1.8899
2.0156
1.9220
2.0589
1.9298
1.8170
1.7442
1.8635
1.8743
1.7233
1.8159
1.5721
1.8660
2.1325
1.9699
1.8914
2.0401
2.1894
2.1351
2.1006
2.0477
2.1215
2.1770
1.7647
2.0900
2.0760
1.8730
1.8981
1.9299
1.8470
2.3976
1.9816
2.0471
2.0319
2.1044
2.0641
1.8798
1.7236
1.9668
1.7949
1.9233
1.8700
2.1257
1.9958
1.6760
2.0019
2.1237
1.8416
1.8422
2.3503
1.8994
1.6898
1.7087
1.8018
1.9654
1.9099
1.8845
2.1930
2.4438
2.5673
2.5404
1.9223
2.0580
2.3894
2.6650
1.9858
2.0582
1.8122
2.3423
2.2098
2.4306
1.9242
2.0410
2.2382
2.5808
2.3083
2.2802
1.9400
2.0288
2.1496
2.1715
2.2840
2.3058
2.0152
2.2044
1.9889
2.1959
2.0612
1.8650
2.0641
1.8746
1.6000
1.6461
2.0257
2.1810
2.1113
2.1039
1.9022
2.1670
1.9039
2.0023
1.9312
2.3898
2.5001
2.6000
2.7126
2.5603
2.8686
2.6102
2.4593
2.3117
2.4959
2.4062
2.5430
2.2648
2.4471
2.2056
2.1636
2.2543
2.6058
2.2622
2.0691
1.7552
2.0488
2.2726
2.2361
2.1005
2.1639
2.6458
2.6443
2.5492
2.4138
2.2668
2.1493
2.2269
2.2699
2.0765
2.1361
2.4554
2.0923
2.4594
2.4682
2.2537
2.3579
2.1705
2.0938
2.5360
2.4584
2.3889
2.2028
2.2808
2.0085
1.9632
2.5048
2.3817
2.3994
2.1885
2.0456
2.2812
2.0202
2.4524
2.6267
2.5725
2.0051
2.3402
2.1822
1.9600
1.7858
1.5765
1.8311
1.8976
2.0482
2.0017
2.1143
2.2616
2.5913
2.3408
2.1484
2.3273
1.8247
2.2786
2.5300
2.1189
2.1753
1.8864
2.1419
2.2198
1.8422
2.0801
1.8168
1.9720
1.6282
1.7748
1.8080
1.8813
2.0952
2.4086
1.9604
2.0750
1.9379
2.1517
1.5834
1.7782
1.7763
1.7071
1.8499
1.9415
2.1198
2.1692
2.0247
2.1905
2.0818
2.3417
2.1799
1.9334
1.9152
1.9563
1.7154
1.8501
1.8253
1.7332
1.7893
2.1193
2.0046
2.2291
2.1958
2.5208
2.4814
2.2753
2.4985
2.1532
1.8162
1.9728
1.8689
2.0929
2.3127
1.8385
1.9496
2.1489
1.7988
2.3098
2.1979
2.3399
1.9854
2.3903
2.3679
2.1889
2.1024
2.0449
1.5751
2.0013
2.1807
2.0780
2.1099
1.7587
2.1181
1.9996
2.1929
2.1869
1.5910
1.9173
1.9777
2.0589
2.0026
2.2570
1.5393
1.8283
2.3478
1.9041
1.9190
2.1101
1.9199
1.4771
1.7057
1.4874
1.6253
1.6622
1.8653
1.6705
1.8280
2.2197
1.9147
2.4837
2.7633
2.2866
2.3782
2.3625
2.2139
2.2389
2.3066
1.8740
2.0118
1.9090
2.0173
1.9260
2.0170
2.2463
2.2936
2.0693
1.7403
1.7452
1.6996
2.1881
1.7584
1.9928
1.7916
1.5041
1.6638
1.5777
1.7345
1.9055
1.6758
1.5052
1.7924
1.7759
2.0510
2.0115
1.8289
2.0254
1.9884
2.0524
2.1470
1.9178
1.8866
1.5684
1.6411
2.2399
2.1093
1.5028
1.6925
1.9868
1.8201
1.8154
1.5689
1.8047
1.7252
1.7349
1.8365
1.7258
1.7763
1.6666
1.8104
1.9065
1.6971
2.0129
1.8067
2.0415
2.1212
2.2442
1.9510
1.8629
1.8285
1.7946
1.9275
1.7462
1.6038
1.7295
1.5753
1.7954
1.8870
1.9414
1.9301
1.8070
1.9143
1.6752
1.6670
1.8206
1.8588
1.7163
1.9146
1.7164
1.7013
1.5249
1.7889
1.8977
1.4767
2.0521
2.1984
2.2753
1.9130
1.8803
2.3305
2.0801
1.8813
1.8110
1.8866
2.0009
1.8209
2.0279
2.0011
1.9189
2.0137
1.8004
1.8572
1.8235
1.7973
1.2963
1.5190
1.9449
1.6296
1.7528
1.5779
1.6338
1.8606
1.3429
1.9029
1.7237
1.5799
1.6417
1.9123
1.8951
1.8947
1.8776
1.9236
1.7594
1.6065
1.6533
2.0423
1.7874
1.8416
1.9671
1.7957
2.0768
2.0850
2.2317
2.2609
2.2503
1.9861
2.0441
1.8805
1.8321
1.8339
1.8315
1.9521
1.6561
1.6421
1.6053
1.7347
1.6605
1.6052
1.5442
1.7493
1.8007
1.4339
1.4717
1.9333
1.6860
1.5401
1.7681
1.9563
1.5822
1.8443
1.8279
1.8190
1.8598
1.8014
1.6666
1.4933
1.8576
1.6107
1.8845
1.8948
1.6392
1.5735
1.6004
2.0970
1.6657
1.7322
1.7201
1.7968
1.8863
1.7758
1.6442
1.5450
1.6878
1.7476
1.7412
1.7458
1.8655
1.5908
1.8881
1.9364
1.8562
1.8996
1.9370
1.8750
1.9066
1.8079
1.7715
1.9561
2.1199
1.8886
1.9096
1.7238
2.0509
1.9428
1.9587
2.3060
2.2663
1.9693
1.6296
1.7206
1.9326
1.8835
1.7412
1.8309
1.9038
1.7930
2.0871
1.9733
1.9853
1.8244
1.9394
2.1514
1.9824
1.8233
2.0385
1.8591
1.7700
1.6178
1.8323
1.9623
1.7508
2.0846
2.3002
2.1222
1.7175
1.8753
1.8125
2.0740
1.9433
1.9231
2.0938
2.2465
2.3233
2.1646
2.0633
2.1489
2.0116
2.1020
2.2242
2.1562
1.9037
2.2332
2.0754
1.8718
1.7155
1.7538
1.7583
1.8547
1.7255
1.6639
1.6317
1.5835
1.7765
1.6918
1.5479
1.7152
1.9266
1.7198
1.9541
1.8940
1.7515
1.6753
1.7996
1.8515
1.7306
1.9231
1.8923
1.6169
1.7964
1.7153
1.4671
1.5032
1.5471
1.7934
1.9289
1.8060
1.9599
1.8768
2.0508
2.2071
1.7400
1.7874
1.5756
1.6591
1.7456
1.6786
1.9195
2.1930
1.8425
2.1268
1.6341
1.8109
1.7484
1.5886
1.7163
1.7317
1.8248
1.6794
1.9990
1.9483
1.6669
1.7953
1.8655
1.6288
1.8772
1.7585
1.7252
1.5823
1.8735
1.7851
1.7969
1.6953
1.8302
2.0097
1.6097
2.0297
1.7994
1.7736
1.7735
1.8802
1.6393
1.9746
1.8868
2.0008
1.7816
1.9422
2.0553
2.0849
1.8098
1.8342
1.6207
1.6934
1.8941
2.0190
2.2032
2.2099
2.4584
2.2408
2.2359
1.9953
1.7842
2.0015
1.8581
1.8306
1.9272
2.0565
2.1633
1.8624
1.9724
1.7991
2.0904
2.0976
2.0271
1.8271
1.8529
1.7257
1.9873
1.9661
1.9456
1.9115
1.8755
2.0845
1.7342
2.0650
2.1180
1.8112
2.1421
2.2238
2.3539
2.2189
2.3566
2.5845
2.2866
2.1120
2.4212
2.2987
2.2480
2.2113
1.9083
2.2991
1.9529
1.7516
1.9585
2.7151
2.1851
2.0264
2.2573
2.7817
2.5140
2.1490
2.0506
2.1436
1.8214
2.0647
2.3619
2.5593
2.1588
2.2988
1.9124
2.1593
1.6702
1.8705
2.0195
1.9107
2.1930
2.2141
2.0383
2.0210
1.8506
2.0261
1.9182
2.0615
2.0598
1.7943
2.1367
2.2582
2.1360
1.9260
1.9635
2.2843
1.9385
1.8766
2.0734
1.9095
2.2272
2.0105
1.5580
1.9119
2.1682
1.8167
1.7515
2.0015
1.9117
1.6819
1.7588
1.7641
1.7688
1.8201
1.7884
1.7912
1.7080
1.8894
1.9296
1.7689
1.9029
2.0747
2.0125
2.0033
1.8150
1.5451
1.9596
1.6722
1.9900
1.9204
1.9706
2.1429
1.8644
1.8475
1.6327
1.6918
1.4147
1.5568
1.8447
1.7246
1.7885
1.6977
1.7770
1.7592
2.0177
1.7805
1.5193
1.5856
1.6207
1.5205
1.4511
1.8342
1.6840
1.8294
1.4583
1.8662
1.8166
1.7792
2.1226
1.6209
1.6654
1.5605
1.3728
1.3615
1.6238
1.8353
1.8282
1.7692
1.6346
1.9199
1.7689
1.4067
1.6544
1.6161
1.6352
2.0824
1.8481
1.8763
1.9699
1.9021
2.2221
1.7861
1.8010
2.0066
1.8223
1.8477
1.6184
1.9721
1.6645
1.6236
1.8199
1.5737
1.8037
1.6901
1.6296
1.6834
1.6691
1.6609
1.3501
1.4238
1.5652
1.3909
1.7661
1.6265
1.5817
1.5469
2.0682
1.4878
1.4529
1.5430
1.7778
1.4863
1.5033
1.6681
1.3695
1.5528
1.6036
1.4201
1.7130
1.7180
1.7573
1.3406
1.8868
1.7523
1.9171
1.7556
1.9018
1.7079
1.8042
1.6413
1.3978
1.7402
1.3653
1.5714
1.7698
1.5097
1.7302
1.8068
1.7700
1.6799
1.4377
1.8583
1.8817
1.7277
1.5722
1.8723
1.6314
1.9033
1.9162
1.7735
1.8891
1.9179
1.7211
1.5207
1.9238
2.0655
1.9475
1.9099
1.8800
2.1176
1.9168
2.0857
1.9042
2.0677
1.9683
1.6127
1.2651
1.7535
1.6957
1.9560
1.8519
1.7669
2.0324
2.4255
2.0996
2.3283
2.3498
2.3813
1.8853
1.7184
1.6071
1.9598
1.9555
2.1483
1.9469
1.9242
1.7927
2.0708
2.2828
2.4829
1.8303
2.1139
2.0811
1.9882
1.9692
2.1902
1.9716
2.2255
2.4152
2.1077
2.0486
1.9792
1.9405
1.8355
2.0656
1.8975
1.7542
1.9087
2.1593
1.8044
1.9668
2.3164
1.9146
1.4605
1.6635
1.5992
1.8538
1.9709
1.6336
1.7227
2.0565
2.1772
1.8608
1.6578
2.0039
1.9358
1.6593
1.9076
2.0471
1.7223
1.5356
1.7244
1.9081
1.5907
1.5181
1.9552
1.9336
1.7546
1.7473
1.7674
1.8301
1.7711
1.8388
1.8889
1.9559
2.1621
1.7412
1.7220
1.9555
1.6695
1.7297
1.4144
1.6286
1.7471
1.9148
1.8201
1.8241
1.6593
1.7276
1.9742
2.0328
1.7793
1.2643
1.4766
1.6964
1.8686
1.7317
1.7772
2.3067
1.6314
1.6091
1.9375
1.7841
1.7500
1.9524
2.1884
1.9202
1.8413
1.8789
1.7884
1.6005
1.8246
1.8562
1.7902
1.6624
1.6310
1.6754
1.6957
1.8235
2.0608
1.9781
1.4875
1.9550
1.3601
1.8483
1.7588
1.5952
1.9047
1.5995
1.9130
1.8149
1.6626
1.8836
1.7721
1.7492
1.4803
1.4696
1.4637
1.7852
1.5943
1.8549
1.5609
1.5732
1.7002
1.8142
1.7119
1.6645
1.6833
1.8363
1.8258
1.7606
1.6795
1.8725
1.5295
1.7495
2.1623
2.0819
1.8648
1.6085
1.5607
1.8111
1.7159
1.6433
1.7535
1.8152
1.6491
1.4690
1.9451
1.5746
1.6331
1.6398
1.7432
1.6212
1.7468
1.7158
1.8220
2.1288
1.8791
1.6851
2.0057
1.7551
1.6845
1.9160
1.8050
1.7418
1.8753
1.9704
2.2611
1.9238
1.4697
1.8304
1.8945
1.6814
1.7522
1.8043
1.8761
1.7682
1.5744
1.4587
1.5348
1.8553
1.3982
1.5440
1.4940
1.7677
1.5824
1.4783
1.9247
1.5743
1.6737
1.7864
2.0816
1.7844
1.6298
1.9587
1.6924
2.0492
1.6727
1.8030
1.8745
1.8196
1.4923
1.4314
1.7073
1.3059
1.7650
1.7005
1.6866
1.9188
1.6882
1.6528
1.7725
1.7366
1.5344
1.6862
1.2847
1.6266
1.7110
1.8116
1.7989
1.7089
1.7761
1.7420
1.5835
1.7326
1.7168
1.5166
1.6906
1.6935
1.5846
1.6883
1.6106
1.8244
1.8189
2.1331
1.5751
1.9317
1.8552
1.7066
1.8287
1.8946
1.8209
1.8369
1.8076
1.7244
1.8858
1.7988
1.7068
1.5550
1.5562
1.6459
1.8590
1.7993
1.7912
1.6542
1.7568
1.8189
1.9474
1.6895
1.7269
1.8503
1.8088
1.7893
1.9082
1.7602
1.6206
1.6676
1.5218
1.6349
1.4417
1.5957
1.8757
1.7903
1.9197
1.5497
1.8557
1.9841
1.8835
1.6264
1.6922
1.6716
1.6119
1.6442
1.7491
1.8076
1.7452
1.7732
1.6166
1.9183
1.6177
2.2520
1.7514
2.1764
1.8341
2.0122
1.5131
1.8153
1.5305
1.6588
1.5756
1.9845
1.8017
1.8825
1.8879
1.5150
1.9144
1.7554
1.9311
1.9617
1.8527
1.7331
1.7891
1.8387
1.7854
1.5835
1.7269
2.0223
1.6615
1.8296
1.4927
1.8549
1.6032
1.5322
1.8920
1.8139
1.4579
1.6471
1.7890
1.9848
1.6540
1.8639
1.8162
1.6346
1.6077
1.6691
1.7567
2.0010
1.7916
1.5544
1.5494
1.7052
1.4449
1.7559
1.7721
1.7756
1.4867
1.8922
1.6220
1.8178
1.8262
1.8435
1.5157
1.7145
1.6982
1.5214
1.8834
1.8771
1.8218
1.7548
1.6875
1.6082
2.0161
1.7290
1.6354
1.5217
1.4249
1.4425
1.6438
1.6133
1.9362
1.7790
1.8976
1.8102
1.7820
1.7834
1.9233
1.7421
1.3550
1.5509
1.5929
1.6377
2.0629
2.1190
2.1976
2.0191
1.9001
2.4515
2.4269
2.1970
1.9103
2.4031
2.2411
2.5370
2.2186
2.1988
1.9540
2.2465
1.9117
2.0926
2.0700
1.9940
2.4447
1.7936
2.2486
1.9709
1.9120
2.2100
1.7914
1.7406
1.7714
1.8579
1.8728
1.7213
1.7607
1.6388
1.4768
1.5436
1.8869
1.7331
1.7996
1.4928
1.9058
1.6227
1.9715
2.1087
1.7726
1.6750
1.7814
1.5838
1.6870
1.6734
1.6229
2.0556
1.6030
1.8298
1.3867
1.7379
1.6830
1.9607
1.6017
1.5312
1.5626
1.6533
1.7005
1.8038
1.6682
1.8226
1.6863
1.7128
1.6088
1.7282
1.8719
1.6603
1.7108
1.8146
1.5176
1.6096
1.7376
1.8900
1.6241
1.6241
1.5293
1.4923
1.6427
1.4158
1.6615
1.4799
1.4432
1.6014
1.7000
1.5260
1.8683
1.9144
1.7926
1.7858
1.6575
1.4742
1.6043
1.6977
1.6660
1.4681
1.7170
1.7257
1.7574
1.9328
1.6744
1.7604
1.8349
1.8322
1.9689
1.7393
1.9713
2.3240
1.8168
1.9685
1.7885
1.7285
1.9020
1.6460
1.4254
1.6560
1.6548
1.4884
1.5874
1.6076
1.5722
1.8746
1.6738
1.7508
1.7247
1.4677
1.3797
1.5062
1.4876
1.5791
1.6382
1.7964
1.5475
1.5639
1.7320
1.6522
1.5356
1.4716
1.6062
1.6356
1.3592
1.4829
1.6382
1.6820
1.6676
1.5915
1.3808
1.5846
1.6565
1.5108
1.8537
1.7258
1.7620
1.9707
1.6713
1.6287
1.7198
1.7492
1.7010
1.6837
1.6186
1.7513
1.7369
1.5983
1.8213
1.2885
1.7758
1.9361
1.4309
1.4115
2.2075
1.8726
2.0057
2.0150
1.6281
1.8933
1.4875
1.5690
1.5969
1.4126
1.7402
2.0256
1.9975
1.8545
1.5955
1.8954
2.0333
1.9441
1.7199
1.8886
1.8096
1.7764
1.6020
1.8890
1.7429
1.9792
1.7108
1.8049
1.6913
1.5753
1.4471
1.5200
1.8231
1.6390
1.6231
1.9148
1.8199
1.9273
1.5997
