1.6183
1.5494
1.3851
1.6982
1.6195
1.8926
1.5757
1.6145
1.9665
1.7439
1.9216
1.7131
1.5966
1.6185
1.8197
1.8955
1.8078
1.7892
1.8280
1.7156
1.9440
2.0845
1.9707
2.0789
2.2259
1.9068
2.1268
1.9611
2.0671
2.0027
1.7592
1.8692
1.8263
1.8160
1.9493
1.8325
2.0136
2.0310
2.0578
1.8195
1.9593
1.8546
1.8872
1.9701
1.9399
1.8037
1.8133
1.7989
1.5904
1.6361
1.6334
1.6375
1.6719
1.5332
1.4493
1.7737
1.9830
1.9200
1.7956
2.0774
2.1678
2.0247
2.0028
1.7265
1.8776
2.0362
1.7014
1.8424
2.3974
2.4408
2.3623
2.3004
2.8733
2.0154
1.9574
2.3070
2.3790
1.9442
2.0446
1.8701
2.1956
2.1789
1.9824
1.9160
1.9803
2.0158
2.2864
2.2045
2.0107
2.0800
2.0934
1.9484
2.0327
1.9566
1.8675
1.8717
1.8193
1.8664
1.9430
2.1202
1.7932
1.7433
2.0696
1.8178
1.8729
1.8495
2.0463
1.9627
1.9998
1.8059
2.1994
1.9152
1.9122
2.0948
2.0722
2.0459
1.7893
2.0585
1.9922
1.6532
1.7779
1.8086
2.1514
2.1138
2.0553
2.0230
2.3066
2.1072
2.2319
1.9720
2.3761
1.9199
2.1136
2.1556
1.8891
1.8714
1.7211
1.8368
2.2657
2.6769
2.4594
2.3380
2.3895
2.0955
2.2980
1.8691
1.7883
1.9165
1.9652
2.0386
2.0832
1.8601
1.9035
1.9914
1.9114
1.9602
1.9627
1.7830
2.0431
1.9008
2.0564
1.9486
2.2840
2.4116
2.4672
2.5013
2.3047
2.2320
2.3960
2.1122
1.9110
1.8749
1.8496
2.0057
2.1347
2.1471
1.6497
1.9965
1.7047
2.0582
2.3549
1.9887
1.9902
1.9986
2.2270
2.1007
1.8652
1.8255
1.7746
2.0964
1.8128
1.5681
1.4641
1.6254
1.4661
1.8642
1.8432
1.6368
1.5018
1.8336
1.5230
1.4715
1.4786
1.6084
1.4594
1.5146
1.6652
1.6859
1.6064
1.7066
1.8714
2.0409
1.7219
1.5266
1.6914
1.4682
1.5280
1.7536
1.7081
1.8670
1.8415
1.6879
1.5454
1.5169
1.8060
1.8384
2.0636
1.8199
1.7357
1.7016
1.7891
1.7842
1.6918
1.7842
1.6035
1.7815
2.1968
1.9224
1.6803
1.8864
1.5919
1.7818
1.5710
1.6285
1.6248
1.7349
1.8347
1.7382
1.6122
1.8629
1.4741
1.6975
1.8040
1.6648
1.8483
1.6863
1.5671
1.7193
1.6728
1.8020
1.9040
1.6822
2.1501
2.1111
2.1454
2.4057
2.4220
2.5075
2.4348
1.7121
1.7710
1.8204
1.5404
1.7295
1.3891
1.7741
1.5911
1.8751
1.6050
1.7702
1.7529
1.4423
1.9679
1.8732
2.0020
2.0516
1.8213
1.8363
1.9608
2.0360
1.8929
1.7803
1.6891
1.6906
1.7663
1.8644
1.5859
1.5295
1.9044
2.0472
1.9621
1.6540
1.5284
1.6486
2.1146
1.8113
1.9816
2.1785
2.3831
2.0557
2.8709
1.9718
1.9119
2.6840
2.1444
1.8377
1.9493
2.0250
1.6360
1.5989
1.7040
2.0064
1.5480
1.4702
1.6241
1.8677
1.6323
1.8089
2.2294
2.2581
2.4236
1.6092
2.0846
1.9703
1.7766
1.8379
1.8121
2.4489
2.0536
1.9418
1.7137
2.3948
2.1349
2.1843
2.8527
2.2705
2.1116
2.2151
2.4284
2.3754
2.4719
2.0883
2.2867
1.9787
1.8991
2.0798
2.0904
1.8983
2.1372
2.4909
2.4149
2.4420
2.6309
2.1677
2.2606
2.0750
2.2005
2.0710
2.2485
1.8429
1.9749
1.8207
1.9566
2.4782
1.9236
2.5368
1.8563
1.9869
2.1503
1.9810
1.9601
2.0439
2.3523
2.1898
2.1075
2.0844
1.9377
2.0471
1.5982
1.7420
1.9701
2.1689
2.0272
1.6772
1.6653
2.0015
1.8869
1.7228
2.0033
1.8723
2.0809
1.8724
1.8567
1.5325
1.5108
1.4920
1.8457
1.5340
1.7115
1.4819
2.0230
1.9020
2.1040
1.7323
2.0790
2.0595
2.0208
2.2889
1.8776
1.6011
1.6469
1.4799
1.6147
1.8218
1.5728
1.5321
1.3796
2.0327
2.0986
1.8805
1.7082
1.6974
2.0489
1.9259
1.8098
1.9087
1.9446
2.1527
2.3296
2.3791
1.9578
2.0640
2.3393
2.1181
2.0992
1.9706
1.8542
2.0308
1.4657
2.0526
2.2217
2.3319
2.4408
2.3354
2.0862
2.0812
2.1452
2.1433
1.6966
1.9975
1.9633
1.9035
2.0206
2.1139
2.3332
2.1217
1.8285
2.1168
1.7757
2.0241
2.4936
2.1963
2.1096
2.1586
1.9414
1.9336
2.1267
1.9560
1.9148
1.8814
2.1286
2.0172
2.2662
2.0820
2.1135
2.1861
2.3090
2.0681
2.5066
2.5357
2.5148
2.6849
2.6955
2.5999
2.4837
2.2447
2.3379
2.3577
2.1971
1.9100
1.9519
2.0805
1.9931
2.1438
2.0307
1.7482
1.8394
1.9943
2.1507
2.1181
2.0292
2.2661
2.1690
2.1480
2.3471
2.6508
2.5809
2.3699
2.4762
2.3968
2.4341
2.0437
2.2373
2.1516
2.3394
2.0226
2.2684
2.1232
2.0355
2.3104
2.4287
2.3780
2.4771
2.1925
2.3212
1.9636
2.6992
2.2659
2.6615
2.7971
2.5029
2.4395
2.7246
2.2091
2.6700
2.4285
3.0132
2.3813
2.4395
2.5041
2.4238
2.2315
1.9562
2.4545
2.2808
2.3775
2.3706
2.4618
2.1208
2.2270
2.3010
2.2403
1.7920
2.3682
2.3147
2.1902
2.2362
2.1237
2.3913
2.3069
2.3453
2.0405
1.8399
1.9521
2.2157
2.0283
1.9243
1.9580
1.7754
2.0892
2.3706
2.0751
2.1238
2.2907
2.4222
2.2297
2.2786
2.5349
2.7322
2.7907
2.1485
2.1975
1.9522
2.1518
2.1953
2.3506
1.9077
2.1806
2.2626
2.0242
2.1308
2.1890
2.0057
1.8102
1.7682
1.7845
1.7575
1.4697
1.7051
2.0686
1.9109
1.9122
2.1634
2.1254
2.3495
2.2350
1.9554
2.2460
2.1269
2.0750
2.0566
1.7175
1.9196
2.1603
2.2168
2.3175
1.9481
2.4739
2.5201
2.4060
2.5728
2.3446
2.3933
2.3947
2.2503
2.0027
1.9532
1.9671
1.9686
1.7565
2.0939
2.1957
2.4806
2.3183
2.3779
2.2236
2.2990
2.1459
1.9525
2.0244
1.9710
1.8583
1.9934
2.0078
2.0991
1.9078
1.8049
2.2229
2.0574
1.7752
2.1772
2.1821
1.9836
2.3808
1.9090
2.1908
2.1460
2.4803
2.4207
2.1013
2.1449
2.4863
2.2914
1.6417
1.9230
2.3918
2.0550
2.3126
1.9663
2.2946
2.1179
1.9400
1.9169
2.0105
2.1079
2.2429
2.1234
1.9971
1.9674
2.0513
2.2679
2.1803
2.1210
2.3176
1.9816
2.2163
2.1962
2.2777
2.8996
2.6223
1.9826
1.9911
1.6912
2.0931
2.3836
2.4898
2.7528
2.6147
2.1638
2.4851
2.2053
2.2224
2.7691
2.8852
2.2272
2.3948
2.2324
2.3608
2.2216
1.9042
2.3348
2.2992
2.4090
2.3139
2.3060
2.5035
2.0841
2.0176
2.2775
2.1276
2.0260
2.0411
2.0590
1.5617
1.7249
1.8611
2.2536
2.5259
2.5436
2.3559
2.0538
2.5618
2.4868
2.2468
2.4375
2.1383
2.3531
2.1800
2.2036
2.0894
2.2131
2.1832
2.1935
2.3061
2.2007
2.2880
2.3559
2.3616
1.9249
2.0543
2.2550
1.9519
1.8032
1.8791
1.8553
2.3249
2.0396
1.7048
1.7971
1.9399
1.9358
1.9782
1.9659
1.6555
1.4752
1.5859
1.7569
1.9008
1.7317
1.9313
1.8369
1.5839
1.8930
1.6933
1.9190
1.8664
1.9694
1.6998
2.1702
1.9270
1.8207
1.8764
1.6165
1.7828
2.2373
1.8768
1.8824
1.6483
1.6542
1.8050
1.5258
1.6532
1.8244
2.1558
2.2001
1.8469
1.9146
1.8250
1.7177
2.1014
1.9681
1.9435
2.0383
1.9430
1.9539
1.7733
1.7185
1.5945
1.9268
2.1523
1.9572
1.7994
1.6483
1.8666
1.9916
2.4725
2.0816
2.0749
1.8776
1.6837
1.8456
1.9865
1.8108
2.1801
1.9146
2.1548
2.0187
2.2135
1.6985
2.2239
1.9937
2.0341
2.0987
2.1659
2.0349
2.1973
2.1445
2.0063
2.1278
2.6089
2.5963
2.1418
1.9800
1.8787
1.8157
1.9242
2.0386
2.4073
2.6790
2.4559
2.6318
2.4511
2.4233
2.3407
2.3824
2.2848
2.3662
2.2786
2.0816
2.0375
2.5197
1.9313
2.0479
2.2183
1.9926
2.0293
2.0449
1.9516
1.9385
1.7894
1.8622
2.0180
1.9436
1.8302
1.9110
2.0113
1.8692
1.9037
2.2573
1.9408
2.1856
2.3917
2.1261
2.0375
2.0033
1.8960
1.9187
2.0234
1.9230
2.1009
2.1796
2.1063
2.1685
1.9599
2.1205
2.2025
2.1390
2.0306
2.2060
2.0529
2.2635
1.9182
1.9399
2.0798
2.0805
2.2242
2.3591
2.3543
1.9753
2.4434
2.4651
2.1028
1.9200
2.0194
2.1381
2.1458
2.3882
2.0833
2.1635
2.1456
1.8363
1.9999
2.0783
2.1761
1.7675
1.9337
2.3690
2.1626
2.2050
2.1640
2.3623
2.4172
2.1693
1.9557
2.1083
1.8916
2.2359
2.0494
2.1354
2.3095
2.0845
1.9634
2.3978
2.3123
2.2562
2.3931
2.3155
2.0371
2.2305
2.3484
2.0272
2.2422
2.3183
2.2728
2.3193
2.2275
2.3368
2.3713
2.1947
1.9005
1.8010
2.2471
2.1225
2.0599
2.3092
1.9878
2.2698
2.0441
1.9798
2.2384
2.3180
2.2178
1.9885
1.8335
2.2274
2.0445
2.0650
2.0679
2.0996
2.0119
2.0367
2.2002
1.9548
2.2216
1.9720
2.1020
2.3440
2.2009
2.1462
2.0715
2.2811
2.1723
2.0412
2.0863
2.3527
2.0171
2.1685
2.1599
1.4489
1.8030
1.8009
1.9022
2.3013
2.0046
2.2679
2.1833
2.3252
2.4476
2.0538
2.2190
2.3247
2.1074
2.0314
1.9739
2.0197
2.4992
1.9949
1.9709
2.1196
2.0099
2.2652
1.9826
1.9510
1.7694
2.0774
2.2630
1.7566
1.9810
2.0986
2.1964
2.0118
1.9730
1.6157
1.7815
1.6722
1.8914
1.7711
1.8677
1.5179
1.7721
1.7425
1.3712
1.8586
1.7672
1.8994
1.7863
2.0958
1.8351
1.6863
1.8968
1.6535
1.7324
1.9664
1.7388
1.9490
2.1439
2.1241
1.9622
1.7618
1.7888
1.7337
1.8265
1.6371
1.5964
1.6607
1.8044
1.7534
1.6841
1.7643
1.6983
1.5993
1.6816
1.8160
1.8694
1.9510
1.9046
1.9930
2.1509
1.8085
2.0366
2.0172
1.9055
1.7948
1.7416
1.7535
1.7346
1.7458
1.9755
1.6419
1.9820
2.0321
1.8568
2.0743
2.1332
2.0197
2.1320
1.9219
1.9164
1.7731
1.8014
2.0680
2.1638
2.0492
1.8944
2.0226
2.0925
2.0201
2.2934
1.9663
1.7142
1.7005
1.9413
2.0800
1.8923
2.1430
2.0337
2.1206
1.8218
2.0822
1.9038
2.1470
1.8598
1.9616
1.7989
1.9327
1.8893
1.9211
1.8899
1.8352
1.8595
1.6591
1.6816
1.8341
1.9594
1.9735
2.0743
1.8083
2.2755
1.7771
2.0948
1.7591
2.0589
2.0519
1.8885
2.1452
1.7305
1.9951
1.8004
1.9957
1.7473
2.0010
1.8833
1.9651
2.0011
1.7894
1.8159
2.1241
1.7041
1.7769
1.7010
1.9534
1.7880
1.5330
1.3900
1.7321
1.5546
1.5601
1.6887
1.6566
1.5490
1.7385
1.8655
1.9639
1.5426
2.0578
1.8986
1.8677
1.9434
1.8153
1.9135
1.6611
1.9293
1.9557
1.8886
1.7366
1.8949
1.6408
1.6320
1.9190
1.8096
1.7150
1.8790
1.7287
2.0571
1.5779
1.6658
1.7058
1.7423
1.7488
2.1609
1.8791
1.7550
1.8173
2.0036
1.7354
1.7821
1.6066
1.6813
1.4479
1.7694
1.7904
1.3159
2.0018
1.9371
2.0491
1.6023
1.5701
1.7667
1.6710
1.6108
1.6152
1.6454
1.6328
1.4126
1.4640
1.6149
1.6274
1.6091
1.8849
1.7055
1.6508
1.5956
1.7661
1.5098
1.5432
1.6619
1.6060
1.6556
1.5054
1.4316
1.7035
1.9963
1.7943
1.7670
1.7756
1.8264
1.7870
1.6817
1.5994
1.6208
1.7064
1.7267
1.5867
1.6811
1.8027
1.7092
1.6018
1.8019
1.7146
1.4578
1.6153
1.9062
1.5827
1.7837
1.6814
1.8502
1.6795
1.6706
1.7108
1.8476
1.6811
1.9136
1.8442
1.7193
1.8253
1.7590
1.7618
1.3940
1.8389
1.7011
1.7046
1.6650
1.7315
1.7592
1.7161
1.7853
1.9147
2.0024
1.6469
1.8495
1.7914
1.8128
1.8428
1.6277
1.8485
1.5745
1.8935
1.7554
1.5260
1.8074
1.7487
1.8656
1.7863
1.8101
1.9464
1.4896
1.7128
1.5135
1.6195
1.7292
1.6428
1.8224
1.9712
1.8759
1.9499
1.5725
1.5675
1.5663
1.4392
1.6948
1.5273
1.5386
1.4260
1.6289
1.8674
1.8081
2.0036
1.9389
1.8638
1.9604
2.0638
2.0193
2.0485
2.2960
2.3553
2.4192
2.7839
2.7591
2.5651
2.6029
2.7518
2.3869
2.5406
2.5698
2.4019
2.4131
2.3190
2.3129
2.3067
2.3509
2.4180
2.4285
2.2007
2.3365
2.0939
2.3472
2.3202
2.2961
2.4463
2.5046
2.3664
2.5043
2.2468
2.4433
2.5260
2.4519
1.9476
2.1154
2.3154
2.4026
2.3434
2.5461
2.3248
2.0477
1.8558
1.6806
1.8067
1.9521
1.9985
1.8455
1.8377
1.8215
1.8446
1.7709
1.8463
1.8509
1.9975
1.9090
2.0342
2.0797
1.7403
1.8923
1.7572
1.9059
1.9743
1.9798
1.7615
2.1005
1.6997
1.5039
1.7760
1.7533
1.7465
1.8088
1.6375
1.7611
1.8592
1.6044
1.8856
1.8831
1.8162
1.8394
1.8547
1.9885
1.7765
1.7478
2.0364
1.8790
1.7373
1.7670
1.7193
2.0320
1.9327
1.8682
1.8890
1.8139
1.7109
1.8905
1.6553
2.0524
2.2761
2.2562
1.7853
1.9874
1.5506
1.7477
1.9283
2.0945
1.9390
2.0199
1.8562
1.7713
1.8571
1.8854
2.0339
1.6092
1.4369
1.6307
1.7105
1.8200
1.7223
1.7572
1.7513
1.6916
1.7041
1.6576
1.8776
1.7637
1.8838
1.6919
1.6273
1.7077
1.5166
1.4971
1.7778
1.5779
1.5253
1.3907
1.5367
1.4861
1.3466
1.5945
1.5093
1.5034
1.5749
1.7582
1.9106
1.5384
1.4919
1.5445
2.1553
1.6929
1.8273
1.8286
1.8727
1.9989
1.8084
1.6905
1.8588
1.7259
1.9743
1.6482
1.8213
1.6478
1.6235
1.4454
1.6320
1.4260
1.4769
1.6372
1.5125
1.6535
1.5302
1.7313
1.6085
1.7089
1.4898
1.4904
1.6036
1.7713
1.7696
1.9262
1.6912
1.9611
1.5572
1.6092
1.7398
1.8263
1.5761
1.7430
1.9693
1.9445
1.8452
1.7304
1.9020
1.9120
1.9571
1.7642
1.8389
2.2324
2.1895
1.9611
1.8883
2.1674
1.8655
1.9970
2.4812
2.5945
1.8268
2.1025
2.0571
2.1293
2.0938
1.9745
1.7406
1.8139
1.7036
1.7741
1.9775
1.8983
1.8492
2.0428
1.7250
1.9203
1.7965
1.8424
2.1104
1.8125
1.8130
1.8769
1.4353
1.6861
1.7737
1.5975
1.5592
1.7034
1.8414
2.0218
1.9501
2.5051
2.1320
2.0072
1.8825
1.8774
2.1942
2.1789
1.7246
1.7218
1.6688
1.8546
1.8068
1.5432
1.7974
1.8332
1.6573
1.9891
2.0191
2.0605
1.5431
1.7153
1.5745
1.7455
1.6378
1.5663
1.6504
1.6179
1.9182
1.6784
1.8489
1.8941
2.1684
1.8536
1.7918
1.8638
1.8528
1.6066
1.8797
1.7806
1.7609
1.9224
1.8056
1.8214
1.7498
1.9975
1.7606
2.0321
1.7819
1.5922
1.6297
1.7588
1.9225
1.6707
1.8451
1.8630
1.6686
2.1023
1.7297
1.8208
1.7423
1.9376
1.8400
1.9988
1.8864
1.9266
1.7192
1.9135
1.4463
1.7792
1.8647
1.6330
1.5470
1.8699
2.0018
1.9061
1.7208
1.9355
2.0105
1.9100
1.8511
1.6505
1.9434
1.8796
1.7859
1.8786
1.8913
1.9891
1.6437
1.6923
1.5519
1.7031
1.7134
1.8915
1.8824
1.6774
1.7851
1.7983
1.4134
1.7692
1.7343
1.9463
1.8552
1.8896
1.7315
1.5085
1.5643
1.8424
1.5970
1.7126
1.6482
1.6828
2.0917
2.0867
1.7058
2.2219
1.8451
1.7975
2.0347
1.7075
1.6047
1.5934
1.5918
2.0345
1.8036
1.8217
1.7333
1.5635
1.6382
1.9249
1.9378
1.4978
1.9722
2.0438
2.0516
1.8169
1.7686
1.8033
1.7805
1.7382
1.6179
1.4578
1.5430
1.3504
1.9016
1.5257
1.8047
1.8072
1.9471
2.0403
2.0786
2.0102
1.6499
1.5658
1.5784
1.8578
1.6600
1.5617
1.9129
1.5771
1.6922
1.9094
1.7040
1.7823
1.7050
1.5105
1.9108
1.4837
1.8215
1.4652
1.8805
1.9312
1.5457
1.7856
2.0407
2.3182
2.1175
1.9249
1.8981
1.6206
1.6422
1.5519
1.8278
1.6166
1.5297
1.5281
1.8194
1.5570
1.8022
1.4932
1.5443
1.6342
1.9183
1.7726
1.5870
1.6451
1.6090
1.8238
1.7422
1.7098
1.6639
1.8294
1.6618
1.8655
1.7415
1.6027
1.8206
1.5095
1.9822
1.6942
2.1474
2.1852
2.1336
1.9363
1.8745
1.6773
1.9469
1.8401
1.8236
1.6901
1.9902
1.7845
2.1110
2.0656
1.6066
1.5826
1.8728
1.9428
1.9977
1.6348
1.7532
1.7722
1.5795
1.7997
1.7517
1.7691
1.8587
2.0174
2.0808
2.0189
1.6767
1.8469
1.8464
1.8984
1.7548
1.7344
1.6493
1.7064
2.0289
1.9555
1.6238
1.7111
1.5886
1.7492
1.6110
1.7570
1.8477
1.6596
1.7776
1.8136
1.8374
1.5010
2.0470
1.9384
2.0599
2.0451
1.7148
1.8378
1.9003
1.5852
1.5725
1.9213
1.8000
1.9646
1.9461
2.1079
1.8015
1.9935
2.0661
1.9418
1.6043
1.6114
1.6236
2.1338
1.9629
2.1315
1.8475
1.7013
1.5497
1.7797
1.8638
1.5940
1.6800
1.3876
1.8987
2.1052
2.1003
2.0252
2.0400
2.0377
2.0332
1.9287
1.8917
1.8099
1.8173
1.6182
1.4781
1.8035
1.7690
1.6497
1.5970
1.6554
1.5429
1.4730
1.6914
1.7320
1.7199
1.7577
1.7792
1.4221
1.7795
2.0651
1.6316
1.9297
1.8437
1.7837
1.6310
1.9848
1.6945
1.8830
2.0582
1.8015
1.8020
1.5387
1.4615
1.4723
1.8867
1.6511
1.6289
1.8589
1.6987
1.9954
1.8204
1.3897
1.6600
1.6220
1.7811
1.2883
1.8809
1.5998
1.7431
1.6605
1.8776
1.9104
1.5709
1.2841
1.9237
2.0777
1.9712
2.1542
1.9950
1.9969
2.0277
2.1464
1.9105
1.8245
1.7025
1.7514
1.7734
2.0713
1.9506
1.8000
1.9831
1.7581
2.0633
2.0610
1.8576
1.9117
1.6714
1.6367
1.8321
1.7997
1.7678
1.8210
1.6534
1.7745
1.5711
2.0180
1.8242
1.7455
1.8350
1.8664
1.7476
2.0067
2.0907
2.0247
2.1092
1.8758
1.7605
2.2938
2.2293
2.4384
2.5153
2.5050
2.3248
2.4869
2.4256
2.0872
2.1147
2.0600
1.8919
1.8871
1.9132
1.9540
1.9165
2.0334
2.2201
2.0040
2.4284
1.9254
2.5392
2.2157
2.0968
2.1016
1.8487
2.3241
2.0021
2.1240
2.1361
2.2456
2.0849
1.8305
1.8577
1.8753
2.3885
2.2101
1.9431
1.6007
2.0176
2.0838
2.0127
2.0190
1.6109
1.9765
1.7130
1.7798
2.0310
1.6809
2.1981
1.6534
1.7174
1.7338
1.4904
2.1226
1.7429
2.1606
1.9976
2.3008
2.6169
2.2779
2.3288
2.4062
2.4594
2.2161
2.5981
2.7128
2.1339
2.5234
2.1678
2.2626
2.0804
2.0008
2.0717
2.3561
2.2496
2.1644
2.1137
2.0097
1.8835
2.0106
1.9396
2.3079
2.3970
1.9534
1.9377
2.2778
2.2906
1.6921
1.7022
1.7509
2.0612
1.6862
1.5443
1.7955
1.5367
1.8922
2.1737
2.2152
2.1745
2.0555
2.1720
1.8317
1.8552
2.0373
2.3315
2.3536
1.8041
1.9711
1.8334
2.2491
2.2816
2.0267
1.7733
1.7286
1.6022
1.8538
1.7364
1.7844
1.9019
1.8095
1.8275
1.8001
2.2667
2.1546
2.0872
2.1140
1.9963
2.0309
2.4644
2.3312
1.9846
2.0249
2.0623
1.7545
2.2429
2.1203
2.3127
2.1339
1.8639
1.8279
1.8890
2.3176
1.9173
2.2251
2.3527
1.6381
1.5672
1.7063
1.8620
2.0668
1.9353
1.8489
1.7987
2.2265
1.9711
2.0851
2.0765
1.9321
1.9073
1.9754
2.0932
1.7687
1.6902
2.2176
1.5569
1.7296
1.9212
2.0732
2.0257
2.3338
2.0873
2.3212
2.1262
2.0742
2.4730
2.1963
2.3929
1.7279
1.6823
1.8195
2.1398
2.0882
2.0267
2.1555
1.8420
1.7288
1.9340
1.9963
1.8162
1.8736
2.0227
1.7868
2.1269
2.2558
2.0391
2.1552
1.9219
1.6920
1.7547
1.7881
1.8949
1.7691
1.7910
1.8061
1.9892
1.8880
1.8027
1.8323
1.4436
1.5348
1.7274
1.4712
1.5312
1.6440
1.6494
1.3866
1.5305
1.8086
1.7266
1.7689
1.5700
1.6731
1.3971
1.7729
1.7488
1.7488
1.4028
1.3563
1.5643
1.5105
1.9065
1.6116
1.6742
1.7113
1.7783
1.6832
1.6779
1.7487
1.7642
1.7813
1.9941
2.0577
1.6378
1.8989
1.9741
1.9312
1.7676
1.3084
1.3219
1.5918
1.7878
1.7202
1.6222
2.0404
1.9762
1.6426
1.6193
1.5631
1.5919
1.7047
1.5568
1.8072
1.5173
1.6550
1.7424
1.6057
2.0592
1.7026
1.6934
1.6804
1.5654
1.7296
1.7143
1.6525
1.7597
1.8299
1.6089
1.8630
1.5686
1.7242
1.6785
1.5279
1.5825
1.8293
1.7955
1.8919
1.6095
2.0455
1.7153
1.6869
1.6123
2.1280
1.7454
2.1197
1.9383
1.6479
1.7100
1.6840
1.3526
1.7222
1.7062
1.4763
1.3275
1.4715
1.9216
2.1238
1.7057
1.8890
1.7630
1.6029
1.4823
2.0483
1.6406
1.9327
1.8155
1.7364
1.8672
1.9781
1.8555
2.1870
2.1501
2.1750
1.7854
1.7549
1.7782
1.6645
1.8455
1.9267
1.6249
1.8472
1.7739
1.9216
2.0075
1.8452
1.7670
1.8775
1.7697
1.8247
1.6495
1.7459
1.8985
1.5947
1.7242
1.6310
1.4321
1.4789
1.5479
1.7320
1.7830
1.7490
1.7007
1.6514
1.6830
1.4587
1.8270
1.7849
1.8652
1.7930
2.0468
1.8707
1.5668
1.8187
1.9168
1.7093
1.8154
1.9505
1.8595
1.8944
1.8012
2.0402
1.8826
2.1618
1.9250
1.9171
1.8564
1.7341
1.8092
2.0378
1.8613
1.8947
1.9285
1.8447
1.9304
1.6421
1.9115
1.8779
1.9627
1.8203
2.1114
2.1326
1.8363
1.9696
1.9317
1.8161
1.9369
1.8155
1.6221
1.8372
2.0619
2.0620
2.3309
2.2389
1.7471
1.8222
2.2321
1.9528
2.0133
1.8887
1.9278
2.0304
1.9389
1.9949
1.8634
1.7674
1.9089
1.7619
2.1070
2.2916
2.8095
2.8575
2.3677
2.0774
2.3273
2.2221
2.5051
2.6570
2.2473
1.9462
2.1900
2.2321
2.2919
2.3502
1.8681
1.8605
2.0962
1.8245
1.7701
2.2287
2.0666
1.8639
1.7567
1.6633
1.9187
1.6772
1.9250
1.9382
1.8130
1.3389
1.9853
1.8903
1.9811
1.9301
1.7290
1.8859
2.4175
1.9295
2.1218
2.1559
2.0811
1.9703
1.6068
1.6117
1.8994
1.9363
1.7660
1.7057
1.9337
1.8567
2.3678
2.2662
2.0356
1.7766
1.6133
1.7297
1.8517
1.8332
1.9147
2.1244
1.8052
1.6566
1.8356
1.5698
1.6305
1.9136
1.9606
1.6310
1.4942
1.6450
1.5733
1.7088
1.6704
1.7098
1.7816
2.1980
2.1844
2.1185
1.6578
2.2209
2.3247
2.4507
2.0293
2.1703
2.0739
2.1606
2.0083
1.6828
1.6910
1.8043
2.0549
2.0908
2.0544
1.7707
1.7985
1.8580
1.6851
1.6323
1.8487
1.4116
1.6995
1.6497
2.0136
1.5966
1.7865
1.4074
1.6721
1.9062
1.6330
1.8050
1.6884
1.5742
1.6142
1.6132
1.6215
1.7196
1.8469
1.9369
1.6728
2.1503
2.0466
2.2525
2.2320
2.0451
2.4740
2.1728
2.2521
2.2350
1.6428
1.8617
1.7671
2.0779
1.8128
1.8618
1.9945
2.1213
1.9135
2.3885
2.1466
2.3855
2.1753
2.1098
2.6629
2.1403
2.3791
2.3132
2.4440
2.6023
2.1533
2.0398
2.1898
2.1311
1.8700
2.3651
2.0059
1.8815
2.1569
1.9646
2.0836
2.1669
2.1548
1.9371
2.0842
1.9688
1.7964
2.1311
1.9087
2.0199
1.9152
1.8630
2.3567
1.9486
2.2401
2.4429
2.1433
1.9587
2.0264
2.3080
1.9480
2.3057
2.2973
2.2537
2.0078
2.1860
2.5327
2.7903
2.6620
2.0798
2.6745
2.2996
2.1885
2.1965
2.0149
2.1388
1.9952
2.1502
2.1132
1.9700
2.5253
2.1807
2.1436
2.0057
2.2448
2.0297
2.2303
2.0093
1.8370
1.7906
1.8664
2.1439
1.8835
2.1818
1.9668
2.2261
1.7840
2.5830
2.2205
2.4043
2.3018
2.3125
2.1580
2.0373
2.3528
2.4554
2.3051
2.3914
2.3507
2.2956
2.2368
1.9044
2.3585
2.3662
2.3376
2.3496
2.7352
2.2134
2.3936
2.3494
2.0167
2.3258
2.0367
2.5690
2.1610
2.2290
2.1904
2.3575
2.3524
2.0486
2.3799
2.2192
2.0842
2.7146
2.7445
2.1852
2.1978
2.4787
2.5329
2.6234
2.5333
2.3605
2.4437
2.3717
2.4967
2.1769
2.2431
2.2807
2.3574
2.4690
1.8767
1.9740
1.7786
1.8665
2.0109
2.0399
2.0779
2.0844
2.2560
2.0445
1.7508
2.1885
1.6758
1.9194
2.0225
2.2271
2.1291
2.5762
2.1552
2.2212
2.1701
2.6197
2.0527
2.4078
2.6147
2.3238
2.0788
1.9896
2.0012
1.7588
1.9937
1.9204
1.9526
1.6124
2.3369
2.3374
2.2330
2.0173
2.3789
2.1852
2.1649
2.3972
2.3278
2.4480
2.7707
2.7693
2.5336
2.5418
2.7231
2.8325
2.6964
2.6513
2.5133
2.4456
2.4563
2.4635
2.4514
2.1914
2.6687
2.6415
2.4957
2.5144
2.5770
2.6794
2.9029
2.5713
2.4248
2.4345
2.3204
2.6550
2.3413
2.4504
2.6173
2.5781
2.7607
2.6301
2.4943
2.5731
2.4082
2.2480
2.3786
2.1595
2.4506
2.1200
2.4152
2.4181
1.7738
2.1758
2.3376
2.3006
2.0491
2.1739
2.4112
1.8660
1.8609
1.9327
2.3433
2.2973
2.3046
2.3318
2.1232
2.2937
2.4287
1.9803
1.9047
2.3293
1.7073
2.0585
1.8545
1.7418
1.5185
2.0270
1.9544
1.6875
1.8288
1.6498
1.7080
1.4522
1.6929
1.8272
1.6702
1.9011
1.9895
1.8481
1.6183
1.8251
1.6451
1.7030
1.6252
1.5061
1.7582
1.8819
1.9796
2.2985
2.3069
2.6384
1.9435
2.2003
2.5918
2.0351
2.0938
2.2756
1.8867
1.9603
2.2073
1.8365
1.6085
1.4414
1.9037
1.9030
1.8587
1.7311
1.9951
1.8138
2.2490
2.0305
2.1382
2.4095
1.8915
2.2274
2.4470
2.1489
1.9915
1.8635
1.9315
1.9166
2.4779
1.8511
2.1909
2.1179
1.9304
1.8909
2.2144
2.0804
2.1379
2.1533
1.6252
1.5506
1.7001
2.0395
1.7299
1.7710
2.0376
1.9114
1.7144
1.9858
1.7022
2.0072
1.8775
1.5406
1.7553
1.6926
1.6358
1.6663
1.5672
1.7843
1.5359
1.5994
1.5701
1.6428
1.6851
1.6120
1.5955
1.7638
1.6868
2.0167
1.8060
1.9074
1.9932
1.6272
1.8627
2.1687
1.9225
2.1735
1.8731
1.7917
1.8577
2.0255
2.1735
1.8718
2.1062
1.9379
1.8799
2.0557
2.1317
1.8495
1.8507
1.5759
1.4216
1.6251
1.6905
1.7853
1.9088
1.8119
1.8234
1.9117
1.7405
1.6824
2.0524
1.9335
1.9145
2.1252
1.7688
1.8994
1.6905
2.0930
2.0198
1.9832
1.9274
2.0535
2.3142
2.0455
1.7277
1.8929
1.7699
2.0675
2.2729
2.0946
1.6597
2.2477
2.0380
2.2011
2.1535
2.0456
2.1157
1.9412
1.4044
2.0834
2.2877
1.9872
2.2635
2.2762
2.2815
2.2307
1.8489
2.0471
2.2132
1.8409
1.6941
1.4183
1.6158
1.6249
1.8684
2.1173
1.8742
1.8384
2.1487
1.8957
1.8860
1.8764
2.0748
2.0791
2.1694
2.2235
2.2396
1.7955
1.6324
1.5332
1.7142
1.5201
1.7155
1.8601
2.0642
1.7679
2.0465
2.0552
1.8373
2.0496
1.9966
1.9654
1.9286
1.9270
1.8896
1.9900
1.8652
1.7352
1.6239
1.4883
1.5870
1.5300
1.5292
1.5847
1.8091
1.8883
1.5569
1.5338
1.5204
1.5678
1.7373
1.8164
1.9634
2.0306
2.0397
1.7195
1.9245
1.7768
2.1604
2.0038
2.0146
2.0863
1.8684
2.1305
2.3246
1.9397
2.0097
2.0076
2.1959
2.0243
1.9401
2.1118
2.1252
2.1230
1.8885
1.7849
1.6893
1.9365
2.2109
2.3735
2.1994
2.3977
2.2769
2.2934
2.3517
2.1342
2.0807
2.2924
2.3515
2.3815
2.2040
2.0096
1.9312
2.3423
2.0489
1.7455
2.4377
2.2322
2.3020
2.0280
1.9140
2.0881
2.4307
2.0759
2.1453
2.0259
2.0309
2.2245
2.1557
1.5891
1.6054
2.0307
1.6420
1.6840
1.6701
1.7831
1.5344
1.7997
1.8595
1.6871
1.8056
1.8128
1.8745
1.6934
1.9481
1.8207
1.5507
1.8734
1.9638
1.8137
2.4426
2.3039
2.7226
2.2610
1.7361
1.6337
1.8133
1.9655
2.0714
2.0425
2.2901
2.1012
2.3711
2.0497
2.1870
2.7130
2.2478
1.7972
2.2855
2.4837
2.0323
2.0907
1.8616
1.8763
1.7879
1.8103
2.1602
2.0338
2.1157
1.8474
2.2585
1.9159
2.0351
1.6375
1.3892
1.7581
1.8036
2.0096
1.6738
1.6901
1.9221
2.0918
2.1779
1.6125
2.1364
2.3139
2.2203
1.9121
1.7496
1.8138
1.7496
1.6150
1.7049
1.7566
1.8860
1.7504
2.0352
2.1489
1.7783
1.3731
1.9105
2.0078
1.9655
2.0925
1.5276
1.8951
1.7885
1.9262
1.8180
2.5131
2.4555
2.1799
1.8517
2.2222
2.1589
2.1243
2.3380
2.0737
1.9102
1.9208
2.4291
2.2541
2.3066
2.1963
2.6283
2.1668
2.4519
2.3038
1.8950
2.1531
2.2605
2.3211
1.8934
1.9593
1.9063
2.0917
1.5817
1.8481
2.1345
2.1697
2.1589
2.0209
2.1273
1.6844
1.6252
1.7507
1.9422
2.4027
2.3171
1.9754
1.7795
2.0213
2.5104
2.3427
1.7558
1.8122
1.9329
1.9198
2.1951
1.7656
2.0998
2.0705
2.4934
2.4844
2.4574
2.2075
1.8877
2.1815
1.9668
2.0597
2.1154
2.0239
2.6895
2.4461
2.7167
2.4708
3.0894
2.3217
2.2887
2.8005
2.3658
2.2635
2.1907
2.0074
1.8596
1.9324
2.3316
2.6471
2.6532
2.3925
2.2791
2.5476
2.4183
2.7907
3.0595
2.6014
2.9562
2.6026
1.9581
2.2765
1.6681
1.6141
1.9440
2.1370
2.5115
2.3927
2.5985
2.0260
2.2808
2.1614
2.2309
1.8850
2.1011
2.0556
2.1719
2.2553
1.9360
2.0801
1.8264
2.2017
2.0438
2.1045
1.9126
2.0960
2.1979
1.8827
2.1639
2.0719
1.8092
2.2017
2.2118
1.6929
2.1121
2.0913
1.7972
1.9658
1.7724
1.5481
1.9980
2.2578
1.8088
2.1559
1.7088
2.0733
1.9730
1.8449
2.2949
2.0230
2.2276
1.8704
2.1379
2.2194
2.4122
2.2981
2.0029
1.7195
1.9244
1.7276
2.1232
2.0557
2.1137
2.2123
2.0313
1.8927
2.0002
2.2496
1.9864
2.2627
2.4010
2.1886
2.3490
2.3807
3.0298
2.7523
2.5384
2.1273
1.8889
2.0852
1.9770
1.8885
1.9161
2.0109
2.0259
2.3727
2.0924
2.3583
2.2067
2.0678
2.1073
1.7505
2.1773
2.1481
2.1730
1.5498
1.5297
1.3936
1.6003
1.8211
1.7856
1.6449
1.7603
1.7635
1.7738
1.6987
2.2159
1.9685
2.0885
1.8304
1.5357
1.5767
1.7792
1.4694
1.7520
1.9096
1.9968
1.7994
1.9748
2.0834
1.7882
1.9034
1.9528
1.8994
2.1304
2.1160
2.2264
2.4190
2.0550
2.7140
2.0209
2.0753
1.6455
1.7356
1.9701
1.9910
1.5680
2.0591
1.8025
1.7869
1.8775
1.8114
1.9987
1.9146
2.2695
1.9104
2.0896
1.9930
1.8668
1.9632
1.8635
2.1416
2.2019
2.4438
2.3499
2.3428
2.5174
1.9532
1.9480
2.4837
1.6967
1.8230
1.8541
1.7420
1.9958
2.2060
2.4207
2.1008
1.8135
1.9533
2.0476
2.0117
1.9074
1.8391
1.4823
2.1436
1.6363
1.8952
1.7969
1.6304
1.7856
1.6442
1.5695
1.5866
1.5325
1.6284
1.8306
1.7946
1.8705
1.4112
2.0584
1.5970
2.1262
1.9501
2.0819
2.4580
2.3127
2.2339
2.5299
2.4553
2.1185
2.0019
1.9409
1.9777
2.1877
2.0147
2.4674
2.3935
2.2628
2.3636
2.2072
1.9138
2.1744
2.6007
2.3103
2.1724
2.4278
2.1896
2.1314
2.4006
1.6823
1.8594
1.6440
1.4881
1.5639
1.5361
1.7366
2.0593
1.7454
1.5328
1.5348
1.9285
1.7238
1.7996
2.1467
2.0083
1.7896
1.8065
1.7285
1.7130
1.5994
1.8374
1.5598
1.7624
1.4397
1.9770
1.8005
1.7617
1.9236
2.0618
2.0243
1.9716
1.7675
1.8680
1.8574
2.3221
2.0927
1.9011
1.5027
1.6759
1.8891
1.6829
1.6738
1.8339
2.2734
1.6259
2.1354
1.9584
1.8872
2.0291
1.6276
1.9516
1.9785
1.8012
1.8032
1.8905
2.0423
2.2458
2.2711
2.1120
2.0997
2.3903
2.2555
2.2204
2.2051
2.1297
2.1631
2.2612
1.7981
1.9162
1.7554
2.0232
1.8637
1.8638
2.1118
1.8774
2.2510
2.4150
2.2722
1.8765
1.9495
1.7987
2.1489
2.0013
2.2485
2.1483
2.2606
1.8694
2.0503
2.4551
1.8579
1.8356
1.7205
1.5969
1.9369
1.8449
1.8601
1.7967
1.8603
1.8716
1.8421
1.8465
1.8675
2.1785
2.0219
1.8728
2.1047
2.0418
1.7599
1.7169
1.4829
1.5770
1.6659
1.9302
1.8832
1.6553
1.8071
1.6469
1.6351
1.8045
1.9275
1.7730
1.7329
1.5724
1.6929
1.7153
1.9167
1.7483
1.7684
1.6711
1.6411
1.9688
1.8349
2.1031
2.1175
2.0389
1.6352
1.7021
1.6500
1.7317
1.6788
2.0731
2.0720
2.4429
1.9984
2.2403
2.3635
1.9275
2.2778
2.4288
2.2125
2.5055
1.8481
1.9932
2.3987
1.9192
2.0921
1.9867
1.9637
1.7923
1.9541
1.7477
1.5880
1.9369
1.8381
2.0616
1.8932
1.8480
2.0270
2.2084
1.9155
2.1530
2.2335
2.2198
2.2902
2.0789
2.0840
2.4792
2.6255
1.9454
1.9384
2.2151
1.9084
1.9560
2.4290
2.3628
2.3480
2.1018
2.0545
2.1262
2.4779
2.1152
2.0037
2.4476
2.3598
2.1244
2.0692
2.1959
2.0321
1.9286
2.0332
2.1384
2.2764
2.3568
1.7892
2.1946
2.0959
1.9318
2.2088
2.0612
2.1260
2.1460
1.5737
1.2383
2.0168
1.8687
1.9827
1.7348
2.0615
1.6141
1.8447
2.2285
2.0877
2.4075
1.6089
2.0028
1.8369
1.9569
2.0273
2.2809
2.2157
2.3494
2.0057
2.0023
1.9485
1.9986
2.1741
1.8162
1.6966
2.0105
1.8786
1.9500
1.6752
1.6639
1.5201
2.1572
1.9863
1.8628
1.8369
1.9535
1.9634
1.8139
2.0554
2.1350
2.0416
2.0099
2.2901
1.9330
1.8676
1.5176
1.7108
1.6952
2.0654
2.0779
2.1969
1.7114
1.8951
2.3327
1.9239
2.1550
2.2485
2.2336
2.1045
2.1856
2.3816
1.9150
2.2308
2.1447
2.0178
1.9907
2.2749
2.2955
2.2340
1.8777
2.1998
1.9427
1.6719
1.6019
1.6565
1.9116
1.9328
2.1523
1.9658
1.6596
2.1809
1.9817
1.8541
1.8392
2.1186
1.8409
2.3125
1.9714
2.0247
1.6893
2.0604
1.6466
1.7552
1.9320
1.8784
2.1216
1.9929
2.2623
2.0343
2.0542
2.0902
2.1467
1.9628
2.2121
2.1653
2.0810
1.9597
1.9882
1.8391
1.7262
1.6740
1.6673
2.0361
1.6280
1.9712
1.6491
1.8472
2.2570
2.1807
1.9271
1.9058
1.9726
2.4491
2.4189
1.7644
1.8458
2.1387
1.9067
1.9607
2.0377
2.2286
2.3473
2.0444
2.3386
2.3070
2.6269
2.2319
2.5998
2.3914
2.1198
1.8749
1.9457
2.0185
1.8782
1.9098
1.7927
2.3613
2.0024
2.1270
1.9857
2.0822
1.9396
1.6052
2.1654
2.1612
2.3206
2.2442
2.1312
2.1947
2.4857
2.3439
2.7618
2.8417
2.4840
2.2076
2.6281
2.8944
2.4031
2.0038
2.1862
1.8716
1.9872
1.5852
1.8865
2.1060
1.9353
1.9873
2.2421
2.3121
2.0954
2.7059
2.0445
2.2313
1.8134
2.0389
2.3944
1.7508
2.3124
2.2900
2.1083
2.1600
2.1208
2.4941
2.0917
2.1807
2.0715
2.1223
2.2767
2.3203
2.3590
2.1717
2.0905
1.7038
1.9119
1.7803
1.7660
1.9433
2.3101
2.0140
1.7389
2.2898
2.1784
1.8180
2.0592
2.1217
2.2898
2.0531
2.4718
2.3609
2.7009
2.2647
1.7390
1.7658
1.9447
1.8122
1.8458
2.1515
2.2247
2.2213
2.5093
2.2185
2.2862
2.1804
2.4961
2.4597
2.0895
1.8470
2.0052
2.4589
2.5490
1.9819
2.2561
1.7196
2.3033
2.1320
2.1501
2.0068
1.9782
2.4138
2.1373
2.2644
2.0363
2.3576
2.8289
2.5414
2.4615
2.0072
2.4883
2.0242
2.1369
1.7075
1.7595
1.8900
2.0230
1.9765
1.8020
2.2330
2.1738
1.8796
2.0356
2.3030
1.8555
1.9739
1.8520
2.3232
2.0351
1.7286
2.2455
2.1254
2.4139
2.0379
2.2146
1.9008
2.3488
1.9446
2.2316
2.8656
2.6982
2.2477
2.4420
2.4598
2.5283
2.8992
2.6819
2.4822
2.7951
2.7833
2.3163
2.5745
2.3402
2.3912
2.5068
2.0454
1.7912
1.9644
2.1027
2.1360
2.0189
2.3711
2.2379
1.8263
1.8734
1.9961
2.1674
2.0026
1.6543
2.0394
1.9655
2.1264
2.1203
2.2515
2.1002
2.0518
1.9891
2.0069
1.6737
1.7540
1.9826
2.2263
2.2831
2.3979
1.9962
2.2516
2.1415
2.1283
2.2919
2.2587
2.2393
1.9743
2.0166
2.1458
2.2097
2.1565
2.1498
2.3586
2.4616
2.7023
2.4978
2.3099
2.0162
1.8896
1.9400
1.9046
1.7017
1.8581
1.6949
1.9717
2.0350
1.9458
1.5979
2.1124
1.9536
2.0761
1.9181
2.1626
2.1774
2.0951
2.1469
2.0004
1.7666
2.0459
2.1903
1.9862
1.8540
1.9540
2.2981
2.0400
1.9790
1.9565
2.1596
2.2165
1.9007
2.0470
1.9329
1.9635
2.1130
1.8797
1.9863
2.2713
1.7668
2.1022
1.9150
1.8492
2.0715
1.9175
1.8622
2.3005
2.1542
2.1903
2.0171
1.8108
1.8621
2.2457
2.3851
2.0009
2.1746
2.1019
1.6654
1.9031
1.9924
1.7261
1.8798
1.9100
1.5663
2.1278
2.1260
1.9972
1.8915
2.1335
1.6461
1.9592
2.1215
1.8569
1.8152
2.1129
2.5152
2.5130
2.1309
1.9232
2.2460
2.0334
1.9151
1.8000
2.0355
1.7083
1.5030
1.8335
1.7457
1.4712
1.9228
1.5984
1.7558
1.7800
1.6754
2.2412
1.9731
2.2701
2.4723
2.4768
1.9250
1.8604
2.0567
2.0994
2.3218
2.0082
1.8632
1.9043
1.7048
1.8347
1.8717
1.7540
1.8994
2.0391
2.0513
2.0005
1.9208
2.0322
1.8881
2.5126
2.0971
2.3561
2.4934
2.3167
2.3754
1.8178
2.0543
2.2686
2.4249
2.2645
1.8293
1.8299
2.0415
2.0255
2.2829
1.9965
2.0491
2.0091
2.1672
2.2175
2.3378
2.4667
2.4947
2.9497
2.7904
2.3424
2.3257
1.7943
2.5076
2.4048
1.9108
2.0654
1.5874
1.9883
2.0968
2.0954
2.2765
2.0174
2.1068
2.2859
1.8299
1.6925
2.0339
1.7607
1.9993
1.8162
1.6566
1.9423
1.8402
1.8440
1.8290
1.8485
1.6192
1.6434
1.7628
2.4000
2.2383
2.4273
1.9218
2.3776
2.1910
2.4079
1.6345
1.5452
1.9463
1.9641
1.7885
2.1418
1.5731
1.3591
2.1216
2.0636
1.4714
1.8478
1.8931
1.3982
1.5873
1.2631
1.1632
1.6059
1.9684
1.1959
1.1047
1.0602
1.4445
1.4151
2.1050
1.9139
1.7791
1.9101
1.8125
1.8532
2.1972
2.3199
2.3729
2.0474
2.0751
1.6382
1.8533
1.9000
1.8838
2.2948
2.5173
2.2155
2.2743
2.0658
2.0831
2.3649
2.3923
2.3243
2.4084
2.3654
2.5139
2.2284
2.1135
2.3533
2.2756
2.5012
2.4525
2.0558
2.6116
2.0690
2.1707
2.2745
2.0741
1.4725
1.8757
2.0503
1.9389
1.6397
1.8744
1.8280
2.3051
1.9641
2.0631
2.3036
2.3110
2.1541
2.0956
1.7037
1.9676
2.3895
1.9040
2.1982
2.2819
2.2065
1.8200
2.2244
2.0154
2.0722
2.4974
2.2552
2.2738
2.0318
1.9930
1.8171
2.0653
2.3813
2.6145
2.4287
2.0933
2.1533
2.2206
1.8944
2.1831
2.4131
2.0538
1.9887
1.9779
2.4651
1.8933
1.8040
1.8562
2.1367
2.3223
2.1277
2.4136
1.9884
1.9373
2.4458
2.2210
1.7712
1.9287
1.7339
1.9405
2.2917
2.2356
2.1921
2.4318
2.4523
2.2542
2.3402
1.7911
1.7226
2.3897
2.3791
2.5670
2.4930
2.5820
2.5665
2.3771
2.0799
2.0644
1.7835
1.8458
2.0039
1.6551
2.1078
2.0949
2.3049
2.0840
2.1517
2.1742
2.7053
2.4685
2.7364
2.3403
2.7084
2.5860
2.5777
2.2655
2.3306
2.6516
2.2904
2.0387
2.0996
1.8099
2.5333
2.0978
2.0827
1.9885
2.3564
2.4231
2.1103
2.5249
2.4159
2.8148
2.4086
2.1556
2.2244
2.1654
2.4503
2.4195
2.3313
2.4784
2.1053
1.9767
2.0618
2.0474
2.2971
2.1890
1.7945
1.9334
2.4214
2.4019
2.3471
2.2478
2.3269
2.3627
2.5390
2.3266
2.3843
2.6615
2.7436
2.6971
2.4518
2.6081
2.5247
2.5550
2.2440
2.5957
2.5983
2.8400
2.6110
2.9840
3.1088
2.4003
2.6692
2.5745
2.5971
2.2436
2.4197
2.3590
2.3725
2.8616
2.3283
2.4844
2.6561
2.5164
2.5143
2.8321
2.1397
2.1735
2.2451
2.5167
2.9235
2.4578
2.2901
2.2199
2.2882
2.4844
2.2817
2.3447
2.5540
2.7668
3.1992
3.2000
2.6894
2.7625
3.0292
2.6033
2.8122
2.6383
2.7285
2.2571
2.6115
2.7853
2.9939
2.7747
3.0941
2.8981
2.7937
2.4360
2.2371
2.1791
2.0335
2.4307
2.7806
2.7204
2.5534
2.8944
2.8751
2.6390
3.2296
2.9873
2.9173
2.8453
2.8300
2.7801
2.8239
2.7992
2.8358
2.8302
2.5282
2.6507
2.5339
2.4075
2.5025
2.5329
2.5501
2.4287
2.6281
2.3632
2.9750
2.9170
2.7594
3.0961
2.8121
2.9572
3.1376
3.4348
3.4846
2.8068
2.6938
2.6236
2.6969
2.7695
2.7816
2.6608
2.6923
2.4620
2.7942
2.9027
2.9599
2.7488
2.3433
1.9997
2.4078
2.3305
2.5211
2.2623
2.5621
2.2512
2.4432
2.2176
2.0417
2.4058
2.1852
2.3300
2.3247
2.3787
2.1244
2.3628
2.7775
2.4384
2.4776
2.1465
2.6741
2.7826
2.3202
2.5859
2.7268
2.6120
2.2646
2.3364
2.1926
2.2804
2.1898
1.8496
1.8708
1.6788
1.6529
2.2297
1.9690
2.0084
2.1410
2.3587
1.7072
2.3671
1.8502
2.1292
2.4919
2.5022
2.6615
2.4716
2.4824
1.9693
2.6105
2.1674
2.0879
1.9653
2.1532
1.8749
2.0883
1.4117
2.0798
1.7977
1.9039
2.1570
1.7224
2.2466
1.9819
2.0741
1.9058
2.0031
2.2301
2.0080
1.6816
1.9607
1.8256
2.0594
1.9128
2.1463
1.8716
1.7670
1.7902
1.7090
1.9424
1.7088
1.9803
1.3621
1.9647
2.2212
2.2926
2.2236
2.2419
1.8606
2.4792
2.0881
2.1292
1.4776
2.0956
2.0293
1.8305
2.0070
2.2163
2.1695
2.6359
2.1935
2.4651
2.4009
2.5664
2.2675
1.5980
1.3880
1.8628
1.8374
2.2006
2.1517
2.3001
2.2413
1.9579
2.1016
2.0653
2.3693
2.3365
2.1310
2.1498
1.9863
1.4568
1.9762
2.2336
1.9884
2.5799
1.8351
1.5557
1.6905
1.7388
2.0198
1.7372
1.8637
1.8866
1.8670
1.5826
2.0349
2.0316
2.2971
2.1141
2.1742
1.7392
1.7017
2.2775
2.2731
2.1620
2.1464
1.8130
2.0669
1.8637
2.0363
2.0782
2.2602
2.2651
2.1271
2.2344
1.5870
2.3425
2.0167
1.9172
2.1537
2.2454
2.1413
2.2905
1.9685
2.0176
1.8787
2.0218
2.2967
1.9222
1.8491
1.7597
1.7162
1.6522
1.9417
1.8290
1.7939
1.7528
2.2293
2.0416
2.0890
1.4643
1.7404
1.9003
1.9796
2.0200
1.7268
2.1606
2.3128
2.2624
1.4638
1.1612
1.6068
1.7489
1.8447
1.7712
1.7622
1.7553
2.1334
1.9120
2.2466
1.8002
1.6716
1.5720
1.3734
1.5886
1.7048
2.0036
1.9532
2.4227
2.3219
2.1435
2.0103
1.7766
2.4946
2.0081
1.7344
1.7454
2.1509
1.5272
2.0299
1.9210
1.8095
2.0972
1.9335
1.7938
1.7167
2.3135
1.7589
1.9318
2.0664
2.1966
1.8736
2.1385
1.9032
1.9678
1.6415
1.6534
1.8234
1.7857
1.5243
1.3963
1.5455
1.7395
1.6369
1.5734
1.7494
1.7260
1.7355
2.0369
2.0079
1.8480
1.8296
1.8393
1.6156
1.7065
2.0222
1.3064
1.5522
1.4368
1.6422
1.0753
1.3907
1.9611
1.7277
1.9373
1.7870
1.5326
1.2310
1.6884
1.7933
1.7821
1.1808
1.5431
1.3791
1.7513
1.7260
1.8493
1.3005
1.7560
1.5971
1.3734
1.6151
1.6048
1.5980
1.6936
1.7913
1.2355
1.7210
1.8477
1.6609
1.3041
1.6979
1.3769
1.3956
1.7038
1.3881
1.3264
1.1937
1.3064
1.4752
1.8088
1.7251
2.0047
1.9969
2.0777
1.5853
1.4248
1.3353
1.6133
2.2486
1.9266
1.7975
2.0247
1.4812
1.7979
1.8797
1.4741
2.0367
1.9131
1.4657
1.3643
1.4111
1.4998
1.5467
1.2203
1.6165
1.6714
1.8062
1.6560
1.6549
1.9937
1.9467
1.4960
1.7573
1.5626
1.3219
1.6805
1.4627
1.9773
1.9373
1.8513
1.5411
1.9452
2.0916
1.7248
1.3934
1.6942
1.8444
2.3278
1.9886
2.0045
1.6870
1.7905
1.8936
1.8769
1.5883
1.7375
1.5511
1.6419
2.1113
1.7467
1.8345
1.4132
1.5793
1.6307
1.8798
1.3576
1.5406
1.5721
1.5771
1.5064
1.5325
1.6238
1.5971
1.6449
1.7551
1.6236
1.6808
1.7535
2.1663
2.0283
1.7688
1.7747
1.8279
1.5296
1.7130
1.7500
1.5856
1.7994
1.2369
1.6590
1.6074
1.7551
1.5921
1.6579
2.0719
1.8761
1.7881
1.5581
1.6565
1.5345
1.6797
1.6024
1.6172
1.7066
1.7700
1.8832
1.6647
1.4395
1.3711
1.7246
1.8818
1.8502
1.6195
1.8926
1.8457
1.7244
1.8160
1.8242
1.9424
2.0100
1.8800
1.8827
1.7789
1.7652
1.6868
1.6284
1.7058
1.3907
1.4980
1.9722
2.2429
1.8834
2.0704
1.8251
1.7968
1.7731
1.8145
1.6672
1.7792
1.6185
1.8163
1.6490
1.4220
1.6413
1.7241
1.6570
1.7501
1.9149
1.9791
1.7107
1.6596
1.4001
1.7087
1.7744
1.6610
1.4853
1.4726
1.8587
1.5833
1.8406
1.5064
1.8048
1.8376
1.6385
1.6291
2.0084
2.2315
1.7006
1.7668
1.7354
1.9365
1.7928
2.1124
2.2614
1.8810
1.7324
1.9608
1.5620
1.7993
1.7746
1.7718
1.6678
1.9232
2.1081
1.8356
1.6507
1.6039
