50.8952
51.3252
50.3532
51.0307
50.1077
49.8212
49.9626
50.0039
52.0244
52.6157
52.1058
50.2864
50.8448
50.6730
50.8894
49.9944
48.7800
51.2783
50.5595
50.2029
49.4609
50.1204
50.9502
50.1670
48.8638
48.6803
50.9298
49.9120
52.1397
51.3263
50.5568
52.4065
51.2124
52.1733
51.2821
50.2245
51.2802
51.8921
51.6808
52.2492
52.2101
51.4737
49.0808
50.8446
50.3129
49.8205
49.1857
50.7049
51.4035
51.1934
51.7679
51.6867
50.6319
49.9556
52.2731
53.2370
53.2849
53.1631
53.7994
52.4886
53.9558
53.7691
53.5089
54.7382
53.0463
55.3994
53.1286
54.9860
53.9523
53.8424
54.3147
55.5272
54.7492
53.0112
53.9391
54.4420
54.8113
55.0204
52.9894
52.1569
53.0730
52.0075
52.1471
51.5491
51.1482
51.4277
52.1267
51.4699
51.7595
51.6071
50.5972
50.4519
52.4512
51.1304
51.0334
52.1862
51.0437
49.9111
50.8217
49.8754
50.5365
50.9120
51.3202
53.1898
52.4739
53.9244
52.3990
53.4049
52.8725
51.7575
53.1779
52.1939
51.7146
53.4022
53.1830
53.6291
53.8038
51.9070
51.5994
53.0194
50.0315
50.0523
50.5892
49.9770
51.5185
50.8232
50.5545
49.7553
50.4815
50.6927
50.9673
50.5400
49.2693
50.1325
50.6436
48.8388
47.3894
49.0469
49.4019
48.7914
49.4009
49.8309
49.9227
49.1175
50.0813
50.1202
50.0280
49.9382
49.7342
49.5507
50.1316
48.8929
50.1793
51.7120
50.8783
48.8014
48.6372
48.6662
48.9619
49.1975
49.4955
49.8312
50.1666
49.4592
50.2627
49.2283
50.2521
49.5177
49.0955
49.2039
49.9608
49.3732
50.0595
49.2346
48.2077
49.3423
48.9822
48.6012
48.3412
47.6371
47.9049
48.8706
49.6526
47.1918
46.5098
47.5097
47.7024
47.6693
47.6433
47.8549
46.6147
45.8702
46.5164
47.7690
46.3084
48.8255
48.7305
49.9010
50.4967
49.4437
49.2073
50.4309
49.2403
49.3231
48.7438
49.4890
48.8567
47.9347
48.3592
49.2235
46.9527
45.9937
46.0420
46.2154
46.1920
46.8687
45.7782
47.9485
45.6619
45.9275
45.0846
44.9653
45.3067
44.6710
45.1750
44.2239
44.5051
45.5500
45.1485
44.8721
44.2294
43.4554
43.5714
43.8011
44.7275
45.4745
44.3843
43.6850
45.4722
45.0459
45.4045
44.8003
45.2342
45.2095
44.7902
44.0962
43.5107
44.7207
43.8391
43.0069
43.5148
45.9811
46.0568
48.2523
47.2243
48.4293
46.0603
46.1694
45.2720
46.7676
45.2712
45.0385
46.3918
47.2428
47.1696
45.5680
46.4094
45.7693
46.5712
45.9246
47.8933
45.7106
47.0409
48.3130
47.3088
47.5674
47.6307
47.1603
46.1789
46.5246
46.1474
46.2653
46.2622
45.5626
46.6067
45.8201
46.5071
47.3758
47.3343
46.8401
46.0778
46.7367
45.9967
45.5906
46.0595
45.7832
48.7470
49.1065
50.0521
49.4426
49.9528
48.6981
50.0986
49.0910
48.3078
47.6672
47.6271
47.3923
47.0736
46.3891
48.7974
49.8711
49.2059
48.9513
48.6794
47.2822
48.6632
48.8970
48.2201
48.0554
49.0674
49.6327
48.9156
48.6592
47.4858
48.2463
50.6260
50.4067
50.8171
50.7995
50.5689
50.7097
50.2976
51.9462
52.7490
51.5370
52.5437
53.7048
53.0748
53.6199
52.2837
53.9959
54.3570
52.9043
53.4799
55.3292
55.4857
55.7093
55.7425
55.6896
55.7438
55.5894
55.5208
54.3685
54.5325
56.1127
57.0987
57.3925
56.4340
54.8000
55.9719
56.3483
56.8032
56.0395
55.3512
55.9091
55.5808
57.6314
58.1893
57.1024
56.7167
57.4416
58.5709
56.4484
56.5553
57.3695
57.8448
56.0170
55.7255
55.1009
56.4178
55.1090
54.1810
55.2601
54.0314
53.9848
54.3683
52.6759
51.4362
51.6302
53.6105
51.6373
52.2639
52.9249
54.0674
53.1136
53.8379
52.0367
52.7154
53.0422
52.8961
52.2771
52.5432
52.3183
53.0037
52.2871
52.1954
52.4013
50.9516
51.0882
51.8255
51.8666
50.3622
52.1210
52.9057
53.2789
54.1792
54.3737
53.8767
53.7060
54.9116
56.1074
54.9219
53.8477
53.5748
53.5611
54.9874
53.5111
53.7066
52.4995
53.2602
54.6039
54.1784
54.9862
54.6173
54.4610
53.8304
54.8798
55.8474
54.5162
56.0114
53.8789
53.4974
53.7647
51.3729
52.8860
54.0684
53.1903
54.7786
54.6797
56.2128
56.1698
57.1474
57.1074
55.7924
57.0843
56.0507
55.7180
56.3918
56.1436
55.9366
58.1366
58.3061
58.1203
58.7657
56.8072
57.8517
57.3828
57.1623
58.0028
57.7442
57.2861
57.6364
57.5313
56.6364
58.1417
57.9833
57.0556
56.0828
57.1226
58.1234
58.0774
59.4904
58.5778
57.0904
57.2629
59.1873
58.8507
58.1655
58.9296
58.9047
59.5593
59.2883
59.5842
60.1088
59.1747
59.6254
58.4030
58.7084
57.7000
57.3297
56.9540
58.0219
58.2085
58.6016
59.5054
57.7563
57.4629
59.1303
59.4026
59.7084
59.9149
59.2686
59.0620
57.5122
58.5078
59.1428
58.6326
58.6279
58.4165
56.2165
57.1635
56.5048
57.7988
58.1610
59.6036
59.4487
59.8057
60.0992
61.9121
62.3893
62.0067
61.1631
62.6651
62.3048
63.1615
62.1877
62.4731
61.1284
61.2982
60.5719
61.7063
59.5960
60.7421
61.4206
60.7546
59.1408
57.8019
58.7052
58.4318
58.5701
59.4025
57.9691
58.2383
58.4132
58.1639
57.2167
57.4957
57.0876
58.2113
58.0605
57.5855
57.8137
56.4616
55.6610
56.2251
56.5077
55.1217
54.3593
56.1200
55.1888
55.9217
55.3360
56.7638
56.8898
55.1850
55.1251
55.0749
55.0323
54.7377
55.5239
54.6498
54.8978
54.1079
55.2859
53.4966
52.8175
53.2145
53.3472
52.5801
53.2683
51.3535
53.2586
51.5526
50.6072
50.7916
49.9178
51.4037
50.9519
50.5709
49.7099
49.6336
48.3893
49.3691
49.0273
48.7913
48.7222
49.2595
50.9132
48.3278
48.6393
50.9581
50.4163
51.6927
49.8482
51.3864
50.0242
49.7560
50.1672
50.3827
49.7384
49.8738
49.7657
50.0755
51.1044
52.5769
51.7883
50.1203
50.8157
50.3214
50.9966
50.1905
53.2803
51.4503
53.1700
50.8385
51.4460
51.7608
51.7999
51.3238
52.0883
51.5974
51.9187
51.3104
52.0366
52.1242
48.5736
50.9763
51.0898
50.9574
52.0238
52.3426
51.5565
50.3678
51.3938
51.0591
49.6336
50.2432
49.0835
48.7898
49.4649
50.4176
49.2981
50.8410
50.2044
48.0240
47.8621
47.4425
48.9017
48.9199
49.1808
48.8097
47.8511
47.5423
47.9903
49.7373
48.0948
49.1252
49.6461
50.0953
50.7084
50.7010
51.2194
50.4897
49.3004
51.1427
50.2309
49.8754
49.8370
50.2368
50.5022
51.1716
51.5220
50.7621
50.9235
51.5057
49.8989
50.7102
49.8663
51.0030
50.5762
50.6551
49.6952
50.1205
50.0028
49.8898
51.0367
51.1844
50.2167
50.7295
50.1984
50.2240
49.9039
49.3956
50.1205
49.8387
50.4804
49.8510
48.8248
46.3241
48.4767
49.2891
50.8497
49.7302
49.8522
50.2194
50.3003
49.5638
49.9765
50.1245
48.7693
48.9334
49.0074
48.5876
49.9143
49.9782
48.4050
49.7544
47.9973
48.0854
47.0758
46.4507
47.8424
47.7499
47.7351
47.7525
48.6924
48.9065
49.0808
48.0488
47.2152
46.5831
46.9381
47.6606
48.3463
47.7643
48.1607
48.4658
47.4671
46.9915
48.1375
46.8139
47.1363
49.2788
50.0184
49.8327
51.1655
51.5043
51.3267
51.2404
49.9236
49.1920
49.1083
48.2161
48.7542
48.0893
48.7297
49.3730
48.8510
49.2621
49.5182
49.5988
49.9804
49.1771
48.8073
48.5751
48.8850
48.6639
49.5217
49.3646
49.7421
50.3553
50.1355
49.6119
50.2185
50.9897
49.2879
50.1423
49.2014
49.1017
50.5550
49.8722
49.7080
50.0596
50.6293
48.8156
48.4010
48.2284
50.7636
50.2041
50.1661
50.2803
49.5523
49.1219
49.0997
47.7198
48.8543
48.5188
49.8574
48.7107
49.6802
50.1559
51.3602
49.8675
49.5240
49.5584
48.2975
48.3477
48.3570
48.3382
48.6154
49.4277
48.1737
48.6840
48.3722
49.4416
48.4150
49.1543
48.6180
47.8522
48.4646
49.1512
49.0109
47.9497
47.6957
49.9932
49.3582
48.7540
46.7784
47.6053
47.2723
47.9646
47.7653
47.5818
47.6547
47.4823
48.3650
48.5629
50.1285
49.3229
48.1683
47.4350
46.3686
47.5769
46.5047
45.0411
44.7128
43.2274
43.8827
45.0470
44.8618
44.9025
44.8362
44.6709
44.1218
44.6580
44.1194
45.1215
45.3292
43.6543
43.8897
43.8574
43.5411
42.6382
41.5885
42.9555
43.2698
43.0552
42.4885
43.3931
44.7556
45.7913
46.0969
45.4240
46.0497
44.9330
44.8405
45.2925
44.7070
43.2723
43.1595
44.2731
44.9394
45.0707
44.4309
45.7944
44.7650
45.9043
44.9347
44.1222
45.8943
44.5610
44.9437
46.0533
46.4983
45.7374
45.7631
45.8477
45.1716
44.8336
44.6887
44.3786
43.7005
44.4684
44.1144
44.3984
44.5945
44.0271
43.4921
43.4542
43.0539
42.3990
44.7537
44.0172
44.0640
43.0559
43.5896
43.5837
44.1817
43.1276
43.7149
44.0717
43.3098
42.1803
43.3392
42.6427
42.2356
42.2683
43.6549
41.7069
42.0171
42.0233
42.9037
42.2135
42.6934
42.9960
42.8334
42.0663
42.0072
41.0076
44.0577
43.5454
42.7891
43.6200
42.4339
42.3175
42.1329
42.7118
42.1973
43.5421
43.5361
43.6964
42.7138
41.5397
42.5173
43.2499
42.9032
43.0990
42.7962
42.6275
43.8835
44.6787
43.7384
45.7159
45.4993
44.9269
44.7476
42.1671
41.2074
41.9479
42.0776
41.6191
41.5532
41.8231
42.7961
42.7096
43.3304
44.9110
44.0456
44.2249
42.7459
44.0391
45.5214
45.2854
45.2372
46.8425
47.2245
46.4846
48.2163
47.1232
46.9159
47.3204
46.7250
45.9427
45.7204
45.2350
45.0382
45.2717
43.8969
45.4995
44.0030
43.6324
43.1263
43.0445
44.8808
43.5355
43.7049
44.5561
43.7764
44.6594
45.3499
43.4338
44.1902
45.2034
43.8806
44.5314
41.7990
43.6063
44.8277
45.7001
45.4098
44.1402
43.1620
43.2179
43.8341
45.0887
45.4795
44.7391
45.1973
45.7774
44.3487
44.0731
44.5786
44.8088
44.1840
44.8428
45.4244
44.2729
45.1116
44.9698
45.5521
44.9531
45.3797
45.5510
45.3573
45.1640
44.3729
45.8712
45.2798
44.7034
45.6419
46.9934
45.5029
45.2663
46.0725
44.7775
44.2617
44.7478
44.1772
45.1679
44.4613
45.0337
45.8856
45.4815
43.7683
43.8564
43.6061
43.2657
42.2329
43.8917
44.3182
45.7047
44.8632
45.7349
44.6226
45.9389
45.6453
44.3727
45.2360
44.9968
44.5687
46.5366
47.0268
47.6792
47.0027
46.0936
43.9732
45.5763
47.0190
46.8970
45.5354
46.0562
47.0120
47.6832
46.6271
46.9195
46.9754
46.9692
47.0848
47.1070
47.6171
46.6708
46.9584
47.2962
47.5243
46.7492
47.6183
47.9991
46.7645
48.2050
48.9494
49.3227
48.9801
50.0207
49.6327
48.8494
46.7924
46.5610
47.0378
45.6716
48.2871
48.4736
47.9121
49.0404
48.5012
48.1930
48.9066
49.6157
49.7239
49.0913
48.8267
47.8728
48.1283
50.2070
50.1039
49.9720
49.4638
48.6088
48.8354
48.7091
49.3967
49.0631
49.1237
50.1650
48.9389
50.8570
49.2803
49.5854
49.4531
49.4955
47.6134
48.9196
47.5417
48.1765
49.2530
50.4217
48.7129
47.9537
49.5419
48.6923
46.8225
47.5775
46.0268
46.2595
45.4986
48.5709
48.2296
47.0007
47.1335
48.0661
46.6315
47.3463
48.1388
48.1542
46.4906
44.7640
46.7188
47.0333
46.8287
45.5573
45.6202
46.1454
46.8459
45.6837
46.8990
46.8206
47.8189
46.9620
47.1686
46.8866
46.6057
47.5868
47.1358
47.5366
47.4128
47.1734
47.1607
47.2318
46.9127
48.5327
47.0445
47.6880
46.4541
46.8995
48.0118
48.0469
46.4640
46.4538
46.8232
47.2935
46.3350
48.1517
47.7602
46.5661
47.0152
46.4273
48.0900
48.1877
46.8964
48.3606
48.1073
48.8495
48.8232
47.7193
48.0078
46.1783
46.4991
46.5555
48.0314
49.2101
47.3768
48.8200
48.5178
47.2255
47.4723
48.7396
47.2982
45.9790
47.3592
47.2596
47.2318
46.1821
45.5631
44.7580
45.7111
45.2583
44.4865
45.8592
44.8903
46.1552
44.0985
43.1915
43.9427
43.1182
45.5955
45.0991
44.7827
44.8153
44.3970
43.6505
45.7782
44.3339
44.5989
43.9041
42.6178
43.2470
44.3361
43.2957
43.2590
42.3097
43.2670
44.3298
42.8705
42.9842
41.7979
42.4759
41.3507
40.9843
40.0045
40.8705
41.0875
39.8732
42.5258
42.5717
41.8978
41.7510
42.2034
41.3057
43.4557
41.8523
42.7162
42.2688
42.4627
40.7903
41.4701
40.0871
39.9524
40.2250
39.2779
39.0974
40.5685
40.4092
40.3792
41.9669
43.2719
42.8973
43.2904
42.2867
41.0503
40.4429
42.9202
43.4170
42.7361
42.4742
41.5763
42.0478
42.1071
41.7398
42.3408
43.1546
43.5925
42.1928
43.0322
43.1368
43.2938
44.3870
44.3496
44.1407
44.6420
44.4605
43.4361
41.5183
41.8836
43.7235
42.4344
42.0524
43.4961
42.9022
42.3597
43.3621
42.6153
42.2900
43.5586
42.8096
44.1008
44.4464
44.7734
45.2006
44.7936
45.3239
44.2230
45.4122
46.2754
44.5336
45.8217
45.6424
46.3318
46.3523
46.8862
47.6013
46.4434
47.7965
47.3911
47.5051
48.6061
47.9938
47.5474
46.7887
46.5819
45.5792
44.8557
45.8943
44.8849
45.2846
44.4047
45.0296
46.0632
44.5231
45.0500
45.8154
44.9385
44.2910
43.5883
45.1064
45.7343
45.2536
43.7560
44.2847
43.9606
43.5968
44.0013
44.6517
45.6986
44.3815
45.6406
44.7525
44.9771
43.6824
43.2638
45.1186
43.8014
43.2677
45.2611
45.4278
44.9255
44.8327
46.2404
46.0990
47.4024
47.8708
45.9971
45.4121
47.0071
46.1409
47.2895
46.4412
47.3828
48.0720
47.4909
47.1395
48.6001
46.9464
47.5291
46.6150
46.2774
47.1480
47.2258
45.5282
47.3377
47.2544
46.6321
48.0010
47.2001
46.7272
47.1480
46.3516
46.6434
47.1828
46.8621
46.7334
47.1010
46.1370
47.1612
46.9234
46.3479
45.0684
46.0288
45.6562
47.2345
47.7233
47.3614
47.8670
47.1674
47.5586
46.2042
47.0239
48.5016
46.1748
44.9756
46.5632
45.7944
47.2976
45.8218
46.1812
45.7818
45.4430
45.2004
44.7753
45.1587
45.2340
45.4917
45.5230
45.4017
43.9926
43.2557
43.3505
43.1075
42.8985
44.5725
44.6871
42.8710
43.7217
43.0307
43.9444
44.2414
45.7298
45.9433
45.7183
46.4069
46.7805
45.9624
44.8399
45.8789
45.7665
46.3838
44.8947
44.6921
45.8801
45.9712
45.4363
45.7478
45.1899
45.9575
46.7254
46.2906
44.2555
44.5878
45.2135
45.1104
45.7454
45.0035
45.8866
44.1491
44.6683
43.0191
44.4078
43.7599
44.6540
43.3743
42.6905
43.1792
44.0899
45.2268
45.5760
45.7468
45.8192
44.2638
45.8688
46.4029
47.5620
49.0261
47.4692
47.6569
46.9575
47.2650
47.5753
45.4539
46.7779
45.4258
46.6442
44.6148
45.9021
45.2007
46.3225
46.8545
47.0316
46.6711
46.2298
46.2362
44.8343
46.8343
46.5719
46.9570
47.9192
47.6988
45.9830
47.0718
47.5065
49.4421
48.2170
49.7392
50.1000
49.5835
49.8555
49.7648
49.1993
49.1920
47.8177
48.5461
47.7544
47.2976
45.5934
46.6736
46.9799
47.1203
46.6752
46.9737
46.9769
46.9090
48.0526
46.5624
46.8794
46.7602
45.9952
45.2928
47.5367
46.2269
46.6662
45.8971
46.0220
45.9225
45.3469
44.5903
45.2147
44.9693
45.4178
46.3824
45.3873
44.9536
44.9160
44.6385
45.2356
46.5591
44.7128
44.9170
42.5157
44.9618
44.4932
44.9299
44.4775
44.4080
44.7612
44.3156
43.9687
43.6319
41.7980
44.0538
43.5454
44.8595
44.8676
44.0742
44.5586
43.8078
44.5066
44.8825
45.0853
46.5644
45.5228
45.8359
45.1111
46.5627
47.1624
46.8743
48.7268
49.8884
49.6468
49.4552
48.4405
47.9718
48.3815
47.0711
47.8671
47.9009
46.8107
47.8816
47.8771
46.6753
45.6713
45.4754
46.5482
44.7633
46.3845
46.0331
45.7976
45.9986
45.1840
44.9581
44.6459
46.6851
44.8339
42.9302
42.8924
43.1913
43.5970
43.5486
44.3679
46.0647
46.3539
45.4866
44.7806
46.1317
45.7640
45.9516
44.8296
45.5344
45.1428
47.0176
46.5083
47.1066
45.8356
44.9655
44.2921
46.0530
44.8433
46.5379
45.7983
45.5200
45.6181
44.7310
45.0277
44.8577
45.3030
44.8065
44.4193
45.1323
43.6147
44.6950
43.6940
43.6223
43.8654
43.1887
41.8898
43.6851
42.5909
42.5221
41.0573
39.7577
38.2001
39.0451
42.0969
41.2209
41.2045
41.0992
40.0457
39.7918
40.4695
40.2865
41.2544
39.8562
40.4547
41.2523
41.4346
41.8561
42.4450
40.5958
39.7292
40.8880
38.9530
40.6871
39.8539
41.1302
41.2286
41.4677
42.0026
41.8864
41.5167
41.4086
41.3942
42.0936
39.9751
38.1358
40.1227
40.2966
40.9737
40.3102
41.0185
40.6695
39.6899
39.8881
40.3714
40.3704
40.7291
40.8030
39.5616
38.3449
39.8871
38.5500
38.8606
39.1852
38.9793
39.1250
39.1703
38.8646
37.1165
36.7222
38.1240
38.3610
39.0819
38.6478
38.5436
40.6571
41.5018
40.5000
40.3856
40.3080
39.4750
40.9217
40.7250
39.6468
40.3073
40.2325
39.3788
39.7433
38.3562
39.3554
38.6316
39.9630
39.2800
39.1998
38.6862
38.8725
38.4350
37.6850
37.6029
37.3057
38.2089
40.1517
40.1781
39.3652
39.0009
40.2788
39.9031
40.1598
40.9945
39.5350
40.3732
40.5776
40.0180
39.9134
42.1085
41.0155
41.2353
39.3091
41.3073
41.6096
40.7239
42.0436
43.0947
42.4995
41.6773
42.3158
41.8415
42.8779
42.3027
42.3310
42.2195
43.6016
43.2173
42.9100
42.7503
44.4381
44.0939
44.4587
43.9863
44.7182
43.3046
44.0093
43.1813
42.9581
43.7862
42.6198
42.4479
42.7154
41.9051
41.0881
41.8700
40.0289
41.6255
41.0495
41.2451
41.2028
41.9407
41.9822
42.7092
42.6592
41.7268
42.8651
43.1811
42.2081
42.7939
41.6048
40.9773
41.9710
42.4050
42.5012
42.6145
43.3216
42.9915
42.4726
41.6681
42.5267
43.1067
42.2172
42.8046
41.8672
42.5124
43.2074
42.4179
41.3769
41.7891
41.7462
40.5954
43.0421
42.6206
42.2721
43.2055
43.3215
44.8232
44.8071
45.1327
43.8342
44.8563
45.0066
45.3289
44.2665
44.8460
44.7653
44.4475
43.7058
44.2283
45.4990
45.2818
46.4592
47.6726
46.8461
46.5294
46.4697
47.9315
47.8355
47.5669
46.3668
46.9237
47.8048
46.8218
47.6472
47.5151
47.2070
48.5336
46.2552
47.9070
46.4197
45.5995
46.8535
45.7624
46.7336
46.2309
45.9830
45.8460
44.5002
44.4861
45.5754
47.6428
47.3712
47.7110
48.6415
47.2843
47.5609
47.4782
47.9277
47.9167
47.5652
48.7278
46.8490
47.9018
47.2193
46.7768
45.9339
44.8532
44.5200
43.7472
44.6929
44.2435
43.2904
44.9256
44.9580
44.7026
45.4727
45.0834
45.5543
43.7758
42.1238
42.3979
42.4449
42.2895
42.1534
42.6343
42.2807
42.9413
41.7788
42.0934
41.5264
41.3192
41.4035
42.1638
43.1678
42.0623
43.4744
43.6970
43.4140
43.1399
43.6739
44.4768
44.5215
44.9986
45.6815
45.9596
45.9379
45.3107
46.1095
45.9526
44.9887
46.4555
45.3017
45.9130
45.2474
45.8208
45.0279
42.7701
43.6970
43.6399
43.3775
42.8720
41.8217
41.0564
41.6864
41.0586
42.1877
41.5700
41.9214
41.9612
41.5083
40.4873
41.2492
43.0179
40.7046
41.2774
41.9617
40.5508
40.8414
40.1503
39.3793
40.7214
38.7514
39.3180
39.5210
37.9786
38.5154
38.5309
38.0883
40.5443
38.2478
38.9665
40.3134
40.0418
39.0333
39.7632
37.9883
39.2839
40.0690
40.9814
42.1620
39.8224
41.4094
40.5837
40.3512
40.1698
40.2019
40.1523
40.1888
39.8883
40.9610
39.4928
40.5937
40.2598
38.3821
39.3491
39.2300
39.0336
38.0438
38.2117
38.1138
39.4995
39.5871
38.2786
39.3923
38.4658
38.3004
38.4216
38.9963
39.8553
38.7983
40.3926
40.3111
40.1107
40.5902
40.9367
40.2377
38.9289
39.4589
39.0335
39.7615
38.3437
38.0875
36.8157
37.8260
38.5518
38.6758
38.1815
38.0483
37.9451
37.8892
38.5636
39.7092
37.6366
37.9010
36.9350
36.5481
36.2739
36.6912
38.2201
38.1104
38.7549
38.0507
39.2988
40.0244
38.8752
39.5406
39.6119
38.8359
38.9310
39.4094
39.7164
39.2544
40.1212
39.5012
39.2492
39.1477
38.6411
39.8252
39.5770
38.6078
39.1947
38.6115
39.0455
39.1291
39.4059
40.3682
39.3588
40.0348
39.6855
39.0682
38.7197
38.2701
39.0055
38.5538
40.0149
39.1820
40.1079
40.2295
39.4973
41.4102
42.1864
40.7246
40.3579
40.8170
41.5271
40.4365
41.5830
41.0818
40.6193
40.5987
39.8142
40.5892
38.9821
39.0680
38.9165
39.0971
40.5688
42.0898
40.7656
41.4298
41.4191
41.0969
40.9739
41.1933
41.8371
40.8456
38.7851
39.1344
38.9994
37.4238
38.6671
36.5071
37.2726
37.9356
38.1056
39.6020
39.7866
40.1559
40.2061
38.1812
37.9270
38.7550
37.9300
37.4503
38.3400
38.8609
39.2955
37.9337
37.8944
37.0408
37.0076
37.1878
35.9635
35.9052
36.7903
35.5801
36.0060
36.1376
35.6317
36.4062
36.7150
37.0277
35.8063
37.5775
36.6483
36.8247
36.9997
36.2690
37.0218
36.4781
37.4962
37.8389
38.1249
37.4160
38.2602
38.1550
39.3435
38.8677
37.7423
38.3495
39.3259
39.3660
39.7929
38.4824
38.8855
37.9833
38.8738
38.3857
38.2037
36.9760
36.3798
37.7245
37.3603
36.4021
36.9907
37.1931
37.4450
37.9105
37.2607
37.5461
36.7544
37.6053
37.7185
38.5718
38.4868
38.7344
38.3558
37.7086
36.9784
36.2342
36.1348
36.8927
34.9731
34.2758
34.3196
32.9834
32.7490
32.6692
33.4653
34.3619
32.6567
32.7032
32.7641
32.5077
31.4344
32.5279
32.1814
31.6773
32.7305
32.8336
33.9520
33.5658
33.0225
33.4765
32.9638
32.9940
33.5399
31.9184
32.4483
31.9556
33.3766
34.5801
32.8339
31.3539
31.5774
32.1677
32.0822
31.9893
32.4845
32.9079
33.3285
33.5813
33.2807
34.0721
32.8829
32.9765
32.1921
32.5560
33.2271
31.8246
33.0571
32.3566
32.5113
32.9186
33.1000
34.7157
32.8776
32.7016
33.5069
32.1682
31.4781
31.2529
30.2168
31.8328
30.9242
32.3408
31.6765
31.2441
31.1226
30.6442
30.7460
31.8099
31.9393
32.0266
29.9927
31.1358
30.6760
31.9362
30.9367
32.1368
30.5756
31.0767
30.8602
32.0203
32.7639
30.0951
29.7203
30.3415
30.2751
29.8030
29.5045
29.3652
30.1489
30.3578
29.8951
29.2009
30.0636
31.4897
31.1031
30.5362
30.1243
31.7761
30.5738
30.4742
30.2253
30.6501
31.8533
31.4569
31.6694
31.4217
31.4517
31.3362
30.3730
30.8729
31.0911
32.3629
31.4929
31.9457
30.7629
31.3252
30.6200
31.5462
31.8934
31.5814
31.4588
29.5625
30.5556
30.4185
30.7455
30.9305
32.6902
31.4341
31.9898
32.6823
32.8012
33.5030
33.5793
34.0040
34.9318
34.8631
34.8162
34.3518
34.5305
33.4826
32.1481
31.9539
32.0646
32.7099
32.7780
32.0136
33.5487
33.2878
32.6419
32.8449
34.5862
33.8055
33.3207
33.9021
32.9356
32.4180
31.7489
31.4946
33.7825
33.6827
33.0120
33.0179
31.7263
32.6044
33.7743
34.3223
33.8254
34.9997
34.3736
36.2303
34.8920
34.6294
36.2595
36.2112
34.1416
34.5001
33.5008
35.0300
35.5208
35.1104
35.4541
36.0563
36.6668
36.0564
36.5195
34.6300
36.9889
35.8157
35.3637
35.5128
35.5338
36.6143
36.8700
34.6240
36.8233
36.0947
35.7515
36.1590
35.7995
34.3785
34.4040
33.9954
33.4024
32.8911
33.2110
33.5521
32.9696
34.0110
34.0639
34.0819
33.8151
33.3336
32.9629
34.4371
34.0004
32.5772
33.3581
32.1228
32.6304
33.0583
32.8590
33.6321
32.0009
32.7863
32.8590
31.5718
32.1024
32.2003
32.9630
33.2017
33.4511
32.3879
33.0771
33.6238
34.7101
34.6161
33.3469
33.4031
32.1323
31.6599
33.0889
32.6592
32.8571
34.0177
31.4020
32.6621
32.7559
32.4255
31.1909
31.3966
32.3680
32.7375
31.1337
32.3562
31.8697
31.6860
31.3961
30.8760
29.5765
29.3563
29.6402
30.1538
30.6002
30.8131
29.4644
31.9094
30.7472
30.9251
29.4788
30.5800
28.7108
29.2857
29.3642
29.0747
28.8633
28.7670
29.1713
28.9489
28.5697
28.2507
29.3525
28.8659
28.6258
30.2883
29.3062
29.3688
29.6386
29.8806
30.0267
29.2568
28.5685
27.5392
28.9270
28.9366
30.0495
28.8908
29.0644
30.3295
28.1187
29.3383
30.0483
29.5456
30.3892
29.8388
30.5107
30.1940
29.9421
30.0136
31.1702
29.4262
30.2998
31.2096
32.5334
31.7860
31.0936
30.1768
30.6304
30.1963
30.2534
31.4636
32.3793
32.0988
30.9413
31.7773
29.9872
31.0378
30.6786
30.8091
31.7756
31.0919
32.7420
32.1815
32.2073
32.7547
32.6278
32.1212
31.7827
31.3322
31.8304
31.6074
32.4468
31.3986
31.4263
30.6478
31.3866
32.9309
32.2729
34.8436
34.3246
32.5818
34.2829
34.3919
34.4467
34.2309
34.1539
33.9020
32.0844
31.9300
31.8083
32.1842
31.9411
31.9017
32.3921
33.4409
33.4684
33.2112
33.8619
33.3281
34.8364
35.1408
33.9832
34.4891
33.2436
35.4698
34.2124
34.1457
34.4459
34.6097
34.9379
34.3103
33.9487
34.2792
35.3565
35.7393
35.4351
37.2495
36.9175
36.1892
36.3514
37.1507
37.5469
37.4220
37.1081
35.9949
35.7778
35.4347
35.2250
34.2883
34.2882
34.5561
33.7369
34.6763
33.1490
34.4923
33.7153
33.9628
34.9762
34.0853
33.8862
35.0489
34.0862
34.3401
32.2991
32.9758
33.5639
32.9904
33.5580
34.2483
33.5603
31.9841
31.1174
31.8007
31.7938
31.2162
32.5140
31.0261
31.9855
30.2771
31.1701
32.2625
31.9995
32.3771
32.5537
32.7002
32.9629
33.1031
33.1209
33.4969
33.6403
33.1312
32.6962
33.8107
34.5114
34.1542
34.3879
32.8821
32.5436
34.0007
33.3648
33.9711
32.7088
32.5867
31.7632
34.5990
33.6317
34.2095
34.9489
35.4067
32.7897
32.3920
33.9823
35.7083
34.4688
34.5499
35.1496
34.8479
32.6051
33.5077
31.8386
32.7947
33.0962
32.3730
32.4681
32.7377
31.6309
31.5082
31.7163
33.2276
32.9891
34.0443
34.0663
32.9934
33.5959
33.6702
33.1807
34.5802
33.0625
32.6258
33.6923
33.0693
33.9781
32.4258
33.4724
33.9297
34.3356
34.3863
34.0558
34.1759
32.6825
32.3844
32.2347
32.3334
31.8941
31.5943
31.7760
30.6964
29.8921
30.1589
30.6777
31.2080
30.4018
31.9739
31.7173
33.0896
32.5423
32.4500
31.8140
31.5457
30.7124
30.5575
32.0744
30.7512
31.1352
29.9622
30.3067
30.5221
30.3960
30.2109
29.9003
29.2004
29.1394
28.0746
27.1612
28.7825
30.0406
29.1427
29.7067
30.3490
29.8747
29.9831
30.6929
31.0675
31.3808
31.3276
30.4281
30.5791
29.6116
31.0332
30.6737
31.2438
30.9136
32.6607
32.0884
32.8544
32.1832
32.0767
32.1877
32.4630
32.9770
32.1905
32.4771
31.7755
31.7492
30.1606
30.8867
31.7650
32.8112
32.5594
33.2812
32.4530
32.2084
31.7946
30.5470
31.2903
31.9221
33.1503
32.1449
32.1120
30.8670
31.5743
30.8539
31.2179
31.5492
31.5124
31.7741
33.0184
33.1250
32.4403
32.2591
32.1611
31.5074
31.1144
31.1009
30.5985
30.1919
28.9163
28.9951
30.3187
29.2629
30.1549
30.6809
31.4697
31.1012
31.5864
31.0921
31.8535
32.1403
30.4651
30.3812
31.5244
32.1235
31.7179
31.5737
32.0787
30.9003
32.3400
30.2225
29.6123
29.6047
29.8116
30.6620
29.8557
31.1026
33.2039
32.1334
31.4441
32.4692
32.1499
31.4515
30.9344
32.0836
32.0982
32.5523
32.5393
31.6358
33.5153
32.9910
32.9816
32.2115
32.5040
31.8838
32.0103
31.8888
32.7097
32.9418
31.9423
31.5990
32.6344
31.6076
31.8321
31.1416
32.5294
32.7038
32.4377
31.4759
32.2293
31.6364
31.9556
30.9070
29.3794
29.4365
30.5718
31.7996
30.0697
29.7285
30.5249
29.6236
29.9862
30.1067
29.6885
30.4080
30.8765
29.5306
29.9711
29.8693
31.3749
30.5572
30.7090
32.0256
31.9439
33.6120
32.1137
32.1326
32.7965
32.1124
32.0482
32.3650
32.0931
31.3038
31.2524
30.6825
30.5594
30.3068
30.8830
31.0074
32.1767
32.3474
32.4537
33.7040
33.1260
33.6024
33.5789
31.2826
32.0824
32.0094
32.5322
31.7312
32.5661
33.0206
31.6915
32.0069
31.8655
32.7982
33.5634
31.4559
32.5691
32.7184
32.0827
31.7265
32.5731
33.4810
32.5256
32.5286
33.3884
32.1313
32.8399
32.5618
32.5648
32.1888
32.0837
32.5696
32.0042
31.7097
31.7840
32.4260
32.3389
31.1756
32.4465
31.1792
32.4163
31.4733
31.8425
31.4487
30.9791
29.8832
28.5737
29.3973
28.9957
30.0697
30.4330
30.4832
30.5222
31.0973
29.6295
29.0727
29.3791
29.7004
29.8784
28.6642
30.9681
31.1797
31.9628
30.7046
30.9348
31.3727
31.0236
30.8986
30.6842
31.0596
30.8700
29.6610
30.2771
30.6369
30.6828
29.2345
29.6273
29.5610
29.6782
28.6948
28.6060
30.0320
28.9392
28.1787
28.2932
28.0992
28.8822
29.8817
28.4285
28.1700
28.7930
27.7004
27.1658
28.4942
28.3917
28.0077
27.9680
28.3606
28.4341
28.3369
28.0914
28.8948
26.6806
24.9632
26.6468
27.0240
26.0899
26.0801
25.6014
25.7843
25.9840
24.9123
25.0708
24.9344
26.3123
25.7628
25.5248
24.0767
25.4688
24.7089
25.4941
25.7067
25.4319
25.2644
24.5021
24.8824
26.2050
25.9610
25.6684
26.0147
25.5131
26.2223
26.5300
26.7153
25.5534
26.0863
26.8383
27.1791
26.9579
26.5401
26.0373
25.9854
24.7569
23.8710
23.6449
23.1935
24.7323
25.5619
25.2581
25.7986
26.1161
26.4404
25.1723
25.9445
26.3761
26.8712
25.4587
25.0943
24.6897
24.0369
24.2218
25.5491
25.4296
25.7274
25.4789
25.1510
25.4731
25.2525
24.3178
24.7868
23.2114
23.6220
24.6101
24.6663
24.4262
24.0623
24.7587
23.6461
23.9383
24.4050
24.8162
24.8018
24.8797
27.1119
26.6224
25.7410
25.6595
25.0385
24.8995
24.5030
23.6541
23.3342
24.0487
22.5899
24.1849
23.1252
22.9376
22.7660
23.7234
23.5850
23.6376
22.8586
24.2540
23.3993
23.4644
23.1271
24.4517
23.8462
23.6264
24.4592
23.5470
25.5303
24.8843
24.6569
23.4443
24.3582
25.8012
24.0474
23.4836
23.7191
24.4190
24.5693
24.2419
23.6590
25.3722
25.6984
25.6041
26.7796
25.4859
25.8452
26.7678
26.5931
24.8533
26.2024
26.1491
26.3992
25.5773
25.9883
24.0082
24.2784
23.4980
24.5904
25.2801
26.2679
26.8988
25.0779
24.3471
23.3397
23.1351
22.8835
23.6488
22.8286
24.1812
24.2167
24.3547
25.1799
26.3988
24.8677
24.4218
25.1462
26.2937
24.8773
25.6497
25.0091
26.9289
25.6372
26.4056
26.9536
26.5153
25.8095
25.4243
26.7159
26.7680
25.3317
26.4910
25.5416
24.5530
24.0057
25.5159
25.6955
25.8458
24.6448
24.9624
25.0060
24.9118
25.8247
26.9089
27.8885
25.8492
26.6797
26.9973
25.4176
24.9776
25.9118
26.3711
26.1481
25.8879
27.6644
26.7716
27.9152
28.0274
27.4819
27.2371
25.8588
24.8403
26.2394
27.1232
26.2082
27.5385
27.5755
27.2111
27.7161
26.6963
26.8025
27.9186
28.0034
27.2946
26.0382
26.7407
26.1907
26.5137
24.8516
26.7024
26.5063
24.8751
26.9665
27.0623
26.6264
27.2710
26.5078
26.2609
26.3933
26.1377
26.1181
25.6717
26.2904
26.4725
26.3001
27.5854
27.2348
27.8788
27.5048
27.7273
27.2849
28.2512
29.1129
28.5166
28.7107
27.5951
27.5195
28.5660
28.3882
27.9917
28.9260
28.8018
27.8549
28.3590
28.8837
28.4293
27.9438
26.5026
28.9668
28.2836
28.6241
29.6794
29.5619
29.2444
29.6520
29.7901
30.4845
29.3953
30.0021
29.8681
30.3488
31.4496
31.1477
29.8694
29.8980
29.5807
30.2951
29.3323
29.2206
30.3152
30.4368
31.0639
30.4980
30.3466
30.4718
30.3671
31.0936
32.2061
31.9136
32.6424
31.3644
31.0273
31.1133
32.2352
33.0367
33.2718
31.7184
31.4066
31.3516
30.4888
30.0176
28.6995
30.2322
30.2428
31.0814
30.7243
30.0892
30.5172
30.8533
29.8483
30.0651
30.5792
29.3517
28.6771
28.7556
28.0903
29.0152
28.6883
28.4329
28.2035
27.9304
28.1125
26.7148
27.5219
28.9971
29.4258
28.8668
27.7667
27.9901
27.8867
29.9794
29.5477
29.3796
29.7613
29.1750
29.7299
29.3441
30.3120
30.5370
31.1858
30.5593
29.2637
29.1009
30.3585
29.3347
30.3821
30.9411
29.8717
29.8744
29.5512
29.0607
30.1482
29.9995
28.7652
28.6681
28.9244
28.2916
28.8852
28.6831
27.8171
27.2970
26.0596
27.5235
28.1633
27.0111
27.3440
27.3688
27.2138
27.7002
27.0202
27.4939
26.3292
26.9238
28.0484
27.9378
27.0398
25.8316
26.2325
27.0889
27.8304
27.6457
26.7843
27.4755
27.2993
28.5155
28.2197
27.6143
26.7510
25.6839
26.3731
26.2611
25.5326
25.5728
25.7047
27.4695
26.9111
27.3228
26.0325
27.6115
28.0980
26.8252
26.5059
27.7449
28.1222
27.8631
27.6877
26.8770
27.3028
26.5912
26.3204
26.7666
26.7211
27.0695
27.0406
25.5850
26.3688
27.5371
27.4715
27.2999
27.3932
29.2431
27.8323
27.7676
27.9348
25.4304
25.4579
25.4438
25.8049
26.0714
25.5013
25.6651
26.5081
26.8007
25.8805
26.3142
25.9273
25.2605
26.4055
27.1264
25.7601
27.3030
25.7795
25.1949
25.8369
26.1326
25.9356
25.9671
25.7072
25.9794
26.1378
26.4930
25.2822
25.6416
25.6478
26.2359
25.3163
24.9280
24.8486
24.7257
24.6625
25.4598
26.4356
24.9082
26.1252
25.7881
26.0302
25.3880
25.2466
25.9765
25.2765
23.5958
25.4156
24.5624
25.0185
25.8422
26.1865
25.8863
25.2823
25.5605
25.7125
26.6519
25.6489
25.8891
26.5090
27.1231
26.6495
26.8648
25.9049
25.8341
24.9529
25.1427
25.9740
25.2847
24.7382
25.5697
25.3748
25.0928
24.8411
24.6953
25.0218
25.4285
26.1241
25.5296
25.1757
24.7973
26.1157
26.2410
26.0649
26.3044
25.5610
26.1466
26.6711
25.7241
27.0613
26.6863
27.2370
26.9808
27.6940
27.6488
27.1617
26.8305
26.8878
27.2431
27.0513
29.4301
29.1819
28.8999
28.1186
28.7704
26.8593
28.6165
27.4555
27.2751
27.5477
27.2354
27.6495
27.6093
28.0628
27.9449
29.5174
28.7660
28.6926
30.6494
30.0890
30.1595
29.0459
30.2831
30.1673
30.0341
29.8958
29.9744
29.1951
29.2987
30.5122
30.2164
30.3617
30.4572
29.9183
30.0638
30.2136
29.5262
29.2561
30.3370
29.3276
28.7110
28.5956
28.9579
29.0198
27.7386
27.8618
29.6998
29.1996
29.8934
30.1953
30.0176
28.4592
28.4580
29.2299
28.3069
28.5830
29.3103
29.5487
29.5912
29.4455
29.0380
28.7802
29.3358
27.9424
29.0532
28.4760
30.0286
29.0970
29.0986
28.9913
28.5436
28.1255
27.9188
29.0240
29.8542
29.9782
30.0913
30.0101
30.4019
29.8055
29.7652
28.7379
28.5180
29.5208
29.2153
30.6011
30.2222
30.2614
31.7655
30.6607
31.8096
31.7680
31.0409
31.3056
30.3340
32.5110
30.7790
31.3059
30.0276
29.7960
29.6254
30.0851
30.3095
30.8863
30.3010
30.2076
31.2961
31.1186
31.1494
31.6641
30.6419
31.1814
31.2285
30.8645
30.7026
30.5652
30.1751
31.5335
31.2711
31.1797
30.0556
30.9466
31.3402
31.0871
31.6081
31.8113
31.6494
32.3364
31.3989
32.8778
33.4583
32.2627
31.8320
31.6911
33.0827
32.4424
32.6880
31.7146
33.5667
34.7103
32.9932
33.2186
32.9003
33.2899
32.2021
31.6797
31.5819
30.8144
32.2499
31.5010
32.1134
30.9530
30.6938
30.5418
32.3559
32.3103
30.9626
30.8995
30.8374
31.6171
30.2383
31.1259
31.9523
31.4089
31.8438
31.9143
32.6100
32.8380
33.6698
33.4264
33.0451
33.2737
33.5771
33.6352
33.8258
33.6616
33.5172
32.8482
33.0842
33.6730
32.8714
32.1710
33.0394
32.6968
32.3848
31.8858
32.4937
32.3191
31.4708
30.2528
30.6539
31.0013
31.6219
30.3296
30.9750
32.2077
31.5265
32.8674
32.4903
33.0223
32.7063
32.2329
31.9524
33.1755
33.2196
32.7266
34.0559
32.8077
32.4169
32.2695
31.9875
32.4149
33.1012
32.7659
32.1359
32.5130
33.2031
33.6667
33.9271
33.4485
33.1834
35.1250
34.2267
34.9809
34.5825
36.1948
36.2395
36.0512
35.0904
35.7358
34.1712
35.3332
33.7276
32.2710
34.3310
32.6035
33.7034
33.6218
33.6747
34.5237
33.2539
33.5406
33.8722
33.0863
34.3405
33.8472
33.1255
34.1943
34.1083
33.4091
32.9607
33.0136
33.0435
32.6469
33.7639
32.6554
31.5675
31.7536
34.2778
32.7389
34.0238
33.4103
32.5086
32.4941
31.5121
30.3576
31.9027
31.3344
32.4405
31.4642
31.9700
33.4199
32.6604
33.4187
32.8137
32.1847
32.7790
33.3921
31.3961
32.5859
33.2617
31.8598
31.4423
31.7419
32.7995
31.7005
31.7130
30.9553
30.7558
30.1101
32.1248
30.0963
30.7770
31.3091
31.1030
30.2694
29.4556
29.5964
30.2827
31.0311
30.3015
30.2459
30.4402
29.1873
29.7645
29.6439
28.8282
28.2468
29.6152
28.4511
28.6490
30.0733
29.8650
28.7754
29.3530
28.1861
28.5019
29.2788
28.7588
28.7694
28.6379
27.5387
26.4867
25.7184
26.4999
27.2481
26.9500
28.1364
27.3711
26.3855
26.1397
26.4030
25.4968
25.3864
26.4869
27.5803
27.0927
26.1072
26.7542
27.4923
27.4718
26.9902
27.3488
26.9377
27.7961
27.0458
25.8233
26.7124
26.6320
26.8072
27.0679
27.0129
28.9017
27.5261
26.3973
26.1194
25.9694
25.9833
26.5456
26.8383
26.4290
27.6141
27.1806
26.8693
26.7175
27.2371
28.0837
27.8066
27.0909
27.0958
25.9025
26.7157
26.9907
27.8829
27.9795
26.6711
25.9954
27.3833
27.9286
26.5865
27.0318
26.4180
26.5682
26.6400
26.7471
27.1920
27.7428
25.9851
26.4932
28.6547
28.7237
27.0149
29.1233
27.2564
26.1336
26.6323
27.9679
26.6416
26.3012
26.3429
26.0797
25.6829
27.1512
27.7119
26.9837
27.2655
26.8109
27.4715
27.2056
28.1310
28.0924
27.0979
27.1629
26.8863
26.8346
26.6006
26.3748
25.9266
26.1148
26.9814
26.8252
25.9450
25.7879
25.7748
25.8254
27.0278
27.2834
29.8622
30.8008
30.5194
30.3952
30.3946
31.4749
30.7991
30.3680
30.7585
31.2664
31.3228
31.1078
30.2426
32.0885
31.8263
31.0885
30.6568
29.2115
29.6098
29.7292
29.5108
30.9450
30.7413
30.5389
31.1031
30.9625
32.1845
32.9440
33.4094
31.6033
30.4468
31.1183
30.1627
30.9241
30.5625
31.0481
31.9350
30.0148
30.3490
30.7316
30.7891
31.4142
33.5825
32.4000
31.3956
31.9739
29.3999
31.3713
29.7499
29.2102
31.3958
30.2738
30.9823
30.8626
31.0462
30.3251
31.9529
31.3493
31.9321
30.5931
32.0272
33.7010
33.9538
32.9527
33.9384
35.5293
33.7548
33.6193
33.6465
34.0297
32.6072
32.1044
33.1737
33.3073
32.4154
32.8933
30.8835
30.2635
30.6030
31.9284
31.3587
33.2036
32.6309
32.0151
33.1999
32.5394
32.5594
31.9990
31.5904
32.2637
32.0769
31.8125
33.1056
33.1570
33.4200
34.5646
33.1801
34.0182
33.9098
33.3130
33.0820
33.6753
31.8569
31.0072
31.2066
30.9805
30.7477
31.0005
30.6547
29.7682
27.6536
27.6903
27.6827
28.1901
29.3314
28.0096
27.5166
27.2267
25.6250
26.7605
26.7478
27.8591
26.0455
26.9884
26.9624
26.9326
26.7027
27.8115
27.4797
26.8500
27.9818
28.1012
27.2492
26.3905
26.6452
26.7949
27.4317
29.7523
27.7917
27.6344
26.7598
27.0800
27.1467
27.2372
27.0415
27.6850
26.3864
26.0897
26.6486
27.1968
27.2311
28.0966
27.4269
27.7649
27.5240
27.9643
27.9041
28.5856
28.8093
28.8319
30.9231
30.8828
30.1707
30.6357
28.2333
28.9964
28.2384
27.2319
27.6661
27.8767
28.5123
30.3992
29.8830
29.1700
28.9293
30.0668
29.4109
29.5789
29.4624
28.6029
29.0983
28.6226
29.2238
29.9209
28.1764
29.2412
27.0049
27.5422
27.3906
26.8987
27.7568
26.4870
26.7195
28.2440
28.3708
28.5094
28.6238
28.0624
27.9158
27.3049
25.7735
27.6546
26.3477
25.4918
25.6851
25.1212
26.1639
25.0296
25.7802
27.0982
27.6271
26.4113
26.6064
26.9014
27.8774
28.1753
28.8929
29.2924
28.6619
28.9221
28.0023
29.2889
29.2568
28.8648
29.1161
28.5157
28.3965
29.5475
27.4313
28.2033
27.7820
28.7618
29.3077
28.7998
28.9402
28.8118
29.3125
29.3758
31.7430
31.0093
32.0666
30.3961
32.0977
32.2040
30.0002
30.3636
30.6976
29.0387
29.5937
30.4912
30.9361
29.5857
28.7925
28.1402
27.4970
27.3141
26.6101
27.9671
28.2048
26.0853
26.9287
28.0829
28.6775
28.1109
28.3604
28.0434
26.7312
27.5089
28.8511
28.0440
28.1579
27.6992
26.3741
27.2914
27.2387
28.2894
28.7812
28.2617
28.5131
30.0577
28.2536
28.6037
29.2808
28.9453
28.8369
29.0749
30.4843
30.4345
30.2031
30.1354
29.3299
29.7851
28.4876
28.9726
30.7396
29.2045
28.4986
29.3649
29.1698
28.7993
30.6637
29.4218
30.3081
29.5795
29.7853
28.7560
29.8754
29.4985
29.8691
30.7883
28.9549
29.7939
28.1737
28.9776
28.9081
28.9696
28.8510
28.9032
28.7076
27.7015
27.7784
28.6168
28.1302
28.5823
29.0765
29.7633
30.0492
29.9918
30.3187
29.5566
29.5364
29.7223
28.7465
28.6609
28.9284
29.3744
29.6397
29.9476
29.8499
28.9111
28.3698
28.3792
27.9334
27.3759
28.3953
28.4543
27.9308
27.9057
27.1853
26.3463
28.0053
28.5755
28.3635
28.7211
28.3687
27.8396
28.1676
28.0059
26.2765
27.6153
28.8676
29.1047
28.6798
27.6659
26.8598
28.1537
27.1114
26.1118
26.7206
27.4918
26.5945
27.4749
26.3805
26.6539
27.2078
28.8417
28.6263
28.3179
28.1121
29.2802
28.8066
28.0130
27.1503
27.8415
27.0408
27.8695
27.2038
28.4018
28.3588
28.9051
27.0854
27.3841
26.4996
27.5161
27.4917
27.8033
27.9042
27.6562
27.4258
27.5292
28.2787
29.0941
29.9612
27.5422
28.5510
29.4478
29.0591
29.7618
29.5056
29.6571
28.3402
28.8861
29.1031
27.9779
27.4599
28.5495
28.4852
28.7966
28.3520
29.1771
28.7375
28.4470
28.5489
29.1671
28.0116
29.6970
28.7529
28.4958
28.5069
27.9336
27.5776
26.9090
27.1341
27.7331
29.1845
27.8586
29.0733
28.2327
27.6571
28.9758
29.3465
28.9246
29.3570
29.1808
28.2909
27.6211
28.6482
28.8309
30.0467
29.7363
28.8448
29.1309
27.6170
28.6238
28.1403
28.6611
27.4906
27.3170
28.3508
28.4484
27.7777
27.7267
26.5901
25.1958
27.2978
26.7393
26.9160
27.8946
27.9737
28.5403
27.5964
27.5127
27.8996
27.0749
29.8149
29.0418
27.8905
28.2776
29.0522
29.7261
28.1855
27.0136
28.0022
28.4587
29.2973
28.2623
28.7068
29.4091
28.8894
28.6224
29.8988
29.2506
28.5386
29.9334
29.2701
28.4144
28.7557
28.8764
29.3419
28.3127
28.2802
28.5998
28.7761
29.0215
29.6351
29.1796
28.9327
29.7229
29.2209
28.8735
29.3012
29.6723
30.1317
29.9476
30.2329
29.6562
30.0022
29.7154
30.2452
30.7569
29.7340
29.5801
30.0589
31.6491
30.4683
29.2113
29.3262
30.5327
30.6705
30.6090
30.4221
30.4453
28.2582
28.7571
28.9285
28.7953
26.6861
27.9452
27.9227
27.9197
27.7825
27.4266
26.8882
28.0699
27.6956
28.1350
28.6466
27.6383
28.0114
26.6773
27.1427
26.8610
27.1993
28.3500
27.6457
28.3601
28.6089
27.9132
27.4196
28.0806
27.7829
27.7931
28.2775
27.5408
27.3253
27.8404
27.9972
28.0080
28.1430
27.6817
27.4767
26.4697
27.8152
28.9892
28.4611
27.9909
28.0249
27.8777
27.3975
27.0934
26.2805
26.1064
27.5313
25.9699
26.3092
26.2822
26.8693
26.0520
24.5925
24.5801
24.3020
25.5004
25.8484
26.1072
26.1767
25.6679
24.0798
23.3360
24.5089
23.6762
24.8209
24.5172
24.6202
24.2232
24.8085
25.4809
25.4719
25.9749
26.8554
26.7355
24.9310
25.3212
26.1760
25.0245
25.7786
24.8963
25.7762
25.9272
26.3781
27.4030
26.8560
27.2896
26.2502
26.0849
24.9138
26.5710
25.9202
24.5136
25.0053
25.7854
26.4792
25.8999
25.3874
25.4334
25.5226
25.8664
26.6715
27.7766
26.9518
26.5122
26.5008
27.4260
27.7703
26.8998
24.6395
25.4538
24.7248
24.6979
25.5337
25.8565
26.1621
25.9089
25.4529
26.9976
25.5873
25.8782
26.4752
25.9573
25.3799
25.6910
24.6924
25.6251
25.6504
25.0797
24.2845
24.6094
23.3132
23.2167
22.9958
23.7995
24.3418
25.0246
26.1430
24.5398
22.1047
23.9878
22.3713
22.5166
22.5826
22.4316
21.7289
22.5254
22.6179
21.9167
21.9085
20.8596
21.7730
24.1983
24.2652
22.5616
24.0523
23.0697
22.9410
24.1228
24.8131
23.9505
25.3384
25.8832
26.1656
24.8532
26.5379
26.5502
27.1773
26.3417
27.4620
26.6738
28.1516
27.8201
27.7850
27.2937
26.4471
27.6341
27.3603
27.6105
27.6110
27.9798
28.0477
26.8055
27.5204
26.2023
27.5973
26.8619
27.2526
26.8265
26.7269
25.6523
26.1331
25.7275
25.3458
25.1657
25.9133
26.1784
26.2845
26.6063
27.1809
27.5574
26.4561
26.5699
26.8598
27.6142
26.1148
26.2453
26.3788
25.7475
26.5693
26.4467
25.9728
26.5459
25.9921
25.0041
26.3291
25.1351
25.2923
25.1908
24.9686
24.5815
24.2961
24.6712
26.0612
24.8956
25.2965
24.3275
23.7915
23.0923
23.2188
22.4004
22.0504
22.5639
21.9629
21.8611
21.7107
21.4615
21.6266
21.5726
21.6675
22.6238
21.5377
22.9824
22.5004
23.1615
23.5984
23.8814
23.8668
23.7375
23.9074
24.5839
24.9752
24.8240
25.6369
24.6753
24.6771
25.4042
24.4608
23.9603
24.9366
25.7924
24.6996
24.6272
25.3730
24.1102
24.7405
23.6923
23.1334
24.2413
24.3730
22.5485
22.9138
22.6862
23.0129
23.1121
22.5342
22.0263
22.6147
22.1918
24.2127
23.3815
23.5015
22.7095
23.2638
23.0872
23.8764
23.9621
24.5170
24.9344
23.1207
24.5566
23.8020
24.1788
25.0780
25.1111
24.8268
23.9276
24.1601
24.1305
24.3876
24.6992
23.5796
24.3572
24.3207
24.2300
23.4592
24.1293
24.5735
25.4135
25.4365
24.8492
25.2111
25.2650
25.8050
25.2344
25.3910
25.2625
24.5743
24.1245
23.4642
23.3271
24.6549
24.5160
23.0556
23.5877
22.4605
23.4867
23.6177
24.4438
23.2958
23.8585
24.7039
23.9184
24.5628
23.7848
23.9641
25.2980
25.9950
26.1732
25.3826
25.4633
25.4725
25.0441
25.3348
25.4005
24.7689
24.9085
24.8251
25.0800
25.8351
25.4393
25.5127
25.7963
26.1078
23.8590
23.7841
25.1454
25.2618
23.9041
24.6008
23.6634
23.7055
24.0509
24.4819
24.4199
25.0889
25.0561
24.9010
24.1486
23.3830
23.3126
22.5926
22.9946
23.9971
24.2748
24.9860
23.8368
24.0675
23.7595
24.5054
24.5995
24.4047
23.2661
24.8294
25.5941
25.6161
26.2077
24.8073
25.1130
25.7463
26.4554
27.6393
25.7051
25.6304
27.5626
26.8165
24.9917
25.0835
24.3186
26.3439
25.9076
25.4524
25.0706
24.4958
24.3567
25.1674
26.2408
27.1135
25.6155
26.0986
26.2380
27.5974
25.7817
26.2283
26.2314
27.2266
26.9096
26.8928
26.9599
26.5471
27.2782
26.9274
27.3475
27.1294
27.3284
26.8496
27.5021
26.9721
27.1311
26.3549
27.2199
26.6472
26.0041
25.4428
26.1859
25.6181
25.4552
