2.9074
2.7991
2.9104
3.6459
3.0435
3.1966
3.4803
3.4528
3.1546
3.2167
3.2833
3.1873
3.4199
3.5624
3.4037
3.7978
3.4208
3.5838
3.3350
3.4552
3.5204
3.3941
3.1050
3.1969
3.0086
2.8849
2.3268
2.7183
3.3418
3.4531
3.5452
3.7401
3.7840
3.1953
3.3526
3.4447
3.5741
3.5907
3.3722
3.3001
3.7196
3.2105
3.2258
3.1447
3.3850
3.3022
3.3529
3.3722
3.4029
3.3486
3.5794
3.3299
3.4330
3.7628
3.6938
3.4802
3.2927
3.5510
3.6470
3.8927
3.9153
3.3837
3.3746
3.5210
3.6144
3.1892
2.9677
3.2910
3.5809
3.8287
3.5681
3.8735
3.9318
3.7598
3.4192
3.6982
3.9506
3.7148
3.3158
3.3162
3.2979
3.1591
2.8868
3.1336
2.8461
3.0203
3.0726
3.0483
3.3380
3.2270
3.2532
3.3824
3.0202
3.1269
2.7007
3.1725
3.4469
3.2006
3.5839
3.5655
3.6707
3.4363
2.8877
2.7218
3.2603
2.8349
3.1084
3.4235
3.5412
3.2264
3.2884
3.6647
3.7910
3.4082
3.3982
3.2556
3.0978
3.4951
3.4237
2.8068
3.1647
3.0809
3.2846
3.3169
3.4280
3.4181
2.6142
3.0847
2.9417
2.5973
2.9300
3.3522
3.0611
3.4319
3.7521
3.3277
3.2286
2.7834
2.8492
2.7380
3.2437
2.9338
2.7450
3.3191
3.2100
2.9811
2.8932
2.6497
2.6135
2.6417
2.5219
3.0719
2.6751
2.4705
2.7106
2.6690
2.8357
3.0652
2.8720
3.2002
2.9410
2.7065
2.6424
2.7486
2.9877
2.9626
2.9282
2.9738
2.8747
2.8064
2.9481
2.7780
2.8932
3.2197
3.1659
3.1671
3.6660
3.4548
3.4293
2.9645
3.2597
3.4822
3.1495
3.2577
2.7989
2.9945
2.8501
2.9218
2.9881
2.8995
2.9132
2.5873
2.8030
3.0409
2.7196
2.9645
2.7657
2.7822
2.7792
3.1354
3.0193
3.1495
2.9192
2.9202
2.8992
3.0649
3.0127
3.1584
3.0538
3.0303
3.5331
2.9834
3.2300
2.9024
2.7180
2.9197
2.9999
2.9333
3.1106
2.8148
2.6538
3.0389
3.3770
2.9911
2.7141
2.7280
2.5322
2.9739
2.8852
3.1382
3.0057
2.8200
2.8273
3.0487
3.0907
3.0602
2.7252
3.0526
3.2298
2.9339
2.8551
2.9245
3.0413
2.9912
2.9147
3.1710
3.1831
2.8948
3.3914
3.3455
2.8629
3.2084
3.2885
3.3026
3.3504
3.1275
3.2137
3.2001
3.1124
3.3300
3.1549
3.2096
3.5067
3.3000
3.0961
3.1888
3.2843
3.3004
2.7673
2.8289
3.0300
2.8959
3.1202
3.0651
3.2190
2.9803
3.0378
3.1360
3.1171
3.0646
3.1560
3.2499
3.2876
3.0669
3.1132
3.3421
3.0713
3.0875
3.1075
3.2125
3.1494
3.1763
3.4037
3.4126
3.0216
2.9426
3.0292
2.7486
3.0665
3.3424
3.3643
2.9680
2.9380
2.9645
3.1882
3.3041
2.8186
2.8640
3.1993
2.9519
3.0298
3.4553
2.9053
3.1544
3.1845
2.9073
3.3156
3.1500
2.8299
2.9414
3.1009
3.2976
3.2770
3.4015
3.1863
3.2249
3.1201
3.0042
2.9364
2.8782
3.5287
3.2199
3.2223
3.4382
3.1832
2.9358
3.3060
3.0873
3.2926
3.0019
3.3692
3.0006
3.5368
3.2899
3.0920
3.1547
3.4468
3.4759
3.1508
3.1928
3.0531
3.1347
3.3562
3.4108
3.0523
3.0918
3.5623
3.5073
3.3648
3.5846
3.1200
3.2366
3.1607
3.5865
3.4759
3.2974
3.0450
3.1297
3.0614
3.0064
3.1587
3.1018
3.0332
3.0373
2.8147
2.8340
2.9699
3.2703
3.4091
3.1050
2.8827
2.9202
3.0733
2.9747
3.2880
3.1904
2.7655
3.0143
2.8188
3.0327
3.0579
3.0292
3.3663
3.1309
3.0753
3.3618
3.0533
3.1264
2.8270
3.0061
3.3492
3.1501
2.7696
3.0595
2.9845
3.1609
2.9267
3.0740
2.8182
3.0000
2.3626
2.8806
3.0520
2.5648
2.8077
3.2848
3.4150
3.3263
3.1881
3.2361
2.8189
2.9096
3.0914
3.1328
3.3543
3.4738
3.3434
3.1183
3.2916
3.2167
3.4031
3.1694
3.0136
2.8376
2.6158
2.1713
2.7722
2.7013
2.3466
2.5152
3.0521
2.7565
2.9242
2.6817
2.8750
2.7950
2.7850
2.4621
2.8832
2.5685
2.7063
2.6035
2.9624
2.7306
2.7748
3.1650
2.9364
2.6382
2.7600
2.7133
2.8356
2.6252
3.1819
2.9521
3.2245
2.8866
3.2542
3.1732
3.0115
3.1377
3.2992
2.8190
3.1179
3.1865
3.1393
3.3817
3.5647
3.4429
3.0101
3.1256
3.0008
2.5697
2.8496
2.7075
2.8403
2.4294
2.5889
2.8813
2.9966
2.7466
3.0725
2.8633
3.1655
2.8023
3.1937
3.1366
3.0702
2.6684
2.3746
2.7745
2.8800
2.9200
3.3655
3.2401
2.8328
3.0063
3.0269
2.8799
2.9833
2.9195
2.7246
2.9676
3.0190
2.8921
2.9442
3.1042
3.0437
2.8483
2.9026
2.7832
3.3127
3.2278
2.9815
3.0228
3.5626
3.3920
3.4252
3.0919
3.2177
3.3697
2.8612
2.9954
3.4447
3.3499
3.3188
3.0311
3.0875
2.7600
3.0100
3.0644
2.5877
2.6181
2.5527
2.7242
3.0329
3.1196
3.1361
2.5487
3.0345
2.8096
2.7603
2.8339
2.6374
2.7789
2.5545
2.4280
2.6100
2.5771
2.4709
2.6285
2.5641
2.5286
2.4245
2.5466
2.5587
2.5370
2.5395
2.6682
2.6197
2.7239
2.6726
2.4288
2.2749
2.4136
2.6129
2.4209
2.6416
2.5855
2.4219
2.6321
2.5062
2.7635
2.8510
2.5464
2.9994
2.7461
2.5669
2.5487
2.8113
2.7357
3.1211
2.7574
2.8168
2.8406
2.7482
2.5806
2.2742
2.8061
2.8744
3.0041
2.6216
2.5469
2.6489
2.5203
2.5187
2.5664
2.5227
2.6192
2.1564
2.1960
2.4421
2.3337
2.6000
2.6823
2.5751
2.7858
2.9643
2.7298
2.9680
3.1821
2.8683
2.2363
2.4393
2.6636
3.0783
2.9428
2.8999
2.5049
2.9696
2.3861
2.4297
2.2145
2.3596
2.4276
2.4631
2.5703
2.2836
2.4602
2.4125
2.5866
2.4835
2.4507
2.5462
2.3047
2.4463
2.4215
2.5951
2.4685
2.4074
2.3903
2.3692
2.1430
2.2825
2.8826
2.4582
2.7258
2.5077
2.5503
2.4381
2.5006
2.4677
2.4255
2.4860
2.7521
2.3697
2.4698
2.5160
2.7705
2.3066
2.5467
2.6335
2.5804
2.3565
2.3841
2.7549
2.6692
2.7570
2.5438
2.6181
2.5657
2.6436
2.8704
2.4286
2.3020
2.8071
2.9000
2.9246
2.7580
2.5386
2.7831
2.6040
2.2303
2.5805
2.4331
2.2553
2.2797
2.2929
2.4715
2.4825
2.6187
2.3580
2.5906
2.5603
2.7358
2.7852
2.7080
2.5945
2.2966
2.6401
2.7698
2.7125
2.5893
2.4854
2.6312
2.7445
2.5123
2.5539
2.4651
2.6628
2.4113
2.2948
2.0006
2.2980
2.5082
2.7440
2.4304
2.8021
2.8089
2.6946
2.6752
2.7574
2.5441
2.8474
2.6490
2.8373
2.9442
2.9743
2.9927
2.9690
2.8198
2.5219
2.6813
2.8159
2.9299
2.6318
2.9193
2.4171
2.6770
2.9764
2.8864
2.6552
2.5406
2.8968
2.8698
2.8180
2.5725
2.7157
2.7633
2.9678
2.5054
2.8658
2.5814
2.7398
2.5462
2.5043
2.5553
2.3579
2.5095
2.6697
2.7439
2.8028
2.8246
2.9831
2.6255
2.4290
2.6653
2.4064
2.2765
2.3613
2.3077
2.3676
2.3511
2.4225
2.6526
2.4759
2.2147
2.5663
2.2073
2.5781
2.3539
2.1672
2.1148
2.5998
2.4920
2.5271
2.4022
2.5404
2.4582
2.4689
2.6520
2.6838
2.4688
2.7830
2.3085
2.7692
2.8795
2.6769
2.8450
2.4110
2.2329
2.4796
2.0056
1.9763
2.2807
2.2679
2.2510
2.4297
2.2098
2.3325
2.5098
2.6327
2.3673
2.4462
2.5509
2.7073
2.7413
2.1441
2.5924
2.5823
2.5510
2.4012
2.4377
2.5738
2.5367
2.4384
2.8537
2.7559
2.8875
2.9249
2.9684
2.6504
2.6736
2.8674
3.0437
2.6662
2.8614
2.9399
3.2837
3.1802
3.2623
3.6153
3.0862
3.1525
2.8309
3.1995
3.2196
2.9316
3.2328
3.1473
2.7331
2.7146
2.5025
2.6971
2.4972
2.3271
2.2030
2.5166
2.3393
2.3964
2.6420
2.6204
2.8089
2.7449
2.7118
2.7223
2.8897
2.5588
2.7724
2.7288
2.2961
2.3731
2.3696
2.5749
2.5684
2.6326
2.6735
2.6554
2.7028
2.6649
2.7179
2.6440
2.6867
2.5958
2.7789
2.8352
2.8898
2.6936
2.4576
2.6350
2.8048
2.7835
2.6593
2.5542
2.6995
2.7976
2.7078
2.4073
2.5293
2.7997
2.5993
2.6966
2.5715
2.6348
2.2702
2.6422
2.3995
2.2128
2.4465
2.4401
2.7369
2.6004
2.5316
2.1715
2.5476
2.6239
2.6927
2.6647
2.3933
2.7180
2.5063
2.5480
2.4496
2.7185
2.7793
2.4330
2.5192
2.5285
2.7694
2.8974
2.4448
2.4195
2.7530
2.5704
2.4571
2.5976
2.6451
2.4581
2.4086
2.2489
2.3478
2.3082
2.2178
2.4205
2.4159
2.0200
1.8717
2.0320
2.2619
2.4549
2.4550
2.2310
2.2222
2.4400
2.0125
2.6755
3.0355
2.6752
2.7779
3.0315
2.6018
2.4879
2.4943
2.6842
2.5089
2.5880
2.7769
2.8839
2.6402
2.6836
2.8936
2.6684
2.6864
2.9190
2.7262
2.6977
2.3675
1.9578
2.5188
2.4811
2.7610
2.8235
2.9322
2.6962
2.8613
2.8525
2.7767
2.8100
2.8326
2.8195
2.8442
2.6792
2.8099
2.5036
2.7553
2.9578
2.5429
2.6884
2.5215
2.6981
2.7654
2.5699
2.6066
2.6662
2.5534
2.6048
2.2701
2.8000
2.6273
2.4495
2.3700
2.3769
2.4708
2.4497
2.4541
2.7081
2.7428
2.4852
2.9193
2.7905
2.7450
2.9325
2.7166
2.8867
2.6235
2.7107
2.6747
2.6573
2.7723
3.0050
2.4360
2.3710
2.4600
2.2999
2.4471
2.4425
2.4858
2.3964
2.4233
2.5298
2.6872
2.6906
2.4920
2.5350
2.3347
2.3097
2.5191
2.2280
2.4065
2.3475
2.4072
2.3902
2.4821
2.5239
2.1123
2.3437
2.3641
2.2187
2.5234
2.5020
2.4684
2.3816
2.4770
2.2600
2.3472
2.8089
2.5982
2.4148
2.6096
2.7578
2.6746
2.5275
2.9921
2.9668
2.9644
2.8998
2.8646
2.8477
3.0178
2.6710
2.7092
2.7768
2.7676
2.6200
2.6695
2.5574
2.8809
2.6746
2.8435
2.9978
2.2943
2.5569
3.0618
2.7734
2.5959
2.4439
2.7451
2.6378
2.8435
2.5324
2.5768
2.4851
2.5510
2.7473
2.6720
2.4959
2.6228
2.5567
2.4865
2.5395
2.4183
2.4991
2.5080
2.4388
2.6468
2.4009
2.3962
2.4958
2.3041
2.4651
2.4602
2.5489
2.2613
2.4798
2.2436
2.4933
2.2090
2.2131
2.4921
2.2374
2.2681
2.2262
2.1937
1.5482
1.8754
1.4521
2.1712
1.7292
2.1863
2.3544
2.5676
2.1893
1.7705
2.3019
2.0942
1.9940
1.6786
1.3586
1.4543
1.1954
1.1032
1.5333
1.4803
1.7516
1.7123
1.6588
1.4796
1.6293
1.9812
2.2382
1.9483
1.4753
1.7336
1.5314
1.3677
1.1718
1.1140
1.3242
1.0989
1.5252
1.5941
1.5113
1.6586
1.9677
2.3981
2.3964
2.4799
2.3767
2.3428
2.0331
1.9718
2.3166
2.1420
1.8824
1.8130
2.0626
2.1102
2.1797
2.1575
2.0785
1.8429
1.8846
1.3747
1.4916
1.5086
1.7036
1.3996
1.3261
1.9338
1.4573
1.9720
1.5783
1.8311
1.6326
1.9861
1.7562
2.1827
1.6421
1.7143
2.1071
2.1837
1.8333
1.9494
2.5681
2.1624
2.1081
2.3345
2.2054
2.1968
2.1291
1.7288
1.9197
1.7023
2.0373
1.9099
1.8201
1.8686
1.7085
2.0017
1.7513
1.9150
1.8495
1.8902
1.9687
2.4661
2.0922
2.3947
1.7564
1.8291
2.0305
2.2341
1.8985
2.4074
2.1707
2.2814
1.7267
1.8870
2.2886
2.0902
2.4802
2.2976
2.4353
2.5797
2.2522
2.1207
2.2981
2.1964
2.3092
1.9944
1.7268
1.7441
1.8264
1.7310
2.7687
2.5424
2.1329
2.0013
1.6427
1.9696
1.9472
1.7322
1.9048
1.7984
1.6365
1.7775
2.0187
2.1100
2.2295
2.2154
2.2251
2.4308
2.3503
2.5875
2.2386
1.9583
2.1817
2.2353
2.3530
2.4476
2.2171
2.3336
2.3897
2.4581
2.4214
1.9877
2.2332
2.2305
2.2899
2.6462
2.6876
2.6595
2.2873
2.2296
2.4941
2.3623
2.3390
2.0547
2.1497
2.1377
2.3018
2.2168
2.1613
2.4079
2.5928
2.1370
2.0027
2.0030
2.1887
2.2007
2.1775
2.3618
2.1145
2.1061
2.0760
1.9579
2.0140
2.0986
1.9779
1.9925
2.1712
2.4973
2.1821
2.2585
2.4773
2.3501
2.6103
2.3987
2.3372
2.5670
2.6061
2.8511
2.6468
2.1930
2.0105
2.3401
2.5129
2.4379
2.3436
2.2664
2.2545
2.4357
2.5186
2.5332
2.2190
2.6694
2.4738
2.2884
2.5463
2.7325
2.4005
2.3859
2.3698
2.4899
2.6107
2.0215
2.3538
2.1091
2.3079
2.7333
2.7361
2.4321
2.5146
2.6790
2.2547
2.5188
2.2196
2.3450
2.3916
2.3924
2.3460
2.6966
2.3895
2.4783
2.5380
2.4271
2.6038
2.7287
2.2686
2.6821
2.3566
2.3465
2.6174
2.3761
2.1986
2.1741
1.9765
2.4753
2.2961
2.0376
2.3979
2.0167
2.3547
2.0198
2.1489
2.2907
2.7653
2.3490
2.3734
2.5093
2.3037
2.1973
2.3354
2.0665
2.2442
2.6013
2.8841
2.7637
2.9230
2.5946
2.9207
2.6756
2.9927
2.9272
2.9892
2.7401
2.7146
2.5155
2.4909
2.5166
2.7774
2.5236
2.5145
2.3480
2.1792
2.1914
2.6076
2.1686
2.4588
2.3671
2.4062
2.1999
2.3312
2.3074
2.5183
2.5751
2.2724
2.5688
2.3651
2.2034
2.4045
2.3554
2.3623
2.1585
2.3631
2.5620
2.3241
2.3262
2.5884
2.8596
2.5804
2.3393
2.2193
2.9381
2.6950
2.2118
2.0859
2.1557
1.8643
2.0525
2.3813
2.1588
2.3099
2.2340
2.5683
2.3902
2.4684
2.2549
2.3492
2.4989
2.3910
2.1039
2.3730
2.2861
2.2164
2.0731
2.1842
2.2852
2.0070
2.7275
2.8400
2.7704
2.5354
2.8943
2.5884
2.6917
2.7685
2.7261
2.8625
2.7113
2.5328
2.5804
2.2186
2.2576
2.4120
2.2530
2.3465
2.9972
2.7313
2.9497
2.9987
3.1022
2.6516
2.5354
2.6800
2.8427
2.7729
2.9527
2.7132
2.8523
2.8304
2.7861
2.6727
2.7896
2.7340
2.8401
2.4307
2.6293
3.0056
2.6191
2.7674
2.5232
2.5397
2.8987
3.0397
2.6664
2.6273
2.5895
3.1246
3.0549
2.7524
2.8179
3.0121
2.8268
2.8368
2.7672
2.8171
2.8269
2.7730
2.8787
3.0505
2.7108
2.9234
2.5587
2.8197
2.7201
2.7794
2.6763
2.8990
2.5932
2.8833
2.7376
2.7360
3.1547
3.2068
2.8742
2.9978
2.9698
3.1665
2.7099
2.6464
2.8435
2.6242
2.8497
2.9204
3.1610
3.0480
2.6027
2.8925
2.8845
3.1813
3.3903
3.2029
3.4809
3.1123
3.0554
2.9277
3.0586
3.3176
3.2558
2.9454
3.2345
3.1839
3.0021
3.0159
2.9024
2.7547
3.0697
2.9806
2.7150
2.4837
2.5841
2.7739
3.0004
3.6186
3.7803
3.4565
3.4035
3.1449
3.1039
3.1587
2.9179
3.0465
3.3116
3.3864
3.1462
3.0312
3.3089
3.1682
2.9725
3.1634
3.2309
3.6280
3.0942
3.1580
3.0452
3.3526
3.0992
3.1247
2.9365
3.1190
2.9152
3.0105
2.5796
2.8642
2.7218
2.9013
2.5962
2.4556
2.4418
2.6909
2.6455
2.8324
2.8133
2.7151
2.9534
3.0459
2.7829
2.5443
2.9046
2.8685
2.4424
2.6764
2.7468
2.9942
3.1082
3.2340
3.2631
3.3634
3.3341
3.2600
3.1605
3.3529
3.3378
3.3160
3.2772
3.1004
3.2545
3.2724
2.9618
2.8749
2.7970
3.2614
3.2370
2.9111
3.1163
3.1985
3.1945
3.0479
2.8046
2.9440
3.2015
3.0866
3.3126
3.1834
3.3203
2.7799
3.0409
2.7263
3.1494
3.1141
3.1774
2.9849
3.2549
3.1857
2.6878
2.9965
2.4509
2.7969
3.0570
2.9637
2.6627
2.5918
2.5999
2.8333
2.8066
2.7335
3.0147
3.1690
3.0807
3.0803
3.1318
3.7074
3.2875
3.3566
3.2571
3.2324
3.4407
3.1967
3.1209
3.4847
3.0688
3.1989
3.6368
3.0060
3.1953
3.0558
2.9825
2.9896
3.0275
2.7760
2.8999
2.7401
3.0400
2.8513
3.0478
2.9156
3.0553
2.9778
2.6441
2.8006
2.8145
2.8588
2.9377
2.9212
2.8460
2.8035
2.7352
2.8841
2.6520
2.9358
2.6586
2.7879
2.7245
2.8000
2.6716
2.8472
2.7572
2.7967
2.6924
2.7640
3.1000
2.9427
3.2167
2.9131
2.9531
3.0014
3.0675
3.0758
3.3913
3.1625
3.0960
3.0977
3.2628
3.1021
3.3632
3.5223
2.8789
3.1394
3.1313
3.3303
2.9575
3.1634
3.1810
2.9672
3.0525
2.9210
2.8105
3.2167
2.8637
2.8398
3.1385
2.6950
2.8300
2.6870
2.8864
3.1072
2.8490
3.0284
2.6416
2.3649
2.6122
2.5972
2.6995
2.6531
2.7103
3.0022
2.9684
3.2667
3.4002
3.2046
2.8022
2.8926
2.5101
2.8876
2.9661
2.8180
2.8573
3.3858
2.9681
3.1522
3.1689
3.2931
3.3772
2.9751
2.7977
3.0380
3.1248
3.4078
3.2371
3.3264
3.3861
2.9435
2.7687
3.1882
3.0079
2.8958
3.1640
2.8930
2.9739
2.7174
3.1989
3.3224
3.1982
3.0786
3.1125
3.3512
3.1271
3.2836
2.9938
3.2256
2.9954
2.7253
3.0321
2.8954
3.2708
2.7988
3.2548
3.0608
3.3238
2.8914
3.0968
3.2311
3.2641
3.3560
2.8520
2.9985
2.6089
2.9192
3.3604
3.2380
3.4004
3.2142
3.0519
3.0687
3.4025
2.9735
3.0899
2.9228
3.0071
3.0996
3.0041
3.0129
3.1313
3.1758
3.3044
3.3398
3.2240
3.3713
3.1985
3.0879
3.0318
3.0355
2.7702
2.8362
3.1192
3.0478
3.2760
3.0037
2.8998
3.2530
3.3432
3.0803
2.8122
3.2847
2.9035
2.9109
3.0735
3.2111
3.2489
3.1277
3.3798
3.4267
3.0075
3.1410
3.1541
3.4238
3.1319
3.4944
3.3718
3.2710
3.2893
3.4711
3.5126
3.6248
3.7124
3.5022
3.1895
3.2592
3.1848
3.1190
3.0479
2.9636
2.8871
2.9466
3.2845
3.2025
3.3362
3.3383
3.4784
3.3702
3.0932
3.2697
3.2648
3.4956
3.0119
3.1608
2.8211
3.2985
3.1598
2.9294
3.4885
3.2667
3.1474
2.9733
3.3854
3.3751
3.2577
2.7242
3.1471
3.2583
3.5637
2.7873
2.9508
2.9232
2.9367
2.8726
2.9507
2.6558
2.8337
2.8086
2.3139
2.8541
2.9261
2.8884
2.7639
2.8395
3.1106
3.2126
2.6217
3.2454
2.6169
2.7618
2.4534
2.8165
2.8789
2.5338
2.8479
2.7146
3.0048
2.9496
3.3122
3.0014
2.7726
2.6638
2.3823
2.4181
2.3130
2.5070
2.8483
3.1595
3.0085
2.8803
2.8221
2.8452
2.9987
2.7301
2.7998
2.8787
3.1746
2.9200
2.9720
2.9616
2.8967
2.8662
2.8278
3.0670
2.8180
2.9576
2.4245
2.7785
2.8822
2.9630
2.8376
2.7116
2.9597
3.3526
2.6475
2.7350
2.6502
2.8193
2.7656
2.6867
2.9639
2.6962
2.6672
2.5895
2.6863
2.5819
2.7210
2.7352
3.1468
2.9625
3.2274
3.2321
3.3178
3.3635
3.0166
2.8330
3.1088
2.9385
3.0619
3.1833
3.1263
3.1978
2.8783
3.2683
3.2583
2.9885
2.7215
2.8504
3.0958
2.9779
2.9275
3.1073
2.7145
2.7497
2.7978
2.9804
2.8999
3.4813
2.7222
2.6271
2.6919
2.5977
3.0754
2.8920
3.0187
3.0567
3.0122
2.7878
2.7594
2.8847
2.9333
3.0548
2.9826
2.9129
3.0429
3.1442
3.1217
3.3206
3.2259
2.8688
2.8799
3.0506
2.9119
2.7476
3.0173
3.2280
3.1257
3.0005
3.2276
3.5722
3.3893
3.6077
3.1653
3.1613
2.9806
3.1020
3.2408
3.0705
2.7522
2.9418
3.1299
3.1333
2.9745
2.6024
2.8162
3.1017
2.8930
3.3860
3.4184
3.2117
2.9921
2.8368
2.9905
3.0409
3.2688
2.8922
2.9971
2.8348
2.6878
2.8100
3.1221
3.0625
3.1169
3.2469
3.1576
3.2231
3.2897
3.2883
3.5411
3.2454
3.2779
3.5451
3.1365
3.2389
3.1192
3.2058
2.9683
3.1168
3.1360
3.0966
2.7793
3.0733
3.4245
3.0672
3.3141
3.1949
3.4094
3.3287
3.5973
3.6731
3.2994
3.3374
2.9295
3.3797
3.6033
3.2685
3.6703
3.5953
3.6260
3.7276
3.5497
3.2575
3.2187
3.5658
3.4181
3.3028
3.6468
3.4212
3.4043
3.4695
3.8125
3.5372
3.4102
3.8022
3.7498
3.6695
4.1267
3.8741
3.6076
3.6295
3.6961
3.2200
3.4964
2.9934
3.5632
3.3470
3.7077
3.4824
3.4861
3.6928
3.5396
3.3771
3.3799
3.8360
3.8113
3.5444
3.4499
3.2318
3.0232
3.4680
3.3355
3.3502
3.4930
3.3744
3.1703
3.2322
3.4335
3.0087
3.2406
2.8798
2.7634
2.7774
3.4492
3.6216
3.3987
3.3913
2.8806
3.4434
3.1881
3.3786
3.4569
3.3250
3.3224
3.7759
3.3041
2.9597
3.1397
3.0943
3.1351
3.0604
2.9602
3.0081
3.3395
3.3059
3.8696
3.5426
3.6824
3.4290
3.9317
3.6067
3.6251
3.5050
3.0467
3.1716
3.2172
2.9724
3.3887
3.4079
3.6721
3.4605
3.5372
3.6224
3.5266
3.1072
3.7538
3.6499
3.2598
3.3727
3.4684
3.4464
3.4372
3.1452
2.9582
2.8299
2.8153
2.8344
3.2478
3.0832
3.0481
2.9856
3.1376
3.0280
3.0709
3.2843
3.0768
3.1728
3.2641
3.5533
3.2729
3.3644
3.0914
3.3731
3.3434
3.5279
3.2574
3.7283
3.5236
3.4624
3.4619
3.2568
3.0309
3.7251
3.2516
3.4395
3.3412
3.4018
3.6137
3.4099
3.7013
3.4178
3.3879
3.2233
3.3792
3.5081
2.9067
3.3795
3.1917
3.1854
3.1835
3.1839
3.1402
3.2791
3.2302
3.5578
3.1906
3.3640
3.3293
3.3048
3.6259
3.1127
3.3484
3.0958
3.3694
3.2318
3.4251
3.3122
3.3699
3.4912
3.4948
3.4154
3.3195
3.0072
3.2224
3.4505
3.2349
3.0130
3.5117
3.2325
3.2495
3.0904
2.7084
3.0195
3.3757
3.2157
2.9085
2.6177
2.8745
2.7854
2.7144
2.7553
2.7948
2.3344
2.3557
2.4174
2.7782
2.7617
3.0031
2.8269
2.3064
2.8655
2.6000
2.5533
2.5268
2.5321
2.6907
2.5701
2.8815
2.6844
2.7439
2.5370
2.8519
2.6357
2.4023
2.1570
2.4394
2.3170
2.4241
2.5028
2.4934
2.3809
2.5570
2.1777
2.1668
2.5393
2.5272
2.3110
2.3477
2.7689
2.4740
2.7869
3.1014
3.0726
3.4032
3.1413
2.8390
3.1508
2.9538
2.8917
2.9221
3.2114
3.2901
2.9915
3.1969
3.0179
3.1029
2.9167
2.9038
3.3021
3.6294
3.7819
3.8386
3.5899
3.5347
3.5847
3.5375
3.3741
3.3398
3.4797
3.1638
3.1568
2.8992
3.5037
3.5962
3.6161
3.5488
3.5742
3.5421
3.0666
3.1852
3.5226
3.4961
3.8504
3.3754
3.5561
3.5905
3.6109
3.3840
3.4282
3.3567
3.6648
3.0741
3.2259
3.5662
2.9173
3.0069
2.9988
3.2202
3.1108
3.0052
3.1858
3.0922
2.9689
3.3604
3.0682
3.0990
2.8509
2.7487
3.0474
2.9624
3.0274
2.9818
2.9435
3.0744
3.2178
3.3942
3.2707
3.5332
3.3490
3.5328
3.4459
3.5117
3.3738
3.8087
3.6466
3.4839
3.2166
3.4487
3.6466
3.4635
3.2397
3.8973
3.5410
3.4120
3.4106
3.5675
2.7781
3.4786
3.4393
3.4703
3.1297
3.2758
3.4483
3.1420
3.1137
3.5313
3.3909
3.4264
3.6067
3.1210
3.3525
3.4544
3.1353
3.1380
3.2427
3.3810
3.1999
3.1085
3.4479
3.3061
3.2400
3.1111
2.8783
3.0708
3.0559
3.1701
3.1346
3.1538
3.1824
2.9440
2.9460
3.2521
3.1155
3.0066
2.9200
2.9294
3.1051
2.8973
3.0284
2.7602
3.0808
2.7033
2.7057
3.0318
2.9609
2.7469
2.8085
3.1990
3.3671
3.0573
2.9835
3.1054
3.1868
3.0714
3.4579
3.2856
3.2347
3.3816
3.2553
3.0597
3.1877
3.1956
3.1767
2.9788
3.2852
3.4374
3.0910
3.4722
3.0780
3.2145
3.3488
3.1210
3.1489
3.4125
3.2545
3.2859
2.9542
3.4129
3.4915
3.3478
3.2778
3.1389
2.9862
2.6540
2.5155
2.6713
3.2240
2.9243
2.9637
3.4166
3.4912
3.1796
3.3056
3.0716
3.2333
3.0159
3.1275
2.8412
2.6607
3.1144
2.8537
2.9460
2.9854
3.1239
3.3394
3.1720
2.7539
2.8423
3.1785
2.9235
3.1469
2.8066
2.7785
3.0235
3.0362
3.1390
2.6679
2.8645
2.8929
2.8850
2.8846
3.2172
3.0334
3.1503
3.1175
3.1895
3.2927
3.3140
3.4746
2.9903
2.9740
3.0843
3.0511
3.0169
3.2347
3.0403
3.0481
3.4371
3.4813
3.0621
2.9963
3.5517
3.2979
3.2524
3.2799
3.2528
3.3897
3.2865
3.8177
3.3812
3.3475
3.4425
3.3222
3.1590
3.5182
3.7678
3.7768
3.6406
3.1712
2.9977
3.3043
3.3596
3.3067
3.1936
3.2527
2.9999
2.8092
2.7993
2.7397
2.9753
2.7329
2.6373
3.3279
3.1493
2.8735
2.8531
2.7379
2.6080
2.6385
3.0090
2.8460
2.6771
3.2126
3.0438
2.8454
2.9889
3.2912
3.1436
3.1613
3.0491
3.2451
3.2206
3.3688
3.4346
2.9748
3.2126
2.5887
2.8789
2.4932
2.7398
2.6214
2.5735
2.7799
2.3723
2.4758
2.5680
2.8465
2.7650
2.9152
3.0339
3.2171
3.0173
3.1617
2.8739
2.9003
2.8475
3.3991
2.7941
2.8982
2.6410
2.7234
2.7209
2.7428
2.9258
3.1586
2.9099
2.8292
2.4547
2.8096
2.5035
2.5607
2.7065
2.9875
2.5108
2.9577
3.1587
3.0963
3.2369
2.9716
3.2794
3.6354
3.1620
2.9848
2.7520
2.5614
2.1218
2.7376
2.5588
2.5956
2.9072
2.6060
3.0632
3.2217
2.7485
2.7805
2.9097
2.9593
3.3142
3.3648
3.2690
2.7255
3.2713
3.2528
3.0582
2.5384
2.1935
3.1404
3.3967
2.9478
3.2037
2.8539
3.1358
3.1537
2.8806
3.2516
2.9091
2.6724
2.8780
3.5573
2.9922
3.5048
3.2197
3.7458
3.2244
3.9458
3.6435
3.6008
2.9684
3.9084
3.4885
3.6634
3.6516
3.5665
3.6524
3.1957
3.1084
3.2626
3.7152
3.7441
3.2670
3.2207
2.9283
3.1796
3.4768
3.2116
3.3239
3.6260
3.5171
3.6137
3.5410
3.6174
4.0738
3.3956
3.3705
3.3781
3.5243
3.2543
3.1937
3.1862
3.5499
3.7359
3.2108
3.5566
3.5226
3.4104
3.6793
3.7463
3.1061
3.6890
3.6254
3.7687
3.2375
3.7865
3.2685
3.5683
3.2811
3.7093
3.6093
3.5160
3.2488
3.1126
2.6111
3.2386
3.2453
3.6528
3.7735
3.5616
3.2915
3.0827
3.0396
3.0635
3.3323
3.4911
3.3189
2.8999
3.2633
2.8589
2.9474
3.5571
3.5736
3.6900
3.4860
3.5334
3.3219
3.5149
3.5583
3.8732
3.7660
3.3380
3.3117
3.3936
3.5205
3.4565
3.2757
2.9083
3.1084
2.5839
3.1009
3.2429
2.9654
3.3135
3.6949
3.4879
3.6086
3.7280
4.0965
3.6267
3.8900
3.8547
3.7487
3.5561
3.2838
3.4524
3.3377
3.1150
3.4379
3.2484
2.9182
2.8479
3.6585
3.6065
3.3952
3.2364
3.6331
3.4522
3.6042
3.4917
3.6736
3.7325
3.6472
3.6063
3.7736
3.9753
3.7080
3.7763
3.7085
3.5271
3.7066
3.9597
3.6384
3.6762
3.8909
3.8566
3.5460
3.9071
3.6442
3.5423
3.6380
3.5752
3.4974
3.7381
3.5268
3.4352
3.5833
3.2460
3.5968
3.2492
3.7477
3.6394
3.9392
3.6585
3.4367
3.4020
3.4390
3.4646
3.5384
3.4458
3.5902
3.1840
3.7874
3.7821
3.7539
3.4290
3.9011
3.5431
3.6897
3.4887
3.5082
3.3785
3.2606
3.4669
3.5548
3.4679
3.4549
3.1686
3.3276
3.4195
3.4541
3.6119
3.3926
3.4406
3.3237
3.4899
3.2344
3.4414
3.3686
3.6098
3.1105
3.3868
2.7837
3.0826
2.8848
3.2521
3.4510
3.4943
3.1650
3.2518
2.9718
3.3429
3.4443
3.5309
3.3973
3.2909
3.1386
3.2678
3.1725
3.2933
3.1884
3.0618
3.3284
3.2590
3.2646
3.2822
3.3156
3.1475
3.5772
3.5502
3.4958
3.6403
3.0909
3.6188
3.4305
2.9763
2.8974
2.7397
3.1648
3.5042
3.1222
3.0990
3.3217
3.0314
3.1934
3.1706
3.5105
3.3675
3.5110
3.3016
3.1015
3.2224
3.1276
3.5734
3.3770
2.9972
3.5062
3.2435
3.1852
3.4117
3.3641
3.4058
3.3583
3.3553
3.3193
3.5804
3.4010
3.5216
3.2625
3.4956
3.2864
3.2036
3.1380
3.3327
3.5145
3.3682
3.3895
3.5004
3.8515
3.6527
3.2280
3.2383
3.1621
3.4409
3.8751
3.4113
3.3139
3.0231
3.4538
3.4089
3.0495
3.3785
3.2991
3.0874
3.0401
3.6835
3.6889
3.6920
3.6376
3.4030
3.1717
3.2165
3.6553
3.4379
3.4343
3.7627
3.3499
3.2782
3.5054
3.6157
3.4212
3.4231
2.7047
3.3795
3.1189
3.4554
3.3291
3.4866
3.6111
3.4592
3.5666
3.3809
3.3849
3.6426
3.4097
3.1711
3.6630
3.5484
3.4060
3.7529
3.7145
3.3065
3.5784
3.1439
2.6702
3.3013
3.3667
3.0632
3.2828
3.6879
3.2713
3.2352
3.0026
3.2232
3.0897
3.5823
3.3467
2.9817
3.4115
3.3134
3.5972
3.2324
3.3688
3.8403
3.5948
3.4030
3.3204
3.3139
3.4257
3.3030
3.1834
3.5913
3.0450
3.1771
3.1270
3.4658
3.0969
3.2041
3.3488
3.4577
3.2449
3.5049
3.5314
3.0956
3.1890
3.0630
3.1170
3.0125
2.7837
2.7980
3.1574
3.2557
3.5470
3.2608
3.4097
3.3256
3.2543
2.7872
2.8420
3.2680
3.2741
3.4659
3.3683
3.3033
3.3575
3.2493
3.3198
3.4383
3.6387
3.5387
3.7243
4.0742
3.6317
3.6027
3.3983
3.5859
3.8365
3.4447
3.6769
3.4527
3.3251
3.4521
3.3480
2.9582
3.5599
3.4927
3.8189
3.5525
3.2363
3.3488
3.1049
3.3041
3.3929
3.0996
3.3153
3.3795
3.4796
3.6254
3.1882
3.0117
3.4510
3.8875
3.5312
3.2757
3.2729
3.3982
3.2298
3.2360
3.4446
3.1827
3.3697
3.2215
3.1539
3.3869
3.3822
3.0275
3.3571
3.2024
3.1692
2.9856
2.9181
3.3427
3.0122
3.1992
3.1252
3.0351
2.9471
3.0350
3.0850
2.9640
3.2320
3.2844
3.3631
3.3091
3.0517
2.8848
3.2297
3.1061
3.4687
3.2589
2.9006
3.5082
3.7769
3.5527
3.6640
3.1325
2.9187
3.3663
3.3737
3.3493
3.1980
3.4785
3.3278
3.4792
3.6319
3.4858
3.2248
3.5459
3.2294
3.3592
3.1131
3.6014
3.3904
3.6790
3.4242
2.9964
3.2303
2.9171
3.3896
3.5216
3.4663
3.3441
3.3411
3.2556
3.1844
3.5166
3.0986
3.4008
3.1886
3.2352
3.1908
3.2728
3.4749
2.9956
3.1999
2.9359
2.9207
2.5462
2.9762
3.0481
3.2200
3.1919
2.8398
3.2439
3.3425
2.7950
3.3920
3.3697
3.3321
3.4184
3.4183
3.2297
3.1621
3.3332
3.2677
3.1754
3.1750
3.1656
3.1511
2.9496
3.3354
3.2681
3.1530
2.9135
3.0438
2.7778
2.7030
3.2110
3.0184
2.9732
3.1508
3.3827
3.3215
3.1345
2.7751
3.2834
3.2059
3.2838
3.4042
3.2841
3.3492
3.0950
3.1366
3.0598
3.0606
3.2027
3.0994
2.9658
3.1610
2.8734
3.1327
3.0724
3.1795
2.9044
3.1863
3.0999
3.0291
3.4142
3.3594
3.1515
3.2033
3.3583
3.3844
3.0141
3.0101
3.3440
3.1418
3.1105
3.3313
3.0291
3.2121
3.1025
2.8973
3.1691
3.2626
3.3963
3.3761
3.3000
3.2158
3.4952
3.4527
3.4234
3.0999
3.1169
2.8651
3.1880
3.2678
3.3182
3.4799
3.2436
3.0501
3.4325
3.2659
3.2713
3.2341
3.8285
3.4932
3.4223
3.4087
3.4067
3.2603
3.3612
3.3060
3.0767
3.1250
3.0775
3.2080
3.1948
3.0365
3.3517
3.2804
3.2374
3.3878
3.0197
3.3841
2.9187
3.0225
3.2076
3.3175
3.5605
3.6510
3.3270
3.8418
3.5992
3.4526
3.1752
3.6684
3.0992
3.5490
3.8508
3.4724
3.3392
3.2787
3.5666
3.5359
3.3633
3.4052
3.4793
3.3638
3.2053
3.0155
3.0212
3.0436
3.3236
3.8204
3.0670
3.6034
3.2428
3.3598
3.4721
3.3015
2.7748
3.1819
3.2113
3.1782
3.1173
3.1007
2.6899
2.6221
3.1278
2.7821
2.8231
3.2816
3.5076
3.6423
3.3952
3.6079
3.0043
3.4539
3.6186
3.3385
3.3861
3.0976
3.4155
2.9218
3.4084
3.0431
3.6454
3.2964
3.2533
3.3052
3.4878
3.3892
3.4102
3.5728
3.5355
3.4033
3.3586
3.4922
3.4955
3.6966
3.6230
3.5624
3.5552
3.4056
3.4043
3.4124
3.3680
3.3859
3.7693
3.8797
3.5904
3.0383
3.2600
3.0899
3.4012
3.6524
3.6208
3.0843
3.2509
3.2362
3.4367
3.3882
3.5418
3.4961
3.8636
3.3889
3.5074
3.0369
3.5283
3.5164
3.4820
3.5313
3.3043
3.4185
3.1806
2.9850
3.4849
3.2149
3.3222
3.1199
3.2991
3.3865
3.6642
3.5654
3.5756
3.4490
3.4861
3.3588
3.0560
3.0901
3.3918
3.2393
3.2137
3.4878
3.1794
3.4118
3.3182
3.3149
3.0360
3.0185
3.0904
3.1537
2.9464
3.4596
3.1805
3.2969
3.2768
2.8203
3.0842
2.9946
2.8296
2.8020
2.6760
3.1440
3.0103
2.8032
3.2179
2.9246
2.9705
2.9647
3.2972
3.1519
3.2324
3.2956
2.8749
3.3568
3.4338
3.6812
3.6044
3.6282
3.4043
3.7677
3.5088
3.2753
3.4280
3.7120
3.6552
3.4582
3.7583
3.3825
3.4344
3.3062
3.1599
3.0773
3.5702
3.4534
3.3534
3.2435
3.1432
2.9333
2.7599
3.1317
2.8791
2.9233
3.0334
2.9477
3.4515
2.9065
3.0573
3.0876
2.9510
3.3065
3.4442
3.0089
3.4751
3.3253
3.0146
3.0870
3.1364
3.2275
3.2707
2.9286
2.6768
2.7745
3.4788
3.4690
3.2631
3.3267
3.4189
3.5486
3.3076
3.4276
3.1673
3.2174
3.3033
2.9185
3.1949
3.1774
3.4711
3.3191
3.6505
3.2574
3.3270
3.2648
3.7321
3.4242
3.4485
3.5886
3.6415
3.5140
3.5414
3.5995
3.9801
3.5093
3.5259
3.5499
3.3998
3.5125
3.5476
3.3088
3.4914
3.7130
3.4254
3.5036
3.5179
3.6048
3.4706
3.5865
3.4421
3.5732
3.5650
3.6074
3.4817
3.2446
3.5171
3.5023
3.2821
3.4595
3.4787
3.2175
2.9201
3.1341
3.1017
3.6286
3.3502
3.3269
3.2522
2.8202
3.2175
3.2571
3.1660
2.9149
2.8350
2.8804
2.9948
3.1076
3.5472
3.0238
2.8855
3.2465
2.8153
2.7807
3.0029
3.3950
3.1584
2.9182
3.2691
3.4249
3.4893
3.1719
3.1706
2.9191
3.2719
3.6102
3.5897
3.2644
3.2146
3.4029
3.3985
3.2749
3.6273
3.8577
3.7727
3.5845
3.5111
3.3464
3.0728
3.5673
3.2282
3.6134
3.4311
3.2904
3.5640
3.4665
3.6049
3.4233
3.4720
3.7413
3.5719
3.7803
3.2034
3.6344
3.5609
3.2410
3.2922
3.2518
3.2138
3.0220
3.4189
3.2078
3.3373
3.4667
3.3080
3.5576
3.4444
3.4104
3.4519
3.1760
3.2512
3.2492
3.2707
3.2803
3.0254
3.3865
3.5901
3.6819
3.5460
3.6698
3.5594
3.5427
3.5225
3.2233
3.5548
3.3484
3.7936
3.4996
3.4436
3.6071
3.4290
3.2853
3.1349
3.4024
3.1482
3.2884
3.2108
3.5331
3.3247
3.1693
3.2832
3.1075
3.3643
3.4170
3.4871
3.5068
3.0255
2.9375
3.3956
3.2566
3.5746
3.6726
3.2337
3.8410
3.6104
3.4905
3.6728
3.5823
3.3432
3.2719
3.4519
3.6486
3.2788
3.3331
3.1867
3.6076
3.4156
3.4333
3.3572
3.5889
3.2089
3.3493
2.9585
3.1649
3.1661
3.2311
3.0654
3.0906
3.3359
3.2661
2.9050
2.9115
3.2695
3.0448
3.7932
3.6799
3.2214
3.2904
3.1589
3.3250
3.3968
3.2666
3.4483
3.0505
3.2943
3.0830
3.5334
3.2175
3.1298
3.1838
3.4732
3.2345
3.4789
3.3499
2.9262
3.0751
2.9673
3.2510
3.3475
3.4883
3.4121
3.0816
3.1949
3.4878
3.5222
3.2919
3.2690
3.5389
3.3098
3.0453
3.3849
3.3761
3.2612
3.4328
3.4588
3.5421
3.3845
3.2120
3.0846
3.3179
3.1451
3.2430
3.2868
3.7431
3.4895
3.3190
3.3493
3.2767
2.8922
3.2123
3.3028
3.4150
3.1231
3.2069
3.5027
3.2654
3.4099
3.0767
3.1221
3.3087
3.0755
2.9728
3.3636
3.0965
3.1030
3.5388
3.6426
3.1709
3.1999
3.1953
3.4414
3.3012
3.0073
3.2802
2.8767
2.8243
3.0019
3.3192
3.3321
3.3942
3.3735
3.2886
3.0693
3.1448
3.3259
3.2227
3.3726
3.1237
3.1123
3.1801
3.1413
3.1704
3.4406
3.1413
3.4489
3.4108
3.2716
3.0801
3.3724
3.5507
3.1094
3.2176
3.1700
3.5617
3.2297
3.4832
3.3180
3.4330
3.0736
3.3844
3.3205
3.2339
3.6208
3.6845
3.4777
3.6327
3.7100
3.6096
3.3651
3.2408
3.5154
2.9204
3.3792
3.5701
3.3956
3.7698
3.1050
3.1640
2.8059
3.1077
3.2697
3.1181
3.1713
3.2655
3.0767
3.1222
3.1238
3.1553
3.4940
3.8210
3.6448
3.4938
3.3848
2.9915
3.1281
3.5108
3.4350
3.3582
3.1669
3.4869
3.0632
3.4939
3.3513
3.1075
3.3877
3.5974
3.3960
3.7393
3.5611
3.4483
3.4530
3.2639
3.3144
3.4866
3.8649
3.5770
3.8013
3.7044
3.7345
3.5588
3.6445
3.2212
3.6281
3.5504
3.4071
3.2033
3.6638
3.7600
3.6543
3.5334
3.3764
3.3933
3.1737
3.1502
3.2263
3.3384
3.3813
3.5112
2.9386
3.4281
3.4090
3.2211
3.3425
3.1693
3.3358
3.5513
3.4390
3.2156
3.1642
3.4920
3.3444
3.2736
3.2047
3.2121
3.3173
3.3413
3.2784
3.3406
3.9459
3.1712
2.8713
2.9800
3.1436
3.2483
3.3046
3.1898
3.5564
3.1036
3.1124
3.1089
3.3104
3.4851
3.5344
3.5888
3.4233
3.2498
3.5255
3.7657
3.6370
3.5637
3.1823
3.3719
3.2773
3.2845
3.3877
3.3499
3.3985
2.9284
3.2204
3.4173
3.3640
2.9342
3.1302
3.1634
3.1702
3.0314
3.2490
2.6947
3.3540
3.4453
3.2400
3.3034
3.3706
3.2419
3.3600
3.0233
2.8405
3.3657
3.2010
3.2862
3.3758
3.5912
3.3691
3.1599
3.0678
3.2842
3.1229
3.4610
3.6126
3.6991
3.5191
3.3318
3.1721
3.2761
3.4184
3.2053
3.2477
3.2397
3.5842
3.6482
3.3081
3.0600
3.5190
3.3326
3.4722
3.5956
3.3145
3.3761
3.1188
2.8128
3.1504
3.4338
3.2294
3.3498
3.3721
3.0943
3.1695
3.0964
3.2586
3.4844
3.7156
3.4300
3.3661
3.6418
3.6099
3.1872
3.1544
3.1293
3.2743
3.3004
3.4081
3.2881
3.5425
3.6314
3.6693
3.3962
3.3914
3.1445
3.3766
3.4105
3.3059
3.7516
3.4469
3.6576
3.7065
3.7144
3.2246
3.6289
3.7000
3.2045
3.6637
3.7864
3.1167
3.1607
3.4356
3.2781
3.6872
3.5103
3.7172
3.7674
3.1446
3.3654
3.2112
3.4376
3.7569
3.6224
3.6960
3.7220
3.2696
3.5476
3.4397
3.4761
3.1791
3.3090
3.4323
3.4942
3.7807
3.6311
3.4153
3.3898
3.4456
3.6063
3.3621
3.6075
3.4166
3.6010
3.8094
3.7949
3.3589
3.1911
3.1118
3.2547
3.4511
3.7193
3.5334
3.5221
3.2901
3.2075
3.5463
3.3784
3.0986
3.1804
3.0065
3.3552
3.2429
3.1859
2.5819
2.8297
3.1996
3.0407
3.0294
3.4056
3.3594
3.3595
3.2107
2.8226
2.6263
3.2478
3.2479
3.1263
2.8814
3.1703
3.0868
2.9110
3.2898
3.2761
3.3387
3.1583
3.3791
2.8299
2.9728
3.4136
3.4980
3.2995
3.1348
3.6613
3.7174
3.6130
3.2971
3.7437
3.4693
3.3449
3.5741
3.6423
3.6653
3.9405
3.6411
3.3838
3.5689
3.5244
3.3103
3.1877
3.4902
3.4587
3.3791
3.7065
3.1513
3.5510
3.7443
3.6244
3.3029
3.0934
3.1597
3.1272
3.4058
3.3074
3.7450
3.3184
3.2378
3.1187
3.1009
3.5858
3.4236
3.9135
3.8126
3.9448
3.7739
3.5084
3.5589
3.7835
3.7092
4.2028
3.8675
3.7094
3.3138
3.6861
3.2823
3.1248
3.2737
3.7507
3.6742
3.5915
3.6730
3.9350
3.6823
3.3803
3.4082
3.2379
3.5248
3.4706
3.1651
3.1452
3.6555
3.7008
3.0524
3.2263
3.2356
3.4790
3.4144
3.1775
3.1571
3.8993
3.6380
3.3945
3.2382
3.1618
3.1281
2.9524
2.9372
3.1201
3.1729
3.1820
2.8286
2.9715
2.6873
2.7626
2.8829
2.5986
2.7042
2.5139
3.0396
3.3475
3.0870
2.7813
3.0480
2.9466
2.7883
2.6863
2.7362
2.5004
2.6712
2.6241
3.2291
3.3478
3.3501
3.3333
3.2699
3.4173
3.1959
2.9750
2.9568
3.0956
3.3639
3.1576
3.3409
3.5706
3.4999
2.8867
2.8149
3.1481
2.9777
2.8241
2.8511
3.2422
2.9742
2.9104
2.9363
2.8355
3.0787
3.6654
3.0860
3.5073
2.9477
2.7212
3.1523
2.6249
3.0683
3.1541
2.9057
2.9427
2.8154
3.0541
2.7447
2.7915
2.8886
2.7763
2.6150
2.3824
2.5441
2.7770
2.6723
2.7130
3.1494
3.3918
3.2253
3.1072
2.7931
3.0224
3.0360
3.0095
2.9915
2.8038
3.2577
3.3354
2.9252
3.0634
3.1069
3.0715
3.5186
3.4438
3.6588
3.2404
2.9690
3.0644
3.1860
3.1394
2.9164
2.7528
3.0343
2.8424
2.9198
2.9678
2.9456
2.6722
2.5702
2.9934
2.7607
2.4642
2.7786
2.7234
2.8709
2.7289
2.6505
2.8070
2.9029
2.8052
2.8913
2.7029
2.5983
3.0602
3.0479
3.2359
2.2214
2.6329
2.6332
2.8168
3.1776
2.9038
3.1686
3.5091
3.1673
3.2385
2.6289
2.7914
2.9153
2.9397
3.1086
2.5727
2.8864
3.0207
2.9895
2.9512
2.6861
2.8821
2.9333
2.9123
2.8413
2.7035
3.0792
3.4574
3.0219
2.9752
2.4250
3.1552
2.8314
2.5848
2.5972
2.3707
2.5522
2.3703
2.4890
2.3017
2.5140
2.6720
2.5478
2.8514
2.5170
2.3844
2.6331
2.5851
2.5076
2.4887
2.4541
2.2556
2.2992
2.6525
2.6330
2.5199
2.5514
2.7651
2.5535
2.7019
2.8820
2.7717
2.6088
2.3552
2.8798
2.7853
2.4094
2.8233
2.6354
2.4814
2.1727
2.8334
2.6518
2.5361
2.8830
2.7471
3.3330
2.9183
3.1023
3.0478
2.8644
2.6222
3.3499
3.4309
3.3054
3.3508
3.1899
3.6192
3.6062
3.5267
2.9463
2.8753
2.5638
2.7615
2.7119
2.7515
2.7041
2.9648
3.0161
3.0355
2.8868
2.7626
2.7579
2.9308
2.8537
2.5145
3.2953
3.4163
2.9210
3.1298
3.0283
2.8071
2.8820
2.9984
2.9223
2.8834
2.7514
2.9864
3.0949
3.2239
3.1303
3.3165
3.2756
2.8996
3.2364
3.3445
3.4414
3.5454
3.3223
3.0251
3.3611
3.3960
3.1793
3.1703
2.9496
3.2515
3.1419
3.2110
3.1808
3.3523
3.1891
3.2295
3.1026
3.4402
3.3619
3.4487
3.3744
3.2486
3.3140
3.6619
3.8971
3.7257
3.3210
3.3888
3.6229
3.5254
3.4774
3.2710
3.1906
3.4607
2.9968
3.0874
3.1587
3.5141
3.3535
3.5511
3.3126
3.0874
3.4573
2.9298
3.2508
3.0522
3.5957
3.1439
3.5310
3.2185
2.8225
3.0731
3.0716
3.1943
3.2726
3.4847
3.2034
3.3164
3.2277
3.5041
3.5020
3.4888
3.0375
3.5604
3.0923
3.8484
3.9647
3.7179
3.6486
3.2817
3.4782
3.5930
3.3387
3.3168
3.9678
3.5898
3.6683
3.5019
3.4288
3.5436
3.4012
3.5916
3.3539
3.5672
3.1477
3.4660
3.1852
3.2713
3.5562
3.3311
3.2509
3.0893
3.4436
3.3459
3.5709
3.6381
3.2091
3.3342
3.3565
3.2187
2.9410
3.6211
3.4356
3.1652
3.1012
3.0769
3.0044
3.1426
2.9470
3.1789
3.4324
2.9185
3.1594
3.1448
3.0370
3.0950
3.6406
3.3636
2.6397
3.1918
3.3432
3.1368
3.2819
2.6289
2.7268
2.5225
3.1381
3.3492
2.9114
3.1869
3.3457
3.2161
2.7694
2.9118
3.2786
3.0958
3.1185
3.1403
3.1564
3.2629
2.8705
3.1686
3.2990
3.5817
3.4129
3.1493
3.0530
3.2271
3.3654
3.3320
3.4392
3.2034
3.5168
3.0991
3.1666
2.6578
2.9453
3.2604
3.1741
3.1820
3.2252
3.3471
3.1535
3.2586
3.0540
3.0258
3.2093
3.1524
2.9857
3.1590
2.9758
2.5206
2.9383
2.4756
3.1090
2.7450
2.6394
2.8022
2.6115
3.2298
3.2880
3.3119
3.1040
2.9274
3.1675
3.2559
3.5281
3.2424
3.3774
2.6847
3.2619
3.0284
2.9797
3.1829
3.3592
3.0984
2.9394
3.1495
3.2484
3.2031
3.1636
3.0802
3.1874
3.2993
3.2697
3.0231
3.0368
3.0141
3.0078
3.3083
3.0856
3.0236
3.1908
3.0567
3.1209
3.5456
3.5144
3.0026
2.8255
2.6202
3.0810
3.0650
3.1918
2.9602
3.2721
3.1631
3.2638
3.1576
3.5428
3.3299
3.1843
2.9786
3.0629
2.7469
2.7986
3.0759
3.4374
3.0569
3.0374
3.1165
3.1993
3.2311
3.1861
3.3422
3.4809
3.7777
3.4896
3.2550
3.1349
3.1337
3.0619
2.9438
2.9445
3.1878
3.1379
3.0257
3.3185
3.1484
3.2245
2.9425
3.1845
3.0437
3.0479
3.3166
2.9983
3.2041
2.8779
3.1010
2.8842
3.0746
2.9080
3.1919
2.9809
3.3209
2.9040
3.0724
3.1908
3.6063
3.4637
3.4011
3.2939
3.2816
2.5648
2.8965
3.2379
3.1366
3.0053
2.9454
3.3643
3.3097
3.2013
3.0800
3.0925
3.5310
3.2222
3.3406
3.1902
2.9874
2.8577
3.2922
2.9761
3.3856
3.0296
3.0484
3.0759
3.4003
3.1919
3.0477
3.0697
3.2847
3.2596
3.3951
3.1348
3.0030
3.1522
3.2161
2.7669
2.7855
3.2002
3.2678
2.8886
2.8836
3.0611
3.1844
3.1021
3.2598
2.8985
3.0177
2.7980
3.0379
2.8652
2.9803
3.1666
2.8807
2.6629
3.5325
3.0719
3.1703
2.8581
3.1733
2.9626
2.7463
3.4504
3.3639
3.0487
3.1049
3.6084
3.1917
2.8612
3.2039
3.2891
3.0833
2.6867
3.2803
3.4378
3.4324
3.2306
3.3613
3.1911
2.9725
3.4658
3.2776
3.4577
3.1058
3.1277
3.2709
3.1298
3.2295
3.5213
3.0779
3.2968
3.2603
3.3972
3.1067
3.1959
3.4854
3.3586
3.4370
3.1147
3.3315
3.1256
3.4219
3.0259
3.2063
3.1603
3.5965
3.6282
3.1130
3.2847
3.1615
3.3393
3.2513
3.2986
3.5036
3.3693
3.6389
3.5161
3.3059
3.3619
3.4662
2.9127
3.3341
3.2165
3.3711
2.9593
3.4249
