86.8906
85.5456
86.1262
86.1401
86.8188
86.3778
87.8514
88.7620
89.2307
87.2662
86.9120
89.0437
90.6226
88.8493
90.0940
90.6382
91.3353
90.4908
92.5173
90.2603
92.3155
90.9296
94.5866
93.0013
92.9250
91.7339
91.3713
92.6659
92.7074
91.1386
91.3134
90.4456
90.6449
90.2294
90.4446
92.8497
93.0672
92.5625
92.3572
92.7413
92.4559
92.9427
91.7057
92.7411
92.7481
93.1352
93.5553
91.6764
92.8247
92.8349
91.7562
92.6943
93.4580
92.8931
92.0360
93.3682
93.6782
93.5199
92.3702
92.4739
91.8943
90.6171
91.6985
92.6208
93.4268
92.4280
93.0993
92.1884
91.4703
91.6869
91.8212
91.3999
92.7058
91.5768
91.5524
91.9507
91.0140
90.9071
90.8910
90.8628
90.8763
91.9023
91.9231
90.8069
91.6148
91.9064
91.7096
90.9735
89.4480
91.3047
92.7623
91.6533
90.9112
90.1763
90.3754
88.7969
88.3822
90.5193
91.5625
90.1707
91.5062
92.2637
93.5106
91.3514
92.4701
89.9505
93.0060
91.3359
92.6351
92.4721
92.8153
92.3722
93.6294
93.5263
92.0133
91.3766
90.3678
89.0977
91.4595
91.4888
90.7866
90.8535
89.2580
89.0958
88.6544
89.8155
87.7590
89.4708
89.2106
89.9051
89.8953
89.2118
90.0954
90.2392
90.3000
91.5001
90.8312
91.9514
90.7388
90.8626
90.2181
91.7382
91.5145
91.7657
91.9174
90.9388
93.7148
94.1391
94.0258
92.4803
92.5465
92.8384
91.9460
92.3406
92.2015
92.3526
92.6902
92.3403
91.4726
93.3340
93.3658
93.8185
93.4497
93.6753
95.2538
93.2954
94.9705
93.8562
94.2642
93.7083
92.6303
93.3636
92.1015
94.2049
94.4557
93.4201
92.6677
92.6864
92.0404
90.8892
90.6177
90.3145
89.7243
89.0577
88.0047
91.0913
90.0825
91.7574
94.1970
95.8329
94.4889
94.1769
95.0217
94.9457
96.4281
97.1100
97.8511
97.1953
97.2947
97.2336
96.7111
98.1304
96.6126
96.8803
97.9747
97.8396
98.5926
97.9748
97.7284
95.8842
94.6798
92.9999
95.1449
94.7694
94.4794
94.3806
94.5491
96.6295
97.2203
97.1589
99.7997
99.0277
98.7385
98.0348
99.1443
97.3430
97.2963
96.6779
98.7257
99.6120
97.3464
96.1100
97.0313
96.5859
97.4643
96.8347
97.8402
96.5553
94.9136
94.0928
96.4541
95.9802
94.0219
94.2740
96.8213
97.2670
97.3162
95.5872
96.1870
94.0784
94.7281
95.5666
96.8211
94.0996
97.0353
95.5788
96.5654
96.3498
94.9878
94.9303
94.4143
93.4487
93.1417
92.7041
93.4721
94.1099
94.2235
93.6900
92.9925
92.7597
92.8515
92.8968
93.0566
92.5904
92.8920
92.9794
94.0676
93.5132
91.8716
92.4734
92.3455
92.2640
92.9173
92.0670
91.9590
91.0104
92.3176
92.2992
91.4170
93.0680
92.4836
92.1782
93.2602
93.3647
93.6706
93.4448
93.5002
93.6103
92.8963
94.3103
93.7718
93.5781
92.8010
94.1298
94.4924
95.5200
95.7857
94.9176
95.1017
93.8962
95.3389
94.6480
93.7111
94.0921
93.9807
93.7960
95.0362
95.6241
94.1599
95.5002
93.3842
94.4980
93.9114
93.8756
93.5284
92.4210
93.9638
94.5113
94.9230
95.8121
94.1831
92.0227
92.3752
92.5728
94.9146
93.9748
96.1639
95.6257
96.1657
96.9045
95.8142
96.1249
96.9239
96.1109
96.3609
94.3894
95.0150
94.0326
97.6801
96.9119
99.1848
97.8404
98.5617
98.1444
97.9375
97.2524
99.1195
97.6746
98.3519
96.9490
97.2983
98.5843
98.1609
98.8661
101.3443
101.9925
100.6222
101.4025
101.3196
101.5923
99.5051
101.4036
99.0703
98.8141
98.0046
99.2905
99.5955
100.8136
99.9876
100.6607
100.3225
99.9060
101.9583
101.6852
101.7634
100.6538
100.9225
101.7961
103.3521
101.8354
103.8459
104.1039
102.7975
102.6179
102.1155
103.1584
103.6200
102.0176
102.8062
103.3340
103.8664
104.4860
103.9439
103.8791
105.8795
104.8410
103.8843
101.6844
101.4933
101.4217
101.3812
101.7323
102.3044
101.8675
101.6347
102.7549
102.2426
101.7934
99.6184
99.6389
100.4913
101.0089
101.3438
101.3372
101.9229
100.0669
98.5767
102.6281
101.6022
102.2204
103.7945
102.4499
102.6406
103.6535
105.1718
103.6886
105.2007
104.5844
103.8030
104.3420
104.1100
103.7823
105.2062
101.8312
104.0190
104.6472
102.5429
105.5016
106.9412
106.0411
106.4676
105.2951
103.7242
103.8906
103.3894
103.7638
103.8342
103.7611
101.0743
100.5421
101.3005
101.3373
101.4312
99.8875
101.2969
101.0746
99.5758
99.2982
100.5281
99.3504
101.1043
99.9941
99.7547
100.9744
100.9114
100.6356
100.0877
99.6226
99.8471
98.5610
101.8657
100.6698
100.2432
101.1010
98.6832
100.7370
101.4048
101.8945
100.5762
101.8040
100.4833
100.7190
100.9591
99.7061
99.7693
102.2211
102.3702
101.0090
103.0662
102.3020
103.2779
101.6101
100.1144
99.9658
100.2596
98.9930
101.4865
101.4690
102.9251
103.4053
102.7509
102.8779
103.1407
101.8670
101.3119
100.6913
101.7626
102.3135
101.2321
100.8496
99.6754
100.1891
97.6698
98.5968
99.4374
98.4563
99.2369
97.8828
97.9210
99.6982
99.1955
98.8845
98.5740
98.9744
99.6540
97.4774
98.7360
97.9282
98.2042
97.6988
98.2871
96.5630
96.6084
95.4486
96.5442
95.3447
94.4082
93.5960
94.2102
94.5731
95.8632
96.9015
95.6813
94.7323
94.5648
93.3334
94.9217
93.8924
91.5331
91.9165
92.4706
92.4479
92.0347
91.6628
91.5308
92.5918
92.3900
93.3128
93.5216
94.3732
92.6401
93.7118
95.2268
91.2088
92.2424
90.4848
91.0488
90.0137
91.5195
91.0910
91.3160
92.3048
92.3722
90.9080
89.8881
89.7512
88.5965
87.2072
87.5069
88.8069
87.5289
87.2988
87.3144
89.7059
88.8240
88.0220
88.6342
88.4911
89.1334
89.5749
88.7505
88.5010
89.6585
89.9936
90.1305
90.6130
91.4634
92.2282
93.2735
92.2109
92.5344
91.7813
92.0513
92.3706
92.0422
88.6475
89.3196
88.3142
87.7606
88.1670
89.2739
88.3281
87.7119
88.4952
91.1012
88.8591
88.8567
89.0823
88.7018
89.9724
90.2640
89.6170
91.2572
90.9716
90.7612
91.3429
91.7690
92.1202
90.1231
89.3285
88.4554
89.9642
89.0487
88.9778
87.3629
86.7360
86.9343
86.6083
87.4050
87.9605
89.2267
88.4768
90.8158
88.1610
90.2045
90.9695
90.5811
90.1136
90.9317
91.6369
89.1290
90.0732
90.4377
91.5064
92.0431
90.4733
90.0428
87.9922
89.0894
89.7570
89.3064
89.3140
90.4308
91.3941
90.6573
89.4302
89.1134
88.9135
89.4504
89.5207
89.9394
90.1475
88.4469
86.7777
86.3733
85.5548
84.9677
84.4278
85.6152
85.7583
86.9909
85.8016
85.1579
87.1958
87.2329
86.8723
86.1766
86.9953
86.8625
86.7386
87.5362
86.9463
88.7475
88.6719
87.3439
88.0172
89.9032
89.1436
89.7266
90.1940
87.2784
86.9037
87.6563
88.0287
87.8106
88.2448
87.9207
87.6645
86.7267
85.7680
85.7911
86.3383
87.7675
86.8124
86.7051
87.4352
87.9729
89.2793
89.4540
88.9836
89.5249
87.6929
87.3294
88.3580
89.1573
89.2656
89.3253
87.3460
88.1589
86.8892
88.3381
88.6042
88.1052
85.7177
85.2914
85.1380
85.9014
85.9412
85.9093
84.5667
85.3149
84.3751
84.3876
86.0902
87.0332
85.5660
83.7171
85.6267
86.5901
85.3696
86.0336
86.6736
86.8526
86.5753
84.9627
85.5732
86.4798
86.9929
87.1292
87.4863
85.8317
85.9972
87.9478
87.8486
88.0769
88.1387
87.9381
87.4424
87.4420
86.5824
87.6778
86.7172
86.7285
87.0099
87.3728
87.6619
88.0911
87.2366
86.1664
87.1745
87.4579
86.5481
85.8447
87.3103
87.4152
86.5815
89.7489
88.1755
88.4164
88.0095
85.7371
87.9661
87.1585
87.1758
85.9925
85.2423
86.1462
85.5980
84.6566
85.1941
85.2604
84.5069
83.8538
86.1186
87.1080
87.6024
86.4026
85.0577
86.3234
85.8770
84.9602
85.0646
84.5120
86.1494
83.6905
87.0535
84.9472
85.2770
85.5545
86.0660
85.9432
87.9210
88.9297
88.0514
89.2310
89.6063
86.6303
88.1948
87.8280
87.4148
87.3615
86.3130
85.9263
86.4260
87.2484
86.9442
87.3086
88.7910
87.2194
86.7722
86.2171
86.9567
87.3183
86.7177
87.0951
85.7786
87.0423
86.0082
86.8727
86.1223
86.7956
85.4490
85.4604
84.7702
83.6781
83.2790
84.0125
83.4115
83.0964
84.3658
85.5883
86.0525
85.0341
85.4245
84.2303
84.3205
84.2390
85.1814
85.0650
87.7496
86.9420
85.2682
85.0026
84.8948
84.3085
85.6605
85.7330
83.9591
85.0075
85.0470
82.4257
81.9015
82.9001
83.4149
84.2552
84.4962
83.1458
84.1176
83.1717
83.2800
84.2218
85.6680
86.5420
86.2161
87.3627
89.2734
87.0436
85.9264
86.1680
87.0869
87.2215
86.5759
85.7966
86.2779
87.0940
86.6933
86.0533
87.0750
85.3822
84.6770
85.1914
86.4805
86.1205
82.5911
84.3132
84.7937
85.5076
85.4097
86.5464
85.7566
85.0315
85.5918
85.1963
86.6488
86.5748
85.9013
84.9534
85.0934
87.6743
86.2218
88.0561
88.4041
85.9646
87.3085
88.4518
90.2348
90.3018
90.6895
90.1106
89.2058
89.4288
90.3840
88.7540
88.9658
89.0603
90.0561
90.2100
90.7942
89.7900
88.6729
89.1380
89.0170
87.4968
85.8671
86.3245
86.0202
85.5764
85.1083
86.2999
84.8325
85.3619
86.3599
85.7545
86.7253
88.4627
88.5220
88.6854
88.4282
87.6710
88.6305
88.6173
88.4564
88.5524
89.2930
88.2657
86.7022
87.2490
88.3345
88.8159
86.7368
86.2593
84.7913
87.2790
85.1765
86.4675
87.1004
86.1829
85.4208
86.7759
86.4578
85.3035
85.4998
85.5230
85.8777
87.4075
86.8521
85.8962
85.3304
85.2321
82.7121
84.8014
83.6378
82.6757
82.7086
83.4689
82.9375
83.5495
83.2382
83.0103
84.0801
84.1029
85.4638
85.1851
84.0469
84.4099
85.3132
84.5231
84.9789
84.8199
85.0866
84.1406
84.3250
85.2660
85.9743
84.4449
86.2580
86.1607
84.7391
84.9335
84.3677
82.5687
82.9300
83.4629
83.4365
82.0044
82.4129
84.3691
84.0026
83.1981
85.2592
82.9782
83.3996
83.8217
84.0689
85.0507
85.5322
84.1229
84.2942
84.4947
85.1556
83.6181
84.9342
84.7654
86.7228
86.3141
87.1411
87.1469
89.2906
88.9720
87.3695
87.6237
86.2842
87.4195
87.3421
88.0353
87.5579
87.0025
84.4554
87.0046
86.2419
86.8814
87.5889
87.4348
86.3630
86.2169
86.7203
85.2794
86.2307
86.2394
86.0020
87.7676
86.5434
84.5386
84.4479
85.9285
86.3104
87.0901
85.8144
84.8745
83.1668
84.2343
84.1791
83.4496
82.6991
83.5001
83.4165
84.2743
85.1628
85.3371
85.0893
84.5143
87.3117
85.6559
85.2788
85.1074
84.7109
84.9065
85.1853
86.7058
86.3508
84.6910
84.2219
82.6653
83.3094
82.9299
84.1476
84.3511
84.2172
83.6779
85.0815
86.2771
85.7104
85.6922
86.1608
85.6276
84.9800
84.8373
85.0025
84.1883
84.7072
86.4133
85.4617
84.2515
85.2583
84.3483
84.2993
83.3408
84.4941
83.1806
83.9864
82.7653
84.1880
84.7213
83.2064
83.4105
83.4571
81.9384
83.6113
83.0289
84.3348
83.3261
81.6855
81.9607
82.2798
82.5159
83.5189
82.7973
81.4988
81.5073
80.2222
81.3862
80.0342
80.7827
80.9552
79.9346
80.1371
80.0402
78.0843
77.4562
77.4582
76.0246
78.0827
77.5966
77.3325
78.3086
77.7909
76.7314
76.9425
75.5010
76.1885
77.0461
75.0550
75.3573
76.2990
76.5042
76.3357
76.4362
76.8499
75.6982
76.6999
75.5827
76.9690
76.3242
76.1180
77.1032
76.7938
76.5171
76.8225
77.3848
77.8607
78.2938
80.1047
80.6172
81.1282
80.6478
79.3040
79.6681
80.4680
80.4526
79.7983
80.6488
81.5024
80.4511
81.2068
81.6966
80.4905
80.8719
79.3623
79.9345
79.0644
79.3427
79.8044
79.5831
79.8585
80.1204
78.1877
77.5322
77.6681
78.3551
76.8524
78.4658
79.6096
78.3033
77.9147
78.0660
77.7841
76.5722
76.5924
75.3318
77.4191
78.9705
76.5206
77.4821
77.1479
76.5151
76.2515
76.5827
76.4208
77.8955
77.4902
76.5124
76.3772
75.7870
76.9745
77.2347
77.7625
77.9211
78.0589
76.9297
77.2476
76.4743
77.1156
77.1631
76.2726
75.8917
76.1115
79.1186
78.4348
78.2271
78.5324
77.6110
77.9846
79.4965
79.5607
79.0086
78.4914
79.2914
80.3010
80.5757
81.5592
81.8858
81.0122
80.5527
80.7605
80.1684
80.7196
79.6631
80.1505
82.2607
81.8622
81.5238
79.5592
80.7033
81.3699
81.7970
82.1410
81.8987
82.1037
82.8125
81.0321
82.0149
81.6590
79.9532
80.4670
81.1894
82.0979
81.9815
82.0222
81.1199
79.2209
81.6944
80.2595
80.5267
79.0617
78.5128
79.7555
77.9471
77.7698
77.5168
77.1282
77.7736
78.4352
79.9254
78.5979
79.6269
80.5740
80.8934
80.1868
80.8164
81.7301
79.9694
79.8318
81.0603
80.0384
79.9595
81.1593
80.0566
79.9985
79.3836
79.1080
80.1533
79.1834
78.2608
79.5572
79.3260
79.0168
79.8196
80.8722
79.7277
79.8568
79.4699
79.0826
79.4206
79.0800
78.8859
79.0370
79.6349
78.9661
80.2340
78.4555
78.8886
81.7015
81.9993
79.5718
80.3601
78.6462
77.7638
80.3844
79.6179
78.5183
79.1189
78.3249
79.0600
78.0315
78.9549
78.7547
78.3809
80.6748
79.2098
81.4033
80.7688
80.4526
79.4607
79.9686
79.7323
78.6866
79.1647
78.3266
79.4928
78.7372
78.5762
79.5808
79.3234
78.9453
78.1119
79.6425
78.8126
78.6816
78.1452
78.7527
79.5600
80.2977
79.9536
79.5714
77.3930
77.8677
77.1923
78.0156
78.7398
78.5414
79.1389
80.5448
79.3973
77.5757
77.7950
77.9403
78.8267
78.7739
77.8814
79.4921
79.0917
79.8391
79.4826
80.5348
80.3124
79.5316
77.1797
78.3190
78.6107
81.0190
79.7769
80.0113
79.4360
79.4860
79.2180
79.7040
79.8719
79.7934
78.8493
79.4600
78.2308
78.1340
77.8879
78.5961
77.1784
76.1961
78.0129
77.3836
76.8264
76.4991
77.2918
77.1596
78.6149
77.3365
77.4962
77.1354
76.6136
76.7143
73.9969
74.2880
75.7986
75.8287
75.5346
75.0608
75.1906
75.8968
76.7560
77.2715
76.3636
76.6779
79.0127
78.1720
79.2814
79.0075
79.0206
78.6294
77.7700
77.6979
76.9224
76.1984
76.7819
76.9591
76.9680
76.9165
76.3162
76.6205
75.7239
75.2644
75.5001
76.8815
76.2957
77.8129
77.3354
78.3557
77.4630
76.6046
77.0315
76.3698
74.5382
76.3417
75.9985
75.5661
75.6517
75.8805
75.6267
76.6067
74.6127
74.6428
75.0692
75.1619
76.0600
75.5704
76.1217
75.1395
77.5679
76.7958
76.7241
76.0275
77.8387
78.3147
77.8140
78.7567
77.0779
75.7878
77.0587
77.8098
76.9909
77.1975
78.0178
76.5361
77.7771
77.6191
76.5349
75.6685
75.9635
77.0363
75.5896
76.6491
78.3436
76.8610
75.3911
75.7598
76.1007
77.1150
76.7999
77.2366
75.6608
76.3254
76.4651
74.8770
76.7355
75.9285
76.3538
78.1637
76.2036
76.7101
77.2127
77.0818
76.2938
76.4909
76.2842
76.0625
75.4433
78.6483
77.5041
77.8400
77.5806
78.4860
77.9281
79.1952
77.9016
77.1917
77.8183
77.3565
77.6237
77.2151
78.0690
76.8131
75.6128
76.6082
75.8328
75.8807
77.5803
77.8237
74.9906
76.2177
75.2600
74.8354
75.7611
75.4434
75.5620
75.5699
75.3939
75.0154
76.9801
74.6923
74.3829
74.0197
74.3814
74.8112
75.5396
76.4832
77.1639
76.2016
76.1937
76.5074
76.5933
75.7255
74.8009
75.3715
76.3184
76.2371
76.0673
76.3453
75.5556
75.7457
74.6622
75.5597
75.5884
75.1065
75.3694
77.1131
77.2723
77.3241
77.5688
77.6465
76.4449
76.3801
76.9949
77.5099
76.8806
75.0728
76.6731
77.2009
77.4761
77.1753
76.2557
76.1309
77.5579
78.1890
76.0346
76.5433
75.2432
74.7235
74.1979
73.9250
74.0587
75.4405
76.8225
77.6882
77.2271
78.0779
77.3078
76.6721
76.4181
76.6704
76.1104
76.3673
74.9581
74.2984
74.9897
75.4830
74.9715
75.8409
73.5475
75.5590
73.5490
74.9486
75.3361
75.7893
73.2438
74.4067
75.8561
75.5997
75.7741
75.1678
75.6023
75.2599
75.1318
72.7010
73.6919
74.4172
74.3465
73.4482
73.7430
74.2128
72.7418
73.3968
73.1944
73.6437
74.0902
72.7672
72.5780
74.0513
73.6130
73.9657
74.9410
74.2756
74.7906
74.0709
72.6766
74.3803
73.9491
75.2627
74.4560
75.6292
74.1448
73.9635
72.7548
73.1100
72.1210
73.3851
72.0437
72.0863
72.2233
72.5745
73.7200
72.9895
73.1199
71.4420
71.3528
70.8948
71.8806
72.0927
72.6898
72.8359
73.2053
73.0844
71.1921
71.0502
71.6235
71.4954
72.2125
72.8334
73.2146
72.2406
71.8306
71.2993
72.7494
72.5198
71.4852
73.2120
73.0271
73.3824
72.3655
73.5623
72.8851
72.5873
73.7239
74.1732
73.9433
73.6586
75.0968
73.7718
72.7373
72.4534
73.2601
74.1262
74.6575
73.5911
73.2135
73.6404
72.9585
73.1790
74.6683
73.6453
75.0904
72.6584
73.9759
73.8515
72.2905
72.7733
71.9492
72.9303
73.0910
73.5993
73.0487
73.0973
72.4416
72.8081
72.8024
70.9432
71.5048
70.1391
69.6378
71.5130
71.8758
72.1256
73.6604
72.4424
72.2988
71.6366
70.9400
71.0096
70.3382
69.9104
70.2524
70.9604
71.2779
71.6583
71.8864
70.8908
71.2090
70.7172
72.3795
72.4284
70.8174
71.5721
71.1352
71.4954
71.4419
70.9064
70.7829
71.0335
71.6991
71.1353
70.6088
70.7486
71.3895
72.0252
72.6741
72.0521
73.7178
73.8229
74.7819
75.0892
73.7920
73.2300
73.6179
73.7873
73.4717
73.3929
73.1495
73.7088
73.9519
73.9189
75.4076
74.1283
74.2392
75.4747
74.6437
73.7827
75.1685
76.0530
76.7046
76.2366
75.8311
75.1874
74.9831
76.0962
76.7718
77.5601
79.5993
79.4029
78.0696
79.7643
79.3490
79.8477
79.6412
80.6810
79.8089
79.9332
80.0954
78.5626
79.6704
80.6994
80.9454
82.0226
81.8580
82.0021
80.3120
81.8889
82.9040
79.9608
78.7704
80.6226
80.3346
81.1087
81.4590
78.8173
79.0316
78.4517
78.4893
80.0409
79.5860
80.2508
79.0771
78.2253
79.9568
81.2421
82.0029
82.8763
82.1714
81.1455
82.1176
81.0006
79.7773
79.7836
80.0319
80.2022
77.8399
77.5855
77.6057
78.2137
80.0573
78.4393
81.0228
81.3973
81.6903
80.6901
81.5356
81.4788
81.1033
82.1186
82.1047
82.8234
83.8328
80.8290
81.1212
80.8723
79.7018
80.4449
80.2732
80.0366
79.2069
81.0766
81.7117
81.1301
79.8891
82.2553
81.9520
81.7552
82.0207
81.8761
80.8028
80.1968
79.6191
78.9568
78.4604
78.8664
78.3093
77.8952
77.7441
76.2732
77.4217
76.4873
75.8673
75.5538
75.4761
77.1023
75.6087
77.9446
77.5516
77.9959
79.2134
78.2530
78.3496
79.1201
78.6769
77.8160
77.4780
77.4986
77.3824
77.6110
77.3397
76.7279
76.6485
77.1752
78.0648
78.5883
77.8774
78.7628
78.2020
79.5317
79.4204
79.6043
77.9803
78.4928
78.8446
78.8691
78.7501
78.2697
78.8754
77.9033
78.0899
77.2082
78.3668
78.0746
78.4537
77.0518
78.4468
78.4537
78.5420
77.0578
75.5870
75.5751
76.5189
77.6260
77.4341
76.8172
80.1992
78.8130
79.8195
79.9501
80.2923
78.4773
79.7053
81.1135
81.4653
80.6476
79.6782
81.6038
81.7067
79.8359
79.8250
79.5413
80.6809
83.0679
83.0511
82.5810
84.1552
82.1777
81.9309
81.1887
82.6117
79.9162
82.1243
82.7930
82.5165
81.1008
83.5298
81.7825
81.5645
82.3687
81.9273
81.9634
82.5264
81.2209
80.5616
78.7203
79.8576
81.1285
81.4081
80.3388
80.6835
82.6365
82.2706
82.1974
81.8825
83.0873
82.3026
83.1616
81.9985
83.0664
82.1093
83.0740
84.1389
84.2628
84.3660
82.6503
81.8175
81.3798
81.8586
80.1782
82.0670
83.0479
82.0807
82.8493
82.4895
84.3257
83.6176
81.4373
80.1374
81.4393
82.5382
81.8190
83.0363
82.5348
82.6157
83.1942
83.0212
82.5531
81.4380
81.9867
81.4113
82.0053
81.9473
80.7426
80.2614
81.7408
82.7484
80.8993
81.0538
81.3421
82.2531
81.8016
82.8649
82.8107
83.1660
81.4062
81.1513
82.3115
82.8037
81.8845
82.8350
82.7160
82.8280
81.0568
78.8216
78.5760
78.5199
79.5566
79.4706
80.1161
80.5383
78.8176
80.3578
78.7931
79.0467
78.4621
80.1834
80.2710
78.4992
79.8558
79.6018
79.0257
81.3551
80.0944
79.9467
78.4932
79.3302
80.9555
81.1153
79.6699
78.7288
79.6983
78.3373
77.7110
77.3952
78.1655
77.6440
78.4784
78.5938
78.0552
76.5364
76.7654
78.3420
79.4102
77.2318
76.7621
75.4175
76.6507
77.6985
77.5810
76.8405
76.9558
76.7896
77.1788
79.1312
79.1708
79.7179
79.4841
79.1651
78.5381
79.7863
79.1901
80.1863
79.2747
80.5494
78.5152
78.4425
78.4364
80.6561
79.3039
78.9859
79.9795
78.9196
79.4206
79.6388
80.5252
80.8840
79.4497
77.9523
79.0415
78.9925
79.2477
79.8487
79.5385
79.2689
80.6287
80.3167
80.1131
79.2329
79.6767
80.7228
80.5206
79.7455
78.0348
77.7974
78.5760
77.7177
79.2676
79.4264
79.1110
77.6194
80.0190
79.9773
80.1137
79.3591
79.5559
79.5128
78.0211
77.5335
77.1541
76.9862
77.6139
78.6173
76.9401
76.1312
77.2972
79.5426
78.4476
78.1850
79.3510
79.4329
77.9799
78.7825
78.7684
78.3182
78.3832
76.9459
77.4023
78.1566
76.9854
77.7702
78.0058
78.3460
79.2267
80.0406
78.7624
78.6577
77.7634
79.2135
79.4250
78.8251
77.4770
78.0507
77.9759
77.9421
76.6714
78.0046
79.1215
79.3422
77.7792
76.9397
77.5878
77.2692
77.7019
78.4341
78.4712
76.9587
76.5288
76.7084
76.9474
76.3186
76.6123
77.0787
75.9224
76.1685
77.3002
78.0699
76.2954
78.7819
79.3806
78.1772
78.7125
78.7379
79.1119
78.2252
78.6617
79.2749
80.4985
80.9636
79.4871
83.0929
83.0375
83.2880
83.2457
81.2100
81.0476
81.0618
82.0983
82.1724
82.2485
83.8598
82.7095
81.9615
83.0120
83.3030
84.1243
80.5148
80.5907
79.7839
79.5719
80.5383
81.9554
82.3540
82.5766
82.8231
82.2349
81.8379
81.8567
81.7923
82.0415
81.5867
82.1149
82.2061
83.0178
81.5942
82.7647
83.2822
83.6497
83.4995
82.9743
83.6298
82.7729
82.5331
84.5533
83.1262
82.5548
82.1928
81.6219
81.9940
83.3741
83.1747
82.7795
81.4538
81.5481
82.5319
81.9088
83.1759
83.8913
84.2089
82.7456
82.1145
83.0301
84.3186
83.8283
82.1935
81.5886
82.5480
81.4800
81.6968
81.4115
81.4603
81.7724
81.9005
82.0407
81.4151
82.3590
82.7664
83.5312
84.6006
82.3733
81.5329
82.9098
84.3625
83.6260
85.8388
84.3504
83.7394
83.5180
84.2868
85.1886
83.5724
83.3826
82.2712
82.0960
82.3286
81.7022
82.7678
81.6022
83.1045
84.1104
84.7561
82.4864
82.3469
82.9235
83.3470
82.5765
82.4200
83.0029
83.0373
82.3176
81.9833
82.1353
81.5262
81.8349
82.8884
82.9940
83.1047
82.5324
82.2762
81.4228
81.6133
82.9792
82.9680
83.1901
83.8575
82.6572
82.1488
81.7981
83.8780
81.6773
81.9401
82.1249
82.4616
82.6655
83.4614
81.1685
82.6747
83.1869
82.6626
81.3766
81.8535
81.6496
80.2813
79.5141
81.8615
81.3340
80.5689
81.5235
82.4277
83.7434
83.0801
83.0612
82.2490
83.5958
84.1302
82.9266
82.7806
81.8467
83.1031
83.6266
83.4922
83.7696
83.6359
82.7167
84.8438
83.2166
81.4891
81.3436
82.4395
81.4877
82.9642
84.0813
81.8752
82.5568
83.3145
82.7009
83.2994
83.9482
87.0936
84.8592
86.7360
85.3939
84.2931
84.6863
83.5335
85.5311
84.8972
85.8232
84.5914
83.6188
84.3399
83.3476
84.5453
83.3085
82.9433
85.2991
84.3617
84.1618
83.1354
85.8154
84.9156
84.3175
85.8821
84.5269
84.9850
83.9676
84.0377
84.4830
86.0356
84.2377
84.2793
85.1782
82.7149
83.2913
82.8274
80.6163
81.4689
81.9456
81.6586
82.0803
81.1806
82.6323
82.1904
81.9988
85.1584
82.2601
83.4631
82.3525
82.7437
83.7264
82.7426
82.7043
82.8849
81.7880
81.7257
82.7501
82.9843
82.8132
82.9394
81.1150
82.0401
81.6161
81.8777
82.7134
81.4430
82.1515
83.1381
82.0323
83.8135
84.4665
84.4422
85.4774
85.1013
85.4003
84.7355
84.7575
85.5074
84.6428
85.3504
85.4385
84.6271
82.8939
84.0199
84.6137
85.5058
86.5631
85.1350
85.2597
82.9651
84.6836
86.4690
85.8586
85.6009
84.4414
84.3771
86.6298
85.3387
86.0578
85.2700
86.0161
87.0915
86.7864
85.0102
84.6536
87.4954
85.8486
86.0174
85.8956
85.7700
84.7945
86.0763
85.6506
85.4511
85.0614
84.6119
84.9054
85.5748
83.7655
84.6120
85.4271
84.7944
85.1004
85.6996
86.4258
85.7178
87.4025
86.8817
85.9139
86.6747
87.5637
89.1290
87.5457
87.8339
89.1680
89.1254
89.6840
89.9269
87.0904
86.6035
87.1850
86.5190
87.4237
86.1018
85.6416
85.8030
86.4021
85.7659
84.7546
85.3793
85.6511
87.5038
87.7109
85.2049
84.4500
85.6474
85.0703
85.1438
83.9053
85.8361
83.8894
84.7336
84.8664
86.2846
85.5352
84.0865
85.7769
86.4768
86.4409
86.0736
86.5813
86.3042
86.7887
86.7647
86.8748
89.2120
88.4426
88.0229
86.8177
88.3008
87.6312
86.4133
87.5188
88.1031
86.5730
86.9545
87.0242
85.7753
85.8339
85.3961
86.1972
85.7589
87.0620
88.0806
86.4264
87.2096
85.9658
85.6503
86.9065
88.4918
88.6601
88.0574
89.8596
90.7902
89.1713
89.3489
89.4817
89.8726
88.3744
87.6464
88.5609
87.5088
86.4512
85.6045
85.0910
85.0093
84.8514
86.0132
85.1324
83.7106
84.9738
85.0630
85.6106
85.7909
84.3843
83.8537
84.4335
85.4167
85.6168
86.5800
85.3173
83.7676
84.4775
84.7826
84.7661
84.3942
85.7573
83.8817
84.4211
84.0731
84.0684
83.6305
84.2469
84.9002
83.9097
81.8283
83.1984
83.8936
84.0186
83.9343
83.0624
82.9285
83.8181
83.4309
82.4878
83.2211
82.4446
81.2862
81.5185
80.4204
81.1017
80.3376
82.1831
83.7607
82.8669
84.5845
82.5347
83.2445
84.2793
85.1031
85.1611
84.5160
82.5147
84.1576
83.1715
83.1360
85.4819
85.6997
84.8491
84.3099
82.1012
84.5077
83.3348
83.9148
85.4364
84.3156
83.4772
84.4012
85.1970
85.4135
84.8918
84.8508
85.5508
86.2929
84.2727
85.9375
85.4955
86.1485
85.0759
88.1118
87.0219
86.6527
87.4198
87.7001
85.6832
86.8548
84.3042
84.6455
83.6477
84.9670
85.2221
86.6091
83.6605
83.9308
85.3010
85.6846
86.7163
84.1280
86.3879
85.6782
85.2022
84.1950
84.9068
83.8881
84.6710
83.2851
84.2607
85.0293
84.5674
85.4895
85.2544
83.0230
84.3715
85.5404
83.1145
83.7479
83.0987
83.2074
82.9735
81.0459
83.3826
83.6371
84.8849
84.5808
85.5722
84.9028
84.0527
83.4259
84.2100
84.6394
85.1667
83.8685
84.5330
83.5488
84.6716
85.0607
85.8833
83.8595
85.1107
84.0089
85.0478
84.5402
85.6438
83.7557
84.3052
83.4675
85.7531
85.5187
87.2198
87.3992
86.1772
86.8171
86.1736
86.2520
86.5782
86.9297
86.2801
85.2164
87.7492
88.3386
88.0031
85.3582
87.2035
85.5137
86.5803
85.5897
86.2574
85.1620
85.7632
86.0577
87.8319
86.7048
85.3483
84.8090
86.0072
85.4936
86.2502
86.7625
86.4995
86.8629
86.9146
87.0489
85.9015
84.5613
85.3391
85.9974
84.4406
85.5366
84.5141
84.6209
83.9543
84.2533
84.9356
84.5804
87.7275
86.7925
86.7376
84.7116
85.7668
86.2408
87.8298
85.9406
86.3373
85.9377
85.1483
84.8229
83.8108
84.6644
84.4417
85.6221
85.4314
84.1290
85.0186
83.4291
83.5665
83.8921
83.7945
85.2701
83.5690
84.5112
84.5663
84.6890
84.5573
84.1875
84.4493
84.6746
83.9059
85.4095
82.4758
83.5833
84.2449
83.7663
84.4749
84.5814
84.3007
83.8454
85.6438
86.4278
85.7054
86.1989
83.7509
84.0269
85.6651
84.5172
82.0782
84.3863
84.9053
82.2989
82.8474
83.1121
83.9261
83.8177
83.1846
84.0388
83.7530
84.8206
81.7689
83.3497
82.1654
82.6424
81.9220
83.7499
83.9584
81.6692
83.0876
82.8372
82.3298
82.3290
81.7718
82.2254
82.8177
81.6415
81.5192
82.6289
83.0080
82.3524
81.6997
81.9111
81.6972
83.0678
82.7851
82.6535
82.2680
81.6150
83.5302
85.3736
83.9313
85.5174
84.9341
82.3757
82.0710
83.1724
81.2004
82.4629
81.3234
81.6034
82.3035
82.8960
83.3959
82.3191
82.1105
81.1302
80.1442
81.8854
80.9700
80.7706
80.9967
82.1351
79.3279
80.5188
78.2285
79.5388
81.0243
80.1332
80.7121
80.9105
81.3412
81.8095
80.0259
81.8371
81.8738
80.5831
81.2548
81.6497
81.6064
81.0806
81.0841
82.1351
81.3845
81.1905
82.5355
82.9600
83.6033
83.4004
84.2226
84.0816
84.2652
83.7637
82.6633
84.0006
84.7987
85.4892
84.5890
84.7638
83.5969
83.7545
82.7974
83.7567
83.1296
83.1992
83.6044
84.3397
85.3786
85.4224
86.0694
85.8915
85.7852
85.2039
84.3129
84.5637
83.4713
84.1214
83.2841
85.0735
84.0753
82.6417
83.6862
82.4969
82.5163
83.5673
81.9399
83.0063
82.4477
81.6624
82.8104
82.6589
81.7257
81.1329
82.8628
82.1803
81.6262
81.2660
81.3839
80.7088
81.1646
81.3030
80.3319
79.6586
79.5648
78.1491
80.1700
79.9663
78.6059
79.9823
80.4236
77.8330
77.7973
78.2883
78.3350
79.2405
80.1915
79.7400
78.1302
78.8692
79.1132
80.2174
81.4370
81.0864
81.8911
82.0897
82.3857
83.5311
81.6827
82.2738
80.7027
80.2828
80.5409
81.1088
80.3335
81.6290
80.2087
80.0670
78.9192
79.8203
79.4502
79.7352
79.3882
81.7211
82.4608
81.8658
81.1901
82.3676
81.4011
82.8617
81.8965
81.6053
82.0821
82.9894
80.7136
80.7434
79.2245
80.1239
79.3396
81.8373
81.8021
81.8490
81.6335
80.7249
79.3037
79.2528
80.1054
78.7481
79.8845
80.4709
79.6280
81.5547
81.0450
80.6340
81.2909
82.4692
82.8995
83.7542
85.1469
83.6655
83.0605
83.6262
83.7486
85.1042
83.9307
83.9130
83.1580
84.6547
84.0438
84.9179
84.4680
84.5534
84.0918
84.9946
85.4549
85.2494
84.1476
84.8482
83.0324
84.4652
83.8150
85.4797
86.1874
85.6627
84.1484
84.0012
84.0528
86.4556
84.7806
85.7230
85.1241
84.9370
83.7688
84.3679
84.3852
82.8189
85.6211
85.5504
85.9823
85.2458
87.3620
84.7208
84.6558
84.0968
84.8801
85.5337
84.4393
86.6789
85.2380
85.4373
86.1485
86.2660
84.4991
85.1824
85.7071
84.4264
84.5527
86.7893
84.8566
84.1167
84.3072
83.6603
85.6933
84.8368
84.5611
85.7391
83.1998
83.5371
84.5478
82.8610
84.3552
84.7062
85.7391
85.5852
84.6474
83.6559
84.7509
84.5184
85.7904
85.1505
85.6762
85.3598
84.3580
83.6742
84.4668
86.3755
85.5555
84.9859
85.3082
84.5611
84.4479
83.6764
85.4677
85.2921
84.9939
84.9792
86.1656
86.2857
85.6117
85.4258
83.2108
82.9007
81.4348
83.5740
83.6876
83.8291
85.1116
85.1659
82.6781
81.3852
82.6526
82.3930
83.2633
84.2678
84.1039
85.1100
84.4138
84.2240
84.4422
83.4976
84.3689
85.1146
84.3284
84.5964
85.4209
83.6004
85.4001
85.2540
85.5275
85.8278
86.0439
86.7900
84.8910
84.2319
83.4214
82.6757
84.6513
84.0349
82.9315
84.2261
83.0500
83.5595
84.0957
83.9583
83.6149
83.4465
83.0461
84.6589
84.1508
84.4471
82.6995
82.8788
81.8884
83.3593
82.2797
81.9961
83.7477
83.5714
84.9260
83.5439
83.4657
83.3547
84.0059
84.2816
84.6901
84.8226
84.7203
83.0083
83.5712
83.3271
83.1162
82.5601
83.4037
83.4675
82.5167
82.5924
81.8661
82.4024
81.4863
81.7382
81.5540
79.9411
80.1583
79.6725
81.4320
82.7278
80.7841
82.9296
82.3253
82.3331
82.0034
81.0518
82.0341
80.7469
81.8802
80.8827
82.1356
82.2521
81.0113
82.1390
82.6197
80.5807
81.0097
81.6952
82.9653
83.1211
82.4716
82.3393
81.6282
80.5879
81.3628
82.3008
82.2584
83.5880
83.9386
83.9380
83.0680
82.1820
82.7922
82.2722
80.6863
81.4187
80.5859
80.2175
79.8977
79.7010
79.4346
79.1620
81.1449
81.2813
81.4741
82.1912
82.3524
81.4784
81.4687
82.5446
81.3992
81.7410
81.2436
82.5387
82.2974
83.2838
83.3532
82.9674
83.5176
84.8011
83.0935
85.3215
86.2175
85.0241
84.7554
85.7808
84.7359
85.1844
85.2113
84.3826
86.3106
84.0131
85.1798
84.4759
84.0148
82.3311
81.0146
81.1778
83.9189
82.9888
84.9137
83.7096
84.4039
84.4325
84.7657
83.9330
84.3890
83.7011
84.1525
82.8677
84.1875
84.3916
83.7005
83.2318
84.1707
82.8484
84.7258
82.2898
82.7625
82.5761
83.8659
82.9723
83.0162
83.9408
82.4759
82.4332
84.2005
84.5555
84.9349
83.8038
82.4641
83.4068
81.9540
80.5577
81.9264
80.8063
82.1279
80.7688
81.6063
80.5632
79.5765
79.0966
79.5659
78.0631
76.6596
77.3399
77.4647
75.1510
77.1905
77.9580
78.5046
80.5559
80.3811
79.7511
80.3604
81.4670
79.5575
79.8472
81.9302
82.2232
82.6354
81.0048
81.5601
81.7667
82.2520
81.4882
81.0377
80.6673
82.0977
81.8941
82.9508
82.1469
82.4050
81.3130
83.3286
82.0989
82.7158
83.3865
84.7604
83.4462
81.9192
82.7254
83.7707
83.9310
82.8017
82.8892
81.9678
83.2907
83.4682
81.8913
81.8757
80.5276
80.9627
80.0935
80.5003
81.9292
81.9514
80.3133
81.2387
81.1004
79.9564
80.5220
81.1248
80.7713
79.6531
80.7152
82.3208
82.2036
82.2196
81.7780
81.4344
80.5363
80.0957
79.0502
78.8221
80.9469
81.8097
81.9952
83.7687
84.3970
83.6300
81.8136
80.5681
81.4921
81.8812
81.8480
82.1303
81.9381
81.9412
81.2126
81.0927
80.6327
80.2646
82.9238
82.9634
83.1798
81.6426
81.3296
80.7468
79.8847
79.0458
78.9032
79.0150
79.8653
80.5792
79.2232
80.2023
79.9888
78.7324
80.1414
81.6274
80.0456
80.3422
79.7913
79.2085
80.2955
80.5047
79.9993
78.7698
78.7524
79.1042
78.8022
79.1506
78.1919
77.8625
78.6743
79.1406
78.2202
80.0957
79.8243
80.9737
79.9929
81.3913
80.3432
82.0000
81.9228
81.8098
82.8289
85.0263
83.7398
83.3523
82.9508
83.8283
83.0129
83.8295
84.7009
83.5712
85.1046
85.2240
82.3397
82.5289
81.8196
83.2548
84.4837
82.5795
83.8531
82.5412
82.4613
83.3973
82.1224
82.3503
82.2675
81.9040
81.9536
82.9040
81.9454
81.1169
83.2162
82.4140
82.4394
83.8120
84.4693
83.3836
84.0100
84.7466
83.6434
86.0351
85.5871
85.5904
85.1295
85.0405
84.7979
84.8161
83.7474
83.9090
83.2496
82.6113
83.7472
84.0000
84.3646
83.1138
85.2357
82.9403
83.2787
83.5074
81.9289
82.9703
83.9393
85.3777
85.1604
85.9088
85.0930
84.9812
86.3859
86.5249
86.3620
87.2437
87.4230
85.7233
86.2937
85.2448
85.1264
84.6631
84.5469
83.8780
85.1019
85.6424
86.1562
85.8124
85.0880
84.3653
85.0592
85.5667
85.1219
84.0451
83.9248
84.3939
83.3540
84.4679
85.2401
85.4102
85.5328
85.3292
84.1920
82.9489
81.0947
81.9810
83.1451
83.8496
85.4450
85.1253
84.3011
85.4290
84.5329
83.9045
83.3868
82.5952
83.5708
83.7009
80.7060
81.1411
81.2334
80.5171
82.8419
83.1032
81.7027
82.3528
82.8374
81.3697
80.8935
80.7036
79.7200
80.7851
82.0775
83.2123
83.3504
82.8441
81.9326
82.3724
83.0931
81.1706
83.2761
82.8063
81.8537
82.7643
81.9612
82.3989
80.8216
81.6293
80.2641
80.5554
80.7260
81.4834
80.7730
80.2857
80.8041
79.3982
78.2591
79.3017
80.7649
81.9195
80.8820
82.9326
80.5185
81.5841
81.2344
81.3229
81.0517
81.2472
79.8307
79.8617
81.3409
80.0496
79.7911
81.3632
80.1515
81.0151
80.1463
81.6816
80.6259
81.0801
79.9367
79.9424
81.8666
81.3930
82.1233
82.5568
81.3697
80.6818
82.2018
80.1438
79.3190
81.2119
79.9271
78.8975
79.7320
80.4848
81.0621
81.4753
81.6910
81.2858
80.2106
80.9746
81.6057
81.3978
81.1021
80.6249
82.2034
81.7612
84.0301
83.7079
83.0688
82.9641
81.7178
80.3573
81.2899
81.9234
81.7171
81.8365
84.4052
84.3957
83.8446
84.1100
83.7628
83.7106
86.0491
84.1281
83.7828
84.1932
82.2736
82.2158
82.7814
83.9934
82.0602
84.2938
81.5184
83.7951
83.7741
81.5585
83.4290
82.2381
83.3674
84.0045
83.4412
83.4075
81.5960
81.5997
82.6908
82.8461
82.0386
80.8473
82.6919
82.2922
82.1960
82.7783
82.6975
82.1322
82.9001
82.6319
82.0819
82.3965
82.0175
82.9775
83.3421
83.9567
84.0244
83.5040
82.9556
83.6776
84.0308
85.2489
85.6591
85.1778
85.5962
85.2798
86.1251
87.8640
85.7244
86.2325
85.2309
85.8704
86.0910
84.4011
85.6813
87.2746
84.3217
85.1614
86.8264
85.6860
87.3867
87.3458
85.3230
85.7472
86.8616
85.5144
85.4326
84.5495
83.5140
85.8933
86.4010
85.6965
87.4978
87.3145
86.7656
85.8917
85.7060
86.2161
86.2773
84.4016
84.6647
85.2621
86.4333
84.6455
85.2979
85.2884
85.3054
86.1123
85.7477
85.5087
84.6722
85.9608
87.1040
86.1579
87.7307
88.4074
86.4818
87.1675
87.2221
86.0359
84.6708
83.6056
84.5781
84.1149
84.0375
84.0634
84.3531
84.8612
84.5356
84.7799
84.4122
82.5889
85.1089
84.6443
86.1836
84.6715
84.6150
86.1638
87.4122
86.8593
86.8590
86.2424
85.3615
84.9552
86.1784
84.7484
85.4594
84.4270
84.4229
84.8619
85.3626
86.5657
84.7760
83.5286
84.4411
83.7441
84.4460
84.5865
84.9469
82.9493
84.3728
84.5267
83.9259
84.7358
85.6102
85.2264
85.3936
84.9256
84.7657
85.3162
83.2376
83.6237
83.3991
84.3693
84.8331
84.1659
87.5360
86.0252
86.3972
85.9812
85.6498
84.7631
83.9629
85.1912
85.0049
85.3967
86.5326
84.9984
84.5125
85.3083
83.7568
84.4513
85.2995
85.7399
84.5494
84.6729
83.5038
84.2450
83.7156
84.6363
84.9723
84.6210
85.0310
84.1580
84.1021
84.1588
85.9231
83.9321
85.3746
83.3995
84.0827
85.4615
84.7782
83.8233
84.3443
83.7562
83.5207
83.0212
82.1112
81.8201
83.1648
83.7500
84.9675
84.6462
85.2708
84.4777
84.2961
85.1109
85.0800
85.1206
85.2695
85.3678
86.0150
87.0463
87.2872
86.2777
84.1428
85.4250
84.9786
86.1954
85.2254
83.8039
84.4281
85.6505
84.2284
85.1178
85.2502
85.0232
84.3196
84.2780
85.6502
84.9303
84.6122
82.9882
83.1769
81.9480
82.4422
83.0807
83.3801
83.3986
83.0064
83.2711
83.7059
83.0999
84.3076
83.9678
84.4986
84.6179
85.0636
83.2701
84.6128
84.9081
84.5947
85.6040
85.4753
85.3547
83.7425
82.5485
83.7745
85.3879
84.0871
84.7128
84.4976
85.0144
84.8445
84.0913
84.0484
85.2135
83.6642
85.2845
84.4769
84.3018
84.7143
83.3969
84.6203
85.0430
85.3594
84.4107
86.0235
86.0184
85.4512
85.4803
84.8621
84.4723
84.8061
84.6023
84.7903
85.7897
84.8211
84.0892
83.9219
83.8142
84.5907
82.7263
84.4728
85.7534
84.5249
84.1855
87.2380
86.3707
85.7052
85.3753
86.9893
86.1472
86.2825
86.8639
85.0920
85.1533
84.3888
85.0808
86.7222
84.4883
85.1968
84.4119
83.9313
85.2628
83.5595
84.4264
86.3771
85.8215
86.1133
86.9094
88.1105
86.3899
85.5758
84.4679
84.7366
85.8300
85.6889
86.3965
85.4177
85.7969
85.2921
84.3370
85.9567
86.0597
86.5275
87.1233
87.3622
85.8781
85.4348
87.1416
87.5819
86.9710
85.6737
85.3857
87.4497
85.0311
86.1308
84.8422
84.5217
85.1574
85.7735
86.7929
86.9117
87.1594
86.3289
84.9124
83.5739
84.1511
84.4311
83.1932
83.8678
83.1554
83.7161
85.3070
85.4456
84.9831
86.7537
85.7935
84.8045
84.1151
83.4396
83.8482
84.4690
83.7236
85.4000
85.7222
87.2071
86.5597
85.0032
84.6856
84.4601
83.4873
85.3082
84.4074
86.6223
86.8911
85.3201
84.6688
83.2185
84.4112
83.4147
84.1362
83.9731
83.7347
83.9720
84.1719
83.6222
82.4071
81.7261
84.0459
85.9608
83.2072
84.8409
82.3296
83.6940
82.9300
81.9801
84.7972
83.0899
84.2880
84.0330
84.2018
86.5200
84.7365
86.0842
86.6716
86.2979
84.5478
85.6258
87.1973
86.0107
85.0189
86.1610
86.2131
85.5271
87.7916
86.4285
86.5370
87.2365
86.9154
85.2844
86.0523
85.4053
86.1364
86.3250
85.1489
84.1185
84.0543
85.1825
85.6650
85.5462
85.6176
87.1916
85.8100
87.1936
87.2673
85.6221
86.2566
86.9266
86.6216
86.5971
86.9370
86.5921
84.6196
87.1830
86.8223
87.2577
88.3691
88.4276
87.0698
85.4098
86.8722
86.5779
85.1668
84.3856
84.4126
83.4549
84.5808
85.9013
85.6322
85.6244
85.4052
86.0402
86.1895
86.2177
84.6427
84.4117
84.8698
85.0500
84.7795
86.3343
85.4558
86.1721
86.4335
87.5580
86.5823
87.0528
86.4801
85.6964
87.6563
86.4459
87.4763
86.8627
87.2123
87.5572
86.7577
87.2627
87.0210
86.7797
87.6722
86.1998
87.0084
87.2975
86.6884
86.9382
88.1048
87.5607
88.2307
86.7362
85.7688
86.5454
88.1182
87.5847
87.8464
86.0459
87.5726
86.9624
85.9873
83.9994
85.1333
84.6327
83.9272
84.4962
83.3245
82.6369
82.9840
83.4777
83.0237
82.1565
83.2083
83.6030
83.6408
84.2143
84.0692
83.2501
84.2065
83.0859
82.0516
83.1959
82.8936
82.0393
82.2892
82.5133
82.7480
82.6102
82.7533
83.1153
82.9605
82.6073
83.6001
84.1734
85.0537
84.2240
83.8467
83.1370
82.7337
82.9822
83.1015
83.1868
83.3370
83.0904
83.5765
83.8826
83.3734
81.7869
82.2159
83.5565
83.8401
85.1628
84.3974
84.5673
84.8170
85.4017
85.3018
84.8791
85.3776
85.8023
85.9661
84.5147
85.2121
86.7548
84.8836
84.2262
85.5774
86.4887
85.3825
86.3256
85.0990
85.8960
84.3516
83.4209
84.3009
85.0937
85.4799
85.4102
83.8708
84.6528
85.0064
84.1816
85.0233
84.9293
85.3560
86.9644
85.3809
84.6239
86.2867
86.0660
85.4068
86.2165
85.8943
86.4524
86.2959
85.9567
87.2219
84.9379
86.1836
85.4750
85.9102
84.0946
85.2761
83.9337
85.3042
86.0922
85.4391
86.6490
84.5677
86.5744
87.8357
86.9208
87.2797
87.1574
85.5810
88.6183
90.6086
89.7931
89.0880
89.8439
89.4192
88.7442
87.9971
87.6484
88.0691
87.4748
88.1260
90.3011
89.2033
89.4280
89.6814
88.1592
88.4113
88.9486
87.4903
87.7751
87.5301
87.4691
87.2706
88.0135
87.9615
87.0846
88.5061
88.8107
87.8737
88.8123
88.6666
88.8570
88.5809
86.4028
87.2940
87.0537
86.9000
86.2314
85.9042
87.5154
87.4242
86.3179
87.0296
85.7590
86.7131
85.9587
87.6797
87.0655
87.0269
87.4583
87.2829
86.8849
87.9022
87.2804
87.9034
86.9338
88.5546
87.9285
87.2850
87.6052
88.4882
89.3791
88.5174
90.1088
90.1667
89.6141
89.7572
90.1101
89.8038
89.2614
89.9586
89.7041
89.9111
90.6175
91.4676
90.7441
91.4365
90.1564
90.6883
89.7644
91.2572
89.9909
89.1736
87.9658
88.2419
88.9664
90.0774
90.3058
90.0378
89.8121
88.5494
90.0000
88.6814
90.1894
88.3668
87.7747
88.4962
89.6242
88.2800
87.0125
86.9837
88.6617
87.9692
89.1891
86.8685
88.1594
87.1673
89.0548
87.0419
86.6506
87.0389
87.3709
86.7777
88.1099
87.1086
87.8545
88.4108
88.8184
88.9451
88.6173
89.7313
87.5549
88.0393
88.7074
89.7019
86.9137
87.8015
88.7789
87.5183
88.3712
89.5103
90.2643
90.0395
89.5346
88.9010
90.4972
89.7234
90.6412
90.8436
89.4527
89.6656
90.0929
90.2311
91.2746
89.9184
89.5645
88.3207
88.8529
88.4667
89.0961
89.2875
90.0482
89.6276
90.1219
88.9257
88.8761
89.3489
89.8061
89.5902
89.4989
88.9588
90.7207
90.5169
90.6514
90.6371
89.7844
88.4378
89.1941
88.2291
88.5937
88.0844
88.3646
90.3447
88.9252
88.3375
88.4799
87.1883
90.0251
87.4399
87.8784
89.3200
88.3424
89.5447
89.0759
89.9688
88.7550
89.4823
88.2696
88.2696
87.5896
88.9558
89.9148
89.2721
88.6921
89.3153
89.4989
90.6729
90.8223
89.7586
89.8980
89.3800
90.0747
89.3323
91.3504
91.0405
90.5165
90.4288
91.8389
90.2333
90.4159
89.9675
92.5908
90.1071
90.1307
90.9137
90.6922
89.0725
88.8936
89.4857
89.3283
89.8456
89.5452
89.6517
88.9658
88.1319
88.5672
88.2743
89.6637
88.9270
88.2628
90.1171
89.5209
88.0576
88.3151
87.7411
89.8263
86.5317
89.5647
88.0204
87.9658
88.1103
88.4972
87.7801
86.2728
88.4084
87.4125
86.2927
85.2250
85.3989
87.8613
87.2659
86.9268
86.9266
87.3358
86.1830
86.3371
86.9508
86.0489
85.7307
85.6857
87.0866
87.5709
87.3567
86.3978
86.6799
84.6052
86.2621
85.1912
84.2820
85.3897
86.8353
86.5180
85.8559
84.5227
87.9571
87.3646
88.5626
88.7975
86.9392
87.3618
86.4288
85.8775
85.2620
85.2023
86.0311
85.4111
86.5592
87.1634
87.0638
88.3274
88.9181
88.1758
87.9385
87.5417
86.3554
87.3127
87.2861
87.4451
86.6257
87.5505
87.5439
86.4416
86.0983
85.1897
84.8180
88.0780
88.8223
87.1760
87.9390
86.9543
85.8847
85.7983
85.0656
84.0409
83.7621
86.2893
85.4814
86.2070
84.9928
85.0721
86.5931
85.8469
86.1456
86.0598
85.2804
85.7247
86.0153
86.7504
86.4695
86.0621
86.3202
86.2180
87.8793
86.2928
86.7807
86.2223
85.2133
86.6549
86.6862
86.0159
85.7801
84.9540
86.1751
87.4659
88.4363
89.8426
89.4357
87.3746
87.5041
88.1181
88.3342
88.0136
88.7330
89.6291
90.8136
90.6435
88.1892
89.1787
89.2453
88.0304
88.7130
89.1979
89.3590
89.6584
88.3370
89.4562
89.1045
89.2870
87.7053
88.6971
87.7257
87.1339
86.6684
86.3083
86.8378
88.1247
87.6442
86.2188
87.9092
85.3752
87.2052
85.4516
86.9737
87.1282
88.4560
86.5819
87.0665
86.8230
86.9565
87.7645
89.2094
90.6722
90.4578
90.2753
88.1811
88.1948
87.1570
88.0867
87.9744
87.7353
86.1991
87.1415
86.3014
86.1680
87.6808
87.5607
87.3298
86.7824
87.6835
87.0132
87.6734
87.9552
86.9140
85.9386
86.2152
84.5177
83.9796
86.7286
86.3565
87.0528
86.9456
86.7135
86.5622
84.5064
85.8436
86.0428
86.8265
86.7337
87.4977
87.0343
87.5327
88.0735
85.9939
85.3558
86.8073
87.3419
86.0788
86.5486
86.7451
86.5577
86.8768
86.3927
87.4588
86.9922
87.2861
87.3478
86.6910
87.6188
88.2515
88.7429
87.6910
87.2803
86.7104
86.5233
86.6190
88.8740
85.9107
83.7471
83.9756
83.1278
83.4063
83.7759
84.9924
84.8667
84.3506
84.1367
82.4088
82.5329
84.5419
84.2577
84.9207
84.1230
82.5694
83.3383
82.6543
82.4759
83.2978
85.0794
82.7728
83.4370
83.7155
82.9090
81.8049
82.5522
82.3039
82.9825
82.2794
82.1578
82.5812
83.2414
83.8284
82.1617
82.4947
82.5200
83.6584
84.9345
84.8141
83.5636
83.8019
83.6771
84.0105
83.4883
83.2098
83.9798
82.2820
82.7272
81.0987
83.0318
82.8970
82.6715
83.8631
83.8479
83.9804
83.9007
83.4781
84.0027
84.2624
84.0876
84.5282
86.6521
85.8303
83.5405
82.9133
83.4914
83.5504
82.4210
83.3977
83.1923
82.6073
82.1009
82.6833
82.9096
81.2554
81.1035
80.6412
80.4674
81.4115
80.9660
82.1002
81.9244
83.0969
82.2035
81.5608
