87.8697
86.8521
88.7031
89.0708
90.0078
90.3580
89.2412
87.8711
88.9148
87.0568
88.0745
88.1200
87.6591
86.8067
88.2148
91.5458
89.0410
90.2716
90.8055
90.5193
90.8456
89.5213
88.6530
89.7101
91.9073
92.2448
92.4466
91.2410
90.5000
91.5914
89.5284
88.6106
88.2467
88.1939
89.4513
90.5349
90.2722
89.7190
92.5645
91.3635
92.0365
93.8653
92.7408
91.8577
90.9577
91.0479
88.8061
89.4881
91.3758
92.5469
91.4456
92.1354
91.3928
89.7129
89.6626
87.2494
86.7980
86.1583
87.1955
85.6194
85.9579
86.8362
86.4260
83.4378
84.4516
84.3358
83.4291
84.0151
85.3077
85.1964
85.0673
84.9842
86.7436
84.8811
85.9154
85.2832
83.9935
84.9075
83.7159
82.4284
82.9518
84.1234
82.4653
83.5353
83.6030
82.4373
82.6650
81.2522
81.4506
81.1146
83.6113
82.1707
81.2235
80.7844
81.8902
83.1762
84.0035
81.7393
83.1262
82.3893
82.6133
83.5044
80.7915
80.9862
81.8669
82.1621
82.0749
83.8780
83.5551
83.5951
85.0480
84.0438
85.4028
85.3745
82.3400
83.0749
82.5913
82.0831
83.2465
84.0915
82.5861
83.1091
82.2310
81.1685
81.5669
79.5971
81.2073
80.6153
79.1999
79.0325
80.9533
79.4308
81.0244
81.5684
82.0555
82.5286
80.8478
80.9639
82.6499
80.5218
81.7335
81.5703
82.8509
81.1455
80.2167
80.7024
80.8209
82.3999
82.7288
82.2301
81.6931
80.9774
81.5441
81.7999
80.2171
80.3820
80.9600
79.4878
79.6673
79.2213
79.9496
80.1756
79.1280
77.9841
78.9314
78.7559
79.1125
77.9606
77.9046
77.7103
78.2783
78.1761
77.3861
79.0120
78.0083
78.2950
79.7628
80.0370
80.0919
80.4994
79.9978
80.7709
81.4556
80.1050
81.1031
79.0053
79.9719
81.1309
80.1902
80.8791
81.5499
81.0420
82.7113
81.3127
81.3605
81.5253
81.4322
83.2853
84.2768
85.2942
84.8118
85.8866
85.7888
86.0864
85.7443
84.8352
86.9256
86.2439
85.5586
84.0331
85.5282
84.1640
83.9692
83.2127
81.9534
84.6561
85.6162
85.8850
85.4537
85.8688
86.2568
84.8409
84.9078
83.8092
84.1603
84.3977
83.7671
84.3515
84.7342
82.2730
82.8925
83.0959
84.6749
83.0465
83.0224
81.9224
82.3893
81.2407
80.8260
81.3383
83.3097
83.2804
82.4371
82.3849
82.1273
81.9595
80.7100
82.1127
80.7563
81.5546
82.1573
80.2464
81.3907
81.0331
81.2828
80.0864
80.9999
82.2914
81.2517
80.6167
80.5075
79.6842
79.4489
80.4671
79.8471
77.5010
77.1169
77.7923
77.3193
76.6946
76.9369
77.8665
78.8503
78.8673
79.9440
77.9859
77.4255
77.7790
77.9268
77.4504
78.2476
76.6487
77.1610
77.4006
77.2832
77.6399
75.7424
77.4765
76.9767
78.3393
77.8776
78.4191
78.5566
78.0866
78.6018
78.0606
77.7885
78.7168
76.9465
77.0074
77.6384
77.8926
78.6002
78.5693
78.3378
78.1522
78.9671
79.4531
78.8091
79.8672
79.7052
79.5784
78.6709
77.9882
77.8017
77.7618
75.7465
76.5629
76.0752
76.8170
75.4653
76.2652
75.3287
74.5891
75.5369
74.6481
75.7471
74.9733
75.4735
75.5025
74.4593
73.6964
73.7833
74.6663
75.9406
76.2678
76.9716
75.5614
74.3223
75.3637
74.7268
74.9325
73.9735
74.9986
76.2033
75.6561
75.5942
73.5263
73.0311
74.4232
74.5632
73.9061
73.6576
74.0019
73.4699
72.6450
72.3677
72.3368
73.1165
74.0015
74.4985
75.1637
75.1494
74.3715
74.7718
74.4890
74.1297
72.8904
73.1424
72.7671
72.7776
72.3783
71.5166
70.9262
72.3654
70.7662
71.2191
71.5556
70.1942
70.8950
71.6774
72.4332
71.9102
71.8169
71.1523
71.4058
72.7407
73.6183
72.9069
73.5324
72.8081
73.7087
74.6379
72.8746
72.8525
71.5915
71.5213
72.6753
72.5428
71.7175
71.4783
71.4153
71.9652
71.7858
71.5036
71.8175
72.0009
71.5927
71.7707
71.3262
70.9790
69.5462
69.5212
71.2985
69.8610
70.8031
69.3341
69.9806
69.8654
70.8017
71.5752
72.6187
69.9017
69.8297
68.8276
70.2183
67.6998
70.4595
70.1746
70.2520
70.2379
70.8711
73.0701
74.2020
75.7969
74.1846
73.3731
72.0043
71.2934
71.8351
71.1987
72.3632
72.0247
71.6808
72.2753
72.5897
73.5070
74.0844
73.1919
73.7984
74.1742
75.1114
74.1616
74.0702
75.2674
74.6513
73.4107
72.4279
71.5585
73.8473
72.4175
73.6420
73.5985
73.9054
73.2475
73.9393
73.0856
72.4183
73.0968
72.7692
73.5008
73.1305
72.6855
72.4419
72.8150
70.3822
70.6888
70.4936
71.9223
72.6141
72.1091
73.4230
73.4050
74.4352
73.9232
71.5084
71.0703
70.2827
69.4436
70.8674
69.5561
69.7150
69.4766
70.0413
70.2117
71.6520
71.1374
70.4202
70.5404
70.6574
70.2266
69.5076
70.2506
70.6337
71.5142
71.4698
71.4293
70.6913
70.7412
71.5724
69.5726
69.3580
69.9342
70.3045
69.2466
68.0620
69.2518
68.1908
66.6507
67.1713
68.8839
68.2574
67.0286
67.7815
68.4938
68.9254
67.3755
68.6201
67.3297
68.0302
68.2793
68.3570
67.4263
69.0891
69.0840
70.6687
70.0908
69.9992
70.7224
71.9083
70.4684
69.8958
71.5887
71.0942
69.7672
69.6727
69.5794
69.1978
70.2143
70.3593
70.9894
70.8502
71.3010
71.1514
70.0474
72.1089
71.6851
70.3485
71.0562
72.3530
72.2597
71.6836
71.1625
71.7644
70.4952
71.5707
72.2696
70.9641
72.8135
73.0197
71.1017
70.5450
70.8363
69.7803
69.5133
68.7061
69.0737
69.4455
69.8362
70.4514
70.7184
71.1460
70.8845
69.1336
70.6948
69.1413
69.7059
69.9278
69.6483
69.2668
68.3961
69.7039
69.2049
69.2326
68.3530
69.5340
70.0904
71.3803
71.9885
71.3660
71.3836
71.3716
69.9773
70.3671
69.9925
70.6634
70.3807
68.8969
70.7954
71.9551
70.1388
70.6634
71.0004
71.1729
71.0013
71.5717
73.5051
73.5049
72.6599
72.4264
71.9552
72.1372
73.2340
72.8359
73.0899
71.8759
73.8667
75.3884
74.0705
74.2368
75.0425
74.4090
75.1659
73.4055
73.9997
73.4470
75.4298
74.5926
74.8174
73.7456
74.6930
74.8429
76.1794
75.2662
75.0366
73.6709
74.2241
75.6441
75.3172
75.6029
77.0992
78.6355
79.5079
79.1201
77.3350
77.8114
76.7291
77.3221
77.6636
77.5394
78.2407
79.2070
79.4565
80.7457
79.0682
80.4207
79.4603
78.7496
78.5819
78.0577
78.3656
79.0919
79.8180
79.2176
79.5761
81.1404
80.7536
82.4094
81.2777
80.9730
82.2474
82.8353
82.4992
82.9279
82.8641
81.8234
81.1072
82.2222
80.7419
81.6954
82.1813
82.0880
81.7932
81.7855
80.1420
79.4273
80.2528
79.9292
79.3419
79.0866
79.5737
79.1979
79.6252
80.9435
81.2152
79.1211
79.2649
78.2486
78.7536
80.4346
80.9107
81.0725
81.4337
81.2293
81.3317
82.0260
81.5269
81.4839
80.8183
79.8974
78.8060
79.9095
78.3285
79.5147
78.3379
78.1938
78.4011
79.8451
80.5230
79.2424
79.4445
79.3066
81.9684
82.5467
82.6847
82.6559
83.2245
83.1424
84.0097
83.7994
84.1295
84.6351
83.5779
84.2907
84.4167
83.1076
85.3901
84.0715
84.1354
82.8995
82.8366
83.4772
83.9821
84.6296
84.7794
84.1469
83.5557
82.7105
80.7108
83.1797
85.0848
84.0529
83.0535
83.4333
82.4553
83.1615
82.9023
84.0660
81.8392
82.4864
82.7483
81.6229
82.5459
80.8444
81.2827
81.5010
83.1765
82.2982
82.0569
80.7066
81.3014
82.7764
81.8887
81.9831
81.3635
81.6603
83.1072
84.2027
83.4969
81.9304
82.8007
82.4785
82.2320
83.1991
82.0048
82.1608
81.3810
80.9070
81.2703
82.0441
81.1453
81.8882
80.8778
80.5450
80.6046
82.0699
80.8728
81.4924
83.5976
81.1908
81.1349
80.0759
80.3255
79.3434
79.5237
79.3527
78.8912
76.8114
78.3244
78.2499
76.9846
75.3826
76.4410
76.7730
77.5582
78.3039
75.9684
74.8147
76.1418
76.0219
76.5923
75.9685
75.7462
75.3537
76.5565
76.6937
76.7283
77.5137
78.5721
77.5569
77.0987
77.5801
79.0040
79.5040
79.1104
78.5663
76.3331
78.7464
79.1279
78.9669
80.0411
79.5968
78.6042
78.7481
78.2221
78.7962
76.3241
76.6272
77.0428
77.3241
79.1189
78.1182
78.0484
78.6518
76.6809
77.6348
77.0830
78.2889
78.8794
77.7122
76.8452
78.1585
79.0652
79.0427
78.8609
76.6938
76.4186
76.1972
76.2700
76.5487
76.9051
75.8194
76.6772
77.2881
77.9409
76.8585
77.6763
78.4082
76.8102
77.2762
75.2602
75.9728
77.1756
76.3207
77.0158
77.8127
76.7938
77.5786
77.6720
78.5498
77.9219
79.4281
78.5778
78.7360
78.5174
77.7122
78.0797
79.2658
78.6287
78.4695
77.9701
76.5009
76.1910
77.1616
76.9621
77.8461
77.0077
79.0073
78.7146
78.9771
77.9364
77.1058
77.8742
78.9731
79.8828
78.8675
79.8296
77.5356
78.8831
79.0856
80.0105
80.4478
80.1724
79.7108
77.9443
79.3351
79.6619
79.6456
78.5623
78.0062
77.0711
77.1462
76.2342
77.3027
76.9022
78.1366
77.4628
78.0682
79.3429
79.2684
78.7130
78.3340
77.9392
77.6040
77.7549
78.4403
77.5834
77.9342
77.0584
78.4542
78.3155
79.7079
76.9303
78.6420
79.0400
79.3006
79.3896
78.6906
79.5907
79.9104
78.4556
78.2781
77.0161
76.8551
75.7165
77.0830
77.8209
76.0568
75.2363
74.9305
75.7543
76.4268
78.3428
78.3257
77.6855
76.7245
78.4704
78.7356
77.5191
76.3211
76.5746
75.6243
74.6023
75.2203
74.4599
75.2680
74.6709
73.8049
76.6263
76.8414
78.0187
77.6577
79.1561
77.6061
78.1829
75.5203
75.0352
75.8909
75.7764
74.7494
74.0035
74.8832
75.0154
75.0098
75.2749
76.4260
75.2828
76.9130
77.1613
77.0675
77.3589
77.6413
77.5944
77.4634
76.7874
74.1523
73.3509
76.1526
74.4411
76.7660
75.5637
74.7369
75.9992
75.7085
76.1975
75.8131
76.6558
76.0638
75.2226
77.2511
77.2675
76.6873
76.7306
76.7264
76.1793
74.8857
74.8975
74.6494
75.1464
75.3341
74.5960
75.7315
76.1283
78.3414
78.0086
77.6613
76.8772
76.1258
76.3203
77.4574
76.2968
76.5927
76.2203
77.5538
77.3213
77.8398
76.9604
77.3981
76.3274
77.1902
75.9763
76.8831
75.8450
77.7640
76.8191
76.5225
77.5342
76.6468
76.1874
76.0566
76.7368
73.7794
73.6985
75.0594
75.2551
77.2936
78.2140
78.3289
78.6381
79.9574
80.1001
79.7598
78.1449
78.2981
79.3105
80.9744
80.2255
78.8451
78.5947
77.6410
77.5501
78.2460
76.2263
77.7174
77.9251
77.0604
78.5260
78.1282
76.8627
77.8088
79.1812
79.7279
78.6937
79.1377
79.4838
78.3889
79.4073
80.0346
80.1668
80.2926
80.4685
78.2328
79.8847
78.3305
79.5875
79.3807
79.4887
78.4360
79.4089
79.8768
79.4528
78.2288
78.2380
79.3792
79.9161
79.3736
77.9438
79.2280
79.5894
80.6120
80.6317
79.2056
78.6882
78.0650
77.8427
78.2361
77.8851
78.8841
79.8336
79.8309
81.4799
81.9661
79.7692
80.7272
80.8342
80.9214
80.8057
79.5543
78.6706
81.1561
80.7240
80.4730
80.8415
81.0590
81.7646
83.0998
81.8080
82.4603
82.4295
80.7177
81.3700
80.6902
79.8590
81.5174
80.8721
80.8309
80.6481
80.5475
81.1152
80.7886
81.6972
82.8146
82.2262
83.1336
82.4351
81.8651
81.1278
80.5079
81.4577
82.5874
81.1463
81.6977
79.5318
81.6208
80.2294
79.2308
80.8575
80.8590
80.2151
78.8275
78.7635
79.2112
80.7526
80.5051
80.1700
78.0363
79.0139
78.5612
79.2480
79.1994
80.1341
79.4088
80.0641
79.6871
79.7233
80.7042
80.5458
80.3752
83.6679
84.5488
82.0778
83.3385
84.0926
83.2889
83.6918
84.4294
85.0337
83.2430
83.3252
82.1349
82.8771
83.2023
83.2081
82.1935
82.4886
81.5088
80.7706
82.3270
82.4008
82.8769
82.2588
81.2547
83.4323
81.2336
80.0726
80.8875
79.7189
80.9947
80.0402
80.0804
80.9497
80.4532
79.8415
80.3624
79.7229
81.0915
78.8153
80.9416
80.2791
80.1485
78.8558
78.3830
79.6562
78.6632
78.4307
78.9550
79.4576
78.2622
76.0911
77.5003
78.1831
76.4774
78.9456
77.6564
77.2351
75.9297
75.5302
75.6924
75.3552
75.8880
76.0696
77.2139
75.8767
76.1773
77.8141
75.4135
77.6083
78.8960
77.0579
76.8351
78.3502
78.2857
78.2843
78.5050
80.1639
79.3644
78.3716
78.5234
77.3673
78.0957
77.6557
78.7948
78.1911
77.3414
77.6455
78.8338
78.1051
77.9577
78.0627
78.4018
78.2161
80.4466
79.6981
80.1276
80.7592
79.8249
78.7658
76.8898
77.5801
79.5481
80.4222
80.8150
78.9417
78.4790
79.7636
78.3146
79.5060
79.2268
81.0316
80.4760
78.9526
78.1955
78.8286
77.5543
78.1905
78.5379
78.4824
79.2123
79.9736
80.6426
80.6371
80.4946
81.2942
80.6674
80.7148
80.3357
79.8717
80.8354
80.5588
78.9039
78.6069
79.0972
79.1984
78.4193
78.0115
78.8723
78.3313
78.2438
77.7807
77.9884
77.0427
76.2877
78.8165
78.4132
77.7763
77.9295
79.4541
78.0723
79.1242
81.6148
79.5748
78.4800
78.7016
78.6259
78.9266
79.1187
78.9010
79.2659
78.5072
78.2007
77.3303
77.6623
78.0702
76.9737
77.7395
76.5931
77.1968
77.1329
78.4466
77.3085
79.2756
79.7159
78.3118
81.1851
79.4172
80.2784
78.5010
78.2154
77.9637
76.2982
77.1632
79.0196
77.2581
79.2698
79.9595
79.7792
80.8212
80.7314
80.7494
80.0880
79.9198
77.9035
78.7278
75.9018
76.5223
76.7601
78.5115
79.2674
78.1985
78.4487
77.8839
78.8561
79.8842
80.8670
80.0612
79.4434
78.7680
79.1340
79.6003
78.8513
80.2754
78.0057
76.5964
77.0356
75.8504
75.6069
78.1638
78.1393
78.3253
78.0666
77.8118
79.4977
78.1390
76.6357
76.3289
76.8181
77.6454
77.6331
76.5792
76.8421
77.0749
77.3814
76.5591
76.7651
76.9123
77.5898
76.1493
76.8008
76.8032
75.6095
73.6428
74.3856
74.3135
75.0876
74.5748
75.7203
75.5731
73.4391
75.5082
74.5087
75.5106
75.4258
75.0222
74.6351
75.1321
75.0157
74.6403
75.0213
74.1438
74.9626
76.1695
75.5050
75.5977
76.3397
77.2221
77.6716
76.5075
75.9485
75.9350
76.1492
76.6315
76.7961
76.1050
76.4148
77.5276
77.6909
77.3354
77.3807
74.6993
74.6934
76.9818
76.2396
76.3434
76.3797
76.6545
76.0793
75.3810
76.1091
75.5246
73.6376
74.3439
75.1931
76.4137
75.9386
75.7784
75.5533
74.8729
74.9695
75.2234
74.8984
76.0608
75.7800
75.3301
75.8867
76.1971
76.3536
75.1667
76.2861
75.5680
75.1390
74.4284
75.5026
74.8847
74.8812
76.5767
74.9196
75.8316
76.3997
76.4706
75.9378
75.8395
76.4942
77.9671
78.6444
78.9636
78.1325
77.5635
78.2919
75.4952
77.8898
76.9041
76.7270
75.7346
74.9656
77.0248
76.7682
77.7677
77.6237
77.3215
76.6102
77.4110
75.7805
77.4686
76.8309
77.7992
77.5192
75.7840
77.3606
77.6572
77.8526
76.2713
76.4116
77.3818
78.3157
78.5965
78.0216
78.8262
79.1378
79.7254
81.3108
80.5321
79.3195
79.0942
79.4444
79.8285
80.2354
80.5092
79.9304
80.7485
81.7559
81.7107
81.5560
80.8481
80.6565
79.8217
79.4898
80.2089
78.4644
79.1133
78.7110
78.5893
79.0372
79.5438
77.7053
77.7865
78.4829
79.6250
79.3384
80.2111
80.0071
79.0680
78.8337
78.4475
79.1872
79.1306
78.9050
79.7737
81.1286
81.8816
80.6460
80.5777
80.5205
80.1152
79.3248
78.0269
77.4503
77.7161
79.3182
77.8127
78.7337
80.3910
80.0486
78.9534
80.3086
78.5718
78.8025
79.8389
79.2716
79.7817
78.3208
80.2731
79.4099
79.8914
80.7051
81.4500
79.6370
79.4821
80.3415
79.0860
78.8331
76.6505
78.1110
78.1072
78.6693
78.5282
78.8965
77.8776
77.0718
76.9227
76.6987
75.7491
75.8704
77.7149
77.7611
78.1718
78.8284
78.7846
76.7179
78.2649
78.5669
79.3392
79.5681
81.5505
80.2835
79.3828
80.2753
80.3740
81.6626
80.2964
81.3772
81.6126
80.6302
81.2975
80.5954
81.9602
82.2450
82.8124
82.1748
83.2218
83.0284
82.6120
83.3612
83.9751
83.9522
84.0066
82.4610
82.3616
82.0244
82.3604
82.3848
82.0034
81.7869
83.3075
82.9967
84.1986
85.0633
84.0002
84.0896
83.9817
83.5782
83.7336
84.0236
84.1369
84.4744
84.4023
85.5365
84.5729
85.1204
83.7503
82.9070
82.3813
82.0098
80.1724
81.5140
82.0964
81.2690
81.7912
81.4159
81.8644
82.2331
81.9075
84.0402
83.6952
83.9949
82.8291
84.2983
83.8183
82.9139
82.4945
82.5539
83.5831
83.7847
84.0924
83.0493
83.6474
82.4429
84.1444
83.7201
83.9305
83.7437
82.6550
81.6754
81.2828
82.5538
84.6526
83.9861
84.8650
84.3539
84.6887
84.6386
84.3780
84.7666
85.3887
85.1496
84.3759
84.7963
86.0606
85.9334
85.7729
87.1497
87.5566
87.8157
88.2123
89.1387
89.3049
90.7530
90.4145
91.2924
89.1466
88.0909
88.6893
88.8608
88.2353
87.9143
87.6081
88.3819
86.3984
87.4382
86.0970
87.2703
86.3316
87.8572
88.9113
88.1222
90.2594
88.4430
88.4727
90.1917
90.1691
89.1816
89.0868
88.7011
88.5512
86.1813
86.6526
86.5882
86.0696
85.9719
85.9715
86.7548
87.1532
87.4185
86.2208
88.4748
87.8265
88.7725
89.3625
89.0902
88.2859
87.4579
86.4684
85.8884
86.7650
86.3081
88.3939
86.4501
84.2975
83.0700
84.0790
85.2042
85.3292
86.1458
87.5924
87.0381
87.0975
87.1470
86.4484
86.2238
85.8368
87.4018
87.6818
87.1862
87.1535
87.8988
87.8440
86.4488
85.9164
88.2960
88.9933
87.5587
88.1520
89.4118
89.2034
90.0435
88.6628
89.1912
89.4880
89.4418
89.2329
88.8198
86.9239
87.8571
88.3316
87.7057
88.0370
88.8924
88.4782
89.1348
89.2125
90.0744
89.4152
88.9037
90.8194
88.1561
89.2595
88.5277
88.2108
87.2101
87.8257
86.9537
88.7913
88.3314
88.8317
88.1358
88.7879
88.0021
86.8497
87.2850
86.3190
86.7578
87.0992
86.1936
87.5542
85.9525
87.0768
85.3455
87.2926
88.4948
89.4246
87.1344
87.9378
88.3357
89.1049
89.7045
91.1869
90.5405
88.9534
89.5947
91.6046
92.8695
91.6269
91.2458
91.4933
92.9436
92.0181
91.0378
92.7395
90.6358
91.3000
91.2211
91.7924
91.5436
91.2819
89.8538
90.3681
91.8788
92.5224
92.0985
92.3916
94.8942
94.3969
93.9082
93.8682
93.5551
92.5511
93.3895
92.4756
93.4953
92.8486
92.4187
92.5093
92.3015
93.1001
92.5883
91.2544
92.1646
91.2474
91.1007
91.1495
90.6373
89.9084
91.5142
93.1649
91.0484
91.3080
90.7832
90.5179
90.9896
91.8961
91.9253
90.2342
90.3982
90.0290
90.9364
90.8414
91.8122
93.3881
91.2929
91.1535
91.7371
91.6828
90.8418
89.3862
90.1062
90.2901
88.7714
88.0729
86.2949
86.2589
87.9560
86.7663
87.6492
87.7701
88.1343
86.9331
86.4565
87.3511
88.4383
88.6522
87.1392
87.1942
86.7223
86.9291
87.7121
87.4535
87.2223
87.7129
88.4764
87.2358
87.4636
86.9972
87.2647
86.1503
89.8098
86.0875
87.2415
86.4695
87.0855
87.4281
88.4884
88.8079
90.0843
88.6581
88.8139
87.0945
87.4249
87.8323
87.6625
87.8509
88.4106
89.4764
87.4036
88.5319
88.9211
89.8097
88.9175
90.1190
88.8879
90.2270
91.0465
90.5638
90.5010
90.5706
90.6715
90.2283
91.0794
88.5636
90.5832
89.5335
90.1620
88.7927
90.7211
89.8206
90.2912
89.7967
90.4666
90.3608
90.0580
88.9938
88.6953
89.0036
90.2047
91.1070
92.1024
91.4828
92.1592
89.6529
89.5175
89.9401
91.8389
90.5174
90.9767
91.7631
91.7267
92.0636
91.0952
91.7337
91.9421
90.8225
90.9377
91.3902
92.2665
92.0609
90.7783
91.9204
91.7022
92.2264
91.5242
89.4556
90.5343
91.5270
91.2548
92.5173
91.2712
91.1083
91.5436
91.7515
91.2579
92.0470
90.8306
91.3497
92.9448
92.4642
92.4678
92.9998
92.3583
92.8860
91.0109
90.9491
89.1929
90.5199
89.5496
90.2695
91.3801
88.3528
86.5600
86.9514
88.7987
89.0036
87.9355
87.2877
87.7175
89.8924
90.8343
91.3973
89.0824
88.5260
90.1020
90.4842
91.6430
90.3469
89.4719
89.7330
89.5031
88.8663
89.0658
89.4016
90.8375
90.4930
90.2150
90.4023
88.1592
88.1943
88.0676
88.0326
88.6889
89.3921
89.6941
89.8067
90.9864
90.2181
91.9681
89.5931
90.5326
89.0980
87.6477
88.8718
87.8117
87.5877
89.8377
89.1118
90.1558
88.7533
89.4649
88.3403
90.0445
88.6775
89.4374
89.7448
91.9865
92.2936
91.1429
90.5793
90.4571
92.3273
91.3161
92.4347
92.8280
92.8953
91.0379
90.4137
90.6434
90.9991
90.8907
90.0899
89.3661
90.7707
89.2361
89.5828
89.2494
90.4034
91.2562
91.5243
89.6496
90.5527
90.1649
90.2588
92.6189
90.5426
91.8466
89.5805
90.2422
89.5385
90.4382
88.3667
88.4372
89.2929
90.2064
91.6490
91.4417
90.3580
91.5482
92.0087
91.6112
90.7637
91.9982
93.0129
93.2312
92.6194
92.4456
91.3020
92.4072
92.3751
91.5361
90.3433
90.7631
91.3406
91.8842
93.5186
93.7611
90.7220
93.2547
91.5628
91.5768
91.2149
92.5258
93.8184
94.4386
95.0676
94.5277
94.3136
94.5733
95.1811
94.7896
94.7953
92.2557
93.8461
93.2800
94.1313
94.9954
94.3373
94.0909
92.9177
92.7904
91.9011
92.8839
89.5984
92.3983
90.6453
89.0188
89.3023
88.2276
89.8253
90.6334
90.7448
89.2281
89.6691
90.7370
90.9136
89.4836
88.8453
90.7172
89.1307
88.5299
88.2987
86.9284
89.6988
89.6192
89.6179
89.8455
92.1167
90.6691
91.2402
90.3206
90.6070
91.1380
90.1306
89.7095
89.5433
88.4585
89.1969
89.1121
89.5498
89.0122
88.4017
87.8566
88.2340
89.2213
88.2524
88.4647
88.4676
88.9426
88.8225
89.5531
88.6334
89.1985
86.7133
88.6536
87.9086
87.2407
86.0084
85.6797
85.9282
87.0458
87.1643
86.7354
85.4639
88.7907
88.5557
90.9641
90.0406
87.6518
86.7298
87.1037
88.2465
87.8512
88.0052
87.3998
87.0392
86.9504
86.5820
87.3160
88.2143
87.1780
88.0665
88.1564
87.8332
89.4455
87.8438
88.6415
87.9263
87.1650
86.9678
88.3423
87.9551
87.9184
88.0480
88.2630
87.1889
87.2951
87.5779
86.8891
86.0559
88.1417
88.2511
89.1038
88.1746
87.3473
87.3183
87.7075
86.9979
87.3826
87.6421
87.3104
88.2508
87.5293
87.0738
87.3656
87.5748
89.4464
88.8323
88.4618
88.3142
88.4667
88.1075
87.0429
87.6396
87.4680
87.1103
87.7972
88.0864
87.8805
88.5707
88.0819
86.1052
87.6005
87.9439
87.6567
88.0571
87.1426
87.6740
88.4599
89.7498
88.8851
90.0020
88.5411
88.3750
87.8555
88.1562
88.8175
89.5112
89.9215
89.1275
87.8845
87.8261
86.8290
87.0485
88.0804
88.6863
88.3557
88.5086
86.5670
87.6497
87.3677
86.8768
86.0991
86.8928
88.8582
89.0136
89.0224
87.0410
87.6147
88.8451
89.0525
89.5728
88.8737
89.9179
89.1470
90.5601
89.5088
88.2874
89.0417
88.0673
88.8529
88.5704
88.6200
89.8528
89.5560
89.9588
88.1439
87.8738
87.5289
87.5876
88.0756
87.6762
87.5276
86.6271
87.3601
87.4426
88.6764
89.3923
89.4956
88.8087
88.6280
87.6470
88.3458
88.8088
87.9590
86.7373
87.6239
88.8645
87.5808
88.2154
87.4038
85.9097
86.9554
86.3841
87.8904
86.6224
88.3814
89.7104
88.2551
87.7879
87.0231
88.5699
87.8036
88.0607
88.2166
87.1626
87.3301
88.0994
87.2718
88.8677
87.9250
87.5941
90.4772
87.5901
86.9830
89.2949
89.6976
89.0209
87.7427
86.2813
87.4130
87.4752
86.4241
87.2102
87.7712
87.4033
87.7233
87.8416
88.8988
87.3655
86.9194
85.4304
87.4049
85.5946
87.2857
87.2019
86.3955
87.5545
87.1618
87.5772
86.8559
87.6139
87.4903
87.8642
87.2848
87.5662
87.9170
87.1568
88.1444
88.4574
88.6642
87.0891
87.2024
85.6643
86.4564
86.4016
88.2834
89.5831
87.7234
88.1668
87.1771
87.6780
86.7157
87.6735
88.2724
88.3639
85.4110
84.7767
85.5236
85.3914
84.6302
84.4466
84.7320
85.0207
85.5006
84.5258
84.5938
85.6178
84.0335
84.9469
86.6505
86.8790
87.7718
87.5836
87.4720
88.2056
86.2469
86.2312
87.3524
86.2506
85.1330
85.5642
86.3024
84.9937
84.7109
85.0862
85.3846
85.7075
86.5906
86.1101
87.6944
87.8449
88.2243
86.2415
85.7568
84.9403
85.0492
84.4217
84.0261
85.9803
86.3071
84.6674
85.5699
85.1582
84.4609
85.4783
85.5320
85.5684
86.5438
87.4134
87.2373
85.6449
86.8417
86.2117
85.4299
87.3959
85.4714
84.5257
88.3668
87.8967
87.3568
88.3816
86.6471
86.4260
87.6898
86.0230
85.2273
85.1806
86.5252
86.6515
87.0176
87.4943
87.2578
87.2520
87.8202
86.0853
85.7203
86.9183
87.2999
86.1374
86.4707
86.5043
84.9337
87.6265
87.9072
86.8069
87.5914
85.7473
86.3727
86.8941
86.4446
86.8372
85.7286
86.7174
86.8456
87.6824
87.3507
86.6183
86.4299
85.4835
83.9322
83.3123
83.4214
85.6341
85.3299
83.4509
82.5655
82.0891
82.3928
82.3665
83.4279
82.1229
82.0273
82.0946
81.8551
81.1275
82.3712
82.1200
82.3793
83.4445
82.5082
82.9270
83.3584
83.9413
83.4689
84.5018
84.0686
83.5628
83.5398
83.5433
85.5501
83.7880
85.5009
86.6164
87.2474
85.6431
87.6881
86.7781
87.5870
86.4348
87.1460
85.7673
84.7211
83.4038
83.5495
83.5517
85.2988
85.2872
85.6359
87.3676
86.7756
85.9394
86.5601
86.8042
86.8474
86.7355
87.1556
88.3606
87.6883
87.7423
88.1959
87.1018
87.9567
90.8819
88.5705
88.9443
86.7809
85.9829
85.4081
85.7532
84.3129
85.6242
85.7376
85.8548
87.0960
86.4042
86.6703
86.8224
85.9075
87.3847
86.9103
86.2872
88.0283
86.5450
86.3286
85.7587
85.0844
86.3315
86.1252
86.6512
84.7994
84.3339
84.5677
85.8235
87.1536
87.9228
85.5794
86.0578
85.6465
85.8892
85.2327
85.6848
85.4884
86.1540
87.1544
86.5172
86.3821
86.4242
85.0451
85.4472
85.4628
85.2222
86.8474
85.3908
85.4488
83.4287
84.1059
87.4015
86.9593
82.1273
82.4167
83.5629
85.5990
84.7182
83.5405
83.7644
84.5618
85.7177
83.5860
85.5183
85.4066
85.4220
84.8591
84.8935
83.4657
83.8938
82.8358
82.4186
82.3821
80.8529
81.7789
82.3867
82.2668
81.8866
81.6226
82.8964
81.9528
84.0820
83.4514
84.1706
84.4002
84.9993
85.6585
85.1774
85.0947
85.7267
84.1747
84.3966
82.4689
84.3265
84.2876
83.1736
85.1990
85.1958
83.8437
85.9518
84.8853
82.3587
84.6097
83.2286
83.4931
82.8530
81.8577
81.2217
82.7511
84.0496
82.2946
82.1779
81.8388
81.7290
81.2069
82.2431
81.7787
82.2181
83.2324
82.9956
83.9277
84.0002
84.1881
83.0055
84.0912
83.0686
81.6189
83.6779
83.5837
82.8503
84.2449
83.1242
82.9362
83.9160
82.9222
81.9840
83.7304
82.8956
83.5054
84.2840
83.6938
82.9472
84.7386
83.6093
83.6383
84.4616
83.4933
84.3412
84.9861
85.2905
85.0481
83.9262
85.0444
84.6865
85.7590
84.6363
84.3741
84.4102
83.5801
85.2182
85.5905
84.6768
84.4277
83.5462
81.9375
81.7865
82.4747
83.1564
82.9948
83.7668
82.8368
83.3532
84.6911
83.6819
85.0752
85.5370
84.8583
85.3747
85.7620
85.1574
85.3203
85.5547
84.4432
84.3324
84.8776
84.4531
86.2063
85.4580
84.3586
84.7468
83.5326
84.2875
85.4450
84.8129
84.6124
83.9938
86.0499
83.2077
83.5946
83.6783
83.5824
83.3458
83.4804
84.9117
86.1480
86.0126
85.5891
86.0861
85.2678
85.3481
85.6132
86.0021
84.8991
84.7972
85.4404
85.7497
86.4930
85.9454
86.6121
85.7497
86.3038
86.9187
87.8166
88.2809
85.9117
85.8356
85.4278
85.3145
86.3310
86.1008
86.6550
88.5926
86.6312
88.4874
88.5303
88.6693
87.3067
87.8194
87.5662
88.7360
87.4437
87.1149
85.3109
85.2456
86.5893
87.5376
88.3538
89.0410
86.8036
86.6064
86.8691
89.2782
88.8995
87.9817
87.9756
86.0530
86.3047
87.2383
88.7695
86.8718
87.8264
85.7738
85.2122
87.1096
86.3461
86.5945
85.8827
85.3868
84.2672
84.1393
84.5962
84.3532
83.2853
83.6938
84.0970
84.1291
83.4883
82.2042
83.2582
83.2360
83.6364
84.7321
85.3129
84.9613
84.2331
83.4298
83.9603
84.8830
83.9706
85.7925
85.5544
87.2273
86.7404
87.5462
87.4906
86.6491
87.0698
85.7812
85.7660
85.2626
86.9583
85.9411
87.3651
86.0760
85.0816
84.7659
86.3944
87.6133
87.7129
87.8483
87.5757
86.5032
86.8342
87.0118
85.3374
84.8103
85.5545
84.8625
85.5665
84.7121
84.8515
85.0023
84.7102
84.4212
84.4982
85.2024
84.8673
86.2239
86.3305
87.4700
87.6613
86.8058
86.5338
86.4693
86.4342
85.1125
85.7488
83.7958
84.6444
85.8804
87.3860
87.7462
87.3893
87.1323
87.0451
86.5734
86.9030
87.8557
87.7210
88.6312
88.2493
88.1289
88.8660
89.7157
87.8493
89.1622
88.3984
85.4719
86.8986
84.2444
83.8708
83.8452
85.4910
85.3692
85.2386
85.3346
86.2941
86.2485
86.2723
86.6362
85.9051
87.5580
87.8092
87.2799
86.8271
85.6140
86.6382
86.4633
86.7591
87.5256
88.2295
87.6440
85.3401
85.3304
85.9287
85.9064
88.0256
88.1491
88.9977
89.5622
88.5054
87.0997
87.6761
88.0008
86.6151
86.5246
86.3877
87.1507
85.8824
86.2384
86.5106
86.9277
86.4088
85.3721
83.2748
82.7283
83.2815
85.4743
85.7087
86.1356
85.6436
84.2907
85.2500
85.7373
84.7304
84.5524
85.2421
84.4926
86.7483
87.2799
87.0281
85.5942
87.1723
85.6885
86.5989
87.4404
87.4306
87.6677
88.2245
86.7526
84.4733
84.7063
84.8554
86.2504
84.6042
84.6855
85.1401
85.5873
84.0609
85.4230
85.2692
85.6187
86.0925
86.4265
86.6477
85.7058
86.3348
86.8827
85.2163
83.9075
85.5317
85.1139
85.1905
83.5801
85.0956
85.8879
85.8388
85.6747
86.3817
84.9607
86.2194
85.5665
87.6498
87.3523
85.4741
86.2074
84.3038
86.9337
86.8401
87.9607
87.0932
86.7320
87.6181
87.9539
88.9359
90.1307
88.9374
89.8641
89.6476
88.9894
86.7445
87.9245
87.7082
86.8130
86.9439
87.2524
87.3990
86.1080
86.3574
87.6110
86.7806
86.9472
87.8891
87.3170
89.1284
89.3193
90.0370
89.2836
91.0540
91.9270
88.3659
89.1245
88.4036
87.4042
86.8405
86.2362
87.1957
88.3788
87.8313
89.6205
89.4354
89.8469
88.9846
88.7584
90.4605
89.7526
90.3469
90.8215
91.0075
91.4388
90.9198
91.4895
91.8775
91.8371
91.8299
90.3023
90.8456
90.8272
90.2161
90.2383
87.9531
88.5500
88.3448
85.7534
85.2645
86.6361
87.5641
88.3226
91.3254
88.0847
90.0257
90.8228
91.8799
89.3703
91.1623
90.6404
90.4083
89.9990
91.4619
90.8725
90.3610
91.5866
90.9109
91.1313
90.0976
90.6828
89.1173
88.1933
87.5178
87.4237
88.6268
87.5688
87.5794
89.1302
86.9627
88.1241
88.3694
88.9429
88.9920
87.5328
87.3096
87.4489
88.0643
88.2654
86.6596
87.6502
88.3195
87.3612
86.8488
87.3042
88.2992
86.5340
86.4344
86.9099
88.2260
87.8926
87.1078
86.3847
87.3421
86.9322
87.5430
86.3589
86.5028
86.1545
87.3751
85.9166
86.2163
85.1850
84.8995
85.6229
85.0249
83.3828
85.2953
84.2268
84.4253
84.0234
84.9104
85.4987
86.1875
84.2439
85.4636
84.7940
85.3417
85.5648
86.3958
86.9869
87.2745
87.0001
87.6564
85.4159
86.6172
87.4193
86.9463
86.5562
85.7235
86.1695
86.1650
85.3841
84.9895
85.2738
84.4702
84.6490
84.9949
82.2412
82.3607
83.4981
82.5323
83.0062
81.2419
83.4684
83.5127
84.1641
83.1881
83.9382
82.9756
83.4769
83.3003
83.4509
81.9580
81.2342
81.5277
81.7770
80.8995
80.6106
81.4037
80.3462
80.7060
81.7772
81.2135
82.3346
81.7326
84.3317
83.1803
83.3836
83.7997
82.6351
81.8185
81.5765
81.6828
80.6733
80.8800
79.6797
81.0073
80.0815
79.9784
81.0366
80.8576
82.1402
80.2502
80.5507
81.2872
80.8434
81.0204
81.2606
81.0858
81.2372
81.4201
82.1026
81.2520
81.6094
81.1507
81.1169
81.3388
80.9342
81.2781
81.0670
80.4846
79.7565
79.9814
78.8351
81.3330
80.4021
79.0470
79.7564
78.9955
80.1437
81.0488
80.8444
80.4526
80.3579
81.7457
81.8891
80.8423
82.6570
83.0765
82.2025
81.5369
82.0718
82.4923
82.1669
83.3997
82.5090
82.3133
82.8177
83.1302
80.7100
81.4736
82.6880
84.6657
84.8845
84.0108
84.5960
86.4091
84.7274
84.3931
82.8791
82.9997
82.4136
79.9913
80.0796
80.6502
81.6615
81.9345
81.6052
82.2218
82.6767
82.0136
82.3455
83.4632
83.0171
81.8437
82.3016
81.5559
80.2245
82.1227
80.8764
82.2227
81.9412
82.3118
83.4655
83.3888
82.6811
82.8900
82.0275
81.7570
82.4397
83.3976
84.2491
86.1653
85.8176
85.2714
85.6714
85.9484
85.1987
85.8867
86.0921
84.5436
84.8876
84.8409
85.5999
85.0940
83.0493
84.5763
82.4014
84.7304
85.2257
85.0975
86.2180
87.5672
85.9512
84.9964
84.1598
85.1370
86.7097
84.4363
84.1465
82.9955
83.8412
82.6259
82.8535
85.1532
84.1678
84.1881
84.1790
85.7790
86.6689
86.1945
85.3879
84.9308
84.6035
84.9135
85.0350
84.9464
84.4851
84.3882
85.9317
86.7558
84.6210
82.8248
85.0993
84.9302
85.9137
86.1583
84.9350
85.8400
86.7198
85.3888
85.6884
84.3412
83.6852
82.8127
83.6692
83.1278
82.9971
84.3067
84.1427
85.2465
84.4862
83.2346
85.7941
85.5987
83.9922
85.6585
85.2312
85.4688
87.6406
86.6417
85.6407
83.4861
83.6809
83.0193
83.6085
83.0003
83.5086
83.5181
83.8609
82.9452
83.3145
84.2127
84.8011
85.8416
84.6941
84.0717
85.1660
86.1311
84.8443
85.3462
84.9705
84.8299
85.0565
83.4868
84.6862
84.7269
83.6656
83.1231
82.6718
82.7847
82.7699
82.0131
83.6048
83.0913
82.8915
82.8047
82.5903
81.6874
83.5918
81.5033
82.6850
83.2778
83.4235
81.5567
82.5467
81.8977
81.9346
81.8253
83.6078
83.3579
84.9753
84.0896
84.4034
84.5852
86.1773
86.5589
85.0789
84.2376
84.8617
84.9225
85.2763
85.9875
85.2327
84.9382
84.5347
85.7661
86.5741
87.0384
86.1549
86.3103
86.5249
87.2067
87.9529
89.4742
89.4007
88.4416
89.4417
89.2568
91.0176
89.5843
91.2598
90.1615
91.4024
93.3364
92.2713
94.2462
93.1991
93.5326
93.7577
92.7002
91.1855
91.9784
90.4002
93.3506
91.8666
89.6746
89.4806
89.9589
90.0454
89.0185
88.4520
90.2366
90.2017
89.7560
89.3973
87.6555
86.9638
88.8238
90.2247
90.1400
90.3973
87.0581
87.1434
88.1616
86.3307
86.1278
85.5157
86.0124
86.0253
85.8316
85.2618
85.0312
83.9843
84.3537
84.6877
83.7860
85.3419
84.9233
85.2294
85.2311
85.6514
85.4235
87.1699
88.1746
86.6482
85.9986
87.6600
85.3767
86.8652
86.1715
85.5012
85.0594
84.2509
84.4302
85.7716
85.4622
84.7282
86.0709
85.5017
86.4340
86.2734
88.6240
88.0745
86.8378
85.8056
87.2139
85.7546
85.3923
85.2126
83.0940
84.2508
84.6936
83.4770
84.4613
86.2513
83.2244
86.0472
84.7276
85.2414
85.2094
85.2481
83.1764
82.0668
82.7433
82.8193
83.2023
83.9649
85.4812
83.9597
85.3235
85.2545
83.7703
83.7116
83.1233
83.4087
83.9178
82.6863
83.8319
83.7025
82.7069
82.7711
82.3139
82.7079
83.9525
83.8041
85.0056
84.9494
84.1468
83.4471
83.4886
82.1227
82.6073
81.0822
80.5647
82.8423
81.9364
82.3689
81.4052
81.7644
83.9428
82.7004
83.3164
83.8995
81.5702
81.6331
82.8462
82.1979
83.3820
85.5529
84.7883
84.7919
85.1226
83.6941
83.9183
85.4749
84.7247
85.5072
85.5832
85.2959
85.0593
84.2176
83.9076
84.0926
84.2984
84.4838
83.8705
83.5866
85.2847
84.8151
84.3762
86.0942
86.2163
84.7246
85.3414
84.9278
85.3502
84.4663
84.0259
86.7448
85.8355
86.6739
87.4495
88.3241
87.5792
87.2452
86.6591
86.4876
87.7663
87.3141
87.0371
87.6435
86.6833
86.4605
86.7844
86.1984
86.3440
84.9942
85.5314
84.7144
83.7799
84.6205
83.9888
85.6034
84.7354
83.5156
84.2527
85.7839
85.5689
84.7207
84.5408
85.4729
85.5508
84.7772
87.2641
87.0329
85.7130
84.9751
85.0139
84.6828
85.5863
84.7897
84.5323
86.0642
86.1997
84.1231
82.8085
82.9556
84.6996
84.2369
84.6765
83.7635
84.7797
83.0410
84.7573
84.1944
83.6767
82.5775
82.6388
82.3234
82.8481
83.2319
82.5550
82.6838
83.7427
83.1735
83.1395
84.0509
83.7582
83.2652
82.4506
83.1936
82.2508
82.7013
82.4894
82.8137
83.4409
83.6673
83.8379
83.8833
83.4684
83.4162
82.0857
82.0956
83.8526
82.5670
80.8594
81.8048
83.7934
84.6144
84.2816
83.3494
83.4937
82.9535
84.0078
83.0700
82.7960
82.4213
83.5126
83.3947
84.7328
84.4332
85.8196
86.5185
86.6073
83.8742
84.3242
83.4658
84.5154
83.3991
84.1729
85.8090
85.0081
83.9132
84.0921
84.2708
82.0538
82.4888
82.7131
81.9699
83.5744
82.1962
85.0117
83.5369
81.3178
80.7330
80.6811
82.1692
83.0492
83.0364
81.8159
81.7994
80.4303
81.3873
82.0225
81.8356
81.0345
81.8358
81.8208
83.5297
82.0729
81.5487
81.6647
83.1613
81.3935
81.2113
83.4603
81.7454
80.9035
82.3963
81.7091
80.8051
81.0913
81.5005
81.8095
82.2397
81.5804
81.7456
82.1623
82.8546
82.5140
81.9805
82.7571
84.0082
85.1338
81.9347
82.6025
81.4115
82.6349
82.4717
80.9591
83.9462
81.7540
81.7988
81.3038
82.3351
82.4058
82.0183
82.6718
82.5846
81.0710
80.8438
80.2234
80.7933
79.8993
82.0844
81.0589
82.5099
81.5329
82.2348
82.4737
81.5282
83.1961
82.2435
82.7160
82.4493
82.9585
82.5505
81.8502
82.3766
81.7216
81.8272
82.7578
82.3870
82.7964
82.5597
81.5141
81.1948
80.8908
80.5214
81.4428
80.6359
82.2635
82.4090
81.2660
81.5391
81.2807
80.3693
80.7057
82.4602
83.1424
81.5598
82.6209
81.9079
80.0148
81.3658
82.1642
80.9931
80.2239
81.2190
82.4753
82.8045
84.8782
83.1737
81.7192
81.7128
81.6864
79.6461
81.1907
81.9415
82.5493
82.2679
81.5396
80.9272
80.1506
80.7454
79.7970
80.5145
81.0844
80.8614
80.1435
80.3058
79.6587
79.1046
80.1019
79.4920
80.8392
81.5128
80.0341
79.4206
79.5651
78.5616
80.0634
79.8281
80.1588
81.1068
81.0461
81.5858
80.2420
80.7593
80.2255
78.8845
80.4336
80.0649
78.6957
77.5375
79.7193
79.2353
81.4944
81.9397
81.5316
81.9034
81.9862
80.0845
80.5230
80.9611
80.1488
79.2678
81.2968
81.5318
79.5105
79.9968
81.6434
83.0642
82.7119
82.8917
80.9046
82.6071
80.5131
78.9146
80.7162
81.0568
80.4082
80.9424
81.7209
82.0358
83.5660
83.2501
83.6172
84.1943
83.0477
83.7550
85.2897
86.0673
84.8462
85.0550
86.3180
85.7421
86.4855
86.0024
85.8028
84.6525
86.0895
85.8278
85.8798
86.4135
85.1972
83.6482
84.8195
83.9951
83.2334
84.0668
82.5684
83.2631
84.2246
83.6625
83.9448
84.4512
82.4432
84.5925
84.9120
84.2716
85.0827
85.8413
85.9824
86.2076
81.9215
83.9866
83.9083
83.8092
82.0339
82.4284
80.6981
81.1570
83.1989
84.1206
85.4590
85.9802
86.8788
85.5463
85.5140
85.9189
87.0963
86.0705
83.2913
84.2487
84.4329
83.2027
82.4524
81.0408
81.9453
81.2954
82.3182
83.8580
85.3353
83.3082
85.6276
83.2963
85.1083
85.9433
84.2847
84.5871
86.7110
87.7762
88.7463
88.1576
88.9949
90.7746
88.9959
88.9397
86.8365
86.7956
86.3441
85.5171
85.9067
84.3240
84.6099
86.0898
85.8915
85.2761
86.5896
85.6953
85.1702
85.9668
85.7792
86.7206
88.1305
87.0439
87.2411
86.9997
86.7730
84.4394
84.0531
84.3465
84.8564
84.6593
84.7290
85.7861
86.8345
87.1299
88.0687
87.2259
87.2642
86.6226
86.4892
88.3033
87.3428
88.0356
87.9742
88.8679
88.2343
88.3595
89.4425
87.1256
87.8541
87.2655
87.6211
86.7208
87.2168
87.3023
88.9722
87.6912
88.4754
89.4513
90.2915
89.9687
89.8390
89.0189
89.0782
88.6207
88.3172
90.2789
90.0553
89.6726
89.8244
90.8096
90.2208
90.6736
89.9285
89.5272
89.5683
91.3674
89.0736
90.0945
89.3168
88.7426
87.0287
87.8610
88.7059
88.7226
88.9435
90.4097
91.7981
91.4313
89.2249
90.7830
90.4685
91.5281
90.5741
91.0931
92.2254
91.0687
90.9666
90.6554
90.7818
90.2203
91.0735
89.8256
88.9568
90.7902
91.8461
91.2149
92.4783
90.8912
90.5646
89.9958
90.1615
88.8701
88.8470
88.7715
90.3706
89.5621
87.9686
87.8287
88.7584
88.0090
87.7205
88.1433
89.5560
87.3142
89.5033
88.6408
89.6376
90.6301
89.9259
89.1250
88.8406
88.0935
88.1242
90.3046
88.3894
88.4704
89.0385
90.2721
89.0670
90.0643
90.9757
90.1120
88.5059
87.6508
87.5197
87.9431
87.0289
85.4711
86.3244
86.9489
86.3171
87.0367
86.4303
85.7304
86.9478
86.9824
86.5060
85.4284
85.0952
85.3036
85.6287
86.7727
86.2887
85.7682
85.9227
85.9471
84.3933
86.6978
87.9512
85.7904
86.2171
85.4603
84.2848
84.0199
85.3191
86.4051
86.3408
87.0115
86.5394
85.8689
84.6160
85.4690
84.0997
84.3017
84.9940
86.0615
87.2739
87.3531
87.4884
86.0679
85.8840
84.9649
85.5787
85.9581
86.3730
86.6052
87.5805
87.5872
88.4274
88.1783
87.5220
85.0817
86.9191
87.9652
87.1704
89.0381
88.0527
87.9188
87.8941
85.3255
86.5274
87.8034
87.2426
86.4754
86.4097
87.1651
88.1119
88.2320
86.0162
86.0945
87.1941
88.6089
86.9501
87.8997
87.7407
87.4412
89.4577
89.5046
89.9929
89.9135
90.8730
89.3253
90.5782
90.0238
90.8696
90.1227
90.3969
90.4881
89.5827
89.1155
90.7078
89.7693
89.7923
89.3515
91.2289
89.9592
90.2871
90.1560
88.8144
88.6777
89.5082
89.1674
90.1496
91.2668
91.1580
91.2666
91.7917
91.1819
90.8365
90.4825
92.2008
92.6563
92.2590
93.6274
92.4131
90.7328
90.3165
90.6688
92.7227
92.6030
92.1250
90.4497
89.3435
90.3237
91.2773
90.8191
90.4983
90.8521
92.5823
92.8392
92.9017
92.3463
92.0921
93.1354
91.3991
91.8073
91.2529
92.1314
93.3506
92.9807
92.2692
92.1304
92.0672
93.5433
93.0009
92.0218
93.1873
90.6914
89.7299
91.6357
90.6458
90.4642
90.9996
91.2716
89.6675
90.6659
90.4281
92.2326
90.8825
90.2871
88.9182
89.0003
89.2588
90.3797
88.8700
90.9782
91.2970
89.6009
90.0790
89.8019
91.1211
89.5090
88.0720
90.6254
89.4716
89.7585
89.5080
91.8828
89.7414
90.6213
89.4784
89.2961
90.1631
90.4182
90.9471
91.5737
91.4482
90.8380
90.6793
90.9107
91.0317
92.4125
93.2552
90.1412
90.3437
90.6748
90.0131
88.2361
89.5240
89.7811
89.1004
89.5912
89.5287
88.8151
89.4472
89.1626
89.1219
89.8897
88.2125
88.2345
90.0328
88.4820
88.4143
85.7934
85.4718
87.5586
87.1212
88.2456
86.3622
88.0567
87.6032
87.0738
87.4285
86.6724
87.2288
87.3195
87.8824
87.5419
87.3647
88.2582
86.2230
84.9332
84.5120
83.9592
85.4248
87.0638
87.0427
86.2350
86.8280
86.7525
86.2140
85.5662
85.3323
85.3115
84.7222
86.5412
85.3812
84.9450
86.0801
84.9906
86.5915
88.7493
87.6980
87.8084
89.0339
88.1596
86.9609
85.7044
85.8601
85.8345
84.7957
85.3674
85.7293
86.0952
85.5989
84.9677
84.8356
84.1886
85.7029
84.9588
86.4600
85.5938
85.6406
82.9069
84.4264
84.2440
83.9775
83.7773
83.4616
82.9744
80.3670
80.3430
80.7553
82.2620
82.9018
83.5372
83.3271
83.7655
83.0700
84.7348
84.2385
82.3830
82.8613
84.0158
83.3363
83.7558
81.2330
82.3381
83.8695
82.5988
82.8091
83.4062
82.8892
84.0152
84.2813
84.5694
85.6395
83.7057
83.0325
83.4813
84.3126
84.2594
84.5648
84.8270
85.3891
84.1816
84.0571
84.2896
84.2278
83.1848
82.6222
81.9912
81.7307
82.8823
82.7998
82.3496
81.5910
83.5477
81.1775
81.7222
83.3357
84.0983
82.1501
80.5046
80.4423
82.0428
83.2329
82.9393
85.7259
85.2558
83.6381
84.9317
84.4613
83.9662
85.4226
84.1477
83.6712
85.4409
83.8072
83.0918
84.6767
84.7402
82.9590
81.7070
82.6383
81.5875
81.8411
83.5578
85.2963
84.4913
85.8008
84.6722
84.9622
84.8494
83.6538
83.7429
85.2187
84.4570
84.1820
83.5870
84.3625
83.3886
83.1523
84.0395
84.3921
85.0519
85.8186
85.8194
84.9204
86.2177
83.8067
84.1595
83.3125
84.2228
84.9363
84.6284
82.9899
82.7819
82.3740
83.1753
83.8038
84.3483
83.6900
83.8203
82.7068
83.5492
82.5105
84.3327
84.8876
84.7896
84.4128
84.2104
86.4469
85.6775
85.1739
85.7581
87.0155
87.6393
88.3666
88.1664
88.8309
88.5557
87.4014
86.1475
86.9641
88.6435
88.2243
86.3888
85.8003
85.8590
85.7197
85.4627
85.9993
86.4424
88.1343
87.7156
87.0520
89.0492
89.3510
89.1182
88.3213
90.7326
90.0629
89.6952
89.5104
89.1545
88.6081
86.3332
87.3704
86.6219
85.9080
86.0013
85.0346
85.8164
87.5683
86.0742
86.5467
85.5158
86.7645
85.3690
87.1025
87.2010
87.0386
86.1288
88.2310
86.5123
86.4208
86.2172
85.6962
85.7259
85.6455
86.6443
85.8197
87.0772
85.9641
84.8554
85.1392
86.2659
84.6223
85.1500
85.4883
84.1353
85.7768
85.6916
87.8833
85.1369
85.2683
84.8238
84.2196
85.3569
84.6069
86.1878
86.5963
86.9794
87.6258
87.5923
87.5335
90.3015
90.8394
90.0338
88.3003
88.7880
88.1134
88.7176
87.6125
87.1024
87.1983
87.1832
88.5588
89.1020
88.4719
88.5115
89.4921
88.5006
89.9077
89.1443
90.0503
89.2580
88.7555
88.5833
89.5357
89.0512
88.0239
88.1219
87.4769
86.2875
87.0247
86.6610
85.6732
86.2982
87.6186
86.8115
86.0578
88.8380
87.5136
87.3118
87.9645
87.4173
87.1465
86.1300
86.6246
86.0921
85.2899
84.9898
84.3647
85.3625
84.9991
85.9933
85.7741
85.2121
84.5024
86.4465
85.0774
85.3460
85.1743
86.2476
86.8017
86.3767
85.8122
87.1400
87.1794
85.8306
86.6231
86.3667
84.9460
84.0011
84.7459
84.5066
84.6400
83.5901
83.8986
85.4741
84.5934
86.0253
85.3059
86.2645
86.7126
85.2387
85.1358
85.4534
85.5882
86.6411
86.8661
87.7130
87.6564
86.5123
87.3231
87.2038
85.1150
84.0857
85.2860
86.0716
84.7862
84.0378
85.3944
84.2576
84.2137
84.8351
83.2858
84.4264
82.5125
82.7293
83.3379
84.2913
83.7257
82.7927
83.9160
84.2158
82.4779
83.7127
85.4725
86.3470
85.3414
85.5023
84.8853
83.5023
84.6132
84.6539
83.7558
84.4093
85.5209
85.6325
84.8463
85.7551
85.7796
84.8926
85.3725
86.9680
86.1277
84.5964
84.7258
83.3826
84.9312
85.0623
86.1916
85.5359
84.1411
83.9512
86.3018
84.3451
85.2226
83.8658
83.9456
84.9482
85.0843
86.6325
85.6150
85.9403
85.3091
85.4230
84.8290
87.0262
89.5387
89.3077
87.7171
88.2468
87.6663
88.4647
88.0328
88.7664
88.7757
87.5230
88.7264
88.0899
86.6758
86.4016
87.8709
86.7712
87.8562
87.6494
87.4388
88.9890
86.2999
87.0563
85.6010
85.1965
83.2789
84.6860
84.5230
