1.5425
2.1234
1.7662
1.6280
1.4070
1.7047
2.4276
1.9698
1.3932
1.6898
1.5857
2.0683
1.9003
1.7405
1.5949
1.6336
1.9016
2.2831
2.1632
1.7592
2.0627
2.2298
2.2647
1.7990
2.3477
1.6829
1.7523
1.7530
2.1358
2.3011
2.3620
2.2440
2.2761
1.9223
1.8105
1.9464
2.0354
2.2536
1.7740
2.1169
2.1496
2.1334
1.9864
1.4133
1.6938
1.8960
2.3351
2.1679
1.7983
1.8931
2.1638
2.0041
2.2458
2.3324
1.6515
1.8034
1.7184
1.8627
1.9105
1.9560
2.0027
2.1380
2.2042
2.0746
1.8375
2.3210
2.1946
2.1605
1.8743
1.6766
1.8907
1.7422
2.2258
2.1989
2.0197
2.0827
2.0088
2.0504
2.2064
2.2516
2.0794
1.9546
2.0833
2.1382
1.9495
1.8505
2.1937
2.6993
2.1662
2.4063
2.1418
2.4329
1.6618
1.9385
2.2263
1.9848
1.8386
2.0419
2.0056
1.9313
2.1626
2.1935
1.9606
1.7611
1.8170
1.8436
1.7252
1.9709
1.5705
1.7780
1.5685
1.9226
2.0590
1.6451
1.6992
1.8516
1.6001
1.8606
1.7951
1.5126
1.6525
1.5648
1.6788
1.4987
1.9807
2.0488
1.8431
1.5692
1.9619
2.1335
2.2113
1.9227
2.0508
1.7167
1.4327
1.8175
1.7252
1.7639
1.6759
1.5125
1.6280
1.7191
1.8491
1.8307
1.5498
1.6078
1.4583
1.7371
1.9149
1.9057
2.0423
1.5358
1.8497
1.9339
1.8673
2.0308
1.9194
1.8061
2.2392
1.9611
2.1325
1.7198
2.2616
2.5348
2.4020
1.8575
2.3933
2.5672
1.7409
1.8622
1.6061
1.8309
1.9324
2.0963
1.9200
2.3254
1.8655
2.0627
2.4041
2.0810
1.6701
1.9353
1.9322
2.1817
1.9790
2.0529
1.8594
1.6099
1.9706
1.8175
2.0090
2.3474
2.2304
2.4236
2.7385
2.3249
2.0022
2.4842
2.5439
2.4078
2.6620
2.7463
2.3725
2.1055
2.3413
2.1560
2.3202
2.1319
1.6069
1.6931
1.9789
1.8022
1.5578
1.5146
1.7638
1.8872
1.6403
1.8358
1.8526
2.1865
2.1413
2.1419
2.0162
2.6350
1.5014
1.3453
1.2068
1.5138
1.7121
1.4484
1.2785
1.5514
1.2783
1.6055
1.5576
1.7828
1.8603
1.6714
1.8606
2.1055
1.9376
1.8142
1.8445
1.7579
1.9363
2.2441
1.9297
1.6750
1.3058
1.8105
1.9258
1.8985
1.4359
1.2564
1.7264
1.7444
1.4514
1.5000
1.4871
1.4670
1.4844
1.7234
2.0002
1.7781
1.8934
1.3823
1.4687
1.5341
1.9888
2.0643
1.7480
2.1129
1.9448
1.6656
1.6371
2.2543
1.7904
1.8302
1.8784
1.7802
1.6758
1.5745
1.9824
2.1499
2.7136
2.1130
2.6007
2.3166
2.2698
1.8826
1.9339
1.4186
1.9452
2.0647
1.5317
1.3465
1.8371
1.6537
1.4971
1.8340
1.6818
1.7306
1.9591
2.2440
2.3828
2.2762
2.0715
2.2730
2.2064
1.8416
1.5483
1.7647
1.6395
1.3664
1.4009
1.3683
1.9555
1.7232
2.6725
2.2165
1.8329
2.2746
1.7780
2.0720
1.7958
1.7131
1.4203
1.9473
1.6218
1.9881
1.7240
1.8576
1.8795
1.9372
1.2619
1.8275
1.8372
2.1314
1.7276
1.8914
2.0151
2.0492
1.4680
1.4142
1.6064
1.4864
1.6664
1.6682
1.4678
1.6374
1.4692
1.5443
1.3391
1.9783
2.1771
2.0921
1.6657
1.4806
2.3606
2.2914
1.7676
1.6743
1.8715
1.9959
1.8455
1.6676
1.9119
1.2459
1.0194
1.2811
1.4046
1.7283
1.7067
1.9396
2.2258
2.1033
1.7896
1.8917
2.0693
2.1642
2.0851
1.2054
1.6193
1.8119
1.8120
2.1502
1.8405
2.4664
2.0096
1.4067
1.6228
1.8168
1.6947
2.1951
1.7017
1.1725
1.4563
1.2991
1.3274
1.3329
1.4937
1.4843
1.7704
2.3645
1.8064
2.0039
1.7352
1.9973
1.7289
1.6156
1.8643
2.0373
2.1707
2.3463
1.6948
1.1872
1.8687
1.7929
1.1437
1.4031
1.2826
1.1480
1.2073
0.9997
1.2962
0.9876
1.3422
1.0522
1.2487
1.6954
1.0587
1.3754
1.6137
1.7486
1.5103
1.4157
1.7971
1.6392
1.6092
1.0712
1.2504
1.3940
1.7254
2.0087
1.5033
2.2909
2.5039
2.2392
1.8409
2.2673
1.9853
2.1584
1.6768
1.6832
1.9397
1.9753
2.0287
1.9929
1.6436
2.1291
1.7680
2.1728
2.1419
1.7863
1.9768
2.1803
1.8643
1.6632
2.1556
2.9570
2.7306
3.2716
2.9587
2.7535
2.1886
2.0138
1.9965
2.2375
2.3729
2.3807
2.1727
2.0988
2.0438
2.1378
2.0646
2.3832
2.0088
1.7795
1.9797
1.4576
1.9098
2.1027
2.2041
1.4653
1.7584
1.7905
1.7596
1.9140
2.0430
1.8398
1.8417
2.0443
1.8831
1.6382
1.8553
1.7607
1.5583
1.4790
1.7531
1.7352
1.0619
1.4431
1.4184
1.5805
1.4220
1.4342
1.8594
1.4211
1.2098
1.4889
1.4768
1.5409
2.0910
1.5965
1.4882
1.6001
1.3406
1.6388
1.8333
1.8789
2.0175
1.9601
1.9810
1.9950
2.0225
1.8909
2.1438
1.4366
1.3735
1.9006
1.5234
1.5341
1.7253
1.6343
1.4249
1.2826
1.7101
1.5029
2.0157
1.9687
2.2193
1.9758
1.7889
2.6429
2.2440
1.9970
2.1173
2.0991
1.9253
1.6586
1.8099
2.2003
1.2142
1.9445
2.7008
2.2935
2.1507
1.5978
1.6977
1.8257
1.5464
1.7615
1.4247
1.4127
1.6102
1.3901
1.4252
1.3746
1.3591
1.8220
1.8736
1.7786
1.8442
1.8503
1.7048
1.9246
1.7591
1.7733
2.0371
1.8021
1.8853
1.5870
1.5151
1.3175
1.8415
1.8424
1.5866
1.7142
2.0458
2.0056
2.0094
1.9154
2.0741
1.8137
1.8155
1.6654
1.7352
1.9531
1.5874
1.5179
1.8555
1.5204
1.5338
1.4130
1.7220
1.6237
1.7185
1.5286
1.8107
1.8751
2.3622
2.0694
2.3581
1.7351
1.6253
1.7378
1.7817
2.0476
2.3494
2.2578
2.0794
2.0430
2.4381
1.8944
1.8223
2.2910
2.7944
2.4206
2.1605
2.2731
2.2270
2.6144
1.8149
2.0991
2.0176
1.7782
2.1483
1.9280
1.8218
1.8859
1.7082
1.8290
1.9265
1.8543
1.7878
1.7567
1.0074
1.0094
1.6534
1.7541
1.2461
1.4613
1.0538
1.1362
1.6698
1.2184
1.1079
1.1562
1.5663
1.1248
2.0291
1.5775
1.7911
1.4869
1.3468
1.2182
1.4899
1.5929
1.5350
1.4341
1.7274
1.9908
2.1486
1.7652
1.6534
1.6241
1.6988
1.3507
1.6044
1.0486
1.3653
1.3902
1.6427
1.4096
1.6388
1.5820
2.1930
2.2786
2.2982
2.1785
2.1226
1.8199
1.8617
1.5662
1.6604
1.4419
1.7787
1.7962
1.5141
1.6751
1.4611
1.3337
1.9027
1.2561
2.4272
2.1415
2.3683
1.8869
1.8047
1.7905
1.6268
1.0954
1.3466
1.8478
2.2150
1.5388
1.7936
1.9764
1.8952
1.7751
1.9016
1.6447
1.5754
2.2861
2.0540
2.0090
1.8184
1.7293
1.7850
1.8091
2.0048
2.2561
1.9785
1.7703
2.0682
1.7743
1.8998
1.4545
1.6568
1.6308
1.9154
1.4845
1.7484
1.7196
1.2866
1.5614
1.7217
1.5658
1.5000
1.5264
1.4700
1.2981
1.4308
1.7790
1.3094
1.1862
1.0878
1.2040
1.0785
1.5290
1.9680
1.8359
1.2811
1.2685
1.4190
1.0297
1.4267
1.3606
1.4363
1.3422
1.6252
1.4384
1.2496
1.3381
1.8216
1.7767
1.9304
2.2176
2.5488
2.3331
2.2350
2.2118
2.0415
1.8783
2.0591
1.9540
2.2600
2.3341
2.3409
2.6103
2.2087
2.0925
1.8545
2.0456
2.1635
2.3097
1.9002
1.8597
1.7171
1.2193
1.6726
1.3598
1.5362
1.4572
1.1739
1.2418
1.4238
1.0978
1.3449
1.2428
1.1348
1.3028
1.4598
1.5478
1.2690
1.5109
1.3502
1.0200
1.4079
1.2457
1.1227
1.1707
1.3295
1.3681
1.7388
1.3773
1.0277
1.6190
1.3145
1.0106
1.5750
1.4996
2.3278
2.0392
1.4516
1.4812
1.4408
1.4621
1.4752
1.6365
1.5549
1.7051
1.7304
1.6680
1.3423
1.4877
1.6181
1.8760
2.1042
2.0327
1.7164
1.6529
1.7657
1.7666
1.6205
1.8700
1.5131
1.5922
1.6397
1.5219
1.6228
1.7238
1.8249
1.9588
1.8600
2.1977
2.2238
2.2185
2.4408
2.3571
1.9582
2.2536
2.5320
2.6865
2.2988
1.8710
1.4180
1.6093
1.6775
1.7639
2.0305
1.8322
1.8906
1.7565
1.9097
1.2671
1.1621
1.3176
1.2165
1.4707
1.3518
1.3570
1.7809
1.6867
1.1233
1.2932
1.6262
1.1391
1.2665
1.1469
1.4066
1.6528
1.5000
1.5789
1.7354
1.4178
2.0332
1.9170
2.1256
1.8185
1.6492
1.8865
1.7987
1.7346
1.7250
1.8851
1.8674
1.6561
1.8039
1.4353
1.8083
1.7547
1.7218
1.6114
2.0689
2.3932
1.9977
1.5604
2.1200
2.4949
2.3578
2.3453
2.7107
2.3849
2.2621
1.9799
2.4454
2.2203
2.0397
1.6828
1.8291
1.7805
2.1261
1.7293
2.1040
2.1624
2.0991
1.6840
1.4924
1.7635
1.7217
2.0618
2.2587
1.5982
2.0395
1.8643
1.5956
1.8108
1.7442
1.2159
1.6371
1.7270
2.4515
2.1269
2.3913
2.5186
2.5715
2.6231
2.6298
2.3504
2.3114
2.3018
1.9350
2.0213
2.2278
2.1925
2.2710
2.7110
2.6516
2.3866
2.8376
2.5727
2.9355
2.5965
2.5649
2.8254
2.7896
2.4910
2.2633
2.2612
2.5603
2.8398
2.5626
2.2721
2.3251
2.4246
2.5900
2.6442
2.6704
2.7879
2.4975
2.5779
2.5009
2.6444
2.4532
2.3653
2.2878
2.4236
2.4570
2.4592
2.7219
2.6811
2.3849
2.4471
2.4337
2.2656
2.2929
2.5098
2.4108
2.7251
2.4146
2.6333
2.7511
2.0860
2.4017
2.1597
2.0715
2.3864
2.2258
2.2404
2.2731
2.3278
2.1490
2.1721
2.2023
2.2828
2.3906
2.5125
2.3962
2.3447
2.3302
1.7938
1.8813
1.7658
2.0166
2.1246
2.5654
2.2343
2.3980
2.4424
2.2193
1.8341
2.2457
2.7116
2.3786
2.1996
2.0488
2.2389
2.4657
2.6372
2.2733
2.2686
2.6168
2.6926
2.0518
2.0679
1.8422
2.3246
1.8089
2.0818
1.8739
2.2434
2.0554
1.3780
1.7459
2.2312
2.1354
1.7352
1.8602
2.2252
1.6872
2.1443
1.7324
1.6853
1.5071
2.1027
1.7824
1.8489
1.7813
1.8422
1.9570
1.7661
1.9709
1.8017
1.8511
1.8343
1.9599
2.2751
2.0045
1.8720
1.7723
2.1763
1.9815
2.4298
2.0973
1.9734
1.7431
2.4631
1.8750
1.9089
2.0266
1.5686
1.7935
1.6438
1.8286
1.6735
1.0828
1.8416
1.7479
2.2489
2.0842
1.2036
1.8058
1.7760
1.6132
2.1526
2.4248
2.2161
2.1093
2.1760
1.7952
1.9877
2.0003
2.4214
2.0431
1.9988
2.4458
2.2286
2.1865
2.3229
2.3541
2.3002
1.7672
1.7927
1.8820
2.1419
2.1949
2.2936
2.0326
1.9032
1.9166
1.6277
1.6773
1.2451
1.4935
1.4216
1.4493
1.8658
1.6831
1.5761
2.3746
1.9785
1.6065
1.5083
1.8211
2.1863
1.9175
1.4607
2.0217
2.5090
1.9368
2.6491
2.6334
2.8869
2.9651
2.4704
2.1515
2.1296
1.9557
2.8502
2.2911
2.6894
2.5915
2.8601
2.5664
2.4657
2.7390
2.4817
2.5351
2.0825
1.9393
2.3134
2.6066
2.6921
2.5484
2.2877
2.5487
2.1896
2.1235
2.5053
2.1192
2.5380
2.2215
2.5835
2.2511
2.3507
2.4908
2.2362
2.0102
2.0104
1.6432
1.7729
1.9002
2.1894
2.6082
2.1693
2.7057
2.5034
2.3842
2.6669
3.1147
2.1155
1.9026
2.4871
2.6389
2.2031
1.7945
1.6266
2.1213
2.1418
2.0086
1.9196
2.0363
2.2702
2.3248
2.3397
2.3743
1.9312
2.0993
1.7724
2.0680
1.9203
2.1437
2.2185
2.3343
2.3483
2.4022
2.2850
2.2463
2.1846
1.9681
2.3775
2.1663
2.3159
2.7224
2.7666
2.8974
2.1697
2.1549
2.5803
2.0249
1.6889
1.9363
1.8832
2.0865
2.4609
2.6553
2.7945
2.1536
2.2207
2.2126
1.9347
1.9015
2.3562
2.2322
2.5518
2.5387
2.6179
2.0906
2.6404
2.2269
2.1282
2.2744
1.9596
1.5526
2.0978
2.0435
1.6088
1.9004
1.9424
1.9539
1.8498
1.8019
2.0274
2.1831
2.2623
1.9075
1.7358
1.5633
2.0002
2.1881
1.7813
2.2673
2.2257
2.6836
2.5214
2.2397
1.7763
1.7759
1.8599
1.5378
1.5666
2.2794
2.6936
2.2902
1.9847
2.4701
2.4826
2.6340
2.4544
2.5180
2.8809
3.1704
2.4610
2.1916
2.0172
2.2608
2.0424
1.9011
1.7940
1.7535
1.8347
2.0508
2.3781
2.2702
1.4359
1.7208
1.8564
2.1444
1.7410
1.2031
1.9701
1.7139
1.9690
1.8766
2.0501
1.9955
1.9943
2.2629
2.0605
2.2718
2.3132
2.3719
2.6958
2.3674
2.6668
2.8248
2.9293
2.7272
2.3989
2.3945
2.4430
2.4560
1.9636
2.3275
2.1775
2.6225
2.2879
2.5666
2.2825
1.6982
1.8039
2.1689
2.5516
2.5358
2.5139
1.6531
2.0877
2.0174
2.2315
2.2629
1.9226
2.0798
1.5594
1.3248
1.5196
1.7892
1.5178
1.6607
1.3210
1.3519
1.3482
1.3547
1.7649
1.4573
1.5876
2.0165
1.6094
1.4272
1.1306
1.2991
1.3804
1.6259
1.7429
1.3248
1.3850
1.2723
1.5412
1.6685
1.7301
1.9338
1.7679
1.6900
1.8279
1.5881
1.8986
2.0389
2.3239
1.9861
2.0875
2.0374
1.8583
1.7658
1.7420
1.6315
2.0594
1.9780
1.6605
1.5596
2.0459
2.1255
2.4180
2.2477
2.3879
1.9744
1.9910
2.0986
2.0225
2.3716
2.0120
1.9255
2.3715
1.8611
1.9071
2.3568
2.2825
2.2626
2.2623
2.6488
3.0550
2.8960
2.3695
2.2323
2.3833
2.1055
2.1325
2.1881
2.1372
2.5878
2.5940
3.0989
2.2407
2.5493
1.9768
1.6111
1.4507
2.1482
2.0028
1.7866
2.1485
2.0197
2.4355
1.9700
1.8772
2.2113
2.6854
2.3824
2.5877
2.3903
2.9071
2.8333
2.7323
2.3298
2.7909
2.4557
2.6682
2.5310
2.6604
2.5894
2.8182
2.9777
2.8847
2.8345
2.5953
2.9536
2.4916
2.6102
2.4773
1.9713
2.2917
2.1355
2.3286
2.0312
2.1571
2.0158
2.1388
1.9529
2.4382
2.9463
2.3172
2.0705
1.9033
2.2889
2.0230
2.3015
2.0888
1.9063
1.9723
2.3629
1.6662
2.4348
1.7450
1.7229
2.4464
2.5160
2.3835
2.3473
2.3403
2.4153
2.3192
2.0617
2.2907
3.0099
3.0412
2.0242
2.9183
2.2261
2.3629
2.2891
2.3567
2.0165
2.1033
2.2869
2.3593
2.5571
2.7151
2.3337
2.5820
2.3901
1.8868
2.0496
2.4984
2.8138
2.8402
2.7593
3.1368
2.7844
2.7924
2.8538
2.8870
2.3253
2.2787
2.1013
2.1460
2.4501
2.4512
2.5408
1.7565
1.9171
2.1697
2.0828
2.0807
2.4593
2.1197
1.9981
2.3381
2.4077
2.4602
2.2619
2.8888
2.6630
2.2614
2.1449
1.8306
1.7731
1.9474
2.1351
2.0605
2.6510
2.1701
2.0388
2.0519
2.5236
2.0206
2.2408
1.8489
2.4160
2.5517
2.6042
2.0688
2.7959
2.4577
2.2633
2.2995
2.0786
1.9333
2.0267
1.9355
1.7070
2.4542
2.2110
2.3028
2.1516
1.9954
1.9257
2.1232
2.2663
1.9304
1.8283
1.7553
2.1183
1.4658
2.2216
1.9125
2.0925
2.1339
1.8581
2.3660
2.0343
1.7413
2.2160
1.8395
1.4775
1.9327
1.9217
1.7187
1.5350
2.1907
2.3912
2.1813
2.2477
2.6365
2.7219
2.9780
2.7675
3.0156
2.8754
2.4499
2.8305
2.5261
2.4186
2.4358
2.4715
2.0878
2.1238
2.3947
2.3634
2.4425
2.1521
1.7980
2.0672
1.9862
1.7340
1.9907
1.8164
1.7370
1.7968
2.3671
2.1520
2.6885
2.2482
2.3911
2.1179
2.3537
2.7306
2.6504
2.6239
2.2179
1.9622
1.5125
1.7829
2.0656
1.7613
2.2241
2.5723
2.3404
2.5375
2.5686
2.5229
2.2458
2.1438
1.9659
2.3802
2.0777
2.5555
2.3910
2.2754
2.2648
2.2586
2.6598
2.4488
2.1334
2.4349
2.8211
1.6850
1.9895
1.9701
2.0199
1.8401
2.2626
2.4538
2.2890
2.0341
2.5609
2.5318
2.1839
2.0971
2.1508
2.0244
2.2597
2.0413
2.3698
1.9695
2.0129
2.1229
2.1256
2.0260
2.1688
1.8221
2.1940
2.2785
2.4996
2.3894
1.8558
1.9420
1.7532
2.2906
2.2800
2.6074
2.3113
2.7076
2.7683
2.3633
2.5122
2.7392
2.5083
2.2672
1.7038
2.3183
2.4053
2.4094
2.8670
2.5975
2.7774
1.9533
2.1709
2.6081
1.8971
2.0354
2.7876
2.5731
2.6109
2.4099
2.0318
1.9668
2.4069
2.5557
1.9685
1.9596
2.3000
2.3370
2.1068
1.9695
2.4991
2.0813
2.2668
2.0311
2.0975
2.3555
2.1838
2.0914
2.5919
2.5329
1.8150
2.2098
2.1682
2.0492
2.0441
2.4553
2.1667
2.3802
2.0402
2.5433
2.3867
2.0592
1.9574
1.6097
1.6226
1.8052
1.3687
2.1949
2.1534
2.1328
2.1571
2.1608
2.1298
2.0666
1.9418
2.4135
2.5360
1.9592
1.9720
1.9145
2.0525
2.0622
2.3636
1.8454
1.9009
2.1203
2.2186
2.3119
2.0839
2.0670
2.1236
1.9778
2.1104
2.4494
2.4422
2.5025
2.1640
2.0374
1.9437
2.1372
2.1990
2.3329
1.8855
1.4698
1.5587
1.1940
1.6373
1.8367
1.8402
1.4119
1.8259
1.7749
1.6514
1.9515
2.1149
1.7478
2.4777
2.3706
1.8727
1.9724
1.8746
1.4207
1.5262
1.9032
1.8438
1.7222
1.9914
1.4197
1.5725
1.6149
1.5769
1.9391
2.3533
2.1686
1.9690
1.8866
1.8991
2.1468
2.0378
2.0054
1.3711
2.1085
2.0074
2.3415
1.7279
2.3045
2.2887
2.1063
1.7729
1.3120
1.3307
2.0534
2.1276
2.4257
2.3710
1.7341
1.5886
1.7035
1.9205
1.6613
1.5635
1.6998
1.7393
1.7074
1.7890
1.9593
1.6500
2.0180
2.1059
1.9952
2.2175
2.0217
2.0945
2.0517
2.2374
2.5019
2.2344
1.9953
2.3272
2.1564
2.3006
2.0855
2.2037
2.3161
2.5332
2.0190
2.3339
2.2663
1.8349
2.5036
2.3607
2.0556
1.9783
1.7762
1.7233
1.5735
1.8476
1.8419
1.8544
1.7068
1.7981
1.7378
1.6645
1.7450
1.7209
1.7572
2.0405
1.9576
2.1641
1.7784
2.6764
2.0979
2.3700
2.3137
2.3013
2.2908
2.3928
1.8895
2.0418
2.1885
2.0545
1.9276
1.7700
1.7834
1.8218
1.7784
1.5006
1.9951
1.8402
1.8847
1.4324
1.9225
1.8200
1.9872
2.2927
1.9918
1.7545
1.9752
2.1685
2.6229
2.8331
1.9934
2.2851
2.4449
2.7932
1.9088
2.2961
2.4473
2.3144
1.9294
1.9091
1.5590
2.4517
2.2323
2.1252
2.1876
2.0412
2.3912
2.2744
2.3785
2.8026
2.9106
2.7029
2.4983
2.4736
2.3430
2.3142
2.3431
1.7535
2.1063
1.8090
2.3462
2.1770
2.2491
2.3032
2.2452
2.2281
2.3710
2.3771
2.4238
2.3013
2.2092
2.2235
2.1810
2.0309
1.6756
2.3534
2.2776
2.1550
2.2528
2.0438
1.8057
2.3570
2.1120
2.0349
2.1736
2.0649
1.5124
2.1196
1.5126
2.0456
1.8961
1.7570
2.3971
2.7125
2.2903
2.6546
1.9045
2.3624
2.4580
2.4888
2.1069
2.0262
2.2233
2.3956
2.5107
1.9092
2.4232
1.8514
2.1210
2.6857
2.7001
2.1740
2.1833
1.8826
1.7005
1.7441
2.0846
2.0709
2.0694
2.5826
2.5210
2.7405
2.6937
2.6692
2.0336
2.1408
1.8373
1.7983
1.8056
2.2471
2.2632
2.2423
1.9928
1.8888
2.1606
1.8734
1.6935
1.5122
2.1091
2.2199
1.7127
2.0034
1.9239
2.1545
2.3161
2.2504
2.4746
1.4070
1.6034
1.7754
1.6912
1.9010
1.7305
1.9544
1.7552
1.5511
1.8959
2.2306
1.8963
1.6262
1.5663
2.2284
1.8294
1.6845
1.6020
1.7748
2.4033
2.1488
1.9640
2.4717
2.2181
1.8617
2.3957
2.4862
2.3231
1.9852
2.3928
2.2503
2.2867
1.7798
1.4845
1.4656
1.1606
1.0772
1.5726
1.4889
1.5171
1.7185
1.3708
1.7940
1.5308
1.7904
1.9588
1.6792
1.5732
1.6572
1.8565
1.5352
1.5723
1.6023
1.3247
1.5130
1.4734
1.0359
1.6012
1.6457
1.2167
1.3425
1.1726
1.6163
1.3240
1.6998
1.8383
2.0468
2.0172
1.7435
1.1845
1.5131
1.6485
1.7749
1.9356
1.2437
1.7726
1.8178
1.5077
2.2822
1.7189
1.6201
1.3956
1.2452
1.5929
1.6598
2.0225
1.7176
1.3780
1.9492
1.6595
1.6329
1.8520
1.6459
1.4520
1.2457
1.2693
1.2847
1.6102
1.8208
1.8149
2.0394
1.8993
1.4298
1.5936
1.6858
1.6213
1.4172
1.2764
1.2812
1.5438
1.8661
1.4250
1.6252
1.2946
1.5134
1.8245
1.7799
1.6150
2.0767
2.0450
1.9347
1.6098
1.8652
1.8549
1.9599
1.6074
1.9450
1.8211
1.8954
2.2696
2.3464
2.4970
2.6063
2.4987
2.1479
1.9476
1.7364
1.5548
1.5182
1.8106
2.1123
1.9491
2.1691
1.8353
2.5457
2.7707
1.9322
1.9187
2.1878
2.2425
2.3191
1.5618
1.9952
2.2217
2.0478
1.5018
1.8275
1.6727
1.4055
1.5792
1.7614
2.2876
2.1440
2.0011
2.2686
1.8496
1.9642
2.1924
2.0889
2.5093
2.2497
2.6353
2.4056
2.3698
2.6328
2.5650
2.9212
2.1593
2.4757
2.6161
2.6510
2.8406
2.8488
2.3058
1.8163
1.8825
2.2133
2.1852
2.3955
1.9596
1.9855
1.9022
1.9884
1.9070
1.9110
1.8848
2.2569
2.0680
2.1769
2.1165
1.7378
2.0604
2.2427
2.0941
2.0365
1.3959
2.2898
2.2051
2.1298
2.2792
2.3361
2.1273
2.2773
1.6947
1.9146
1.6097
1.7844
1.8083
2.1634
2.0867
1.9519
2.4602
1.9633
2.3200
2.0784
2.6477
2.4981
2.2122
2.6033
2.5531
1.8949
2.2935
2.2199
1.9916
1.9730
2.0791
2.0945
1.9542
1.8339
2.0585
2.4033
2.6907
2.0708
2.1068
2.2429
1.9605
1.7611
2.0406
2.5900
2.5968
2.3134
2.1206
2.3413
2.2189
2.3956
2.2279
2.3323
2.5350
2.2024
2.4404
2.2253
2.3789
2.8285
1.6752
2.2496
2.1391
2.4506
2.2046
2.1914
2.3826
1.8791
1.9560
2.1265
2.6294
2.4570
2.4239
2.1784
2.7203
2.3138
1.9715
1.9960
2.1029
2.2703
2.0662
2.1789
2.7051
2.2222
2.3619
2.6477
2.6175
2.4000
2.2825
2.2939
2.2601
1.9966
2.1522
2.3308
2.3201
2.6896
2.2890
2.2005
2.1014
2.3729
2.4712
2.2504
1.8912
2.3923
2.2240
2.3278
2.1461
2.1788
2.5153
1.8618
2.2724
2.3319
2.5614
2.4097
2.0306
1.8725
2.2310
1.9131
1.7671
1.9966
1.8864
2.3785
2.3650
1.9598
2.1071
2.0584
2.0179
2.2344
1.8792
2.2040
1.9247
2.3390
2.1517
2.1680
2.0500
2.0647
2.2714
2.5893
2.6682
2.6995
2.5468
2.9555
2.6318
2.0400
1.9455
2.1342
2.2416
2.3043
2.0361
2.5168
2.5269
2.4785
2.3256
2.5512
2.3339
2.4686
2.3895
2.4333
2.3590
1.8151
2.1146
2.5094
2.3430
2.4701
2.3364
2.1126
2.0548
2.3271
2.3508
2.1540
2.0071
2.2094
2.0588
1.9540
2.6452
2.3592
2.3030
2.0827
2.2864
2.2817
2.6492
2.6353
2.4314
2.4116
2.4893
2.5307
2.9103
2.2573
2.6539
2.7654
2.5109
2.5121
2.4616
2.5159
2.5808
2.1551
1.4247
1.7613
2.3112
2.4218
2.4470
2.4930
2.7596
2.4269
2.5600
2.7082
2.7499
2.5728
2.2260
2.6345
2.5312
2.2065
2.1389
2.0798
2.1769
1.7882
1.9768
2.2301
2.4752
1.8574
2.4790
2.7882
2.4237
2.1168
2.3568
1.6800
1.9952
2.5491
2.1805
2.0799
2.3196
1.8922
1.9371
2.0025
2.1300
2.1574
1.9762
2.6017
2.2432
2.3760
2.1925
2.3765
1.9491
1.7124
1.8201
2.0337
2.3146
2.0392
2.5243
2.4243
2.2255
2.3331
2.5836
2.4466
2.3733
2.3288
2.7480
2.6030
2.4206
2.3209
1.6671
2.1936
2.4500
2.7102
2.7045
2.3027
2.5353
2.3139
2.5177
2.7039
2.6704
2.3468
2.2155
2.3659
2.0696
2.2475
2.8393
2.4411
2.8059
2.5879
2.2792
2.6573
2.5468
2.1402
2.4840
2.3676
2.5289
2.5423
2.5881
2.3999
2.3634
2.5817
2.3138
2.5474
2.6322
2.5188
2.8061
2.6432
2.1993
2.3358
2.5731
2.1078
1.8521
2.0927
2.1592
2.5474
2.3246
2.4387
2.4039
2.5014
2.3468
1.7581
2.3061
1.7379
2.0073
1.9025
2.3537
1.7363
1.6654
1.2473
1.4766
1.4185
2.1651
2.6188
2.6649
2.2533
2.3088
1.9852
2.2959
2.4077
2.4688
2.4698
2.2583
2.5215
2.4518
2.3851
2.6170
2.4431
2.8530
3.0160
2.8667
2.6704
2.6851
2.7790
2.2884
2.8163
2.3895
2.5272
2.2678
2.5935
2.6733
2.4233
2.3885
2.4039
2.0418
2.8051
2.3628
2.8155
2.5478
2.7537
2.5148
2.7124
2.3798
2.5923
2.0437
2.1143
2.0994
2.2602
2.3803
2.6965
2.3669
2.6775
2.5288
2.3865
2.6425
2.5806
3.1045
2.3207
2.5449
2.4161
2.5523
2.3478
2.1001
1.9740
1.9477
2.3280
2.6919
2.0594
2.3598
2.3039
2.3567
2.8205
2.4338
2.2349
2.3030
1.9229
1.9351
2.2950
1.7903
2.0462
1.9953
2.5208
2.1029
2.1794
1.8865
2.0568
2.3064
2.1302
2.3480
1.9660
2.4318
2.2065
2.4026
2.6644
2.1172
2.1311
1.9935
2.1116
2.0290
1.9709
2.0606
2.3746
2.2228
2.0749
2.3369
2.3013
2.0357
2.1119
2.5577
2.4826
2.6432
2.1851
2.2953
2.4177
2.2872
2.3588
2.7333
2.6855
3.0447
2.4186
2.2656
1.8017
2.2873
2.2034
1.9197
2.0652
2.2442
2.4272
2.3001
2.4012
1.9911
2.6659
2.5167
2.3296
2.2158
1.7975
1.9569
2.2420
2.2669
2.6047
2.4136
2.1872
1.9803
2.0129
1.8092
2.4334
2.5891
2.5629
2.4993
2.5102
2.2739
2.1181
1.8654
2.2537
2.5920
2.7132
2.5127
2.4504
2.4437
1.7568
1.6826
2.4268
1.9370
1.9045
1.9243
2.1193
2.0874
2.0658
1.4658
1.8658
1.5747
1.6654
1.8303
1.5325
1.7389
1.6991
2.0673
2.1668
2.5331
2.2315
2.0835
2.4693
2.2268
1.8998
2.2689
1.9127
2.0271
2.6029
2.5548
3.0804
2.6128
2.5384
2.2109
2.0759
1.7549
2.1543
2.3071
1.7159
2.4474
2.2808
1.8284
1.9621
2.7530
1.9489
2.0199
2.6611
2.2982
2.2071
2.4306
2.6074
1.7783
2.1107
2.2686
2.1703
2.5188
2.7451
2.3160
2.3659
2.1710
2.5453
2.5732
2.1747
2.3988
2.6507
2.7872
2.6495
2.3657
2.3421
2.3955
2.8204
2.6780
1.9707
1.8390
2.2766
2.2133
2.0643
2.0577
2.0387
2.2846
1.7577
2.1981
2.1693
2.0255
1.7869
1.7559
1.8706
1.8331
2.5462
2.2382
2.1086
2.0721
1.6772
1.8555
2.4316
2.0744
2.0852
2.3062
2.0435
2.4251
2.2575
2.7898
2.5607
1.6005
2.1976
2.7946
2.6748
1.8397
2.1649
2.3867
2.6629
2.3371
2.6691
2.1410
1.9058
1.8957
1.8272
2.0366
1.9977
2.4226
2.2787
2.6332
2.1376
2.4415
2.2489
2.8027
2.5382
2.5784
2.3171
1.9176
2.2816
2.1900
2.2772
1.8260
2.5490
2.0735
2.2329
2.3424
2.5790
2.3761
2.5919
1.9293
2.1638
2.8358
2.5074
2.4542
2.8217
2.8319
2.6326
3.0210
3.0312
2.9623
2.5585
2.5814
2.8193
3.0948
2.5715
2.7189
2.3321
2.7293
2.2651
2.4868
2.5301
2.0686
2.2650
2.4354
2.4146
2.4262
2.5070
2.5872
2.8112
2.8337
2.8736
2.4213
2.5751
2.7870
1.9435
2.2058
2.9154
2.4158
2.7417
2.8832
2.8751
2.8132
2.7213
3.0472
2.4830
2.5691
2.8392
2.5058
2.6947
2.5518
2.2074
2.1824
2.5659
2.1438
2.5758
2.1827
2.1162
2.7431
1.8612
2.0498
2.1915
2.6993
2.4989
1.9727
1.9781
2.0453
2.3173
2.3645
1.9837
2.4202
1.9956
2.1022
2.5092
2.4737
2.5107
2.4779
2.2860
2.6066
2.4245
2.1255
2.3146
2.5761
2.2864
2.3887
2.2589
2.5981
2.6675
3.0843
2.3747
2.6924
2.8202
2.2934
2.1225
2.5046
2.5716
2.1232
2.4065
2.2700
2.5140
2.2788
2.0129
2.4080
2.7359
2.9320
2.4266
2.4106
2.5525
3.0273
2.5907
2.4439
2.4440
2.6141
2.2310
2.2015
2.5665
2.5689
2.1314
2.1653
2.7455
2.4756
2.4602
1.8578
1.9746
2.0784
2.4739
2.3504
2.5680
2.2658
1.7453
2.4190
2.3219
2.0996
2.1138
2.4462
2.0289
2.5487
2.1556
2.0325
2.2603
2.3817
2.1834
2.0442
2.5365
2.2702
2.4291
2.5317
2.4419
2.2928
2.1242
2.2223
2.5773
2.6605
2.5897
2.3885
2.7869
2.3394
2.1406
2.5183
2.2722
2.2729
3.1127
2.8961
2.8590
2.7962
2.8544
2.3924
2.5838
2.3639
2.2052
2.3828
2.3580
2.1829
2.2253
2.3069
2.5218
2.5066
2.5334
2.0000
2.0740
1.9715
2.3125
2.2730
2.3938
2.3195
2.0365
2.2869
1.9643
1.9862
1.9073
2.0175
2.0191
2.3739
2.3854
2.5137
2.3119
1.8630
1.8434
2.5398
2.1536
2.3546
2.3152
2.2724
2.2777
2.7642
2.1927
2.1536
2.2329
2.1826
2.0112
1.9527
2.3694
2.1210
2.4407
2.0234
2.4150
2.1628
1.8192
1.7488
2.0769
2.6808
1.6481
2.0707
1.8510
2.0827
1.9523
1.4955
1.6430
2.0792
2.2619
2.0419
2.3527
1.9504
2.0763
2.3790
2.3028
2.1206
2.5754
2.2832
2.4108
1.8783
2.2079
2.0210
2.1093
2.3586
2.7378
2.1998
2.6809
2.3698
2.2891
1.7159
2.8313
2.4618
2.4153
2.0656
2.3568
2.3620
2.7120
2.4497
2.1525
2.3544
2.2614
2.1878
2.5772
2.3092
1.9326
1.9978
2.4305
1.9837
1.8197
2.2337
1.7607
1.5656
1.8641
2.3505
1.9237
2.1706
2.4745
2.4019
1.9759
2.1461
2.2886
2.2171
2.1989
2.0315
1.6844
1.8050
1.8279
1.9706
2.0261
1.8459
1.9641
1.8780
2.2130
1.8629
2.1966
1.9701
2.5237
2.2390
2.2460
2.0069
2.3790
2.4620
2.5511
2.4843
2.2120
2.8765
2.0411
2.1449
2.4777
2.2977
2.5064
1.9098
1.7428
1.8418
1.8950
1.9333
2.0862
2.4295
2.2387
1.7797
1.9404
2.0509
1.5484
1.8849
1.8948
1.2807
1.6877
2.1529
1.6952
1.9534
1.7635
2.0182
1.9880
1.8857
1.8903
2.1466
2.1677
2.1656
1.8097
2.1840
1.9451
2.0522
1.9998
2.1077
2.0209
2.6258
1.7965
2.0210
1.8330
2.1374
1.9206
2.6725
2.4602
1.9767
2.3272
2.2193
2.1649
1.9571
2.0227
2.6150
2.5902
2.4925
1.8987
2.4955
2.4104
2.7404
2.1972
2.1999
1.6444
1.9527
1.8742
2.0867
2.5005
2.9621
2.1718
1.6008
2.3756
2.0706
2.5426
2.3674
2.4145
2.2827
2.5355
2.2511
2.0249
1.7757
1.9543
2.1845
1.9149
2.0323
2.1023
2.3248
2.3673
2.5924
2.6540
2.0126
2.1830
2.2551
2.1829
2.2340
2.3423
2.8740
2.2108
2.1568
1.8907
2.1988
1.9736
1.8203
2.3034
2.0579
1.8394
1.7775
1.7333
1.9569
2.2404
2.1537
1.4926
2.0640
1.8210
2.1925
1.7609
1.6605
1.7101
1.8794
1.5943
2.0445
1.6407
2.0567
2.1405
2.0546
2.6356
1.7819
2.2930
1.7414
1.4789
1.5660
1.5719
1.9134
1.6583
1.8705
2.2834
1.6882
1.3977
1.3412
1.8347
1.5751
1.6345
1.7001
1.6464
1.8543
1.7682
1.7684
1.2427
1.7051
1.2039
1.5660
1.9009
1.5719
1.8049
1.3850
1.8538
1.8036
1.6295
1.8766
1.7264
1.7864
1.7115
1.8481
1.9056
1.3786
1.4908
1.7659
2.1532
1.8804
1.8435
1.5971
1.2367
1.6357
1.9149
1.4738
1.4086
1.7010
1.7556
1.9140
1.5181
1.9381
1.7728
1.5448
1.6886
1.9517
1.9067
1.8746
2.2747
2.5857
2.0678
2.0846
2.4567
2.0163
2.3546
2.3237
2.0750
1.7926
2.2742
1.9632
1.9063
2.1794
1.8048
2.0131
1.9313
2.3061
2.6327
2.0062
1.5995
1.6921
1.6665
1.5724
1.9023
1.8190
1.8268
1.4958
1.9132
2.0390
1.6372
1.5716
1.9624
2.5251
2.1479
2.2842
2.0276
2.1431
2.1010
2.0703
1.9375
2.3233
2.0295
1.8448
1.8433
2.1840
1.8640
2.0460
1.7574
1.9310
2.2770
2.0214
2.0545
2.0187
1.8856
1.6845
1.9891
1.6310
1.5181
1.7483
2.3023
2.1369
2.3922
2.3658
2.1740
2.1553
1.9514
1.8460
1.7414
2.0784
1.8830
2.1570
2.2346
1.9361
2.1137
2.0313
2.0327
2.3884
2.0086
2.4590
2.4048
1.8280
1.7885
1.8428
2.0365
2.0747
1.6919
1.8523
1.6792
2.0058
1.7542
2.0900
2.2457
1.6516
2.0300
2.1523
2.0756
2.0022
2.1480
2.0617
1.7902
2.1770
2.2635
1.9691
2.1264
2.3130
2.1549
2.0120
2.1284
1.7257
2.2854
2.2268
2.4345
2.5458
2.2371
2.2028
2.0733
1.9811
2.0119
2.0419
2.1198
2.2711
1.6895
1.7190
1.6871
1.4533
1.9961
1.8795
1.8190
2.0335
1.8899
1.8508
2.1918
1.9951
2.3151
1.8196
1.7182
2.0226
2.1858
2.1334
2.1807
1.9395
2.1952
2.2263
2.1441
2.0994
2.1671
1.8274
1.4654
2.0600
1.8492
1.9795
2.1695
2.0558
2.2511
2.0848
2.4420
2.2460
2.3559
1.9231
1.7090
2.1871
2.7603
2.7308
2.1769
2.2567
2.8657
2.4486
2.9158
2.7449
2.3220
2.1957
2.5569
1.9884
2.1267
2.1380
1.7583
1.7900
1.9790
2.1026
2.4605
2.0839
1.6287
1.6174
1.8170
1.6499
1.9157
1.9450
1.7387
1.7292
1.6760
2.2418
1.9064
1.8214
1.8747
1.5968
2.0336
1.9639
1.7378
2.2954
1.9791
2.2589
1.7310
1.8920
1.8594
2.1417
1.9070
2.1561
2.3527
1.5766
1.7414
1.7387
1.9816
2.1762
2.5438
2.3081
2.2572
1.9771
1.9693
1.8089
2.2336
1.6956
1.9654
1.9805
1.5584
1.5882
1.6814
2.2733
2.0975
2.1847
2.1512
2.2694
2.1535
2.0124
2.2363
2.5353
2.4897
2.7487
2.1520
2.2298
2.4189
2.4297
2.2305
2.4232
2.4264
1.9273
2.1359
2.0025
2.4097
2.4085
2.4955
2.6648
2.2602
2.1484
2.6469
2.4447
2.9496
2.3550
1.9040
1.9818
2.0480
2.5765
2.3640
2.2256
2.2151
2.0437
2.7135
2.5086
2.5000
2.2684
2.3206
2.1896
2.1908
2.1655
1.8950
2.0090
2.0223
2.0110
1.9255
2.2145
2.0855
2.3615
2.3474
1.9770
2.3861
2.0762
2.2357
2.3550
1.5045
2.2084
2.1742
2.0194
2.4977
2.3141
2.3977
2.3550
1.9329
2.2247
2.6087
1.8802
2.2053
1.7255
1.9407
2.5027
2.3151
2.0945
2.4246
2.4641
2.0223
2.3134
2.6466
2.1293
2.2692
2.0056
2.4179
2.1958
2.4619
2.2671
2.2387
2.1102
2.3855
1.9936
2.2318
1.6597
2.1920
2.0947
1.7854
2.1530
2.3069
2.2120
2.1737
1.7842
1.7947
2.0855
2.1445
1.6009
2.2030
2.0755
2.5098
2.1285
2.1952
1.9900
2.2580
2.4749
2.5174
2.5629
1.8933
1.7486
2.4057
3.0847
2.4924
2.2475
2.1805
2.1980
1.9599
2.2372
2.0052
2.1378
1.9325
2.3313
2.0292
2.0363
1.7566
1.6838
2.0572
2.2359
1.8746
1.6892
1.8083
1.5666
2.2218
1.9072
2.3148
2.0617
1.8691
2.0523
2.0956
1.9772
2.1652
1.8709
1.7187
2.2298
2.0047
2.3273
2.1147
2.3031
2.5233
2.1696
2.0856
2.2125
2.0979
2.1689
2.2743
2.4083
2.5130
2.6146
2.4402
2.6953
2.2564
2.3280
2.6277
2.6231
2.4245
2.3476
2.3594
2.1426
2.4646
2.0949
1.6368
2.5864
2.5138
2.3630
2.3358
1.9410
2.1565
2.0270
2.4218
2.7108
2.1576
2.3899
2.4574
2.9339
2.7447
2.3750
2.7474
2.4123
2.2939
2.0940
1.7762
2.6608
2.4368
2.5174
2.4080
2.4676
2.1931
2.6529
2.8228
2.3265
2.3354
2.3777
2.3399
2.1664
2.4235
2.6892
2.4034
2.1674
2.4249
2.1996
2.2672
2.3979
2.3807
2.0297
2.0704
1.9200
2.2863
2.2252
2.5055
2.4059
2.4403
2.4890
2.6786
2.5311
3.2137
2.6286
2.7397
2.7697
2.2689
2.7236
2.7495
3.1034
3.0696
2.6016
2.4295
1.9685
2.0462
1.7537
2.0621
1.6810
1.7726
1.7800
2.2030
2.0530
1.9499
2.2994
2.6418
2.3718
2.5097
2.2562
2.3056
1.9431
1.8370
2.0820
1.9204
2.1201
2.3442
2.4836
2.8216
2.5462
2.7650
2.5491
2.6256
2.5188
2.6468
2.2186
2.3166
2.2583
2.4009
2.3307
2.5600
2.3266
2.1765
1.8724
2.1549
1.9525
1.7551
2.0457
1.5573
2.2985
1.8614
1.5023
1.7907
1.6688
1.7351
1.6174
2.7303
2.8132
2.3975
2.1435
1.8563
2.2464
2.4438
2.1115
2.2305
2.1886
2.2982
2.3302
2.2221
1.9105
2.0672
2.4203
2.4364
2.3770
1.7418
1.8495
1.8697
1.7285
2.1999
2.7128
2.0065
2.1867
2.3451
2.8254
2.7761
2.8717
2.2831
2.2348
2.3966
2.9253
2.6146
3.0730
3.1415
2.6407
2.5707
2.8942
2.8049
2.7058
2.3484
2.1729
2.4322
2.6311
2.0104
2.2032
2.3380
2.2962
2.5241
3.1209
2.3572
2.0637
2.5680
2.4208
2.4857
2.3908
2.3858
2.2461
2.7719
3.0317
2.5542
3.0885
2.9103
2.4355
2.6333
2.6107
2.4482
3.1899
2.7841
2.9796
2.9379
2.2497
3.0548
2.9249
3.2419
2.8274
2.7738
2.3879
2.6669
2.4727
2.4896
2.5039
2.0929
2.5658
2.7458
2.8087
2.3725
2.2349
2.2086
2.5699
2.4793
2.3333
3.0223
2.9196
2.5748
2.5456
2.3185
2.3520
3.3175
2.9591
2.5492
3.0013
2.3413
2.5531
3.1848
2.8331
2.4569
2.3913
2.4302
2.3030
2.4041
2.3395
2.0113
2.1772
2.1931
1.9473
2.0867
1.5909
1.8327
1.9548
2.1342
2.2897
1.6936
1.8632
1.8021
1.7778
1.6893
1.5281
1.6806
1.7276
1.9801
2.1608
2.2071
2.6418
2.2335
2.6732
2.7177
2.1676
2.6459
2.5798
2.7574
2.6487
2.5073
2.5319
2.6427
2.7153
2.7014
2.5857
2.3794
2.3830
2.3970
2.3267
2.2925
2.4949
2.3577
2.5481
2.7261
2.5909
2.1166
2.3348
2.9068
2.5875
2.3802
2.7866
3.2174
2.6659
2.8412
2.4284
2.8008
2.5737
2.4757
2.9093
2.5696
2.8482
2.5397
2.3550
2.6959
2.8304
3.1166
2.8930
2.4758
2.9446
2.3122
2.4867
2.4254
2.5745
2.4499
2.8278
2.7142
2.5843
2.7001
2.6678
2.7842
3.3762
2.5648
2.7790
2.6062
2.7393
2.7312
2.7808
2.6458
2.2573
2.4198
1.9855
2.0538
2.7996
2.3071
2.0660
1.5959
1.6457
1.4880
2.2176
2.3948
2.2055
2.3409
2.0216
1.9789
1.7095
2.1857
2.0278
2.0635
2.1823
2.2989
2.1801
1.8779
2.1500
1.9827
2.2342
1.7827
1.8723
2.6795
2.7401
2.6605
2.0168
1.9672
2.1364
2.0351
2.0736
1.9842
2.2750
2.0263
2.2071
1.9730
1.7812
1.8444
1.5289
1.8139
2.1206
2.0779
2.1390
2.1393
2.0471
2.2113
2.0745
2.2262
2.0906
1.8226
2.5251
2.1061
2.6734
2.3660
2.3999
2.1688
2.1475
2.4236
2.3459
2.1513
2.0825
1.8024
2.0406
1.4894
1.6365
2.0218
2.3887
2.0440
1.7630
2.0307
2.2829
2.2723
1.9432
2.4872
1.8958
2.1612
1.9459
1.7825
2.2074
2.7140
2.4117
2.5785
2.6136
2.0945
2.4426
2.2502
2.5355
2.0482
2.0773
2.0061
2.2148
1.8838
2.0245
1.8454
2.1456
2.7477
2.4726
2.1030
1.9089
2.3647
2.1869
2.2995
2.1357
1.7164
2.1345
2.0658
2.0194
1.7881
2.2774
2.1811
2.1766
1.9701
1.9807
1.6368
1.7464
2.3137
1.8407
2.2106
2.3294
2.5266
1.8805
2.2205
2.0942
2.3758
2.1041
2.0877
2.1079
2.1883
1.6359
1.8584
1.5937
2.0191
1.8501
2.2360
2.3261
2.3296
2.2479
2.2687
2.3463
1.9178
2.0610
2.3331
2.4550
2.6544
2.5423
2.4121
2.5575
1.9685
2.0291
2.2165
1.9799
1.6178
1.6023
1.8846
2.2466
2.4372
2.4157
2.7318
2.9669
2.7088
2.6091
2.9138
2.5969
2.7006
2.9475
2.4694
3.1772
2.9419
2.6907
2.6964
2.9665
2.4866
2.6023
2.5026
2.4372
2.6335
2.7717
2.6051
2.3778
2.6193
2.4105
2.6254
2.4598
2.2231
2.4813
2.6599
2.6925
2.9033
2.7655
2.6625
2.3886
2.7094
2.7337
2.5951
2.5140
2.7489
2.5017
2.4624
2.4414
2.5449
2.3325
2.5689
1.9991
2.1838
1.9262
1.8802
2.5019
2.0918
3.0325
2.4699
2.5266
1.9667
1.7572
1.5352
1.7858
1.8780
2.0343
1.8875
1.9091
1.8692
1.7764
1.5875
1.7928
1.4867
2.0216
2.1746
2.2940
2.6844
2.2125
2.4357
2.3359
1.7473
1.9594
1.7583
2.4860
2.0693
2.3065
2.3176
1.9600
2.5352
2.0005
2.4402
2.5406
2.5215
2.6440
2.6695
3.1119
2.5663
2.5768
2.1235
2.6631
2.6490
3.1725
3.2160
2.7103
2.7822
2.8668
2.7157
3.1032
2.9342
2.3516
2.5583
2.3993
2.3771
2.7433
2.3218
2.3627
2.5557
2.7346
2.6875
2.9676
2.7011
2.4612
2.5263
2.0093
2.1803
1.9799
2.3880
2.5687
2.1700
2.2733
2.2778
2.0007
2.3341
2.1785
2.4425
2.3887
2.1489
2.4629
2.5952
2.6410
2.3574
2.9130
2.7413
2.5738
2.4835
2.7847
3.0143
2.4332
2.3694
2.4880
2.5735
2.4578
1.9899
2.4844
2.8092
2.4818
2.5292
2.1254
2.8036
2.1554
2.6878
2.4361
2.6366
2.5223
2.6322
2.6297
3.3827
3.4816
3.3784
2.7173
2.9245
2.2634
2.6301
3.0837
2.8032
2.3853
2.5974
2.3356
2.5560
2.9319
3.1736
2.9465
2.7223
2.5474
2.6731
2.8217
2.8807
3.3191
2.8082
3.1640
3.0836
2.8760
2.6678
3.2412
3.1543
3.0188
3.0628
2.9732
2.9856
3.1378
2.9731
2.7253
2.6812
3.1953
3.4393
2.9212
2.5983
2.9520
3.0518
2.8143
2.8051
2.7705
3.4815
3.2229
3.4483
3.3444
3.2475
2.4344
2.2805
2.2600
2.4973
2.6881
2.3687
2.5371
2.4278
2.6538
2.3349
2.1811
2.6104
2.8485
2.5267
2.0847
2.3335
2.3751
2.7362
2.3428
2.3383
2.4148
2.3901
2.3271
1.8946
2.1567
1.9748
1.9198
1.7421
2.2109
2.0894
2.3968
2.3958
2.0654
2.2272
2.3965
1.6922
1.9693
2.3141
2.6804
2.2966
2.0307
2.0135
2.0755
1.9138
1.8822
2.0732
2.3423
2.4765
2.2236
2.2066
2.5931
2.0347
2.3339
2.3290
2.0561
1.9465
1.9192
1.9048
2.1200
1.5310
1.3790
1.5514
1.8806
1.3704
1.8612
2.0196
2.2230
2.3228
1.7364
1.9660
2.2144
2.3307
1.9063
2.0161
2.3271
1.9506
2.0459
2.1216
1.9504
1.9961
2.2164
1.7016
2.3561
2.5899
2.5546
2.3387
1.7181
2.2885
2.2260
2.2303
2.1721
2.5721
2.0529
2.5817
1.7209
2.1473
2.2841
2.1561
2.0036
2.4348
2.8437
2.0487
1.7697
2.2711
1.8286
1.4921
1.9200
2.0503
2.1457
2.0652
1.9963
2.3145
1.7364
2.2453
1.8982
2.0277
2.0877
1.9986
2.3882
2.0680
1.7755
2.1490
1.6237
1.7085
2.2065
1.9828
2.2094
1.9308
1.9901
2.2308
1.8387
1.8047
1.6598
1.8026
2.0617
2.3833
2.0727
2.0211
2.3482
2.5330
2.4582
2.1786
2.0176
2.3577
2.1320
2.2653
2.5251
2.8234
2.4453
2.3008
2.6743
2.2333
2.2631
2.3536
2.1823
2.5009
2.5454
2.0861
2.1607
2.5720
2.6402
2.0781
2.1237
1.9955
1.7701
2.0286
1.9005
2.1810
2.1864
1.8351
2.6278
2.2572
2.6190
2.3003
2.4159
2.5692
1.8621
2.0709
2.1814
2.0841
1.7417
2.1743
2.2241
1.8639
1.9726
1.9301
1.8341
1.8155
2.1176
2.3383
2.0376
2.0465
2.3381
2.1551
2.4240
2.1308
2.0161
2.0662
1.6561
1.9428
1.4350
2.0423
2.2656
1.5785
1.9340
1.7445
1.5979
1.6382
1.4744
1.1595
1.1623
1.3762
1.3633
1.2742
1.1967
1.4344
1.0227
1.0563
1.1486
1.5526
1.3011
1.4623
1.1264
1.3778
1.6677
1.1202
1.7915
1.6206
1.8094
1.2803
1.5009
1.6403
1.4174
1.4354
1.7630
1.4084
1.5016
1.0105
1.2445
0.6459
1.4508
1.1940
1.0214
0.9834
1.0781
0.9701
1.9257
1.5713
1.9101
1.3917
1.2127
1.7666
1.8224
2.0453
1.5680
1.1669
1.6546
1.7807
1.8157
2.2761
2.0363
2.0791
1.9441
1.5366
1.8985
1.8082
2.0499
2.1022
1.4958
1.8710
1.7790
2.2761
1.8876
2.0963
2.8648
2.4019
2.4896
2.0777
2.2925
2.1745
2.1765
1.9834
2.3795
2.4326
2.7781
2.3379
2.5141
2.6363
2.3895
2.7626
2.5021
2.3499
2.7733
2.7923
2.0786
2.0381
2.5781
2.2830
2.0328
2.4998
2.4709
1.8216
1.5566
1.5199
1.4146
1.5656
1.6456
1.3043
1.7477
1.6400
1.7879
1.8792
2.2980
2.2890
2.3067
2.2237
2.3766
2.1275
1.7170
1.5851
1.6857
1.3732
1.3829
1.8343
1.7197
1.5256
1.8989
1.7675
1.6853
1.1743
1.3986
1.6556
1.4579
1.2046
1.1458
1.6291
1.7607
1.8506
2.0439
2.0248
1.8454
2.0523
2.1064
1.9628
2.2772
1.9187
1.7414
2.2746
1.8475
1.8577
1.6806
1.4107
1.0766
1.6743
1.6789
1.9185
1.9529
1.8896
1.9388
2.4534
2.5203
2.4156
2.0223
2.0574
1.7421
2.2513
1.8151
1.8662
2.2296
2.1840
2.3600
2.0718
2.3462
1.8323
2.1190
2.0672
2.2358
2.1410
2.0886
2.2790
2.2816
2.3081
2.3940
2.5997
2.7745
2.6758
2.9612
2.9602
2.5695
2.1103
2.5607
2.1387
2.1460
2.4858
2.2348
2.3924
2.2656
2.2346
2.4555
2.2483
2.1930
2.3178
2.2190
2.2603
2.2448
2.1275
2.5883
2.5626
2.2566
2.3951
2.6111
2.2343
2.4035
2.3813
2.1389
1.5905
2.2471
2.7161
2.0941
2.0272
1.8701
2.2563
1.7569
1.8702
1.7020
1.7049
1.7854
1.8626
1.8211
1.8788
1.7507
1.4450
1.5754
1.6588
1.5396
1.6837
1.9316
1.7200
1.2050
1.5356
2.2355
1.9540
2.0009
2.0464
1.9461
1.8353
1.8548
1.9295
1.7024
2.1625
1.9513
1.9831
1.6882
1.5075
1.8510
1.9683
1.9928
1.9328
1.9486
2.1314
1.9075
1.8949
1.7629
1.7437
1.8284
1.7592
2.0134
2.2011
2.2835
2.0018
1.6916
2.2797
1.8695
2.1818
2.2576
2.0490
2.0469
1.5159
1.5256
1.8851
2.4730
1.9859
