1.5800
1.5311
1.6967
1.6928
2.0265
1.8597
1.5691
1.7514
1.8335
1.9427
2.0868
1.9201
1.9832
1.6868
1.9182
1.8547
1.8391
1.8582
1.5658
1.7858
1.7933
1.8333
2.0392
1.9372
1.8584
1.7216
1.8785
1.9252
1.7966
1.7583
1.9268
1.8148
1.6835
1.6354
1.8806
2.1942
1.8372
1.8812
2.1191
1.8997
1.9181
1.7878
1.9695
1.8346
1.9082
2.3084
1.7965
1.8680
1.7985
2.0974
1.8645
1.8503
1.5833
1.8490
2.1531
2.0136
1.8116
1.6819
1.6133
1.6404
2.0469
2.0080
2.0505
1.5856
1.6154
2.0505
1.7244
1.6670
1.8092
1.8294
1.9138
2.0614
1.9575
1.9482
2.0670
1.9774
1.9046
1.9346
1.8104
2.0779
1.7961
1.6964
1.6320
1.7940
1.8307
1.8389
2.0263
1.8561
1.5611
1.5691
1.8094
1.9373
2.5774
2.4034
2.4583
2.5942
2.1646
2.1621
1.7415
2.3794
1.9475
1.7539
1.8920
1.9176
1.5852
1.8200
1.7121
1.8207
1.6321
1.8016
1.9321
1.5386
1.8438
2.0064
2.0344
1.8726
1.8871
2.0071
2.1043
1.6841
1.7726
1.7419
1.6888
1.6759
1.4367
1.3785
1.5176
1.4619
1.4952
1.6977
1.9797
2.1075
1.8232
1.9999
2.1567
2.1416
1.6779
1.8165
2.2184
2.0196
2.0080
1.8125
1.7714
1.5313
1.9699
1.9775
1.9295
1.9849
1.9019
2.0303
1.9825
2.1427
2.1530
2.0692
2.0817
1.9343
1.8336
1.8110
1.8817
2.0176
2.1094
2.0993
2.1884
2.2248
1.9805
1.9954
2.3918
2.0359
2.2697
2.0893
2.3065
2.1684
2.0840
2.3965
2.0450
2.0465
1.8926
1.9172
2.2897
2.3328
2.2851
1.8228
2.2095
1.9616
2.2560
1.9737
2.2360
2.1425
2.2314
1.9518
2.1881
2.0089
2.1340
2.0010
2.1101
2.2629
2.0935
1.9429
1.8831
2.1110
2.1137
1.7563
2.0119
1.8946
2.1021
2.0540
1.8828
1.8608
1.5883
1.9393
1.9623
1.9857
1.8433
1.9919
1.8722
2.0028
2.0639
2.0191
2.0575
2.0792
1.8288
1.7986
1.9087
2.0702
1.9513
1.8471
2.0160
1.6217
1.8029
1.9438
1.9494
2.0470
1.6862
1.9866
1.9767
1.7589
1.9231
1.9033
1.7813
1.6942
1.7301
2.0120
1.9916
1.7621
2.0366
1.8184
1.7923
2.1953
2.1354
1.9820
1.8670
1.7995
1.6486
1.8620
1.8526
1.6873
1.8721
1.9177
1.7830
2.1396
2.1119
1.7988
1.9456
1.8962
2.1097
2.1448
2.0584
2.2028
2.0100
1.7688
1.8420
1.7716
1.9187
2.1162
1.9311
1.8973
1.9007
2.4142
1.9691
1.9168
1.8283
2.1093
1.9403
1.7262
2.2256
2.0816
1.8478
1.7780
2.0546
1.8314
1.8877
1.7149
1.8396
1.7029
1.9721
1.9423
1.9106
1.7217
1.7115
1.9248
1.6815
1.9634
1.9747
2.0223
1.7375
2.2796
1.9161
2.2266
2.4100
2.3260
1.9218
1.8983
2.4085
2.1927
2.3448
2.2484
2.1712
2.1984
1.8621
2.1249
1.9978
2.0035
1.8685
1.8124
2.0618
1.7579
2.1209
1.8079
1.8774
1.8840
2.0214
2.1691
2.1517
1.8940
2.1072
2.0254
1.9423
1.8620
2.0578
1.9120
1.9038
1.8089
1.9753
1.8153
2.0490
1.8533
1.8334
2.0578
1.9437
2.1705
2.0478
1.9306
2.0290
2.1613
2.1458
2.2915
2.2570
1.9313
2.1302
1.9739
2.0404
1.9620
1.9709
1.9987
2.0022
2.1146
1.6290
2.0588
1.8282
1.7421
1.7669
1.9252
1.5492
1.8615
1.7920
2.0156
2.1206
1.6900
1.7207
1.7778
1.6141
2.0880
1.9599
1.8903
1.9050
1.5778
1.9184
1.7146
1.5282
1.5835
1.5275
1.7187
1.7396
1.8961
1.8602
1.7491
2.1640
1.9237
1.7247
1.6336
1.5304
1.6137
1.9488
1.7025
1.7276
1.9613
1.8158
1.7983
1.8116
1.9981
2.0243
2.0681
1.7681
1.9628
1.9866
1.8879
1.9218
1.8947
2.2971
1.9178
1.8028
2.1995
2.1033
2.0802
1.9739
1.8324
1.8004
1.9400
1.8286
2.0362
2.0390
2.1841
2.1426
2.2835
2.5072
2.2926
2.3776
2.2877
2.2175
2.3965
2.1713
2.0323
2.1844
1.7990
2.2835
2.2110
2.3121
2.2693
2.3825
2.2842
2.2749
2.1934
2.1431
2.2856
2.3365
2.3085
2.3157
2.3640
2.4383
2.0760
2.3008
2.1775
2.0992
2.4432
2.3380
2.2854
2.0680
2.4808
1.9495
1.9586
2.0213
1.9349
1.8908
2.2134
1.9677
1.8103
2.1138
2.1690
2.2895
2.2252
2.0097
2.2962
1.9255
1.9165
2.0185
1.6923
2.3184
2.2539
1.9292
1.9955
2.4744
2.0823
2.2508
2.1137
1.9806
1.8528
1.9552
2.0397
2.1689
1.9546
2.4273
2.0356
2.0231
1.8496
1.8419
1.9195
1.8648
2.0060
2.2799
1.8373
1.9697
2.1802
2.1453
2.1423
2.1237
1.8015
1.6511
1.8234
1.9454
2.0406
2.1870
1.7644
1.8800
1.7956
2.0032
2.1181
2.0486
1.9718
2.0319
1.7185
2.0172
2.0579
1.9439
2.0375
2.2055
2.0520
2.0843
2.3468
2.2871
2.0727
1.9930
1.9795
2.1098
2.0900
2.0833
2.2700
2.1835
2.1398
2.0015
1.9643
2.1753
2.0635
2.1172
1.6243
2.0149
2.1866
2.2175
1.7488
1.8987
2.3284
2.4000
2.3584
2.0154
2.0590
2.1474
2.2012
2.0858
1.9622
1.8717
1.9252
1.9759
1.8656
1.7710
1.7470
1.8105
1.6329
1.4275
1.6317
1.7506
1.5730
1.3432
1.4382
1.7516
1.8043
1.5630
1.7150
1.6448
1.6166
1.5082
1.7230
1.7318
1.5916
1.7428
1.7963
1.4773
1.6640
1.9644
1.5859
1.9661
1.7350
1.4931
1.4973
1.5890
1.3800
1.4698
1.5498
1.8849
1.7472
1.7793
1.5082
1.5020
1.5450
1.5971
1.7806
1.6112
1.7063
1.8189
1.6539
1.5384
1.6121
1.6453
1.8150
1.8627
1.6605
1.6837
1.5472
1.4132
1.7221
1.4119
1.5282
1.8448
1.5129
1.5369
1.6507
1.6399
1.5159
1.9627
1.9750
1.7637
1.7461
1.8855
1.4625
1.5851
1.7165
1.9000
1.6652
1.8290
1.6179
1.8135
1.6894
1.4797
1.5953
1.6043
1.5441
1.6553
1.6682
1.7275
1.6100
1.5924
1.6810
1.5857
1.7507
1.6016
1.6419
1.5828
1.7223
1.6667
1.7824
1.7630
1.7257
1.6124
1.5238
1.6616
1.5114
1.7713
1.5991
1.9216
1.7976
1.5339
1.3864
1.9244
1.7875
1.8689
1.9356
1.9136
1.7834
1.6645
1.7411
2.1137
2.0502
1.6493
1.7765
1.6540
1.7666
1.9985
1.7093
1.6783
2.0197
2.2700
1.8897
1.8771
1.8822
1.7287
1.7846
2.0078
1.9298
1.9666
2.0294
2.2324
1.7874
1.8296
1.7363
1.7840
1.6923
1.8828
1.5359
1.9065
1.8409
1.8921
2.1041
1.8377
1.7068
1.7294
1.8478
1.7494
1.7025
1.9633
1.9095
1.8112
2.1565
2.0256
2.3449
2.0128
1.7410
1.8242
1.6643
1.8023
1.7869
1.6562
1.8613
1.8547
1.8855
1.8713
1.6813
1.7911
2.0335
1.5705
1.7682
1.9648
1.8871
2.1074
2.2110
1.8688
1.8588
1.8734
1.6666
2.0168
1.9176
2.0334
1.9331
1.9946
2.1348
2.2192
2.0490
1.8273
1.9584
1.9142
2.1396
1.7134
2.0580
2.1370
2.0738
1.9543
1.9042
1.9229
1.8091
1.8277
1.8284
1.8733
2.0508
2.1150
2.2430
2.2687
2.1612
2.2573
2.3848
2.3455
1.9928
1.8713
1.9486
1.8563
2.1288
1.9186
1.7478
1.8834
1.7896
1.6490
1.8432
1.7905
2.0583
1.9511
1.9557
2.2877
2.3445
1.8987
2.2395
2.0533
2.0241
2.0834
1.8935
2.2583
2.0917
2.3011
1.9874
2.0601
2.0800
1.9995
1.9146
1.9013
2.2459
2.0600
1.8855
1.7104
1.6708
1.6580
2.0626
1.6764
1.7511
1.6131
1.8838
1.8569
2.1451
1.9911
1.8798
1.9272
1.6047
2.0248
2.0544
1.9258
1.7909
1.9062
1.6352
1.7210
1.6589
1.6325
1.6785
1.8137
1.6586
1.6507
1.6346
1.9424
2.1036
1.8354
1.5879
1.6767
1.7536
1.5808
1.5153
1.6355
1.7695
1.9821
1.8905
1.6878
2.3606
1.4843
1.7931
1.4850
1.5514
1.6435
1.8065
1.6520
1.8851
1.8983
2.1998
1.9636
2.3060
2.0917
2.1089
1.8573
1.8326
2.0368
2.3116
1.9671
2.0913
1.9371
2.0132
1.7783
1.8280
2.1098
1.8626
1.8312
1.8111
1.8047
1.7957
1.7674
1.8102
1.8438
1.8225
1.7062
1.7809
2.0143
1.8415
2.1039
1.9531
1.7633
1.7502
1.9043
1.7299
1.6428
1.8219
1.7645
1.7104
1.8711
1.8883
1.7771
1.6574
1.6528
1.6362
1.6126
1.4427
1.7414
1.9987
1.6806
1.8036
1.8939
1.7895
1.9506
1.9591
1.9426
2.1340
1.8597
1.6530
1.7759
1.6754
1.6506
1.7772
1.5928
1.6467
1.7746
1.9784
1.8713
1.9456
2.0113
1.8592
2.0023
2.3358
1.6999
1.7687
2.2070
1.8461
2.1197
1.8469
1.7403
1.8293
1.8436
1.8145
1.9710
1.7987
1.7999
1.9172
2.0859
1.8657
2.2675
2.1095
2.0754
2.0480
1.8083
2.0432
2.0350
1.9963
2.0389
2.1396
1.9323
1.8799
1.9214
1.8668
1.9414
2.1349
2.2003
2.1691
1.9461
1.9256
1.7608
2.2264
2.3332
2.1864
1.9304
2.0340
2.1613
2.0309
1.8733
2.1626
2.0336
2.1441
1.9633
2.3934
1.9015
1.9021
1.8753
2.0550
2.2089
1.7850
1.9499
1.8426
1.8335
1.6571
1.9159
1.9278
1.6798
1.5941
1.5624
1.8662
2.0214
1.9017
1.8000
1.8512
1.5536
1.8311
1.5222
1.4728
1.8693
1.8247
2.1956
1.6245
1.9535
1.8565
1.9043
2.0099
1.8169
1.7023
1.6775
1.6821
1.6231
1.8228
1.5318
1.7875
1.8710
1.7455
1.8786
1.8146
2.2320
2.0656
2.0752
1.8644
1.7476
1.5832
1.9117
1.8149
1.8828
1.4291
1.8229
1.8850
1.7439
1.6256
1.5459
1.8834
1.8544
2.4111
2.2092
2.0250
2.2561
2.1210
2.3403
2.0532
2.1162
2.3497
2.0937
2.2639
2.1892
2.1513
1.9133
1.7467
1.9112
1.9684
1.9180
2.0556
1.9619
1.9199
1.8347
1.8645
1.7544
1.8004
2.3365
2.7104
2.6974
2.3996
1.9063
1.9349
1.7940
1.4809
1.7327
1.7272
1.6521
1.9078
1.7095
1.8190
1.6451
1.6593
1.5421
1.6413
1.7924
1.7069
1.9732
2.0687
2.0191
1.7847
1.5219
1.6403
2.0232
2.1994
1.7566
1.7701
1.8597
1.6913
1.7206
1.6947
1.8789
1.7099
1.4330
1.6602
1.4075
1.8302
1.6060
1.7575
1.6161
1.6631
1.9637
1.5490
1.6456
1.6950
1.8225
1.9084
1.5917
1.8579
1.5874
1.6854
1.8008
1.8323
1.8398
1.6282
1.7196
1.8684
1.8870
1.8288
1.7688
1.7650
1.9153
1.9093
1.7522
1.6506
1.8802
2.0840
2.0511
2.1503
1.4772
1.6968
1.9786
1.4495
1.6488
1.7435
1.9181
1.6463
1.5828
2.1912
1.9740
1.8650
1.7515
1.8874
1.9563
1.7756
1.9215
1.8702
1.6998
1.8664
1.5319
1.8758
1.7317
1.9989
2.2203
1.9036
2.0499
1.9920
1.9084
1.8437
1.8981
1.5401
1.9229
1.5145
1.7153
1.6983
1.8172
2.0046
1.7213
1.9626
1.7192
1.4366
1.6336
1.5693
1.4446
1.3936
1.8864
1.5445
1.4772
1.9253
1.6182
1.5888
1.5577
1.7024
1.9016
1.5892
1.5820
1.9030
1.7185
1.6082
1.8720
1.8915
1.8717
1.8442
2.0396
1.7307
1.7478
1.4655
1.9445
1.5290
1.7216
1.6976
1.8832
1.6089
1.6773
1.7341
1.6423
1.6964
1.9567
1.6695
1.6388
1.6773
1.7876
1.9918
1.8781
2.0446
1.7384
1.7158
1.7761
1.5699
1.4920
1.5795
1.7837
1.8325
1.9563
1.8169
1.8131
1.6746
1.9379
2.1087
1.9762
1.9702
2.4644
1.8761
1.8036
1.9371
1.9675
2.0378
2.0996
1.8849
1.6948
2.0668
2.1337
2.0703
1.9778
2.1982
2.1720
1.9816
2.4329
2.2163
2.0660
2.0828
2.3022
1.7727
2.2846
2.5654
2.3799
2.3497
2.2478
2.4536
2.2001
2.2777
1.6867
2.1158
2.0231
2.1161
1.9978
1.8989
2.0929
1.8747
1.8714
1.8377
1.8758
1.8271
1.8121
1.8125
1.7515
1.9947
1.9492
1.8605
2.1447
1.9232
1.9301
1.8355
2.0239
2.0218
2.6243
2.2668
2.3354
1.8383
2.0129
2.0714
2.5940
2.3179
1.9493
1.8923
2.1800
2.0880
2.0487
2.3431
1.9613
1.9912
2.1111
1.9878
2.1181
1.9112
2.0533
2.0303
2.0795
1.8533
1.8590
1.7591
2.0876
2.0459
1.9250
2.0736
2.2043
2.1551
1.8438
1.7950
1.8993
2.1265
2.1255
2.1266
2.1092
2.2899
2.5343
2.1086
1.8604
1.9370
1.9628
2.0157
1.9796
1.8374
2.2229
1.8065
1.9753
2.1419
2.2027
2.3507
2.0229
2.2496
2.1699
2.2691
2.0585
1.9686
1.9241
2.6128
1.9575
2.3984
2.3616
2.3827
2.6068
2.3854
2.1892
2.1466
2.0325
1.8660
2.0226
1.9197
2.4547
1.8643
2.2926
2.6543
2.1334
1.9287
1.7027
2.1685
1.8008
1.9768
2.0591
1.8194
1.9673
1.8860
1.8511
2.1799
1.9819
1.6355
1.7491
1.8026
1.8861
1.7560
1.7231
1.8308
1.4017
1.5573
1.5326
1.5487
1.4947
1.9236
1.6480
1.4658
1.7235
1.9171
1.8128
1.5923
1.6635
1.5946
1.6874
1.7033
1.4467
1.4840
1.6205
1.7395
1.8338
1.8612
2.2920
1.6966
1.9797
1.8535
1.9839
1.9699
1.6690
1.8232
1.7947
1.8435
1.7932
1.7634
2.1998
2.1002
1.8917
1.8027
2.1075
1.9354
2.0261
1.8586
1.7858
1.8705
1.6075
1.8094
1.5893
1.6190
1.5839
1.8226
1.7079
2.1112
2.2948
1.9973
1.8896
1.9847
2.0135
1.8143
1.8241
1.6718
1.7717
2.0618
1.9336
1.9177
2.2198
2.4087
2.4338
2.2546
2.2651
2.0751
2.1091
2.5079
2.2693
1.7525
2.1408
2.0273
1.8632
1.7742
1.7561
2.0091
2.1804
1.6685
1.9146
1.9403
1.7191
1.9078
1.6802
1.7766
2.0778
2.0686
2.0554
1.8521
2.3795
1.9727
1.9041
1.9282
2.1046
2.0166
2.1816
1.7992
1.6813
1.8739
1.9765
2.0251
1.9652
1.6100
1.5514
1.8138
1.6926
1.7549
1.9665
1.5537
1.7472
1.5887
1.6173
1.5203
1.5784
1.6372
1.6102
1.5395
1.6292
1.7236
1.9621
1.7683
1.8962
1.8412
1.8801
1.9803
1.8326
1.8637
1.4991
1.6100
1.7576
1.8623
1.9984
1.7398
1.9359
2.2574
1.9648
1.9954
1.9118
1.9329
1.9067
1.6831
1.5830
1.6308
1.5787
1.7464
1.6975
1.6670
1.4688
1.5674
1.3334
1.4680
1.3846
1.5153
1.4570
1.5095
1.6917
1.8721
1.7784
1.4849
1.4538
1.8401
1.8254
1.7445
1.9051
1.9105
1.7913
1.5531
1.6681
1.4210
1.8184
1.9085
1.8546
1.3427
1.5673
1.5535
1.6167
1.4355
1.7340
1.6093
1.5458
1.5428
1.7741
1.8423
2.0314
1.9154
1.7429
1.8095
1.7959
1.8247
1.7737
1.8471
1.5987
1.9677
1.8379
1.9399
1.8582
1.7424
1.9472
1.7349
1.8363
1.7051
2.0748
1.7903
2.0251
2.1721
2.1513
2.5429
2.3424
2.5694
2.5093
2.5929
2.4790
2.4831
2.5445
2.2049
2.3474
2.4347
2.5325
1.8645
2.2443
1.6585
1.9002
1.9783
2.0639
1.8115
1.4787
1.8145
1.6629
1.3258
2.1855
2.4704
2.0274
2.3504
1.8969
1.8586
1.9008
1.7009
2.2975
1.8355
2.0069
2.0546
1.9588
1.7073
1.4832
1.8352
2.0806
1.9614
1.9453
1.9573
1.5749
1.8459
2.0003
1.7845
1.8798
1.6290
1.6833
1.8931
1.7721
1.8676
1.8316
2.0208
1.8160
2.3681
2.1614
2.1201
1.9437
2.2535
1.9454
2.2667
2.4086
2.1444
2.2251
1.9607
2.1153
2.0529
2.2577
2.6899
2.3670
2.0279
2.3239
2.4738
2.1064
2.3435
2.4134
2.0761
2.4234
1.8166
1.8352
1.9209
2.0741
2.2317
1.9727
2.0030
2.3113
1.9354
1.8631
1.8407
1.6223
1.6147
1.7028
1.6888
1.6861
1.7971
1.9306
1.6485
1.6911
1.8236
1.5121
1.9039
2.2099
1.9518
1.7525
1.7662
2.3521
1.9083
1.9178
1.8625
1.9423
1.7391
1.8174
2.0268
2.0314
1.9697
1.9173
1.8171
1.9766
1.8331
1.9199
1.8839
1.6029
1.8408
1.7248
1.7521
1.7609
1.7892
1.9621
1.4513
1.8091
2.0343
1.9110
1.6459
1.6707
1.8492
2.2454
1.9398
1.8302
1.8036
2.0811
1.5088
1.9169
1.4704
1.7630
1.7363
1.4715
1.7334
1.7942
1.8017
2.0924
1.6410
1.5788
2.2696
2.1534
2.4072
1.8380
1.8290
2.1210
1.8350
1.8062
2.0851
1.8305
1.7925
2.0901
2.2278
2.3052
2.4964
2.5402
2.6274
2.5833
1.8617
2.3523
2.0674
2.3427
1.6268
2.0180
2.3493
2.2512
2.4847
2.4237
2.1807
1.9514
2.2748
2.5000
2.5998
2.5970
2.4351
2.6594
2.2886
2.4053
1.7913
2.1527
1.9321
1.9885
1.8856
1.8366
1.9307
1.5667
1.6584
1.9031
1.8645
1.6540
1.5964
1.8367
1.8853
2.3275
1.6768
2.0724
1.8855
1.6213
1.8761
2.0020
2.0629
2.1675
1.6357
1.6336
1.8330
1.9132
2.3220
2.0968
2.1896
1.6063
1.8811
2.2005
1.9157
2.3002
1.9548
1.9717
2.0528
2.0871
2.1443
1.9304
2.2784
2.1767
2.2188
2.3429
1.7463
1.7411
2.2043
1.9587
2.0722
1.9415
1.6980
1.8204
2.0610
2.0167
1.9911
2.0861
1.7474
1.8842
2.3806
2.3982
2.2096
2.2370
2.6276
2.6326
2.5082
2.3142
2.3544
2.5395
2.7142
2.7221
2.7519
2.7045
2.8373
2.7999
2.9661
2.6513
2.2949
2.3361
2.0141
2.4750
2.8475
2.8469
2.4528
2.0118
1.9517
1.7286
1.9367
2.0751
2.1836
2.3163
2.4152
2.4679
2.4778
2.1398
2.1451
2.7775
2.4450
2.4876
2.4945
2.1893
2.1592
2.4889
2.3994
2.0226
2.1960
2.3130
1.8209
2.3067
1.9105
2.3065
2.0024
2.7398
2.6221
2.3482
2.3150
2.6418
2.2719
2.0284
2.2590
2.3095
2.2556
2.4242
2.2444
2.2886
2.4147
2.1261
2.1639
2.0370
2.3280
2.2387
2.1784
2.2670
2.1221
2.0884
2.0257
1.7145
1.8437
1.7696
1.9120
2.0528
2.1306
2.3235
2.3664
2.5392
2.6041
2.0539
2.3253
2.2825
2.2394
2.5098
2.4589
2.1545
2.4131
2.2577
2.4089
2.0683
2.0306
2.0903
2.2212
2.2784
2.2789
2.1367
2.5615
2.3979
2.4053
2.2585
2.3293
2.3842
2.3220
2.5100
1.8786
2.0961
1.8841
2.1615
1.9213
2.1093
1.8457
1.6393
1.7834
1.7488
1.7133
1.9766
1.8228
1.8368
2.0431
1.7622
2.0247
1.9071
1.7506
1.6355
1.7762
1.9079
1.9171
1.8734
1.8887
2.0018
1.8406
1.8982
1.4639
1.5250
2.1204
2.0015
1.7751
1.8366
1.7080
1.9461
1.8859
1.4767
1.6212
1.4014
1.7135
1.7267
1.9323
1.9981
1.8255
1.8891
1.8847
1.8129
2.0798
2.0226
2.2574
2.3437
2.2441
1.8387
1.8765
2.2495
2.3243
2.1986
2.0021
2.2055
2.2656
2.1801
2.2486
2.3131
1.9605
1.9777
1.7817
2.1107
1.7518
1.6292
1.8689
1.5606
1.9189
2.1384
2.2864
2.0111
1.9879
2.2034
1.8458
1.7173
2.0051
1.8293
2.0364
1.9702
2.0080
2.0374
1.8220
1.9196
1.9730
2.3628
2.2821
1.9735
2.3027
2.1426
2.3623
2.0390
2.5192
2.5606
2.5213
2.6703
2.1833
2.5235
2.3780
2.7370
2.5881
2.4463
2.2997
2.5873
2.3988
2.3589
1.8545
1.9686
2.0718
1.9536
2.1422
1.8853
1.8846
1.8052
1.7934
1.9495
1.8740
2.0528
1.7133
1.9454
1.8411
2.0971
1.7963
2.1704
2.2504
2.2134
2.2656
2.1972
2.1657
2.3941
2.6057
2.7561
2.4985
2.4863
2.1049
2.1690
2.2013
2.2947
2.1340
2.1641
2.0924
2.1291
1.9139
1.9631
2.0477
2.1750
2.0975
1.9980
1.6514
1.9297
1.6538
1.6485
1.6306
1.8037
1.8179
2.0793
1.7467
1.7219
1.8082
2.0936
1.9829
1.9150
1.7728
2.1940
2.1152
1.7925
2.0453
1.6441
2.2330
1.9775
2.3410
1.6670
1.7821
1.6705
1.8998
1.6145
2.1114
2.0216
2.0962
1.9992
1.9442
1.7756
1.8165
1.9575
1.9582
2.0360
1.9445
1.7351
1.8401
1.9245
2.0568
1.7960
1.7883
1.9122
2.0477
2.0197
1.7424
2.1043
1.8327
1.9808
1.9268
1.7875
1.6169
1.7349
1.7829
1.7131
1.5483
1.6410
1.9333
1.7388
1.7279
1.8750
1.6421
1.4956
2.0260
1.7296
1.9669
1.9675
2.1071
1.8908
1.9525
1.6173
1.8027
1.5295
1.9442
1.5733
1.7014
1.8691
1.8800
1.9224
1.7868
2.0737
1.7357
1.8142
1.8217
1.9300
1.6831
1.8565
1.9880
1.8301
2.1791
1.9908
1.7822
1.8182
1.9019
1.8903
1.8611
1.9058
1.9581
1.9289
1.9885
1.9051
1.7527
1.6205
1.7035
1.9847
2.0429
2.1813
2.0313
1.8330
2.2595
2.2595
2.4082
2.2056
2.4481
2.1963
2.3259
1.9162
2.0146
1.9320
2.2895
1.9786
1.9683
2.1080
2.0348
2.1240
1.9114
1.8079
1.6458
1.8705
1.8509
1.8338
2.0329
1.9963
1.5340
1.6635
2.0208
1.7680
1.4022
2.0558
1.7963
1.6825
1.7322
1.7335
1.8805
1.9092
1.9196
1.8130
1.7008
1.6706
1.8322
1.7876
1.7471
1.7391
1.9099
1.7258
2.0303
1.6490
1.8326
1.7052
1.6857
2.1223
1.9673
1.8341
1.8896
1.7734
1.8318
1.7311
1.8890
2.0812
1.5806
1.6434
2.0193
2.4922
2.2363
1.9325
1.8608
1.7580
1.7109
2.0920
1.8627
1.8420
2.1510
1.7991
2.1981
1.9010
1.9020
1.6455
1.6263
2.2026
2.1912
1.9462
1.9768
2.3709
1.8471
2.1564
2.3911
2.1529
2.7242
2.4393
2.5743
2.3324
2.7539
2.6466
2.9577
2.9497
3.5789
3.3458
2.9195
2.3813
2.6119
2.5544
2.4480
2.0804
2.3192
2.6607
2.4236
2.6344
2.8322
2.9403
2.5742
2.5959
2.7472
2.5118
2.1462
2.3217
2.7708
2.7266
2.3133
2.4089
2.2432
1.7885
2.2879
2.3406
2.7343
2.1824
2.5412
2.6532
2.5602
2.6576
2.6464
2.6287
2.3500
2.3490
3.0392
2.4896
2.2866
2.6866
2.5665
2.4841
2.2725
2.4031
2.2119
2.3260
2.0891
2.0711
2.1088
2.1071
2.3953
2.2973
1.9987
2.5150
2.2167
2.3210
2.2221
2.1228
2.2022
1.9255
2.0838
2.2748
2.4462
2.3834
2.3664
2.3769
2.1091
2.2157
2.3764
2.5145
2.5236
2.1496
2.0596
2.0080
1.9296
1.8183
1.6849
1.9340
1.8171
1.7943
2.1299
1.9151
2.0644
2.3002
2.0797
1.8289
1.8840
1.9563
2.0167
1.9632
2.1763
1.7983
1.5782
1.8499
1.5930
1.8931
2.1130
2.2784
1.7267
2.1342
2.1500
1.9513
2.2937
2.4433
1.9420
2.2909
2.3916
2.4308
2.6710
2.2435
2.1413
2.3504
2.3212
2.2659
2.2691
2.5755
2.0519
2.4785
1.9662
2.3938
2.0320
1.8422
2.0858
2.6270
2.4280
2.2971
2.4431
2.6453
2.4707
2.3070
2.2329
2.1060
2.2428
2.2570
2.4572
2.3757
2.8316
2.4271
2.0597
2.3527
2.3441
2.4106
2.1180
1.8359
2.0775
2.0481
2.3632
2.1496
2.1180
1.9853
2.2010
2.2114
2.5467
2.2056
2.1186
1.9269
1.9589
1.7794
2.2182
2.0552
2.1959
2.1284
1.8285
2.1557
2.7252
2.5402
2.3392
2.2474
2.2580
2.1751
2.2156
2.0909
2.4437
2.1925
1.9841
1.8462
2.0409
2.3196
1.9364
2.1906
2.2485
2.0159
2.2108
2.2310
2.0039
2.3190
2.4186
2.2912
2.4317
2.3870
3.0876
2.8917
2.5644
2.7960
2.1116
2.8206
2.8091
2.1907
2.3976
2.2797
2.1879
2.2864
2.2867
2.2320
2.0658
2.3856
2.6823
2.0332
2.0771
2.0219
2.6325
2.1652
2.1993
2.3998
2.1702
2.2443
2.0498
2.4539
2.5138
2.2433
2.1931
2.5277
2.4407
2.3875
2.2719
2.5334
2.6064
2.5448
2.1524
2.3361
2.4200
2.5250
2.2829
2.4054
2.4119
1.9924
2.4937
2.6865
2.8036
2.6128
2.5209
2.2068
2.1456
2.4322
2.2897
2.0219
1.9739
2.2824
1.8691
2.0285
2.2998
2.2071
2.0041
2.3074
2.0838
2.1737
2.2439
2.1006
2.2805
2.1832
2.4364
2.3729
2.4462
2.4684
2.5141
2.6535
2.3604
2.4318
2.5799
2.5203
2.2900
2.1845
2.1162
2.0731
2.0529
2.0748
2.0960
2.2539
2.0975
2.4090
2.2382
2.1994
2.3727
1.8777
2.3239
2.2100
1.7825
2.4029
1.9110
2.2698
1.8762
1.9380
1.8879
1.7198
1.7990
1.7243
1.8268
1.8362
1.6934
2.0614
1.8020
2.1104
1.8650
1.9499
1.8288
2.2764
2.4232
2.2843
2.0839
2.2309
2.0781
1.8012
2.0130
2.3484
2.5387
2.0076
2.3271
2.2478
2.0930
2.0827
2.3231
2.2966
2.2650
2.1793
2.2619
2.0759
2.1582
2.1182
2.2235
2.1735
2.1384
2.4321
2.1221
2.2055
2.1470
2.3657
1.7200
2.2019
2.3553
2.1832
2.4307
2.0301
2.3109
2.3198
2.1603
2.3106
2.1965
2.0767
2.1159
1.8484
2.2486
1.7961
1.8351
2.3954
1.8710
2.3793
2.4918
2.3055
2.2392
2.3472
2.4634
2.3128
2.1547
2.0620
2.0715
2.1938
2.2698
2.2842
1.9449
2.3368
1.9179
2.2182
1.9598
1.7849
1.8770
2.1364
1.8885
2.1034
2.3286
2.2481
2.3285
2.1964
2.3682
2.0453
2.2463
2.2234
2.1995
2.0657
1.9605
1.8498
1.7980
1.6532
1.8028
1.7673
2.0290
2.0275
1.8197
1.7880
2.1777
2.5516
2.2056
2.0637
1.8711
2.0273
1.5990
1.6175
1.6177
1.5506
1.7552
1.9459
1.9954
1.8921
1.9501
1.7246
2.0504
1.8047
1.7978
1.9148
1.9900
1.7703
1.9220
1.8270
1.9398
1.9677
2.1894
2.1609
1.8483
2.1797
1.7793
2.2101
2.2726
1.8933
1.7907
1.7603
1.7248
1.7975
1.9308
1.8144
1.5482
1.7745
1.8449
2.0221
1.8467
1.8111
1.7535
1.9220
2.3043
1.9202
1.9030
1.9616
1.8760
1.8092
2.0786
1.7418
2.1441
2.0051
2.0219
2.1722
2.2431
2.0217
1.8411
1.9956
2.0462
1.9967
2.0564
1.9359
1.9796
1.9847
1.8391
1.9197
2.3500
2.4643
1.9522
2.1726
2.2640
2.4713
2.1346
2.1761
1.9049
2.1180
2.1737
2.3858
2.1862
2.3034
2.0678
2.2017
1.6555
2.1315
1.8378
2.1279
2.4138
2.3249
2.4843
2.4931
2.1611
2.1123
2.0078
2.3931
2.3655
2.0111
1.9285
2.0682
2.2750
2.0381
1.9848
2.2795
2.0089
2.4791
2.4002
2.5834
2.6332
2.3867
2.7465
2.3571
2.5267
2.3319
2.4904
2.3420
2.6376
2.4156
2.4897
2.4965
2.4938
2.1232
1.9380
1.9981
2.1732
2.1539
1.9017
2.1547
2.1262
1.9915
1.8791
2.2145
2.4172
2.1933
2.4766
2.3699
2.6230
2.0463
2.2316
2.3716
2.3525
2.4532
2.5930
2.6172
2.7850
2.3716
2.5723
2.4712
2.0904
2.7229
2.4750
2.2300
2.4026
2.5206
2.0175
2.8303
2.3451
2.4975
2.3802
2.1213
2.4423
2.5237
1.9719
2.1648
2.6968
2.1139
2.4550
1.9881
2.6747
2.4335
2.8795
2.1978
2.2768
2.2636
2.4911
2.6253
2.9039
2.4952
3.0444
2.5991
2.5931
2.7076
2.9110
2.5223
2.9787
2.9498
3.1123
2.7631
3.4482
3.0440
3.0514
2.8995
2.9503
3.0847
2.6943
2.5854
2.3567
2.8016
2.5818
2.7124
2.1917
2.1196
2.3086
2.1544
2.3330
2.0859
2.2627
2.2340
2.1669
2.4607
2.3413
2.5595
2.5330
2.7056
2.5765
2.4989
2.3334
2.3534
2.5312
1.9451
2.3910
2.0350
2.0815
2.0604
2.2411
2.1602
2.0935
2.4010
2.1210
2.1342
2.2216
2.2320
2.3072
2.4183
2.6313
1.8536
1.9763
1.9694
2.5183
2.1701
1.9616
2.3319
2.4090
2.5809
2.4106
2.3226
2.4731
2.6974
2.3366
2.1192
2.5035
2.3893
2.2799
2.3638
2.0654
2.1702
2.1135
2.1221
2.2303
2.3939
2.4540
2.1069
2.1367
2.0786
2.3677
2.1396
2.2335
2.3199
2.3215
2.3809
2.2574
2.3722
2.3524
2.7257
2.0314
2.4164
2.0506
2.0896
2.0467
1.8670
1.9082
1.9384
2.3446
2.2097
2.4385
2.1680
2.1451
2.3093
1.9806
2.5425
2.3978
2.4253
2.2142
2.7743
2.3044
2.3957
2.2293
1.8995
2.0628
2.1010
1.9932
2.0186
2.0013
1.9799
2.2823
2.5247
2.2847
2.0409
2.3555
2.1942
2.2331
2.2058
2.3425
2.3070
1.8258
2.2911
2.3891
2.1691
2.0526
2.1745
2.3364
2.0579
1.8330
1.8383
2.2016
1.9695
2.2973
2.0191
2.1293
1.8803
2.2563
2.1045
2.2331
2.0714
2.1457
1.9517
2.0463
2.3459
2.3263
2.0735
2.4212
2.3328
2.1106
2.0790
2.3338
2.2026
2.0673
2.3295
2.0790
2.2671
1.9039
2.0826
2.1532
1.8802
1.9814
2.4307
2.4645
2.1989
2.6746
2.7402
2.4993
2.4610
2.4941
2.3469
2.0459
2.6117
2.4476
2.0313
2.0304
2.2683
2.4984
2.3035
2.3802
2.5326
2.3986
2.2751
2.3228
2.0499
2.0243
2.2443
2.4913
2.2606
2.3146
2.7800
2.7553
2.5984
2.4516
2.5874
2.9737
2.6037
2.7497
2.4647
2.9217
2.7850
2.5568
2.5565
2.4379
2.8980
2.2821
2.4691
2.1928
2.3186
2.3041
2.4226
2.1195
2.2809
2.0959
2.2531
2.0444
2.2608
2.2307
2.4115
2.2535
2.1677
2.0129
1.8727
1.9151
2.2347
2.2543
2.2473
1.7344
1.9876
1.7166
1.6908
1.5973
1.8342
1.7704
1.9322
1.7923
2.0253
2.0961
1.9845
2.1576
2.0673
2.2576
2.1176
1.9595
2.0932
1.8685
1.8782
2.0903
1.9795
1.9469
2.3027
2.1815
2.3346
2.0560
1.6330
1.9000
1.8236
1.7055
1.7648
1.5902
1.6261
1.8742
1.6553
1.6338
1.9926
2.0720
2.3092
2.3749
2.0718
2.1821
1.8370
1.8589
1.9057
1.7619
1.6175
1.6220
1.9068
1.9368
1.5854
1.8531
1.7873
1.5784
1.6635
1.6547
1.8446
1.6296
1.8433
1.8077
1.8239
2.1601
1.9435
1.7824
1.8812
2.1719
2.0097
2.0269
2.1091
1.7674
1.7886
2.1173
2.1911
2.1364
1.8548
1.9495
1.9782
1.6866
2.1477
1.8296
1.8311
1.9245
1.7311
1.9829
2.1461
2.2125
1.7549
1.9802
2.0924
1.8175
2.0890
2.1500
2.1064
2.2623
2.0898
2.1811
2.0305
2.2901
2.1798
2.2680
2.1626
2.2712
2.3029
2.0059
1.9708
2.0153
2.1279
2.3486
2.2149
1.9197
1.8348
2.0487
2.1181
1.9509
1.9251
2.0619
2.1444
2.2613
2.5388
2.2929
2.0236
2.0592
1.8506
2.1832
1.9329
1.8374
1.7045
1.9242
1.8273
1.9284
1.6806
1.6947
1.9051
1.6799
1.7414
1.9683
2.0122
1.7527
1.9620
1.4843
2.1327
1.8547
2.0098
1.5999
2.3020
1.7968
1.8440
1.9195
1.9233
1.8387
1.6382
1.7839
1.5250
1.8408
2.2209
2.0609
1.9793
1.8503
1.9994
1.8037
1.7938
1.7628
2.1792
1.8601
2.0768
2.2193
2.1878
2.1669
2.3357
1.6528
1.8088
2.3712
2.0894
2.2626
2.4075
1.9552
1.9217
1.8049
1.7178
1.7748
1.9650
1.7687
2.0791
1.8378
1.8817
1.9460
1.8533
1.9518
2.1882
1.9393
2.3744
2.1101
1.9902
2.0216
2.0536
1.9771
2.3464
2.1122
2.0543
1.8907
2.0532
2.1510
2.0773
2.0943
2.2019
2.0392
2.3292
1.8543
1.8260
2.1910
2.0394
2.3666
2.0309
2.0695
2.1489
2.2566
2.5560
2.0602
2.1476
1.8328
1.9757
1.7224
2.1958
2.0560
2.0865
1.9910
2.0217
1.6636
1.7378
1.9541
1.8822
1.9479
2.1140
1.7429
2.0422
1.7896
1.6027
2.1567
2.0078
2.1213
1.8166
1.9666
2.0739
2.1649
2.0189
2.0413
2.2342
1.8720
1.9734
2.1670
1.8928
2.0989
1.6868
1.8300
1.9510
1.9670
1.8177
1.9788
1.9791
1.7937
1.9734
1.8368
1.6235
2.1106
2.2269
2.1637
2.0563
2.2679
2.3138
2.4138
2.4195
2.3121
2.3857
2.0344
1.9736
2.0886
1.8647
2.0964
2.2405
2.3869
2.5837
2.5599
1.8650
2.4247
2.5047
2.3923
2.4786
2.2399
2.5713
2.4036
2.3544
1.8914
2.1149
2.0740
1.9244
2.1802
1.6971
2.0440
1.9307
2.2647
2.6992
2.3338
2.3653
2.2052
2.4334
2.2244
2.2755
2.1505
2.0029
2.2172
2.1081
2.0433
1.9588
1.9276
1.7019
1.7626
2.0154
2.0874
2.3046
2.1226
1.9154
2.2519
2.0220
1.8330
1.6734
1.8759
2.0192
2.0218
1.8785
1.9287
2.0453
2.0262
2.2378
1.9763
2.1212
1.7705
1.8772
1.8399
1.7462
1.9634
1.9524
2.0521
2.3701
2.2832
2.2407
1.9708
2.0624
1.9628
2.2861
2.2998
1.9289
1.8495
2.0117
1.9894
2.2676
2.6918
2.0464
2.4174
2.1947
2.0294
2.0200
2.2868
2.1649
2.3479
2.2015
2.2760
2.5036
2.3304
2.3606
2.5997
2.2735
2.1959
2.3868
2.4930
2.4162
2.4456
2.5738
2.2086
2.3350
2.3652
2.1123
2.0020
2.2301
2.2039
2.1583
2.2914
2.2373
2.0988
2.3373
2.2288
2.1673
2.3628
2.0697
2.1916
2.3231
2.2165
2.3732
2.0122
2.1742
1.9848
1.8342
1.8798
2.0833
1.9288
1.6772
1.9917
1.8552
2.4788
2.1801
2.1159
2.7003
2.5267
2.4793
2.8222
2.0140
2.4255
2.5984
2.2214
2.0565
1.8456
2.2885
2.0594
1.8808
1.9069
1.8910
1.7557
1.7736
1.8652
1.7779
1.8175
1.7067
1.8543
1.7502
2.4027
2.1807
2.2928
2.2537
2.1629
2.6650
2.0986
2.2221
2.0753
2.0914
2.1016
2.0892
2.1218
2.0078
2.0427
1.7331
1.8392
1.9935
2.0496
2.1185
2.0537
1.9774
1.7427
2.1070
2.4204
1.9873
2.3194
2.2203
2.4251
2.4572
1.9727
2.0033
2.0988
1.8415
1.6480
2.2432
1.8228
2.1337
2.0303
2.1946
1.8544
2.0070
1.9789
1.9487
2.0413
2.0529
2.1240
2.5002
2.4064
2.7459
2.7686
2.7686
2.7638
2.7873
2.4837
2.7772
2.3662
2.3884
2.4558
2.4548
2.2195
2.8569
2.6383
2.4512
2.7502
2.5772
2.1483
2.4290
2.2065
2.3885
2.3102
2.1503
2.3894
2.5428
2.3852
2.4000
2.5866
2.7892
3.1419
3.3731
3.0162
3.1376
2.7362
2.9098
3.1867
2.7620
2.5592
3.0326
3.6373
3.1699
3.1589
2.8861
2.8409
2.8869
2.8588
2.4392
2.6031
2.6853
2.8569
3.1061
2.4860
2.8761
2.7196
2.7499
2.6538
2.8734
2.6280
2.8720
2.5934
2.6370
2.8218
3.1746
2.9417
2.6409
3.1584
2.5967
3.0697
2.4661
2.5713
2.5172
2.8284
2.6775
2.3965
2.4773
2.9547
3.2096
3.0544
2.2800
2.9410
2.7271
2.7534
2.7419
2.8784
2.5091
2.6328
2.3445
2.9443
2.8687
2.9090
2.6197
2.7744
2.4912
2.8207
2.2716
2.7512
2.8440
2.6814
2.1817
2.4134
2.2456
2.5999
2.3513
2.3337
2.4592
2.6541
2.4701
2.5618
2.4366
2.0906
2.6341
2.3818
2.1098
2.1237
2.3873
2.0734
2.4135
2.5908
2.2340
2.1334
2.0979
1.9645
2.1462
2.3660
2.5649
2.3866
2.1575
2.2907
2.5046
2.4920
2.4298
2.5442
2.5540
2.5316
2.9052
2.2301
2.1699
1.9072
2.4521
2.2987
2.3820
1.8192
2.0766
2.0566
1.9658
1.6191
1.7344
1.9139
1.8559
1.6262
1.5682
2.0006
2.0903
1.5815
1.6572
1.8318
1.9482
1.7004
2.0318
1.8685
1.9051
1.9993
2.0645
2.0237
2.1344
2.1353
1.8149
1.7905
1.7838
2.2904
2.2200
1.9080
2.1847
2.5595
2.4906
1.9970
2.0492
2.1311
2.2252
1.5066
1.8568
1.6885
2.0835
2.2627
2.1509
2.3958
2.0334
2.5767
2.0965
2.1904
2.2071
2.2108
2.6639
2.3508
2.7097
2.2549
2.8948
2.9726
2.6171
2.5312
2.4211
2.3126
2.5592
2.4678
2.6648
2.2085
2.5811
2.3080
2.6619
2.4145
2.2753
2.2791
2.0201
2.0996
2.2562
2.1498
2.2114
2.1300
2.1739
2.1691
1.9759
1.8527
2.3809
2.3568
2.2380
2.1131
2.0167
2.1689
2.0638
1.9716
2.1431
2.0307
2.2366
2.4271
2.4074
1.9227
1.9753
2.4121
2.1248
2.1486
2.2371
2.1180
2.3159
1.7064
2.0788
2.2473
1.8843
2.0607
2.0127
2.2602
2.1920
2.2441
2.1594
1.7892
1.9666
1.9800
1.9887
1.8899
2.2243
2.1957
2.1546
1.7642
1.9576
2.5763
2.5897
2.1556
2.0740
2.0661
2.3449
2.2052
2.1264
2.0087
2.1794
1.9769
1.9117
1.9924
1.9332
1.6642
2.1552
2.0001
1.9253
1.9661
1.8615
1.8752
1.9942
1.6858
2.2237
1.8423
1.8175
1.7319
1.8434
1.9004
1.9709
1.7790
2.1522
2.0269
2.2997
2.0690
2.3908
2.2114
2.4815
2.0210
1.8933
1.8149
1.6847
2.1092
1.8058
2.0286
2.1643
1.9684
1.9179
1.8746
1.8642
1.6988
2.1833
2.0352
2.4089
2.0736
2.1563
2.4581
2.3840
2.4118
2.0663
1.8692
1.8228
2.2792
2.1980
2.2121
2.4323
2.2100
2.5564
2.1977
2.4091
2.5978
2.4234
2.7348
2.0385
2.3196
2.1421
2.0566
2.1848
1.9939
2.2688
2.1720
2.2646
1.9624
2.1949
2.5992
2.2764
2.5905
2.5189
2.5163
2.6093
2.5802
2.3761
2.6717
2.4251
2.1157
2.3656
1.6737
2.0735
1.9240
2.0853
2.3080
2.6035
1.9413
2.2368
2.1723
2.1406
2.1277
2.1599
2.6230
2.8940
2.3874
2.6731
2.4371
2.2613
2.5380
2.4546
2.4692
2.2704
2.6706
2.7682
2.5531
2.3954
2.7506
2.5267
2.2655
2.5087
2.3479
2.3285
2.1542
2.2678
2.7960
2.4284
2.3820
1.9446
2.2205
1.9984
2.2511
2.1231
2.1043
2.1069
1.7231
1.9079
1.7004
1.7134
1.7295
1.7107
1.7573
1.9108
1.8409
1.9290
1.9474
1.9365
1.6987
2.1321
1.9848
1.7070
2.3420
1.7576
2.0711
2.1251
2.0147
2.1451
2.2387
2.0758
2.4598
1.9153
2.2791
1.6882
1.7517
2.0872
2.2244
1.9253
2.4031
1.8116
1.9137
1.9724
2.0575
1.8346
2.2353
2.1191
2.3186
2.5874
2.3500
1.7281
1.6583
2.1233
2.1105
2.0168
1.9856
2.2648
2.2831
2.4528
2.5619
2.9789
2.4882
2.1499
2.3789
2.1221
2.1976
2.0833
2.0094
2.1806
1.9343
1.7207
1.7457
1.7449
1.6838
1.9480
1.8210
2.0800
2.1003
1.6397
1.6795
1.8365
1.7097
1.7980
1.7776
1.7004
1.8272
1.6825
1.7626
1.7624
1.8694
1.5989
1.6598
1.8246
1.7267
1.5007
2.3240
2.1801
2.1417
1.8050
2.0418
1.9181
1.9275
1.6692
1.9242
1.7075
1.6056
2.0537
1.7190
1.5559
1.7251
1.6984
1.3239
1.3470
1.3867
1.6811
1.4278
1.8425
2.0224
1.6331
1.4749
1.5951
2.0702
1.9062
1.9629
1.5382
1.4607
1.7141
1.7241
1.8586
1.7602
1.6737
2.0782
1.9298
1.6184
2.0604
1.7355
2.1545
1.8309
1.7593
1.9170
2.0145
1.7739
1.6098
1.8333
1.9606
1.7329
1.8311
1.8436
1.6074
1.4832
2.0049
1.5981
1.7664
2.0259
1.8961
1.7229
1.6436
1.9947
1.5203
1.4136
1.5497
1.6119
1.6499
1.8049
1.9713
1.6145
2.0870
1.5077
1.5905
1.8681
1.5754
1.5747
1.6158
1.6091
1.9832
1.4475
1.4013
1.4365
1.6390
1.4109
1.8646
1.6064
1.7778
1.3940
1.9799
1.3290
1.7178
1.2877
1.7396
1.9623
1.7897
1.6610
2.0512
1.8796
2.3544
2.0606
1.7056
1.6381
2.2166
1.9894
1.9399
1.8605
1.5927
1.7137
1.7908
2.0390
1.9215
1.9165
1.8689
1.8894
2.1880
2.0358
1.9339
1.6371
1.8219
1.8002
1.8399
1.6696
1.5536
1.6218
1.5948
1.8143
1.9474
1.8068
2.0424
1.8843
1.6213
1.7121
1.6389
1.5516
1.9197
1.9615
2.1198
1.7281
1.6590
1.8230
1.6679
1.7062
1.4620
1.7825
1.7203
1.6913
2.0255
1.6801
1.6371
1.8576
1.7668
1.6892
1.8348
1.5919
1.6985
1.7267
2.1893
2.1951
1.8145
2.0115
1.9875
1.8793
1.8304
1.8058
1.7282
1.8471
1.9761
1.7959
1.8785
1.6354
1.6950
1.9119
1.9177
2.0447
1.8465
1.7876
1.9059
1.7754
1.7087
1.8033
1.6562
1.9531
1.9870
1.9420
2.1867
1.9170
1.8668
2.0435
2.0262
2.0861
1.8556
1.8257
1.7860
1.9528
1.6710
1.8268
1.7233
1.8675
1.5037
1.4615
1.7425
1.5773
1.7401
1.7326
1.4975
1.6687
1.8527
1.7528
2.0158
1.8159
1.9455
1.6217
1.8219
1.8075
2.1929
2.0881
1.6962
1.8395
1.7498
1.8208
1.6030
1.7121
1.6491
1.6355
1.6331
1.8240
1.8517
2.0994
2.3688
1.8539
2.0518
1.9727
1.9189
1.9386
2.0879
1.9656
1.7629
1.9330
1.9340
2.2339
2.3237
1.7206
2.3806
2.2593
2.0139
2.0033
1.9927
1.6354
1.8599
1.8789
1.5848
1.5435
1.6996
1.6625
1.7409
1.6734
1.6240
1.6463
1.6308
1.6322
1.7358
2.0749
2.3926
2.4418
2.3509
1.9382
2.1080
1.8935
2.0431
1.4798
1.9174
1.6841
1.7734
1.8888
1.9339
1.9617
2.1031
1.9379
1.6854
1.6405
1.7371
1.7401
1.7340
2.0924
2.1486
2.1777
1.9852
1.7038
2.2223
2.3251
1.7794
2.3704
1.9956
2.3634
2.1714
1.7413
2.0254
2.1241
2.0794
1.9921
1.7627
1.7932
1.7165
2.0056
1.8240
2.0351
1.6893
1.6578
1.7766
2.1023
2.1287
2.0617
1.8037
1.9819
2.2485
1.7712
1.9876
1.7343
1.5063
1.5592
1.5169
1.4161
1.5880
1.5927
1.9018
1.8496
1.7706
1.6674
1.6226
1.8897
1.8098
1.8025
1.8383
1.8560
2.0621
1.9561
2.0068
1.7419
2.0280
1.9495
1.7431
1.9072
1.9322
2.0632
2.1086
1.8437
2.0555
1.9346
1.8364
1.8516
1.8905
1.6323
1.6311
1.6355
1.6113
1.6499
1.7555
1.7759
1.7512
1.9502
1.7412
1.6161
1.8274
1.7296
1.8265
1.7411
1.8422
1.9145
2.0111
1.7231
1.7737
1.6494
1.6555
1.6715
1.7335
1.8855
1.7108
2.0758
1.7784
1.6826
1.8009
1.7310
1.6922
1.7922
1.5844
1.8717
1.5994
1.7044
1.6793
1.4670
1.6207
2.0694
1.7612
1.6335
1.6179
2.1179
1.9307
2.0874
1.7149
1.9418
1.7918
1.9187
1.7008
1.6929
1.5731
1.9112
2.1563
2.0073
1.8813
1.9655
2.0625
1.6016
2.0669
1.9683
2.0458
1.8198
1.6016
1.6934
1.9918
2.0904
1.7934
1.6746
1.6841
1.6542
1.6924
1.9618
1.8222
1.8841
1.8283
2.0056
1.7290
2.2457
2.2461
2.5994
2.2746
2.0625
2.3767
2.2321
2.5259
2.2620
2.1587
2.4313
2.3706
2.2552
1.7208
2.1408
1.8079
1.9901
1.7971
1.9929
1.9427
2.0627
2.2492
2.1590
2.0434
1.9360
1.5891
1.5546
1.5534
1.8146
1.7567
1.7677
1.4917
1.6269
1.5326
1.6062
1.9695
1.9087
1.5934
1.6124
1.8587
1.7399
1.6105
1.8084
1.8226
1.8323
1.4724
1.6555
1.5642
1.4244
1.4281
1.5119
1.6012
1.7341
1.6929
1.3424
1.6935
1.7032
1.7823
1.6771
1.7340
1.7195
1.4613
1.7099
1.6951
1.6738
1.6072
1.6784
1.8358
1.6416
1.8589
1.5698
1.8924
1.6142
1.6693
1.8274
1.7990
1.7051
1.4842
1.6172
1.8934
1.5402
1.8338
1.8054
1.9847
1.7366
1.8801
1.9016
1.9261
1.1327
1.3118
1.7539
1.5902
1.6919
1.7514
1.7865
1.7045
1.6484
1.6077
1.5912
1.6175
1.7499
1.8691
1.8449
2.2672
1.8865
1.6173
1.6016
1.8377
1.9533
1.9170
1.7414
1.7441
1.5056
1.7461
1.7604
1.9141
1.8501
2.2755
1.6349
1.8353
1.7283
1.7193
1.6881
1.8637
1.7328
1.9080
1.5481
1.6157
1.4494
1.7865
1.5692
1.6701
1.5685
1.5914
1.6055
1.5772
1.7651
1.5032
1.7230
1.6137
1.8865
2.0627
1.9613
2.1028
1.9518
2.3429
1.8561
1.9084
2.1796
2.0519
1.7046
1.4972
1.7950
2.0287
1.7174
1.9334
1.7950
1.8662
2.2703
2.2742
2.2002
2.0942
2.1973
2.3076
2.5117
2.1206
1.8904
2.2302
2.4344
1.9451
1.9726
1.9967
2.5354
2.5577
2.3052
2.4242
2.3257
1.9353
2.4298
2.6807
2.7695
2.7657
2.7007
2.3955
2.2435
2.4029
2.5753
3.0822
2.9462
2.7186
2.4644
2.5116
2.6534
2.6885
2.4371
2.5771
2.3999
2.6160
2.3097
2.4674
2.6289
2.5316
2.3326
2.2844
2.1688
2.1312
2.0742
1.8465
1.5243
1.8927
2.0546
2.4571
2.1266
1.7820
1.6937
1.9289
2.0306
2.4389
1.9514
1.8087
1.6034
1.6706
1.8870
1.9049
1.9236
2.1783
2.0825
2.3375
2.0095
2.2996
2.2394
2.1936
2.3528
2.0019
1.9291
2.5666
2.2622
2.2457
1.9879
2.3615
2.1477
2.2914
2.2942
2.2209
2.1435
2.3703
2.4883
2.1765
2.2499
2.3941
2.0326
1.9574
2.0122
2.1013
2.1331
1.9489
2.2318
2.2421
2.2008
2.2795
1.9733
2.4621
2.3574
2.3445
2.4814
2.6173
2.1926
2.4061
2.1407
2.2255
2.3017
2.4569
2.2617
2.3380
2.0206
2.3626
2.4732
2.5669
2.7943
2.2398
2.1442
2.2587
2.0682
1.9005
2.0270
2.2432
2.0996
2.3238
2.4755
2.1420
2.3785
1.9928
2.4797
2.3522
2.2856
2.3024
2.0396
2.5517
2.6655
2.2811
2.0312
2.1759
2.0691
2.3583
2.4691
2.3665
2.1161
1.9738
2.0313
2.2947
1.8244
2.0628
2.1311
2.3029
2.0230
1.8581
1.8649
1.9412
1.8459
1.8034
2.2334
2.0443
2.3932
1.8804
1.7577
1.6951
1.7717
2.0851
2.0103
1.7494
2.2156
2.2556
1.9816
1.7049
1.8800
1.8534
2.1370
2.0457
2.0525
1.8923
1.7447
1.9954
1.5016
2.7027
2.4351
2.1840
2.4393
2.1150
2.2211
2.5129
2.2968
2.0173
2.3657
1.7666
2.0200
1.6889
1.9307
2.1498
2.1434
2.0675
2.1020
1.9895
1.8310
1.9214
2.2168
2.1875
2.1559
2.3839
2.5158
2.6042
2.3557
2.2621
2.4421
2.5370
1.9371
2.2708
2.5528
2.3877
2.6571
2.4935
2.5494
2.4511
2.2960
2.5532
2.2896
2.3763
2.3616
2.3855
2.0756
2.1171
1.8894
1.9511
1.7923
2.0806
2.0627
2.0226
2.2415
2.4433
2.4050
2.1728
2.1986
2.1732
2.3820
2.2843
2.4817
2.1967
2.5226
2.5259
2.3918
2.4728
2.3049
2.4431
1.9397
2.0058
2.2713
2.4905
2.3984
2.6972
2.3537
2.1037
2.1729
2.4358
2.1362
1.8261
1.7754
2.2495
1.8746
1.9779
2.2881
