25.8206
25.9569
26.3140
26.3673
26.3600
27.3014
24.9636
24.5762
24.8192
26.8924
29.1137
29.5490
31.2964
30.9076
31.0400
29.3556
30.2314
29.7893
29.6698
30.7882
31.5634
30.6855
30.4974
31.0637
30.7210
30.5255
29.8190
30.9209
30.1807
32.3027
32.3834
32.4168
32.3629
32.8344
32.8446
32.6882
31.3178
31.9097
30.5364
30.9828
31.7337
31.8332
32.1234
31.2992
30.5842
30.0088
30.8139
32.9319
31.1428
30.7685
33.3385
33.2171
33.2300
32.4979
31.9771
32.8783
31.0989
31.7871
31.0849
30.0641
30.9607
30.6155
33.2847
32.5409
32.0440
31.5518
31.8950
30.9392
32.2877
33.0904
33.3256
32.9552
33.1412
33.7738
32.3207
32.7648
31.5544
31.5667
30.6793
30.9270
31.1772
31.1051
31.8051
31.8335
31.8204
33.6488
33.5764
33.8541
33.6165
33.1079
34.0120
34.7587
34.8806
34.0822
34.3315
34.0322
35.2628
35.6493
34.6115
36.1702
35.5418
35.2270
35.7996
36.4589
35.3225
35.0822
35.6246
35.7730
34.6317
33.9668
33.0831
33.4873
33.6287
33.0103
33.1312
32.2310
33.4484
32.2276
31.2711
31.4180
31.9788
31.6358
33.3148
34.1279
32.8815
33.7753
33.9183
33.4383
31.4910
31.6122
31.7340
31.5245
32.7912
31.1479
31.9860
32.4670
32.9474
33.4603
34.5891
34.1469
33.1785
33.3994
33.2912
33.5719
33.7872
34.8987
34.3079
35.5073
34.6769
35.2557
34.3042
33.6177
34.3150
32.5913
33.2976
32.6093
33.2844
34.5860
33.6101
33.4514
32.8776
34.2439
33.3985
33.9789
34.1265
33.7708
32.2085
32.4609
33.0986
34.5388
32.8356
32.8742
32.5244
31.8992
31.2806
30.1542
32.3707
32.0953
31.9204
32.2740
33.1544
32.2864
32.3742
33.3633
32.5462
32.0388
32.7077
33.0143
34.9362
33.8911
33.7697
33.5649
34.7957
34.9930
34.8267
36.1395
35.6001
35.6917
35.2074
35.0995
35.3326
35.0654
35.6372
35.5385
33.8928
33.4503
35.0399
34.2735
33.8331
32.7960
34.4571
33.2509
33.4184
33.8035
33.8386
32.0787
31.3508
33.6556
32.8684
31.6176
32.6954
33.8789
33.3706
33.3837
32.9011
32.1939
31.1364
32.1208
31.0515
29.4168
31.4965
32.1254
32.2507
31.9592
31.4952
29.6656
28.9596
30.9423
30.1225
29.9062
31.2229
30.9353
31.1748
31.7269
31.3229
31.2210
30.7684
31.4894
31.6280
31.9969
31.4385
31.6283
30.3460
29.8720
31.5165
30.3002
28.8653
30.5703
31.4167
31.4705
32.5314
31.6884
32.9633
33.2439
33.4149
33.0787
32.0116
34.1296
34.0662
34.8244
33.6853
35.0947
35.4840
36.2129
36.9062
36.0261
36.7246
35.7472
35.6970
36.4437
35.1890
32.4778
32.3550
30.9891
31.2386
29.7463
30.4030
28.9495
29.6927
29.1040
29.0286
29.5325
29.8387
29.4772
29.6197
30.2532
30.2845
30.7622
30.1387
30.8011
29.7050
29.2024
29.9341
30.2686
30.7194
30.3374
30.7350
30.9708
30.7758
30.6818
33.5306
32.6676
32.9235
34.2392
33.5740
34.8622
34.2369
36.3340
36.0856
34.7423
35.4432
35.0554
36.4795
36.9626
34.6899
36.3041
36.1383
33.7095
34.5666
36.0308
36.1173
36.5059
36.1256
36.9433
36.6063
35.7597
35.7272
36.3330
36.7463
36.0964
37.1947
35.7610
35.1131
35.3124
36.0523
36.8389
35.4191
37.0769
37.0408
37.9934
36.3535
36.9952
36.4835
35.4835
36.5419
36.4634
36.0481
34.3221
34.7216
36.7035
35.5570
36.9369
37.2117
36.8832
34.8322
35.9315
35.8809
34.7214
33.7469
35.9051
35.4187
34.9977
36.3601
37.3153
35.3695
35.6347
36.8421
36.0375
35.6512
34.8897
35.6229
37.0560
35.8197
33.4642
33.2556
33.1995
32.9178
33.1607
32.8230
33.0057
33.3134
34.8048
34.8885
34.3148
33.7947
33.1345
34.4574
34.7886
33.9258
32.9372
34.8875
34.3440
34.2258
34.9178
34.4900
34.0389
34.5505
35.6276
33.7494
35.1173
36.4915
35.9834
36.8503
35.6820
36.2045
36.1395
35.5287
33.5473
34.1675
35.0650
34.0457
36.0603
36.6454
36.2031
36.3194
36.1435
37.9872
38.4032
39.1172
37.5627
37.8534
35.6046
37.0196
37.3915
35.1521
35.7951
36.6225
36.0094
35.5210
35.2103
35.1603
34.4270
35.4805
35.4313
34.7948
35.0594
34.5858
33.2245
37.0060
35.6096
34.2644
33.0350
35.2419
34.6932
36.2632
37.0831
36.7983
36.7303
37.1166
38.6786
37.1189
36.9153
36.9759
35.4881
34.7440
36.4496
35.9992
36.8657
36.0233
36.5922
37.8533
37.9477
37.8505
38.8305
38.8114
38.1030
39.4792
38.5694
38.5470
38.8502
37.6977
37.8903
38.2266
38.2081
36.4843
35.1247
36.1663
36.7615
36.8257
36.1346
36.2234
35.4780
36.2522
35.1275
34.9597
35.2870
36.1982
35.8232
35.0735
33.4168
35.1793
34.7304
34.1756
34.2541
34.2727
34.0347
34.0721
33.9924
34.3187
35.4786
36.2998
35.8392
33.1170
33.7617
35.3211
34.9551
34.8287
35.3008
35.4410
32.7343
34.3581
33.5514
33.1850
31.3203
32.7467
33.7628
34.4418
34.4411
33.8340
34.1721
34.4390
33.6161
33.9219
33.3531
35.1737
34.9521
33.0682
31.8699
32.1584
31.8184
33.8759
34.1329
35.1199
34.7992
33.8039
34.3606
33.9700
33.3041
33.6701
33.7367
34.5266
32.2786
34.0283
34.0338
35.4473
35.6736
35.6103
35.9105
36.5882
35.8359
34.6723
35.6017
36.0794
35.4074
35.3994
35.6968
35.2464
35.0406
37.1250
37.5463
36.9905
35.7026
35.5331
33.7403
34.1464
34.1595
34.7118
36.3729
36.0393
34.7461
34.4794
33.1275
34.5663
35.9391
38.9426
36.3647
36.5460
37.0762
38.4618
38.0800
37.4693
37.7245
36.9389
36.9536
35.3739
36.8932
36.4014
36.5662
36.1943
35.7636
36.4203
35.5598
34.3791
33.6130
34.2007
35.6676
34.3962
33.3601
34.3491
33.7085
32.6666
33.6880
33.8447
34.2604
33.5434
34.6127
34.8143
36.1129
35.0533
33.2024
34.1541
35.6904
34.0535
33.6712
32.1560
32.1896
32.8307
31.9924
33.2953
32.7095
34.9814
35.2436
35.3052
34.7364
35.5920
35.4524
34.4155
34.0409
33.1070
33.7638
31.7910
32.9173
33.2202
34.9280
33.9293
35.5305
34.3959
34.7073
33.9973
33.2361
34.0029
33.7139
33.9639
34.8880
34.2733
33.3851
32.7700
34.4864
33.5225
32.8727
32.1660
33.1402
31.8802
32.8535
32.1253
32.7366
32.6472
32.2203
32.7360
33.6731
32.8065
32.6394
33.5290
31.6486
31.3607
31.0894
31.0953
33.5742
32.4409
32.9219
33.5918
34.2192
33.7532
33.2592
33.6608
34.3218
36.4547
35.9902
36.1782
36.5138
36.8340
36.9811
37.4337
37.3370
38.2647
37.8919
36.8930
37.9030
37.1922
35.5837
35.7121
34.9788
34.5228
35.0472
33.4273
33.8050
33.6066
34.8870
32.7473
32.7488
33.3670
31.5891
33.9914
34.3890
34.0474
33.0572
33.7991
34.8682
34.8417
35.0216
35.5891
34.5173
34.1964
35.2207
35.4819
35.6638
35.5538
36.2342
35.3719
35.9553
37.5749
36.2029
37.1026
36.2162
35.7602
35.3370
36.1254
35.7482
34.0268
31.7953
32.3501
31.8674
32.5331
32.6947
32.9702
33.1195
33.3028
33.2754
32.4752
34.3284
34.8399
34.4029
36.3761
37.2139
35.9594
35.0284
34.5655
33.1248
35.2389
35.3524
35.6198
35.4907
35.2605
34.2674
33.5208
32.6827
33.1071
35.4746
35.4884
35.8044
34.7163
34.8257
35.4792
34.8642
35.5540
35.2972
36.9152
36.8335
35.1140
35.1818
35.3445
36.6152
36.0340
37.9542
36.8538
36.1200
36.2548
34.0305
34.4936
34.8497
34.6873
35.6256
36.4134
34.9052
36.0240
35.9713
34.7523
34.7792
35.3223
35.3364
34.8480
34.5848
35.9600
35.5336
35.1953
35.4461
35.8630
36.0582
36.7843
38.2750
39.6483
37.9416
39.6558
38.9129
38.8584
39.2618
39.9948
39.7098
38.5923
38.1484
38.8539
37.8602
38.0152
37.8688
37.8920
38.5972
39.3680
40.0345
39.5639
39.8599
39.5742
38.0921
37.5290
37.2221
36.5181
37.9712
37.1489
37.6712
37.4214
38.4591
38.7269
39.4552
39.2445
38.4732
39.7642
39.2783
39.9977
38.4796
39.5595
39.5805
39.0751
38.1683
37.7850
36.7795
38.3700
38.8348
39.8244
40.0387
40.2203
40.6795
41.1341
41.2253
41.6779
41.7444
40.7176
39.9894
39.4023
39.9592
39.6054
40.0154
39.3432
39.4275
41.3712
41.9584
40.6318
40.5985
40.1294
40.2304
38.7302
38.9295
38.4198
37.7807
36.4514
37.0430
37.7914
38.1173
37.7467
37.3407
37.4214
38.4886
39.4754
38.1113
38.0547
37.4349
37.7088
39.2123
40.7827
41.5691
39.3408
39.6200
38.9834
39.1304
40.1364
39.4526
39.8576
40.8461
39.9769
39.2991
40.6025
41.4827
41.9245
41.7662
40.8524
41.7459
40.7426
41.2042
40.1163
40.3552
40.0405
40.4406
41.5815
40.8981
40.7269
41.3047
40.6376
39.1057
40.2935
40.8228
41.1138
40.2872
39.6314
39.4617
39.9446
41.3932
40.8682
41.1625
40.4479
39.9108
40.0809
40.1591
40.5154
39.6277
39.1863
37.7547
37.6723
38.8840
37.0509
39.0895
38.8008
37.9926
37.4304
38.1070
37.1835
36.2592
36.9770
37.5195
36.7425
36.9781
36.0686
37.1367
38.3800
38.1584
38.2983
36.1495
36.6059
36.1747
35.4211
37.6956
39.5926
38.7580
38.0641
36.1632
36.0831
36.5091
36.5037
36.9300
37.1382
36.8395
35.8685
36.5027
37.4636
36.0653
35.6929
37.5813
38.3929
36.9183
36.3475
36.1843
37.4311
36.0094
35.6456
35.5675
37.6395
36.2724
36.5920
37.2936
38.4290
37.4991
36.4344
35.9784
36.4994
36.4131
36.2324
35.6784
37.3558
38.0067
37.8032
37.4954
39.5654
38.8104
37.3934
35.9967
36.3303
35.4160
33.6979
35.3477
35.3690
36.2338
37.1896
35.9850
36.8624
36.6499
37.6864
39.0905
40.2035
40.9003
38.8261
41.3807
40.7239
41.4551
38.9491
41.0590
41.1152
39.6056
38.2561
38.7995
39.1170
38.2831
35.6454
35.5165
37.1862
37.0146
35.5415
34.7551
35.6171
36.4585
36.2095
34.8766
36.0232
34.8682
35.3875
35.5057
34.7909
34.5100
33.9118
34.3415
35.5519
36.8099
34.3626
36.8108
37.9592
37.1508
37.3199
35.3367
36.3142
35.8999
35.1830
35.1241
36.4486
37.0437
36.2903
35.4972
36.4471
36.8564
36.1586
37.0063
36.6896
36.6892
35.2052
35.5356
35.2014
36.6919
35.7648
36.1282
37.0581
37.2180
36.5610
37.2741
38.4200
37.7870
36.5681
37.7245
37.8860
39.0132
40.4378
40.3820
39.8866
39.3440
39.5145
39.8697
40.1887
38.5684
36.8407
38.2471
36.6608
36.2241
37.6755
37.0944
38.1478
39.6095
37.6286
38.1167
35.9099
35.9749
36.4501
37.0622
37.1602
36.3297
37.4224
36.7580
37.9968
37.3488
36.8645
37.5092
36.5177
35.3461
35.8108
35.4415
36.1373
36.3386
36.0970
36.3593
36.7556
36.8499
35.6396
35.4708
34.4864
35.5917
34.5244
34.8781
33.6312
32.0733
33.1770
32.8590
33.4887
32.1028
32.5659
32.2359
32.8202
31.6165
32.8829
31.3817
32.6658
32.6465
34.0056
32.6169
33.9335
34.5433
33.1683
32.7912
33.3277
34.5085
33.7702
35.2157
35.7115
36.8805
35.8775
35.2735
34.4971
34.6695
36.2823
35.4261
34.3964
34.5360
35.8025
34.7982
34.8989
34.8634
34.0189
34.7284
34.5440
34.8548
34.8386
34.6614
35.0733
35.2865
35.7453
37.8808
38.4275
38.2224
36.4073
35.3576
35.8889
35.0187
35.1023
36.7389
37.7178
36.7599
37.2838
37.7993
36.4207
35.4491
35.9238
36.7555
37.7399
38.5622
39.1013
39.3845
37.8401
39.0088
39.7403
39.4362
39.3405
39.2593
41.5277
39.5854
39.2578
39.9990
39.1379
38.8687
38.8585
40.1347
39.6703
38.6016
40.7800
40.3586
39.6730
38.7497
38.1624
38.8281
39.5058
39.2693
39.2711
39.0367
39.1656
37.3393
38.9026
37.3878
37.2847
36.2010
36.6027
37.1027
36.9632
37.4027
38.1586
39.7748
38.8199
38.7438
38.4227
38.4564
38.2767
38.4275
38.8297
38.6527
37.0683
37.8809
38.6574
37.0351
38.7527
38.0348
38.1188
36.8540
37.9795
36.6710
35.9840
35.4637
35.3155
37.1390
36.6666
35.5385
36.0924
36.4479
37.3436
37.9617
37.6429
37.5405
37.7027
38.0191
38.3455
38.5184
36.2309
36.5812
37.8972
38.2826
39.2356
38.2120
38.0528
36.8578
36.4240
36.4930
38.7630
37.8793
37.8035
37.9590
37.5834
37.4109
37.6685
39.0355
40.3491
39.1485
41.0266
40.1967
41.0159
40.6018
40.9680
41.3422
41.0096
39.7539
39.5056
41.3786
43.0641
41.1116
40.5198
39.8448
40.1152
41.4302
42.3640
41.8349
42.6271
41.1341
41.2897
41.2150
40.5887
42.2249
44.7563
42.4536
43.0376
43.9158
43.0356
42.9153
41.6881
42.8449
43.0418
42.7757
41.8291
43.0482
42.1793
42.5234
42.2583
42.3363
43.4558
42.6507
42.1550
43.1851
42.4649
43.1892
43.0627
41.5991
42.3111
41.7497
41.8897
41.1580
41.3928
44.9278
44.0636
44.3521
43.5989
43.3449
42.1517
40.7209
42.0653
41.3445
41.1307
40.9080
42.5090
40.1422
42.2271
40.1692
40.8362
40.9156
40.1708
39.5527
38.8941
39.2320
41.3193
41.3110
42.1555
41.6786
40.4322
40.1314
38.8937
38.0205
38.4212
39.2132
38.2162
38.7771
38.6478
37.4081
37.6173
38.4282
38.3261
37.5767
37.3708
36.9707
35.6648
37.0144
38.2696
37.8718
37.4455
38.1972
37.2111
37.7037
37.3986
38.9146
38.0498
38.9183
39.4882
38.3568
39.0478
39.7534
40.4324
40.5555
42.8129
42.9679
42.4663
40.5458
43.2698
41.5060
41.2708
41.0390
40.8491
42.1456
43.7673
42.0752
41.3306
42.0912
41.2959
40.8114
41.0279
40.4463
39.4516
39.0481
41.0346
39.9512
39.9034
39.3043
39.3765
40.5018
39.1416
40.1080
40.1728
39.9308
42.1945
40.0476
39.0301
40.4005
40.4859
40.6983
41.3094
40.1568
39.3755
39.7385
39.6765
38.8056
37.9234
38.8191
39.4330
39.5156
38.3460
39.9297
39.8370
40.0443
39.9890
39.7139
39.4406
40.9036
38.2928
39.3196
36.9842
37.7125
39.4872
39.5619
40.4719
38.8857
37.6218
37.3933
37.0267
38.1868
37.9168
37.8553
38.3498
37.4796
37.7277
37.6667
39.0570
38.9045
40.4327
40.9530
41.4545
42.6116
41.8594
41.2158
40.6158
39.9326
39.4592
39.1025
38.7579
38.8896
39.4945
38.4312
38.3264
38.9429
36.2714
37.0277
37.0870
36.4345
36.4223
37.5308
38.2541
36.3378
37.4741
36.9234
36.8487
37.7215
38.1907
37.2440
37.3214
38.3344
39.5119
39.2250
38.3573
37.4621
35.0895
37.0829
37.0988
39.7085
40.1552
39.6388
39.8334
39.9505
39.0004
39.2522
39.8983
37.6733
38.5007
39.9688
40.5832
41.1905
41.5286
41.7594
41.8606
43.2248
41.6005
41.3686
40.3156
40.5027
39.3348
39.9158
39.3547
38.7639
38.2474
37.3469
38.6295
38.1535
39.0415
41.6924
40.4085
39.6526
37.7663
38.5363
38.3352
39.6546
39.4350
40.6659
40.8969
39.8570
42.3007
39.6279
40.8022
39.9218
39.2115
38.0998
38.4984
38.7187
38.4224
38.6026
41.4989
40.1135
39.3067
38.8951
39.1722
37.8509
38.0957
37.9567
38.0039
38.2330
39.3647
37.2787
37.5139
38.2481
39.4601
38.8448
38.5749
39.2386
38.3820
40.3741
40.3941
39.6527
39.0711
38.6844
36.4345
37.4459
38.8890
39.0363
39.0543
36.8567
37.3647
37.6138
38.8428
39.7546
38.2089
38.4223
38.4090
37.1336
39.0335
38.5410
39.5898
40.5973
39.6132
37.9686
39.4260
40.2570
39.7148
40.5406
40.6978
40.9046
41.1307
41.4996
40.6687
39.4587
40.6976
42.2346
42.5245
43.5940
43.5749
42.0472
43.1999
41.8578
41.1020
41.7465
41.6100
42.1206
42.9219
42.0344
43.0535
41.8718
42.0945
40.5197
42.8194
41.8377
41.4007
41.0516
40.9184
41.6483
41.0430
40.9595
40.4914
39.7627
38.8420
38.4172
40.3103
40.7015
40.9506
39.5094
38.4333
39.1899
38.3622
37.9745
36.6469
37.0379
36.7915
35.1907
35.2800
35.9100
35.3654
35.3911
34.7259
35.6541
35.0701
34.3081
36.0476
35.0784
35.9050
37.0549
36.1274
35.0259
35.5602
33.4865
35.4482
36.0975
36.8321
38.1389
37.0843
37.1531
35.8069
35.9704
36.3805
35.5613
35.9921
36.3027
36.3591
35.7382
37.3961
36.5635
37.1071
35.4981
36.3370
37.4068
38.9465
36.5861
37.3674
36.4390
34.5817
35.0767
36.3292
36.2650
37.9710
38.0739
37.7711
38.6153
37.1438
37.0866
36.0158
37.6530
38.7440
37.2016
38.4204
38.3174
37.9312
36.5231
38.4363
37.2863
38.2708
38.4508
38.6280
38.5865
38.7659
39.5537
38.7171
37.9979
38.8518
38.5507
38.6138
38.9297
38.2036
38.5387
38.4059
37.3901
37.6766
36.5361
36.8992
36.6485
36.0621
35.0735
36.9302
35.9191
36.4009
36.3977
34.8364
34.9468
33.7071
35.1168
33.8833
35.3378
36.0342
35.5433
34.4570
35.1630
35.6092
35.8451
36.1503
35.8274
34.9446
35.2545
35.2998
34.8388
34.8907
32.5752
33.3090
32.7611
32.9719
33.3390
34.7895
33.2579
34.4966
33.1353
32.8162
33.0938
33.6720
34.9203
34.4739
33.8938
34.2691
34.4747
34.0992
34.1634
33.3657
31.9299
32.6988
31.9593
31.0682
30.9815
31.2241
32.3867
31.1367
32.1525
32.5541
33.6860
30.7024
31.2873
32.1994
32.9535
31.4476
33.1141
34.1889
33.0468
31.6966
31.7733
32.3482
31.6679
31.4579
30.6496
30.3288
30.5122
30.4542
30.4571
30.2924
28.9252
29.8058
30.0634
28.9750
28.9045
29.0584
29.2593
29.6435
29.1565
29.4575
30.3347
29.3030
29.6740
28.5891
29.8232
29.7485
29.3006
29.9506
29.1388
26.6862
27.1048
27.7163
26.9757
26.7435
27.0695
26.9125
27.9145
27.8870
28.0670
29.0497
27.9705
28.9091
29.7413
30.1912
29.4243
29.7914
29.8251
28.3633
27.4115
27.4985
27.3064
27.1969
26.7892
27.6277
26.9039
28.0426
25.8179
26.3783
26.1755
26.4778
26.1362
27.2502
27.8216
27.2251
26.7997
28.2099
26.9269
27.8200
26.7169
27.0620
27.2357
27.7452
27.6452
27.5282
27.3297
26.9046
27.0453
28.0642
29.0667
27.2156
27.1195
27.4454
26.4604
26.2309
26.1124
25.7650
25.9980
24.6661
25.5162
26.6806
25.8441
26.4870
25.8481
24.7407
25.0327
26.5138
26.2216
25.4341
24.7182
26.1083
26.0822
25.3758
25.7405
26.2951
25.5757
25.7764
27.0014
26.6444
27.0321
25.9986
26.7795
26.3407
26.1552
25.2221
25.8378
27.6846
26.8097
28.8970
28.4330
26.9364
27.4543
28.2376
27.0044
26.5627
28.7947
29.8897
29.1119
26.6627
28.1643
27.0460
28.6958
26.9675
24.3093
25.0056
25.6554
25.4990
26.4769
26.3145
26.3681
27.9148
26.8700
26.2348
25.9342
26.9826
27.8229
27.3498
27.4182
26.8101
28.0612
27.8679
30.1945
29.0759
30.4290
27.4853
27.8682
29.6556
28.7055
28.6723
30.3920
31.7244
30.8490
29.2186
28.9791
28.1858
26.6312
28.4531
29.2688
28.5239
27.0567
26.6417
26.9770
27.8484
27.4931
27.4519
27.1585
26.7061
27.5775
29.0266
27.3581
28.0745
27.3407
26.2629
26.6648
26.4052
27.0943
27.0768
27.1028
26.7702
27.3444
27.3129
27.2151
28.0829
27.8271
27.2353
26.3896
27.3676
26.9241
26.2991
27.0560
28.5804
29.3879
29.7909
27.9791
28.2597
27.6859
27.6802
26.2969
29.4941
28.9341
28.3471
28.2359
27.6487
27.3673
27.8116
26.5873
27.7736
27.7324
27.6781
27.2320
26.8102
27.6624
28.3404
27.0310
27.8960
27.1250
26.2147
27.9708
27.8066
27.1969
27.8227
27.2958
27.4665
27.7932
28.4122
28.3308
28.0768
29.6257
29.4081
28.7539
28.6791
28.4175
26.8228
27.9259
28.0666
27.0918
27.1431
26.9762
27.0813
26.9276
26.5678
26.6753
27.2473
27.1489
27.4439
27.2900
26.4764
26.1298
26.1336
26.8339
26.1736
26.4048
26.6655
25.7576
25.6887
25.5653
25.5177
25.1295
25.7207
23.7206
21.3241
21.7908
21.6244
21.1090
22.5350
22.2823
21.4119
23.0606
23.5275
23.3810
22.5741
22.7712
22.1242
21.7834
22.9544
23.3792
22.4577
22.2052
20.1910
21.0481
21.9605
22.7353
22.8614
23.3171
23.6450
23.9756
23.3074
23.2049
22.2723
21.7674
22.0439
21.3771
22.4188
22.2435
21.1598
20.3538
20.8041
20.5109
21.8622
21.9670
22.2919
21.2905
21.1803
21.5870
22.6340
21.7263
20.5714
20.3677
21.1055
22.5693
21.7813
22.1747
24.5890
23.3748
21.9630
23.2087
22.7949
23.4078
22.9828
23.4408
22.6548
22.9659
23.5297
22.5273
22.6009
24.2256
24.5146
23.4965
24.3608
23.8619
23.1032
24.3356
23.8341
22.9469
23.0236
23.5089
24.5755
23.4041
23.7552
23.1910
22.7097
23.1081
23.5510
24.4281
23.1796
23.7208
24.4812
24.3235
23.9884
23.9496
24.3362
24.3508
24.4807
23.8462
23.7304
23.2838
23.9350
21.8111
23.7222
24.2506
24.3012
24.1388
24.9032
25.1664
22.8784
23.6773
25.1337
25.2103
24.6278
24.7069
25.8754
26.0185
24.2295
25.9737
24.5565
25.4339
24.5594
23.6803
23.2068
22.7759
22.4177
22.3172
23.1256
21.9906
22.9406
22.9105
23.6391
24.2141
22.4639
22.6406
22.5168
24.0083
23.5875
22.4571
21.9659
21.5100
21.1976
22.3037
21.8314
22.6732
23.3291
23.2955
22.3545
22.8543
23.2743
23.2983
22.5202
22.1337
22.6592
22.8655
22.4369
23.0242
23.6060
23.9449
24.8119
23.5065
25.2945
26.0425
24.0320
24.4061
23.4047
24.7973
25.3087
24.3446
23.0667
24.4212
24.1628
24.0309
23.0229
23.0581
22.0584
21.7957
23.9117
23.8123
23.7382
24.4049
23.9288
23.4606
22.2475
23.3234
23.4010
22.6495
24.8335
24.9807
25.3081
24.9865
25.6147
24.8272
25.6364
26.7338
25.7864
25.9952
25.7766
26.7449
25.9730
24.0195
24.2795
25.3555
25.4214
26.1574
27.0636
26.7066
26.1151
25.6976
26.6221
27.0608
26.3786
26.8891
27.3508
26.3440
26.3790
25.8360
26.9652
26.9233
26.5622
27.0645
26.9785
26.7894
26.0537
27.3262
26.7459
27.2821
27.3131
27.1840
27.8890
27.3098
26.5258
26.6267
26.0734
28.1709
25.7011
26.2799
25.6832
26.5326
26.3111
27.8795
28.1869
27.7419
29.0095
29.4366
27.6529
27.6291
28.4948
27.4300
27.8840
27.2564
28.4734
27.8284
26.1904
26.0895
26.9009
26.2860
26.9776
26.9315
27.0067
26.3117
26.8329
26.7448
26.5388
26.6306
27.5027
25.9366
25.7854
25.6507
25.8318
26.0151
25.6246
26.0971
26.5873
25.0470
24.7495
25.4453
24.8476
23.9106
24.4475
25.9582
25.9694
25.1130
25.5720
25.9912
25.5329
26.2430
27.1535
27.5306
26.4080
25.1107
25.8067
26.6198
25.9273
24.6104
24.5438
24.0528
23.9794
24.6935
24.2064
25.4927
24.6278
23.3960
24.3560
23.8574
24.3210
23.9937
24.7412
23.3465
23.6744
23.3482
24.1608
24.0412
23.1984
23.7777
22.5661
22.8940
23.4337
23.7484
22.8120
22.5318
22.1575
21.3759
22.6652
23.3341
22.7766
21.9761
22.4720
22.6057
22.4436
21.5838
22.6162
23.6367
23.8701
22.9437
23.0323
24.5140
23.2638
23.6349
22.1272
22.6886
23.3075
22.7757
21.6400
22.9827
23.2965
23.5120
24.5575
24.0769
22.3580
22.7466
22.6061
22.4123
22.5751
22.1124
21.4767
22.4962
23.4372
24.2256
23.7470
23.8381
22.6629
23.1886
23.4325
22.6342
22.9595
23.3011
24.8508
22.4878
22.3268
22.1861
22.6463
23.2541
24.6351
24.2296
23.4250
23.0046
22.4774
22.3307
22.7422
22.7465
22.5085
22.6669
23.4611
23.6636
23.1874
21.9496
25.0205
23.6537
24.1848
23.8165
23.5099
24.8545
22.0492
22.8769
23.0791
21.8500
22.3823
22.7989
23.2237
22.9137
21.1257
23.1296
22.7239
22.0435
22.1034
22.1507
23.1175
22.6139
23.4146
23.3220
23.1205
22.0642
23.5674
22.3858
23.7294
24.0788
23.5004
22.9216
23.3040
23.7364
23.2931
22.8781
23.3799
24.0389
22.8967
23.2185
23.5901
22.6527
23.8953
22.6188
22.7029
23.0016
22.0931
22.4432
21.6650
21.9407
22.0751
21.8159
21.8994
21.1661
21.5481
21.2065
22.5402
21.3833
23.0113
22.9624
21.8882
22.5614
22.7871
21.3448
21.4073
20.4194
21.0766
21.5214
22.0938
22.9128
22.1140
22.7772
23.9855
25.0988
23.6627
23.9542
23.2958
23.5089
23.9877
24.5631
26.0163
25.0863
26.3180
25.3671
24.4146
24.5900
25.2636
25.3772
25.7458
24.8481
25.3008
25.4662
26.0617
25.7642
24.1955
24.9507
24.0847
23.2698
21.0144
22.4078
24.1745
24.5751
23.2263
24.3870
25.2503
25.1496
25.6653
25.0414
25.9600
26.6620
25.5485
26.3817
25.1756
25.1979
24.4156
25.9946
25.2183
26.8744
26.9633
26.6467
25.9744
25.4697
26.7303
25.6220
27.0533
27.8285
28.7182
27.6322
28.3770
28.0009
29.0675
29.1565
29.4380
29.6047
30.2100
29.4444
29.6302
30.0407
28.5761
28.0561
26.5920
27.1706
26.7357
26.3953
27.6844
27.7112
27.3452
27.9206
27.7428
26.3299
27.1491
28.1432
27.3846
28.1261
26.7503
27.2303
27.8206
28.5145
29.8394
29.2053
28.8423
29.2622
29.2382
29.4692
28.6081
28.4373
28.7325
29.3607
28.9706
27.7904
28.1896
27.4659
29.2564
27.8536
28.5636
29.3264
28.4567
30.1550
29.5379
29.2737
28.5193
28.4594
28.0763
28.1768
27.7107
27.5983
27.9617
27.0533
25.3989
26.2849
27.0268
25.4918
25.9289
27.1848
27.3968
27.1543
26.2289
27.6660
26.9937
26.4579
25.8315
27.7715
28.6249
27.1994
26.4165
26.4644
27.4246
28.8774
29.5618
27.5221
26.6826
26.8947
25.9145
25.8693
27.0225
26.7086
27.5504
27.2705
28.5154
28.1446
28.5639
27.4354
26.9224
27.6396
28.5672
28.3918
27.7262
25.2821
26.3925
26.0021
26.5432
26.3155
27.4174
27.5703
27.6821
28.5525
27.1259
26.8681
26.4685
25.6808
24.7632
26.2717
25.7421
25.6750
23.9368
23.3424
23.8896
23.4497
23.7846
24.2507
24.1663
24.3344
24.4646
24.1180
24.8778
24.4065
24.0386
23.0447
25.9716
23.8426
23.9789
24.9766
25.0724
25.1728
24.3519
25.6119
26.0936
26.2161
26.3015
26.4791
25.8216
26.4006
27.0692
26.2026
25.8293
26.0822
24.7219
24.2043
23.8284
23.4598
24.2049
23.1210
25.1637
25.4347
25.3943
25.2580
25.7663
25.7467
25.3312
26.6274
26.2378
26.7417
26.8012
24.9023
25.8580
26.8633
26.1782
26.7343
26.3343
26.5912
25.2730
26.7171
25.4329
24.2785
25.7154
24.8858
23.1296
23.4614
23.8320
22.4259
22.0000
22.8483
22.9119
23.6025
22.9283
23.7597
24.2204
23.6980
25.0947
24.1051
23.9435
24.1267
24.0337
24.5173
24.0178
22.9810
23.0933
25.2875
23.8119
23.7440
23.7258
24.2879
23.7048
23.8074
25.0752
25.2392
24.0807
24.1686
24.1345
25.4930
24.2163
24.0147
25.0095
25.4441
26.6242
26.8960
26.5192
27.7751
27.9169
27.9264
28.8286
25.7575
26.2704
27.0866
27.7775
27.8970
27.7803
27.0100
27.1120
25.8523
27.3192
28.1448
27.7366
28.2804
28.1028
27.6212
27.3363
27.6903
28.2762
27.8709
28.2906
28.8060
27.6313
27.8636
28.9866
26.4451
28.3600
27.3264
27.4058
28.7400
28.7922
27.8549
27.9535
26.7512
26.7353
27.2615
26.7534
26.0581
26.3318
26.2672
27.1228
27.1457
25.6520
24.8485
25.9583
25.2720
26.0691
24.7085
26.5318
25.7702
26.8817
27.4313
27.2386
27.5931
27.6732
27.1475
27.3879
26.9531
27.4898
27.1332
26.5102
28.6834
28.2029
26.4097
26.1388
26.1920
25.3319
25.0085
24.1394
24.2044
23.5119
24.0336
25.3441
24.1964
24.0360
24.2029
25.0983
25.9850
24.4666
24.9867
23.9929
24.0318
24.3981
24.4927
24.4390
24.2787
25.5064
25.7205
24.0012
25.0307
24.3525
24.4251
23.1102
23.7691
23.5593
23.3399
24.4809
24.5681
25.3145
24.9353
25.4947
24.6161
25.5419
24.5358
24.5295
25.2567
25.2419
25.0761
25.5612
25.3309
25.6312
25.2705
26.6716
26.9102
25.6656
25.8503
26.5377
27.4018
27.8466
27.4634
25.9252
27.3779
25.5937
26.8542
25.4696
27.2965
27.7629
28.9616
27.5950
27.2732
27.2487
26.3386
26.8139
26.5787
26.5500
26.0256
27.5902
26.7905
26.9675
26.3341
24.4059
25.1535
24.8492
25.6044
23.9964
25.1057
26.0798
25.3159
25.1272
26.5668
26.4558
25.7854
26.9627
27.4224
26.5052
26.6461
26.2555
25.6183
27.3083
25.4455
25.0687
24.7270
23.6752
26.6764
25.6043
26.1463
25.0998
25.5206
24.0086
23.8986
25.3403
24.4265
25.0766
24.0960
23.5174
24.7384
23.9426
25.0496
24.3994
24.8192
26.0215
25.6529
26.4358
27.2350
26.3930
26.4152
27.2248
25.2594
26.1917
28.5925
29.5207
28.6134
27.3977
27.4860
25.8875
24.5514
24.3189
26.2774
25.8680
25.6165
26.0595
27.2046
26.4386
26.5928
26.3117
26.1256
26.4301
25.4215
25.8566
26.7027
27.3459
26.0966
25.9882
24.9636
24.9386
26.0944
24.5803
25.5149
25.6524
25.8820
26.5774
24.9927
24.8486
24.7259
25.9208
25.3381
24.7782
25.8902
26.3370
24.8669
24.9329
25.2599
24.7191
25.3603
25.3615
25.4032
25.4594
24.1332
24.6163
25.4069
25.1417
24.7247
24.1572
25.4453
25.6776
25.9585
26.4472
25.7778
26.5314
26.1317
25.7001
25.7206
25.5126
24.8338
24.2518
24.2722
25.6858
25.0268
25.9394
26.1308
25.8910
25.5013
25.5271
25.0057
25.0253
24.3856
24.4994
24.1427
24.2106
24.5799
24.9622
25.1309
24.5775
24.8183
24.3128
24.1947
23.8053
24.2017
23.4451
23.9986
25.1176
24.8553
25.3328
24.9893
25.8741
25.3263
24.8525
24.7776
24.8384
25.1796
25.6041
26.4002
25.4811
25.6429
27.0619
27.2216
27.4299
27.0262
26.6834
27.2363
25.7596
26.9190
26.8931
28.2299
28.5789
27.9772
26.7276
27.2813
25.4871
24.6180
25.0802
24.6952
25.4691
25.5625
26.1141
25.6671
26.6517
25.7017
25.8566
26.4493
26.2796
27.1962
26.9173
27.8068
28.1523
26.3263
28.2076
27.5653
27.7764
25.8690
25.9437
26.3788
27.0700
27.2325
26.6760
26.3892
24.3807
24.7422
24.9842
24.3166
25.7663
25.5150
23.4111
25.2923
26.3440
25.4230
25.8962
26.1062
25.0128
25.6656
25.5359
25.2928
24.9245
26.1266
27.5046
26.8359
24.3188
24.9238
24.8489
25.7680
26.1907
26.3231
26.0321
25.7316
26.5590
26.7836
26.6822
25.4097
26.2223
26.3654
25.5336
25.3724
24.4907
24.6636
25.1203
25.5467
25.3140
26.3809
26.3840
25.9688
26.1711
25.1875
25.3260
25.1192
23.9683
24.5602
25.6919
26.0512
26.7512
25.8670
26.7849
26.2725
27.5621
26.0568
26.0582
26.8370
25.9442
25.7175
26.4139
25.6313
25.5350
25.5233
26.2716
25.4096
26.0348
26.0924
26.0641
25.8964
25.6496
25.8983
27.0903
25.8743
25.5505
24.5183
25.8208
25.7948
27.1148
25.4190
26.0101
25.1897
26.0213
25.9548
25.7999
25.1697
25.0748
24.9702
25.8039
25.8296
26.0126
25.6463
25.0947
25.4039
24.9970
24.7897
26.3492
25.1791
25.3114
26.3507
27.3233
26.5160
26.1370
27.0633
26.0929
25.8751
27.1781
27.1481
27.0890
27.3259
27.6393
26.4606
27.2462
27.4975
26.7071
24.9345
25.6641
24.9062
23.5615
24.8941
26.4945
26.9148
24.7844
24.9587
26.2780
25.7004
25.5043
25.5975
26.9563
26.8063
25.6117
25.4248
27.2136
27.6463
26.6997
25.5679
26.3767
26.4492
25.6813
25.5586
25.7960
25.5559
23.9555
24.4085
24.8847
24.1294
24.8513
24.1079
24.4625
24.7185
24.5869
24.6340
24.9197
25.7402
26.4113
25.8224
25.3588
25.9094
25.9505
26.8275
27.0638
25.9331
26.1412
25.5151
26.1160
27.2682
25.4632
26.0823
26.4630
25.0712
25.7354
25.4099
25.3997
24.8477
25.9942
26.3777
26.1932
24.8805
23.6843
25.8015
26.6193
25.9326
25.6242
26.1263
25.3717
25.2135
25.3156
26.4943
25.5103
25.3519
26.3093
26.4014
26.5174
28.1593
28.0242
27.6300
26.0508
27.1557
27.0784
27.3748
26.6916
26.5057
27.3229
25.7297
27.3321
25.7787
25.2223
24.6600
25.4831
25.7549
25.8612
25.9600
26.1515
25.7905
25.4258
25.2662
25.0817
25.6935
26.4193
25.1460
24.6825
24.4728
24.6804
24.3729
24.1765
23.8627
23.3740
24.0555
25.3782
24.9612
24.2850
24.7813
24.7085
24.8773
23.8799
23.5148
22.7825
22.7315
24.6205
24.7006
24.3024
24.7169
24.4583
24.7116
25.3560
23.6354
24.3434
23.7212
23.5936
23.6244
24.4894
24.6709
24.9352
24.6677
24.5346
25.1674
24.9427
24.7727
24.2207
24.1676
24.2862
25.0222
25.1229
25.2283
24.6590
24.7153
24.0090
23.8445
23.1830
23.7095
24.1340
23.5932
22.7972
22.8212
21.9492
22.6327
23.1593
23.5228
23.0466
23.8987
23.4392
24.0799
24.2604
24.3470
23.9293
24.8509
24.2328
24.6010
23.4713
24.6634
25.2676
25.0071
25.3146
25.5267
25.3514
27.3917
26.4890
26.6301
26.2877
26.3944
26.0716
24.8661
25.0792
24.8460
25.7169
25.7143
23.9224
24.8598
24.3047
24.7035
24.5230
25.1188
26.2919
26.1995
26.8672
24.6892
25.6942
25.9279
25.2623
25.0845
24.2494
25.5484
25.7985
24.7321
24.9996
25.0077
25.5834
25.8811
25.5898
26.3281
25.3528
24.6617
25.5164
25.1602
28.0967
26.4127
26.5275
26.5427
26.7182
25.1649
24.5131
23.9314
24.2261
24.1177
25.3141
25.0379
24.2419
24.5596
25.2194
24.2942
23.9355
24.3385
23.4873
23.3781
24.6911
25.6602
23.8419
23.3730
22.9244
20.7049
20.6885
22.2714
23.4409
23.6840
24.5595
25.7668
25.4347
25.8400
26.0596
24.6403
26.2181
25.6474
24.8803
24.9593
25.7838
23.9121
24.4235
26.5348
25.0732
24.5602
24.9104
24.8613
24.9192
25.6033
24.9797
27.0930
26.1708
26.7689
27.1923
27.4457
27.4649
26.9350
26.5725
25.5471
25.6776
26.0381
26.7912
28.7056
28.1460
27.2050
28.8697
27.8017
29.3643
28.0918
27.4834
26.9579
28.5029
26.6894
28.0734
26.9973
28.4410
28.1590
27.4564
27.2062
27.4831
26.9268
25.2543
24.7627
25.7305
25.5337
27.1363
28.3549
26.5754
27.5414
26.7608
29.5128
28.8891
28.2432
28.5074
28.4761
28.6843
27.7331
28.2705
28.7672
29.8150
30.1992
30.5490
29.5954
29.4545
29.8882
30.7403
30.7255
29.1721
30.0074
30.0371
28.6286
29.3363
28.5655
28.2784
29.3220
28.6400
27.1837
26.3810
26.9625
28.4353
28.6959
28.7514
29.6240
27.6775
27.5765
27.7789
28.6124
27.1630
26.4407
27.4503
27.2403
27.1453
27.4922
27.5621
27.3017
27.1215
27.5090
27.5459
27.9811
28.7324
29.3848
28.0257
25.9545
26.7247
29.1553
28.8119
27.9037
28.3341
28.2555
28.5645
27.0540
27.8201
28.9086
26.4941
26.9212
26.0813
27.7302
27.1650
27.2054
27.0133
26.0932
25.9908
26.4233
26.8123
28.0581
29.2809
29.4432
28.7858
28.8292
28.8602
28.2041
27.8276
28.0550
28.3191
28.0938
29.0668
26.7169
28.0906
27.2736
26.5192
27.3818
27.6914
28.4459
28.0442
28.8698
27.6079
27.4027
28.3914
27.7728
26.8762
27.1337
26.9472
28.2499
26.7235
27.4490
27.5381
26.5919
29.0639
29.3642
28.0100
27.4510
26.3385
28.0084
27.4679
28.1644
29.0772
28.9960
28.7707
27.7942
27.4026
27.6983
28.0389
27.5250
28.0572
27.2390
27.4955
25.8838
27.3474
27.6418
25.6704
25.8885
25.7591
25.9081
26.4781
25.9844
27.1171
27.1522
27.8535
28.1029
28.7823
29.0611
28.7753
27.9419
27.4602
28.1507
27.8893
27.5074
26.8943
27.8284
28.7490
27.9893
28.8215
27.5873
27.7464
27.2076
27.0468
28.6643
28.2587
27.4915
28.0911
27.9817
29.4314
28.6289
29.3392
29.3775
29.5247
30.2709
29.7366
29.8880
30.1194
30.1160
30.3627
30.2112
28.8679
29.9018
28.8530
28.9372
29.2825
28.0632
29.6246
29.2742
29.6039
28.3853
29.5914
30.5837
28.6383
28.6661
29.1383
31.2013
30.1893
30.2271
30.0551
30.0153
31.5569
30.5071
30.1052
30.5606
29.0947
29.4231
28.9320
30.2685
29.8682
29.3887
27.3566
27.6025
27.2527
28.3146
28.9910
29.2714
28.4490
29.2517
28.3937
28.4104
28.7860
28.9548
30.1051
28.6309
29.4857
29.1842
29.5913
29.7374
29.4922
29.3691
27.7009
27.8512
27.8805
27.9722
27.8782
29.2833
29.0256
30.1436
29.8073
30.2898
29.5924
29.4756
29.6308
29.7349
29.7475
30.9229
31.9477
33.0260
34.0375
34.4690
32.5387
33.3368
33.8248
34.0947
33.3957
32.9745
33.1697
33.4631
34.1577
34.4036
34.6040
34.5234
34.1448
34.0084
34.1828
34.1190
34.5578
34.0923
35.1249
33.9235
35.0321
33.1976
32.6227
32.9650
32.9774
33.0485
33.6466
33.5342
32.5270
32.5337
31.1957
31.7536
31.2046
32.4885
32.7513
32.0226
31.2253
30.9479
31.2129
30.8617
31.4473
31.5742
31.1968
32.1650
33.5882
32.7123
32.5711
33.3366
32.3590
32.8655
32.7097
33.0985
33.5003
32.3503
31.8602
32.9600
32.8858
33.1022
33.3808
31.8785
31.0140
32.1741
30.8867
32.4995
32.1327
32.5604
33.3749
33.7500
32.9557
33.2540
32.2159
32.8197
33.4163
33.1343
35.1098
35.8426
34.9009
35.0593
35.8104
34.5274
36.1144
35.0942
35.8102
34.3071
34.9994
34.2594
33.7483
34.1885
35.4217
35.3204
36.7694
35.2457
36.0130
36.5416
35.8462
36.0617
36.6351
36.2443
36.2322
36.5149
37.0730
36.3964
35.6636
36.3766
35.7926
35.9692
36.5864
36.5127
35.2807
37.1753
35.6831
36.8596
34.9343
37.2660
36.4087
37.0223
36.5358
38.0590
36.4241
35.7937
37.2883
36.0234
36.6534
36.2452
36.2832
36.3661
35.1943
36.2056
35.2351
36.4662
36.7381
37.4099
36.3557
35.0198
36.0640
35.7293
37.2217
36.9388
37.4099
36.9513
38.1386
38.1453
37.5024
38.0183
36.7470
36.8982
36.9361
37.6577
37.7692
38.9592
37.9024
38.0780
39.0111
38.2835
39.2392
37.8995
36.9851
36.0625
38.8145
38.1518
36.8757
35.7713
36.7448
36.5210
36.0305
35.5303
34.5835
34.5898
34.0224
33.2171
35.1248
33.8703
34.5556
32.6626
33.0745
32.6425
33.3808
33.5711
34.2536
33.8663
33.6280
35.7768
34.4467
33.6483
33.9759
34.1186
34.1373
33.6798
33.9180
33.2294
33.5589
33.5319
33.5640
33.5362
34.2171
35.2769
35.9064
37.5094
36.0927
36.7155
35.7521
35.9286
34.4378
34.3740
36.0067
35.2370
35.8542
36.2592
36.4408
35.3575
34.4642
35.4371
34.6110
34.7113
34.1512
33.9233
36.3499
35.1175
37.6319
37.5107
38.0019
37.4656
37.5189
37.0466
36.9417
35.6462
37.1818
38.0931
37.4501
38.4586
37.5048
38.6298
38.3229
39.4097
40.1175
39.3655
39.3868
40.0129
39.8311
37.3253
38.1912
39.3896
40.3936
39.9576
40.1586
39.0446
38.8326
39.6993
38.3171
38.5589
38.9325
38.9709
38.2206
37.8146
36.7717
36.9605
36.8053
37.6330
37.7811
36.2187
34.8429
35.3018
34.7371
34.0345
33.5246
34.0551
34.5265
33.3970
33.6823
34.3515
34.4265
34.6049
33.7090
34.9259
34.3739
34.9192
35.8913
36.6672
36.3046
36.4245
34.3399
35.4774
36.0938
36.4837
34.8270
35.0414
35.9088
36.4359
36.6361
35.7022
36.2311
35.3180
33.7574
33.7533
32.8330
33.9038
34.6146
36.3446
35.6271
35.5077
35.2890
36.0405
36.5834
35.5486
34.5710
35.7097
34.2810
35.6849
35.6604
35.3631
36.3610
35.8616
36.3287
36.4866
36.5650
34.6248
36.0156
35.3216
36.1583
36.2920
34.2147
35.3548
35.1818
35.1240
35.4722
34.9316
34.2239
34.6565
34.0736
35.0099
33.9090
34.8265
34.0192
33.1904
32.5016
32.0219
32.2628
32.9712
33.9466
32.2395
31.7088
31.4145
32.5476
32.5076
33.3024
33.1390
33.7980
34.1749
34.4537
35.4593
36.5137
34.8201
34.3325
34.2581
34.5646
33.3192
34.1210
34.3723
33.7671
34.8987
33.4074
33.6660
33.4144
32.4866
33.6459
34.0438
34.2235
34.4374
35.0066
34.2938
34.3202
34.2193
33.3613
32.5035
33.5318
34.1402
35.2949
36.6969
36.7719
35.4733
35.9908
37.0953
37.4123
37.0269
37.7144
36.8748
37.0748
38.1404
38.0629
37.0318
36.7759
35.7270
33.7866
34.3181
34.1411
34.8207
35.0540
35.6920
34.3432
34.5158
34.2676
34.6842
35.5566
36.0982
35.4369
36.2886
37.4531
35.7579
36.7388
37.0358
36.6400
36.2629
36.3546
35.9737
35.1653
35.7913
34.9006
35.4638
36.2431
37.0094
36.5234
37.6105
37.6447
37.3792
35.7751
36.3138
36.3004
35.8087
35.1656
35.4462
35.7694
36.4216
35.8372
36.4824
36.3491
37.5708
37.2576
38.4725
37.6750
37.8436
37.2018
36.4199
36.7695
36.7323
35.5848
35.9131
35.9928
33.8830
35.7543
36.5257
35.2319
35.5835
35.6593
35.9944
37.7572
36.6258
37.7268
37.7037
38.4932
38.2382
36.9472
37.2681
36.5516
37.1111
36.4305
36.9679
36.5671
37.2998
36.3014
36.6486
36.9317
36.9517
36.9147
35.7158
37.5549
37.8470
36.9453
36.3575
35.9809
36.1154
36.0556
35.4559
35.2176
35.7749
35.2873
34.3000
34.8353
35.2943
33.7081
33.5689
33.5099
33.7087
33.3680
33.6058
34.6204
35.1176
37.2850
36.9722
36.1205
36.9857
34.7559
34.4916
35.4838
34.5533
34.4738
34.1160
34.3638
35.9349
35.1515
36.0026
34.5922
36.0587
36.2219
37.3448
37.0334
36.7482
36.3381
36.8888
36.9028
36.2106
36.0675
35.0085
36.1525
36.7339
35.9489
36.3506
36.5165
38.3944
38.3492
38.5023
39.0847
37.8160
39.3604
38.5188
39.4492
38.8494
38.5572
37.9759
38.7433
37.7686
38.2101
38.1325
37.7948
39.5371
39.1750
39.3642
39.2454
38.6726
39.7895
39.5101
40.5981
39.1729
40.1288
40.3162
39.9327
39.0969
38.3506
37.1995
37.6727
37.3724
37.1352
38.9073
38.2362
39.0804
38.9362
39.1808
39.0748
38.3029
37.0881
36.9118
38.1772
37.9138
37.6583
36.7166
37.5537
36.6378
36.9027
36.4934
37.5707
37.0242
38.2002
39.0277
38.5345
37.6077
36.3693
37.3673
36.6904
37.9932
36.4983
37.4347
37.6829
36.5263
36.0487
37.1022
37.5662
37.5367
39.4470
40.0981
39.3768
39.9911
40.4291
39.8871
37.9793
40.1861
40.1977
39.1703
39.9253
41.4460
41.0517
41.7007
41.8322
41.1728
41.3202
40.9611
40.5636
41.6188
41.2002
40.0447
41.9462
41.7977
41.5913
40.5202
41.7290
41.6920
40.9430
41.7704
40.8229
40.4143
38.8998
39.5335
39.4813
38.8530
37.1738
37.3594
38.5411
38.0519
37.5506
37.1012
37.8818
38.4048
36.1812
36.6273
36.6938
37.4244
36.4700
38.0783
37.3969
36.4416
36.5729
38.1269
38.0083
37.2677
38.0948
38.0337
37.8868
38.7473
39.4631
39.4203
39.0642
38.6917
38.4188
37.9365
38.4355
36.9710
38.1869
37.5063
38.2545
37.4578
39.0074
38.1052
36.7969
38.3789
38.2631
37.5166
38.1105
39.2651
38.2289
38.3874
39.3233
40.0256
38.9253
39.1277
39.2454
37.6204
38.1723
37.8783
36.8385
36.5392
36.4768
38.2058
37.6930
37.7130
36.8223
37.8717
37.4270
37.8781
37.8074
36.0082
36.6524
37.1603
37.8245
38.8201
38.0882
38.2647
37.7338
34.7344
35.8705
36.7396
36.0518
36.1760
36.3508
36.0087
37.0060
35.9369
35.5024
37.1425
38.1220
37.1014
38.5042
38.4705
36.3342
37.0364
37.0268
37.2947
36.8905
37.9223
38.2679
37.3897
37.1349
38.2294
38.9845
38.2037
38.4727
38.3544
39.4592
38.8169
37.8223
38.7649
37.9839
37.6774
37.6813
37.5595
36.4319
37.7249
37.1029
37.1354
35.9795
36.7442
35.2020
36.5578
36.0738
36.2883
37.4599
36.8626
37.9609
36.8940
35.4996
35.7956
36.8930
37.4615
36.3800
36.8438
38.4191
38.3732
38.7942
37.7357
37.6193
37.7046
37.2761
37.3907
37.7898
39.3617
39.3120
38.8658
40.3418
40.4133
40.1938
40.4209
41.3221
40.0586
40.4267
39.6175
37.5507
37.6662
40.1788
39.2560
39.2479
39.7682
38.8640
39.3182
39.4232
38.5067
38.6762
38.1513
38.9880
38.6074
39.2170
39.3831
41.5878
39.9959
41.2304
41.2593
40.4582
39.7646
40.4967
40.9399
40.3778
41.2494
39.2252
39.3098
38.6119
40.6902
37.9250
37.5053
37.9542
36.9206
36.1534
36.8030
36.7279
38.0749
37.4918
37.0534
37.3737
37.4144
36.7800
37.0731
37.4247
37.5490
37.2704
37.7327
36.6954
37.1495
40.1263
39.6677
38.3065
38.9889
37.9384
37.2465
37.1529
38.6293
37.1630
38.2540
37.0503
38.5716
38.3319
37.2909
37.9640
38.4869
38.2124
37.0793
38.0054
36.7703
37.0569
37.3354
36.5499
36.3823
37.0908
35.4108
36.2183
35.8755
36.4420
37.9969
37.2017
37.8152
37.7491
37.4632
36.7866
37.6950
36.7267
36.9817
37.2201
37.1915
37.3730
38.2356
37.4958
36.9631
36.7760
35.9858
37.1657
36.6302
36.2147
36.3441
36.2055
36.1205
34.6390
34.2254
34.9973
35.7471
36.5816
37.3294
36.5756
36.5241
36.2888
36.1782
34.9145
34.5342
32.3118
32.4007
34.8694
33.9878
34.5447
35.7429
34.5952
33.8759
33.4715
33.9855
34.7615
33.3377
34.5360
32.5288
33.0894
34.3447
34.1490
35.4729
34.6698
34.6455
36.0549
37.6778
37.6615
38.1403
36.4366
36.2212
35.7646
36.9197
35.8459
35.5766
36.3241
36.3672
35.8305
37.0037
35.6983
35.8684
36.0351
36.2415
35.9524
34.0024
35.0824
36.9406
37.5003
36.7127
38.3842
36.9244
37.2772
37.2020
36.4324
37.5904
37.9936
37.4841
35.9429
36.2416
35.8470
35.0072
37.0561
35.7234
35.9203
36.2356
35.1076
35.0064
36.2162
36.6213
36.6662
36.3283
36.7245
38.1976
37.6324
36.7436
37.4012
37.8860
37.5233
37.8493
38.1174
38.1566
37.3248
37.2332
38.2818
37.0765
36.4604
34.3448
35.6879
36.3326
37.8513
38.6309
37.7663
37.9176
38.3531
39.2764
40.2222
38.5908
38.1590
38.1879
36.6630
36.1814
36.6003
37.9313
36.3782
35.9636
36.8164
35.6812
35.8671
34.9967
37.0839
36.8544
37.0843
38.8953
39.7193
39.8422
38.3347
39.7524
38.1207
40.1443
41.2744
38.1517
40.4474
40.3594
40.2049
40.8302
40.8474
41.3106
40.9810
40.9862
39.9404
41.1775
40.7985
40.9169
39.8944
39.5411
40.6217
41.0577
40.6588
40.4186
38.6820
41.5913
40.6761
40.8418
42.0873
42.1648
41.8889
40.2731
40.5245
41.0066
41.0426
40.0339
38.5273
39.8065
39.6993
37.6154
37.5998
37.3241
39.1300
37.7823
39.6941
37.8855
38.1787
37.6908
38.1457
38.3226
39.1243
38.7032
39.6515
40.5455
42.3201
40.7399
40.2581
39.8517
40.9131
39.3811
39.9376
40.5752
41.1665
40.2008
40.2679
39.7745
39.5494
39.0074
38.8186
39.2410
39.7451
40.2220
39.6518
39.7261
40.1032
39.4810
39.8585
38.9680
38.6785
38.1730
36.8930
39.4903
40.3466
40.3411
39.5833
39.1490
37.5174
38.0375
38.3858
38.8500
40.3392
40.0948
40.9339
41.5608
39.2344
39.4337
39.8531
38.5066
39.8007
39.2032
37.9864
39.5810
40.6153
39.4701
39.7298
41.0235
40.3577
39.4379
38.9451
40.0623
39.8988
40.0626
40.7004
38.8547
38.5687
37.9082
37.1660
38.9485
37.7513
38.2342
38.4693
37.2253
37.6701
38.0659
37.2120
38.0206
37.8557
37.2602
36.7706
37.3360
38.2295
36.5796
36.8354
37.3349
37.3856
37.1232
36.9343
37.4159
38.1952
38.1169
38.6625
38.8625
36.8672
38.4058
38.8611
37.6878
37.8174
38.1054
39.7266
39.1526
38.6256
38.4223
38.7521
38.5273
38.4062
37.5765
37.0560
37.4416
38.9799
39.7482
38.1357
38.4899
38.7385
38.6734
37.4963
37.6478
37.8969
38.9001
37.5450
39.5498
