1.6294
1.6404
1.6286
1.6220
1.3686
1.3155
1.1431
1.4348
1.5218
1.4556
1.5421
1.4682
1.4116
1.5748
1.5657
1.6384
1.3330
1.0376
1.2010
1.3018
1.1944
1.1383
1.2507
1.6952
1.6646
1.6127
1.5721
1.8465
1.7351
1.5768
1.6318
1.4092
1.3920
1.4552
1.3657
1.3491
1.4525
0.9848
1.5116
1.4373
1.3083
1.2124
0.8660
0.7862
0.9772
0.8151
0.8999
0.7182
0.9166
0.6601
0.9682
1.0764
1.0934
0.9783
0.9971
0.9050
0.9710
1.1118
1.1718
1.1626
1.2543
1.0681
1.0227
1.2346
1.4072
1.2705
1.0058
0.9431
1.0104
0.9359
1.1423
1.0775
1.2443
1.1925
1.2587
1.0861
0.8507
0.8348
1.0417
0.7514
0.8557
1.2213
1.4089
1.2590
1.2997
1.2783
1.2364
1.4579
1.5374
1.2999
1.4967
1.4821
1.8556
1.6742
1.6920
1.6334
1.6124
1.6044
1.5051
1.8070
1.8389
1.5706
1.9522
1.6400
1.6668
1.7561
1.6753
2.0596
1.6574
2.0491
1.7613
1.9406
1.9140
1.5726
1.4021
1.6436
1.4048
1.5654
1.7028
1.4014
1.5829
1.6717
1.3741
1.1578
1.5142
1.5903
1.4665
1.3451
1.6035
1.5422
1.8647
1.6777
1.7772
1.3824
1.6360
1.9382
1.8670
1.8237
1.4875
1.3319
1.3392
1.5700
1.4697
1.4043
1.3877
1.6334
1.7379
1.5107
1.7557
1.8860
1.6966
1.9519
2.1988
2.2938
1.9229
1.8844
1.7339
1.7737
1.8468
2.0918
2.3157
1.9218
1.8342
2.0191
2.1306
1.8489
2.4096
2.3525
2.0899
2.1825
2.0815
1.5637
1.7378
1.7644
2.0161
1.6347
1.4494
1.5697
1.9630
1.9777
1.7147
1.5965
1.9520
1.9671
1.9691
1.6796
1.3528
1.3349
1.4132
1.2664
1.6092
1.2610
1.2656
1.6335
1.4194
1.3023
1.1601
1.4586
1.6754
1.5250
1.3024
1.0601
1.0772
1.2260
1.1826
1.1225
1.0155
1.1044
0.8958
1.3455
1.5879
1.4455
1.5974
1.5549
1.6166
1.8375
1.4610
1.3197
1.4614
1.3148
1.2474
1.6705
1.5437
1.4420
1.6085
1.4715
1.6296
1.5646
1.6750
1.5656
1.5661
1.4558
1.5808
1.4283
1.6738
1.5087
1.3234
1.5112
1.5328
1.4010
1.4881
1.3133
1.0778
1.3321
1.4996
1.5421
1.6753
1.4901
1.3910
1.4692
1.3755
1.1298
1.3001
1.3903
1.4645
1.5722
1.2941
1.4579
1.4482
1.4717
1.4816
1.4474
1.5274
1.5053
1.8603
1.2988
1.3382
1.6329
1.4826
1.3889
1.5496
1.3720
1.2813
1.3942
1.2719
1.3506
1.6057
1.4742
1.1904
1.3345
1.1756
1.2226
1.0110
1.3941
1.6128
1.6676
1.7629
1.4376
1.2309
1.4913
1.4105
1.3806
1.3795
1.5346
1.1234
1.1584
1.3690
1.2589
1.1997
1.3835
1.0266
1.2008
1.4351
1.3142
1.4879
1.6099
1.3079
1.5980
1.3322
1.3101
1.2793
1.3626
1.1267
1.0422
1.2880
1.3996
1.2963
1.0057
1.0964
1.1980
1.3665
1.2269
1.2213
1.4505
1.3125
1.2286
1.3498
1.3194
1.2436
1.3534
1.1414
1.2899
1.3048
1.2542
1.3178
1.2058
1.3754
1.5586
1.7454
1.5558
1.6491
1.8658
1.8249
1.5794
1.6556
1.4131
1.2822
1.3487
1.3308
1.3002
1.4832
1.4292
1.3977
1.4128
1.5546
1.9255
1.3603
1.7414
1.6903
1.7743
1.7686
1.4441
1.4975
1.4793
1.4145
1.2982
1.2736
1.5752
1.6299
1.3535
1.6472
1.6952
1.5061
1.4740
1.5420
1.3969
1.3266
1.3186
1.5288
1.6411
1.6075
1.1578
1.3676
1.4675
1.3844
1.3068
1.5306
1.3120
1.2400
1.1437
1.1503
1.2778
1.1494
1.2839
1.5334
1.1762
1.6580
1.3203
1.2893
1.2524
1.1428
1.4165
1.4591
1.3424
1.3328
1.2940
1.3591
1.4180
1.2512
1.1566
1.7798
1.4344
1.6027
1.5922
1.7479
1.4470
1.3712
1.5145
1.3650
1.2703
1.6399
1.5687
1.3895
1.7372
1.7479
1.7614
1.7877
2.1300
1.3999
1.7078
1.6793
1.6472
1.2477
1.3085
1.5067
1.3412
1.3167
1.7170
1.6061
1.6862
1.6742
1.4713
1.0252
1.0936
1.2875
1.6225
1.8736
1.7908
1.5613
1.9718
1.7967
1.8453
1.7795
1.9278
1.8627
1.6280
1.3553
1.5697
1.7822
1.7356
1.3708
1.5954
1.6881
1.6310
1.3430
1.6816
1.3179
1.7743
1.8160
2.0051
1.4645
1.3002
1.6962
1.5246
1.7246
1.5345
1.6539
1.8726
1.8425
1.9508
1.5952
1.8823
1.9275
1.8401
1.8277
2.1697
1.8546
1.9413
2.1310
1.9290
2.0666
1.8424
1.7668
1.7688
1.6119
1.2793
1.4050
1.8005
1.6367
1.6882
1.7643
1.8012
2.1602
1.6480
1.7355
1.9287
1.8444
2.0516
1.9914
2.0567
1.8310
1.9597
1.8204
1.5810
1.8765
1.9206
1.7387
2.0351
2.1488
2.0696
1.9631
1.9205
2.4654
2.6104
2.4117
2.3602
2.1644
2.1503
2.3563
2.2631
2.0967
1.9613
1.9605
1.8342
1.7908
2.0627
1.8527
2.1060
1.9973
2.0718
1.9160
1.7771
2.1273
2.1378
2.0918
2.2140
2.0531
2.0905
2.0511
1.9720
2.0247
1.7784
1.8542
1.9768
2.1115
1.8080
1.9364
1.9520
1.8296
1.8612
2.1356
2.2019
2.0713
2.2238
2.0970
2.0868
1.9962
2.0544
1.7626
2.0630
1.8809
1.7315
1.7714
1.6368
2.0174
1.7546
1.7926
1.9299
1.8890
2.0043
1.8875
2.0006
1.8845
2.0477
2.1154
1.8862
2.0948
2.4359
2.4965
2.3963
1.8767
2.2763
1.9487
1.6929
1.5671
1.5578
1.7954
2.3118
2.3574
2.2182
1.6757
1.8414
1.8035
1.7540
1.9556
1.7430
1.9724
1.9564
2.0947
2.2916
1.8655
2.0789
1.8416
1.8592
1.9224
2.3163
2.5328
2.4075
2.6998
2.3173
2.3759
2.2861
2.5344
2.0616
2.2271
2.2062
2.0571
1.9262
1.3519
2.1112
1.8738
2.0325
1.8349
1.5422
1.7362
2.0249
2.0923
1.7440
2.0848
1.8280
1.7894
2.0747
2.1362
2.2101
2.1677
1.7448
2.1467
2.0315
1.9859
1.9811
2.1199
1.7117
2.0214
2.1146
2.0615
1.8954
1.6884
1.8491
1.8880
1.8299
2.3078
2.6314
2.4094
2.4470
1.7047
1.6132
1.8906
1.7097
1.8321
1.4426
1.5879
1.7708
1.7081
1.6784
1.9799
1.9679
1.7803
1.8142
2.0192
1.5987
1.6930
1.7809
1.8361
1.5228
1.6861
1.7907
1.9138
1.5647
1.1901
1.3369
1.2768
1.3673
1.4397
1.2832
1.5370
1.2961
1.6121
1.3509
1.7060
1.6679
1.7463
1.4342
1.3447
1.4354
1.3238
1.6544
1.8045
1.7968
2.0496
1.6443
1.6251
1.5719
1.8720
1.3946
1.3317
1.2761
1.1440
1.2007
1.1407
1.2836
1.3447
1.1904
1.3017
1.4126
1.3373
1.8918
1.3277
1.4028
1.3602
1.3460
1.3789
1.4642
1.2008
1.6407
1.6391
1.2472
1.1860
1.1140
1.0758
1.0887
1.2885
1.4291
1.3184
1.8629
1.6905
1.4599
1.6198
1.3313
1.6368
1.4926
1.5853
1.2089
1.1357
1.5369
1.4058
1.3516
1.4540
1.3989
1.5415
1.3122
1.4301
1.3260
1.2003
1.1706
1.2873
1.3658
1.2421
1.0522
1.1730
1.2386
0.9146
0.9570
1.0956
1.0021
1.4378
1.4582
1.4782
1.3691
1.1769
1.5325
1.3659
1.4164
1.5538
1.7748
1.9445
1.4726
1.6652
1.3503
1.1826
1.2185
1.3210
1.7055
1.4328
1.3707
1.3088
1.1867
1.4719
1.4390
1.0095
1.1472
1.6922
0.9589
1.2778
1.3591
1.3908
1.4407
1.3530
1.2203
1.4542
1.4395
1.2420
1.3808
1.3037
1.0338
0.9368
0.9773
0.9832
1.1977
1.3697
1.2121
1.3467
1.2789
1.3082
1.2102
1.1642
1.2631
0.9706
0.9857
1.1912
1.1662
1.1952
1.1696
1.0497
1.2121
1.1450
0.8697
1.0587
1.0480
0.9872
1.3044
1.2827
1.4426
1.2984
1.1218
1.2293
1.3277
1.2117
1.3433
1.1799
1.3938
1.2236
1.2054
1.4469
1.4156
1.2527
1.3674
1.6184
1.7758
1.6915
2.1169
2.1447
2.5003
2.0065
2.2340
2.0171
1.9861
2.2028
1.7932
1.8432
1.8178
1.5943
1.2580
1.7032
1.3208
1.7889
1.9531
1.7389
1.9735
1.8380
1.3721
1.5490
1.7720
1.5850
1.5869
1.6474
1.4951
1.4615
1.6663
1.0922
1.1905
1.3262
1.0319
1.1426
1.1184
1.3539
1.3663
1.1922
1.4464
1.3311
1.5098
1.4687
1.4015
1.2314
1.5196
1.7320
1.5598
1.7462
1.6626
1.6496
1.8004
1.4627
1.5965
1.3088
1.5213
1.6103
1.6345
1.7443
1.6271
1.4157
1.4292
1.3799
1.2679
1.2464
1.6768
1.2737
1.2978
1.2174
1.6028
1.6674
1.6379
1.8156
2.0289
1.7749
1.4613
1.5982
1.6951
1.6129
1.6795
1.8907
1.6266
1.9653
1.6424
1.7833
1.7940
1.3643
1.6025
1.4561
1.8244
1.5255
1.9366
1.5534
1.6999
1.4349
1.5510
1.5369
1.7867
1.7863
1.8946
2.0040
1.6385
1.6606
1.7150
1.6800
1.6335
1.4413
1.8197
1.8547
1.8099
1.8792
1.7989
1.5558
1.9014
1.7468
1.9067
1.3889
1.3382
1.6058
1.4285
1.5386
1.4958
1.0190
1.1519
1.5346
1.5426
1.3015
1.3751
1.0350
1.1147
1.1039
1.1901
1.5570
1.7258
1.5502
1.5169
1.4239
1.3169
1.5613
1.4126
1.2844
1.0870
1.3186
1.3623
1.2818
1.1914
1.2141
1.1574
1.1241
1.2096
1.4992
1.3323
1.4237
1.5080
1.4596
1.4135
1.6874
1.7687
1.5007
1.5042
1.8398
1.5629
1.4136
1.3070
1.3330
1.2302
1.2090
1.4166
1.8621
1.3704
1.9123
1.6801
2.1160
1.8727
1.9162
1.8651
1.7390
1.6160
1.9062
2.0820
2.0500
1.9713
1.6288
2.0155
1.9151
1.5794
1.4374
1.8981
1.9979
1.7815
1.8766
1.5776
1.9904
2.0271
1.7397
2.1020
1.7723
1.7918
1.8827
1.9512
1.8974
1.3065
1.5029
1.6614
1.5086
1.6819
1.5792
1.5409
1.5834
2.1296
2.1391
1.9083
2.2073
1.7159
1.8652
1.7567
1.5941
1.4386
1.3802
1.1608
1.3322
1.2572
1.7174
1.3824
1.4972
1.6530
1.8376
1.6243
1.8043
1.4611
1.5984
1.5760
1.5417
1.6792
1.5569
1.3808
1.4231
1.5190
1.2607
1.1270
1.4105
1.2841
1.2679
1.1221
1.0933
1.1336
1.5676
1.6123
1.7093
1.6494
1.6661
1.2947
1.5681
1.4368
1.4827
1.5534
1.6532
1.5324
1.5702
1.3263
1.1102
1.4243
1.5819
1.4675
1.7702
1.5676
1.3533
1.3296
1.4477
1.0726
0.9946
0.8932
1.0084
1.0149
1.1143
1.3235
1.5826
1.3697
1.3461
1.4718
1.3587
1.4620
1.3069
1.4051
1.4197
1.6135
1.4925
1.3380
1.4001
1.2949
1.3200
1.4990
1.2472
1.2608
1.3208
1.0384
1.2448
1.1627
1.2399
1.3735
1.3900
1.7125
1.5819
1.7926
1.5928
1.7178
1.7511
1.7107
1.6236
1.6977
1.7542
1.6634
1.5171
1.1866
1.4297
1.2969
1.6167
1.3913
1.3659
1.3664
1.0072
1.2277
1.0752
1.0979
0.7774
0.9660
0.9200
0.9591
1.0651
1.1825
1.4513
1.2792
1.7311
1.6029
1.1611
1.5992
1.5616
1.3302
1.4836
1.2046
0.9929
1.0288
1.0716
1.1172
1.2811
1.2919
1.4742
1.1428
1.1343
0.9905
0.9073
1.1365
0.8672
1.1764
0.9833
1.2414
1.0601
1.0679
1.1080
1.1578
1.2341
1.2406
1.1723
0.9920
0.8942
0.9249
0.9839
0.8172
0.9525
1.1928
0.8920
1.3645
1.1509
1.2169
1.0599
1.2668
1.3967
1.0674
1.1969
0.9425
1.1439
1.0007
1.1775
1.0276
0.8881
1.1423
1.1130
1.5045
1.5299
1.3873
1.3701
1.1715
1.2663
0.8959
0.8426
0.9939
0.9730
0.8603
1.0484
1.2513
1.2457
1.0660
1.1512
1.2730
1.2773
1.2336
1.2165
1.3479
1.0425
1.1448
1.1040
1.2815
1.0161
1.2219
1.1620
1.3283
1.2455
0.9407
0.8992
0.9921
1.1637
1.4849
1.0609
0.9474
0.9860
1.2061
1.1415
0.9723
0.9159
1.2434
1.0850
1.3715
1.0141
0.9304
1.1323
1.1156
1.0255
1.1814
1.2026
1.0139
1.1338
1.1724
1.1611
1.3388
1.3960
1.0839
0.9533
1.2585
1.3975
1.1249
1.0167
1.2810
1.1098
1.3706
1.1889
1.2928
1.1983
1.3017
1.2558
1.3265
1.2826
1.3226
1.2826
1.7506
1.6153
1.5368
1.5036
1.4129
1.2920
1.1670
1.3053
1.1155
1.2544
1.1419
1.3433
1.2331
1.1393
1.1229
1.4110
1.3576
1.3002
1.3288
1.3962
1.3881
1.3482
1.1755
1.4415
1.4048
1.2467
1.6600
1.4099
1.1634
1.2863
1.2137
1.3164
1.3972
1.4422
1.3824
1.4952
1.5375
1.3361
1.3579
1.1080
1.0091
0.9650
0.7763
1.0456
0.9827
1.1133
1.2384
0.9782
1.1870
1.3940
1.0333
1.0787
1.2380
1.2859
1.1059
1.1565
1.1979
1.2072
1.3561
0.8866
1.0501
1.0461
1.2441
1.0527
1.0411
1.1591
1.3027
1.1512
1.3206
1.1459
0.9403
1.2867
1.3363
1.2475
1.2318
1.0033
0.7757
0.9865
0.9212
0.9408
1.1597
0.9977
0.9480
1.2590
1.2524
1.2486
1.1174
1.0348
1.0790
1.1315
1.2802
1.4685
1.2980
1.0832
1.2708
1.3055
1.3279
1.0382
1.1956
1.4294
1.2660
1.4289
1.5212
1.0935
1.4073
1.3420
1.1325
1.2171
1.1096
1.0524
1.1155
1.1384
1.3036
1.2914
1.2581
1.1982
1.0492
0.9865
1.1446
1.1531
1.7288
1.1836
1.0054
0.9397
1.0710
1.1510
0.9061
0.9610
1.4902
0.8699
0.9927
0.7611
1.1254
1.0233
0.9107
1.1171
1.0085
0.9912
1.0092
1.0796
1.0980
0.7112
0.6846
0.5859
0.7543
0.8599
0.9456
1.0729
1.1175
1.5432
1.2373
1.0689
1.1135
1.3619
1.4363
1.3882
0.9739
1.4601
1.3996
1.1880
1.3871
1.3394
1.1008
1.1469
1.0743
1.0993
1.1585
1.4526
1.0733
0.9973
1.1088
0.9656
0.9305
1.0534
1.1949
1.0640
1.0960
0.9904
0.9314
1.0236
0.9452
0.8633
1.0513
1.3428
1.4318
1.1910
1.4624
1.3503
1.2217
1.5341
1.8481
1.3097
1.2163
1.2249
1.1100
1.4826
1.6743
1.7879
1.4196
1.4917
1.4229
1.6252
1.7369
1.2452
1.3993
1.8480
1.4660
1.7689
1.5851
1.8925
1.3211
1.0094
1.0270
1.3117
1.2042
0.8995
1.1002
1.6181
1.4453
1.5166
1.3177
1.3108
0.9268
1.0243
1.0008
1.3384
1.3427
1.3888
1.3520
1.2233
1.3613
1.1083
1.2108
1.0744
1.0702
1.2458
1.3277
0.8581
0.8346
0.8160
0.9517
1.0390
0.9413
1.1831
1.0915
1.4525
1.5856
1.3897
1.1600
1.1692
1.5101
1.6229
1.1485
1.2237
1.3089
0.9424
1.1582
1.4214
1.5936
1.3478
1.2993
1.3165
1.3874
1.1887
1.2907
1.1389
1.1954
1.3351
1.7140
1.0331
1.0647
1.0850
1.4838
1.7127
1.3685
1.1818
1.0440
1.1440
1.1871
1.3786
1.2636
1.0113
1.4380
1.5247
1.3416
1.7587
1.9521
1.9790
1.9202
1.6351
1.2997
1.6773
1.3089
1.2823
1.3043
1.0646
0.9983
1.2305
1.3156
1.2893
1.5350
1.1362
1.1944
1.1496
0.9452
1.0565
0.8232
0.8722
1.5555
1.4656
1.5819
1.4811
1.6495
1.5741
1.3441
1.4975
1.2265
1.5198
1.7891
1.4951
1.5683
1.5596
1.5937
1.6841
1.5307
1.4006
1.6318
1.8132
1.7516
1.8109
1.6654
1.5529
1.3981
1.4837
1.7995
1.6812
1.8284
1.7281
1.4906
1.2892
1.5975
1.4552
1.6770
1.6146
1.5530
1.3430
1.1743
1.4752
1.3713
1.5177
1.4831
1.8602
1.5971
1.8647
1.9514
1.9546
1.6064
1.5748
1.7707
1.9862
2.0575
1.6841
1.6774
1.7130
1.5225
1.6628
1.6757
1.7910
1.7325
1.7147
1.6746
1.6073
1.5481
1.3848
1.3870
1.5065
1.6348
1.4504
1.4727
1.7064
1.8786
1.8056
1.5478
1.4776
1.4096
1.7224
1.8574
1.6191
1.6166
1.3964
1.5494
1.3922
1.8455
1.4977
1.3659
1.3942
1.5604
1.4026
1.4642
1.2771
1.6388
1.7708
1.6604
1.3850
1.1268
1.1039
1.2299
0.9765
1.2244
1.3552
1.4842
0.8799
1.0258
0.9054
1.1118
1.0454
1.2176
1.1485
1.0787
1.0549
1.1331
1.6675
1.5591
1.7196
1.4662
1.7498
1.8738
1.9090
1.8764
1.8384
1.5894
1.7208
1.5153
1.5322
1.7954
1.7397
1.6937
1.4647
1.4928
1.6591
1.5613
1.7306
1.9179
1.5825
1.4644
1.5128
1.8168
1.4791
1.4328
1.7206
1.6896
1.6861
1.7278
1.7772
1.7911
1.6032
1.4905
1.6502
1.7910
1.5238
1.6247
1.3088
1.2756
1.2989
1.5765
1.7737
1.6725
1.5277
1.3018
1.3690
1.1448
1.3702
1.7559
1.8125
1.8889
1.7292
1.8514
1.8144
1.7425
1.8276
1.5211
2.0700
1.7050
1.6827
1.4339
1.6263
1.8017
1.5011
1.6441
1.7452
1.7404
2.0030
1.7448
1.1248
0.9677
1.2188
1.3379
1.2714
1.2402
1.4443
1.2321
1.3860
1.4127
1.1681
1.2711
1.3432
1.3791
1.2539
1.3855
1.3892
1.1814
1.3788
1.2541
1.0218
1.0347
1.1345
1.2534
1.1095
1.1575
1.2581
1.3090
1.5342
1.7320
1.4777
1.5618
1.3869
1.4064
1.4254
1.2935
1.1095
1.6406
1.3712
1.3935
1.5849
1.7710
1.0812
1.1435
1.1091
1.0314
0.9669
1.0087
0.9228
1.1889
1.3768
1.1788
1.0380
1.1778
1.2873
1.4312
1.3958
1.4418
1.1880
1.4986
1.4433
1.1664
1.6703
1.4788
1.8356
1.5961
1.5704
1.5657
1.7111
1.4161
1.6167
1.7744
1.7844
1.6243
1.8331
1.7657
1.7674
1.5936
1.4013
1.7210
1.7962
1.5503
1.3347
1.4095
1.3545
1.3708
1.3849
1.3571
1.2277
1.2806
1.4410
1.4924
1.3605
1.2577
1.0480
1.1087
1.5078
1.7132
1.5488
1.6424
1.3484
1.4523
1.7283
1.2134
1.2428
1.5670
1.7265
1.5550
1.6773
1.5271
1.5202
1.7134
1.5231
1.7785
1.4488
1.3277
1.8690
1.7051
1.3333
1.3008
1.6736
1.7188
1.7616
1.6169
1.6874
1.8119
1.8683
1.6897
1.2866
1.4653
1.4702
1.6373
1.4629
1.4448
1.2588
1.4210
1.4112
1.4050
1.3119
1.4032
1.6349
1.7688
1.3627
1.3182
1.0218
1.1077
1.2361
1.2719
1.2140
1.3472
1.5131
1.2308
1.1265
1.2663
1.5463
1.6651
1.3443
1.6597
1.3527
1.6898
1.1834
1.4725
1.6769
1.3677
1.6130
1.3078
1.8210
1.4396
1.5459
1.7745
1.8061
1.7126
1.9407
1.7786
1.5706
1.6604
1.8947
1.6219
1.6622
2.0830
1.8620
1.5478
1.3705
1.6840
1.4595
1.5526
1.6957
1.7355
1.2461
1.4712
1.4891
1.5569
1.5742
1.5324
1.5387
1.3765
1.2477
1.1130
1.1496
1.3010
1.2204
1.2374
1.1477
1.3968
1.5750
1.3727
1.5057
1.6224
1.6621
1.0705
1.7482
1.4971
1.4623
1.7372
1.7818
1.5899
1.4852
1.3119
1.3543
1.5779
1.1472
0.9700
1.3680
1.1068
1.2849
1.2943
1.2056
1.3162
1.3404
1.5709
1.2412
1.5721
1.6435
1.3269
1.4646
1.7384
1.2927
1.1138
1.2839
1.1851
1.1349
1.0438
1.2062
1.2354
1.2054
1.3621
0.9912
0.8317
1.1362
0.9325
1.0209
1.3565
1.1251
1.2619
1.4645
1.3005
1.1542
1.0913
1.1709
0.7907
1.1376
1.2421
1.2280
1.2934
1.0972
1.4126
1.4477
1.4302
1.7400
1.5520
1.5433
1.4273
1.3485
1.3501
1.5234
1.3421
1.3972
1.3380
1.1599
1.2222
1.5174
1.2547
1.1775
1.2371
1.1766
1.3003
1.5436
1.3957
1.2510
1.4210
1.4307
1.5127
1.4201
1.6855
1.5938
1.1817
1.1031
1.2338
1.3907
1.5931
1.6691
1.4496
1.0409
1.7987
1.9511
1.4602
1.3591
1.5075
1.6699
1.5081
1.5353
1.7021
1.7775
1.7531
1.4048
1.2973
1.3376
1.3030
1.1074
1.3258
1.6364
1.4869
1.3667
1.7359
1.5608
1.4379
1.2947
1.6986
1.5112
1.7294
1.6376
1.4787
1.3239
1.4195
1.2937
1.4632
1.3543
1.3498
1.3132
1.2978
1.3763
1.3801
1.5558
1.2980
1.3587
1.0052
1.6346
1.1719
1.3083
1.5974
1.6848
1.7309
1.6758
1.3337
1.6247
1.3406
1.0851
1.2192
1.2820
1.4963
1.5042
1.3463
1.2819
1.3951
1.3676
1.6873
1.5258
1.4417
1.3849
1.2396
1.4545
1.1338
1.2279
1.2769
1.4588
1.5083
1.6582
1.3110
1.1621
1.3686
1.5553
1.2963
1.3868
1.1017
1.0005
1.0487
1.2467
1.3633
1.4442
1.2136
1.2100
1.4061
1.1662
0.9979
0.8173
1.0471
1.0409
1.0783
0.9002
1.0321
1.1951
0.9917
1.2885
1.2619
1.1649
0.8260
0.8616
1.2919
1.2811
1.4424
1.4094
1.2376
1.3377
1.3073
1.4810
1.4312
1.5515
1.2519
1.5526
0.9495
1.2407
1.4637
1.9244
1.5968
1.0658
1.3382
1.2874
1.3752
1.2137
1.5674
1.4745
1.8535
1.7390
1.8248
1.8001
1.7267
1.5580
1.4746
1.3162
1.3589
1.2878
1.3630
1.5032
1.5432
1.2420
0.9796
1.1171
1.0268
1.2481
1.5573
1.2705
1.0754
1.3088
1.5004
1.5141
1.1579
1.0393
1.1087
1.0433
1.0355
1.0965
1.1637
1.2527
1.4286
1.3517
1.1439
1.2803
1.3003
1.5691
1.3133
1.0595
1.0056
0.8023
1.2442
1.1884
1.2685
1.5305
1.6060
1.5013
1.4925
1.6529
1.2183
1.5515
1.3759
1.3827
1.6213
1.4625
1.5385
1.4625
1.4430
1.5696
1.7792
1.7439
1.8745
1.4425
1.7014
1.4924
1.6164
1.7362
1.5794
1.5579
1.5224
1.7691
1.4955
1.7842
1.8262
1.5674
1.6489
1.7762
1.7403
2.1944
2.2002
2.4022
2.2878
2.4618
2.6862
2.3932
1.7569
1.9786
2.0557
1.8782
1.6590
1.6662
1.7213
1.6372
2.0918
2.2865
2.2289
1.9026
1.9021
1.8003
1.8519
1.5214
1.8526
1.8699
2.0197
2.1053
1.9351
1.6485
1.8713
1.8441
1.6441
2.0192
2.2150
2.4722
2.1959
2.3361
1.8074
1.6420
1.7242
2.2260
1.8190
1.8283
1.7457
1.5993
1.7229
1.9143
1.5352
1.4337
1.6800
1.6982
1.5550
1.6645
1.8070
2.0241
2.1334
2.0122
1.8822
1.9861
1.7385
1.3964
1.8681
1.8084
1.8965
1.7182
1.5056
1.3280
1.5023
1.6174
1.1701
1.4806
1.4532
1.4472
0.9690
1.3824
1.5924
1.3685
1.3441
1.3274
1.0738
1.4943
1.1345
0.9555
1.1089
1.3571
1.3514
1.1105
1.3914
0.9819
1.2817
0.9706
1.2162
1.2219
1.0569
1.0332
1.6181
1.6196
1.3604
1.1308
1.4913
1.2890
1.2395
1.8437
1.3175
1.1382
1.4508
1.6123
1.5220
1.4232
1.8247
1.9300
1.7989
1.6906
1.8128
1.6904
1.6819
1.4158
1.6370
1.8928
1.7593
1.3956
1.3030
1.3481
1.5980
1.2127
1.2962
1.3759
1.2069
1.7519
1.7658
1.9680
1.6995
1.4367
1.6695
1.4757
1.3120
1.4958
1.5723
1.5250
1.7290
1.6613
1.7781
1.5983
1.5041
1.4338
1.3842
1.5281
1.2799
1.2655
1.5455
1.7938
1.5351
1.6014
1.2142
1.4903
1.5054
1.7113
1.5387
1.6000
1.8196
1.8223
1.6871
1.5265
1.7174
1.4140
1.9487
1.6832
1.9807
2.0053
1.4692
1.5712
1.5446
1.5182
1.3058
1.4887
1.3697
1.5208
1.6963
1.5058
1.4484
1.8090
1.5499
1.1623
1.4950
1.3562
1.6880
1.4360
1.5503
1.4529
1.5816
1.0224
1.2392
1.2006
1.2582
1.4629
1.4991
1.6738
1.3479
1.0106
0.7316
1.0498
1.4588
1.0514
0.8427
1.2133
1.1588
0.9063
1.0930
0.7760
1.4696
1.1430
1.4619
1.2731
1.4785
1.1433
1.0876
1.0524
1.1993
1.1188
0.7532
0.9632
0.9995
0.9642
0.9609
0.7419
0.7947
0.6981
0.7427
0.7120
0.9498
0.8052
0.7922
1.0309
0.7201
0.9265
0.8849
1.0974
0.8900
1.1191
1.0338
1.0436
0.9107
0.9392
0.7951
0.8537
0.8711
0.8079
0.9213
0.7896
1.1032
0.9511
0.8497
0.7878
0.7110
0.6958
0.8982
0.8077
0.9698
1.0140
1.0204
1.1634
0.9715
0.8257
0.6738
0.7344
0.8592
0.6507
0.8314
0.8157
0.8937
0.8476
0.5304
0.7007
0.8073
0.6570
0.5820
0.6222
0.6397
0.7062
0.8950
1.0513
0.7436
0.7021
0.8980
0.7335
0.4926
0.5983
0.6565
0.5706
0.9089
1.2159
1.1581
1.1444
0.7219
1.0201
0.9790
1.0098
0.8911
1.1615
0.9954
0.9565
0.7887
1.0098
0.9421
1.0091
0.7107
0.9102
0.6638
0.6035
0.6293
0.8069
0.7077
0.8654
0.6931
0.6431
0.6412
0.6100
0.7271
1.2786
0.8617
0.8872
0.7383
0.8356
0.8502
0.7817
0.9939
1.3256
1.0173
1.1395
0.8769
0.9192
1.1604
1.3590
0.9907
0.9357
1.0464
0.8709
1.1666
1.2297
1.1747
1.1431
1.3928
1.1582
0.7747
0.8127
0.7990
0.7774
0.9544
1.1326
1.0019
1.1710
1.0579
1.0426
1.0745
1.1412
1.4012
1.2901
1.5650
1.0346
1.5006
1.6604
1.4169
1.3434
1.2270
1.4127
1.3071
1.5855
1.3821
1.0459
0.9335
1.1179
0.9983
0.9428
1.2353
1.1908
1.1632
1.2383
0.9457
0.9847
0.7682
0.8672
1.2195
1.3142
1.0131
1.4092
0.8676
0.9708
0.6046
0.7168
0.5640
0.5935
0.7082
0.6367
0.7549
0.6333
0.4789
0.7788
0.7866
0.7880
0.7030
0.6966
0.9314
0.6551
0.6630
0.5618
0.6035
0.4564
0.5886
0.7489
0.5516
0.6852
0.7772
0.7854
0.7127
0.7889
1.2029
0.8705
0.8014
1.0457
1.2507
1.1018
1.0330
0.6296
0.8983
0.5009
0.7839
0.5291
0.7576
0.4627
0.7615
0.6121
0.4645
0.9452
0.9335
0.9019
0.9508
0.9418
1.0885
0.8504
0.7385
0.9860
0.8817
0.6124
1.0788
0.9597
0.9695
0.8219
1.0083
0.7343
0.7178
0.8392
0.7250
0.5657
0.8384
0.7835
0.7188
1.2011
1.3269
1.0773
1.0693
1.0057
0.9530
0.8020
0.9068
0.8024
0.7494
0.6073
0.7784
0.4536
0.5349
0.6909
0.5173
0.5297
0.5674
0.4923
0.8259
0.5850
1.1860
0.9362
0.8305
0.9826
0.8259
0.6429
0.7455
0.6337
0.7346
0.5953
0.5976
0.5239
0.7364
0.8448
0.8623
0.6303
0.9259
0.8787
0.8586
0.6675
0.5829
0.7934
0.9474
1.0306
0.8198
0.7117
0.7140
0.8761
0.9884
1.0896
1.2444
1.0315
1.0231
0.8949
1.1535
0.8267
0.7157
0.9011
0.7287
0.9544
0.9969
0.8893
1.0680
1.1026
1.1170
0.7733
1.0064
0.9180
1.0471
1.2512
0.9541
1.0858
1.1462
0.8622
0.9391
0.9935
0.6520
1.1598
0.9991
1.0314
0.8200
1.1210
0.8804
0.8858
1.1745
1.0959
1.1896
0.9554
0.8712
1.0986
1.1367
1.2903
1.0871
1.1241
0.7129
0.9776
0.9838
1.0218
0.7006
0.7097
0.9318
0.7980
1.2132
0.7278
0.9176
0.9208
0.9791
0.9054
0.9858
0.7484
0.8654
1.0108
1.0470
1.0515
1.2163
0.8540
0.8400
1.2582
1.0760
1.1407
0.7597
0.6945
0.6054
1.0481
1.0991
1.1179
1.2827
0.9311
0.9481
1.1286
0.9432
0.8558
0.9299
0.7312
0.6536
1.0011
0.8951
1.1263
0.8078
0.8964
0.8663
0.8935
0.8929
0.9932
0.8937
0.8827
0.8844
0.7614
0.8640
0.7760
0.9957
0.8688
0.8942
1.1041
0.8820
1.0214
1.0093
1.3273
0.8592
0.9519
0.6519
0.9102
0.9130
0.8701
1.7108
1.2777
1.0913
1.3062
1.2850
1.3834
1.5446
1.4453
1.3502
1.0203
1.1911
0.9875
0.8559
0.9706
0.9572
1.2452
1.2189
0.9316
0.8584
0.9576
0.9624
1.0244
0.9296
1.0150
1.1522
1.1969
1.2939
1.3237
1.4616
1.2382
0.9752
1.2845
1.4999
1.2777
1.6097
1.6585
1.3994
1.3030
1.2790
1.3990
1.3674
1.0593
1.3265
1.2790
1.2360
1.3148
1.4312
1.2643
1.5076
1.6053
1.4377
1.2075
1.3044
1.1376
1.0252
1.1486
0.9375
0.8708
0.8054
1.1084
1.0993
1.2221
0.9294
1.3628
1.1375
1.1279
1.2633
1.3500
1.2865
1.3590
1.3561
1.3208
1.2830
1.1522
1.0936
1.0597
1.0141
0.9953
1.0305
0.8475
1.2872
1.1312
1.0006
0.8024
1.1234
1.0779
1.0428
0.9355
0.9157
0.9139
0.8124
0.7249
0.6137
1.0241
0.9590
0.9641
1.0633
1.1183
1.2936
1.2259
0.9616
1.1106
1.0023
0.9433
1.0108
0.9673
0.8993
1.2629
1.0641
1.1662
1.1650
0.9935
1.1058
1.1672
1.2018
1.1136
1.1861
0.9597
1.3964
1.2313
0.9480
0.9531
1.0619
1.0395
0.8627
0.8400
0.9431
0.7090
0.9528
0.8037
0.7370
0.9405
1.1355
0.9577
0.9791
1.1696
1.2586
1.0300
0.7486
0.9202
0.8015
1.1522
1.1356
0.9079
0.9491
0.8256
0.9598
1.0022
1.1123
1.0882
1.1203
1.1108
0.9139
0.9508
0.9068
0.9469
1.1351
0.7747
0.8060
0.6355
0.9725
0.8259
0.5750
0.5570
0.7555
0.6760
0.6524
0.7607
0.7827
0.5967
0.7078
0.7803
0.9622
1.0955
0.9729
1.1672
0.8320
1.1852
1.0421
0.7809
0.8619
0.7847
0.8492
0.8153
0.9203
0.6828
0.6725
0.8615
0.8753
0.9384
1.0010
1.1124
1.1252
1.0324
0.9621
0.9190
1.3150
1.1530
1.0078
0.9434
0.9336
0.9220
0.8601
0.9252
0.8982
0.8285
0.8867
0.8633
0.8545
1.0450
0.9326
0.9960
0.8720
1.0065
0.7466
0.9402
1.2257
1.1062
1.0432
1.1288
0.8317
0.8733
0.9707
0.8895
0.8430
0.9807
0.9497
0.9649
0.8768
0.6648
0.6841
0.7390
0.8363
0.8123
1.0572
1.2344
1.2212
1.0162
1.1333
1.2933
1.0088
0.8621
0.9756
1.3080
1.0158
1.2830
0.8923
1.1250
1.0218
1.1855
0.9709
0.9150
0.9855
0.9454
0.8419
1.0337
0.7736
0.8971
0.8863
0.6586
0.6572
0.8448
0.9249
0.8029
0.7433
0.7983
0.6397
0.5477
0.7926
0.5898
0.8032
0.9780
0.8484
0.8375
0.8134
0.7146
0.6872
0.7322
0.7806
0.6594
0.7404
1.1275
0.9442
1.1132
0.9070
0.8901
1.0104
0.9629
0.8332
0.9052
1.0389
0.6991
0.7491
0.7158
0.9386
1.2640
1.1777
1.0209
1.1312
1.2360
1.3695
1.3247
1.2937
1.2788
1.2739
1.0406
1.2780
1.3366
1.3991
1.3307
1.5391
1.0819
1.1344
1.5756
1.4355
1.3972
1.5859
1.2072
1.2771
1.4271
1.4516
1.3834
1.1474
1.1627
0.8471
0.8992
1.1723
0.9243
1.1773
0.9901
0.9270
1.2585
0.9879
0.8654
0.9257
0.8849
1.0887
1.0941
0.6613
0.8745
1.2592
1.4264
1.5017
1.4262
1.0396
1.2971
1.2524
1.3780
1.2548
0.9801
1.0970
1.0931
1.5292
1.4475
1.4723
1.5373
1.5854
1.6114
1.4589
1.6166
1.5530
1.1069
1.4271
1.3031
0.9726
1.1498
1.1325
1.3396
1.4925
1.5189
1.0458
1.2587
1.4560
1.3730
1.4196
1.4375
1.5069
1.8766
1.7548
1.9624
2.0698
1.6669
1.7283
1.8290
1.4691
1.6640
1.3526
1.2134
1.4544
1.4267
1.6778
1.4951
1.7869
1.7001
1.4024
1.5222
1.6034
1.6958
1.8744
1.9599
1.6448
1.6037
1.5241
1.6769
1.6447
1.8506
1.4658
1.4655
1.5075
1.4320
1.4346
1.6044
1.9900
1.8714
1.6326
1.8288
1.5820
2.1388
1.6516
1.6578
1.7825
1.8870
1.8195
1.3887
1.2629
1.3195
1.2549
1.4384
1.3875
1.5759
0.9870
0.7864
0.8831
0.7393
1.3193
1.1848
1.1374
1.1317
1.2443
1.1859
1.3126
1.5083
1.2427
1.5120
1.3610
1.7481
1.9832
1.5481
1.7941
1.7259
1.8655
1.9802
1.7360
1.7024
1.7047
1.4715
1.3788
1.6863
1.2876
1.1689
1.1936
1.1249
1.0108
1.3303
1.6054
1.4537
1.3451
1.4928
1.5092
1.5834
1.7923
1.8173
2.0649
1.3519
1.2735
1.2246
1.2568
1.1866
1.1530
1.2218
1.3601
1.5238
1.4522
1.3210
1.7385
1.5987
1.3034
1.3828
1.3145
1.4435
1.4305
1.3840
1.1885
1.1509
1.3697
1.5247
1.2093
1.1262
1.5866
1.2371
1.4300
1.5591
1.7533
1.7726
1.8293
1.8163
1.9356
1.6761
1.6254
1.8059
1.6884
1.9068
1.5301
1.7064
1.7087
1.5296
1.8460
2.0733
1.9586
1.8862
1.8698
2.0881
1.8349
2.1944
1.8095
1.9465
1.5696
1.8535
2.0920
1.8501
1.5918
1.7888
1.4922
1.6399
1.4546
1.7753
1.7035
1.4522
1.4542
1.4502
1.4720
1.7788
1.6238
1.6880
1.6279
1.6579
1.8839
1.7987
2.0416
2.3800
1.9722
2.0256
1.9708
2.4023
2.5601
2.1097
1.9906
1.9369
1.9595
2.2052
1.9468
1.9749
1.6831
1.9111
1.7842
1.9713
2.0596
2.0012
1.7077
1.9247
2.0127
1.7138
1.8333
1.8183
1.7038
1.7784
2.0081
1.9312
2.0645
2.0226
1.9571
1.8986
1.7088
1.5899
1.5086
1.7367
1.8552
1.9369
1.9068
1.8223
2.0369
1.7653
1.6726
1.7457
1.7111
1.8717
1.3971
1.3890
1.9211
1.7508
2.1196
1.6920
2.1779
1.9336
2.1900
2.3026
2.1785
2.0078
2.0384
1.8296
1.9671
2.1756
2.0983
1.9047
1.8733
1.9748
1.9043
2.1946
1.9257
1.9656
1.6267
2.0824
2.3336
2.3170
2.2656
2.3951
2.2044
2.3034
2.6282
2.7423
2.2465
2.1796
2.1960
2.0638
2.1784
2.1385
2.2573
1.8787
2.0114
2.1680
2.4777
2.1845
2.3649
2.0833
1.9341
2.3160
2.0729
2.1673
2.0675
2.1538
2.0062
2.3356
2.3480
2.2587
2.0462
2.5616
2.1490
2.0296
2.0346
2.5835
2.2187
2.6529
2.4411
2.8018
2.7520
2.7440
2.2208
2.2851
2.2974
2.4922
2.5608
2.0864
2.3105
2.2536
2.0094
1.9423
2.1505
2.3588
1.8310
2.2537
2.2247
1.7275
1.8161
2.0972
2.0455
2.1059
1.9302
1.7810
1.9780
2.1432
2.2975
2.1318
2.0256
1.8482
2.1282
2.1775
2.1670
1.9559
2.0846
1.9858
2.3645
2.4376
2.1164
2.1455
1.7920
1.7959
1.6961
2.0088
2.2603
2.2746
2.3133
2.1785
2.0604
1.8671
1.8342
2.0216
2.2651
2.4478
2.4006
2.6427
2.3435
2.6738
2.2070
2.0280
2.0713
2.2554
1.9843
2.2087
2.1590
1.9137
1.9904
2.1157
2.1717
2.1566
2.2585
2.0638
1.9253
1.5017
1.7753
1.8226
1.9855
1.2565
1.7990
1.7706
1.7551
1.6706
1.6609
1.5349
1.5678
1.6085
1.9266
1.7782
1.7970
2.3090
2.1949
2.2171
1.9930
1.8476
2.2462
1.9543
1.9096
1.6704
1.4840
1.7649
2.0830
2.2930
2.2139
2.0249
2.3723
2.0517
1.9863
1.9447
2.2528
2.2047
2.1836
2.1382
2.3488
2.3996
2.6894
2.7452
2.6742
2.3858
2.4304
2.2709
2.5233
2.8203
2.1647
2.4325
2.3469
2.5573
2.2803
2.1591
2.3495
2.2253
1.9294
1.7098
1.7382
1.7026
1.8433
1.6917
1.8237
1.6130
1.5866
1.6628
1.7292
1.9175
1.6513
1.5994
1.6645
2.0572
2.1365
1.7988
1.8087
1.8437
2.2561
2.2451
1.8050
1.7914
1.2434
1.6996
1.5065
1.6803
1.8250
1.5510
1.9461
1.5019
1.8532
1.7375
2.1258
2.2992
1.8050
2.0041
1.8580
1.6765
2.1135
2.0704
1.9680
1.9406
1.8853
1.7078
1.6734
1.6610
1.7076
1.3865
1.5139
1.6013
1.8358
1.5367
1.6372
1.5506
1.6522
1.5496
1.7267
1.6420
1.3014
1.7381
2.1733
1.9453
1.4155
1.7013
1.5359
1.7309
1.5452
1.6056
1.4366
1.4079
1.3665
1.7550
1.6052
1.1459
1.2487
1.4176
1.0532
1.2986
1.0990
0.9508
1.1363
1.1867
1.1365
1.0393
1.1425
1.3208
0.9120
0.9227
1.2372
1.2046
1.2026
1.0772
1.0592
1.0939
0.9949
1.1021
1.0894
1.4677
1.4510
1.5546
1.9781
1.8287
1.8718
1.7531
1.7753
1.4130
1.3676
0.8447
1.1376
1.2328
1.4421
1.5917
1.2253
1.1350
1.1080
0.9765
1.2058
1.3219
0.9326
1.0823
1.0368
1.2519
1.2194
1.2255
1.5802
1.7064
1.5817
1.3683
1.4776
1.3002
1.2744
1.1373
1.3385
1.3076
1.2521
1.5053
1.5506
1.0124
0.9634
1.0684
1.1705
1.5357
1.2070
1.2075
1.3331
1.2567
1.2890
1.3683
1.3623
1.3039
1.1799
1.4558
1.1466
0.7756
1.0117
1.6048
1.7426
1.2996
1.2809
1.6146
1.5283
1.5740
1.5778
1.5951
1.2901
0.9199
1.3855
0.9280
1.0221
1.2921
0.9510
0.9200
1.2743
1.3624
1.2713
1.1805
1.1775
1.4371
1.6602
1.2756
1.2873
1.2700
1.2524
1.2429
1.1422
1.2355
1.2751
1.2304
0.9435
1.2339
1.3377
1.0463
1.1184
1.0802
1.3183
1.1115
1.0049
1.0182
1.1906
1.0315
1.3064
1.4805
1.4533
1.2693
1.3242
1.1601
1.1764
1.4546
1.0316
1.0755
0.8382
0.8249
1.0351
1.1674
1.5100
1.1297
1.3861
1.0157
1.0326
0.8652
0.9804
1.3383
1.1319
1.2040
1.3722
1.3896
1.3271
1.2872
1.3093
1.0693
1.4270
1.3598
1.2599
1.2035
1.1574
0.9989
0.9505
0.8452
0.8481
0.8150
1.1739
1.0208
1.0808
1.4011
1.3177
1.2146
1.2626
1.2295
1.4736
1.4267
1.1007
1.1428
1.1328
1.6826
1.4726
1.6928
1.6894
1.8533
1.9987
1.5787
1.5756
1.6295
1.6056
1.2336
1.3078
1.4268
1.5595
1.4469
1.3923
1.7272
1.7135
1.2655
1.1891
1.3502
1.4967
1.3291
1.3097
1.5978
1.3647
1.3583
1.3556
1.1112
0.9856
1.3373
1.3169
1.4989
1.5912
1.1669
1.3318
1.6357
1.3902
1.3122
1.3337
1.4768
1.5519
1.7013
1.7064
1.7270
1.7611
1.9418
1.9249
1.6678
1.6926
1.4557
1.6661
1.9001
2.0329
1.5539
1.3400
1.4231
1.5216
1.6180
1.3127
1.5858
1.5703
1.5895
1.5235
1.3786
1.3587
1.4769
1.4886
1.4203
1.6116
1.6274
1.5784
1.4318
1.3499
1.1187
1.0661
1.2167
1.3323
1.0702
1.0795
0.9750
1.0742
0.9786
0.9478
1.1784
1.1683
0.9997
1.1287
1.1167
1.5487
1.4211
1.4945
1.3751
1.4573
1.4752
1.5187
1.5247
1.3882
1.5651
1.4541
1.2363
1.4695
1.5644
1.7823
1.1737
1.1468
1.2176
1.2511
1.2253
1.1747
0.9095
1.1107
1.0639
0.8190
1.3461
0.8729
0.9652
0.9762
0.9076
1.1892
1.0105
0.9078
0.8496
1.1980
1.1905
1.4061
0.9629
1.2732
1.5171
1.5485
1.5190
1.4327
1.1608
1.2085
0.7114
0.7435
1.0586
1.3114
0.9194
0.8866
0.6631
0.8249
0.8039
1.0122
1.1276
1.1510
1.3926
1.3700
1.3689
1.3785
1.4520
1.2711
1.4085
1.0070
0.8949
1.2270
1.2900
1.0453
1.2522
1.2187
0.9594
1.0217
1.1777
1.0523
1.3808
1.3151
1.4143
1.2614
1.5327
1.4959
1.3814
1.4136
1.3034
1.1856
1.1746
1.4039
1.2397
1.3690
1.3702
1.0162
0.9001
1.2866
1.6089
1.6438
1.5170
1.2438
1.3298
1.1373
1.4270
0.9897
1.2135
0.8596
1.0644
0.7873
1.1157
1.2980
1.2039
1.1307
1.1458
1.4355
1.2532
1.2447
1.6352
1.1853
1.1638
1.1440
1.0793
1.0870
0.9038
1.2246
1.0320
1.6109
1.3592
1.2558
1.2173
1.2563
1.4713
1.2030
1.3448
1.6395
1.7379
1.4795
1.4896
1.4870
1.3043
1.5324
1.8234
1.8469
1.7898
1.3817
1.5919
1.8730
1.5844
1.6205
1.5763
1.2583
0.9502
1.0051
1.1622
1.6726
1.3085
1.5912
1.5362
1.6781
1.8471
1.4991
1.8266
1.2408
1.7110
1.6014
1.8067
1.8150
1.8240
2.0061
1.6732
1.7280
1.9073
1.6267
1.7289
1.9124
1.5925
1.8479
1.6142
1.4342
1.0225
0.9755
1.3669
1.5830
1.5761
1.1777
1.2887
1.4530
1.6538
0.9496
1.2731
1.2611
1.3172
1.5866
1.6038
1.5548
1.3340
1.3514
1.1943
1.3526
1.2337
1.2473
0.8994
1.0182
0.8279
0.9511
0.7251
0.7214
0.7415
0.7185
0.6359
0.6791
0.9291
1.0948
1.2757
1.0715
0.9967
0.7991
1.1320
1.3661
1.5640
1.2576
1.4524
1.2996
1.3484
1.1275
0.9415
1.1880
1.0045
0.9052
1.1974
1.0212
0.9756
1.0957
0.9233
0.8554
1.0307
0.8300
0.6832
0.8238
0.9266
1.1213
1.1023
1.0356
1.2363
1.0527
0.9412
0.8250
1.1873
1.1855
1.0566
1.0083
0.9564
1.2912
1.1090
0.9486
1.2842
1.5245
1.6168
1.5409
1.2258
0.9929
1.0957
1.1933
1.2248
1.5757
1.2942
1.1471
1.0476
1.0168
1.4208
1.4117
0.9643
0.9853
1.0328
1.3131
1.1363
1.2761
0.9794
1.1173
0.9962
0.8593
1.1645
1.2389
1.2062
0.8576
0.9566
1.0885
0.8394
0.9529
1.1746
1.4157
1.4175
1.2279
0.9727
0.9536
0.9890
1.2751
1.4542
1.2525
1.3769
1.1120
0.9894
1.0933
0.8734
1.1728
1.3698
1.1351
1.0628
1.1826
0.9253
1.1042
1.2607
0.9985
1.0648
1.3436
1.3471
1.2457
1.1929
1.2610
1.0972
1.2765
0.7939
0.9375
0.9067
1.1492
0.7269
1.0340
1.0545
1.1732
0.9624
1.0669
0.7687
1.0185
0.9478
0.8355
1.2770
1.4531
1.3646
1.2328
1.4040
1.1641
1.1872
1.2433
1.1037
1.3028
1.2537
0.9438
1.1727
1.0034
0.9817
0.9459
0.7343
1.1504
0.8324
0.8278
1.2929
0.9140
1.0101
1.1530
1.3677
1.1840
1.1192
1.1979
1.4836
0.8735
0.9964
1.1160
1.2354
1.0242
0.9201
1.0330
0.8417
0.8918
0.9042
0.9809
0.9605
1.0143
1.1588
1.0576
0.9833
1.0972
1.2936
1.2137
1.1377
1.2251
1.2388
1.5268
1.3603
1.3329
1.4563
1.8595
1.4427
1.4594
1.5431
0.9392
1.2031
1.3097
1.5181
1.6952
1.3111
1.4559
1.3200
1.3925
1.5535
1.4969
1.3571
1.6409
1.5180
1.5028
1.6383
1.4737
1.1639
1.2453
1.2365
1.2112
1.2509
1.0958
1.0884
1.0440
0.7709
0.6972
0.8874
0.8465
0.7498
0.8661
1.0502
1.0091
0.7924
1.0107
0.9580
1.0247
1.0341
0.9769
0.7905
1.2302
0.7990
0.9570
1.3390
1.4520
1.0219
1.1836
1.1161
0.6785
1.0747
0.9311
0.7719
0.8014
0.8273
0.7981
1.1790
1.1732
1.5277
0.8542
1.1283
0.9697
0.8773
1.0811
0.8096
0.8646
1.3404
1.3270
1.2275
1.4690
1.1563
1.1129
0.9761
1.3488
1.2407
1.3755
1.2161
1.3005
1.0377
0.9208
1.2838
1.0957
1.1334
1.2836
0.9806
0.9329
1.2293
1.2839
1.1909
0.8060
1.0787
0.8480
1.0303
1.3359
1.2849
1.0144
1.1202
0.8102
1.1330
0.7138
1.0780
0.9349
1.1003
0.9228
1.1347
1.1959
0.9826
1.1295
0.9967
0.8889
1.0824
1.2009
1.2117
1.0959
0.8239
1.0716
1.5547
1.2024
0.8825
1.1409
1.1930
1.0561
0.9651
0.7387
0.9342
0.9188
1.1971
0.9816
1.0950
0.8820
1.1886
1.3724
1.3619
1.4561
1.5365
1.2453
1.4007
1.5333
1.2778
1.2009
0.8221
1.0138
1.0009
1.1436
1.3451
1.1558
1.0480
1.3721
1.1654
1.0084
1.0871
1.0487
1.2958
1.4401
1.3745
1.2601
1.6851
1.2447
1.1794
1.2779
1.0813
1.2096
1.3464
1.1190
1.1747
1.1822
1.2462
1.2986
1.2823
1.2609
1.2887
1.3867
1.3768
1.2354
1.4239
1.2434
1.3950
1.3877
1.1345
1.2638
1.2714
1.1488
1.0790
1.3208
1.4748
1.2501
1.0293
1.0871
1.0146
1.1594
1.1784
1.2075
1.1677
1.4135
1.5469
1.2629
1.2262
1.2255
1.3795
1.0118
0.9745
0.8304
1.0766
1.2048
1.3583
1.0813
1.2396
1.2433
1.5597
1.4539
1.3048
1.3073
1.4137
1.1500
1.2826
1.3560
1.2949
0.9366
1.2042
1.0343
1.0845
0.9581
1.1309
0.9481
1.1836
1.1422
0.9907
1.2522
1.2939
1.2030
1.3756
1.2449
1.2994
1.0308
1.2249
0.9540
0.8809
1.0719
0.7870
0.8966
0.6877
0.8562
1.0934
0.8920
1.0779
0.9885
1.1123
1.0169
0.9757
1.2535
1.1131
0.8204
1.0706
1.2132
0.9737
0.9589
0.8477
0.9877
0.9588
1.1303
0.9955
1.1773
0.9001
1.0237
1.0437
0.8264
0.5746
0.7360
0.8988
0.6079
0.6981
0.7355
0.8673
0.8062
0.8016
0.8299
0.5957
0.9298
1.2158
1.2580
1.0879
1.0983
1.3109
1.4898
1.5220
1.3440
1.3063
1.4426
1.3503
1.5816
0.9050
1.4191
1.0350
1.1018
1.1627
1.4114
1.2315
1.1425
1.0101
1.0491
1.0201
0.8503
1.0942
1.0654
1.0287
0.9569
0.8139
0.8985
0.8986
0.8960
0.8362
0.9116
0.9793
0.9396
0.9800
0.7143
0.8403
0.9493
0.8370
1.0062
0.6017
0.8096
0.7117
0.6822
0.7354
1.0898
0.8586
1.1502
1.0070
1.0399
1.2256
1.3969
1.1403
1.1671
0.7774
0.7844
0.9586
1.1420
1.1054
0.9775
0.8544
0.8745
0.9485
0.8821
0.9455
1.0088
1.2347
1.0341
0.9057
0.9414
1.0599
0.7715
0.7511
1.0278
1.2137
1.1111
1.0590
0.8070
0.8531
0.9819
0.9078
0.9413
0.8960
1.0377
0.9641
0.9581
0.8880
0.9415
0.9573
1.2610
1.4885
1.0914
1.0012
0.9524
0.6951
0.6169
0.6830
1.0106
1.0166
0.8473
1.1043
1.3784
1.0223
1.1262
0.9846
0.9398
0.7332
0.8962
0.6957
0.7549
0.9268
0.7438
0.7465
0.7716
0.6873
0.8404
0.7564
0.7583
0.7459
0.8033
0.7408
0.7639
0.8681
0.6794
0.9646
0.8984
1.0024
1.2276
1.1241
1.2299
1.2645
1.1008
0.9715
1.2831
1.0749
1.2856
1.1932
0.9822
1.2157
1.0105
0.9440
1.1889
0.9902
1.2308
0.9203
1.0177
1.0107
1.0164
0.8678
0.8922
0.8149
0.7894
1.3781
1.3350
1.3112
0.9611
1.0058
0.8613
1.0829
1.0969
1.2480
0.8901
1.0904
1.0480
0.7804
1.1109
0.6946
0.9905
0.9149
0.5903
1.0125
0.9604
1.0376
1.3966
1.1295
1.1152
0.8135
0.8012
0.8805
0.9330
0.9904
1.0404
0.8143
0.7204
0.9528
0.7456
0.8960
1.1571
0.9851
0.9299
1.2363
1.0477
0.9329
0.8969
0.7747
0.6734
0.8679
1.1395
0.9948
1.0057
1.1330
1.3268
1.2216
0.8095
0.9505
0.9123
1.3161
1.2465
1.1251
1.2420
1.2315
1.3403
1.7056
1.2015
1.3689
1.0730
0.8912
1.0066
1.0254
1.3576
0.9355
0.9842
0.8883
0.8814
0.7177
0.9143
1.0513
1.1453
1.0160
0.9663
0.9292
0.9834
0.9806
1.0584
1.1512
0.9576
1.0703
1.0489
1.1115
0.8132
1.0795
1.0988
0.9337
0.8347
0.8359
0.8411
0.6080
0.9943
