39.2455
39.9690
39.4627
40.8581
40.0395
41.7668
41.9500
41.7892
43.2860
41.9474
42.5238
42.7474
42.7416
44.7473
41.6178
41.6439
42.4897
41.3994
41.1485
42.3005
42.1904
42.8260
44.7089
45.9615
44.6243
44.7753
44.3876
43.9256
42.2531
42.8903
42.9413
43.7261
42.8497
43.0770
41.8488
41.4886
42.5053
40.7007
42.4204
42.0448
40.5986
40.5605
41.0894
42.6927
42.4606
42.3405
41.9212
41.6451
41.2613
40.9664
41.2884
42.2423
42.3277
41.5615
40.8583
40.8751
41.1707
42.1032
42.7508
40.1671
40.7056
40.9932
40.8582
42.4274
43.5452
42.0697
41.4547
40.8194
39.6490
39.9199
41.5232
42.1615
42.5799
42.5074
42.5633
42.0699
42.5806
42.6843
44.3761
43.9038
43.3594
42.7634
42.3166
43.2249
44.9742
44.8626
45.2917
44.6456
43.0605
45.3255
43.9216
44.5201
44.5914
45.2426
44.5083
43.0566
45.4810
44.7324
44.9441
44.3511
44.7181
44.0087
44.3442
43.5144
45.4784
43.6645
44.5732
44.2817
45.8531
45.1249
45.6527
45.0652
45.6559
44.7399
46.1681
47.2450
46.1216
47.1735
45.5183
45.0920
45.0421
44.9560
45.5749
45.7487
45.5230
45.1289
44.7456
44.6881
44.0272
44.6550
45.6936
43.6375
44.6856
45.3555
43.8432
44.1451
46.1700
45.0375
45.5664
44.7136
44.4740
44.2049
45.9516
46.1189
46.2442
47.3725
46.6496
48.2735
48.4040
48.1970
47.0242
46.7355
48.1290
48.1851
47.4420
46.4763
46.7720
48.2542
49.0367
46.8109
47.5460
47.4009
48.4178
48.5841
47.8875
47.8776
47.4844
47.0387
47.8493
48.2015
50.1023
49.7884
49.1411
49.5255
48.2640
48.5820
50.0091
48.4286
48.0984
47.5126
49.1384
49.2568
48.0597
48.8008
48.1222
49.1474
49.7849
48.8941
48.7912
46.9739
49.4846
49.1366
49.7892
51.2745
51.4607
51.1810
52.5317
52.9747
52.8684
51.5405
51.9649
51.2615
52.2161
51.5696
50.7734
50.2993
49.9208
52.0862
51.9324
53.2651
52.8601
52.0662
51.6718
52.4813
51.3734
51.1184
51.6571
51.2811
51.4516
51.7902
50.9212
50.6888
50.8413
51.7509
52.6802
51.8892
52.6021
52.7194
52.2102
52.2294
51.7412
50.0341
52.3671
52.3212
53.9954
52.8911
52.7069
51.8449
52.7887
51.2693
52.2535
52.0278
52.6959
54.0662
53.4679
52.9974
54.0205
55.0491
53.1713
52.6974
53.1536
53.9655
54.2387
53.1902
53.3676
53.5554
54.6911
55.3769
55.6585
54.8360
54.5591
54.1627
55.7139
54.7507
56.4524
55.2241
54.0676
54.7547
54.2055
54.5793
55.9811
56.1928
55.1897
55.4578
56.7218
55.9311
55.3173
54.9047
54.7668
54.7805
55.5446
54.8324
55.4050
56.1844
57.0383
56.0366
56.5933
54.4550
54.7633
55.2313
56.1393
55.1404
56.5641
56.5798
57.1040
57.1365
55.8015
55.9787
57.9106
57.0986
56.7197
55.8869
56.0513
55.0737
54.0084
54.4266
55.9455
56.0845
57.2353
56.2961
55.1784
55.5390
55.0209
56.1135
56.9854
57.2245
57.6431
56.8919
54.9770
54.6963
54.5698
54.2401
55.7154
54.6609
55.2439
53.9427
53.5791
54.6037
53.8916
54.4211
53.0716
52.7153
53.3134
53.9905
53.6002
54.1714
54.8191
53.5738
52.8416
54.3815
53.8108
54.5906
55.2643
55.9732
54.2117
55.0172
54.2522
55.2599
54.3905
55.7374
55.0851
56.0854
54.7249
54.6866
55.1612
55.3773
53.0839
52.0833
54.5708
55.2490
54.3389
51.7467
52.3680
52.7376
53.1074
54.3173
53.1685
52.3800
54.5084
53.2042
52.8827
52.7976
52.2063
53.6452
53.9864
54.7071
55.3461
54.0186
52.8517
52.9071
53.6474
55.3305
55.3104
54.3931
54.7916
54.9107
57.4145
55.1446
56.1909
55.8623
54.6014
53.9140
52.8848
52.7100
53.7262
53.5656
54.7353
52.9596
53.3526
53.0151
54.7294
53.6508
52.0406
52.7623
52.6498
51.7915
53.2815
51.9078
53.1434
52.7340
52.0477
51.8003
52.0145
52.7726
52.4154
51.6680
52.2721
51.3756
51.4638
52.5920
52.3698
50.8102
49.1502
48.8408
48.9959
49.1390
49.9183
49.6444
48.9495
48.8724
49.5468
50.5270
48.8091
51.6953
50.5045
50.2225
50.0296
50.5062
51.6527
48.7903
50.2844
50.9568
51.5131
50.4549
52.5886
52.0130
51.7166
51.9591
51.9972
51.6936
50.4853
50.8178
51.2653
49.7643
47.6785
51.2997
49.6760
49.7317
48.1772
49.8899
48.8385
48.8668
48.4988
48.7299
50.6461
50.0885
49.2603
48.8642
48.5132
49.5483
48.3244
47.5357
48.1787
47.4176
47.3021
49.1746
45.8385
45.6100
45.0509
43.9918
45.0890
44.0873
43.7394
44.0816
45.1178
44.5652
45.1131
46.6732
45.9596
47.3750
46.3038
47.3409
46.9765
48.4773
47.4792
46.9190
45.8407
45.3886
45.2395
44.9741
44.4695
45.6321
44.9524
46.1882
46.0769
46.2009
44.9926
42.9936
43.2627
44.1754
44.1128
44.0968
43.4067
44.2613
41.8813
43.5366
45.2912
46.3250
45.0736
45.9125
46.8937
46.6710
48.7572
48.0320
48.8974
47.8644
49.1831
47.5966
46.1137
46.9417
47.4733
45.3513
45.5052
46.7849
47.4606
46.3805
46.9523
47.4175
48.0428
50.5961
51.1083
48.4331
48.5037
46.7774
46.8505
47.2104
47.4029
48.6187
47.7937
47.3573
47.0897
44.8829
45.9700
46.6492
46.1099
45.3392
46.2183
46.2061
46.5370
46.5255
46.2052
47.4771
47.1595
45.0763
45.1504
45.2703
44.7907
44.8125
44.8028
45.3409
45.4723
45.0238
46.5960
46.0042
45.9690
44.9350
44.0957
45.5126
45.7942
45.9557
46.1157
44.9425
45.4565
45.7183
45.7938
45.3169
46.3120
45.5189
44.4734
45.6822
44.6864
45.1435
46.8068
46.8318
46.6084
46.2477
47.4598
49.1957
47.4338
47.1590
47.3958
48.0663
48.2121
47.8781
49.3601
47.7687
46.8292
48.3979
47.5142
49.0976
49.1871
48.6836
48.0142
48.9465
47.9813
46.2324
47.6416
47.1238
47.0698
46.0497
46.5668
46.0233
47.2081
47.4370
46.4069
46.3971
45.3194
46.2996
45.8875
47.9873
46.8525
45.9283
45.5458
46.9444
44.9837
45.9021
45.5229
45.9082
45.8802
47.2583
44.2258
44.7527
45.3888
45.1023
46.0643
46.6296
46.1595
46.4757
46.5908
44.5552
45.4760
45.7150
45.7703
46.9468
46.2680
44.7771
47.3016
46.6702
48.1255
46.9903
46.9834
47.0866
46.9470
47.6531
47.1810
47.7114
47.7864
46.6197
47.2091
46.8117
45.7719
47.7269
48.0494
47.6802
47.2948
47.3597
46.9931
47.6340
46.2944
47.7298
47.2083
46.3568
45.5082
47.0582
45.2194
45.5689
44.4278
45.2046
43.8803
44.8455
46.3833
46.3629
45.7573
44.8555
44.9392
46.6395
45.9137
45.4779
46.4942
46.2542
46.2024
45.6316
45.2794
46.3581
46.0314
45.5924
47.0800
48.1526
47.8619
48.8399
46.6624
47.4582
47.7074
47.7194
47.4247
48.4240
48.1452
49.3285
48.1419
47.0009
47.3030
46.6153
45.7034
46.7471
47.0717
46.8531
47.8878
48.3832
49.7933
48.1617
47.7639
48.5186
49.4242
49.9293
50.4455
51.1993
50.1439
51.1451
51.8986
51.4822
51.6709
53.1015
52.4850
52.9604
52.2566
51.7935
50.1553
49.3985
50.7809
50.5784
51.5117
51.1792
51.0710
50.4246
52.2607
52.0041
52.7074
49.0317
50.3682
47.3540
50.2452
50.3683
50.7544
50.2275
49.4043
49.4407
48.2022
48.0530
48.6013
51.0951
49.8707
49.0170
50.0153
49.4568
52.0546
50.2346
49.9568
50.2943
49.4667
50.4862
49.8025
49.6387
50.9796
49.2764
50.2323
47.6764
47.6572
48.1287
48.8891
46.6835
47.7725
46.8425
48.8120
47.6913
47.6665
47.9014
45.6964
45.8522
46.4193
44.7639
45.9942
45.2729
44.0145
45.4329
45.4769
45.3940
44.7570
44.6289
45.5342
44.8378
44.8745
44.3946
46.5428
46.8895
47.0891
46.1757
45.8353
47.0773
45.4859
47.5538
47.5497
47.7146
47.3279
48.6416
48.7429
48.0388
47.3652
47.0946
45.6651
46.7512
46.8198
47.1248
46.1933
47.3703
45.7340
46.9978
46.8307
48.1588
46.9463
47.3482
46.5513
48.2417
46.0372
46.3722
45.9061
44.3768
44.6213
46.6003
46.3536
47.3692
47.8453
46.6014
47.4524
49.1923
47.1409
45.3744
46.1187
45.9841
47.7873
47.4927
48.1045
45.6358
48.4497
47.0196
46.7578
44.7908
48.8656
47.2901
47.6527
47.5652
47.5444
47.2966
48.0281
47.8038
47.9804
47.1297
48.6781
47.9835
46.8698
47.9980
47.7164
49.2777
46.9776
48.2831
48.4388
47.9414
46.6698
47.4592
47.4006
46.7929
45.4619
45.2243
45.5348
46.7806
48.4265
48.8566
48.4867
48.0325
49.1789
48.5327
47.6972
46.5978
46.7463
46.0603
47.5618
48.3483
48.8719
46.7244
46.4056
47.3937
48.1026
47.5716
47.4595
46.6398
47.4461
46.4235
46.6661
46.2058
46.6471
46.4533
46.5147
46.3596
47.4961
47.7628
48.3256
48.2375
46.3669
46.4486
47.3231
47.3344
47.2196
46.9056
45.7144
46.6208
46.9923
46.4265
45.4368
46.2173
46.3964
47.1451
46.0784
44.2123
43.5943
44.2575
45.7590
44.3423
47.0181
45.8239
45.3290
44.9499
44.8917
44.2527
42.8241
43.4372
42.8070
43.9702
43.9715
44.3466
44.4320
47.0618
46.6821
47.6264
46.4246
46.8835
47.0705
47.0215
47.2736
46.8462
45.2952
45.9601
45.4848
47.5306
48.7529
49.9800
48.5563
49.1798
49.2714
47.4954
48.2019
49.1331
48.7694
48.2075
49.3117
48.6346
49.4442
50.3671
50.5095
51.0598
50.7927
51.3998
52.4679
53.3789
52.3106
51.9038
52.6102
52.2404
51.5877
51.4805
50.6835
50.5797
49.9672
49.1386
48.8551
47.7483
48.5591
47.9878
47.0446
47.4752
47.3868
47.7501
48.7102
47.8342
48.5818
48.5254
47.6263
48.0975
49.8753
49.7399
50.0951
48.2810
47.4576
47.8985
48.3785
47.4740
47.5835
48.1901
46.1684
46.8295
46.2714
46.2968
46.4349
46.6775
47.6646
48.6089
48.2824
47.9425
48.7037
47.7248
48.8861
49.3452
49.1470
47.9686
46.9128
47.4365
45.9475
45.1742
46.2343
45.0224
44.7742
44.9969
44.0256
43.1986
43.8138
44.4238
44.4519
44.1965
45.5761
46.2770
45.2773
45.6943
46.0632
47.5123
46.8356
46.2142
46.3239
46.2326
45.7712
45.2985
47.0052
48.2248
47.9558
46.1736
47.5308
47.7934
47.4523
47.6331
47.2459
48.3932
48.8554
50.1474
49.5184
49.3996
50.7167
50.0560
50.2629
49.8514
50.5155
51.8698
49.5233
50.9755
48.8755
52.0205
51.4949
51.3452
51.1182
49.6141
50.0759
50.9037
50.8158
48.8716
50.6375
49.0643
47.5035
48.1868
47.0385
47.9209
50.3982
49.6744
49.2235
47.9084
49.0459
49.2356
50.1686
50.5162
50.2048
49.5405
51.3232
49.6618
50.5237
49.4474
49.1958
50.9686
49.8790
50.2161
50.6664
51.5359
52.3873
51.3851
52.7146
51.4009
51.6458
50.7015
49.9945
50.4107
50.4960
49.2277
50.0646
48.6780
49.1991
49.3679
49.9986
48.1294
49.7878
49.7461
49.8144
49.0776
50.9245
47.6457
48.5560
49.6989
49.5243
49.3326
50.5432
49.6613
49.5001
48.7025
50.6699
49.2453
50.3243
50.6144
50.9851
51.7471
50.1007
51.3356
52.4243
51.1631
49.2557
50.8536
50.9178
50.5746
52.0261
52.7932
50.4024
51.8072
51.2092
50.7810
50.3461
49.7891
49.0722
49.7405
47.5296
49.3237
48.8685
48.0480
50.0657
49.4462
50.2932
49.6752
49.6385
49.5031
51.2234
51.8325
52.8788
51.1835
51.2929
50.9798
51.2513
50.3984
51.4737
52.4211
51.8892
53.3036
51.8357
50.7187
51.6472
50.8101
51.6480
50.6763
50.4619
50.3589
49.3195
49.1219
50.9113
51.0239
51.2419
49.5388
49.8570
50.5976
51.0253
50.9895
51.8107
52.1535
50.9812
50.4598
52.2472
51.8863
54.2121
51.6947
51.6356
49.4265
51.2711
51.4144
52.4005
52.8754
52.2582
52.4296
52.9843
52.9600
54.0422
53.1299
53.7604
55.6358
54.0070
53.7390
55.1322
55.6272
56.1548
56.2770
54.1443
55.4140
54.3531
56.3319
57.4663
56.5275
56.2057
57.6751
57.1924
57.4001
56.2515
57.8787
56.4173
56.3611
56.1187
53.9161
54.8401
56.4978
55.9959
56.1516
56.2289
54.4308
54.6765
56.9233
55.4469
56.2384
56.5856
55.6953
57.1785
56.4223
56.9232
56.6612
56.2526
52.7380
53.2398
53.4000
53.9155
52.9761
54.7495
56.1487
55.9861
55.6697
55.9973
56.1284
57.6395
55.4649
54.0621
55.6421
55.3970
55.4320
53.0479
53.5119
53.8233
55.6725
55.1141
54.7976
54.3426
54.7339
53.7263
53.8261
53.9623
53.8636
52.8792
53.6243
54.2101
54.7269
51.9103
53.3311
53.6615
52.7350
51.8604
50.7803
50.0018
49.6887
50.3869
50.8749
49.7834
49.6841
50.2284
51.2356
50.2399
49.6761
49.4709
48.0349
48.4210
46.4862
47.6067
47.2220
47.0169
48.5836
48.1103
48.1174
47.7269
47.8762
48.7859
48.4772
48.0964
47.5796
46.5529
46.7605
46.3764
45.0906
44.7846
44.9338
43.2872
45.0020
45.9347
44.7202
46.7765
46.4325
46.5770
48.9709
46.6851
48.9346
48.4743
45.8277
46.9693
47.8902
47.0707
46.1948
48.0320
47.3619
48.1727
47.8009
47.4270
47.9433
45.5237
46.2386
47.1780
46.1352
46.2244
46.9628
47.7108
46.6566
45.1976
46.0680
46.2527
46.0061
46.3562
47.0574
43.8952
43.6182
44.3825
43.4225
41.7063
42.7061
43.8324
43.5490
41.1162
43.7442
44.5083
43.7653
44.5647
44.7137
45.3375
43.2604
45.2020
43.9405
44.2935
44.2241
42.8784
42.0564
43.7775
43.5073
45.0797
42.7225
41.9472
42.4228
44.4265
44.3473
44.2824
44.4061
45.6074
43.8947
45.1009
43.3165
44.7626
43.2576
44.8591
43.6806
44.7427
43.5966
45.0607
46.1897
44.3561
44.4741
43.8866
42.9726
42.7811
45.1587
44.1942
42.0504
42.1306
41.5246
40.6748
40.5857
41.8530
42.4060
41.9767
41.0371
41.1793
43.3486
44.0393
42.5911
42.3032
43.0010
41.9884
41.8604
43.0647
42.3414
41.9359
42.4752
42.0203
42.4699
41.8586
42.4912
43.8126
42.0279
42.6925
42.2821
43.8023
43.7435
42.8764
41.8692
42.0888
40.9649
41.7474
42.3077
42.0209
43.2801
42.1311
40.9480
40.7030
42.0652
41.5070
40.7280
40.8430
41.6521
43.4182
41.5620
39.2527
38.6606
39.0570
39.0406
38.9124
38.3972
39.9696
40.8347
39.5707
38.1557
37.9104
39.8240
39.6295
37.3396
36.7917
37.7252
36.8516
38.4327
38.8096
39.6176
38.3523
39.2635
39.7604
39.0956
38.7590
38.9821
38.1559
37.2902
39.6600
39.7337
40.8812
39.2730
39.1994
39.1589
37.0496
38.2733
36.9387
39.1344
41.3933
39.5450
38.1428
40.0823
37.3760
39.0798
40.4353
39.2212
38.7854
37.1471
37.7676
37.3826
38.2071
37.8501
38.7416
38.3757
37.9139
39.4707
41.3021
40.4541
39.9809
40.5815
40.5576
41.0500
40.3022
40.5236
41.5518
42.0049
42.6413
43.0858
43.7065
41.9272
43.3009
42.5978
41.9160
41.8707
41.5922
43.0910
42.7378
41.8301
41.4080
40.2865
39.9943
41.4124
41.4519
40.4496
42.5389
42.5522
41.8526
40.6360
40.2780
39.9678
40.1812
40.8382
40.3457
41.7382
41.7564
41.6491
40.0893
39.1704
39.9332
40.3333
40.5851
40.4376
38.9584
39.9361
40.7899
41.6053
41.2751
40.7209
40.3571
40.3040
41.5716
41.5064
43.0717
43.1043
41.6566
40.9900
40.8253
39.9389
42.3804
41.3240
41.8998
43.0447
41.1983
41.1441
41.0329
41.6546
40.9551
43.0081
42.8069
43.8552
42.3815
43.5015
42.5023
42.2119
42.3532
43.2583
42.5082
41.8976
44.9189
45.3451
47.0919
45.2414
45.2403
43.6558
44.5869
43.0282
42.4956
41.8952
42.0087
42.6229
43.1760
42.1907
42.0003
42.5025
42.2218
43.0489
44.0593
45.3460
44.3499
43.3744
44.0669
43.9518
42.8556
44.9411
43.6450
45.7209
45.4416
43.0585
42.2627
44.1853
44.7735
44.4841
43.9398
44.5185
42.8880
42.0541
43.0063
43.3464
41.9993
42.5969
41.3961
44.0069
43.0626
44.4223
46.1481
45.9641
45.0010
44.8061
43.6673
43.5744
43.7921
43.1653
43.2602
43.6513
41.0854
42.7018
44.3859
43.4528
45.6477
44.2931
45.7100
46.7216
46.0721
45.2236
44.6888
44.1008
43.9022
45.3135
45.9423
45.4244
45.1513
45.0323
45.9863
44.0850
43.9232
43.3124
43.2646
42.8058
42.8227
43.6772
44.5416
44.4308
47.3702
46.9821
47.6945
46.9161
46.6572
46.9692
47.9562
47.5539
47.8559
45.8841
46.1348
45.1965
46.6325
46.7429
45.8271
46.8878
47.3058
46.2549
46.4486
47.2187
47.9910
49.7803
47.9802
47.7125
47.0605
49.1311
48.7329
47.7851
46.4797
47.6860
48.6141
47.3477
47.2548
46.2569
46.0133
44.9113
46.4236
45.0893
45.8777
46.7337
45.7395
46.5023
44.3385
45.4742
46.1316
45.2624
46.0294
45.5596
48.7761
48.5545
46.2165
46.7282
46.4551
47.4511
47.4439
46.2785
47.2170
49.1568
47.2042
46.6845
46.5509
45.2215
46.5177
47.4339
46.7355
46.1003
45.3868
45.6298
47.5918
46.4110
45.3805
47.2649
46.2019
45.5847
45.2820
45.6851
45.4701
46.0826
44.8381
44.7891
45.2099
43.7628
43.7749
44.6870
45.6118
44.5401
45.0170
45.6557
46.1405
45.9749
46.3735
45.9562
44.6269
45.9908
45.8852
46.2057
44.7260
45.1583
45.9687
45.3729
45.7955
46.6723
46.1135
44.2367
44.2902
43.7630
46.5055
45.1540
46.8568
44.9654
44.9287
47.1828
47.2240
46.7736
46.5008
47.2291
48.2779
48.5836
46.8464
47.8254
47.1282
47.2201
46.0150
45.3092
47.0194
46.6754
46.6169
47.4351
49.4403
49.9922
50.0458
50.1356
50.6874
49.6488
51.5760
50.9002
51.0102
51.6794
52.0312
51.4303
50.1786
50.1248
49.3286
48.6960
47.9418
48.1023
48.8682
49.0193
51.2724
51.3659
51.9955
52.4353
52.7194
51.6460
50.4004
49.1149
50.7028
50.2543
51.9021
50.7547
50.4040
51.4506
51.5236
52.3971
52.4547
53.3783
52.0954
51.9087
52.5254
51.1184
51.9853
50.7758
49.9730
50.1768
51.1885
50.8014
52.5862
52.1442
52.9815
51.0727
51.3652
50.6215
50.7982
51.7104
49.9102
49.9928
49.8573
49.5221
49.1074
49.7380
49.2654
48.1785
49.2365
48.4960
48.3106
49.6901
48.5036
47.8957
48.0367
47.9094
49.6790
48.7076
47.8896
48.2060
48.7731
49.0051
49.4527
50.2077
50.7738
49.7556
50.0951
49.9867
49.3368
48.8970
48.2139
48.0600
49.5143
47.1619
49.4373
49.5523
47.9558
49.1923
50.5332
51.2357
50.0891
48.8748
49.6104
51.1344
48.8755
51.2763
50.3339
50.7571
50.4500
50.6582
50.9278
49.4370
50.2349
50.5996
48.1880
49.9084
49.4319
48.8221
49.7937
50.9949
50.8271
51.6197
50.7854
51.6687
51.8649
51.2665
51.7769
52.4643
53.3693
53.0131
52.1289
51.7719
50.1352
50.8829
50.6493
50.4233
50.0174
49.9255
50.4053
50.2476
49.5607
49.4051
49.9866
50.8631
50.4049
49.8332
48.3571
49.4582
49.8791
50.4443
48.7288
49.6004
50.1071
50.4142
51.1099
50.3434
52.7326
51.6975
50.7507
50.5290
48.6445
50.3387
49.8211
51.0729
51.7469
52.7208
52.1102
51.7537
51.7789
51.0574
49.5251
48.9789
49.8662
49.9784
51.5375
50.5127
50.0728
50.1051
49.7360
50.4587
49.5007
49.4430
49.3115
51.6612
51.6436
52.6396
50.7684
51.3239
51.9459
52.2614
52.5509
52.4723
54.4694
54.9961
54.7368
52.8753
53.8481
51.8593
54.3773
54.6787
54.2912
53.9713
54.1941
53.3622
55.2965
54.5567
52.9421
54.8680
55.4702
54.2869
54.3341
55.5327
55.2053
56.4550
53.9516
54.3900
55.0802
53.5851
53.9311
53.1025
55.1955
53.4659
54.9315
53.7357
54.6320
54.4429
55.0568
53.1121
54.9634
54.3440
51.4137
51.3549
53.0456
50.8997
51.8675
51.3892
50.9140
50.4431
52.2983
52.6072
52.8489
54.0913
52.5163
51.7335
52.5127
53.8067
54.2884
53.3955
54.1360
52.0541
51.2867
51.7856
51.6241
50.2194
49.6260
51.3735
52.1530
51.9160
52.6651
52.9759
52.9837
53.5061
53.9615
54.9671
56.3534
56.4784
55.6926
54.8528
55.0969
55.8180
56.3381
54.4760
54.3109
54.8502
54.5475
54.1611
54.3636
55.4958
51.5773
54.1782
54.9621
53.7512
53.2991
51.9260
51.3297
52.0128
52.9437
52.6908
52.1853
53.4461
52.5397
53.2250
52.1345
53.9423
53.8005
54.0983
52.8130
51.2672
51.7161
53.2585
52.0500
53.2128
52.4374
52.2796
52.2909
51.9534
49.8470
49.1688
50.5333
48.2452
46.6162
46.7002
46.6592
45.5985
46.3736
46.7784
47.2261
49.0816
48.8037
47.9195
48.2972
46.8468
46.3740
47.9636
46.5519
48.3251
46.8295
47.2824
46.7521
45.7904
48.4223
47.4682
47.2965
48.4673
48.0929
47.4044
48.4235
47.2136
49.1064
49.1060
51.0574
50.4093
51.1466
50.1174
51.4372
48.1259
50.0812
51.0052
51.0729
50.6482
50.0345
49.9811
51.0935
52.3331
53.4251
53.7993
52.5041
52.5275
50.1754
50.8266
50.3175
49.9840
51.3361
51.3757
51.4577
50.9080
52.0282
52.9110
53.1591
51.9365
52.3755
53.0452
51.4177
52.4697
52.7109
51.9760
52.8421
52.5942
52.3388
51.7396
51.4950
51.3947
50.8045
51.5587
51.8094
51.8629
50.2326
50.9016
51.7507
50.7869
50.4161
49.4770
48.7815
49.6994
48.7501
49.4237
50.1714
50.9999
49.4749
49.5162
49.3409
51.4095
52.2904
52.0052
53.5705
52.8656
52.2606
51.5017
51.4069
52.4199
52.7479
52.3863
51.9958
49.4339
52.3177
51.3653
52.8384
51.9887
52.3148
52.6713
52.1638
52.1885
52.5906
52.1285
50.9409
51.9736
51.3420
52.8356
51.1893
52.2452
53.3189
52.2373
51.4783
50.5473
49.9096
50.2257
49.0381
48.9651
48.3577
48.4419
48.1017
46.9384
47.0762
46.7076
45.7594
45.4806
45.8172
46.4832
46.9457
47.0859
47.0077
46.8039
46.1445
46.1174
46.1804
47.0916
45.1063
46.0915
45.2452
45.8958
45.2741
44.7590
46.0403
44.6510
45.5782
44.6925
45.1191
45.8750
44.5861
44.7452
44.4682
45.2156
45.6978
45.8334
46.9651
46.4102
46.7906
47.0309
47.8114
45.3770
46.5443
47.2751
47.6138
47.2157
46.2675
46.2626
45.8288
46.2999
45.3951
46.8666
44.2248
45.9104
44.7581
44.8496
44.7686
45.8074
45.8078
45.3522
44.3258
45.2287
47.6805
47.4263
47.4083
47.9357
49.8249
48.0958
48.2432
48.2270
48.6935
48.7121
46.9930
46.8398
46.1884
46.0326
45.4929
45.7122
43.7438
44.1569
43.5519
44.1555
43.6077
44.2906
43.8426
45.1362
43.4025
43.1802
41.9755
40.9212
42.3228
42.3502
41.8693
42.1899
41.2688
42.8316
42.7966
42.3677
42.6131
41.7969
42.4455
42.4162
42.9281
42.1599
43.1260
43.6390
43.3604
44.6421
44.0590
42.7688
43.7080
43.8602
42.6806
43.9302
44.0147
45.8694
45.4497
44.1811
42.6692
41.6618
40.3874
40.3569
41.3620
41.4087
42.5561
42.2229
42.0821
41.2307
41.9060
41.6417
42.3112
42.0635
42.4089
42.5780
41.2770
41.5558
42.4471
40.8491
40.3495
40.9267
40.0810
41.8279
41.9437
41.2114
40.6183
41.7189
43.2485
42.7106
42.9866
44.7340
43.6985
43.6773
44.9647
44.7074
44.3518
43.9912
44.1247
44.7669
44.9998
44.5973
43.7649
42.7516
41.7425
41.8789
42.9452
42.3172
42.7039
40.3009
40.8941
40.5914
41.3899
40.0261
39.5483
38.8795
40.9313
40.7922
40.5691
41.0382
40.0251
40.0912
38.5498
40.2808
39.5706
39.4161
39.3756
38.9036
38.7424
38.3343
38.6417
36.8177
38.9944
38.9426
39.7390
40.4845
41.3026
41.1523
40.0129
40.3739
39.8162
38.9904
39.5738
40.2585
39.0968
39.7995
39.8826
42.9378
42.9197
42.3873
41.5313
42.6171
42.4179
41.1072
42.4689
42.8387
43.3109
43.3298
43.7585
43.5506
44.2594
42.2669
42.6217
41.6787
44.4325
43.0060
41.6553
41.6656
43.1276
41.6310
41.4156
40.8802
41.6748
41.1959
40.2251
39.8189
39.4620
41.5602
40.3977
41.7258
40.8377
39.8561
41.0833
40.8392
38.8795
40.2390
41.5074
40.9263
40.7574
39.9948
40.9546
40.7710
39.1811
38.5457
38.8495
38.8399
39.8431
39.0337
40.0944
40.0205
40.4956
42.0912
40.8721
41.3854
42.5284
41.9393
41.8916
42.2960
40.2840
39.7136
39.8617
39.5786
41.1663
40.7280
41.1810
41.0026
41.1472
41.7558
42.0050
41.1288
41.8837
41.2710
42.0655
40.2244
42.9164
42.0141
42.1665
42.0243
44.0385
42.0381
43.6558
45.2894
44.3799
45.2444
46.2717
46.6998
47.9059
48.9624
47.9892
47.4553
49.0654
48.5435
49.3231
49.3333
50.3203
49.5651
49.0767
48.2767
50.2104
50.2430
49.6981
47.7981
49.2459
50.3288
50.4212
49.9245
49.9200
49.4384
49.0876
48.5361
48.4549
48.4805
48.6734
47.9419
49.0437
50.8663
50.9171
50.8294
50.7654
53.1989
51.9897
52.3718
51.6587
52.8982
52.7661
51.9805
52.3628
53.8389
52.9490
52.8842
53.5115
52.7276
52.1556
54.2306
53.7451
54.7584
53.1454
52.9059
52.3546
52.2787
51.8351
50.3491
53.7909
54.8531
52.2558
51.2785
49.7392
51.0271
50.2964
51.2006
50.9431
49.8085
50.8659
50.5815
51.3774
49.8887
50.3995
50.6987
50.5241
50.7046
50.5542
49.6115
51.6194
52.3369
52.5123
51.7173
52.0156
53.1465
53.7817
54.9988
53.0795
54.7656
54.1673
56.3825
54.8442
53.3039
54.3744
53.5098
52.8307
53.3620
53.1152
53.2707
55.5145
53.3414
52.9791
51.8294
53.2930
53.4102
54.0011
54.3335
53.7920
52.3586
53.1824
54.0262
54.0579
53.3675
54.0842
53.6966
54.4841
53.0617
52.8336
53.0758
53.8109
55.8837
54.7907
53.5515
54.8361
55.9383
56.6446
55.2743
56.5091
56.1189
55.6872
55.2075
57.2102
56.4797
56.3038
57.0187
58.7067
59.4137
58.6797
57.3327
57.0072
58.3827
58.4190
58.4865
56.9444
57.6394
56.8804
58.2208
57.3444
59.2447
57.4694
58.6549
59.0811
58.0947
57.5190
58.1274
58.0370
59.1348
59.7853
59.1489
60.0546
59.9756
57.3296
57.9454
59.1002
60.2603
60.5723
60.9366
61.1550
61.2985
61.8135
61.3398
62.2426
60.7217
61.9071
61.1888
60.5459
58.4067
58.9027
60.6699
60.3106
61.0146
62.1394
61.9644
63.6532
64.0029
63.3148
62.2342
63.0428
64.7533
63.5569
64.9000
64.1473
60.7362
62.0380
61.0659
61.4665
60.8654
61.1711
61.5082
61.9938
61.8128
62.8580
64.2903
64.9994
64.6232
62.5968
62.3640
61.0795
60.9427
60.2787
60.0431
60.1489
60.6417
60.0482
59.4999
59.7902
59.0469
59.6308
58.9171
60.4959
60.6989
63.1569
63.4052
63.1934
62.3252
61.9075
62.0429
63.0487
63.3855
64.2530
63.0722
61.7417
60.5479
60.6160
61.3510
61.7581
62.5433
62.3122
62.6562
63.4612
62.3488
62.8955
62.5455
64.0537
62.8568
62.5082
64.5168
63.3451
63.3544
63.9053
64.5457
63.3899
63.9683
64.3194
65.5616
64.9298
64.7247
64.8821
64.7265
63.5958
65.9520
65.1791
63.6985
64.5932
64.3986
64.5050
63.9402
65.7193
64.5958
64.6251
63.2770
65.1979
64.0375
64.6933
63.6508
63.4519
63.8858
64.9697
63.6891
65.0352
63.7068
64.8153
65.6417
65.3616
66.5928
68.4190
66.6508
65.6809
67.7134
66.9466
66.5718
66.8935
64.8937
65.8308
65.1643
65.9081
63.9499
66.2043
65.4262
65.4105
64.1013
65.9340
66.9826
67.6621
68.8717
68.9747
69.4997
70.1441
70.4242
68.9844
69.5622
68.0439
67.3495
68.5036
67.4858
67.2325
66.7554
68.6190
66.0489
66.9732
68.8558
67.8864
67.2159
67.4125
68.0976
67.8381
66.5131
65.7252
66.3942
66.2145
66.0834
66.5521
67.4747
66.6689
65.6045
67.2047
67.5126
68.9478
67.0505
68.0117
66.1357
66.4325
65.6698
65.7072
66.0323
68.0858
66.2547
65.6252
65.0144
66.7960
65.1960
66.3506
64.6011
66.5538
66.0221
64.4672
64.3384
66.9524
63.9357
62.8971
61.3707
63.6736
64.2830
63.8954
63.1230
63.2424
61.1451
61.9465
62.0542
60.8375
61.7159
61.5264
61.6558
59.5245
59.5312
61.5552
59.4963
60.5661
59.4226
58.9783
59.3459
60.1206
60.8872
60.6485
60.3818
60.7583
58.7638
59.9314
59.2879
61.3900
60.8230
60.1008
60.0907
59.1757
60.4732
57.8276
56.8559
56.7935
57.3889
57.9193
57.6946
56.3720
56.5074
59.9588
58.6332
59.0439
58.6616
58.1196
59.0993
59.3287
58.9469
57.8268
56.5306
57.0803
57.2907
58.4477
59.2423
57.2242
57.3344
59.8435
58.4058
56.1570
54.9308
57.6335
57.6020
55.8704
55.8802
56.8466
56.3783
55.8256
55.8494
56.9323
58.9221
57.5487
61.4559
58.6225
57.5391
58.6884
59.5494
59.7350
59.6137
59.5305
59.5081
60.3461
59.2145
58.5365
57.4761
60.2369
57.8410
59.3115
61.2630
60.0058
58.8068
59.5071
58.9349
59.4576
57.9404
58.9591
58.3598
59.4963
58.0112
58.3974
58.2781
55.3884
54.7995
54.2657
54.1951
54.4030
55.2952
55.6902
55.9678
57.0139
58.3158
57.1081
56.8829
57.1306
57.1957
57.9337
58.9503
60.4214
61.2950
61.4477
60.2709
59.6482
59.0615
58.9948
58.8867
58.9946
59.2260
58.9664
58.8883
58.3292
58.0850
60.0736
58.5776
58.3251
58.5732
57.4168
55.7841
56.2427
56.9180
54.5627
55.0925
55.9474
57.1922
55.9870
56.3796
57.4775
57.2006
57.6278
57.7585
58.0450
57.3968
56.9789
57.9002
58.7987
57.9306
58.9227
59.0880
60.2755
60.5621
60.6132
61.0395
60.1766
59.2087
60.8348
60.4004
60.9832
58.6588
59.4340
59.9546
57.6257
59.0033
57.9501
57.7045
59.0626
58.7365
58.2718
58.4133
59.4318
57.8019
57.9374
57.6445
58.8652
58.6204
57.4301
59.4552
58.8866
58.6296
60.4908
60.3508
59.5153
58.6868
59.7928
59.7612
58.8982
58.6474
57.4299
57.3610
55.9618
57.1338
57.2020
57.0567
57.6012
56.4648
56.4896
56.6938
57.2315
57.8106
57.7672
56.5306
56.2636
59.2988
56.7232
56.9092
57.1177
57.8405
56.4365
56.7113
56.3710
56.5124
57.0775
57.9653
57.7355
57.8507
57.6720
57.4154
58.0436
55.6177
58.8596
56.1661
57.5126
56.7967
58.3404
60.8607
60.4913
60.7530
60.9017
61.1782
60.0824
60.4678
62.6577
60.4143
59.2949
58.1729
57.9202
56.7662
55.7258
58.4243
59.1621
57.2692
58.7194
58.1756
56.2902
58.7058
60.0895
59.7693
61.4937
60.6708
60.7282
62.2287
61.7987
60.5172
63.2052
61.1401
59.9516
59.9363
59.2106
58.4268
57.0445
56.3916
57.2464
57.9717
59.1742
58.5866
59.3222
57.5447
57.3442
57.1939
57.0565
54.6537
56.0089
55.6268
54.8205
54.8620
54.7459
56.0010
56.8689
57.1257
57.5601
57.3725
56.4124
57.8680
58.0890
57.9761
57.8224
56.3534
55.2337
56.9950
55.5884
57.9719
55.8292
55.7744
57.3632
58.2967
57.8947
58.4398
57.1833
57.2963
58.0833
58.0992
59.7130
57.6214
57.6065
58.5068
58.7676
56.5825
56.2771
56.9814
54.5424
53.8763
54.4372
55.2222
54.4203
54.3678
55.6075
57.6049
58.4522
56.9103
59.1290
58.6033
57.2142
56.2254
56.5625
56.3676
55.0707
54.4961
54.5407
54.5700
54.4740
52.5368
53.7606
52.4198
52.1419
54.2314
54.8467
53.1441
53.9185
54.8138
54.8261
54.0487
53.2683
53.5326
52.5695
52.9945
53.1774
51.7611
51.3162
52.3259
54.0284
53.5609
53.7229
55.2891
53.9169
53.1744
54.3344
53.9396
53.8923
54.1447
54.1645
55.9551
54.2033
56.4986
53.7210
54.3631
56.7413
57.8829
54.8279
54.5289
55.4059
54.3083
56.5834
57.0354
57.5997
55.2352
55.2913
56.2789
55.8510
56.9583
54.9951
53.1348
53.2002
53.8363
53.7305
52.7499
53.3849
53.0880
53.3491
53.5338
53.7706
53.9327
54.0096
53.6648
53.3184
53.3551
54.4149
54.4470
52.7148
52.8281
54.4099
53.5332
53.5144
54.6478
52.7755
53.5805
54.6774
55.7365
55.1903
53.2005
54.2545
53.9946
54.5652
55.5409
56.1799
57.6986
55.8608
55.4336
56.5422
55.2277
55.0038
54.8592
54.3136
53.7671
55.4156
53.8459
55.2371
55.5784
54.9173
54.7052
53.2125
53.2995
53.3734
53.7472
52.2774
52.7254
54.1531
52.2118
51.8510
52.3386
53.2281
51.5238
52.1029
51.3180
50.5837
50.9475
51.4376
51.4324
51.4029
49.8814
50.9657
49.7097
49.2734
48.9895
50.1483
48.6419
47.9222
47.4840
47.2042
47.7609
48.2499
48.2974
47.3979
46.3969
47.2826
47.5956
47.5565
47.7270
46.4829
46.0238
45.6851
45.5317
46.9236
45.8530
45.8493
45.9039
46.0870
46.0651
46.2888
47.5292
45.7330
45.1661
46.8193
47.3040
48.1811
47.8951
48.2751
48.8160
47.9941
48.2603
49.4278
51.5718
53.2079
53.2981
52.6891
53.4793
52.4872
52.3615
51.1353
50.4744
51.6296
51.7772
53.3915
54.0479
54.2377
53.9912
54.8928
55.0569
54.0535
55.0092
55.6233
54.4137
53.6368
53.0970
52.4224
50.8445
49.6080
50.7337
50.5244
51.4932
52.4819
53.1801
50.7796
52.6265
52.4311
51.9047
51.7508
53.2970
51.3883
50.7037
52.1102
52.6996
52.1153
51.8627
53.8274
53.2749
52.7828
51.9376
52.1067
52.0844
52.7099
52.2791
53.7976
53.6712
54.2033
52.3513
53.1001
51.7414
51.5995
53.4825
52.9852
53.1486
54.2581
53.1072
50.6974
52.2655
52.1373
52.0432
51.5886
50.9438
50.5461
50.3133
50.9502
50.6431
49.4499
49.7246
49.2497
48.8693
48.0085
49.9206
49.2812
47.3981
47.7904
48.7495
49.8637
49.9063
50.8912
50.9709
53.3889
53.3527
51.9236
51.9175
53.2899
52.3924
51.4108
53.3487
53.0551
53.3143
53.5493
53.5988
52.4947
52.3621
52.3705
52.6220
53.8831
52.9269
54.1742
52.4983
53.1841
53.0291
52.7882
53.4687
52.3727
52.2663
54.0189
53.1364
53.3478
55.3428
52.9503
53.4187
54.1417
55.4410
55.4062
56.1805
56.1103
56.5166
56.4770
56.6399
54.7609
54.6410
52.6904
54.2854
54.8818
53.7559
54.9328
55.8352
55.8024
56.2601
53.7926
55.1948
55.0177
53.3147
52.9583
53.5145
54.1614
52.5927
52.6127
52.2842
52.2871
52.8149
52.7523
53.3647
52.2708
53.2224
51.1572
52.8029
52.3672
52.8510
54.7951
53.8662
55.4825
54.3950
52.9342
53.9933
54.3199
51.1427
49.6534
50.2837
50.2683
49.9595
51.0294
50.0465
48.7674
50.2736
49.7381
50.6971
49.6370
49.7286
49.6002
48.2483
50.0472
50.1627
50.0046
50.4347
48.7689
49.1318
48.3526
47.2618
48.8087
48.3186
48.2187
48.2758
48.4903
48.1742
47.2969
46.5808
46.2454
48.5180
48.3931
46.8212
47.2287
46.8767
47.8353
48.1630
46.7958
48.0071
49.2952
48.5086
49.4978
48.3295
48.2382
46.6208
47.7569
47.1588
47.3982
46.5313
46.7108
46.2757
46.9509
46.0458
46.1295
46.4242
45.1943
43.7006
44.9742
46.3994
45.9603
44.3698
44.0657
46.9358
47.7221
47.7143
46.8003
47.3554
46.5033
46.6066
46.5236
46.4156
46.9753
47.0131
48.2942
46.3375
47.6455
46.7946
47.2989
48.4351
47.7810
47.7859
48.1833
47.7688
46.9592
47.9659
48.9901
49.5755
48.7436
47.9441
49.3293
48.9007
48.3268
49.1319
47.1022
48.3534
50.0771
50.3544
49.9977
47.9464
47.3709
47.2554
48.4267
48.2361
47.7430
48.4625
48.8891
48.6178
47.8026
45.8449
46.5109
47.3602
49.4456
47.7820
47.8669
47.1437
45.6673
47.6389
48.4001
47.4409
47.0978
46.8725
46.3666
47.3729
47.2539
48.4003
47.9026
47.9384
46.7958
46.5477
48.0022
48.2595
47.8988
47.1299
47.7847
48.5325
47.6962
48.0156
48.7175
49.3618
49.5645
49.5784
48.9391
50.4432
49.0795
48.4157
48.3512
48.4521
48.3955
47.7648
48.5962
47.3467
48.2708
47.8737
47.6396
48.6390
50.2231
51.4278
50.4589
50.5607
49.2228
48.6664
49.0870
48.5012
48.6595
47.8267
49.1544
48.8852
49.0573
47.6664
48.6170
48.4948
48.4018
49.5031
49.8167
49.4127
49.9705
48.5566
48.9261
49.6101
49.2534
50.5933
50.6988
50.2901
49.9600
49.2947
50.0240
50.2893
50.4891
49.9749
49.7446
49.5768
50.3746
51.3425
51.2744
52.0585
53.5939
54.0813
54.9643
52.8452
52.3898
53.7932
52.7821
54.3328
52.7447
51.7000
52.4597
51.5804
50.0654
50.0303
50.5200
51.7894
52.3611
53.2965
52.1606
52.1594
51.8757
51.8098
51.9786
52.6379
53.2712
53.9847
53.2887
54.6543
52.4065
52.6966
51.7508
52.2930
54.0375
53.5728
53.7406
53.7013
53.2456
54.0419
52.5641
52.9380
52.0096
53.0609
51.6738
51.7383
51.4932
52.5247
50.1116
51.5193
51.7288
51.4606
51.4679
52.0129
50.5698
50.3348
50.9587
49.8764
50.5812
50.5115
50.6442
50.9896
52.2669
51.0469
52.1332
52.6301
51.1994
53.0452
53.1007
53.0171
53.2606
53.3996
53.9595
52.8152
52.2729
53.7270
53.2576
53.9180
53.8249
52.1407
53.6669
50.1795
52.2549
51.7292
52.7025
52.7852
54.2468
55.8065
54.0298
53.5372
52.1545
51.4744
51.1753
52.1079
52.1735
53.8438
54.4417
51.6243
51.5351
51.5352
52.9648
53.4820
52.1492
51.4256
51.9656
50.9972
52.3578
52.9231
53.6370
52.9881
52.9442
51.0201
50.5509
50.8075
51.0254
50.5685
51.9053
53.3472
51.7736
52.0541
51.9828
52.3914
52.2284
50.5418
50.7521
50.7378
50.0472
52.8273
51.9593
50.8341
51.3679
51.2416
51.0340
50.3294
48.5589
49.4216
47.2924
50.2727
52.6875
50.7723
51.2618
52.6008
53.4320
53.2298
53.3473
52.1882
52.5199
54.0341
53.9338
54.9867
53.6782
53.4656
52.7316
52.3842
53.5205
52.5394
52.6523
53.9004
53.0623
53.3893
52.4889
53.1313
53.1781
51.2247
53.4265
55.0371
54.5335
54.3937
53.2874
52.5578
54.1633
54.4378
54.9074
54.7526
55.6602
54.9962
55.4051
54.9774
55.7632
56.0517
55.6486
55.8164
57.6555
57.8103
56.4925
56.8388
56.1500
56.3244
53.9123
55.9212
55.5985
54.2567
54.7338
55.8693
56.5816
55.3400
54.7724
52.3826
53.4354
53.2664
51.1724
51.8922
51.9770
51.0090
51.7145
50.1841
49.4791
51.2406
51.2801
51.6583
51.9964
50.3981
49.6552
49.0736
49.6884
48.9146
49.2456
49.3786
51.0655
50.8663
51.2901
51.2173
52.0588
52.1452
51.9938
52.5024
51.8246
52.5601
52.4361
53.3139
53.8979
53.3530
54.1703
53.8562
54.4329
53.6316
54.7737
53.0551
54.7428
53.8867
54.4282
54.2903
53.1955
54.4831
54.1625
54.6291
53.8078
53.8992
54.8517
54.8238
53.1245
53.0128
54.5715
54.3188
53.5839
51.5276
52.8345
52.5240
53.7242
53.6441
53.4131
54.8089
54.7569
56.1421
55.7777
54.4090
52.9274
52.4817
52.7850
52.8488
53.6191
52.6325
53.2404
52.9398
52.6036
52.4886
53.1720
53.1803
53.4805
53.8567
55.1882
53.8229
53.1090
54.5411
55.2550
54.5685
55.0894
53.5973
53.7257
52.8817
52.9602
54.6432
53.6241
53.9867
54.3322
54.7668
53.4281
53.9804
51.9724
53.1004
53.0354
53.8517
53.0339
52.0975
51.6985
52.2454
50.9122
51.6305
51.4669
52.6627
52.8990
53.0702
55.1581
54.3149
55.9674
56.4335
56.2350
56.2771
56.4855
58.1160
59.1347
57.8881
56.7695
57.5301
57.5856
57.0857
56.5890
56.1495
56.6682
55.6301
56.6278
55.4228
55.0363
56.9565
57.1970
56.4366
58.1775
56.2096
56.0796
57.5755
57.5629
57.9888
57.9701
59.8610
57.9478
58.0095
58.7417
58.3703
59.7754
58.6826
58.3564
60.3557
59.0526
58.8029
58.5328
58.5573
56.6684
57.7593
57.1042
58.9034
59.2564
59.1820
58.3741
59.1551
57.8346
55.4741
58.4021
58.5426
59.1202
58.6351
58.1367
57.9345
60.7094
59.3827
59.3782
59.1170
58.0879
57.8803
56.5690
58.5188
59.2993
58.1800
57.8243
57.7538
57.7063
57.0722
57.7062
58.1472
57.1390
58.7277
59.8446
58.4206
59.7286
60.5435
59.5288
60.2813
61.2162
60.1201
60.0741
61.3721
60.8468
60.2626
61.1529
59.4183
58.5484
59.6662
59.0077
59.9899
60.9013
59.8777
59.9748
59.6326
60.0611
60.4347
62.5343
59.7041
58.9593
58.8546
57.8598
58.6897
58.9953
58.2529
60.7099
61.6428
59.2709
58.9023
57.9140
60.2391
61.6712
60.4889
59.3557
60.8289
60.0639
60.3365
59.8137
60.8070
60.8990
60.2281
60.6048
60.3815
61.2942
61.1058
61.2828
62.1206
62.6115
62.6464
64.3364
63.0303
62.7111
62.1158
61.0295
61.9720
61.2579
61.9156
62.6674
60.5791
60.7773
61.0083
61.0787
62.0438
61.4449
60.0090
59.0331
57.4740
57.7231
57.3483
58.2308
58.1663
57.3246
59.7075
58.2403
58.4416
59.0173
59.2525
60.7091
60.1494
59.2075
61.0142
58.8970
60.1275
58.5678
61.6238
58.1865
59.5841
60.5149
59.8022
57.7615
58.5106
60.0504
60.0826
60.8066
60.1116
58.5675
59.9330
60.0241
60.4769
60.2644
60.7426
61.2357
61.6073
62.3376
60.4380
62.1198
61.7990
61.7178
61.0630
61.3941
59.9353
61.8557
60.8346
60.2677
59.1385
58.4760
56.7957
57.7670
59.6859
59.3571
59.2040
58.5589
58.2812
58.0212
60.7957
59.5592
60.5698
60.0618
60.7634
61.2687
59.8908
61.3794
61.4998
59.6103
58.9792
60.4272
60.6122
59.9996
58.8140
58.6906
58.5046
56.6475
57.3534
56.3109
58.6870
58.2320
56.8709
56.5636
57.4463
55.7935
56.1979
56.4173
56.7419
56.6127
57.9473
57.7105
58.1244
58.1275
58.0981
57.7781
57.7996
59.1069
58.5319
58.8738
57.7299
58.3165
57.2470
57.4679
56.4993
58.7417
58.9076
57.4228
57.9983
56.5368
56.5347
55.4233
55.7796
56.2771
55.3974
55.0955
53.9754
54.8300
55.3954
55.8363
55.2615
55.3551
53.9287
55.1131
55.1806
54.3674
54.2699
56.2689
56.2235
56.6546
55.8400
56.7504
55.2601
55.2332
54.6880
55.7189
56.9385
57.4345
56.8259
56.2884
57.9447
56.6225
55.5518
55.9532
55.9547
55.9138
56.9592
54.5975
54.9528
54.8444
55.3836
55.3825
54.7201
55.8067
54.4251
54.7817
54.8591
54.9420
54.5194
53.7412
55.3215
55.0216
55.5620
54.8505
55.4561
55.6592
54.3377
55.2368
55.5587
56.8951
57.4059
57.2466
57.7972
58.0321
56.9480
56.6695
56.7804
55.6971
54.4939
56.2331
56.3266
56.8758
55.8823
56.3751
56.1613
55.4340
54.8505
55.5177
55.5239
56.1268
54.5309
55.2298
54.4845
53.7321
53.5906
53.0560
52.8624
53.3771
54.8698
55.1730
54.9960
55.7520
54.4432
54.4333
56.1389
55.5430
56.1782
54.9553
53.4864
55.0055
55.1527
56.2117
55.9462
55.0203
53.9356
53.3716
52.4601
54.9952
55.1080
54.5278
53.7417
53.7092
53.7635
53.7415
53.6673
54.0865
54.1788
54.3392
55.3694
55.3843
56.4546
55.4950
54.6389
54.9068
56.0614
55.8229
57.7203
57.1786
59.4856
59.3962
57.6140
57.3753
58.0953
57.9400
57.7183
56.7825
57.4100
58.2812
57.9059
58.0192
58.5868
57.1164
57.6791
57.8545
56.9574
57.0560
57.0888
56.0449
56.7948
55.7374
56.6454
55.7972
56.2897
55.2707
53.7409
54.2825
54.8095
54.9646
55.5633
56.4149
55.3408
54.7569
55.2134
55.7241
54.8868
55.4781
55.9859
57.7143
56.5112
57.2702
56.2162
56.5260
56.3169
55.4949
56.2581
55.8897
56.3647
57.0195
56.8101
56.6114
56.2690
56.8794
56.6999
58.5224
56.2308
55.7801
56.8036
57.3081
56.2769
55.7909
55.5527
56.5536
56.7323
57.4126
55.2281
57.1286
55.9618
55.8548
56.5330
57.0875
56.6325
56.1347
57.1381
58.1695
57.7984
56.1940
58.1354
56.8666
57.6540
59.0281
58.9187
59.4473
58.9552
58.5322
59.3938
57.7359
58.2412
56.5837
57.6270
59.1801
59.0399
57.8649
56.2232
57.8073
57.1443
56.9361
57.0113
55.6908
55.3408
55.5807
55.8274
54.6009
53.7811
54.0382
54.6947
54.4746
55.3633
57.0241
56.3451
54.7056
56.3491
55.7536
56.4075
56.5214
54.0638
56.4335
54.1153
56.1742
55.8275
54.5097
54.6656
54.4401
55.2504
54.3899
54.1978
52.2709
51.0326
51.5550
51.3510
52.2005
51.4588
51.9808
50.9795
52.3420
51.6928
51.7013
52.4220
51.4463
51.8898
52.7102
52.2670
54.0714
52.9714
51.8502
51.6132
51.8924
53.6038
54.9170
55.6572
55.1392
54.7657
56.0562
55.4454
53.8703
54.0821
52.8123
53.6587
53.4285
54.5774
53.0583
51.6912
53.2316
53.7232
53.1038
52.9555
53.8069
53.8145
52.5151
53.6869
55.0389
53.8086
54.2345
54.2112
53.9141
54.9297
53.3913
54.2763
53.9841
53.2140
53.4467
54.0583
52.7363
52.3177
52.2025
52.1454
51.4884
51.0265
50.3269
51.9004
52.6150
51.1449
51.5927
51.1053
50.7441
52.4606
52.9938
52.5971
51.8248
51.7212
51.2861
52.0997
52.0952
53.2510
52.7172
51.7561
52.0228
52.4474
51.1712
52.0993
52.2642
52.1767
51.7058
52.8005
52.1627
52.2008
52.8648
52.8090
53.2015
52.0141
51.8190
52.5205
51.2663
52.8827
51.5708
53.0295
53.2221
53.3688
54.2272
53.0174
53.9697
52.9084
52.5975
53.6073
53.1589
54.8008
55.6633
55.8393
57.3730
56.9460
57.0218
56.3207
56.0851
55.2562
55.7790
56.4663
56.8356
56.2524
58.2116
57.1252
58.7841
58.3636
57.7398
57.7837
57.9425
58.4541
58.3875
59.1298
58.4017
59.0430
60.0304
58.2526
58.5666
60.2567
59.3206
57.6065
59.3968
57.9825
57.5607
58.7140
58.1761
58.8589
57.8990
58.1576
57.9479
57.7692
59.2009
57.2527
57.0744
58.3284
56.5022
56.8709
56.5503
54.9741
55.4466
56.4925
56.3679
55.8715
57.0086
56.6030
55.8441
55.2956
54.1483
55.6072
56.8465
56.3663
57.8677
55.7619
56.8793
55.1639
56.3185
57.2858
55.5480
56.5101
54.3925
56.3131
55.3851
55.5067
54.4530
55.1433
55.7928
55.5696
54.9720
54.5338
54.5486
54.3757
55.2447
56.3007
55.3767
53.9342
53.6449
54.9407
54.3431
55.3889
54.8252
55.1179
56.8337
57.8985
56.4505
56.3798
55.0043
54.9220
56.5123
57.1454
56.5507
57.3893
57.5280
57.1796
55.8484
56.6622
54.9160
53.9971
53.9089
55.5427
56.1011
55.0124
56.2626
55.4905
56.4045
57.1550
57.7843
59.1348
58.3672
57.3442
57.3259
56.9164
55.7272
56.9939
57.6923
59.1159
58.8281
57.0807
57.6918
58.0605
56.9686
56.6511
55.9464
55.8431
55.9474
55.4730
54.8257
55.7792
56.1033
55.2188
56.5306
55.8890
56.3486
57.0195
57.2130
57.2239
57.5662
58.2705
58.0399
58.5941
59.1939
59.1056
59.2207
58.2571
57.5768
60.3360
59.2508
59.4394
58.6978
59.5614
60.1169
60.2054
59.4522
58.0999
58.9956
58.6242
58.1866
59.0509
60.6693
58.5698
59.3070
60.1506
60.3695
60.3428
59.1172
59.9702
59.8316
58.5557
58.9551
59.8492
58.1327
55.5225
56.8669
55.7035
55.7686
57.8507
59.4621
57.7255
55.9141
58.5321
58.9036
60.6726
58.7861
59.1782
59.6038
58.2667
58.5532
58.9698
58.3717
58.4242
58.5276
58.7945
58.1565
57.6449
56.8366
56.5559
55.7218
58.4007
58.6485
57.6301
56.2445
58.2342
57.3123
58.0350
58.4537
58.9506
59.6448
59.8797
59.8276
60.3765
58.0055
58.1848
59.2208
57.5906
56.7124
56.1938
59.0665
59.3752
58.8546
60.3584
59.3094
59.1461
58.2068
58.5955
60.0661
59.4010
59.6352
60.3888
59.7586
59.5107
59.5314
59.2578
57.9272
58.1793
57.8797
58.6639
59.2653
59.4337
60.3366
59.4441
59.2670
59.7045
59.6243
59.7765
60.1463
60.7956
59.2370
59.1051
59.6938
60.2096
59.8572
59.5699
59.0661
58.7793
59.2446
59.5920
60.1746
59.9652
60.0254
59.6466
60.2088
61.1167
61.2922
61.6748
62.1604
60.9627
60.1809
59.9563
60.4353
60.8649
60.6075
59.8775
60.4213
61.7259
