2.2309
2.0620
2.0914
1.7847
2.1621
2.0948
1.7709
1.8249
1.9793
2.0039
1.7519
1.9230
2.1201
1.8221
1.9873
1.6739
1.6192
1.7095
1.6195
1.8397
1.7033
1.8728
1.7895
2.0308
1.7601
1.7428
1.4671
1.6012
1.7802
1.6590
1.4936
1.3267
1.5826
2.1271
1.8497
1.6782
1.9976
1.9893
1.9921
2.1087
1.8041
1.7194
1.7869
2.1559
1.8925
1.7552
1.7638
1.6938
1.3208
1.3836
1.8001
1.7526
1.5135
1.6522
1.8122
1.4892
1.6406
1.3649
1.8369
1.9088
1.7243
1.8310
1.3854
1.4407
1.7821
1.6042
1.5726
1.5113
1.6332
1.1747
1.9444
1.6349
1.4642
1.6855
1.7829
1.8423
1.9664
1.9192
1.5734
1.7762
1.9927
1.6640
1.8650
1.6821
1.6138
1.7187
1.3422
1.2807
1.4571
1.3327
1.1842
1.2519
1.8117
1.3438
1.6201
1.5764
1.5601
1.6129
1.9450
2.2314
1.4903
2.0030
1.4307
1.1204
1.2935
1.4163
1.9719
1.8111
1.1271
1.1455
1.6269
1.9649
1.9033
1.6157
1.6628
1.1798
1.5409
1.7051
1.4465
1.6971
1.5856
1.5858
1.9875
1.4314
1.9238
1.7708
1.7394
1.4790
1.5670
1.4877
1.4873
1.5852
2.0143
1.3667
1.7516
1.9856
1.7131
1.8434
1.4831
1.6804
1.9064
1.8352
1.6247
1.7004
1.6888
1.3431
1.5453
1.4674
1.4697
1.6573
2.0135
1.7592
1.8613
2.0505
1.7074
1.8681
1.9648
1.9582
1.8922
1.7787
1.5161
1.9215
1.9085
1.7568
1.7270
2.0915
1.9381
2.1184
1.3357
1.8587
1.9717
2.0878
1.3333
1.4487
1.9181
2.0228
1.5254
1.8941
1.8081
1.9957
1.3449
1.9620
1.4380
1.6183
1.6878
1.8574
1.7213
1.8830
1.7955
1.2888
1.6244
1.7283
1.9496
1.9207
1.7939
1.7490
2.0036
1.9067
2.0249
2.0516
2.1410
2.3391
2.2919
2.2637
1.8918
2.1886
1.7038
2.0240
1.9230
1.4157
1.8718
1.6343
1.8050
1.6442
1.5167
1.7412
1.4390
1.7366
1.8232
1.6030
1.3124
1.5675
1.8336
1.6863
1.5829
1.5833
1.9676
1.7528
1.7427
1.7822
1.6691
1.8759
1.9182
1.8363
1.9377
2.2797
2.1123
1.4891
2.2068
1.8128
2.1580
1.5273
1.5249
1.9009
2.2101
1.8658
1.7874
1.4930
1.7289
1.7734
1.2879
1.7909
1.4430
1.8470
1.8545
2.1600
1.8585
2.1244
1.9937
2.4715
1.8066
1.7310
1.6698
2.1825
1.9053
2.0934
2.1255
1.8954
2.1222
2.2100
1.7202
1.9335
2.0654
2.1372
2.2890
2.0378
2.1687
1.8948
2.0239
2.1769
1.9200
1.9945
1.9872
2.1251
2.0113
2.2785
1.9779
1.6280
1.8911
1.6846
2.0828
2.2207
2.2754
1.8550
1.4872
1.7864
1.6271
1.5743
1.7545
1.5417
2.0472
1.7557
1.6422
2.1518
1.7880
1.8005
2.1876
1.9780
2.1226
2.4886
2.0615
2.0543
2.0297
2.3970
2.3332
2.2170
1.9040
2.2084
2.1177
2.0077
1.8004
1.5768
1.6609
1.9388
2.0572
2.0123
1.9289
2.0070
1.6263
1.6965
1.6605
2.0546
2.4817
2.0393
1.9120
1.6819
1.7882
1.7068
1.6140
1.4226
1.6344
1.3997
1.6726
1.9591
1.4721
2.0548
1.7789
2.1515
2.0828
2.2251
2.1308
2.1508
1.9557
1.6019
1.5684
1.2111
1.3040
1.6303
1.4349
1.5774
1.7132
1.7516
1.6691
1.7399
1.4979
2.2200
1.7252
2.0123
2.0779
2.2284
2.1045
2.1033
2.0750
2.0263
1.9809
2.0261
1.9409
1.9141
2.3671
2.4013
1.9986
2.2565
2.3876
2.2118
2.1572
1.8361
1.5158
2.0611
1.5596
1.7491
1.3405
1.4334
1.4125
1.3908
1.7534
2.0659
1.8838
2.2051
1.7764
2.2730
1.8494
2.1563
1.9435
2.4250
2.3359
2.7951
2.6474
2.5172
2.5074
2.2820
1.9721
1.6727
1.3722
1.8065
1.9492
2.2462
1.8297
1.8839
1.5678
1.7595
1.7929
1.7116
2.0853
2.3456
2.5461
2.5307
1.9524
2.4833
2.4154
2.3341
2.1872
1.9228
2.1240
2.1184
1.7981
2.1986
2.2842
2.2514
1.7254
2.1086
1.8862
2.0765
2.0332
2.3054
2.1730
1.9698
2.2665
2.1533
1.8386
1.6603
1.9753
1.6882
1.6687
1.8092
1.7175
1.8452
1.5673
1.4114
1.4993
1.9620
2.3476
2.0072
2.3411
1.8966
1.7171
2.0054
2.4448
2.4242
1.9247
2.2075
2.4349
1.6217
1.8950
1.8076
2.2688
1.9178
2.2857
2.2055
2.4397
1.9198
1.9541
1.9671
2.4651
2.1655
1.4442
1.8108
2.0488
1.9799
1.8119
2.0726
1.8852
2.0247
1.8165
1.5812
1.9735
1.9413
2.3091
2.3790
2.0304
2.0226
2.0179
1.8763
1.9695
2.1021
1.7679
2.2157
1.6996
1.5885
1.7815
2.2135
1.6428
1.6030
1.6315
1.5596
1.6545
2.2780
1.6635
1.4439
1.3767
1.4936
1.6305
2.0786
1.9275
1.9324
1.9454
2.0311
2.0878
1.6736
1.8131
1.6329
1.7106
1.9569
1.6482
1.9037
2.3837
2.2869
2.3324
2.1467
2.2695
2.4154
2.2893
2.3545
1.9940
1.7540
1.8550
2.6368
2.3516
1.8499
2.0718
2.1400
2.2150
1.9430
2.3812
2.1290
2.1155
2.1021
2.2749
1.8678
2.0507
2.4683
2.8769
2.3505
2.7359
2.1068
1.9591
2.0941
2.5623
1.9058
2.0709
2.0257
2.3188
2.1489
2.0503
1.4621
1.7732
2.1970
2.0502
2.1472
2.1460
2.0004
1.9713
1.8110
2.2517
2.3639
2.1308
2.3172
1.8709
1.8007
1.9024
1.9495
1.8292
2.1238
1.8243
1.7101
2.6449
2.6027
1.8222
2.1621
2.0381
1.7657
1.6178
1.2308
1.4303
1.6807
2.1320
1.8681
1.5560
1.5904
1.6310
1.7065
1.6941
2.2622
1.9907
2.1538
1.9409
1.5199
1.5560
1.4752
1.4609
1.3864
1.7185
1.7383
2.2301
1.8024
2.3679
1.7544
2.0855
2.2484
1.7500
1.7111
1.8912
2.1195
2.1003
1.9206
1.9435
2.1979
1.8492
1.6304
2.1958
1.6560
2.4322
2.7093
2.4751
2.1608
2.4704
2.9074
2.8843
2.9035
2.5036
2.7205
2.1742
2.5035
2.3285
2.0788
1.8312
2.2943
2.3318
1.8240
2.1454
2.0427
1.6471
2.5051
2.0622
2.1714
1.7043
2.2518
1.9203
2.0787
2.1032
2.3719
2.1040
2.0904
1.9917
1.9016
1.8283
2.3268
2.6640
2.9821
2.5145
2.3623
2.2207
1.9924
1.9584
1.9836
1.9560
2.2106
2.3132
2.4378
1.8752
2.0006
1.9276
2.1107
1.6003
1.7192
1.7853
1.7350
1.7700
2.1140
1.9846
1.8707
1.8801
2.2736
2.6157
1.9904
1.7765
2.3192
2.3039
2.2888
2.4513
2.1272
2.5153
2.0997
2.5383
2.3999
2.5713
2.4562
2.3095
2.6986
2.7775
2.1467
2.4104
1.7569
2.0489
1.8674
2.1051
1.9765
2.2241
2.6094
2.0208
2.1889
1.9496
1.7327
1.6305
1.9444
1.6016
1.7098
1.6402
2.2984
1.8985
2.1022
2.1487
1.9804
2.3046
2.0575
1.8567
2.2934
2.1133
1.6384
1.8140
1.7485
1.7675
2.2511
2.0471
1.9409
1.7783
1.8068
1.9528
1.8132
2.2004
2.1389
1.9742
1.4872
1.4859
1.7706
1.7397
2.0811
1.8213
1.9249
2.1367
2.3963
2.2404
2.2449
2.3997
1.7142
1.9898
2.1701
1.9661
1.8991
1.7264
1.9390
1.7052
1.6917
1.9669
1.9950
2.0373
2.0038
1.8566
1.8105
2.2664
1.9088
2.0162
1.8980
1.6900
1.7996
2.1462
1.7302
1.9796
1.6926
1.9320
1.6125
2.0176
1.9106
2.0504
2.1473
1.9280
2.1747
1.9675
2.3153
2.3368
2.1062
1.7530
1.4744
1.9307
1.6237
1.5704
1.4921
1.4158
1.4770
1.8819
1.6264
1.6351
1.8214
2.2840
2.0946
2.3932
2.1881
1.9019
2.2761
1.7841
2.0880
1.8630
2.0652
2.2582
2.0270
2.1362
2.0057
1.8527
1.7197
1.8346
2.0371
2.1389
2.3778
2.1629
2.1224
1.8814
1.6345
1.5944
1.9031
1.9351
2.0289
1.9435
1.9518
1.7941
2.1337
2.0027
2.2336
2.3355
2.0528
1.9658
2.2671
2.1780
1.9966
1.9382
2.2091
2.1886
1.8719
2.5896
2.0891
2.5407
2.0302
2.1322
2.0223
2.0506
2.4829
1.9581
2.1771
1.8861
1.6788
2.2344
1.5566
1.8333
1.2901
1.8078
2.0007
2.0358
2.6328
2.1853
2.1179
2.0698
1.9096
1.9696
2.2201
2.3856
2.4777
2.5319
2.5691
2.4948
2.5154
2.2864
2.3198
1.9734
2.3413
2.0471
2.2380
1.7739
1.9694
1.8812
1.4352
1.3834
1.2984
1.9129
1.7859
1.6263
1.9505
1.5818
1.6187
2.0914
2.3719
2.5645
2.2758
1.8334
1.9322
2.3716
2.0478
1.9747
1.7886
1.5164
1.7565
1.7226
1.8851
1.6409
1.7442
1.6595
1.5198
2.0316
1.6972
1.7093
1.1281
1.1158
1.3385
1.4802
1.1892
1.5849
1.2772
1.3494
1.6707
1.3978
1.2568
1.6541
1.5041
0.9230
0.8045
0.8899
1.3276
1.5487
1.4413
1.8229
1.6079
1.3504
1.7849
2.2137
1.5941
1.6816
1.7666
1.8208
2.2896
2.3374
2.5591
2.1305
1.8406
1.4196
1.4597
1.9473
2.1201
1.8760
2.0045
2.1004
2.0715
2.0564
1.9795
1.9937
2.0917
2.2351
2.0597
1.8072
1.8257
1.4654
1.5218
1.8303
1.9048
1.8469
1.8833
1.7894
1.9757
1.9117
2.5447
2.3867
2.9669
2.4359
2.5984
2.3115
2.6210
2.5715
2.4084
2.2775
1.8964
2.1363
2.0748
2.1753
2.3472
2.1031
2.5625
2.6597
2.6666
2.6654
2.6396
2.3003
2.3626
2.0067
2.3272
2.0661
1.8793
2.5993
2.3081
1.9835
2.1445
1.5896
1.4333
1.8624
1.8397
2.0036
1.8602
1.1184
1.6296
1.6835
1.7184
1.6787
1.6277
1.6199
1.6420
1.8535
2.0614
1.6157
1.6468
1.5613
1.9078
2.1190
2.0649
1.8229
1.3916
2.1500
1.9213
1.9275
1.2650
1.5544
1.9487
1.4251
1.7059
1.3223
1.6465
1.4919
1.7057
1.6544
2.2461
1.8763
1.8047
1.4881
1.6874
2.0255
1.8882
2.0144
1.9063
1.9528
1.1111
1.1494
1.6417
1.7237
0.9519
1.8715
1.0633
1.0121
1.2356
1.0239
0.9469
1.1095
1.5618
1.4321
1.1434
1.4780
1.7787
1.6289
1.7323
0.9458
1.7158
1.3313
1.2385
1.2864
1.5511
1.6258
1.7345
1.6963
1.5677
1.4404
2.0022
1.9984
1.3868
1.4587
1.2921
1.7653
2.0455
1.9878
1.9349
1.9273
1.6567
2.0930
1.7408
2.2362
2.1251
2.2943
1.8294
1.9700
1.7956
1.5548
1.3572
1.9795
1.9567
1.9257
1.5324
1.6932
2.2881
2.2135
1.5270
1.8711
2.0799
1.5603
1.7482
1.6811
1.8433
1.3731
1.6496
1.3426
0.9723
0.9577
1.0209
1.2561
1.3267
1.3994
1.3673
1.3134
1.5234
1.7793
1.3655
1.6130
1.5143
1.6990
1.3870
1.5898
1.6800
2.2554
1.6430
1.9733
1.8497
1.9516
1.7719
1.7323
1.6248
2.2232
2.3338
2.4610
1.8391
2.0045
1.6134
1.8074
1.7278
1.4073
1.8753
2.4736
2.3055
2.1423
2.4235
2.1932
2.0781
2.4463
2.0751
2.8253
2.6930
1.7717
1.8567
1.8998
2.0241
1.5104
2.2362
1.7764
1.5371
1.8281
1.7059
2.0810
2.0649
2.0071
1.8558
2.0799
1.7347
1.3900
1.5257
1.3397
1.6989
1.6733
1.8074
1.5578
1.9840
2.1538
1.9134
2.2210
2.5380
2.0271
1.8481
1.9437
2.2882
2.0136
2.2686
2.0539
1.8883
2.1526
2.0842
2.3116
2.0014
2.0392
1.5349
1.9811
1.8022
1.6507
1.7013
2.2660
1.6247
1.5718
1.8044
1.3335
1.5578
1.8441
1.4986
1.5959
1.7337
1.7875
1.5686
1.9946
1.6949
2.1638
1.7900
2.1824
1.6696
1.4165
2.4552
2.1390
2.5786
2.1225
2.0074
2.2003
1.7884
1.8076
1.4662
1.9399
2.1405
2.2027
1.8323
1.9712
1.4049
1.6872
1.4144
1.4599
1.4721
1.6486
1.3811
1.6409
1.2027
1.3491
1.1796
1.5819
1.1136
1.1566
1.7282
1.2515
1.2315
1.7713
1.2631
1.4408
1.7821
1.5876
1.3777
1.4969
1.4091
1.7538
1.6788
1.9166
1.8222
1.7762
2.5353
1.8819
2.5358
2.4158
1.6052
1.4898
1.6822
1.5147
1.9238
2.2072
1.9583
1.8940
2.5381
2.4638
1.9988
2.1854
2.0291
1.9610
1.9997
2.2230
2.1522
1.9090
1.8864
2.0660
2.0445
1.5946
1.4626
1.6568
1.5449
1.4349
1.6237
1.3019
1.0396
1.2369
1.1353
1.2791
1.4973
1.1433
1.4559
1.4821
1.2645
1.1254
1.3555
1.4625
1.5982
1.1694
1.6757
1.5267
1.7678
1.6363
1.2938
1.1061
1.1790
1.3930
1.1873
1.4361
1.5091
1.2303
1.1160
1.3540
1.6079
1.7925
1.5502
1.1306
1.1944
1.2948
1.4047
1.3725
1.4668
1.1796
1.2233
1.3313
1.2006
1.5099
0.9757
1.2542
1.2735
1.2326
1.0207
1.3103
1.3308
1.4385
1.2573
1.8657
1.9652
2.2152
2.2390
2.0038
2.2107
2.0766
1.9681
2.6403
2.2376
1.7267
2.0469
2.1799
2.3311
1.9032
1.3813
1.3825
1.9032
1.6141
1.4957
1.5347
1.6856
1.7431
1.2214
1.8322
2.0897
1.9131
1.6018
1.7573
1.5340
1.8983
1.9220
1.6750
1.6888
2.4274
1.9678
1.8287
1.7458
1.7885
1.5344
1.7618
1.3988
1.9609
1.8581
1.6874
1.4351
1.6623
1.4192
1.5016
1.1978
1.4628
1.6146
1.2429
1.7302
1.5283
1.7990
1.3960
1.6103
1.2392
1.5679
1.3862
1.2561
1.2935
1.3261
1.6694
1.4602
1.1877
1.3907
1.6629
1.7381
2.0639
1.5081
1.4481
1.5947
1.8366
1.7746
1.7019
1.5994
1.6525
1.4434
1.8084
1.5710
1.4751
1.8259
1.9812
1.7689
1.4752
1.8540
1.7065
1.5202
1.5546
1.1665
1.4264
1.7117
1.8931
1.2278
1.3918
1.8256
1.5996
1.3625
1.4990
1.4227
1.3314
1.2899
1.5431
1.7816
1.6972
1.5007
1.4330
1.6928
1.3753
1.5315
1.4918
1.3198
1.2227
1.5332
1.5633
1.5876
1.6896
1.4961
1.6098
1.1830
1.6053
1.5857
1.9885
1.5261
1.6085
1.9667
1.5788
1.5311
1.5768
1.4102
1.3946
1.7704
1.5270
1.8664
1.6028
1.9726
1.3927
1.7027
1.2212
1.5589
1.6196
1.4572
1.6208
1.0120
0.9413
1.0244
1.7073
1.3478
1.4921
1.8562
1.7349
1.6944
1.4574
1.7443
1.6295
1.7094
1.4204
1.7741
1.4588
1.5423
1.1738
1.6342
1.6025
1.3228
1.1418
1.6401
1.3172
1.1986
0.9420
1.3945
1.6354
0.9138
1.2982
1.3301
1.3270
1.1562
1.7344
1.2813
1.3035
1.2400
1.3864
1.4400
1.0665
1.2767
1.0859
1.0110
0.9665
0.9605
1.2215
1.3659
1.1842
1.4805
1.0564
1.3746
1.3063
1.4907
1.6765
1.5845
0.9350
1.4460
0.9147
1.2320
0.8704
1.0952
1.3221
1.6461
1.0829
1.1419
1.2190
1.2563
1.2372
1.1866
1.1479
1.2200
1.2861
1.0280
1.3105
1.2587
1.1391
1.2230
1.5205
1.6643
1.4965
1.4081
1.1261
0.9518
1.5175
1.0460
1.3342
0.9309
1.2465
1.3100
1.3117
1.2187
1.5138
1.4285
0.9496
1.4185
0.8538
0.9543
1.1510
0.8221
1.0297
1.2841
1.1413
1.2090
1.0768
1.4740
1.9212
1.3218
0.9467
0.7990
1.1911
1.1046
0.6386
0.8952
0.9402
1.1034
1.1871
1.0605
1.1061
0.9735
0.9065
1.3188
1.2538
1.0155
0.7612
0.9644
1.2048
1.0819
1.0790
1.1652
1.3430
1.1909
1.6102
1.4698
1.4820
1.6563
1.2088
1.5556
1.1569
1.3206
1.2322
1.0116
0.9665
1.1615
1.3060
0.8136
1.4317
1.5498
1.1587
1.0003
1.4857
0.9275
0.9109
1.0582
1.2522
1.5078
0.9171
1.0850
0.8731
1.1353
1.2699
1.1271
1.1238
1.2026
1.0395
1.0433
1.4983
1.3194
1.4779
1.2282
1.0625
1.1553
1.6297
1.1941
1.2217
1.4635
0.8192
0.8374
1.1563
1.2795
1.0340
1.0179
0.9423
0.7324
1.0714
1.0173
1.4061
1.0969
1.0992
1.0943
1.2520
1.4504
1.9238
1.6252
1.5436
1.6883
0.9554
1.6957
1.0427
1.1563
1.3518
1.2326
1.5207
1.3016
1.2329
1.4365
1.3830
0.9782
1.2519
1.3529
1.0864
1.6171
1.1185
1.1730
1.1956
1.3954
1.4699
1.3659
1.1820
1.1645
1.3429
1.1903
1.2409
1.2072
1.0373
0.9367
1.1254
1.1869
1.3117
1.4291
1.5010
1.2545
1.6904
1.7528
1.5548
1.6398
1.5893
1.2684
1.4435
1.2681
1.5481
1.3379
1.2410
1.3416
1.0037
1.2688
1.1420
1.8262
1.2122
0.9758
1.2224
1.4574
0.9783
1.5052
1.2088
1.4456
1.6350
1.2068
1.0343
1.0756
0.8690
0.7734
1.2667
1.1565
1.2167
1.2017
1.3618
1.2750
1.3834
1.2953
1.5387
1.0280
1.4812
0.9318
0.8019
0.9118
1.1189
1.1823
1.3474
1.3346
1.5284
0.9971
0.8422
0.9344
0.9753
1.4424
1.1257
1.6334
1.7302
1.2954
1.4211
1.0876
0.5261
0.9580
1.2303
0.8190
1.4079
1.3743
0.8946
0.9454
0.9264
0.9173
1.1849
1.1165
1.2944
1.3445
1.8166
1.4609
1.1807
0.9255
0.9856
0.8207
0.8925
1.1573
0.6472
1.3632
0.8983
1.0905
0.7178
0.8238
1.0283
0.9290
1.0101
1.2222
1.1146
0.7203
0.6957
0.8043
0.7213
0.6265
0.8147
0.7111
0.7835
1.3858
0.8358
1.1035
1.0229
0.8874
1.1970
1.1333
0.9774
0.8360
1.0059
1.5639
1.4759
1.3229
1.3538
1.2805
1.5252
1.1641
1.1350
1.1738
1.2612
1.1717
1.1477
1.1318
1.3542
1.5051
1.4513
1.3756
1.6942
1.2570
1.3685
1.4745
1.2680
1.1938
1.6979
1.2938
1.4554
1.3471
1.1547
1.2039
1.2858
0.9841
1.1121
1.3155
1.2118
1.4172
1.3258
1.2661
1.2888
1.4949
1.5705
1.0361
1.5060
1.2901
1.0986
1.2201
0.9014
1.2727
1.1186
1.2512
1.1858
0.7801
1.1549
1.3077
1.2414
1.2273
1.7655
1.0418
1.7282
1.6180
1.5994
1.3715
1.0977
1.3013
1.1925
1.1186
1.1017
1.3569
1.0753
1.2902
1.1776
1.0632
0.8184
1.3374
1.3758
1.6354
1.6279
1.7745
1.0580
1.1343
1.4610
1.3085
1.0265
1.3017
1.4412
1.2613
1.3398
1.2648
1.0505
1.3787
1.4919
1.4620
1.0796
0.7544
0.8825
1.0459
1.1925
1.3711
1.5190
0.9211
1.2364
1.1380
1.0017
1.2932
0.9608
0.9910
1.2677
0.6534
1.0406
1.2492
1.3116
1.3980
1.3582
0.6805
1.2885
1.2801
1.6099
1.5814
1.3270
1.4010
1.7583
1.3859
1.6182
1.6346
1.6385
1.2541
1.3271
1.4739
1.3209
1.5642
1.9030
1.4626
1.6460
1.5600
1.6684
1.6781
1.6750
1.6091
1.6998
1.7952
1.3115
1.3632
1.5062
1.7169
1.2600
1.5850
1.5915
1.6287
1.3902
1.3157
1.8254
1.7456
1.6205
1.5406
1.3773
1.5657
1.4316
1.0571
1.4661
1.1211
1.2858
1.2940
1.4650
1.4790
1.2079
1.4848
2.0386
1.9027
1.2948
1.4683
1.1946
1.4664
1.4512
1.3645
0.7491
1.6065
1.4814
1.5415
1.5913
1.2890
1.3143
1.5426
1.6170
1.5880
1.7677
1.1587
1.9801
1.0768
1.0356
1.0685
1.0930
0.9726
1.3507
1.0667
1.1185
1.6484
0.9833
1.0168
1.5591
1.3920
1.1021
1.5339
1.1024
1.1607
1.3668
1.4525
1.2908
1.0133
1.4365
1.0390
1.3100
1.2004
1.4310
0.8633
1.0856
1.1409
1.7780
1.7100
1.4146
1.6623
1.1664
0.8910
1.1782
1.0454
1.0590
1.1329
1.3093
1.2684
1.2334
1.1868
0.9486
1.1320
1.0996
0.9288
1.0152
1.1283
1.0743
1.4436
1.5063
1.2396
1.3086
1.3735
1.6220
1.5121
1.5716
1.0948
1.2102
1.5795
1.6327
1.8172
1.6313
1.4850
1.5750
1.4016
1.0952
1.2085
1.0780
1.1343
1.1638
1.2377
1.7821
1.7072
1.1889
1.2068
1.3662
1.3174
1.1872
1.3885
1.2287
1.1071
1.6715
1.2423
1.4812
1.1755
1.0936
1.2997
1.4813
1.5195
1.8280
1.5252
1.3138
1.4456
1.1012
1.1614
1.4186
1.1354
1.3673
1.3112
0.9873
0.9529
1.0075
1.0653
1.1209
0.9527
1.2209
0.8600
1.5477
1.1007
1.3191
1.1285
1.5375
1.7622
1.5978
1.4126
1.3975
1.3935
1.2156
1.4032
1.7342
1.6709
1.3589
1.4527
1.4623
1.5241
1.0407
1.3184
1.2089
1.6580
1.6750
1.4840
1.5270
1.6350
1.2740
1.6447
1.5456
1.5241
1.6780
1.8528
1.7118
1.7933
1.3512
1.4924
2.0527
1.6704
1.5859
1.7566
1.4480
1.0563
1.7702
1.7359
1.7627
1.7200
1.0640
1.4006
1.7856
1.4601
1.1294
1.0636
1.0846
1.3621
1.3937
1.5840
1.1641
1.1383
1.3775
1.1535
1.6842
1.5652
1.5415
1.4600
1.5049
1.5301
1.2486
1.2094
1.2728
1.5018
1.5124
0.9569
1.0212
1.3085
1.3878
1.3867
1.3167
1.3305
1.3007
1.8277
1.5695
1.7029
1.6393
1.1306
1.5821
1.4175
1.5768
1.5688
1.3690
1.3201
1.3510
0.9028
1.2572
1.2212
1.2029
1.5671
1.8362
1.6979
1.6694
1.1516
1.2259
1.2695
1.2331
1.3274
1.3016
1.4709
1.0346
1.4496
1.5178
1.3203
1.2130
1.8714
1.5042
1.6737
1.4953
1.4390
1.7988
1.7274
1.8884
1.9516
1.7380
1.6578
1.9266
1.6883
1.7499
1.7671
1.3842
1.7215
1.6489
1.2182
1.5095
0.9823
1.1574
1.1454
1.5344
1.3822
1.8685
1.5384
1.5625
1.5253
1.0863
1.3097
1.1869
1.1610
1.1707
1.4715
1.7507
1.6137
1.6526
1.4726
1.3347
1.0378
1.5692
1.5569
1.5212
1.0179
1.5960
1.0613
1.1463
1.4261
1.4042
1.7397
1.3431
1.1755
1.1108
1.3592
1.8135
1.4441
1.3275
1.4900
1.4584
1.0642
1.5812
1.7132
1.3835
1.0968
1.5860
1.2717
1.2719
1.4285
1.5061
1.2581
1.4610
1.4395
1.1791
1.3193
1.3685
1.3702
1.3428
1.7338
1.6463
1.1183
1.0643
1.1089
1.5046
1.6646
1.8251
1.1392
1.2905
1.7630
1.6358
1.6177
1.7049
1.5210
1.5140
1.5226
1.2891
1.9158
1.3006
1.6129
1.4749
1.3635
1.2719
1.3229
1.5350
1.1640
1.5160
1.6024
1.5431
1.3648
1.5890
1.6168
1.8559
1.9265
1.8973
1.2307
1.7276
1.4748
1.3364
1.3390
1.6604
1.9159
1.6421
1.5607
1.1945
1.6129
1.3737
1.2734
1.6974
1.5391
1.3088
1.1750
1.5385
1.6352
1.9783
1.7145
1.9906
1.4014
1.5364
1.5257
1.4379
1.2671
1.4756
1.1135
1.3407
1.3717
1.7591
1.3045
1.3928
1.5187
1.6871
1.6897
1.8063
1.2280
1.0923
1.5934
1.4167
1.7255
1.4863
1.6700
1.5405
1.4409
1.4272
1.4374
1.6452
1.6173
1.9892
1.2669
1.4760
1.4425
1.3786
1.3283
1.3594
1.4777
1.3673
1.0568
1.0572
1.1249
1.1681
1.0300
0.7219
1.2740
1.2889
1.1536
1.0108
1.2638
1.2221
1.1604
1.3801
1.2191
1.0090
1.2559
1.6372
1.8210
2.1351
2.0286
2.2590
2.1530
1.8739
1.7906
1.6095
1.5787
1.6660
1.8555
1.9169
1.7350
1.4480
1.4905
1.4115
2.0996
1.4850
1.7447
1.7777
1.6976
1.6031
2.0317
1.6735
1.5566
1.7410
1.6863
1.5694
2.2490
1.6032
1.8279
1.7408
1.8899
1.7873
1.5720
1.7229
1.6851
1.9133
1.5533
1.6543
1.5291
1.6082
1.7787
2.3202
2.6478
2.2884
1.7194
1.5330
1.9575
1.9016
2.3640
2.2815
2.0584
1.8643
1.9717
1.9184
1.6719
1.6573
1.6828
1.6563
1.8636
2.1117
2.0279
1.6202
1.7707
1.4235
1.6064
1.3200
1.7220
1.7883
1.6685
1.8011
1.6999
2.0856
1.8785
2.0990
1.8251
2.0629
1.5682
1.4273
1.9187
1.4683
1.5340
1.9735
1.7741
2.0113
1.8545
1.5146
1.6528
2.1270
2.1738
2.0409
1.7426
1.4281
0.9498
1.0266
1.0061
1.7554
1.8923
1.4810
1.9663
2.1906
1.7178
1.6008
2.0932
2.0970
1.8041
1.8833
1.7292
1.7353
1.7744
2.0772
2.3858
1.7776
1.5858
1.8091
2.3722
1.8735
2.2945
1.9768
1.7384
1.7024
1.9421
2.2822
1.9314
1.9652
2.0128
1.9552
1.8595
2.1345
1.8798
1.9038
2.0116
1.8407
1.6546
1.7741
2.0704
1.5768
1.5375
1.6672
1.7635
1.5153
1.2299
1.5639
1.4164
1.1702
1.3510
1.5790
1.8659
1.5647
1.4399
1.2888
1.4233
1.6634
1.9319
2.2360
1.5931
1.6658
1.4326
1.5882
1.3079
1.6049
1.5835
1.8446
1.8030
1.7806
2.1226
2.2971
1.9575
1.8914
2.0248
1.9868
1.9435
1.5118
1.9360
1.7835
1.6736
1.6751
1.7856
2.2812
1.8330
1.6009
1.0921
1.6604
1.0015
1.2271
1.4150
1.2658
1.5628
1.5130
1.5141
1.9070
1.5968
1.8445
1.5296
1.9627
1.6117
1.3919
1.8795
2.0593
1.9545
1.6346
1.1901
1.0364
1.3185
1.7047
1.3435
1.5299
1.8998
1.6910
1.4713
1.6934
1.5424
1.6032
1.4533
1.8934
1.7969
1.6239
1.8630
2.0363
1.4419
1.6263
1.8530
1.8412
2.1185
2.0185
2.0059
1.8409
2.2694
1.8271
2.5414
2.4138
1.7955
1.9331
1.5147
1.6095
2.1298
2.0694
2.2491
1.7184
1.7410
1.9626
1.6139
1.9491
1.8591
1.5714
1.7104
1.7893
2.2876
1.9770
2.3137
1.9845
2.2503
2.3767
2.5259
2.2900
2.2083
2.3875
2.1261
1.7812
1.9945
2.0375
2.0803
2.0915
2.2623
1.9266
2.3348
2.0573
1.9996
1.9068
2.3379
2.1300
2.3324
2.4587
2.5540
2.1423
1.7658
2.3593
3.0070
2.4424
2.7278
2.7526
2.4526
2.7588
2.3672
1.6455
1.7237
2.4172
1.9011
1.8488
1.9760
1.6917
1.6733
1.6206
1.7797
1.9792
1.2939
1.6762
1.7039
2.2353
2.0141
1.8998
1.8506
1.7937
1.9550
1.6627
1.7569
1.9336
2.0592
2.1108
1.7341
1.9208
1.7186
1.8708
2.1227
2.1984
1.8930
2.2273
2.0681
1.5592
1.6004
1.8914
2.0095
1.8885
2.3640
2.1646
2.1332
2.0732
1.6756
1.5737
1.6098
1.7297
1.7122
1.2810
1.4716
1.6305
2.1011
1.4963
1.8776
1.5552
1.2579
1.6112
1.4432
1.4214
1.5768
1.2139
1.6133
1.6899
2.0368
2.0665
2.0436
1.9286
1.8667
1.0175
1.4090
1.6348
1.7050
2.0356
2.1442
1.8463
1.6017
1.7715
1.7227
1.5084
1.8280
1.9641
1.5827
1.2778
1.3867
1.0916
1.2197
1.5635
1.2732
1.0827
1.2624
1.4552
1.2838
1.2965
1.7289
1.5499
1.8939
1.5752
1.5920
1.6638
1.0538
1.5780
1.5972
1.2967
1.4089
1.7815
1.8867
1.5566
1.2373
1.3893
1.8656
1.6143
1.4568
1.5906
1.8828
1.8869
1.4983
1.6384
1.5150
1.6168
1.8081
2.1220
2.1638
1.8245
2.0365
1.8735
2.3779
2.3335
2.1441
2.5268
2.0236
2.1209
1.9123
2.0031
2.2932
2.2732
1.9654
1.9329
1.8769
1.5164
1.8897
1.7228
1.5104
1.7642
1.3554
1.4700
1.6394
1.1360
1.0977
1.4077
1.0840
1.5010
1.4115
1.8375
2.0303
1.6423
1.4592
1.9876
1.8189
1.9241
2.0507
2.0271
1.9310
1.8113
1.2083
1.8272
1.5389
1.7757
1.9218
1.6377
1.7519
1.4167
1.9107
1.9658
1.5220
1.3821
1.4986
1.7628
1.6004
1.7348
1.7884
1.6044
1.6703
1.5060
1.7070
1.5036
1.6837
1.6659
1.5404
1.4183
1.6150
1.2213
1.3621
1.4585
1.2338
1.6582
1.8229
2.1418
1.8680
1.7873
1.7281
1.8003
1.3128
1.3007
1.4643
1.4669
1.1082
1.2628
1.3691
1.4495
1.6315
1.8245
1.4446
1.1698
1.3183
1.2166
1.2783
1.3091
1.8390
1.8133
1.6165
2.0373
1.6774
1.7928
1.6765
1.6161
1.5821
1.7573
1.7176
1.3487
0.9784
1.2022
1.1385
1.1990
1.3348
1.3631
1.4089
1.6535
1.7107
1.4854
1.3063
1.2313
1.3865
1.4357
1.3132
1.1752
1.0956
0.9794
1.2939
1.6886
1.2520
1.7626
1.5027
1.1955
1.3422
1.2455
1.4283
1.3707
1.0288
1.3299
1.3070
1.2744
0.8524
1.1836
1.2261
1.2341
1.2218
1.3465
1.3881
1.1818
1.1939
1.4297
1.1887
1.3486
1.4200
1.1269
1.4521
1.5761
1.1647
1.1998
1.3630
1.3260
1.2669
1.4473
1.4200
0.9229
0.8857
1.0559
1.2931
1.3645
1.4587
1.3580
1.2535
0.8298
1.1871
1.1702
1.5818
1.4693
1.0536
0.9459
1.0250
0.9436
1.3006
1.2749
1.4535
1.4061
1.2716
1.7073
1.0235
1.5304
1.3668
1.2541
1.1070
1.2501
1.4242
1.5987
1.8819
1.6649
1.4052
1.3729
1.6037
1.5304
1.4586
1.4164
1.3848
1.5540
1.1568
0.9667
1.3169
1.2786
1.2700
1.1005
1.6145
0.9197
1.0804
1.1531
1.2090
1.8013
1.5192
1.1817
1.2720
0.9422
1.1236
1.3046
1.1988
1.2450
1.2711
0.9952
1.0031
1.2826
1.6022
1.2815
1.3358
1.2977
1.2682
1.1373
1.4427
1.2770
1.2454
1.6883
1.1923
1.6616
1.4664
1.3456
1.6722
1.4869
1.3402
1.7044
1.3779
1.8689
1.5723
2.0130
1.5829
1.6759
1.7098
1.4020
1.0314
1.2830
1.2524
1.2403
1.3342
1.2290
1.3021
1.0115
1.1357
1.1347
1.1505
1.2182
1.3814
1.3244
1.2825
1.2553
1.4127
1.2479
1.2828
1.1799
1.6763
1.4673
1.6736
1.1752
1.7487
1.2105
1.4577
1.3477
1.4240
1.2908
1.6205
1.8922
1.7288
1.2413
1.3835
1.1973
1.6243
1.5247
1.3337
1.3079
1.5311
1.2698
1.8366
1.3628
1.5506
1.4389
1.0866
1.6826
1.9793
2.1090
1.3200
1.3563
2.0948
2.0549
1.4371
1.8385
1.6160
2.0511
1.6671
1.7077
1.9144
1.8686
1.8401
1.9510
1.6943
1.7680
1.5105
1.9351
1.8202
1.6904
1.2458
1.1625
1.6993
1.4505
1.5453
1.6815
1.6345
1.6474
1.0693
1.8036
1.7915
1.4438
1.4686
1.1008
1.5297
1.3929
1.2662
1.6102
1.3432
1.8080
1.8142
1.3286
1.1236
1.2254
1.3019
1.8939
1.4122
1.7326
1.9138
1.8687
1.6521
1.1958
1.2729
1.5394
1.5323
1.7171
1.5320
1.8179
1.2399
1.7347
1.4108
1.4294
1.5962
1.6585
1.5343
1.5097
1.7099
1.7681
2.1945
1.4488
1.5012
1.4124
1.5840
2.1106
1.6930
1.4191
1.2782
1.0711
1.5818
1.6971
1.4639
1.1791
2.0172
1.3743
1.5984
2.1002
1.8683
1.5590
1.9852
1.8051
1.3408
1.8186
2.0631
1.7090
1.3039
1.2731
1.4319
1.5232
1.0723
0.9247
1.2170
1.0538
0.8195
0.8981
1.1232
0.9245
1.5915
1.5877
1.4809
1.8246
1.7062
1.7223
1.6581
1.3472
1.6975
1.6821
1.6091
2.0895
2.1872
1.9920
1.5142
1.4145
1.6733
1.6556
1.5405
1.6847
1.7130
1.6460
1.7922
1.4766
1.4936
1.4932
1.6149
1.8484
1.7273
1.6024
1.4155
1.2468
1.5621
1.0829
1.4346
1.1442
1.0188
1.1950
1.7453
1.8065
1.4312
1.4392
1.6181
1.4256
1.5884
1.4598
1.6226
1.8509
1.8646
1.4126
1.1222
1.7438
1.4465
1.8203
1.5023
1.2419
1.2056
1.6633
1.4281
1.1645
1.2548
1.4092
1.4067
1.6254
1.4790
1.3928
1.1809
1.1631
0.9231
1.3319
1.5000
1.4761
1.4388
1.0111
1.2982
1.7909
1.2766
1.6938
1.7775
1.6741
1.5583
1.5396
1.6689
1.2147
1.2201
1.3166
1.4396
1.4586
1.5212
1.6777
1.5817
1.5398
1.8365
2.0687
1.3594
1.2680
1.6820
1.4358
1.5708
1.9338
1.9762
1.3696
1.2041
1.4527
1.4597
1.5725
1.2554
1.2904
1.5489
1.3552
1.2500
1.2684
1.3238
1.2295
1.0787
1.1939
1.4062
1.3320
1.4124
1.0321
1.2879
1.2017
0.8778
1.1848
1.5290
1.1820
1.1608
1.1679
1.2591
1.0550
1.0305
1.2993
1.1968
1.1231
1.1613
1.0280
1.2330
1.1190
1.2428
1.4283
1.6114
1.2350
1.3325
1.2847
1.3243
1.1234
1.4828
1.4454
1.1970
1.4644
1.2560
1.4831
1.2040
1.2567
0.9319
1.4662
1.5189
1.3070
1.2538
1.0935
1.2352
1.2767
0.9659
1.4122
1.3602
1.5639
1.6077
1.5551
1.6679
1.5990
1.6111
1.9370
1.5863
1.4431
1.3872
1.4001
1.4961
1.8151
1.3211
1.5460
1.5951
1.4904
1.5268
1.6075
1.5441
1.4288
1.5793
1.2492
1.4232
1.7518
1.6532
1.7275
1.5765
1.5158
1.5155
1.3079
1.3752
1.5063
1.2956
1.3211
1.1666
1.0480
1.0304
1.4979
1.6181
1.6989
1.5887
1.7866
1.7359
1.5183
1.5553
1.6871
1.7706
1.7645
1.7503
1.6424
1.8744
1.8056
1.8814
2.0536
1.9621
1.9623
1.5299
1.8839
2.0978
1.8641
2.0243
1.8787
1.8844
2.0995
1.9684
1.5817
2.0797
1.9229
1.4457
1.3050
1.6212
1.6164
1.6938
0.9415
1.6528
1.3313
1.3529
1.6439
1.5224
1.1515
1.0879
1.3409
2.0734
1.6159
1.8600
2.0645
2.1445
1.9749
2.0252
1.7592
1.5647
1.6220
2.1280
1.8815
1.9207
1.8861
2.2447
1.5650
1.6520
2.2693
1.6625
1.4072
1.7276
2.0317
1.6796
1.4608
1.1655
1.0992
1.8019
1.5587
1.7393
1.2430
1.0988
1.3498
1.5175
1.3468
1.0647
1.5068
1.0850
1.5901
1.5876
1.1675
1.2009
1.0529
1.5059
1.5333
1.2918
1.2815
1.0762
1.0237
1.0275
0.8390
1.2178
1.3002
1.3556
1.1814
1.0506
1.4113
0.9693
1.4239
1.1441
0.9702
1.2138
1.0934
1.0591
0.9272
1.0653
1.6811
0.9237
1.2739
1.1561
1.2903
1.2320
1.1214
1.4594
1.5190
1.2500
1.9162
1.5775
1.6450
1.6777
1.4432
2.2064
2.0445
1.7031
0.9309
1.1665
1.3594
1.6990
1.7610
1.6301
1.4406
1.2859
1.4423
1.6198
1.7847
1.6829
1.7860
1.5850
1.6409
1.3971
1.7532
1.4942
1.7684
1.7343
1.6724
1.2023
1.4618
1.5341
1.4574
1.5244
1.6149
1.5648
1.4517
1.1522
1.9468
1.8375
2.0121
1.9690
1.5930
1.6371
1.8191
1.5970
1.4586
1.1830
1.7623
1.6321
1.3228
1.5666
1.3345
1.1802
1.0911
1.1491
1.0440
1.6166
1.5524
1.1931
1.4340
1.6070
1.8703
1.6822
1.9233
1.8874
1.7592
1.7119
1.2956
1.3171
1.4735
1.6014
1.2139
1.0118
1.5643
1.8360
0.8768
1.2651
1.4027
1.9286
1.7418
1.6243
1.6450
1.5146
1.4915
1.8198
1.3239
1.1231
1.3101
0.9653
0.8313
1.1862
1.7883
1.4213
1.1566
1.3967
1.0911
1.3789
1.3208
1.2744
1.1371
1.7213
1.4295
1.6666
1.4126
1.6320
1.2026
1.4071
1.6715
1.4193
1.2726
1.8888
1.0832
1.1953
0.9720
1.6735
1.2648
1.3763
1.4358
1.3546
1.5616
1.7409
1.2913
1.0729
1.5407
1.3018
1.7764
2.0040
1.9483
1.3935
1.4869
1.2413
0.8203
1.7868
2.1332
1.7217
1.8451
1.4960
1.6975
1.5698
1.9148
1.6415
1.7819
1.2807
1.2014
1.6057
1.4232
1.8135
1.6440
1.2708
1.4393
1.5818
1.1581
1.2802
1.7161
1.2493
1.2691
1.7468
1.9254
1.7463
1.9279
1.6121
1.5249
1.4503
1.3454
1.6387
1.8225
1.1639
1.3343
1.0197
1.1776
1.8114
1.4977
1.5571
1.5060
1.5832
1.6199
1.5713
1.4912
1.4827
1.6861
1.5498
1.5389
1.4137
1.4494
1.6267
1.7233
1.5930
1.3178
1.4434
0.8891
1.0776
1.0565
0.9184
1.3052
1.0309
1.1887
1.0143
1.1346
1.0868
0.9005
1.1884
1.4931
1.3186
1.3294
1.3750
1.7370
1.3263
0.9925
1.3646
1.4257
1.4681
1.9545
1.1312
1.3341
1.4276
1.3970
1.3241
1.2624
1.0452
1.2940
1.1694
1.4282
1.2353
1.2391
1.2497
1.5277
1.6787
1.2933
2.4375
2.2138
1.8863
1.3987
1.7841
1.6303
1.0205
1.1696
1.1191
1.2925
1.8985
1.3051
0.7725
1.1403
1.3171
1.0451
1.5727
1.3177
1.3758
1.3819
1.2542
1.0677
0.8538
1.0550
1.1868
1.4487
1.4586
1.2393
1.5619
1.3065
1.4128
1.4023
1.4956
1.4689
1.1437
1.2771
1.3926
1.3339
1.3029
1.4983
1.4116
1.1273
1.4090
1.1505
1.1597
1.4182
1.6927
1.4625
1.3539
1.5479
1.5016
1.3068
1.4236
1.2795
1.5584
1.4635
1.3532
1.2433
1.3025
1.7968
1.2861
1.2476
1.5378
1.6845
1.4661
1.0416
1.4987
1.5355
1.4538
1.6972
1.2093
1.4163
1.1302
1.2259
1.0159
1.4193
1.4765
1.6243
1.2277
1.6055
1.5709
1.0992
1.3605
1.4042
1.6685
1.5920
1.4390
1.6080
1.8600
1.7471
1.4426
1.7454
1.8784
1.6076
1.8964
1.6091
1.5026
1.7448
1.6607
1.7053
1.4140
1.4372
1.8537
1.4505
1.3366
1.3713
1.5389
1.7282
1.7089
1.7016
1.4641
1.3358
1.1490
1.4938
1.4620
1.7268
1.4500
1.3944
1.6148
0.9862
1.2030
1.1125
0.8558
1.2434
1.1725
1.5823
1.0368
1.4176
1.4677
1.2411
1.6371
1.7661
1.6797
1.4793
1.2279
1.4543
1.4058
1.4107
1.4108
1.3041
1.5442
1.5277
1.6763
1.0958
1.1098
1.3059
1.4884
1.3418
1.2446
1.7145
1.2891
1.4347
1.2769
1.3922
1.2171
1.7079
1.1447
1.7670
1.6888
1.7207
1.2957
1.3907
1.8380
1.5851
1.6958
1.4731
1.2754
1.6519
1.7954
1.3364
1.3979
1.6516
1.6258
1.4147
1.5454
1.8239
1.5868
1.2764
1.5156
1.7889
1.8451
1.5673
1.3213
1.4628
1.4925
1.6941
1.6875
1.3025
1.2682
1.1292
1.5419
1.3158
1.7652
1.4844
1.2421
1.4341
1.0690
1.1905
1.8276
1.4807
1.5566
1.0927
1.1813
1.2149
1.4525
1.5169
1.4513
1.7569
1.3740
1.4045
0.8489
0.7414
1.1802
1.1144
1.7572
1.8019
1.5978
1.3394
1.6569
1.7366
1.4113
1.3453
1.6068
1.1788
1.0273
1.2476
1.1199
1.2056
1.1744
1.3710
1.4049
1.6864
1.1061
1.1411
1.0373
1.1041
0.7613
1.1957
0.6732
0.7109
1.3872
1.3856
0.6228
1.6027
1.3960
1.7335
1.2666
1.2540
1.2198
1.4604
1.3646
1.3047
1.6048
1.6854
1.9731
1.3623
1.3473
1.3213
1.3617
1.8956
1.7190
1.1506
1.2658
1.1872
1.2668
1.3227
1.0581
1.1470
1.5466
1.4087
1.0251
1.0460
1.0291
0.8395
0.7534
0.7823
0.7079
1.0143
1.3552
1.1290
1.5145
1.3890
1.3508
1.4284
1.4091
0.9713
1.1038
0.8833
0.7661
1.2958
0.8198
1.0632
0.8780
1.0417
1.1666
1.0103
1.7017
1.7926
2.1082
2.0414
2.1327
1.1939
1.6746
2.2295
1.8287
1.7261
1.9066
1.6400
1.0100
1.6134
1.6866
1.3598
1.3309
1.6771
1.3292
1.8892
1.3113
1.3116
1.0932
1.2018
1.5987
1.4020
1.5670
1.0545
0.9289
1.0532
1.2903
1.0839
1.3134
1.3485
1.6627
1.3239
1.6504
2.0781
1.8065
2.0209
1.8254
1.5589
1.7937
1.0262
0.9350
1.2863
1.6350
1.6589
1.4353
1.2788
1.3575
1.2328
1.4102
1.5311
1.7355
1.3539
1.5614
1.4661
1.9521
1.9759
1.7904
1.5614
1.5140
2.0911
1.8769
1.8141
2.0648
1.6677
1.8577
1.8533
1.6069
1.7418
1.6892
1.8628
1.5550
1.5111
1.3247
1.4380
1.5692
1.0764
1.2818
1.4405
1.8419
1.6275
1.5703
1.6823
1.4999
1.6394
1.8439
1.7502
1.7090
2.0165
1.9000
1.9500
2.2812
2.1510
2.1349
1.9730
1.6926
1.8294
2.2227
2.0491
1.7357
2.0493
2.3059
1.9563
2.0858
2.2842
1.9807
1.7096
1.2933
1.6453
1.7804
2.0221
2.4205
2.2309
2.0003
1.6006
1.3281
1.6461
1.6443
1.6768
1.3988
1.0639
1.3281
1.5050
1.4027
1.7084
1.3808
1.2204
1.4116
1.4391
1.5141
1.2703
1.4326
1.2004
1.8585
1.2512
1.4277
1.3680
1.3078
1.0275
1.4911
1.2748
1.4885
1.6266
1.3595
1.6429
2.0327
1.4812
1.6247
1.1650
1.4926
1.3442
1.5358
1.4458
1.4403
1.3867
1.5108
1.4696
1.4053
1.6103
1.3351
1.1669
1.2172
0.9213
1.3738
1.1817
1.3008
1.1234
1.1759
1.4316
1.5619
1.3995
1.3635
1.3153
1.1489
1.1525
1.4685
1.3090
1.1518
1.1627
1.2186
1.3553
1.3978
1.3528
1.3985
1.5421
1.5252
1.4824
1.2568
1.3311
1.4469
1.2836
0.8625
1.3029
1.1513
1.2292
1.3128
1.0406
1.0859
1.4456
1.3736
1.1123
1.3158
0.9971
0.8584
1.1053
0.9724
1.2444
1.2838
1.2053
1.0080
0.9941
1.3410
1.1276
0.9986
1.1604
1.3163
1.0269
0.9574
1.4161
1.5799
1.8328
1.5814
1.2890
1.1033
1.5760
1.4844
1.1672
1.3411
1.1392
0.7862
1.1722
1.2867
1.2739
1.6431
1.6441
1.4422
1.2932
1.2372
1.3168
1.4389
1.4138
1.2954
1.3474
1.8586
1.6148
1.1792
0.9701
1.5292
1.0851
0.8482
1.0654
1.4824
1.4561
1.2632
1.2559
0.9499
1.1596
1.1943
1.2605
1.2106
1.4808
0.9613
1.2311
1.0596
0.7693
1.5579
1.3229
1.2553
1.1456
1.3140
1.6646
1.5845
1.3109
1.2319
1.1598
1.4758
1.7565
1.4902
1.2680
1.1024
1.3285
1.7294
1.7575
1.5670
1.3619
1.6314
1.2068
1.4956
1.3863
1.3736
1.3801
1.3605
1.3094
1.2290
1.2498
0.9890
1.2762
1.5003
1.1305
1.0762
1.3775
1.5168
0.9840
1.4676
1.5151
1.3966
1.1986
1.4740
1.7816
1.3791
1.6431
1.7329
1.3614
1.1447
1.0830
1.3487
1.2116
1.2079
1.4282
1.2797
1.2580
0.9712
1.2135
1.2560
1.1224
1.4318
1.4355
1.2123
1.3704
1.3504
1.1941
1.5625
1.3137
1.1924
1.0862
1.4736
1.0996
1.5097
1.2842
1.0351
1.1477
1.7542
1.5882
1.4523
1.3116
1.3721
0.9938
0.9897
1.0228
0.9879
1.0222
1.1565
1.2606
1.1292
1.4302
1.2919
1.7303
1.5077
1.2171
1.2832
1.2366
1.2426
1.2050
1.6929
1.5608
1.4810
1.4527
1.2320
1.3222
1.2042
1.1957
1.3225
1.4729
1.2185
1.1333
1.6545
1.4257
0.9587
1.6929
1.5070
1.5611
1.3315
1.5879
1.0834
1.3150
1.2562
1.6772
1.3343
1.2567
1.2979
1.6227
1.2988
1.7929
1.7841
1.5849
1.7598
1.4810
2.0541
2.4214
1.9186
1.8759
1.6608
1.6550
1.3613
1.9210
1.4679
1.3077
1.4304
1.2923
1.3778
1.6237
1.6648
1.7389
1.0177
1.3628
1.2070
1.6610
1.1427
1.4284
1.3967
1.4163
1.6406
1.4703
1.5236
1.6217
1.5458
1.2884
1.5123
0.8315
0.9949
1.1598
1.4655
1.4640
1.7099
1.3233
1.0612
1.0643
1.0360
0.9757
0.6523
0.7877
0.8364
0.8252
1.2141
1.0247
0.8379
1.0535
0.9421
0.9628
0.9439
0.9386
0.9546
0.9738
1.3175
1.1170
1.4433
1.4533
1.0133
0.8029
1.2524
1.4460
1.1499
1.0397
1.7932
1.6316
1.6860
1.5584
1.4806
1.4429
1.3594
1.1204
1.5462
1.7302
1.4728
1.3388
1.4420
1.4110
1.0674
1.2793
1.4465
1.2898
1.2591
1.2360
1.4935
1.6181
1.5470
1.2371
1.3363
1.2234
1.3033
1.4785
1.3070
1.1643
1.2206
1.4566
1.2966
1.4301
1.3757
1.0576
1.0647
1.0864
1.3930
0.9830
1.0342
0.9665
1.5625
1.7020
1.3938
1.4607
1.4854
1.2628
1.0648
1.1043
1.1467
1.3712
1.2097
1.0884
1.4937
1.1636
1.5245
1.2264
1.5482
1.5317
1.6062
1.5088
1.3326
1.5639
1.2402
1.2120
1.1925
1.6123
1.4876
1.2329
0.8763
0.9821
1.1655
1.0264
0.8926
1.2305
1.2206
1.0671
1.3378
1.1236
1.0789
1.3100
1.3036
1.4115
1.4684
1.2673
1.4394
1.4410
1.6047
1.0683
1.2331
1.2674
1.3058
1.0504
1.4170
1.1754
0.8869
1.2306
1.3228
1.3463
1.1040
1.1865
1.5016
1.4670
1.4446
1.4119
1.2476
1.2246
1.6801
1.3475
1.2148
1.3433
1.2431
1.1371
1.6674
1.5905
1.3720
1.4105
1.4559
1.3993
1.2075
1.1828
1.3033
1.0958
1.4297
1.5232
1.1500
1.4656
1.0318
1.2475
0.9375
1.1991
0.7752
0.9997
0.9312
0.9563
0.9410
1.2419
1.1071
1.1881
1.7063
1.3277
1.1084
1.1090
1.1538
0.9680
1.3640
1.3375
1.5085
1.6539
1.2813
1.3928
1.2089
1.3105
1.3239
1.5923
1.7287
1.5180
1.4000
1.1656
1.1642
0.9075
1.1507
1.0911
0.9860
1.0354
1.4938
1.5091
1.2986
1.5287
1.6764
1.0148
1.1752
1.1340
1.9968
2.1509
1.3783
2.1498
1.9035
1.8868
1.7967
1.4764
1.9761
1.6702
1.7286
1.3472
1.4406
1.7529
1.5180
1.5802
1.3453
1.4928
1.5364
1.5421
1.4507
1.6520
1.8864
1.6688
1.7887
1.9012
1.7540
1.6660
0.9800
1.1666
1.6135
1.6881
1.7101
1.9904
1.2983
1.6402
1.3509
1.0565
1.5690
1.6414
1.8383
1.6435
1.6664
1.6549
1.5031
1.6764
1.7942
1.5736
1.8817
1.3782
1.6898
1.6623
1.8123
1.7839
1.6274
1.2479
1.5160
1.3814
1.2011
1.7826
2.0128
1.5230
1.6018
1.5449
1.2933
1.7670
1.8272
1.8133
1.7086
1.5348
2.0089
1.7831
1.8324
2.1889
1.9224
1.3354
1.8023
1.6355
1.4462
1.4600
1.3433
1.5113
1.8100
1.7981
1.4277
1.9191
1.8047
1.4891
1.3939
1.9120
2.0615
1.6637
1.5497
1.6363
1.1045
1.2622
1.7060
1.4801
1.3711
1.5687
1.6848
1.4604
1.4783
1.6292
1.4093
1.9506
1.6014
1.5541
1.3512
1.5605
1.1862
1.4963
1.6992
1.3498
1.2784
1.0833
1.3214
1.3598
0.7213
1.3471
1.3395
1.0954
1.3803
1.4124
1.3307
1.3541
1.3627
1.4997
1.3681
1.3530
1.7525
1.1599
1.4044
1.0838
1.1773
1.2133
1.0238
1.4435
1.5147
1.1276
1.2388
1.5569
1.7044
1.6062
1.5062
1.6427
1.9041
1.6708
1.9279
2.3684
1.9033
1.7440
1.7763
1.1266
1.6457
1.9816
2.0904
1.9816
1.7145
2.2642
1.6427
2.1778
2.1022
1.6351
2.4953
2.0073
1.4590
1.5021
1.4671
1.4629
1.8350
1.4666
1.4765
1.6150
1.6633
1.9576
1.5276
1.6162
1.6445
1.5102
1.8366
1.5299
1.5196
1.8697
2.0152
1.5115
1.7562
2.1400
1.7329
1.9714
1.6003
1.3659
1.8362
1.2895
1.4729
1.0594
1.6040
1.1582
1.1817
1.1858
1.5681
1.7193
1.7707
1.7999
1.8511
2.0096
1.6254
1.2512
1.5019
1.7230
1.4758
1.2267
1.9297
1.4865
1.5082
1.4551
1.2444
1.5677
1.8187
1.2395
1.5681
1.8140
1.3747
2.1402
1.5034
1.8039
2.0672
1.6701
1.8254
1.7390
2.1324
2.0798
1.3012
