65.7946
65.9363
64.7741
64.6282
65.4386
64.2296
63.0745
62.9714
62.9369
61.3924
61.5226
59.3511
61.8990
62.4183
63.1843
63.1079
63.4994
65.1320
66.1081
64.4201
65.0568
65.1124
65.4419
65.0133
65.1049
63.8478
62.3846
61.8952
61.9342
63.1265
63.6003
63.9239
63.7092
63.8512
64.4129
64.3892
64.3770
63.5280
61.5405
63.9202
63.3945
64.4294
65.4622
66.7696
66.7138
67.8941
68.3366
67.8911
66.9436
66.2361
64.1695
64.4854
64.6343
63.9119
65.6733
66.0141
65.1599
64.7148
65.6355
66.7991
65.7151
65.4216
65.2861
64.4778
64.0911
63.8129
64.2528
62.9481
63.7757
62.7713
63.9364
63.4161
63.2931
62.5740
62.5732
60.6901
62.2023
61.7222
64.3458
64.3243
64.2352
64.7130
64.8990
66.5091
65.7954
66.4743
65.4459
64.8361
65.0014
65.0565
63.2796
62.1785
61.9716
63.4503
64.2354
64.3737
63.9979
62.4591
60.1050
61.2596
61.5601
61.9343
61.2733
61.9875
62.1777
62.1678
63.5702
61.4067
63.0212
63.6235
62.7023
61.6115
62.2661
61.3151
61.2326
62.6042
62.5447
64.4770
64.4821
62.0197
62.1129
64.0938
61.9495
61.7038
63.8259
63.6074
63.3563
62.8232
63.8449
63.4317
62.5529
61.6604
61.9102
63.0721
61.9598
62.0953
61.8401
62.1611
64.5069
64.0030
63.3517
64.5627
65.1876
63.3954
64.2256
63.1852
62.8145
62.3821
62.8548
64.6706
64.5412
64.7197
64.2702
63.8960
62.5424
62.5807
62.3997
62.5522
62.7549
62.8556
63.5290
60.8876
61.5965
61.5375
62.1807
63.6375
64.5687
64.7517
64.7084
64.7604
65.1592
64.6387
65.9742
64.9868
66.4517
65.8108
67.3583
65.5511
66.4253
68.0594
67.7059
67.5333
65.9853
65.9084
66.0011
65.3070
65.2245
66.3884
66.9309
65.5839
67.1876
66.9120
65.7955
65.3299
64.9127
64.8046
65.9429
66.0368
66.2432
66.0698
65.6327
64.6547
63.4273
63.2001
64.6646
61.1929
61.8470
62.3355
61.2215
61.6973
59.9418
58.7407
59.5385
59.0947
60.2271
59.1364
58.7036
57.9379
58.4377
58.4456
58.8230
60.6412
59.2032
60.1070
61.7232
60.7181
61.1137
60.5656
60.9587
60.9884
59.8109
61.1297
62.6432
61.1834
60.8893
61.4737
58.5039
59.1656
59.9584
59.9169
58.9425
58.8717
59.6532
58.5907
58.0363
56.9114
56.0420
56.9529
56.3054
57.2044
55.6078
56.5834
55.7273
55.7235
57.7264
58.5766
57.2642
59.1300
56.8394
56.8263
59.3039
58.9643
59.6668
59.4616
58.2112
60.3812
60.3767
60.6160
60.0721
59.8022
59.3962
60.8246
61.0653
60.6792
59.8844
59.0915
60.2735
59.4982
59.7047
57.9471
57.6343
57.2426
57.1346
60.0002
58.5029
59.4487
59.5128
59.9282
58.4212
57.2113
56.0355
55.3972
56.5614
56.4726
55.1857
54.7102
55.7082
55.4397
56.7564
56.3328
57.1120
56.0832
57.4403
57.7753
57.1631
54.4193
56.3629
55.0348
55.0776
55.3410
53.8614
53.6391
54.4423
54.6511
54.8722
54.3813
54.1964
54.1616
52.7316
53.9193
53.1717
53.8208
52.3424
51.7726
51.6124
49.8051
50.6995
50.9885
51.3584
51.6505
52.0363
52.7737
51.0926
50.5009
51.6945
52.2243
52.0596
50.9344
52.1158
50.2694
50.0279
51.1509
50.5163
51.0472
50.4797
50.1049
50.5685
50.7559
49.3971
51.0984
50.9543
51.3670
49.6100
49.2097
50.2663
50.3188
51.5006
51.7074
51.0539
50.1126
50.0806
51.1439
50.4836
49.5251
50.6184
52.6422
51.5330
50.6427
50.8026
50.7968
50.9306
52.2799
52.3655
52.9297
52.0284
50.9351
50.4979
49.5797
49.6615
51.4836
49.4987
48.8291
47.9821
49.4994
49.6733
48.7461
48.4732
50.3774
49.2536
50.0205
49.7853
49.0796
47.8728
48.5143
49.1674
48.9807
50.1802
48.7978
48.2449
48.1553
48.4348
49.3412
50.3748
50.4829
49.0926
47.6933
46.5731
47.7178
47.9443
47.3848
48.3361
49.2509
49.0894
49.2533
48.7861
49.9258
49.6255
47.2842
47.8148
49.2626
47.6453
49.4025
49.2674
49.1308
50.9470
50.9633
51.2353
50.5677
49.8873
49.6710
51.2338
49.7420
50.0803
50.4188
49.8844
47.8174
49.1896
49.1976
49.1372
46.8686
49.2937
49.7498
49.4425
49.4947
49.1493
48.5601
49.0449
50.4301
51.0366
48.6011
50.0783
50.7382
51.9988
51.2526
51.0765
49.9982
50.1926
49.6809
49.5069
47.9627
48.0759
50.0653
50.6927
51.4154
50.6466
50.1062
51.0153
51.9872
51.6975
49.7467
49.1407
49.6085
49.3519
48.5265
48.1737
48.9214
48.5905
48.8366
47.6669
46.9420
47.9230
47.5173
47.7802
45.3223
46.7898
46.5555
46.2913
45.6449
46.4251
46.2621
47.4636
48.9880
47.3730
47.0189
47.4407
48.8299
49.5739
49.5018
50.8500
50.1573
49.6410
49.8800
50.3948
49.3590
49.4419
50.0674
49.3394
49.0494
48.6367
48.7082
47.0108
49.9083
49.6104
49.0043
49.6835
49.0556
49.9493
50.3296
50.0896
49.4430
49.5208
48.3655
48.3582
49.9276
49.5993
48.4043
51.2085
51.0984
50.7571
50.4564
50.7037
49.3825
50.7076
49.8266
49.2773
48.7360
50.2849
50.5233
50.2734
50.5142
49.4595
49.2059
49.7145
49.8059
48.3828
46.7253
47.7775
47.4777
47.9365
47.4631
48.6344
47.5941
45.8324
47.0365
46.3923
46.8157
48.9338
47.7664
46.4758
47.0889
47.5168
47.1051
47.4538
45.6919
45.5782
45.0365
43.8760
44.6037
43.5830
43.0277
41.9147
43.0077
43.2750
42.1628
41.7671
41.7605
42.8705
42.8859
42.7079
42.8848
42.5686
42.7549
44.0335
43.0281
44.3565
41.2531
43.7113
45.5102
44.2161
44.3159
44.6928
43.8355
44.3880
43.3376
45.3106
45.0780
44.0736
43.7424
43.8446
43.3467
43.3807
43.7565
43.3145
44.4198
43.9021
44.1221
43.1627
42.2717
43.2742
44.3412
43.3145
43.9734
44.2491
44.3183
42.9816
43.0304
41.6877
42.4089
41.8828
41.2027
42.2791
41.1463
41.2264
41.3895
40.9066
40.3573
39.5167
40.9652
41.6988
41.4449
41.6531
41.1192
42.9148
41.2222
40.7285
39.9244
41.0702
41.6772
39.3021
40.7838
40.7522
41.1672
41.0575
41.2527
41.4955
40.0832
41.6438
41.0064
39.3354
39.1966
39.7393
38.8749
38.4860
37.9266
38.5251
39.2449
39.6870
39.8057
39.2252
38.5196
39.6647
38.8749
39.8456
39.0511
38.0684
39.5265
39.5967
38.5274
37.4049
38.0043
38.6799
38.1518
36.8723
37.2217
37.5848
37.4626
36.9987
36.7950
36.3056
36.3327
36.0080
35.7575
35.2572
35.9540
35.9158
35.8278
34.4890
35.7984
36.0162
36.5238
35.7985
36.5106
36.5809
37.3081
36.4919
37.6829
36.7948
36.8764
36.7656
37.2015
36.6643
36.4820
37.2510
37.3588
36.7860
36.7275
35.3932
34.4325
33.1163
33.3604
34.1641
34.3575
34.3124
33.8876
34.3069
33.2530
34.3313
34.0682
35.0099
34.4311
35.3610
36.1978
37.0392
36.5244
37.4088
38.2004
40.5785
38.7396
37.0674
38.0326
38.7517
38.4770
38.6744
38.0087
38.2641
38.8153
37.9329
39.1693
39.5554
39.0971
39.4009
37.3678
37.6174
37.0108
37.2743
37.3817
36.6472
35.5650
36.4486
37.2964
37.3262
38.1195
36.4879
36.4099
36.9653
37.4092
36.8139
38.0296
36.4481
37.2363
38.0268
37.7453
36.5478
36.6816
37.6525
38.1266
37.2863
37.9027
38.2366
36.6075
37.2237
38.3873
37.3569
37.3453
36.7573
36.9316
38.0321
39.7625
38.6841
39.2820
38.6420
37.3712
38.6939
39.3606
40.7142
38.8906
38.8690
41.1124
40.4589
39.2891
39.7140
41.7577
40.6731
40.5993
41.1462
40.7196
41.5287
42.2045
42.5614
41.0480
42.0283
40.6566
39.9861
38.9833
37.5955
38.3620
38.7312
38.9489
37.6723
38.7689
39.1202
39.8264
39.0293
37.6458
38.9080
39.4715
38.8659
37.8406
38.7197
38.7234
38.4798
37.9305
39.5160
40.6896
39.7729
40.2940
39.4302
39.5862
39.7497
41.4251
41.0400
41.1960
40.4130
41.1519
40.7588
41.0854
39.5966
38.9237
38.9823
39.3449
37.9747
38.1529
37.3276
37.9003
38.1724
37.9739
38.5246
37.5795
38.3929
38.6419
38.5622
39.3735
38.1526
37.0919
38.1160
38.3054
39.4744
39.6256
40.7411
40.9390
39.6608
40.2875
41.1216
40.3247
40.4135
40.8917
40.1735
40.6334
41.9505
41.4011
40.3268
40.6455
40.8791
42.4456
41.2342
39.8126
39.2860
41.1425
39.1927
40.1296
40.5636
39.2865
39.2533
39.1177
39.2546
39.4159
39.3948
39.2431
39.1524
39.2677
39.9407
41.2816
40.0186
40.8372
41.3656
40.7118
41.0116
40.5544
40.2138
39.8926
39.7423
40.5700
40.6115
40.7488
40.6827
41.0673
41.8517
40.5525
40.1818
40.0615
40.2387
40.2041
41.3792
42.5067
41.5141
40.2643
41.1820
40.6258
40.5433
42.7734
42.8466
41.9740
40.9054
42.4268
42.9967
42.3107
41.9063
42.6257
41.6558
41.3056
41.1178
40.5527
41.0775
41.8281
44.3787
43.9623
44.4726
44.0976
44.3269
42.7947
42.9232
42.5912
40.3034
40.3400
41.5493
40.1941
41.5770
41.6453
40.1236
38.7658
38.2305
39.6735
39.3401
41.4033
41.8381
41.0799
40.6326
43.0949
41.2718
40.3534
42.0379
41.8960
42.7673
42.2046
39.9667
42.0514
41.5594
41.2481
42.1213
41.7358
39.7015
39.6051
39.4257
39.4033
39.0475
38.6637
39.9655
39.3544
38.9219
39.4160
38.7547
38.1669
38.3405
38.6737
38.0029
39.0030
38.0578
38.7233
39.7194
39.6575
39.4517
40.2625
40.5332
42.1113
41.8126
41.3901
40.9507
42.0515
41.0488
41.4864
39.8989
40.1493
40.8357
41.9795
41.8440
41.9437
41.8722
41.0629
40.4928
41.5045
41.6976
41.9672
43.3942
43.5802
40.7610
42.4691
42.5291
44.2231
43.9114
44.1063
43.9085
43.4254
41.9788
42.3895
41.2798
42.5521
43.9985
42.3106
41.7856
42.1887
41.7788
42.5331
40.7702
42.8379
43.2861
43.6182
43.0109
42.3907
42.1075
42.1536
42.7658
44.3093
42.5476
42.6240
44.5031
44.8601
45.7081
47.4045
45.7379
45.1010
45.8813
44.8264
45.1018
45.7138
46.5374
46.5154
45.3630
47.8473
48.1673
44.9755
46.4742
44.9102
45.3709
43.9817
44.0101
44.2293
45.2797
44.9355
43.5377
43.5720
42.4033
43.6605
43.8771
43.0136
43.9463
42.8760
44.3456
43.9436
44.9789
44.7114
44.4638
44.2685
43.5397
42.1767
43.2686
43.6878
44.4465
43.1900
41.8453
42.5869
43.1579
44.6816
44.1142
42.5569
42.2744
42.9198
43.0393
44.3963
43.3633
44.4351
44.7118
44.9696
46.0523
45.3463
44.0893
44.8176
44.5237
44.3867
44.8117
45.4425
45.8902
46.5752
44.0787
46.2587
45.7150
46.2535
44.9212
45.3945
45.5863
44.7670
44.9078
45.8334
45.0934
44.5314
44.2364
45.3007
44.5554
46.6300
44.5021
44.6226
44.1824
44.8087
44.2730
44.4894
45.4659
45.2394
45.9155
44.4824
45.2166
46.2004
45.5043
43.9023
45.4014
44.5572
43.8580
44.1715
44.0604
44.2621
45.4598
44.3238
44.7593
44.0647
44.5080
45.5555
45.3333
47.2841
46.8236
46.6755
47.3386
46.5851
46.7664
47.0669
47.8536
47.1358
46.8899
47.3658
46.6318
47.2382
45.2738
44.7748
44.6069
45.8825
44.8690
45.3321
46.2701
46.3762
45.2185
45.8004
44.9441
44.7124
45.4982
45.0154
44.1863
45.2867
45.3439
44.5405
44.0651
45.5654
45.9244
46.2951
45.6446
46.3179
46.3421
45.6615
46.1356
47.1250
46.0498
45.0010
46.1831
46.7343
46.8789
47.4225
46.2149
49.2663
47.6816
48.0077
48.9849
48.9450
49.9971
51.1490
50.1744
51.2624
50.5580
50.7691
51.3040
51.0014
50.1193
49.4406
48.5113
49.1253
49.1824
47.7590
47.8052
49.0002
48.5452
48.6958
47.2498
47.2858
48.3778
47.4438
47.5519
47.6759
46.9755
47.2482
47.8596
46.2816
43.5276
44.8582
45.2100
44.8400
44.9986
45.1675
45.3930
47.6279
47.8459
47.5989
45.8817
46.6279
46.5695
45.8535
45.4637
45.7285
47.2375
48.2470
47.4776
48.9903
49.9247
49.9639
48.9510
49.2763
51.5190
50.9269
52.5077
51.4051
51.6660
51.7156
52.5109
53.1873
52.2451
51.9674
50.0009
49.1273
50.3184
49.8201
48.5678
49.5777
49.1061
47.5996
46.9251
47.2804
47.3275
48.5388
48.7423
47.2862
47.1979
47.7023
48.1693
48.7856
47.6505
47.7237
45.7122
46.6606
47.6770
48.7260
48.3053
49.6825
48.8430
50.1011
49.5925
50.6585
50.6986
49.9039
49.1206
49.5208
48.7625
50.2072
50.6944
49.5109
49.5243
49.8068
48.3205
48.3563
48.1991
47.3841
47.6424
47.9997
47.8865
48.7934
48.8600
48.8462
47.3519
47.6586
48.8267
49.3119
48.2793
49.3097
50.3666
50.2452
50.6262
49.3066
48.6013
50.4706
51.3683
50.6633
50.7896
49.2068
51.2487
48.2906
49.2733
50.4492
49.6418
49.9850
51.6449
50.7480
50.0355
50.3486
50.0452
49.0453
48.9711
48.8800
50.2411
51.5768
51.6035
52.4720
51.7549
53.6441
52.0332
52.5515
52.6782
51.8982
51.7701
50.7205
51.0348
52.0072
51.4166
52.3664
51.7023
51.0791
50.3289
50.8627
51.4739
51.3970
51.4926
52.0932
52.2825
52.1990
53.0199
51.7052
52.5787
51.3384
54.4595
51.5944
51.8520
52.5202
51.4825
50.3765
50.6249
50.8803
49.0262
50.3574
49.1271
49.8026
52.5318
50.2110
50.6900
49.0689
50.0959
50.6113
49.3914
49.2965
49.5175
49.6433
51.6430
52.6232
52.0030
52.4782
52.8537
51.7147
51.1840
51.2322
52.9177
51.9677
51.5324
51.9758
51.7747
51.4917
50.6427
50.5802
51.3994
51.8047
52.8624
52.5655
52.6197
52.2402
51.3233
51.5120
50.5891
48.8630
49.5181
48.2114
49.8118
49.6644
49.5386
48.5572
49.7395
50.6018
50.1289
50.0677
50.2652
49.6610
51.0849
50.6305
50.9903
50.4548
49.9700
49.9405
50.5422
50.9353
50.6959
50.5238
50.5110
51.5537
51.4567
52.7171
50.9612
51.7701
52.3178
51.6333
50.0668
51.6190
51.0761
51.5530
50.7342
51.2647
50.0057
49.3537
47.7884
47.3764
47.3638
47.5227
45.9200
46.4782
46.8522
45.9632
46.7347
46.1028
46.8001
46.1681
45.9987
46.0363
45.0314
44.9406
45.8690
46.1685
47.0614
47.2022
45.7476
47.6849
47.9852
48.3469
48.7884
49.4721
48.7953
49.6253
49.8872
50.2097
48.7344
47.2069
48.9748
47.8468
48.1359
48.4701
46.9387
48.1199
47.2792
46.4067
46.7263
45.9508
45.1427
44.5643
45.2726
44.4484
44.7898
45.0249
45.4469
44.3496
45.9130
46.6600
46.3106
46.5021
48.4852
48.4342
47.0501
46.6231
46.5237
46.2127
45.3233
45.2915
44.0422
45.2309
42.8864
43.6666
44.5702
44.3897
43.1853
42.6695
42.4175
44.1071
44.3074
43.4945
44.7403
44.3071
47.1095
45.1102
44.7671
45.0719
45.6532
46.2378
44.6896
45.4399
45.4214
45.9133
45.4975
44.8100
45.4000
44.2114
44.3106
42.5874
43.8549
44.6036
42.9496
44.8279
44.6960
46.0005
45.0806
45.8048
46.8857
47.9656
46.1068
46.1479
46.5123
48.1069
46.7598
46.3706
46.6285
46.5958
47.1341
46.9674
47.5830
46.5782
47.4462
45.6552
45.9458
45.8351
44.5611
45.9167
45.0467
45.7921
46.5639
45.3608
44.7830
44.5643
45.1955
46.0813
46.3413
46.2532
46.4223
47.2480
46.0997
46.0713
46.3612
45.6731
43.8390
45.6095
45.9055
44.9783
45.6752
46.6182
45.8130
44.6194
46.6509
47.0430
47.6426
47.1313
47.8924
48.4570
48.2261
48.2874
48.7055
47.6149
48.7119
47.7488
48.1903
48.9110
48.3785
49.0929
48.9811
49.1502
48.0183
48.2573
45.9666
47.3360
46.8869
45.4725
46.6238
45.9352
43.3112
45.4958
44.4252
43.0805
44.4862
43.4845
42.7757
43.5614
43.4859
44.3898
46.4282
46.7926
45.5487
47.0629
47.4518
45.6817
46.3697
44.8561
46.1080
45.5274
43.6628
44.7454
45.9663
45.5675
44.6094
44.0917
45.1925
44.4318
44.5261
45.6853
45.3112
44.2186
44.9105
45.5770
46.1994
44.5595
45.9736
45.6548
44.3298
46.6381
46.4671
45.9357
46.8907
46.9511
47.5359
47.8426
47.3253
46.5243
47.4300
46.7355
48.4914
46.6196
46.6033
46.7997
46.4355
44.0602
44.0578
43.0117
43.1539
42.3365
42.0666
42.4561
44.1234
43.4600
44.1219
43.9849
45.2354
43.7238
44.3980
45.7284
47.1421
46.0059
45.4511
45.1181
45.8541
44.9236
45.7064
45.7348
46.2378
46.5196
46.7791
46.5189
44.3379
45.5348
46.0737
45.8852
46.5477
45.2129
44.8102
43.8448
43.3937
43.7417
44.4075
43.3437
44.3496
43.9403
44.9201
45.7628
46.1247
45.6544
45.3558
45.6870
45.2720
44.0220
45.6145
45.8253
47.0548
46.7755
46.4020
46.1586
45.1801
47.2048
46.0568
45.6547
48.0985
47.5253
45.8065
46.3371
47.2775
48.7334
47.6858
47.8773
46.5599
45.9485
46.2636
45.5634
46.9727
47.4837
48.4744
50.0490
50.8861
50.5351
52.0862
51.8768
50.4578
49.5960
50.1362
50.7596
51.7046
51.6904
50.8756
51.0645
51.4995
52.0113
52.6638
53.8271
52.5807
53.3164
50.8800
51.4241
51.5097
52.4360
51.9715
51.4222
52.0438
53.0265
50.2553
49.7099
49.1263
50.4100
50.3552
49.9289
49.4819
50.2897
49.3001
47.6340
48.4793
48.1677
48.8636
47.7687
46.9322
47.7166
48.4610
49.0216
49.4689
48.9016
51.4066
51.1994
50.1855
48.9005
47.6676
48.1213
48.0061
48.5546
47.0919
47.4491
49.0325
49.1169
49.1021
48.8216
49.2231
50.2801
48.9645
50.6048
50.7072
49.9553
49.0097
48.1261
49.3266
49.9794
49.3128
49.1809
50.5087
51.4367
52.0441
50.8042
51.2094
50.0942
49.8526
50.8947
49.4493
50.8774
49.0919
49.8541
49.5646
49.8001
51.4588
51.5933
51.2409
51.5609
51.3885
51.0862
50.0544
51.7520
51.7275
51.3369
52.3341
52.1564
51.7210
51.1116
52.0681
50.9000
50.8755
52.7440
52.7795
51.8190
52.2481
52.0227
51.7923
51.0359
50.7688
51.6746
52.0983
52.8888
53.8947
54.5849
52.5070
52.6420
52.4634
51.3791
52.1758
51.9496
51.4986
51.0353
50.0467
49.2671
49.1556
49.9548
48.6253
48.2129
47.8648
48.3488
50.2604
52.9653
51.4403
50.7808
49.7950
49.0284
49.9421
49.6783
49.4957
51.5754
50.2535
50.3969
49.8420
47.7579
49.6941
48.0506
47.4283
48.7771
49.0520
48.0752
47.8916
46.4695
47.1665
46.9539
48.0541
47.5949
49.1972
49.5961
50.1981
48.9750
48.7628
48.3964
47.9938
47.4600
47.8966
45.7097
46.7255
47.1264
47.3050
49.0863
47.9507
48.1828
47.9413
48.3010
49.1493
47.2035
49.6701
49.3647
49.1426
47.5595
47.5952
48.8309
48.3585
47.9840
48.0929
49.0832
48.5944
49.9131
49.8888
49.3724
49.0336
50.8925
49.9255
49.1506
46.8433
47.6407
47.3071
48.9350
48.8985
49.4458
49.3709
47.7193
48.2708
47.6490
47.7576
47.2078
46.1851
44.9545
46.1244
47.0548
45.3274
45.2380
46.8453
46.0759
45.5007
45.4281
45.4198
46.8086
46.2913
45.9103
44.1552
44.2923
43.3762
46.1920
46.1478
45.4749
44.7736
46.7798
46.3681
45.8049
44.8450
43.4067
43.2577
44.2658
43.2657
41.8186
42.2802
43.3194
42.9345
43.4501
43.6868
42.6299
43.7278
41.9733
42.1876
41.7272
43.3659
43.2441
43.0804
43.3408
44.5332
44.0565
44.8674
43.5503
44.0904
42.6899
43.2526
40.6397
42.0727
41.7293
41.8751
42.8958
42.4842
43.1799
41.7350
43.7045
43.2670
43.7186
44.4265
42.7004
45.1602
44.4408
43.6704
44.0378
44.6171
43.8485
44.0938
44.1401
45.3867
46.2378
47.3069
47.2156
47.4676
45.4543
45.7516
46.7401
46.3677
46.3624
46.7455
46.8006
47.3787
47.4302
45.6826
45.7871
46.1345
47.1857
45.9750
47.2190
46.3015
45.7063
44.6027
44.6542
44.4349
44.1518
44.5739
42.2094
41.5318
40.9357
40.0927
39.7407
39.8187
40.7671
42.5082
41.2614
42.6017
42.6846
43.3276
43.5067
42.6343
41.7813
42.9267
41.8927
41.7429
42.1901
41.7778
41.1406
40.5277
40.4017
40.7431
40.6235
41.0435
41.2841
42.4653
41.1690
41.4195
42.0578
42.2962
40.7300
40.9307
39.8093
39.8130
39.0255
40.9639
40.0930
39.8693
39.9492
38.5636
37.4761
39.0516
39.2526
41.3098
40.0705
41.0734
41.9668
41.3372
42.0997
42.9439
42.8043
42.8814
42.3730
42.7430
42.8048
41.0877
40.6678
41.3587
40.3644
40.3538
41.5316
41.9369
41.0764
41.3792
41.8555
41.7422
43.4018
40.9411
41.6236
40.6419
41.7969
42.4519
42.3607
41.7940
42.4674
42.4100
42.2957
42.5515
42.9855
44.0085
43.7409
43.8077
43.5073
41.8443
43.7677
43.2297
42.3810
43.8036
45.1483
44.2894
42.3486
43.8227
43.4886
42.8226
43.7156
44.6602
44.8288
45.8522
44.2654
44.8684
43.1302
42.0377
40.7013
42.3513
42.5045
43.3693
43.6107
43.1592
42.1036
42.4310
42.7061
42.8406
43.1376
44.5387
43.3507
41.8854
43.9099
43.5271
43.6806
44.3659
42.6042
44.6924
44.9206
43.7824
45.2838
44.7996
44.8627
43.5848
44.6543
44.3255
43.4597
42.2083
42.7115
43.5870
43.9461
45.3915
45.6439
46.4459
44.9071
46.7565
49.3106
45.7539
46.2611
46.7969
48.2281
49.0420
48.7101
47.4481
48.2080
47.4937
46.3554
46.7209
44.4781
46.1964
47.0077
48.5581
46.2024
46.1856
45.3410
45.9950
44.1688
44.0054
44.6299
44.9551
45.3022
45.5956
45.0882
45.8543
45.0639
44.5198
44.5525
44.8906
46.9351
46.7942
46.6336
45.3282
43.4995
43.2532
43.2201
44.9817
46.2121
44.8213
46.2676
46.7710
48.0022
47.9403
46.7284
47.7430
46.6768
46.4154
46.0280
46.5008
45.9274
46.4597
44.7858
44.7412
45.1448
45.9101
45.7767
45.0986
45.8410
46.9007
48.8751
48.1551
46.5790
47.4399
47.7524
46.8364
46.1074
45.2520
44.3616
43.5196
43.3813
42.1823
42.0409
40.4923
42.5098
42.9531
41.8744
42.0174
42.8111
42.0973
43.1039
41.3968
41.1753
40.8304
40.6584
40.8399
42.0927
40.9674
42.0988
42.7107
42.4766
39.4397
41.8886
42.4049
43.3178
42.8145
43.4227
43.1173
44.0513
42.3734
43.1735
42.7559
43.1586
43.6173
43.6613
44.5553
43.0263
42.7145
43.9432
43.0275
43.3400
41.7240
42.3377
42.4013
42.0537
41.4401
40.4053
40.2819
39.3908
40.2130
40.4079
39.4233
39.3523
39.4050
40.3477
40.3898
41.1579
40.1668
40.5220
40.9895
40.4445
39.9992
39.3490
39.9462
37.9884
39.5394
39.7115
39.9326
38.8865
38.6140
38.5005
39.3196
39.8323
40.0282
40.5951
39.8387
39.8626
39.8186
38.7408
39.4688
40.7415
42.2052
41.1059
42.0433
41.0988
42.3598
43.1608
43.5202
44.1461
41.7834
42.8569
42.6635
44.4117
43.1279
42.2865
42.3998
42.7646
42.0073
41.7984
41.8095
42.0282
43.5879
41.8321
41.8306
43.5193
42.4125
43.8914
42.4270
43.3325
43.2052
42.8237
44.3127
44.1871
42.8359
42.6216
42.9766
41.4113
41.5741
42.6750
42.2459
42.3546
42.6882
42.5515
42.5831
40.6872
40.2588
40.6833
42.3285
42.5696
42.4513
42.4524
42.2236
41.7869
40.9013
42.8946
41.5409
41.8977
44.2970
42.3995
44.0524
44.3497
43.4306
42.5977
44.6801
44.0219
44.0592
43.6828
43.7824
44.6742
43.5371
42.5864
44.0249
44.1836
45.3535
45.2620
45.1371
45.6408
45.5995
47.3355
46.8362
47.2344
46.1695
46.5367
46.3024
47.6140
47.5459
45.9723
46.3764
46.2031
45.0094
45.7972
45.8481
44.2429
45.6962
46.1746
46.9951
45.9144
46.6030
47.0206
49.1663
50.1881
49.4993
49.6570
49.3710
48.5867
50.2472
49.1150
48.8102
48.9549
48.3156
48.2619
47.6014
48.1870
48.1446
48.4263
49.7995
49.9494
51.1525
50.6290
48.8043
48.7746
48.0346
47.5457
48.4474
48.2495
48.8595
47.9088
47.8502
48.0211
48.0609
49.1824
48.0511
49.2571
49.3409
48.4526
48.2985
45.7260
47.8703
49.4301
50.2569
49.8082
50.3387
50.6347
51.7576
50.1729
49.9607
48.8727
48.8146
48.6182
48.5834
48.6566
48.8821
50.2171
49.9201
48.5171
48.6160
48.5780
47.7620
47.1698
49.3799
48.8760
48.9560
47.8801
47.7466
46.1183
46.6104
47.9281
49.9087
52.6538
51.4176
50.5011
47.9182
46.7307
46.1740
47.6899
45.5748
46.7765
46.4475
46.6291
48.2289
49.8746
49.4751
47.4777
47.9508
46.9138
47.9606
48.4074
47.5551
46.7553
47.4783
48.8953
49.3364
48.6319
47.7474
47.3583
48.4202
49.0312
47.5908
49.4943
49.7878
49.8930
48.8170
47.9767
47.9719
46.7538
46.5189
48.0029
47.2654
46.4611
47.4282
47.6940
48.2591
48.5036
47.3527
47.1316
48.7940
49.2285
49.1852
48.5301
48.9792
48.8614
48.3812
48.1631
49.7795
49.1365
50.0471
48.1632
47.5970
48.3448
48.5892
48.1268
47.1632
49.1393
45.4766
46.6596
47.2944
47.8420
48.2663
48.3719
47.8115
47.3404
46.1115
45.1021
45.7791
46.0660
46.4580
47.0951
49.1664
48.7902
47.2479
48.5051
47.3148
47.6245
46.1169
47.9331
50.4830
48.7289
50.0068
51.1601
50.6789
51.2426
49.7083
48.2535
47.4345
48.8471
47.9529
48.7874
48.0961
47.9407
48.5170
49.3072
47.7944
48.9811
47.6787
50.0540
47.2451
48.7593
47.1789
46.9834
46.5481
45.0879
46.6169
46.7761
47.0142
47.2948
47.6496
46.3958
47.4645
46.7856
44.9762
48.1784
46.8201
45.6728
45.1506
46.4692
46.1341
45.3103
44.1344
44.4809
44.0744
44.6481
44.6401
45.2811
47.6727
47.7293
45.7404
46.9909
47.6645
48.6648
47.9046
48.7044
47.6590
47.8837
47.9803
48.9625
50.4692
50.2582
51.2200
50.3121
48.7854
49.6803
49.2859
49.7143
51.3979
51.1305
50.8315
51.0874
51.0306
50.9817
50.3534
51.6161
51.2982
52.2816
49.5882
50.8986
51.1551
51.6073
51.7135
52.1280
52.2356
53.8272
54.2432
54.1541
54.9185
55.9010
54.6075
52.4130
54.1163
54.3952
55.0910
55.4843
56.4338
55.3545
55.5099
55.3979
55.3123
54.3470
53.7536
52.9877
53.6980
52.3558
51.7975
51.3540
51.9722
51.0349
53.1950
53.6341
54.0265
53.9613
54.5598
52.4939
51.9429
51.4753
52.0682
50.6634
52.0115
49.6144
52.6096
50.5282
50.8570
51.5675
52.5404
53.8378
54.3861
53.5695
52.5218
52.9180
54.6376
55.2041
55.1520
52.2269
53.0895
51.6716
52.7871
53.6264
53.3057
54.8845
55.3805
54.6688
53.1171
53.5019
54.5813
53.1133
50.9625
49.8887
48.0487
49.1130
50.2621
51.5691
51.2724
50.7180
50.7297
51.1294
50.3074
52.3872
49.4289
50.0834
50.3523
50.4013
51.6579
51.4013
50.5809
48.4433
50.5683
49.9189
48.9842
49.0891
50.6740
51.1445
50.8185
51.5443
50.9491
50.2775
50.0969
50.5969
50.8277
50.1134
51.6249
50.4961
49.2467
50.1404
50.3291
49.7059
48.3686
48.5050
47.8504
48.9380
48.4257
49.4618
50.0867
50.9873
49.8914
48.7303
50.1642
49.8328
50.7983
50.5051
49.9777
50.6717
49.5866
48.8729
47.9491
47.6060
47.5292
48.7068
50.1963
50.1917
47.5464
48.3467
46.7851
46.8303
48.5258
48.6405
49.3187
50.1164
47.9731
49.4764
50.4067
50.4311
47.8008
49.1971
47.7784
48.3704
47.9827
48.7068
49.2478
50.6240
49.7655
47.5661
46.9729
47.3316
46.7407
47.3171
49.3394
47.6638
46.5285
46.4977
48.3191
47.8542
47.3781
48.0523
45.8855
45.0670
45.0281
46.2366
46.1516
44.8121
45.6928
47.8704
47.0893
47.3166
47.7313
48.0084
48.9028
47.7676
46.8617
48.5367
48.4101
47.9917
47.8018
49.6833
50.4129
49.3317
50.3634
49.5424
49.5172
50.0269
50.5203
48.4796
49.0136
47.5098
48.0019
47.0422
47.3717
49.3577
48.1331
48.0523
48.2354
48.4445
48.4045
47.0986
47.2883
47.9844
47.8968
47.7880
47.1265
45.8810
45.3337
45.7919
43.1727
45.7889
45.4750
46.2719
46.7779
46.8434
46.3489
46.2693
45.9355
46.5296
46.2939
45.4685
46.9279
47.2427
47.2047
47.4915
46.9779
47.0469
46.8471
49.0381
47.1783
48.0780
47.4930
46.8908
48.0508
47.8055
47.4263
48.2816
48.8009
48.0780
47.6001
48.4035
48.7809
48.6044
47.7778
48.9435
49.5369
48.7381
47.8564
49.0723
47.5726
49.9626
48.6612
49.5124
50.2195
49.3940
48.3445
50.0639
49.0490
47.7258
48.4213
48.3634
47.7460
47.8985
46.9159
48.1197
49.0461
48.9675
48.4632
47.7690
47.1756
48.7696
47.8796
48.5138
49.8481
48.4387
46.7013
46.7289
46.8772
48.8430
48.4146
50.0796
49.2340
47.2554
47.1167
47.4664
46.3075
47.6664
47.8640
46.9589
46.2132
46.0876
46.6549
46.3519
46.3658
47.1132
46.7983
47.3601
46.6694
46.1293
47.0000
47.7796
46.9663
49.0138
47.7135
47.7952
47.8339
47.3795
48.7155
48.2719
49.4237
48.9224
48.5218
48.8938
49.0341
48.5240
48.4541
48.5941
50.4793
50.7275
50.4847
50.0800
49.5224
48.7703
46.8550
47.7942
48.6311
50.1500
50.2724
50.3462
50.7756
49.5686
50.0309
49.3694
50.0143
49.4361
48.7154
47.9486
47.7221
48.2187
49.7183
50.8637
49.3433
48.3159
47.8348
47.9167
48.3600
49.7997
49.6815
50.2425
50.8326
50.7795
51.0309
52.0184
51.3355
53.1016
52.0498
51.0336
52.7835
52.5007
50.7611
48.7809
51.5433
51.4977
50.4572
49.6714
49.7142
49.5632
49.4824
48.7887
48.1109
49.0059
49.1225
48.8984
47.3502
47.0232
47.7320
47.2219
46.9964
46.8915
46.1505
47.0576
47.4883
47.6963
48.0773
48.7042
46.7314
47.3009
46.7166
45.0588
45.4353
46.4856
45.5315
43.6663
44.1319
44.7502
44.6491
43.8133
43.6555
45.3571
46.2399
45.9182
46.0930
44.8035
44.4119
44.8218
45.0397
45.8139
46.2119
46.4274
45.9957
45.2637
45.3391
45.4691
45.0102
44.1349
43.4874
44.7428
46.3396
45.3168
44.6969
44.7691
45.2641
44.3814
44.7611
45.5073
44.1225
45.0040
45.7541
45.2264
48.4166
48.8682
47.4037
44.7609
44.3654
45.0035
45.3756
45.0411
45.2524
45.0777
44.5452
45.2510
45.0081
44.7248
44.5645
45.5214
47.3248
46.6649
46.5595
46.5646
44.8160
45.3946
44.7786
44.2154
44.7402
45.0712
45.7156
44.9532
46.9681
48.6397
49.1048
46.6041
45.7869
47.1750
46.9531
48.1588
47.5729
47.5767
46.8367
46.8825
48.3873
47.3818
46.4268
47.6600
47.6967
47.4971
46.6224
47.0426
46.0921
46.9098
47.5384
48.5423
46.9425
45.9731
46.1352
46.5761
47.5834
46.7939
46.0202
45.8289
46.7978
45.8449
46.7191
46.5043
46.3429
46.5322
46.2718
45.3119
47.0288
45.5547
45.6581
46.3521
45.8945
46.9457
47.4486
47.0937
48.2273
47.7805
47.3744
48.1268
47.3157
48.3689
48.0202
49.6959
50.0257
49.8554
50.4997
49.5035
49.6175
49.9453
48.9459
49.9869
48.9005
48.2456
46.6267
48.4001
49.1133
47.9327
49.3665
47.9001
48.7577
48.9113
47.9953
46.3107
47.1340
47.4771
47.3212
47.4791
47.9999
47.8090
46.8295
48.1780
46.9730
47.3634
47.4008
45.3194
46.3249
46.3140
47.0593
45.9727
46.6919
47.7738
48.1952
46.7658
45.3164
46.1053
46.5534
46.6177
46.1421
47.1551
46.0779
45.3346
45.6119
46.4123
45.7708
46.8008
47.1410
47.1901
46.4350
46.3761
47.0540
46.6743
46.4230
46.1651
46.8229
47.4898
49.7104
48.4985
49.2673
48.0529
48.8339
50.1893
49.8065
49.7721
50.7140
49.2132
50.2160
48.8397
48.3075
50.0574
48.5490
48.7166
47.5814
46.7559
48.5084
47.5197
46.6984
47.4497
46.7428
46.2205
46.6443
47.9383
47.9442
46.3204
45.7505
45.8553
46.3925
46.6813
46.7426
47.2553
47.3431
46.7989
48.2320
48.9146
47.9120
49.4540
49.9091
48.4682
49.3304
49.8799
49.0545
50.1249
51.7462
49.1740
48.1369
48.0828
47.0676
47.1320
46.5499
47.4008
47.3713
47.2070
46.8983
47.9660
47.7460
49.5221
50.5175
49.6621
49.1018
49.2685
48.8336
48.2033
51.8604
50.6838
49.9745
50.3927
51.4659
52.5189
52.0950
52.5353
51.2934
50.4315
50.7313
49.5490
48.9454
50.7672
51.5793
51.6448
49.6307
48.3006
47.9912
48.3150
49.3856
49.4797
47.6115
46.8874
47.4524
47.6684
47.5530
48.4418
48.6451
49.0782
48.5594
48.2523
47.6518
47.9401
46.9836
46.7324
44.7592
47.2373
47.4643
47.8614
47.3841
46.3248
46.7013
46.3280
46.3856
46.2253
45.5657
45.3329
44.1167
44.9358
45.4431
44.8838
44.2048
44.9064
45.4815
45.8265
46.6649
45.8485
45.1286
44.3725
43.9001
45.5392
44.7062
45.4594
45.0088
44.3939
45.5909
45.3573
45.4999
44.8118
44.9175
45.1811
47.1648
45.6888
45.5258
45.5667
44.2798
44.3756
43.6329
42.5482
43.9107
44.4574
43.6284
43.8098
43.8516
43.6187
43.9226
44.7355
44.9277
44.5745
44.8981
45.6746
46.7175
45.8895
45.6813
46.4349
46.3475
44.1649
46.4898
46.4163
44.3462
44.8124
44.9198
47.0386
45.7649
46.6225
45.9826
46.0779
45.2479
45.9518
45.9107
44.4459
45.2558
45.8681
47.5239
46.9938
47.2480
45.6558
46.0644
45.7855
45.7947
46.2618
47.0947
47.4927
46.6974
47.1816
48.4889
48.2958
49.4603
49.5733
48.3841
47.0218
46.5747
46.0873
44.8813
45.2329
46.0374
46.3695
44.3893
45.7251
47.3423
47.9931
49.3542
48.2623
48.7210
47.4094
48.0590
46.3255
46.0557
46.0282
47.5618
47.1875
46.8209
47.4253
48.0834
47.0025
47.6510
49.2263
49.2256
48.8046
48.3353
48.5073
47.9904
47.1954
47.6041
47.8144
48.5872
48.0346
47.8174
48.4455
47.7907
48.2976
48.2508
48.9616
49.8183
51.1359
49.8434
49.1172
48.8005
50.2808
50.1747
49.0641
52.0363
49.6345
49.7966
51.2061
50.3895
51.0355
51.7001
50.9213
51.7406
53.1380
52.5737
52.3664
50.7230
50.7366
51.0518
51.4894
50.7259
51.5039
52.1013
52.4413
52.5046
52.8745
51.9742
51.9343
54.1291
50.7821
50.4657
51.6999
51.2067
51.4965
51.1999
52.4194
52.4266
53.1254
52.7901
52.1950
51.0364
49.3359
48.8865
49.4509
48.4697
47.6513
47.9818
47.9292
49.8927
47.4889
47.5100
47.4015
48.0033
46.0831
47.3706
48.4139
49.2024
47.7208
49.7388
48.9069
49.0070
47.1288
49.3694
49.4413
48.2303
48.1485
48.2647
49.1104
48.4102
48.8466
49.5806
48.5591
49.2426
48.6939
49.0627
50.1365
49.4962
48.1726
49.5698
49.3611
49.9390
50.2024
51.3656
50.8006
51.3702
50.2019
50.5637
51.2160
51.1671
50.6393
52.4627
51.9482
52.0899
51.0303
51.5822
51.6370
51.3435
52.5854
52.3104
52.1005
52.1399
50.5834
49.6058
49.5308
49.3534
49.4271
49.3303
49.7618
49.5550
48.5673
49.6508
47.3692
47.0589
47.9896
48.0630
48.4549
48.0552
46.6434
47.3846
48.4099
49.1738
48.4846
47.5561
48.0940
47.2437
47.5476
46.8649
47.3442
48.3968
48.7220
48.2783
47.4170
46.2080
47.1220
47.0936
49.2241
47.5050
47.7797
48.5904
51.6736
49.4495
51.2991
49.2836
50.6538
49.4684
47.1788
48.6236
48.4230
49.9670
49.3068
48.7490
49.9675
50.7469
49.9803
50.1312
50.0550
51.7189
50.2416
51.9762
50.3646
50.2511
51.1690
50.1878
50.8558
50.1496
50.2128
48.7066
49.1441
48.1697
49.1659
49.3140
50.8082
48.9521
50.2333
49.4588
51.3509
50.6159
50.1078
50.0265
50.4751
50.3975
51.7215
52.5752
52.1645
52.0820
51.3806
51.2740
51.2123
51.7793
52.0070
51.4207
51.3829
51.7456
53.0202
50.4331
50.9188
52.2800
51.2441
50.9221
49.4906
52.7428
52.3309
50.6495
51.4659
54.4937
54.2201
52.4305
53.3686
54.2872
53.0591
52.6692
52.3232
52.3488
53.6070
53.1598
53.4805
54.5179
52.6847
52.4106
52.7763
52.8455
53.7812
53.8031
54.0288
54.8349
54.8050
53.3785
53.0171
52.8956
53.1840
53.5015
54.7938
55.5074
54.1428
54.9196
54.2248
54.0068
53.5815
53.4609
53.6299
53.9517
52.8278
54.3180
53.5263
54.1833
53.1602
55.0378
54.6842
55.6634
56.2408
55.1689
56.1007
54.9793
53.3208
53.1084
53.2109
51.5039
52.6160
51.7581
50.8004
49.9877
50.1772
51.1459
50.0826
49.9666
49.7347
49.5306
49.4790
50.3452
49.2890
49.6896
50.7921
49.5728
50.4864
49.5338
50.2871
50.5700
51.6086
48.8774
48.6614
50.4602
49.1453
50.1378
48.0731
47.3034
48.5280
50.8187
50.2254
51.1879
52.2822
52.2790
53.1553
54.2572
53.0919
51.5997
51.4561
52.4176
52.0426
53.4172
52.7723
52.4191
51.3373
53.1221
52.5932
52.4148
52.5395
51.8877
52.0989
51.9578
52.9530
51.0012
51.5601
52.2429
52.4203
50.8294
51.1929
51.5482
51.7394
50.7807
50.6013
52.4814
52.1322
52.7560
53.5383
53.7989
52.5496
51.5768
52.2348
51.3883
51.5623
51.7568
49.5975
50.2421
50.0824
49.8275
51.1902
50.4864
49.3707
47.9465
48.6663
48.3833
48.4990
49.1662
50.1307
50.6577
49.2251
52.3639
50.7627
50.8780
50.2295
50.4341
49.3168
49.6291
49.2378
51.6947
51.0369
51.2329
50.3310
50.6631
49.8352
50.0526
51.6309
50.9144
51.1505
48.6093
48.2382
50.1548
51.4379
52.4053
50.8042
50.1839
51.3867
51.1995
51.2838
50.5273
51.6951
51.0328
50.2960
50.7831
53.2594
51.3264
52.0570
51.8212
52.6248
52.7511
51.6072
51.9780
52.6702
54.1427
54.8962
53.8542
54.1264
54.8259
55.0502
55.9815
56.7667
55.0145
56.4763
55.2692
52.8955
53.4322
53.5072
53.9765
52.4390
52.5955
51.4854
50.3816
50.5839
50.4915
50.8097
50.7724
48.4664
47.1582
47.4801
46.5148
45.1044
46.6230
45.8096
47.0864
47.7751
47.4587
47.1977
45.3034
46.2353
45.3528
44.3531
45.4360
46.2634
46.7052
48.3571
48.1965
48.0356
47.9291
45.9865
47.1783
46.6077
45.9592
47.4972
46.4184
45.6871
46.8700
48.0910
48.4092
48.4427
48.5056
50.4920
49.6384
49.5040
48.3540
48.8649
48.8168
48.1957
48.6601
48.1696
49.4405
49.3337
49.7062
48.6288
48.2285
49.6529
50.0888
49.0703
48.0884
49.4295
47.4332
47.7051
48.4638
47.1457
46.9509
46.6305
46.9409
46.5893
48.0467
48.0242
47.8172
48.7170
49.0084
49.8300
50.7778
51.0291
52.8384
51.0718
50.8390
49.7332
47.5074
49.2837
48.7368
51.0547
50.3651
49.8662
50.8568
50.5461
49.3181
50.2057
50.0661
49.2289
50.4892
50.8624
49.9642
49.8292
49.3010
48.3564
48.3777
47.4066
47.5813
46.3094
46.3914
46.3657
48.3451
47.5734
45.7710
47.4318
45.8135
46.8880
46.3022
46.0434
45.6580
45.6547
44.8952
43.9212
44.2132
44.4751
42.1311
42.0132
44.6763
42.6824
42.5789
41.6414
42.1508
41.4796
42.1520
43.6635
41.9494
43.8406
43.0620
43.5907
43.2574
42.3986
41.6408
41.7894
43.2120
41.9122
41.7778
40.3845
39.4018
39.0738
39.0501
39.4936
41.4906
41.6515
41.6597
40.8763
41.6130
38.9913
41.4230
40.3280
39.3315
40.2291
38.5117
37.5097
38.5165
39.0894
38.0210
38.9819
39.1592
39.1907
37.6660
38.0219
39.3518
39.3673
40.6472
40.2002
41.1453
39.9079
40.3903
42.2599
40.5854
39.5577
39.6378
39.7090
40.2059
38.8686
37.7932
37.8160
39.7805
38.7348
39.4415
39.3129
38.9288
39.6338
39.6035
39.2274
42.2547
41.0420
41.7857
41.2183
40.7604
41.1852
41.6239
40.2723
39.4160
39.0647
38.7161
38.3664
36.6445
37.6775
37.7588
37.3781
38.2685
37.3044
36.4117
37.4841
38.7698
38.6083
39.1214
38.8638
39.1423
38.8894
39.2065
38.1198
40.0877
38.8190
38.2726
37.5146
37.3019
37.0907
38.1679
39.0855
38.4885
37.6603
37.8596
38.5424
38.3376
37.0624
37.0896
37.4719
36.5151
35.7614
35.7456
36.0420
35.2294
35.3996
36.3438
36.7821
37.4996
37.6287
36.7170
36.8993
36.6119
36.7042
37.0783
38.7509
38.4770
37.2464
36.7394
37.7870
37.2958
37.3865
38.2278
37.4372
38.5509
38.4932
37.3955
37.8052
39.2613
38.2588
38.1330
37.3834
38.6190
38.0460
37.7118
36.3755
35.6202
36.6256
37.0793
37.1867
37.9929
37.4129
37.8801
37.3009
37.5011
38.1958
37.3285
37.7423
38.1388
37.0819
37.9018
37.3662
37.4449
38.5071
39.1080
38.6055
37.9385
36.5858
39.1196
37.8270
38.0478
38.6970
37.4378
37.7076
37.3789
37.6341
37.1131
36.8992
37.3755
38.6160
37.5040
39.2352
39.0993
40.5603
39.5420
38.8511
37.6233
39.0497
36.5800
37.0297
36.7581
38.2127
37.4237
36.6538
35.3191
36.0044
34.5305
35.7621
35.2595
36.2377
36.3060
37.0307
37.6865
38.3941
37.9932
39.3376
40.1049
40.0013
41.0673
39.9836
40.8994
41.3189
42.2679
40.6737
41.3395
42.1937
41.8560
42.0526
40.9842
41.7148
40.9213
40.5501
40.6153
41.6706
41.4273
42.4703
43.4703
43.7851
43.4576
42.3968
42.4198
42.6036
42.2563
41.1367
41.2614
42.6573
43.9272
43.3539
45.9709
44.3485
45.1057
44.0250
44.7016
44.0226
43.9361
44.3634
43.0797
43.2149
43.2051
43.3163
43.3430
44.5860
45.4032
47.0533
46.3487
45.5400
45.4525
45.1702
45.7931
45.7714
46.3839
45.9323
45.9355
45.4306
44.9744
45.9206
46.3327
45.4367
46.1075
45.7160
45.7771
44.4988
45.2568
46.8984
44.5662
43.7079
44.2741
43.7156
43.5806
44.4570
42.6827
42.4273
42.9007
44.4473
43.3684
44.4821
42.9999
43.5975
43.4111
43.9358
41.4023
41.8661
40.3083
39.3554
40.3800
39.8443
39.5724
41.6454
42.9099
42.6738
43.5232
42.9860
44.0450
44.4222
44.1426
44.1589
44.6722
44.5213
44.8211
46.3739
45.5749
45.3651
44.7708
45.7213
45.8121
44.4763
45.4240
45.6599
45.7464
44.5844
43.4334
43.5775
42.6771
42.1729
43.7056
44.0904
45.3727
44.9183
45.4439
43.6265
45.2390
45.2086
45.1502
46.2733
46.4298
43.6736
44.4287
45.8156
46.1074
46.1203
45.9998
47.0397
46.3571
46.1784
46.2923
47.1863
46.3599
47.6455
48.2630
48.6730
48.7854
47.2974
46.8545
46.1890
46.4381
47.0549
48.2629
48.6403
47.3466
48.4221
47.6217
47.8617
47.0567
47.5282
47.4239
49.1847
48.4208
47.2516
47.5491
46.5787
48.6479
48.2074
47.7071
49.1392
48.0052
48.2312
47.3962
47.8840
47.8283
47.2094
47.8987
46.2768
47.3780
45.7887
45.5899
45.6669
45.7213
46.8596
46.1599
46.6578
46.2077
46.3783
45.7044
44.9344
45.3189
43.6528
44.2881
44.0759
45.2874
46.0007
43.8776
44.4651
44.0549
44.9404
45.4523
44.4180
43.6688
43.2645
43.7373
44.4377
45.4608
44.7853
44.3628
44.5349
44.1345
43.5929
45.1570
45.2093
45.7723
44.9924
45.7769
44.6667
43.8814
44.0028
43.7999
43.0580
43.2007
43.7259
43.7290
43.0917
42.9828
43.2554
43.5243
44.3291
42.7597
43.2282
44.6624
45.6109
46.3350
46.0357
45.1507
45.1465
45.9688
45.0300
46.3109
47.4274
47.8247
46.8947
46.5349
47.3878
46.5371
45.2555
45.7281
45.8905
45.7771
46.5054
45.7363
44.2891
44.8632
44.9984
44.5282
45.7223
45.3005
44.0886
43.7049
43.4474
43.5601
43.4605
44.2452
44.1643
43.7965
43.4469
43.7837
42.9382
42.0208
43.7695
43.4614
41.6062
42.5235
41.4065
43.3536
43.6999
43.8087
41.7575
41.6758
41.9675
42.4493
42.1530
43.6389
41.7492
42.2474
42.6100
43.1728
42.0816
42.1437
43.0203
42.5300
42.8159
43.3287
43.5855
43.3134
42.7880
42.9475
42.2807
41.8800
41.3117
41.6013
41.7691
43.0443
41.5262
41.2941
40.7891
41.0409
39.5927
38.5789
39.1464
39.4512
41.2242
41.0321
41.9933
41.1338
41.7822
40.2350
39.9578
41.0995
41.6043
41.1937
41.7890
42.5574
41.3852
40.3585
41.5549
43.7460
42.8191
43.2490
43.0577
41.8104
42.7279
42.7474
42.6067
44.0697
43.4866
43.8761
44.7811
45.0285
44.1274
44.3869
42.7181
41.0204
41.7754
41.4217
39.6490
42.4768
41.6342
40.2715
40.9646
40.5596
39.7177
38.7736
40.0174
38.5853
38.9620
38.5543
38.9020
39.6979
39.6408
39.8149
39.7982
39.3146
39.2096
38.8110
39.4230
38.4730
39.6614
40.1766
40.0886
40.9781
38.8068
38.4556
38.3970
38.1522
38.5536
39.7137
39.9599
41.1736
41.0051
39.1694
40.7569
40.4117
40.3071
41.1007
41.3270
41.0536
40.4190
39.7291
40.2219
39.4049
39.4260
39.6738
39.5123
41.2206
40.3230
39.1590
39.6195
37.8343
39.0727
39.8233
39.3187
38.4507
37.6661
37.8071
37.8075
37.7227
36.2717
35.3970
34.9700
35.3664
36.3511
36.0326
36.2464
36.3582
36.2067
36.4538
37.3789
35.7366
34.8205
35.8485
35.7579
35.4881
35.5032
36.0848
34.9168
34.8534
34.9370
35.5061
35.2090
36.8016
36.0369
34.5828
35.5122
35.9488
35.2256
34.3969
34.5327
35.3191
36.1622
37.1344
37.0861
38.2531
36.1340
36.5567
34.7415
36.5906
37.6376
36.3943
37.1501
37.2523
36.4418
36.2446
36.4127
37.6032
37.4933
37.4812
37.5245
37.7069
36.2407
36.9486
36.5140
36.2564
37.4993
36.8728
38.1388
37.3241
36.6893
35.8986
35.3530
36.3856
35.2918
36.1592
35.1708
34.0783
32.7303
33.2257
32.9625
34.2141
34.7802
33.9155
35.4688
35.6533
34.7538
34.6358
35.9452
36.2997
34.8072
36.3663
37.3408
37.5664
38.8314
37.6268
37.6415
38.5954
37.8413
36.8010
37.9043
37.2636
38.8323
38.6638
37.5794
37.0577
38.4326
37.0296
36.6694
37.6786
37.8388
37.1716
37.1122
38.0687
37.6117
36.8407
37.2176
37.0606
37.1123
38.0610
38.9903
38.4880
39.0679
38.2978
37.4133
37.7369
37.4955
37.0989
36.4827
36.1910
35.4036
37.8531
36.3320
37.2849
37.4066
36.8720
38.1640
39.2241
40.5805
40.1465
39.4254
38.3748
39.8675
38.2693
39.4480
38.8602
40.1321
40.9311
41.6903
41.5634
42.2290
42.5001
42.1948
41.0672
43.0383
40.5898
41.6475
41.0752
40.3886
41.0845
40.3856
41.0504
39.3210
39.1592
38.4938
40.9477
38.2158
38.3025
38.5117
38.4371
39.8051
40.7759
41.8714
42.7438
41.9628
40.2964
40.9557
42.6848
41.8001
41.1973
42.3400
42.5121
42.8234
42.7152
41.9005
42.8243
42.5245
42.1705
42.1755
44.1191
42.8580
42.2041
42.9511
40.9110
41.6574
43.2053
42.0684
43.0538
43.1207
41.7243
42.4823
42.2291
41.7351
41.0981
41.2226
39.7570
40.3646
40.0233
38.5270
38.2645
38.5898
38.9350
38.8408
39.1623
39.2093
37.9810
38.1752
37.6264
38.0428
37.8023
36.8926
36.8968
35.8727
37.6979
37.3437
37.6408
37.8540
36.4133
36.5233
35.7365
36.3370
37.0019
37.3308
35.5857
35.6266
34.6895
35.3626
36.1915
36.0128
35.9758
33.9905
34.5285
36.6616
35.2844
35.4623
35.0416
35.6233
35.8845
34.7922
35.3529
36.2540
36.8626
37.7421
37.4187
37.7398
38.5524
37.2034
35.7771
36.9475
36.8638
37.6300
36.4593
37.1655
38.7783
39.4610
38.6921
38.4332
38.2444
39.2991
38.6980
40.4300
39.6739
39.4024
39.3562
40.2176
41.5584
40.6249
39.1254
39.4229
38.0774
38.3326
38.8476
38.9139
40.5859
40.1453
40.4892
39.5079
38.8407
38.8007
39.4004
38.8767
38.7132
40.1853
38.5249
38.6071
40.2298
40.0683
39.5227
39.3923
37.8615
38.2189
38.9296
40.5742
40.1549
40.3556
41.0257
39.7601
40.2232
40.2996
38.9955
40.9035
40.8312
40.3054
40.4048
40.4366
40.6947
39.8037
41.5654
40.7572
40.2878
41.1488
40.7535
42.9240
41.0715
40.1811
39.7526
40.2901
40.8903
40.5448
39.3471
39.6524
41.0616
41.2105
40.1779
40.6065
40.1421
41.6441
42.7843
42.8158
42.1302
42.9556
43.6175
41.5271
42.0324
41.6081
