3.0691
3.1376
3.3214
3.0915
3.4347
3.5554
3.6118
3.5873
3.5663
3.7867
3.8048
3.6106
3.6070
3.5377
3.7812
3.5822
3.5182
3.5757
3.5582
3.5662
3.6901
3.5238
3.7374
3.9168
3.9275
3.9954
4.3176
3.9964
3.9263
4.0295
3.9256
3.8731
3.8853
3.6413
4.0438
4.3281
4.3894
4.2624
4.0604
3.7995
3.9156
3.6994
3.6321
3.5707
3.6109
3.6132
3.7275
3.7341
3.7281
3.8408
3.5470
3.5565
3.6878
3.5396
3.7483
3.7410
3.7727
3.6642
3.7182
3.7159
3.7025
3.8208
3.7581
3.8079
3.7106
3.5832
3.5504
3.6052
3.7366
3.8016
3.7934
3.8374
3.7317
3.5916
3.8882
3.6351
3.7063
3.4993
3.7499
3.7507
3.6856
3.5086
3.7376
3.6342
3.5447
3.9532
3.6710
3.9063
3.9188
3.9858
4.1931
4.0830
4.2559
4.0242
4.2445
4.0123
4.2250
4.4318
4.4294
4.7106
4.3159
4.4839
4.3744
4.4403
4.4019
4.6299
4.5689
4.7592
4.4607
4.7571
4.5810
4.5225
4.5943
4.6914
4.3909
4.8109
4.4742
4.4410
4.3466
4.5482
4.5875
4.5953
4.6145
4.3192
4.5387
4.5039
4.3921
4.3030
4.3273
4.4470
4.5390
4.6089
4.5384
4.4435
4.5827
4.7358
4.9446
4.7874
4.5193
4.7150
4.9612
4.6908
4.6746
4.7580
5.0257
4.7542
4.8898
4.8274
4.6170
4.6889
4.6777
4.7755
4.7675
4.5687
4.6074
4.6858
4.7118
4.4659
4.5146
4.5149
4.7365
4.6637
4.8412
4.6456
4.8351
4.6493
4.5264
4.6839
4.6808
4.7960
4.7728
5.0744
5.0076
4.8277
4.8133
4.9727
5.0365
4.8413
4.7168
4.8601
4.9480
5.0560
4.8505
4.8600
4.9780
4.9141
4.8101
4.8937
5.0244
5.0481
4.6961
4.6670
4.5544
4.6427
5.1513
4.7356
4.9212
5.0180
5.0869
4.8366
4.7848
4.8402
4.7824
4.6819
4.7353
4.7860
4.6505
4.4078
4.4545
4.3189
4.4249
4.3788
4.3318
4.6267
4.8514
4.6509
4.2892
4.5314
4.5437
4.6846
4.4600
4.5089
4.8722
5.1075
5.2689
4.9265
5.0360
5.1107
5.2255
5.0225
4.8443
4.8492
4.7928
4.7237
4.7385
5.0063
4.7960
4.9746
4.7883
4.6733
4.7933
5.0262
5.1922
5.3448
5.2993
5.3192
5.4101
5.1687
5.1694
5.2425
5.3531
5.3263
5.0240
5.1415
5.2760
5.2466
5.4426
5.2962
5.2394
5.1583
5.4734
5.3494
5.4388
5.4088
5.3368
5.3449
5.4008
5.1388
5.4672
5.3231
5.0889
5.3039
5.2095
5.1421
5.0739
5.2713
5.3050
5.4853
5.3941
5.4600
5.5762
5.3373
4.9597
5.4040
5.0501
4.9750
4.9516
4.7282
4.6685
4.7935
4.7024
5.3194
4.8299
4.6819
5.0248
4.9823
5.1396
4.8266
5.1093
5.5188
5.6046
5.4225
5.5130
5.1200
5.2982
5.6769
5.6882
5.3335
5.4540
5.4644
5.3861
5.3668
5.3413
5.6922
5.1257
5.5552
5.2386
5.6578
5.0564
4.9777
5.0673
4.8530
5.2251
5.3053
4.8020
4.8076
4.7646
5.0106
4.7665
4.7803
5.0495
4.9793
4.8190
4.6015
4.8571
4.7534
4.8533
4.9927
4.7629
4.6270
4.6325
4.7205
4.8367
5.1035
4.9473
5.2194
5.0107
4.9668
4.7818
4.9157
4.9295
4.9216
5.0174
4.9745
4.7125
5.0196
5.0647
5.1966
5.2939
5.1771
5.1313
4.8558
4.8624
4.6412
4.9650
4.9509
4.8278
4.9056
4.9407
4.9504
5.0481
4.7569
4.4613
4.3270
4.2390
4.7443
4.8225
4.4731
4.4906
4.6906
4.5655
4.6164
5.1063
4.5515
4.7608
4.4038
4.7405
4.4689
4.4071
4.0494
4.3490
4.3446
4.6505
4.6903
4.4512
4.3046
4.3462
4.6166
4.7248
4.4150
4.4632
4.4345
4.2138
4.1038
4.1130
4.6635
4.8230
4.7556
4.9311
4.5743
4.6646
4.5202
4.1882
4.4195
4.3436
4.3475
3.6536
4.1231
3.9637
4.3258
4.2821
4.6252
4.4029
4.6709
4.5724
4.6939
5.0480
4.6362
4.7661
4.7635
4.6947
4.6167
4.9827
4.6971
5.1597
5.1062
5.0669
5.1154
4.6163
4.6122
4.1325
4.1736
4.0273
4.0164
4.1289
4.4251
4.3590
4.6380
4.3579
4.2074
4.2885
4.0703
3.8053
4.3666
4.0767
4.0180
4.0512
4.0862
3.9321
3.7104
4.0572
4.1216
4.2897
4.5036
4.5444
4.1509
3.8137
3.9368
3.9437
4.1845
4.4754
4.3445
3.9164
3.9145
4.3021
4.2103
4.2367
3.8586
3.9142
4.3297
3.9904
3.7643
4.1392
4.2825
4.4060
4.2996
4.3089
4.7530
4.6563
4.9011
4.4340
4.5047
4.4154
4.1043
4.2341
4.0786
3.9593
4.2163
4.2810
3.9290
3.9765
4.0498
3.9130
3.8963
3.7963
4.1451
4.0646
4.0314
4.1343
4.4051
4.4403
4.4927
4.1081
3.7797
3.9958
3.8668
4.1264
4.2548
4.0567
4.4818
4.4409
4.2243
4.2971
4.4649
4.1252
4.1573
4.2564
4.4789
4.2839
4.1393
4.1412
4.2414
4.3838
4.1344
4.2529
4.2749
4.2328
4.2145
4.0332
4.0875
4.0944
4.5743
4.4008
4.2195
4.1814
3.9717
4.1510
3.9431
3.5568
3.6225
3.8521
3.3455
3.6467
3.4237
3.5365
3.4631
3.0593
3.2320
3.5660
3.9145
3.7925
3.4589
3.6506
3.6294
3.5297
3.8461
4.0183
3.9514
4.0347
4.1930
4.0156
4.1364
4.1523
4.3663
4.4346
4.2836
3.8656
3.9435
4.2321
4.1036
4.1370
4.2141
4.5732
4.2400
4.3082
3.9226
4.2755
3.7091
3.5719
3.8166
4.1942
3.9686
4.1770
4.0482
3.7825
3.8738
3.9820
4.0241
3.7698
3.8668
3.9789
3.8761
3.7245
3.7518
3.4384
3.5100
3.8035
3.3507
3.6198
3.1214
2.9911
3.1396
3.1775
3.3617
3.2400
3.1273
3.5654
3.6304
3.5346
3.3881
3.3113
3.7078
3.9303
3.6199
4.0101
3.9646
3.8961
3.8761
4.0559
3.9970
3.9914
3.8038
3.8761
3.8558
3.6380
4.0254
3.4185
3.3320
3.3030
3.2337
3.1840
3.2902
3.3716
3.8320
3.2879
3.2958
3.1538
3.0018
3.3013
3.5873
3.5368
3.0661
3.0566
3.0169
3.0450
3.3197
3.3333
3.4154
3.4840
3.5526
3.3865
3.3825
3.1749
3.2531
3.0360
3.0296
3.0994
2.9494
3.4121
3.5513
2.9811
2.5852
3.7011
3.5755
3.5836
3.7713
3.8206
3.7900
3.8265
3.2836
3.7511
3.8804
3.7347
4.2140
3.8047
3.3337
3.5924
2.9702
3.1761
3.4123
3.2238
3.3889
3.2389
3.0139
3.1434
3.1990
3.4229
3.4574
3.5004
3.5306
3.4953
3.6058
3.7852
3.8341
3.7343
3.8811
3.9214
3.9941
4.7129
4.1522
3.8219
3.8641
3.8074
3.9687
4.0266
3.9781
4.0145
4.3562
4.1150
4.1083
3.9037
4.1404
4.2165
4.4771
4.2570
4.3211
4.2257
3.7196
3.8853
4.0323
3.8484
3.8746
3.7775
4.1424
3.7114
3.7271
3.6585
4.0957
4.1849
3.9955
4.1166
3.8691
3.8817
3.7608
3.7090
3.9557
3.8446
3.7885
4.0149
4.0772
3.6439
3.7226
4.1268
3.9625
3.9954
4.0113
3.8443
3.9297
3.9301
3.7632
3.6729
3.9467
3.9702
3.8353
4.0894
3.9300
3.9113
3.9435
4.0900
4.0517
4.0673
4.0218
3.8441
4.1623
3.9885
4.0275
4.1953
3.9944
3.8961
4.1688
4.2727
4.5114
4.6484
4.6011
4.6285
4.8032
4.6689
4.3474
4.3921
4.5351
4.6925
4.3726
4.2533
4.3353
4.1026
4.2702
4.4338
4.3732
4.4440
4.3270
4.3061
4.1374
4.3036
4.4890
4.1961
4.1490
3.8225
3.9804
4.0880
3.9266
4.3788
4.3371
4.2574
4.4368
4.1762
4.4734
4.0388
4.2528
4.4268
4.1645
4.1480
4.0442
4.0218
4.1747
4.4129
4.2530
4.2805
4.0267
3.9734
4.0876
4.1292
3.8402
3.7213
3.9285
4.2283
4.1188
4.2719
4.2102
4.3197
4.2716
4.5484
4.3452
4.0491
4.2000
4.3543
4.3588
4.2752
4.3820
3.8557
3.7989
3.6677
3.6567
3.8906
4.0563
3.7511
3.8512
4.0764
4.2691
3.8081
3.7916
4.3375
4.4944
4.3822
4.5435
4.4702
4.0224
4.6311
4.3512
4.1199
4.3700
4.4730
4.3849
3.9343
3.7271
4.0420
4.1713
4.3896
4.3488
4.1074
4.1630
4.3777
3.9053
3.8763
3.9529
4.1209
4.0715
3.8586
4.0866
4.2533
4.0099
4.1684
3.7088
4.1597
4.0657
4.0612
4.0466
3.7893
4.2368
4.2844
4.3428
4.3749
4.0569
3.9660
3.7218
3.8466
3.8165
3.7548
4.0007
4.4450
4.1864
3.7365
3.7532
3.7317
3.8950
3.5882
3.9348
3.7329
3.1552
3.5616
3.4896
3.4757
3.5901
3.5666
3.3238
3.8252
3.4823
3.4708
3.4709
3.3532
3.5315
3.3078
3.5947
3.3122
3.2837
3.4625
3.3475
3.2521
3.3860
3.5439
3.4321
3.4284
3.5829
3.4849
3.4725
3.5724
3.5179
3.4815
3.7922
3.3202
3.4831
3.4937
3.5206
3.6766
3.6035
3.6084
3.3973
3.4961
3.6558
3.6698
3.9245
3.7932
3.9715
3.8992
4.0802
4.1095
3.7466
3.9543
4.2437
4.2803
4.0473
4.2467
3.8124
3.9450
3.6237
3.7418
3.7719
3.9083
3.7634
4.0454
3.9540
3.7793
3.8699
3.7437
3.9355
4.0164
3.9669
3.7689
3.7935
3.9214
3.9195
3.7345
3.8026
3.4728
3.2916
3.3990
3.5134
3.1911
3.4202
3.1913
3.5937
3.7321
3.5384
3.5813
3.7070
3.7423
3.7962
3.6037
3.8274
4.1048
3.6619
3.6080
3.8054
4.0733
4.2343
3.9573
4.1637
4.0263
3.9592
3.8204
3.9035
3.8255
4.0432
4.2948
3.6673
3.9221
4.1706
3.9079
3.8197
3.4901
3.2843
3.3472
3.5931
3.2064
3.2227
3.4625
3.3369
3.3276
3.3942
3.1862
3.3886
3.3330
3.3073
3.2336
3.2067
3.1223
3.3569
3.7639
3.9294
3.9472
4.0751
3.8285
3.8224
3.7481
3.6836
3.7876
3.8597
4.0922
4.0919
3.9708
3.6962
3.6960
3.3407
3.5469
3.6032
3.5302
3.8155
3.6399
3.4831
3.4229
3.4961
3.6477
3.4295
3.4770
3.5939
3.7552
3.5803
3.6837
3.8076
3.8577
3.8934
3.8199
3.4277
3.4292
3.5630
3.7726
3.5226
3.6608
3.9056
3.7868
3.9336
3.8651
4.0792
3.7753
3.7484
3.5932
3.7492
3.9946
3.9743
4.0481
3.9249
4.3220
3.9740
3.7484
4.1155
3.7197
3.9290
3.8159
3.6625
3.5593
4.2056
4.1478
3.9478
3.9350
3.7914
3.8661
3.4866
3.7637
3.9512
4.0243
3.8667
3.8604
3.9427
3.8421
3.6382
3.7950
4.4241
4.2812
4.1131
4.1880
3.9929
3.9237
3.9695
4.0889
3.8754
3.9666
3.8863
3.6317
3.7582
3.9508
4.2804
3.7447
3.4478
3.2309
3.4131
3.9974
4.0034
3.9929
3.4304
3.5455
3.6030
3.5850
3.8641
3.5811
3.4697
3.6590
3.5064
3.9204
3.9266
4.4359
4.3803
4.1784
4.0899
3.7239
4.0691
4.1037
3.9381
4.1850
3.5864
3.4991
3.7694
3.8514
3.6492
3.5311
3.6491
3.4257
3.0449
3.2321
3.3767
3.3598
3.7268
3.5003
3.4063
3.4763
3.2481
3.0655
2.7512
2.9873
3.1119
3.1690
3.4989
3.3742
3.3304
3.5161
3.3781
3.8426
3.7039
3.6494
3.4011
3.3469
3.5507
3.4119
3.4055
3.2024
3.0270
3.1834
3.1379
3.0246
3.1656
3.4755
3.5956
3.5274
3.4380
3.4066
3.4935
3.4055
3.6873
3.4614
3.8089
3.4715
3.3381
3.7001
3.5511
3.3207
3.7133
3.6354
4.0562
4.2334
4.5726
3.8816
4.1069
4.1627
4.0649
3.7403
4.0774
4.5162
4.3784
4.2255
4.4491
4.3515
4.3601
4.7689
4.5668
4.4793
4.3280
4.2707
4.1402
4.4583
4.3725
4.3001
4.5952
4.4456
4.7525
4.7855
4.9742
4.9784
4.7312
4.3573
4.3106
4.0158
4.4726
4.4737
4.4882
4.3604
4.4535
4.6594
4.9489
4.6543
4.6379
4.8753
4.6915
4.3232
4.4447
4.8865
4.7614
4.9486
5.0601
5.1242
5.1005
5.2168
5.4707
5.6538
5.6388
5.7697
5.6556
5.6013
5.7059
5.5302
5.0966
5.2522
5.2541
5.1840
5.1684
4.9695
4.8679
4.7291
5.0468
4.7051
4.9425
4.9581
5.0742
5.0481
5.1920
5.0308
4.8728
5.0901
5.2881
5.3847
5.4545
5.0281
5.1834
5.2397
5.2472
5.2883
5.2778
5.3365
5.2974
5.3480
5.5958
5.4788
5.4493
5.6003
5.4067
5.8355
6.0695
6.0574
5.9873
5.8793
6.1330
5.6324
5.7649
5.4833
5.2819
5.9433
5.4450
5.4038
5.6990
5.6122
5.7943
5.8061
6.0335
5.7479
5.9884
5.7648
5.8031
6.0541
6.1430
5.9051
5.6543
5.7587
5.7316
5.8048
5.7218
5.7404
5.8215
5.6062
6.0931
5.9287
5.7755
6.1012
5.9175
5.9300
6.1881
6.0410
5.9285
6.4307
6.3720
6.3517
6.1586
6.2563
6.0457
6.0166
6.3651
6.2522
6.4060
6.3899
6.3174
6.1028
5.9425
6.0280
6.0898
5.9174
5.7584
5.7895
5.9102
5.6912
5.7541
5.7236
5.7397
5.8742
5.9538
5.6483
6.2578
6.0819
5.8448
5.8680
5.7864
5.6643
6.1285
6.1155
5.9374
5.9711
6.1429
5.8698
6.0143
5.9268
5.8617
6.2087
5.6513
5.8049
5.5245
5.4904
5.9971
5.8036
5.7856
5.9855
6.2240
6.1043
5.9465
6.1208
6.3156
6.5661
6.3415
5.9895
5.9933
6.3094
6.3137
6.2035
6.3273
6.0300
5.4299
5.4497
5.7839
5.2839
5.3008
5.3712
5.8393
5.7355
5.5885
5.4731
5.5610
5.6665
5.4266
5.5986
5.8518
5.9918
6.3944
6.4574
6.5764
6.3671
6.3707
6.4145
6.1122
6.0647
6.1480
6.0670
5.8392
5.6381
5.6862
5.7870
5.9184
5.9626
5.7523
5.8918
5.9822
5.7049
5.8978
5.5659
5.4112
5.9919
5.7675
5.6313
5.6728
5.7614
5.7904
5.7708
5.7292
5.9929
6.0222
5.9823
5.8613
6.1446
5.9792
6.0956
6.1557
5.9456
5.9517
5.6852
5.6965
5.9953
6.2453
5.6159
5.5837
5.7661
5.7647
5.4901
5.5768
5.7252
5.2566
5.4671
5.5851
5.6253
5.8467
5.6260
5.7796
5.7431
5.4999
5.4697
5.5404
5.4866
5.6630
5.4175
5.4039
4.9205
5.3094
5.6423
5.5536
5.7007
5.8482
5.5862
5.7835
5.5899
5.6381
5.4942
5.4589
6.0086
6.1601
5.8230
6.0645
5.3673
5.3400
5.8733
5.7690
5.9156
5.8167
5.8441
5.6434
6.0585
5.9486
5.9570
6.0463
6.1459
6.2910
6.1396
6.1428
6.2999
6.1041
6.4149
6.1603
6.0081
6.0776
5.5585
5.7126
5.7776
5.6186
5.9438
5.9733
6.1822
6.0478
5.7374
5.9939
5.9519
5.7224
5.7996
5.6780
6.0707
5.7004
5.8320
5.7464
6.0524
5.7175
5.7213
5.9567
5.8253
5.7683
5.6861
5.6353
5.8343
5.9578
5.7690
6.0955
5.7231
5.9102
6.0816
5.9453
5.9419
5.6781
5.5168
5.8615
5.5757
5.6241
5.4695
5.5394
5.6182
5.7660
5.8032
5.6117
5.6504
5.5967
5.6703
5.7307
5.2806
5.0974
5.0640
5.1003
5.0016
5.1787
5.2305
4.8780
5.2923
5.5762
5.7641
5.8351
5.4276
5.6440
5.5043
5.4285
5.2469
5.5195
5.7626
5.7791
5.5832
5.4216
5.2990
5.1360
5.6630
5.4356
5.1201
5.2640
5.3802
5.4785
5.7250
5.7709
5.6991
5.7340
5.5015
6.1583
5.9162
6.1200
5.8865
5.6719
5.7172
5.9548
5.6935
5.7355
5.8506
6.0919
5.7163
5.6769
5.6845
5.6851
5.2700
5.4291
5.4034
5.3290
5.1026
5.2654
5.1349
5.0943
5.2309
5.2581
5.2652
5.5112
5.4382
5.1269
5.2030
5.2817
5.4541
5.3062
5.1720
5.3988
5.2062
5.1122
5.0342
4.7522
4.5522
4.4999
4.6530
4.4115
4.7654
4.4201
4.5164
4.6484
4.5779
4.5371
4.2430
4.2135
4.1509
4.1925
4.3631
4.5229
4.5008
4.2387
4.4669
4.2875
4.2046
3.8905
4.3667
4.2142
4.1533
4.2239
4.3884
4.1260
4.2843
4.6952
4.9572
4.9848
5.0746
4.9641
4.7454
5.0324
4.9126
5.0679
5.2789
4.7657
4.4182
4.6895
4.7799
5.0133
4.8617
4.2676
4.5397
4.5566
4.2709
4.3637
4.3542
4.2048
4.4396
4.5410
4.5256
4.3711
4.4269
4.2994
4.3123
4.3645
4.1757
4.9812
4.8283
4.9724
4.7635
5.1691
5.3709
5.8930
5.3543
5.2293
5.0295
5.1663
5.1499
5.2627
5.4848
5.4752
5.0475
5.1402
5.4572
5.3405
4.8969
5.1003
5.2739
5.1865
5.3257
5.1215
5.2689
5.7031
5.8306
5.6172
5.7494
5.8497
5.9540
6.0173
5.9549
6.0914
5.8752
5.5745
5.5141
5.8363
5.7360
5.8707
5.9435
5.5256
5.5464
5.5676
5.4258
5.0162
5.3579
5.1812
5.6010
5.6825
5.3938
5.3758
5.2967
5.8954
5.6324
5.7241
5.4545
5.4565
5.3666
5.6599
5.6752
5.8171
5.5002
5.4863
5.5703
5.5899
5.6765
5.4712
5.4696
5.5878
5.2139
5.2431
5.2916
5.1019
5.4569
5.5910
5.5290
5.2376
5.6555
5.7781
5.5881
5.3907
5.5533
5.5216
5.7568
5.5769
5.7271
5.6131
5.5656
5.4588
5.5821
5.2510
5.7480
5.5903
5.6429
5.7675
5.6528
5.4167
5.7709
5.4290
5.5504
5.7770
5.4981
5.6681
5.6393
5.4753
5.5980
5.6463
5.5709
5.5963
5.8449
5.6984
5.5568
5.3466
5.5468
5.6495
5.6108
5.6261
5.3754
5.4630
5.5055
5.7757
5.6602
5.5985
5.5631
5.5941
5.7179
5.9038
5.5266
5.4214
5.2679
5.3116
5.0465
4.9518
5.3628
5.3175
5.4821
5.4978
5.4195
5.8530
5.3820
5.4909
5.3929
5.6527
5.4965
5.4455
5.3378
5.4617
5.7022
6.0103
5.6661
5.6522
5.6658
5.4836
5.3097
5.4743
5.1873
5.3451
5.4501
5.3089
5.4618
5.5251
5.5154
5.2335
5.8026
6.0227
5.8076
5.8246
5.3681
5.6854
5.8375
5.6476
5.7324
5.8604
5.9198
5.5298
5.4677
5.4411
5.5923
5.6779
5.4589
5.4959
5.5258
5.1001
5.0881
5.4619
5.4816
5.1340
4.9476
5.3748
5.2753
4.7901
4.8423
4.9182
5.0903
4.7311
5.3136
5.2486
5.0251
4.8061
4.9012
4.8076
4.6680
4.7546
4.8149
4.7171
4.4891
4.6426
4.4283
4.5835
4.5747
4.7157
4.6551
4.3658
4.6271
4.7494
4.3536
4.3441
4.6910
4.6729
4.5445
4.5951
4.7110
4.6412
5.1318
4.7626
4.7783
4.9377
4.8271
5.1173
4.9946
4.9448
4.7391
4.9204
4.9577
4.4590
4.7470
5.2570
5.1619
4.9571
4.8462
5.2942
5.2577
5.1875
5.2506
5.0693
4.7249
4.8518
4.8453
4.4078
4.7549
4.4728
4.1044
4.3747
4.4557
4.5743
4.7949
4.6233
4.8530
4.7539
4.7650
4.9720
4.7247
5.2481
5.1308
4.9289
5.0391
5.2894
5.2202
4.9241
4.7275
4.7541
4.9217
5.3709
5.5496
5.6864
6.0137
5.2639
5.2132
5.4410
5.3095
5.3751
5.1991
5.4623
5.4487
5.2293
5.2906
5.3946
5.4193
5.1045
5.0148
5.3545
5.0319
5.0070
5.3462
5.3605
5.4036
5.7466
5.6422
5.6862
5.6738
5.7074
5.4569
5.4671
5.6575
5.8079
5.5480
5.5041
5.3485
5.6142
5.1122
4.8296
5.0121
4.6924
4.8780
4.9130
4.8087
5.0827
4.9854
5.1454
4.8300
5.0809
5.0188
5.2962
5.2615
5.5565
5.5053
5.2765
5.3065
5.2899
5.4840
5.4624
5.5236
5.5523
5.3875
5.4752
5.4021
5.3196
5.4902
5.7038
5.4023
5.3187
5.3451
5.5682
5.2467
5.4497
5.2487
5.1792
5.2595
5.1327
5.2580
5.2781
5.0560
5.4209
5.5266
5.4623
5.1726
5.3817
5.3203
5.5102
5.0781
5.0799
5.3420
5.3882
5.4090
5.2297
5.2406
5.2383
5.0401
5.4985
5.2484
5.2593
5.2925
4.9796
5.2870
5.6069
5.4664
5.5370
5.5584
5.3420
5.6139
5.5668
5.5196
5.5300
5.6583
5.6271
5.6506
5.4431
5.4664
5.2314
5.0116
5.6325
5.3381
5.1602
4.7525
5.3972
5.3879
5.0504
5.4262
5.4360
5.1740
5.6975
5.7498
5.8955
5.8004
5.8569
5.5246
5.8921
5.7146
5.8687
6.2548
5.9983
6.3281
6.1812
5.7369
5.6077
5.4531
5.1881
5.7931
5.8197
5.9918
6.1336
5.7513
5.7891
5.7433
5.7723
5.6618
6.1157
5.9617
6.2632
6.1114
5.6753
6.0103
5.9620
5.7657
5.8605
5.9793
5.6651
6.2136
6.0897
5.8673
5.8813
5.9084
6.0120
5.8383
5.7236
5.7752
5.9944
6.4320
6.2332
6.2047
6.7502
6.6414
6.7398
6.7343
6.6835
6.5278
6.3802
6.6618
6.6041
6.9294
6.7450
6.8749
6.6190
6.7022
6.7775
6.7044
6.9605
6.6926
6.7961
6.7672
6.9010
6.5491
6.2874
6.7235
6.6711
6.6501
6.9313
6.6419
6.5908
6.8514
6.5599
6.7505
6.9034
6.4077
6.5500
6.4739
6.6131
6.6311
6.6981
6.6151
6.6479
6.5217
6.5809
6.4849
6.0972
6.0606
5.8665
6.1161
6.1436
6.3935
6.3250
6.1308
6.0314
6.1570
6.2207
6.1854
6.3189
6.3166
6.3748
6.4517
6.7013
6.7561
6.8916
6.7103
7.1354
6.8273
7.2975
7.0845
6.6151
6.8396
6.7041
6.3563
6.4701
6.5558
6.8601
6.7157
6.9207
7.1262
6.6460
7.1732
6.8803
6.9318
7.0777
7.2909
7.1359
7.2090
6.8969
7.0617
6.8477
7.3274
7.2622
7.2257
7.3323
7.3709
7.4200
7.2536
7.0432
7.2871
7.0563
7.0118
6.8054
6.6637
6.6359
6.7166
6.5624
6.3813
6.4099
6.3005
6.4159
6.1479
6.2531
6.0437
6.1068
6.0002
5.6571
6.1809
6.0413
6.1452
6.3124
6.4951
6.1671
5.9877
5.6229
6.1642
6.0852
6.1943
6.4911
6.3744
6.4869
6.6019
6.6128
6.9220
6.6056
6.4420
6.3087
6.4013
6.1498
6.3677
6.2933
5.9278
5.8862
5.6610
6.2188
6.3917
6.0624
6.2396
6.1351
6.7226
6.5215
6.9176
6.7136
6.7901
6.7681
6.5926
6.4204
6.3668
6.5385
6.7509
6.5290
6.6095
6.5559
6.4359
6.4226
6.2729
6.5064
6.5208
6.4721
6.3900
6.3092
6.1653
6.3237
6.3005
6.4119
6.7141
6.6796
6.5021
6.3466
6.5909
6.7109
6.6043
6.7107
6.1918
6.2581
6.0917
5.9510
6.3736
6.2722
6.7459
6.3516
6.3572
5.8788
6.1722
6.3883
6.3324
6.5279
6.7418
6.5059
6.8549
6.5273
7.1226
6.8301
7.2552
7.1806
6.9172
6.9659
6.9784
6.8985
7.0784
6.8869
6.7662
6.8407
7.0464
7.0110
6.8689
6.7454
6.8172
7.1518
6.9562
7.0097
6.7350
7.1327
7.0336
7.0323
6.9282
7.1133
6.8963
6.7533
6.7650
6.8472
6.9250
7.0366
7.0637
6.8953
6.7745
6.4696
6.8967
6.7533
6.9068
7.1285
6.8526
6.8743
6.6779
6.5546
6.4243
6.3589
6.4700
6.3461
6.4448
6.8994
6.6960
6.7717
6.9426
6.8303
6.9484
7.1008
7.0302
7.2257
7.0070
7.1145
7.3033
6.8681
6.8026
6.8035
7.1806
7.1101
6.7754
6.5523
6.9877
7.3151
7.2824
7.0345
7.3184
7.2705
7.0271
7.2488
7.3285
7.3533
7.1502
6.9451
7.1827
6.8723
7.1119
7.2068
7.1267
7.2902
7.0063
6.9101
7.1016
6.7277
6.6352
6.9669
7.0326
6.7340
6.8599
6.5644
6.5895
6.9030
6.7366
6.7486
7.1459
6.6872
6.7714
6.7045
6.7781
6.6706
6.7796
6.4205
6.3755
6.2421
6.7975
6.5899
6.6190
6.8758
6.7976
6.6874
6.7193
7.1652
7.1041
6.9822
6.9467
7.1481
7.2129
6.7891
7.3063
6.6096
7.0320
7.7404
7.1488
7.3965
7.0474
6.8306
6.9654
7.0920
6.6866
6.8322
6.4958
6.7344
6.8113
6.7146
7.0904
6.8550
6.7661
7.0284
7.3174
7.1852
7.2754
7.0206
6.9778
6.7889
6.8735
6.8574
6.6542
6.4661
6.9672
7.1462
7.2793
7.1243
7.0597
6.6627
6.9659
6.7984
6.9728
6.7610
6.6354
6.8361
6.6806
6.5852
6.5476
7.1027
7.0216
6.9807
6.8760
6.7259
6.8428
6.7101
6.8945
6.6507
6.8023
6.9111
6.9399
6.9051
6.9032
6.9953
6.9009
6.7168
6.8406
6.6961
6.5642
6.9897
6.9231
6.6009
6.3456
6.9188
6.8732
6.6530
6.5040
6.5143
6.4871
6.7468
6.5258
6.5853
6.4641
6.8777
6.7839
6.6804
7.1396
7.1450
6.4344
6.6547
6.6055
6.6671
6.6482
6.5484
6.7531
6.9485
6.5999
6.8512
6.5735
6.7431
6.8230
6.7106
6.5358
6.7280
6.5456
6.2463
6.4538
6.4780
6.2414
6.2072
6.3526
6.4396
6.6453
6.4747
6.5967
6.9634
6.3965
6.5766
6.4897
6.7784
6.5704
6.3468
6.2498
5.9462
6.6005
7.0855
6.6652
6.7804
6.4063
6.6767
7.1219
6.8678
6.8330
6.6900
6.7517
6.6619
6.6010
6.7991
6.8883
6.7533
7.0086
7.0110
7.0123
7.0359
7.0619
6.6180
7.2650
7.0132
7.1370
7.0797
7.3151
7.0831
6.6643
6.8792
7.2331
6.6078
6.8002
6.5244
6.5844
6.8615
6.6296
6.8144
7.1042
6.8123
6.9409
6.9029
6.7553
7.2071
6.9132
6.5297
6.6625
6.3298
6.2627
6.3291
6.6749
6.9079
6.8659
6.5290
6.4740
5.7854
6.0811
6.2278
6.5046
6.3983
6.7214
6.7921
6.8267
6.7606
7.0658
6.8365
6.6151
6.5296
6.6405
6.7674
6.6484
6.5912
6.5315
6.7922
6.8193
6.6229
6.5415
6.4513
6.8057
7.0263
6.7510
6.5773
6.4416
6.9667
6.4708
6.5733
6.4992
6.5911
6.4842
6.7497
6.8599
6.7017
6.4417
6.5982
6.3620
6.7305
6.6873
6.4095
6.5961
6.5568
6.5077
6.7289
6.7706
6.7667
6.7994
6.7952
6.6851
6.6631
6.6604
6.8429
6.4578
6.3757
6.6115
6.5953
6.3635
6.7680
6.9765
6.7395
6.7368
6.4089
6.4199
6.6943
6.6353
6.5067
6.3276
6.3770
6.3922
6.6735
6.5520
7.2236
7.0047
7.1555
7.0567
6.8853
7.0707
7.4305
7.2264
6.9961
6.8217
6.8580
7.0439
7.1680
7.3297
6.6493
6.4336
6.2064
6.2091
6.2776
6.6447
6.7314
6.3913
6.6515
6.4283
6.5364
6.4625
6.6489
6.3243
6.0824
6.2037
6.2520
6.5470
6.3012
6.5897
6.3211
6.4585
6.6144
6.6178
6.5797
6.6533
6.5406
6.5068
6.0307
6.3462
6.2669
6.2575
6.1859
5.9342
5.5350
5.7658
6.0442
5.8831
6.1840
6.2772
6.4745
6.1494
6.1275
6.5504
6.3281
6.2457
6.2638
6.4814
6.3760
6.2084
6.9228
6.9331
6.4876
6.4390
6.6025
6.5639
6.8788
6.4889
6.2466
6.5272
6.6177
6.9083
7.0877
6.7255
6.6188
6.7273
7.1290
6.5797
7.1133
6.6841
6.5979
6.4896
6.6467
6.2751
6.1316
6.3433
5.8996
5.6737
5.6928
5.9708
6.3061
6.4846
6.4801
6.3880
6.4011
6.6690
6.5285
6.8240
6.4407
6.7213
6.6890
6.7392
6.5341
6.6502
6.4658
6.7812
6.5033
6.7694
6.5582
6.1993
6.5502
6.4989
6.5303
6.5472
6.4469
6.5272
6.3551
6.3935
6.4595
6.2537
6.1207
6.4512
6.4216
6.9187
6.7325
6.5600
6.4865
6.7074
6.7179
6.3938
6.5623
6.7157
6.6212
6.6473
7.1490
6.9023
7.2277
7.1444
6.9001
6.6985
6.6808
6.8725
6.7085
6.6465
6.6723
6.6416
6.5418
6.6200
6.3044
6.1935
6.3421
6.2733
6.3668
6.7398
6.3481
6.9487
6.5272
6.7491
7.2530
6.9798
6.8192
6.6616
6.6246
6.6210
6.5434
6.4960
6.5760
6.6971
6.5295
6.6894
6.5752
6.5360
6.1014
6.2448
6.3563
6.6231
6.7942
6.6135
6.3847
6.5210
6.5216
6.6813
6.5173
6.4331
6.3240
6.1422
6.5925
6.8887
6.6972
6.4579
6.3869
6.3685
6.7270
6.3720
6.0707
6.4984
6.1599
6.2810
6.1895
6.1386
6.2335
6.2336
6.0989
6.3493
6.0771
6.3110
6.4038
6.4213
6.7546
6.4699
6.6930
6.6541
6.5891
6.4956
6.3556
6.4740
6.9937
7.1541
6.6727
6.8405
6.6362
6.7219
6.7845
6.7807
6.7455
6.8343
6.8820
6.9266
6.7119
6.7560
6.6665
6.5492
6.6974
6.5425
6.3445
6.7693
6.9811
6.5447
6.4487
6.3882
6.3850
6.2817
6.0752
6.0121
6.3486
6.5550
6.5459
6.3916
6.5129
6.4236
6.6270
6.7422
6.5845
6.4824
6.6037
6.4991
6.4636
6.5747
6.6629
6.8392
6.5509
6.6356
6.5407
6.7877
6.6256
6.7142
6.7684
6.6985
6.4520
6.0059
6.6009
6.3752
6.2557
6.2853
6.5945
6.6376
6.3482
6.4656
6.2585
6.1575
6.1272
6.4698
6.2451
6.7417
6.7477
6.9253
6.9652
6.4563
6.6935
6.9907
6.7899
6.5924
6.8179
6.7116
6.4149
6.6513
6.4490
6.4792
6.6567
6.4239
6.9200
6.5803
6.3865
6.5288
6.6607
6.8554
7.1942
6.7955
6.4018
6.4509
6.5964
6.6432
6.8927
6.9599
6.9700
6.7673
6.6367
6.2996
6.5803
6.3937
6.3525
6.3467
6.6110
6.8684
6.5441
6.5802
6.8403
6.7212
6.9649
6.7156
6.8641
6.5511
6.6814
6.6218
6.7689
6.7432
6.7177
6.7525
6.7460
6.6818
6.9192
6.8506
6.8832
6.6557
6.7754
6.8385
6.8142
6.6792
6.7207
6.7700
6.9764
7.1257
6.6514
6.5102
6.5017
6.7069
6.3609
6.5341
6.5162
6.2632
6.5586
6.3297
6.0843
6.2038
5.9651
6.1484
6.0130
5.8728
5.9230
6.1941
6.4257
6.3279
6.4651
6.3783
6.3210
6.5448
6.3982
6.2598
6.3213
6.2558
6.1318
6.3307
6.4442
6.6356
6.4819
6.5071
6.1979
6.7074
6.5726
6.7171
6.8555
6.7125
6.7711
6.6695
6.6166
6.4141
6.7863
7.0542
7.0344
6.9941
6.7050
6.4725
6.4088
6.5582
6.7113
6.8368
6.9339
6.9833
6.7270
6.4975
6.2740
6.2986
6.3221
6.7280
6.7471
6.5338
6.7501
6.6916
6.9834
7.1464
6.8307
6.4154
6.5468
6.4155
6.3069
6.5696
6.5450
6.6774
6.6563
6.5734
6.7318
6.6380
6.5456
6.8761
7.2453
6.9834
6.9851
6.6758
6.8323
6.6805
6.7328
6.7804
6.6504
6.5519
6.2979
6.3302
6.3512
6.7884
6.8730
6.6819
7.0220
6.6055
6.6040
6.8990
7.1708
6.7796
6.4013
6.7915
7.0268
7.2511
7.1727
7.1025
6.9636
7.0086
6.7930
6.6947
6.7700
6.4777
6.2009
6.3181
6.6818
6.7615
6.4191
6.4279
6.6411
6.5621
6.4907
6.7961
6.5402
6.7710
6.6795
6.6763
6.3780
6.9551
6.6877
6.2416
6.7395
6.5777
6.6522
6.8418
6.9733
7.0221
7.0617
7.0959
6.9104
7.1888
6.9175
7.1657
6.9083
6.9951
6.7551
6.6593
6.6464
6.6493
6.6641
6.6830
6.5269
6.6693
6.6371
6.8614
7.1271
6.8879
7.2099
6.8182
7.0050
7.0250
6.8360
6.9334
6.8855
6.8137
6.5262
6.8066
6.8705
6.3119
6.6438
7.1732
6.7582
6.7885
6.6993
6.7078
6.7650
7.0586
7.0591
6.6567
7.2037
6.9506
6.6829
6.5718
6.5808
6.2156
6.4799
6.3709
6.3898
6.5214
6.5353
6.6683
6.6788
6.2251
6.3654
6.0253
6.4428
6.3421
6.4509
6.6772
6.5417
6.6665
6.5015
6.3093
6.2835
6.2781
6.1100
5.5597
5.8021
6.3622
6.6706
6.3770
6.3105
6.0657
6.1174
6.0207
6.3482
6.1090
5.9375
6.2303
6.0063
5.7505
6.1173
5.9164
6.1550
6.0217
5.8179
5.7784
6.4840
5.9904
6.2007
6.4270
6.6549
6.6816
6.4128
6.3905
6.2685
6.2515
5.9629
5.9815
6.1855
5.9199
5.7645
6.1009
6.0157
5.8289
5.9773
6.0934
6.2504
6.5963
6.2799
6.4856
6.2749
5.9228
5.9721
6.3698
6.5275
6.4430
6.4287
6.2885
6.3279
6.2313
6.3887
6.1197
5.9960
5.8902
6.1232
6.1901
6.1069
6.0614
6.3309
6.2633
6.3578
6.1904
6.5609
6.3112
6.4910
6.1222
6.3616
6.0903
6.0632
6.0701
5.8552
6.0760
6.1383
5.9310
5.9365
6.0556
5.9397
5.8274
5.9958
6.2720
6.2220
6.1403
5.8542
5.7924
6.0762
5.7167
5.8920
6.2296
6.2426
6.2983
5.8547
6.2473
6.1271
6.1186
6.2453
6.2424
6.2422
6.1521
6.1548
6.1144
6.1683
6.3376
5.8500
6.1963
6.5283
6.4092
6.4942
6.5149
6.6136
6.4730
6.4432
6.3418
6.4695
6.1894
6.0967
6.1844
5.9895
5.9292
5.9090
5.8783
5.9840
6.1434
6.1482
6.2081
5.8765
6.3426
6.4652
6.4614
6.1186
6.6181
6.2174
6.4332
6.2411
6.3687
6.3403
6.7350
6.4538
6.7891
6.5261
6.1746
6.1867
6.2346
6.2055
6.4472
6.8076
6.5496
7.1391
7.0081
6.9780
6.7530
6.5172
6.6040
6.2522
6.2261
6.1619
6.1502
6.6787
6.2918
6.3735
6.5868
6.2891
6.1093
6.1394
6.2424
5.9852
6.0765
6.1156
6.4843
6.4548
5.8545
6.2872
6.2642
6.5354
6.4012
6.2530
6.3533
6.1984
5.9695
6.2750
6.5217
6.4011
6.5364
6.6611
6.5598
6.7900
6.7355
6.8057
6.5206
6.7203
6.4453
6.5095
6.1928
6.1683
6.2752
6.1862
6.2026
6.4580
6.6066
6.5639
6.5446
6.3713
6.4182
6.4065
6.5098
6.4862
6.3951
6.6038
6.7099
7.0360
6.4233
6.4960
6.7455
6.5128
6.9791
6.8392
6.7690
6.8377
6.6641
6.6227
6.5053
6.8312
6.6032
6.4017
6.6956
6.5514
6.8193
6.8493
6.8419
7.0265
6.9267
6.9107
6.3930
7.0514
6.5735
6.7336
6.4607
6.4682
6.8186
6.6282
6.8582
6.6156
6.7362
6.8892
6.4708
6.6632
6.2396
6.4458
6.4548
6.4371
6.5747
6.6433
6.7279
6.7876
6.3987
6.4871
6.3109
6.5265
6.5055
6.1705
6.2468
6.3898
6.2445
6.4941
6.2224
6.3707
6.5095
6.6687
6.4504
6.2226
6.2166
6.4893
6.4757
6.5850
6.1773
6.3323
6.4646
6.3073
6.2413
6.4359
6.2241
6.2735
6.6661
6.8195
6.8937
6.6375
6.8217
6.5824
6.6903
6.4140
6.6899
6.5770
6.6473
6.6415
6.3522
6.3670
6.1378
6.3261
5.8832
5.9534
6.2743
6.1446
6.1595
6.1948
6.1515
6.2038
6.1033
6.0268
6.0219
5.9414
6.4984
6.0560
6.3749
5.7899
5.9527
6.4675
5.9425
5.8955
5.8360
6.2084
6.2243
6.2735
6.0954
6.3496
6.0293
6.0430
5.9807
6.1666
6.0887
6.2501
6.3116
6.3532
6.1629
6.1702
5.9587
5.8128
6.0671
6.0569
6.0346
6.3022
6.3825
5.8746
5.7381
5.7318
6.4365
5.9575
6.1298
6.0914
5.5131
6.0203
6.0314
6.3697
6.2730
6.9992
6.2578
6.4660
5.9176
6.0926
6.1430
6.2858
6.2877
6.0221
6.1984
6.5697
6.3809
6.2506
6.1627
6.3829
6.2622
6.3413
6.3676
6.1008
6.2320
6.2370
6.3158
6.3938
6.2513
6.4553
6.3659
6.1935
6.1733
6.3932
6.1261
6.2281
6.3603
6.1272
6.2338
6.3603
6.3285
6.3451
6.0316
6.4021
6.4853
6.2666
5.9711
5.9206
6.2379
6.0763
6.0960
6.3639
6.3877
6.4570
6.4040
6.3211
5.9334
6.2192
6.0749
6.0366
6.0610
6.4016
6.2536
6.1952
6.0694
6.0494
5.9257
5.9905
6.2456
5.9310
6.2243
6.0757
6.2585
5.9658
6.4003
6.0384
6.1040
6.1597
5.9799
6.1019
5.9806
6.0621
6.0326
6.6289
6.0176
6.1239
5.9183
6.0037
5.9165
5.8299
5.6693
5.7551
5.4802
5.8463
5.5014
5.8453
6.3662
6.2477
6.2372
6.2380
6.0879
6.3599
6.1221
6.5058
6.1725
6.1869
6.3218
6.4868
6.5383
6.4087
6.4868
6.3972
6.4614
6.5878
6.3781
6.6532
6.6080
6.7124
6.6498
6.3793
6.0362
6.1607
5.9411
6.2483
6.0582
5.9425
5.9352
6.1131
6.0933
6.3427
6.3498
6.2757
6.3323
6.3862
6.2998
6.1881
6.3160
6.2539
6.4518
5.9132
5.8957
6.0384
5.8025
6.0474
5.9853
6.0148
6.1289
6.0966
6.3052
6.3554
6.3604
6.2454
6.6624
6.5073
6.8837
6.7622
6.9501
6.7660
6.8843
6.8494
6.9502
6.9035
7.1414
6.9956
6.8399
6.9266
7.2883
7.2040
7.0467
7.0204
6.6661
7.2619
7.3139
6.9781
7.0617
7.1413
6.9603
6.8268
6.8216
6.7407
6.9622
6.8286
6.9417
7.1068
7.1737
6.6156
6.7120
6.7906
6.4877
6.9008
6.7714
6.5255
6.7416
7.3353
6.6150
6.9864
6.6037
6.8762
6.5354
6.5985
6.9036
6.8903
6.8276
6.8681
6.4609
6.4984
6.1679
6.3568
5.8298
6.2745
6.0362
6.1365
6.3920
6.2745
6.3291
6.3129
6.0341
6.1830
6.3335
6.1151
6.4003
6.3439
6.6208
6.4775
6.4399
6.4880
6.2461
6.8812
6.6737
6.6194
6.5112
6.3206
6.2673
6.1851
6.0881
5.9765
6.5436
6.2603
6.0145
6.2059
6.3497
6.2420
6.5561
6.3728
6.5273
6.1430
6.2143
6.2145
6.4514
6.2360
6.0684
6.0047
6.2347
6.1694
6.6160
6.4579
6.2318
6.5623
6.4575
6.1920
6.5659
6.3462
5.9500
6.0511
6.2379
6.0394
6.1733
6.4087
6.2043
6.2754
6.3328
6.5888
6.5220
6.4039
6.6968
6.3726
6.6855
6.6790
6.8743
6.3278
6.4566
6.1762
6.3763
6.2787
6.3588
6.1004
6.0264
6.0222
6.1829
6.4762
6.1426
6.4318
6.4104
6.3694
6.7176
6.7524
6.5513
6.6201
6.4734
6.5869
6.4734
6.7021
6.8002
6.7618
7.1430
7.0782
7.1024
6.8338
6.8271
6.8618
6.7416
6.4761
6.4609
6.5056
6.6367
6.9268
6.7373
7.0172
6.8303
6.3100
6.7328
6.6826
6.6912
6.7417
6.9281
7.0751
6.7723
6.8468
6.5825
6.4645
6.2139
6.1689
6.6575
6.4899
6.8323
6.8218
6.6248
6.4623
6.8766
6.9209
7.0869
7.1972
6.7510
6.4974
6.9459
6.7483
6.6235
6.5764
6.6992
6.3485
6.4534
6.2832
6.2456
6.4558
6.6090
6.5493
6.4436
6.2875
6.5005
6.8261
6.7080
6.6955
6.5268
6.6959
6.7274
6.5099
6.4581
6.5249
6.5190
6.7070
6.7655
6.3873
6.2083
6.4442
6.4777
6.4355
6.2044
6.3737
5.8421
6.0299
6.0025
5.8538
5.9171
5.9787
6.2094
5.8723
6.2037
6.1872
6.0440
6.0467
6.1497
6.2323
6.3474
6.4871
6.1601
6.2075
6.4323
6.1067
6.2122
6.8874
6.5466
6.5467
6.3152
6.7721
6.5876
6.9458
6.1502
6.2213
6.4703
6.4378
6.2308
6.0023
6.3943
6.3050
6.8308
6.3613
6.5530
6.5296
7.1103
6.8377
7.0645
6.6921
6.8028
6.7957
7.3352
7.1827
7.0502
6.6957
6.8233
7.1156
6.8724
7.1159
6.8479
6.8986
6.8398
6.8448
6.7633
6.7858
6.7098
6.8085
6.8095
6.9964
6.7758
6.8849
7.1325
6.9511
7.0441
7.3998
7.2357
7.0126
6.7934
7.1218
6.6807
7.0762
6.9390
6.9286
6.9710
7.0031
7.1613
7.2568
7.2138
7.1670
7.0115
7.3150
7.2546
7.3288
7.3067
6.9460
7.0393
6.8904
7.0813
6.9213
6.9347
6.7792
6.4819
6.6552
6.5946
6.6710
6.5861
6.7321
6.8657
6.8781
7.2563
6.6168
6.4451
6.7828
7.0213
7.1486
6.8832
6.8445
6.5531
6.8779
6.6413
6.6839
6.8879
6.8584
6.7525
6.9033
6.6065
6.9635
6.8328
6.6685
6.3431
6.9418
6.8497
7.2260
7.0011
7.1285
6.8860
7.1712
6.6498
6.7743
7.2486
7.0482
7.1094
7.1142
6.9911
7.1142
7.0389
6.8321
7.5560
7.7064
7.6484
7.9271
7.1863
6.9239
7.0136
7.1632
7.0377
7.3498
7.6144
7.2251
7.6423
7.6309
7.3614
7.3714
7.4280
7.1962
7.1289
6.9784
6.8236
6.8073
6.6242
7.0799
6.8606
6.7651
6.5601
6.8479
6.8599
6.1503
6.0380
6.4101
6.1831
6.0235
6.3725
6.1944
6.5292
6.2789
6.8995
7.0920
7.0012
6.5407
7.0913
6.9273
6.5130
6.5632
7.0013
6.9773
7.1224
7.2326
7.2342
7.0446
7.0672
6.5955
7.1515
6.9703
7.1672
7.0707
6.9239
6.9791
7.2267
7.0251
7.2569
7.2326
7.5276
7.1882
7.3482
7.4084
7.2210
7.5474
7.7871
7.7100
7.5348
7.3403
7.4521
7.3729
7.1938
7.2040
6.7622
7.3822
7.1442
6.8970
7.1319
6.7517
6.8808
7.4220
7.1872
7.3588
7.7445
7.3196
7.1552
7.0558
7.0193
6.9472
6.7952
6.9038
7.1883
7.0900
6.9274
6.7853
6.8720
6.7941
7.0945
6.8186
6.7530
6.7743
6.7652
7.0513
6.6794
6.9624
7.4988
7.1927
7.1050
7.4120
7.0738
7.0786
6.7650
6.4327
6.4540
6.9030
6.6752
6.5354
6.3423
5.8840
6.1195
5.8684
5.9916
6.3472
6.3011
6.4875
6.3966
6.5294
5.8169
6.1065
6.0812
5.8511
6.1323
6.4033
6.2315
6.2644
6.0235
6.0999
6.0568
6.4256
6.3374
6.0112
6.3603
6.2251
6.3854
6.2591
6.2327
6.2222
6.1848
5.9402
6.1882
6.0053
6.0206
5.9839
5.5402
5.7352
5.7297
5.8460
6.1056
6.3462
6.4775
6.3523
6.3476
6.0895
6.4964
6.6393
6.6202
6.5039
6.4006
6.6438
6.5664
6.6071
6.8967
6.7237
6.6066
6.4968
6.6848
6.4728
6.4557
6.2810
6.2409
6.0581
6.2616
6.2578
6.0354
6.4046
6.6695
6.8038
6.6476
6.5270
6.5091
6.4852
6.3779
6.6108
6.6926
6.5168
6.6415
6.8902
6.6911
6.4894
6.5780
6.4902
6.5424
6.9115
6.7672
6.6623
6.9357
6.7065
6.5236
6.5588
6.7603
6.8055
7.0764
7.2517
7.0225
6.8282
6.9478
6.7073
6.8966
6.7186
6.7731
6.6375
7.0124
6.8261
6.8556
6.6593
7.0038
6.7013
6.5079
6.6265
6.7919
6.8541
6.9012
7.4011
6.8725
6.6257
6.9692
7.0567
6.7626
6.5606
6.5386
6.5277
6.5913
6.5974
6.4268
6.6097
6.5727
6.2653
6.4693
6.0930
6.2390
6.3758
6.1736
6.4969
6.2893
6.4915
6.8244
6.8668
6.7089
6.4442
6.7121
6.7784
6.7361
6.9633
6.6409
6.6830
6.6054
6.7426
6.5722
6.4024
6.0879
6.5153
6.3499
6.0214
6.1877
6.1080
6.1100
6.2019
6.1268
6.3305
6.4037
6.4606
6.3242
6.2017
6.1430
6.2238
6.1393
6.3797
6.4047
6.2310
6.1248
6.0789
5.9618
6.2507
6.2596
6.4911
6.3846
6.2878
6.5936
6.5681
6.3107
6.4087
6.4151
6.4713
6.3899
6.3960
6.6359
6.0951
5.7286
6.1211
6.1032
6.2640
6.4916
6.1689
6.4872
6.4750
6.4562
6.1758
5.9407
5.9685
5.9760
5.6772
5.7555
5.8257
6.2346
6.4440
6.3472
6.5080
6.4792
6.0751
5.9978
6.2655
6.5293
6.5111
6.2849
6.4272
6.3447
5.7292
6.0263
5.6054
5.6811
6.0073
6.3201
6.2443
5.8789
6.0298
6.2708
5.7952
5.6500
5.2020
5.1461
5.3709
5.4820
5.0445
5.2366
5.1681
5.3964
5.4322
5.3004
5.2203
5.2148
5.3361
5.3766
5.2343
5.5765
5.6072
5.4854
5.4493
5.1120
5.0969
5.2585
5.1439
5.3890
5.3373
5.4975
5.5363
5.9952
5.6667
5.5396
5.7122
5.8264
6.0033
5.8659
6.0650
5.8084
5.6471
6.0018
6.1116
5.8171
5.8589
6.4939
6.5525
6.1242
6.0296
6.2837
6.3012
6.3061
6.3091
6.4817
6.2593
6.1449
6.0630
5.9410
6.0613
6.1251
6.1717
6.2598
5.9628
5.9161
6.1011
6.1379
5.7746
6.2578
6.1800
6.0057
6.1649
6.3156
6.2190
6.4098
6.2424
6.2960
6.2469
6.3111
6.1905
6.1524
6.0322
5.8983
5.9269
5.9040
6.2511
6.2180
6.3276
6.0224
5.9943
6.3005
6.0913
6.0782
6.1695
6.4051
6.1405
6.1991
6.1468
6.0386
6.3830
5.7208
6.1125
6.0870
6.1793
6.1504
6.1074
6.0973
6.2672
6.3084
6.0155
6.2833
6.1631
6.2865
6.8609
6.7019
6.9781
6.7191
6.4036
6.4339
6.4287
6.0731
6.2056
6.3258
5.8138
6.0473
6.1776
6.2539
6.1807
5.7663
5.9209
5.4249
5.4940
5.9449
6.0083
5.5751
5.8627
5.9781
5.9131
5.5460
5.7007
5.6842
5.5893
5.6526
5.3200
5.1180
5.2266
5.4324
5.0921
5.2927
5.5272
5.9704
5.6985
5.6175
5.5398
5.6199
5.7473
5.4971
5.5000
5.7995
5.6704
5.3938
5.6257
5.9927
5.7378
5.8045
5.8786
5.9209
5.8193
5.9371
6.1279
6.0196
6.1089
5.9261
6.0207
5.6706
5.4771
5.8846
6.1454
6.0410
6.1028
6.2997
5.8676
5.8215
6.0728
5.7589
6.3000
5.7500
5.8988
6.0721
6.5514
6.1788
5.9448
6.1191
5.9001
5.7460
6.0761
6.1256
6.3344
6.2181
6.0742
6.1772
6.1214
6.3748
6.4167
6.8622
6.7159
6.8907
6.8930
6.4372
6.4174
6.4244
6.6367
6.4996
6.6027
6.4855
6.6392
6.6528
6.3233
6.6223
6.7318
6.6410
6.5994
6.4062
6.2834
6.4561
6.6325
6.3903
6.2704
6.7977
6.9398
6.8601
7.0427
7.1223
6.5537
7.0525
7.2137
7.3454
7.6106
7.1524
7.0632
6.9579
6.9153
6.8781
6.9920
6.9773
7.0868
7.0307
6.9981
7.1512
6.8881
6.3673
6.5057
6.3367
6.4955
6.3786
6.2602
6.3139
6.6366
6.3221
6.5832
6.4673
6.4243
6.3205
6.3042
6.5944
6.5997
6.5482
6.3106
6.1091
6.3188
6.1487
6.0594
6.2937
6.1095
6.4383
6.7069
6.5943
6.8090
6.6765
6.8696
6.3913
6.5017
6.5849
6.5521
6.9742
6.8604
6.6170
6.9627
6.7410
6.6954
6.5495
6.4451
6.5048
6.3286
6.3243
6.6745
6.6667
6.7447
6.7243
7.2306
7.1852
7.3568
6.9266
6.8458
6.9313
7.2040
7.1604
7.2918
7.1128
7.0988
6.9761
6.5714
6.8435
7.0844
6.7645
6.8266
7.0401
6.7516
6.9528
7.1936
7.3397
7.1044
7.1643
7.1576
6.9906
7.0832
6.6164
6.9500
6.6323
6.2032
6.5068
6.6048
6.7641
6.9811
6.9942
7.2377
7.0483
7.2023
6.9138
6.9498
6.8581
6.8513
6.6301
6.5780
6.5739
6.2830
6.6321
6.7677
6.7973
6.6564
6.7243
6.9175
6.8008
6.9095
6.9354
6.9590
6.8071
6.9908
6.4841
6.8398
6.9976
6.9524
6.7620
7.1508
7.4435
7.5464
6.9976
6.7909
6.9705
7.1527
7.3069
6.8456
6.6666
6.9735
7.1875
7.3650
7.1532
7.2333
7.4321
7.4988
6.9730
6.9971
6.9815
6.6733
7.0750
7.6434
7.2951
7.2305
7.2219
7.2825
7.2393
7.2937
7.5034
7.2841
7.3505
7.4202
7.5809
7.6646
7.6091
7.4482
7.1942
7.5744
7.4720
7.4234
7.4323
7.5493
7.5262
7.2841
7.3168
7.2693
7.0170
7.1134
7.0450
6.7518
7.2620
7.5725
7.5341
7.2161
7.4203
7.3287
7.5224
7.7261
7.3911
7.0665
6.9212
7.3926
7.4828
7.2604
7.2498
7.4113
7.4514
7.0708
6.9389
7.3312
7.1388
6.9686
7.0254
6.8464
6.8750
6.8049
6.8711
6.9768
6.7400
7.0985
7.0164
7.6700
7.2541
7.2194
7.2948
7.2059
6.9516
7.0474
7.7328
7.2118
7.0981
7.5885
