104.1779
104.4073
103.5609
103.8076
104.5429
104.4398
103.3622
102.8596
103.4985
105.4741
104.0190
105.2777
101.9447
104.3294
103.2468
103.6325
103.8312
102.4938
103.0755
103.7765
103.0053
103.9385
102.8229
102.0532
101.1230
102.9237
102.0045
103.8660
103.1237
104.3514
104.7351
104.0115
102.9224
104.0685
105.3715
105.2157
103.8546
102.8724
104.0367
103.1710
102.7417
102.9457
104.0292
104.2125
103.2363
103.0085
103.1860
102.7945
103.0921
103.5588
101.6016
103.0641
103.6856
102.1114
102.9013
102.7643
104.3843
102.2221
103.3560
103.8534
104.3429
103.4095
105.3120
104.4683
104.4414
103.6971
104.8794
103.2762
101.7044
102.5396
100.7688
102.1100
102.2166
102.6015
103.3433
102.2500
101.1268
102.9481
102.0938
100.8535
100.2760
101.0179
101.8605
100.5628
100.8678
97.4905
97.9264
97.7493
100.9497
101.2774
100.8973
101.0109
103.1395
104.1632
104.2811
103.0066
102.5916
101.5738
100.5565
102.1741
102.9698
102.3932
102.3788
101.6088
101.8348
99.9828
102.2521
102.1049
101.2604
101.5449
101.7491
102.4703
102.3858
103.7993
104.4161
104.0900
103.9457
104.7493
104.9810
106.5944
105.6812
105.8504
106.2405
106.3731
104.8466
105.1284
101.9081
103.0832
104.8221
105.3451
104.3213
105.2916
108.4128
109.1103
111.0489
110.7770
107.7359
107.3684
107.7673
108.4934
109.5044
107.2982
108.1797
108.7016
110.0732
109.7201
109.8592
111.4684
111.5581
110.8437
110.2968
109.8780
111.4009
110.3594
110.7035
113.6780
112.8883
111.7792
112.4886
111.3472
110.3829
111.4192
111.7037
111.4671
112.0728
111.5665
111.0032
110.8379
110.5246
109.6419
111.2936
108.3154
108.7230
109.4887
111.1872
108.8354
109.9349
110.1116
108.1235
108.6157
108.1021
105.9937
107.6448
107.7533
107.7980
110.2439
110.8972
111.1377
111.3555
112.0534
112.5515
112.6389
109.8551
109.6447
109.5387
111.2607
109.6870
111.2747
111.5140
112.2888
112.8168
111.1167
111.6429
110.5963
110.5116
109.4605
109.3457
109.6096
109.6815
110.7742
110.8523
113.0538
114.1124
113.8792
111.7734
111.4568
110.8771
111.1055
113.3435
114.3790
114.3555
113.5687
113.6051
114.4814
114.0722
113.1622
112.3605
112.5445
111.8861
111.6532
111.8384
110.3606
109.3150
112.0774
111.4352
113.6363
110.6317
111.8692
111.4317
109.7957
111.0457
109.2352
110.2443
110.8886
109.6019
111.8070
109.4833
109.1167
106.9121
109.0063
108.7028
110.9268
111.0222
108.7778
110.2389
109.6844
108.5521
108.1032
108.2529
108.7527
108.8587
109.5954
110.2632
109.8816
109.8693
111.4433
111.2846
112.4887
111.8689
112.6983
113.1524
112.3841
112.6826
113.0013
113.8130
114.4367
114.2607
116.8240
113.5917
113.3762
114.2136
114.2976
115.1824
112.8635
113.2908
111.9955
112.4771
112.1663
110.5409
112.2316
114.3740
115.2242
114.1045
111.1937
113.7273
114.2835
114.0825
113.8473
112.7269
112.5091
112.8307
113.2429
112.5077
112.7917
113.3605
113.6258
113.3081
113.9642
115.2535
114.4403
114.9844
116.3089
113.7139
111.8387
113.4814
113.3883
114.8415
116.1320
117.6776
117.1461
116.8219
115.6467
114.9065
113.9936
113.4822
113.0530
112.2184
111.7872
112.7973
112.5526
115.0866
116.7721
116.9297
115.5176
115.4842
114.9698
114.9102
114.9973
115.6581
116.2577
116.1043
116.8047
115.6051
115.7367
115.8650
115.4471
114.6196
113.3206
115.0579
115.1168
112.3718
112.9282
114.0432
113.3899
112.1274
110.6764
109.5074
111.8817
111.4501
112.4819
113.9626
113.5902
112.9471
111.6587
111.2429
112.8716
113.9225
112.1881
112.2924
111.9828
111.4696
110.3718
110.3239
111.4642
113.5277
113.9013
112.6584
113.9035
113.1610
113.9119
112.9061
111.1621
111.2742
113.4054
115.9731
113.8068
112.5391
112.4427
114.6539
113.1066
112.3613
112.8914
112.9551
112.9648
112.9265
112.3445
112.2537
113.1418
112.8762
116.3792
115.7069
112.3094
113.3875
115.2647
115.5017
114.4217
113.2400
113.5836
113.4440
114.4021
114.2870
114.3235
112.8984
111.1627
110.4670
110.2015
109.1909
110.7017
112.3729
113.8598
113.1165
111.3174
112.6734
114.2477
114.4552
114.0376
115.0778
115.3268
114.1376
115.5089
116.2779
116.6366
116.7801
117.4796
117.4437
115.6862
116.1251
115.8041
116.3803
117.5659
117.3288
116.8377
115.6390
114.5053
116.2019
113.8812
115.2839
117.3011
117.4768
117.8545
118.4989
118.0257
118.3856
119.0563
119.3450
120.0246
117.6117
117.8970
117.3647
119.0328
118.0597
115.4028
116.6231
115.2981
114.8457
116.4945
119.0399
114.7999
114.7079
113.4903
112.3726
111.5003
112.1371
113.4465
112.6272
112.3927
114.0682
113.1083
111.4400
113.8958
113.0724
110.7987
112.3413
112.0524
110.2278
111.6208
111.1870
111.1932
110.4903
110.5902
109.9321
109.7147
111.2777
111.6772
112.6321
113.3479
114.0033
112.6876
111.6978
112.7158
112.5431
113.6916
112.5374
111.2573
112.9256
113.9870
113.7741
111.5568
111.8857
110.7747
111.7152
111.9207
111.5484
111.4955
113.7184
112.7428
113.3910
112.6620
112.2420
113.6694
111.9390
110.5093
110.2540
112.3467
113.6316
113.9752
113.4492
113.5165
113.6807
113.3284
113.1215
113.1991
114.3808
114.9351
113.7160
114.3028
116.5114
117.0644
116.7212
115.7616
115.4971
114.8598
115.8864
113.9391
115.0754
115.7107
112.7563
113.6962
112.4872
113.0711
115.1497
113.9479
113.4645
113.0249
112.3966
112.7314
112.5797
113.2415
113.9201
114.4330
114.0962
114.9862
114.5600
114.7679
114.3153
113.4530
113.3763
113.6621
112.5026
110.6784
112.7765
113.5409
113.3182
112.7033
111.0627
112.5450
113.4372
114.8231
115.2932
115.5949
115.5249
113.2448
112.2492
114.5942
113.9848
115.6065
112.4057
114.3859
115.7284
114.6018
113.2649
114.1930
112.9008
114.1225
113.7655
111.9813
111.3536
111.1816
111.8756
110.8763
111.6167
110.7297
107.7292
109.4238
109.0685
109.3065
108.8724
109.9461
110.3299
110.3504
111.7132
112.3210
115.9609
114.3194
115.2936
114.6818
113.3033
115.5856
115.6820
115.9632
115.7443
114.5776
113.6771
112.9845
114.4904
114.8974
115.8821
115.6672
116.3928
116.7216
115.9955
115.8085
113.4786
114.1339
115.1526
114.8551
113.6722
114.6150
113.9346
113.6008
116.2006
116.0371
113.6741
112.5478
113.0610
113.2310
111.4728
112.7703
112.2892
112.2645
111.2441
112.9911
112.7555
112.1916
111.9010
110.5281
111.5452
110.1019
108.9637
109.5718
109.3999
108.1626
108.7212
108.9117
108.3000
108.6558
109.9542
110.7780
112.8397
113.7598
112.4861
109.8600
109.6659
109.4862
109.7577
112.0448
111.9143
111.1304
110.7111
110.6296
110.9511
108.9640
108.8143
108.3614
109.4556
108.8196
110.7287
109.0809
109.7547
110.3649
107.5970
108.5429
106.7438
108.6965
108.5153
107.7059
107.4549
110.4844
110.5369
107.7525
109.4776
106.9001
107.7911
108.3650
106.1118
105.2474
105.4080
107.2295
106.7170
106.8391
105.5870
106.1734
106.7507
103.9483
106.0822
105.5796
103.0810
102.7677
102.7287
104.2864
105.0344
105.2219
103.5688
104.2043
104.7637
103.8771
102.7789
105.1174
106.0871
105.7112
104.9999
105.1737
104.2580
104.8930
103.9647
105.0452
102.1050
101.0209
102.8859
103.8964
104.5227
102.3121
101.8835
103.9548
102.4506
102.9485
102.5834
103.4046
102.8313
104.8226
102.5662
103.0759
104.5935
106.0975
104.8302
104.3264
104.1740
103.2396
103.4567
101.9854
100.7825
100.6497
103.3087
102.9344
101.0213
101.6201
102.7985
102.5705
104.7669
103.5251
104.6428
103.8378
103.1692
103.1628
102.0079
102.1268
102.3024
102.5278
103.3949
103.0114
103.4155
103.0931
100.9567
102.4622
102.9711
101.2455
103.1917
101.2969
101.1348
101.6168
101.0573
101.7517
102.1102
102.0077
101.4227
101.3584
101.4693
102.1641
102.4515
101.3935
100.8610
102.3113
102.7484
101.2770
103.3792
101.2195
100.6384
98.9521
98.5309
98.0574
98.3376
97.5866
97.8651
96.8729
96.5529
97.2009
97.6331
94.9183
95.5114
96.3066
98.2873
98.9780
98.1266
97.5781
97.8596
96.6703
95.9157
94.9062
97.0968
96.5771
97.1617
100.2395
99.8598
100.5271
100.8827
98.2657
98.9133
99.5562
99.2460
99.3547
98.5434
98.1178
97.4050
95.9333
97.3384
97.0044
95.5935
95.8685
96.6464
97.3653
98.2688
97.4010
95.1753
95.2204
95.6511
97.5710
97.6520
97.3176
95.7658
95.6727
96.0430
96.9055
96.7799
95.9608
96.2248
95.0159
93.9079
93.2161
93.9437
93.0648
93.8871
94.4968
93.5399
94.1566
95.0355
95.0377
95.1176
94.8096
93.9503
94.2213
93.4565
93.5901
92.8455
91.7452
92.9045
94.1911
93.6074
93.5935
94.0632
93.1894
93.8909
94.7218
95.0102
94.6697
93.0331
93.6197
92.4194
92.0032
94.7789
95.4430
95.8852
97.0504
96.1260
94.6040
96.9615
95.3352
96.6617
96.4177
96.9771
96.3412
95.9170
96.0215
95.0451
96.3192
97.3602
98.3971
97.9670
96.5916
96.0669
97.0448
98.5795
96.2138
96.5365
95.2840
96.1546
96.8565
96.0540
96.0779
95.2035
96.3735
96.9823
95.9875
97.4293
96.6676
97.7647
97.5558
96.3318
97.9991
96.3855
96.3970
98.3895
98.5119
97.5897
99.5761
100.1580
100.3092
100.8002
102.6563
102.8053
101.2552
102.9648
104.1372
104.3282
103.1849
101.1157
102.4109
102.4342
101.2615
101.0518
102.0685
102.4907
103.4340
101.1558
101.6343
100.8529
101.0744
101.4434
101.0491
98.3547
99.5950
101.4127
102.8791
102.2551
101.2509
100.7432
101.9711
103.4149
101.8301
102.2061
103.7803
101.3368
99.8668
99.9003
98.9425
98.1106
100.3578
100.2086
102.0360
102.1267
102.4308
101.9444
103.6668
102.8731
101.2378
101.2061
101.7020
102.4615
101.4080
104.7706
105.5577
105.3287
104.4790
105.1540
106.8967
106.6644
107.5877
108.0258
107.8516
105.8412
105.2924
106.7634
106.5935
103.3810
104.7512
103.0918
102.8626
103.3149
103.7599
102.8045
103.7482
102.3916
105.3929
104.9772
105.7214
107.2307
107.6080
105.9041
105.1569
107.9764
107.8436
106.8184
107.3954
106.8024
107.6998
107.0106
108.5331
109.0054
108.8438
108.3833
107.7288
108.4748
105.5704
104.5177
105.3811
105.0060
107.8867
105.7938
104.9403
105.9226
106.0737
106.9434
107.9031
106.7978
106.5324
105.9749
105.4167
106.6118
105.6480
106.7042
104.9044
104.7975
104.5447
105.3226
105.4364
103.6851
104.3354
105.3220
104.2064
104.5257
105.3155
105.3219
105.0757
107.5908
105.1524
103.7403
105.0547
104.9560
104.7053
105.2856
104.8799
103.9777
104.7674
103.8080
102.5612
102.8189
103.7608
104.6964
103.6362
104.8531
103.1394
103.9633
103.7461
104.7472
105.5042
106.4977
105.7493
105.8518
104.5397
103.9098
104.4305
104.4927
104.1460
104.2891
104.4150
101.9493
102.2277
101.8232
102.0894
101.2935
101.3926
101.2644
103.9186
101.0995
101.0736
101.6254
102.1279
102.5800
102.9993
103.4027
103.0095
102.1633
104.4914
103.1612
102.1322
102.7329
102.2252
102.2874
101.7173
101.6836
101.5174
100.0453
99.6622
99.0008
98.6237
99.1621
97.2977
98.2096
98.4065
98.2654
100.4080
99.7447
100.1430
98.6174
99.5959
98.6906
99.4736
98.9962
97.9236
95.6388
97.3483
97.6061
96.1352
98.5887
99.5657
100.1670
98.8645
101.0780
99.9104
98.3140
98.3390
99.0781
98.1774
97.8676
97.6846
97.7954
98.7532
98.4698
99.6101
97.9956
99.0780
98.1966
99.3782
97.9707
98.0367
98.6262
99.1866
99.0579
97.7511
96.8847
98.7180
98.6380
99.6815
98.5794
97.9378
96.8645
98.7865
97.1935
98.3008
96.9920
97.5644
99.1128
100.3087
101.0036
100.2142
101.3245
100.6227
99.8942
98.6475
98.3464
99.7979
97.6960
97.6898
96.2863
98.4283
96.8188
95.4106
95.1253
96.1453
94.9150
95.7549
93.7670
92.9438
93.8678
93.8886
94.9330
95.0842
94.5043
92.3058
91.8331
92.3096
91.3594
93.5682
93.2923
92.2640
93.0176
95.0614
95.6346
92.9163
94.6188
93.4158
91.7799
91.4393
92.1531
92.0575
91.5962
91.5463
91.4054
92.1625
91.8593
89.2810
90.9299
91.1989
92.1842
92.1155
91.5566
90.7434
93.4265
91.8380
93.4983
92.3541
94.3973
92.8718
92.5293
93.5312
91.8258
92.5599
92.9481
94.8149
93.1680
92.2321
92.1967
92.2488
91.0512
90.8431
91.8582
89.7231
90.1784
90.1809
90.3613
90.7963
91.9646
90.0099
91.8214
91.1263
92.4892
91.0433
90.8984
92.3560
94.3901
95.4346
94.1519
95.4566
93.0182
92.7216
94.9423
93.9246
93.3977
93.7570
92.3174
91.8221
91.9758
92.4044
94.6001
93.2893
92.8665
94.3589
95.1578
95.1047
95.1894
95.7496
95.8096
94.6441
93.7826
96.6048
97.0584
97.5079
96.9413
96.8789
97.7505
97.6157
96.6210
97.0288
96.3013
97.0180
98.7244
96.8838
98.6880
97.3426
97.2618
97.7876
98.0906
97.7734
98.5609
97.3011
96.5907
97.6710
98.6866
97.1313
97.7640
96.3558
99.1950
98.3721
97.6221
97.6756
98.0699
96.4783
96.8779
96.0425
96.1493
97.2341
98.5432
98.4208
98.3253
97.0559
96.9657
96.8813
95.0889
95.0239
94.5459
95.8557
94.6608
95.0174
95.6192
93.4404
94.7691
94.0278
95.7949
95.7090
94.9042
91.8273
92.2238
93.4967
93.7723
95.9132
94.9456
95.9532
96.9363
96.0887
95.5006
95.4753
95.2716
94.4342
96.3338
96.1385
96.2186
94.0695
96.0566
92.8554
92.3671
94.8289
97.8915
98.0734
97.2116
95.2439
95.8692
94.6402
94.0010
95.6532
94.8079
93.5976
93.8492
93.0094
94.1497
95.7210
95.7653
95.3052
94.6868
95.1282
94.5566
93.8555
92.3386
93.0722
93.2383
94.9434
95.4496
95.4251
93.6669
93.3666
94.3741
92.7792
92.6403
94.1525
94.2475
93.9568
93.5566
92.9040
93.9024
95.7325
95.9647
97.2396
95.1876
96.1896
95.2389
96.3610
96.7639
96.7679
96.7093
96.6184
96.8467
97.7761
97.0295
97.1911
97.3272
94.7595
93.9223
94.9220
94.9893
94.8902
94.4092
94.1377
95.7957
94.0952
93.9745
94.6633
94.4606
94.2479
93.8294
95.6443
97.1808
96.0851
95.2807
95.3291
95.7404
94.8704
93.6817
93.8473
92.8252
94.5614
95.1792
94.9361
96.9542
96.6753
95.0403
94.7815
94.5548
95.4669
93.8650
94.0315
92.9805
93.9877
92.3427
92.8269
91.8980
92.2062
91.7530
90.0379
90.0155
89.5955
89.2200
90.9148
90.8234
90.1109
90.0509
91.2107
91.0723
91.0934
91.7103
92.1147
91.9391
92.4133
90.7565
91.7078
93.1123
93.2675
92.7733
92.1631
92.5100
93.4630
90.9975
92.2340
92.3736
92.9395
94.3981
94.8909
94.8650
93.2580
93.7110
94.4111
94.0604
95.4516
94.3137
93.3001
92.8443
92.0488
92.3551
93.3977
94.0681
92.9539
91.3473
90.5911
92.2495
94.5483
94.1862
92.7424
94.1472
93.3354
94.0623
94.0845
95.1555
96.4910
94.6286
94.1584
94.4543
95.7771
95.0373
95.6134
95.4500
96.7370
95.1364
95.6541
95.6279
96.9078
98.2855
99.4370
99.5674
99.9073
99.8980
101.4978
101.9603
102.3096
102.2576
101.5935
100.4463
99.8178
98.7711
99.3983
100.8021
98.9095
101.4920
100.3143
99.8019
96.9723
95.7068
95.0289
95.2873
95.6088
95.2881
95.7346
95.3815
96.5295
95.7903
94.7173
94.1022
94.0980
93.3149
92.8745
93.6806
92.2096
93.1391
93.4198
92.4696
91.7477
90.8816
92.5757
94.7061
93.9317
93.3574
92.6904
96.0206
94.5423
93.3489
95.1188
93.0584
94.0304
92.9190
94.6098
94.0428
92.0230
92.8767
93.3557
92.9396
93.4175
94.0808
93.7939
92.2200
94.6617
94.1108
94.2427
93.6364
92.7640
93.8508
95.2047
94.7052
93.2319
91.9066
94.4336
93.9086
94.8290
93.5325
94.3504
94.2646
94.1512
94.5250
94.4069
94.6574
94.8282
94.6537
93.6340
95.3132
95.4110
96.3314
95.8688
95.2878
95.7437
94.4344
94.2695
93.6444
92.3633
92.5983
92.4306
93.1696
93.1912
92.6914
92.9868
92.8783
94.5383
93.9884
93.8576
92.5467
91.8596
91.9863
91.6004
90.8519
90.3225
90.1552
90.6359
91.5651
91.7616
90.6743
90.1338
91.6303
92.2070
91.0210
93.2322
93.6769
93.3552
92.6706
94.2294
91.6625
91.1015
90.0506
91.3117
90.5658
91.6671
92.2963
90.1295
90.6784
90.1078
91.3105
90.0916
91.3946
90.7024
89.4868
90.4395
89.8868
88.7247
88.9091
88.7663
89.2326
89.6438
89.2692
88.8308
87.5761
89.7799
88.1306
88.2026
88.0718
87.9011
90.7731
87.9527
87.0656
88.1574
87.4644
86.7189
85.9788
86.4346
86.2761
85.5790
85.7437
87.2658
86.7975
87.3615
86.2821
87.1410
86.1675
85.3894
87.4559
86.3247
85.1038
85.8701
85.4262
87.2155
87.0639
85.3121
86.7742
86.0108
87.0670
89.4987
86.9218
84.7611
85.3721
85.6262
87.1198
85.4971
86.6976
86.7285
88.7857
88.2974
88.2388
89.4661
90.1923
88.5271
88.7687
90.9960
91.6414
89.2153
89.9519
88.9310
88.6701
87.1020
85.1449
86.3803
86.3577
87.1311
89.2695
89.4586
88.4814
89.3088
90.0356
88.3026
88.4651
88.6153
88.4543
88.6328
87.6716
87.6461
86.7945
84.2298
83.3522
85.2581
84.7841
85.6926
86.0177
84.3077
83.7253
85.0923
84.6640
85.2178
83.0144
83.0533
84.5871
85.0108
83.1529
82.7860
82.1506
82.3713
84.2406
83.5669
84.0986
85.2725
86.3699
85.6925
85.5373
84.6247
84.1411
83.8599
86.1086
83.1324
84.8850
85.4020
84.2720
85.6242
85.1167
86.0356
85.1777
85.2167
85.4646
83.5797
83.8081
83.1420
81.8711
83.4787
83.0438
84.4821
83.3307
83.7237
82.8841
83.6492
84.0306
84.0168
83.0298
85.6759
85.9054
87.8479
87.7900
87.7685
88.3300
84.2060
82.0271
83.9567
83.8874
84.6109
85.4809
85.8152
85.3598
86.1218
87.5055
86.5786
84.4254
84.9542
83.0740
86.2636
85.5075
87.2143
86.8345
86.2747
85.8496
85.3874
84.7401
82.3379
83.4030
83.3255
84.3300
84.8545
85.6703
84.7281
83.2460
84.4107
85.1393
84.7035
85.1203
85.2691
84.5869
86.1560
85.1510
85.9067
86.9335
85.1998
82.7684
84.2562
84.9436
85.6613
86.7469
88.3155
86.1308
86.9406
86.1624
86.7695
86.4682
85.2611
85.1399
83.4870
85.1127
84.3123
83.9522
86.2125
85.4021
84.1224
84.9328
86.3897
84.5883
85.9242
83.7189
83.3983
84.6268
85.2004
82.7222
83.4179
83.2652
81.9500
81.5424
81.0322
82.1133
79.9932
80.9752
81.0421
81.8830
81.5916
81.5411
81.1658
79.1028
80.6468
80.6212
81.3284
80.3838
81.5873
81.9235
81.1952
80.6064
82.4062
81.9310
81.6141
81.6777
81.5976
80.9599
82.5212
81.9876
83.8478
84.0825
82.7201
84.2506
86.4733
84.5717
83.7540
82.8701
82.9849
84.2028
84.6631
85.8115
85.0522
83.7738
83.1080
84.7406
83.2092
84.1996
82.2024
83.1859
81.9403
81.9452
82.5451
82.4797
80.7944
79.9633
79.2233
80.8490
78.8373
78.9884
78.7073
78.7917
79.0015
80.1715
81.1095
80.1736
81.1552
81.2324
80.1592
80.5053
80.5778
80.3263
79.3975
80.1390
80.7612
81.8097
82.2466
80.9479
79.9040
80.5148
80.7138
79.4251
79.7347
82.5382
82.3880
82.6890
81.9668
80.9808
80.2297
78.7475
78.5298
78.7274
79.8018
79.8984
77.6670
77.4488
77.7316
77.3563
76.4905
76.4110
78.8434
78.1395
77.9999
76.5542
77.8563
78.1012
78.0959
77.4074
77.1691
77.6601
77.9902
78.6614
79.6154
80.0292
79.8629
79.6529
79.9218
79.5503
79.2527
80.4374
79.7164
79.3986
79.3813
80.1130
79.1225
78.9822
79.5776
79.4202
79.7726
81.1025
81.3895
82.1888
80.0101
80.3263
82.1433
81.3803
80.6458
81.2671
81.5642
82.5886
84.1461
83.3293
82.5228
84.6005
82.4388
82.5150
81.6337
81.3466
79.5677
79.5649
79.8874
80.1648
78.6531
80.2672
81.1754
80.8801
82.5625
83.5308
83.5458
82.5534
81.7161
82.2222
82.8333
81.6399
81.0912
82.0990
80.6496
82.2366
81.1044
79.5719
80.8636
81.7965
81.0893
82.1471
83.0151
82.2672
82.4868
83.6066
84.9916
83.4114
84.5884
83.4329
83.2202
83.1076
84.6825
84.1432
82.7645
80.6561
81.6374
82.1417
82.0793
81.0522
82.1086
82.5251
82.5137
82.9024
82.8995
81.4276
82.3755
82.2316
80.9017
83.1198
81.4718
80.7487
82.2568
82.0117
80.2609
81.2059
79.6933
78.6696
80.9184
80.2981
79.4000
79.7151
79.0617
80.4238
82.1399
82.1360
82.3438
80.7042
80.0310
81.1099
78.7281
80.6876
80.7049
79.2076
80.4518
81.3288
80.3176
82.6146
82.7694
81.4834
82.1414
80.7385
82.6911
81.7348
81.9768
81.1599
81.4033
81.4564
80.9198
78.9130
80.7284
80.5954
80.9275
81.7927
80.7787
81.9951
82.2989
82.3331
82.9064
83.1848
82.7250
82.6695
82.6897
83.8254
83.4180
82.7805
82.7238
83.6545
82.7299
81.0582
81.0717
80.3600
81.2174
82.4698
82.7687
81.3757
83.5096
82.8284
83.9200
83.9559
83.4903
83.6146
85.0292
83.7699
82.4003
81.7280
82.9013
83.3955
83.4340
83.3932
81.8415
82.6640
84.0383
83.3112
83.0802
83.8526
84.2874
83.5380
83.8486
84.1780
85.0437
85.3019
85.5183
84.3115
84.3547
84.0293
82.8468
81.9246
82.6400
83.2493
82.3247
81.2186
81.2787
82.0543
82.2939
82.3288
81.7118
81.9636
81.7423
81.5807
81.1153
81.3410
82.0055
83.4156
82.7493
84.0429
83.2245
82.7827
81.3675
80.2747
80.9357
82.3821
81.5391
82.2859
82.9888
82.2115
81.9573
82.5450
83.0796
81.8824
81.3896
82.0036
81.8606
81.4840
80.8427
80.5706
81.5078
81.3972
80.7838
80.2215
81.7974
79.1263
81.1024
79.9656
81.2607
82.1598
80.6014
79.8371
81.1454
80.6796
79.5348
79.9984
80.5619
80.1729
80.2228
80.6989
82.1736
82.1935
81.2281
80.5197
81.6979
79.9826
78.1568
80.5175
79.4048
79.3291
78.3109
80.1684
80.8491
81.7724
80.4612
81.1549
81.8617
81.4863
80.2992
80.8366
80.4929
80.1250
79.1873
78.8807
79.2279
80.1427
81.6759
82.0509
80.7282
81.4375
80.4183
81.9274
80.1952
79.7771
81.0599
82.8040
83.9637
83.5034
81.8261
81.8817
81.4161
79.2078
82.1100
82.1035
83.6270
83.2370
82.8993
82.1636
82.4487
82.1857
82.3592
81.1290
83.7693
84.1378
84.1208
83.6214
81.8379
82.9039
83.1810
84.7833
84.4652
82.5552
81.7567
83.2804
83.7059
83.3939
83.5073
82.1411
82.4550
81.4838
80.6754
81.4050
81.7050
81.4404
83.2658
82.9988
82.0513
80.5169
80.6601
80.0498
79.3825
80.3196
79.3836
81.0335
80.8314
81.3939
80.9700
80.6486
80.1664
80.2071
79.6560
79.7805
79.5769
80.2251
80.9282
80.3333
79.1158
79.4083
78.1309
78.9572
78.7085
77.6594
79.1393
79.5799
79.0424
79.0931
80.1802
79.4173
79.4515
81.4598
81.1950
80.5102
79.5496
78.2894
78.0092
78.1080
76.2429
76.2443
76.9952
75.6624
76.7448
78.4232
77.0828
78.1542
76.8273
76.2159
75.7654
77.0733
77.0522
75.5787
75.3289
76.2494
76.4784
75.2735
75.2071
76.3032
75.1539
75.6884
75.9912
74.9113
76.4654
76.5464
76.2423
76.2093
75.1972
75.6099
74.0999
74.5575
75.6639
75.8086
75.0682
75.6270
75.2000
76.0265
76.1998
75.0594
75.8343
75.9977
76.7572
75.9350
74.6059
76.4792
77.1887
75.6448
75.5627
75.6628
76.1047
75.0501
75.3615
74.8329
75.9178
76.6156
77.0483
77.3099
77.1321
77.3480
78.6200
77.1889
79.1793
79.5296
78.6854
79.2352
77.2350
76.8562
79.1171
75.7842
76.5900
77.0192
75.2554
75.3163
77.3689
77.0103
76.8854
76.3344
76.1707
76.3093
75.3764
75.9624
76.4140
74.7004
74.2703
73.7764
72.9094
74.0074
72.4707
73.6494
72.7231
72.4350
73.1422
73.7577
72.1920
71.9246
72.2882
71.2835
71.1271
72.6251
71.3848
71.7429
72.4136
72.4153
71.5945
71.7057
70.6491
70.4940
72.7122
71.1289
72.6080
72.1822
71.3030
70.9878
71.6710
70.7996
69.9029
71.8434
70.6838
67.6281
68.8010
69.7165
69.5535
67.9223
67.8643
67.7016
67.0768
66.9686
66.7239
67.8967
66.7340
67.3963
67.8012
68.7700
68.9517
68.7155
69.0232
69.6235
70.7985
70.4040
70.5766
70.8490
70.2621
69.9268
69.7095
69.8550
69.6504
71.0458
69.6038
69.9740
69.7821
70.4870
69.8240
70.7602
71.8960
70.9829
71.5903
71.8387
73.1240
72.0550
72.7231
72.9933
71.9619
71.6242
73.4582
72.9205
72.5922
73.3267
74.8503
74.3550
74.6945
73.5785
73.7962
74.2604
74.7123
74.2056
74.2463
72.6152
72.1657
72.6011
72.2133
72.1823
70.8823
69.4786
70.1847
71.4501
71.9284
71.5608
72.4995
72.2542
71.8923
71.4171
70.2420
69.6166
71.3749
69.9850
69.8858
69.7846
70.9113
71.9450
70.7034
71.1142
71.3560
70.4395
69.3815
70.6043
69.8747
70.3900
71.0713
70.8348
72.1328
71.7063
71.9442
72.7808
74.1484
73.3952
71.5470
70.6959
72.1852
74.0725
74.5130
73.3335
73.7433
73.1545
74.5774
73.9805
74.8099
76.6781
76.6386
75.1947
74.7029
74.9802
75.3327
74.5118
73.8559
73.4777
72.1388
72.5444
72.4858
73.5549
72.7916
73.8166
73.4623
71.9069
72.3850
72.8957
74.4156
74.4598
73.6252
72.4862
73.5903
72.9747
71.3679
71.9380
71.2003
72.3909
72.1861
72.7076
72.7166
73.2010
73.0415
74.0776
75.8942
73.8096
75.1806
74.8319
75.0825
75.4928
75.6650
74.8535
74.8605
74.0772
73.5932
72.0400
73.1750
74.0031
73.2564
74.3049
72.7305
72.1305
71.0365
71.4063
70.8299
70.3067
71.0376
68.2703
69.1402
70.3726
70.1134
70.8349
69.2717
70.2935
68.7761
70.3431
69.0949
69.3209
70.3499
70.5731
70.3713
71.3272
72.8748
71.9901
72.2644
70.8288
71.7440
72.7127
72.9602
72.9207
72.9814
73.8608
71.5682
73.2543
72.8830
73.9413
74.3871
73.3703
71.3463
71.2478
72.5568
73.2141
73.7286
73.5050
72.9702
73.2891
72.5858
73.0715
71.6457
72.3228
72.4463
73.6499
73.5058
73.6859
73.3413
73.6294
75.2219
74.7047
73.6072
74.3759
72.8918
73.5664
73.8019
74.2448
74.1079
72.4086
73.4407
73.9144
72.6434
72.2817
73.5464
72.2605
71.3533
69.7819
71.4270
71.1869
71.2263
71.8022
70.1571
73.0595
71.5618
70.6938
72.2570
73.0188
71.7431
73.4677
73.4157
74.1282
74.3015
73.2837
75.6693
75.6899
74.8292
73.8933
73.7623
74.4832
74.9576
75.6682
74.1665
75.4315
74.3075
76.1574
74.7144
76.3525
74.4443
75.7953
76.2379
76.6718
76.1100
74.9335
76.8109
76.5076
77.2446
76.1034
76.1829
76.8155
77.7663
75.5932
77.9860
77.6805
76.8104
77.3925
77.9847
76.2116
77.4569
76.8884
76.8316
76.3689
77.8263
77.6999
76.7919
77.9058
78.6779
77.5692
76.8671
77.9667
78.0075
77.0042
78.2898
78.7097
77.2172
77.2147
77.2631
78.6578
79.3238
78.2808
79.3250
77.2273
78.8892
78.7694
76.6787
77.8880
78.8044
78.5567
78.2049
78.8617
78.8509
77.5368
78.0897
77.9221
77.7965
78.4206
79.4506
78.3010
76.8332
77.2354
77.6333
78.0989
78.1615
79.2594
78.6020
78.6388
79.1071
79.0574
79.9756
79.8187
80.9104
79.8881
80.7324
81.7493
82.1615
81.3552
83.1690
83.2960
83.0904
83.1071
83.1402
82.5237
82.6209
83.8585
82.1344
82.5404
81.6646
81.1304
81.5991
82.5013
81.3464
81.1498
80.8706
81.4084
80.8357
82.6836
82.7181
81.1079
78.9741
81.0249
80.0409
80.3655
79.4236
79.3893
78.7367
79.9488
80.0447
80.2000
80.3478
81.6267
81.6386
82.6749
82.5164
80.9845
81.4611
81.8903
81.9486
82.1664
82.5665
81.1706
81.1932
83.4929
81.4240
82.5291
82.0468
81.9141
82.4905
84.1453
83.7822
82.2271
82.9437
82.7567
82.6976
83.3550
84.0024
85.4927
86.1281
85.3852
85.5431
85.2367
86.5640
84.8600
82.9416
83.2247
81.6661
81.0330
81.4018
80.9340
80.4267
79.6398
81.5403
81.2899
80.8312
82.2296
81.3262
81.5834
81.4982
80.5043
81.2984
81.3811
80.5381
80.7929
80.0862
81.3109
81.6479
80.5021
84.0809
81.6719
81.3603
81.3232
81.1353
81.7612
80.3253
79.6339
79.6623
79.9896
78.5845
77.5441
77.4283
77.2082
78.1167
77.6920
77.6671
76.7961
77.3005
77.4980
77.3573
77.7692
78.5326
77.8946
77.9697
78.2995
77.1317
76.5836
76.3413
77.0015
77.8985
76.6012
77.4185
76.1674
74.2986
75.7409
74.1768
74.8061
74.3090
74.3971
73.9158
73.3425
74.0016
74.5671
74.7538
74.1002
74.9136
75.7268
74.6942
74.5434
75.5272
75.9753
76.1580
75.1297
75.4460
74.2995
75.3687
74.1242
73.0929
74.1508
74.3057
75.3721
73.9639
74.6379
74.3985
72.9061
72.4074
71.6201
71.7739
72.7691
73.5130
71.2119
70.2892
72.0006
73.4150
72.2298
72.1028
71.3753
72.0339
73.1152
72.2432
73.1653
74.2993
74.9642
73.7984
74.5003
73.7399
73.1167
72.5720
73.3112
73.4471
74.0548
72.4736
71.9173
72.3759
73.0492
72.9095
72.2424
72.5763
72.2258
72.3399
72.2081
70.7228
72.2356
71.6960
73.1188
73.5911
74.6304
74.6198
73.5675
72.9016
73.9047
74.8222
72.5814
72.6388
73.3693
72.4229
73.6438
75.9449
74.7180
73.7072
72.5961
71.2260
71.0265
71.4019
70.6383
70.3942
69.5718
69.4464
69.3808
69.4398
69.9363
70.1647
72.2550
69.9821
70.2652
69.5745
71.7978
73.6678
73.8606
73.6626
73.5335
75.1747
72.8119
74.1431
73.1646
74.3563
73.7051
73.2141
72.8845
71.3024
74.4943
73.8780
73.9307
73.0449
75.1933
75.2032
75.0035
74.7138
73.2658
73.2074
73.7689
74.3097
72.0203
71.9551
72.4323
72.8584
70.6590
68.6177
68.9039
67.6929
68.0562
67.5297
67.2377
66.4503
66.5677
66.2439
65.9377
67.7064
67.0937
67.5504
68.7422
68.6404
68.5645
68.8646
68.9353
68.2345
68.8036
67.8828
68.7403
68.7596
69.6888
68.2853
69.6313
70.1906
70.7630
71.4828
72.1087
71.7277
71.9157
69.8436
69.2777
69.6141
68.2897
67.1226
68.5661
68.8665
69.4460
68.6367
69.8604
70.2594
69.6552
69.1631
68.9785
66.8827
67.2509
68.5926
66.6997
65.7747
65.8489
66.1132
66.0062
65.6990
66.6250
64.8910
65.6889
66.9414
68.4476
67.1612
66.8988
67.4675
66.8206
67.1574
67.1263
66.8564
65.8671
65.8935
65.1634
65.3787
66.4714
66.3554
66.1720
68.4357
68.1891
68.6827
69.0450
67.5023
67.9132
69.9749
68.2105
68.0464
68.5766
69.5052
69.1363
71.2365
69.7904
69.5519
69.7569
70.4394
69.6618
69.8668
69.8576
69.2182
69.3611
68.6131
68.8482
69.6169
69.0614
68.8337
69.5146
71.8957
70.9121
69.0934
69.3525
69.2078
69.9624
69.3791
69.5762
70.7725
69.5272
68.7727
69.7112
68.0492
69.1169
68.6208
69.2378
68.0275
68.2886
70.0850
69.2554
70.8299
68.9943
70.1593
69.6852
69.0228
69.0556
67.9754
68.8294
70.2568
70.1397
72.5665
70.8026
70.7526
71.4255
71.5836
71.0483
70.4136
70.6680
68.4306
70.4248
70.1323
69.5384
69.4809
69.5258
69.3080
69.3184
69.7874
70.3418
70.9237
70.1444
69.3655
70.0464
69.4363
70.1330
70.4381
70.3801
70.8352
69.8184
71.8984
71.5376
74.5488
72.8799
74.3458
74.1325
74.0823
74.0104
74.3036
74.0614
73.4194
73.5952
74.1000
73.0463
73.1935
73.1157
74.3413
74.1685
72.2984
72.0945
72.0262
72.0633
70.3969
70.8520
71.4078
71.5410
71.7399
72.8712
71.6523
71.4077
73.5071
74.1163
71.8275
71.9073
72.6316
71.6898
73.1309
72.5715
72.7356
73.2191
73.9101
73.4427
72.8822
72.4628
71.7905
73.5848
72.6405
72.3012
73.4231
72.6797
73.6827
71.4165
71.9867
72.5098
71.8263
71.5347
71.8120
71.7118
70.0301
71.0841
69.7686
69.8134
69.6314
69.8957
69.8301
69.3541
70.1323
70.5497
69.2697
69.6539
70.7344
70.1731
70.8776
70.9546
71.4464
71.5079
70.3401
70.1047
71.1532
72.2864
72.2586
72.2756
71.9896
73.3076
72.0574
70.9605
71.0015
72.0359
70.5890
72.6615
72.2742
72.0721
73.5636
72.6517
71.7089
72.8361
71.5898
71.3393
71.2363
72.0178
73.4965
72.3772
71.5226
72.2143
71.5363
72.5412
71.0462
71.8189
70.7012
70.4948
69.8573
69.3915
71.2486
70.8813
68.9869
69.1254
69.9798
70.1951
69.0366
68.4391
68.6336
69.0406
67.0611
66.9181
68.6970
67.5145
69.0262
68.6137
68.5142
69.0132
69.8691
68.5216
69.2584
69.4201
69.0573
68.9870
68.6750
68.9402
70.5535
69.4628
68.9928
69.0070
70.2706
71.2635
70.1942
70.9374
70.9166
73.3793
71.2048
71.7776
72.8628
72.8220
72.2946
71.7410
72.2912
71.7732
71.3616
71.0022
70.4052
72.3208
70.5461
72.3858
70.4873
71.5060
72.1420
71.1497
70.8378
70.9691
70.7194
70.7682
70.9388
70.8764
70.5739
70.2853
70.7306
71.9543
70.2219
70.4688
70.4380
70.5444
70.5840
71.5602
69.2520
69.8966
69.9948
70.2262
71.2121
70.2525
71.3457
72.1483
71.0790
71.5357
71.6752
70.6434
70.2187
72.0426
70.2628
70.2722
71.3116
71.0091
71.7000
72.0844
72.2193
71.3829
72.8226
72.8651
71.2621
71.4173
71.5531
72.2862
72.7672
72.6813
71.0597
72.2231
71.8378
72.2786
71.5405
72.9073
71.6427
71.0084
69.4854
70.9289
70.5184
69.8885
70.7709
69.9461
69.2278
68.8924
69.2033
70.3747
71.3442
69.9591
71.1707
70.7771
71.2284
69.4308
70.8100
69.7982
72.2775
71.3283
71.9100
69.9955
69.7767
72.0212
71.8438
71.5612
70.0202
71.8222
72.3775
72.1113
71.9278
71.7923
70.8415
72.0156
70.7327
71.0544
69.9277
71.0962
71.4902
70.5228
70.5209
71.7449
71.7250
73.7207
73.1595
72.9142
72.8502
72.2552
71.9318
73.7738
72.8671
73.5116
73.6423
73.6122
73.1678
73.0460
74.3644
74.6016
76.1543
74.6668
71.9990
73.3066
74.1300
73.0249
72.5717
73.3975
72.6163
70.7890
72.7968
72.7328
72.6069
72.7741
73.4471
73.0830
74.1434
73.4831
73.1088
73.2594
74.7557
72.9188
74.4673
74.0140
73.6429
74.1423
72.8168
71.3058
73.6187
71.5325
71.3620
72.2184
70.5213
70.2114
72.1459
71.5857
72.0394
71.7485
71.2233
69.8284
71.8876
70.5797
70.2346
70.9644
71.1949
71.0452
71.8307
72.6231
72.3146
72.3875
71.5553
70.0098
71.5772
70.8537
70.6579
72.2934
72.2506
72.0499
73.9024
71.9135
72.6306
74.0374
74.4909
74.4791
73.8932
73.8466
73.9121
73.4086
73.3927
73.4843
72.3827
71.0697
71.9031
71.4125
71.8632
71.6579
71.8628
72.8478
74.6163
73.1100
73.0622
73.2085
73.6457
72.3480
73.0118
71.5003
71.1815
70.8632
69.6736
69.1990
70.1559
70.2051
70.4005
71.6757
70.2953
70.2047
70.2295
70.2980
71.0262
71.1024
70.2983
70.8801
71.7731
72.1881
72.5368
73.1743
72.7872
72.8151
73.3105
74.6419
74.4889
73.5546
71.5677
73.7146
72.5961
72.8233
73.4696
74.2984
75.3001
74.0168
72.9530
71.1177
69.9890
71.6132
71.8090
71.1056
72.0133
70.6352
72.5871
71.0152
71.7307
70.7032
70.8842
72.0522
71.9283
71.6228
71.3745
71.5111
70.5568
70.6009
70.4791
70.3296
69.6702
69.0810
70.3217
69.3710
70.2764
69.4977
69.7875
69.5553
69.7477
69.9969
69.2161
70.8639
69.3196
71.6125
70.2549
69.0863
69.5435
69.7787
70.5974
69.2205
70.1876
69.9403
70.3912
68.6909
68.7572
68.9046
70.7383
68.9464
69.4676
70.3763
69.6834
69.4189
70.0868
69.4821
70.6927
71.9162
71.6126
70.3998
70.4702
70.4632
69.7368
69.4997
70.3712
69.8201
70.3178
70.0673
70.3398
71.5979
71.8170
73.7018
71.2795
73.2784
71.4947
71.2915
71.2142
72.0848
72.2979
71.7490
71.9647
71.9100
72.6049
72.6183
70.7524
71.9096
71.4037
72.7100
70.7199
70.6801
70.8028
70.8238
71.1204
71.4141
71.7260
70.9513
71.5097
70.9929
70.1277
70.6506
70.8669
70.6313
69.5391
71.4842
69.8176
69.9787
70.6561
70.1740
71.0895
71.4575
71.9918
71.7353
70.1846
72.1304
71.6029
71.7459
71.1262
70.1336
69.4213
69.0745
69.5394
68.5881
66.9229
67.6332
69.8255
68.2256
67.9918
69.0948
67.1020
67.3423
66.8803
67.2516
68.1658
66.5431
67.4320
65.9622
67.0069
66.9524
65.3736
65.9850
68.5016
67.3114
68.7324
68.3477
68.7774
68.8987
68.2820
68.5766
68.2917
66.6741
66.2329
66.6370
65.3503
64.3616
64.8733
66.4818
65.7325
65.8357
64.4004
65.6863
63.9519
63.7652
63.3490
62.7229
63.2023
64.1307
63.0632
63.2569
63.3064
63.9576
63.3751
62.3064
61.7899
62.1416
62.3566
63.2173
63.2326
64.1953
63.3200
64.9604
64.7415
64.5902
64.2623
64.2005
62.9709
64.6086
63.2657
62.7706
63.2601
62.2964
62.8030
63.9059
64.1971
64.4414
64.6533
64.2116
64.5369
65.2109
63.9237
63.1772
61.8556
63.3440
62.7771
63.0846
61.9652
61.9262
63.3054
63.9662
65.6930
64.6322
65.5654
65.4791
66.2137
65.4498
65.1956
65.2449
66.2912
65.1400
65.6179
67.3546
66.8438
68.4612
67.8426
66.1653
65.5919
65.9196
66.7594
67.1030
67.8050
68.6210
66.6907
66.5115
68.9735
67.8584
66.6841
66.2008
66.5803
67.0693
66.6693
65.7282
67.1446
65.6982
66.7914
64.2009
65.4292
64.7244
65.3515
64.2379
65.1272
63.2677
64.7992
63.0694
63.2227
63.3449
64.2931
64.3216
66.4117
65.8499
66.1063
65.6302
65.7326
64.8243
63.8776
62.6031
64.2111
64.9580
65.0816
65.9951
65.5998
65.3951
65.3919
66.4298
66.6536
66.8835
67.3401
66.2075
66.2525
66.8095
66.5388
66.1662
66.9971
65.6371
65.9803
67.7195
68.8366
68.8238
67.3947
66.4975
65.4365
64.7181
65.8054
65.4181
64.4238
65.2449
65.5386
64.9753
65.9772
66.3884
66.2785
65.9428
65.0294
65.2879
64.6185
65.4205
64.8020
64.8464
63.7220
63.2408
63.7428
62.5318
62.8892
62.4321
62.2275
63.6976
62.6776
63.1287
63.0886
61.2235
62.9341
63.5164
63.0523
61.4779
63.7946
63.0547
63.7045
63.4484
66.0829
65.4997
64.7687
63.5041
65.0128
63.7916
65.4113
64.5573
64.3936
65.2046
65.8767
65.3032
64.6499
65.9595
64.2798
64.3128
64.4315
63.0066
63.7550
64.4758
65.2919
64.4016
63.8824
66.4922
65.0281
65.7640
65.8884
66.1249
65.2480
66.0074
67.6608
66.4776
65.3862
65.5394
65.4625
64.9601
64.8518
64.8897
64.1697
63.3928
64.4646
62.4121
64.2767
65.8330
65.2822
64.8823
65.6170
65.7942
63.3387
65.7627
65.7599
64.0829
65.9182
65.0786
64.2522
65.8118
65.4666
66.1138
65.9892
65.9371
64.9801
65.6873
65.1517
64.2657
62.8472
62.5243
62.3111
62.6279
63.7921
65.5215
65.1546
64.3956
63.6781
61.4964
62.2640
61.2179
60.3360
59.6352
59.9794
61.4200
60.6050
60.1963
60.4849
61.0210
60.4553
61.0117
60.6768
60.4910
60.7183
61.5297
61.1690
61.8589
60.2914
59.9059
59.5608
58.8218
60.4568
61.7167
60.2533
60.8881
59.1760
59.5523
60.6924
59.5589
58.0476
58.9589
59.2482
61.0112
61.1322
60.8478
60.9705
61.6629
61.5616
61.5342
61.9980
62.1715
61.3873
62.8312
61.0133
60.0706
61.8250
62.2438
62.4005
64.6833
64.1339
66.3053
65.1883
65.0803
65.5158
65.0600
65.5994
65.6092
65.8170
66.6286
66.8267
66.8390
66.3892
67.2432
66.8182
67.4019
65.4732
65.3887
66.5633
65.9293
64.1749
64.3049
64.0776
62.8486
62.4862
61.6465
62.3410
62.2340
62.8471
63.9059
63.3757
63.8151
63.1176
63.3302
63.9903
62.6324
63.0480
63.2404
61.3414
60.5869
60.7194
60.4917
59.7849
60.1203
62.2074
61.6404
62.1849
61.2413
61.4372
60.7416
62.0652
62.0002
61.9062
62.2564
61.8112
61.7687
62.3828
63.0878
62.4004
63.0299
62.9998
63.1838
62.9178
63.1078
63.7914
63.2743
64.4515
65.0773
64.6314
65.2866
66.8519
66.1097
66.0846
65.5128
65.3079
65.5933
66.2362
66.3463
64.1575
65.5545
64.9112
64.2826
63.8629
64.4269
63.2310
64.6738
64.1370
65.1527
64.0086
65.1538
65.1737
65.0921
65.5208
65.9389
66.2917
66.7395
66.0994
64.3773
64.4300
65.4383
66.0539
65.7951
65.2050
65.0469
64.7080
65.6077
66.3476
66.2149
66.3854
66.2726
66.1667
66.6573
66.9955
65.9034
65.3295
66.3828
67.1163
66.8095
65.5844
66.1530
64.5434
65.0857
66.4456
66.3682
65.5062
65.0265
63.5284
65.3253
64.6220
65.2579
64.9207
63.7243
63.2390
64.0566
60.6879
61.7512
62.3576
62.9147
63.3349
63.5282
63.8528
63.5041
65.1087
64.3064
64.7292
64.3595
64.5336
63.4952
64.7659
64.2910
64.9076
64.0089
64.7647
64.4315
66.2843
64.3916
62.8864
64.6246
66.4696
65.6974
66.6110
66.7104
65.4971
65.6343
65.0517
64.1678
63.8153
63.6109
63.5564
63.4872
64.7537
63.8789
65.3852
66.1004
65.6467
65.5134
65.4137
64.8293
66.6601
66.7496
67.5765
66.7934
67.8692
67.7797
65.7677
65.8512
63.0214
65.2401
63.5754
64.1581
63.0290
63.4162
64.1258
64.7390
63.9563
66.2986
65.2976
66.1327
67.8574
65.8863
66.9057
64.9429
65.5990
65.1884
64.5831
64.5274
63.7011
62.4542
61.6628
61.9788
62.9485
63.5264
64.1149
63.5936
63.8731
63.5272
63.3024
62.9689
62.6145
65.3283
65.6025
67.2200
67.6278
66.5146
65.6944
67.6808
65.5862
64.9661
66.3194
65.6836
65.6092
64.8706
66.1287
65.0889
65.9978
65.3508
65.2960
67.0310
67.4250
67.7433
68.1697
68.2436
67.3814
67.8069
67.1505
67.1129
67.2750
66.5953
66.2540
66.9730
68.2870
68.6160
66.6210
66.8556
67.9748
67.7222
68.2160
67.4400
67.2222
66.2681
64.9943
64.3263
66.0089
65.5188
65.8693
64.9587
65.9943
65.0582
65.7738
65.3583
67.4407
66.0853
66.4106
64.9975
66.1316
65.8766
66.0814
67.0797
66.5503
66.8482
67.2795
67.8523
66.3518
68.6110
68.4887
68.9051
69.2645
68.6022
69.7344
70.0339
67.8186
69.3028
68.8308
70.2416
71.2231
70.5598
69.8495
69.2429
69.1176
69.6943
69.7542
70.7808
69.9903
70.5102
69.6832
71.2053
71.7383
71.5050
72.2550
72.2551
74.2020
72.9135
72.4557
71.5880
72.6042
72.8417
74.3824
73.0240
71.8749
74.0911
74.8717
74.6296
74.0362
71.2120
72.5486
72.0290
71.7776
71.5563
71.6385
72.2679
72.9150
71.3756
71.6044
69.6283
71.3090
71.2441
70.3844
71.4571
70.4765
70.5762
70.3740
70.4734
69.6436
70.0279
70.0230
69.5365
69.7272
69.5182
68.1346
66.3536
67.8270
68.4094
66.7287
66.2040
66.9891
67.1564
67.4945
68.3791
69.0520
69.0905
68.5309
66.9618
67.0242
68.8667
69.3841
68.9506
69.3588
68.3835
68.0994
67.6950
66.9049
66.8446
67.8990
68.1456
68.6314
70.4337
69.2910
68.3146
67.2000
68.3153
68.1331
68.7468
69.7454
71.8921
70.8355
69.7059
70.4307
68.9284
69.4356
68.8289
67.8428
67.7675
68.4345
70.0037
67.5144
67.2394
67.4825
67.5915
67.1355
68.8457
69.0105
69.0060
69.8764
71.3107
72.5656
73.2703
73.7132
73.7355
74.1962
72.1970
70.5181
71.8038
71.9812
72.2759
72.3644
73.1454
72.1951
71.2423
71.7489
70.6892
70.4790
71.0369
72.0092
72.6885
71.9694
72.2305
71.1716
71.7948
71.3640
73.0319
73.4187
74.2964
72.2673
73.3162
73.9299
71.8575
69.4784
70.3983
70.1217
70.7883
68.9942
69.0194
69.0178
69.9205
68.7401
68.6991
69.1244
69.2484
68.5211
69.1632
70.7656
70.8887
71.0513
70.3761
69.7533
70.6119
69.2203
70.0748
69.2741
69.7157
69.4004
70.0243
68.9704
70.1298
70.6060
71.6518
71.4722
70.9162
69.3024
72.4971
71.8306
70.9511
70.4517
70.1959
69.6765
68.3879
68.4116
68.8419
68.2657
67.2313
66.3661
66.1821
66.4626
65.8984
65.6621
65.7949
66.2104
65.0179
67.0037
67.3120
67.6447
66.3417
67.9508
65.9644
65.0842
64.1708
64.5601
65.6412
64.8720
63.6416
64.6496
64.5627
63.3364
62.6291
62.4730
64.0007
65.3075
65.0156
65.3793
64.6987
65.1627
63.6491
64.0471
63.8622
64.3993
63.9401
64.9398
65.4946
64.4016
65.6328
64.3869
64.6242
63.7741
64.3811
64.5961
65.7939
63.5593
62.5252
63.1544
63.2293
62.6475
61.6297
62.9544
63.0470
63.1676
62.5593
61.2025
62.5036
61.4422
61.6026
62.1917
64.0141
63.1203
61.6851
61.7025
62.0039
61.7387
62.7791
61.4433
60.8214
60.9419
61.3727
61.4090
62.4543
62.7863
61.0309
60.0902
60.5929
60.9790
60.5027
61.3522
62.1008
60.5910
59.9788
61.1075
59.9553
59.9345
60.1241
58.9211
59.4249
58.5843
59.2773
57.5119
59.0079
57.9660
58.4700
58.5878
59.0980
58.5645
59.5610
59.6754
58.9941
59.1522
59.0024
57.4915
56.9431
56.4517
56.5204
55.6655
57.9272
57.2580
57.0893
56.3986
57.0291
57.6183
58.6451
57.9632
59.0781
59.6831
59.7181
60.3069
58.7198
59.1745
58.5154
58.0212
57.1174
56.3207
55.1845
58.2192
55.9826
56.8773
57.4880
57.6588
57.2644
56.6193
57.5715
56.4434
57.4366
57.4383
58.9323
60.2922
60.3555
59.4312
59.5530
60.7133
61.9004
62.1382
61.9484
61.8329
61.3319
60.3355
61.5443
61.1074
62.2055
61.9620
61.2584
59.6127
60.9382
59.4923
60.7298
59.5390
61.3530
59.2518
59.1632
59.1701
58.9645
58.7875
59.1621
60.4394
60.4242
61.1228
60.1919
59.6746
60.1383
58.9983
59.9434
59.1145
58.3318
58.9296
59.8923
59.4152
59.1271
57.8517
59.3411
59.9728
59.0351
59.1781
58.9798
58.7143
59.0702
57.7078
57.6517
57.7857
57.5113
57.9416
58.8471
58.3224
58.1029
56.9122
59.7348
58.4610
58.1036
59.3262
58.9423
59.2744
57.6263
57.4730
57.7993
57.8011
57.8377
57.3601
57.9777
58.9937
58.3225
58.7798
60.1318
60.5604
59.8879
59.8282
60.7720
59.3038
58.6897
58.5397
57.1133
58.4064
57.7503
57.2026
56.5801
57.7640
57.9989
55.0406
56.0233
56.2733
56.4888
56.2210
56.8259
56.9748
57.1458
55.4401
56.7483
56.2741
55.4017
54.1890
54.3834
53.6340
54.2206
55.3969
55.6283
55.0685
54.8875
55.3051
56.4872
56.9798
55.6703
57.6643
57.5024
55.1111
55.5819
55.8192
56.5258
55.7519
55.9465
55.6049
56.3490
55.9271
54.6167
54.1267
54.4858
54.2918
52.8138
53.7807
53.2715
54.2773
54.3720
54.9179
53.6852
54.6184
54.4071
54.6870
54.8276
54.8565
54.1004
55.4594
54.6334
53.0051
54.1269
53.2447
52.8868
54.3167
55.1719
54.9161
55.0784
54.7466
53.5813
54.4406
53.9324
54.2854
54.2872
53.4897
54.8599
55.4342
55.7396
55.7807
56.9637
56.7380
57.0377
57.2232
58.6672
58.1935
57.1499
57.7419
58.5733
58.8284
58.9654
59.1752
57.5900
57.6193
57.6616
56.9952
56.8417
58.2975
58.2772
57.4734
57.7509
57.5492
59.0442
58.6860
58.2596
56.9031
58.2698
58.3593
56.8396
57.6074
57.1713
56.9696
57.5360
57.4861
57.5339
57.7804
58.4216
58.3014
58.0978
59.5424
57.9640
57.3788
56.0167
57.3473
57.9703
56.3704
56.2903
55.9005
53.5679
54.8755
55.8388
54.9731
55.0022
55.2324
54.6641
54.6401
56.0916
55.2679
56.4114
55.9583
54.9500
55.6569
56.1346
56.4360
55.6520
55.5747
55.6550
55.2699
55.6007
55.4229
55.9306
56.9924
58.0656
56.8117
57.4116
58.6303
58.9322
59.4853
59.8770
59.7099
58.7227
57.3807
58.0416
58.7934
59.7562
58.3605
58.9218
58.6438
57.9520
57.1699
58.5234
58.8341
58.8117
57.7203
56.3423
57.8633
57.8028
57.5809
56.7593
58.0779
58.8468
59.8102
61.1030
60.0039
58.8692
59.8711
59.9457
59.2288
59.3862
60.2911
61.5847
61.2136
62.0043
61.2578
62.3616
62.0444
61.7093
60.6328
62.9129
62.1568
