1.2647
1.1235
1.3296
1.0941
1.1676
1.4300
1.6557
1.1589
1.0394
1.1063
1.2806
1.0233
1.0838
1.1877
1.2310
1.0646
1.2900
1.2255
1.1323
1.2731
1.4904
1.4356
1.6304
1.3884
1.3994
1.5890
1.4761
0.9809
1.3018
0.9690
0.9984
0.9991
0.9536
0.7499
0.9243
0.8382
0.7926
0.8077
0.7165
0.8326
1.0449
0.9777
0.8814
0.6139
0.6877
0.6435
1.0194
0.9451
1.1077
1.0502
0.8634
0.8410
0.8842
0.9761
1.0381
1.3411
1.0552
1.0762
1.1898
1.1372
0.9331
1.2841
0.9309
1.2470
0.7667
1.0462
1.3063
0.9594
1.2625
1.1250
0.9224
0.9781
1.0168
0.8485
0.9913
1.0967
0.8806
0.8618
0.6222
0.7294
0.7869
0.9204
1.0435
1.2225
1.0247
1.3135
1.2508
0.9796
1.0589
1.1022
1.1285
0.8208
0.9250
0.9951
0.8622
1.0225
0.9276
0.8386
0.8071
0.8100
1.5256
1.3281
1.1502
1.3778
1.4659
1.3893
0.8110
1.2805
1.1227
1.4791
1.0797
1.1180
0.9602
1.0565
0.8605
0.8608
1.0418
1.0849
1.1800
1.3188
1.1647
1.2897
1.2378
1.1133
0.9725
1.2964
1.1544
1.4773
1.5256
1.4573
1.2914
1.3488
1.7019
1.5144
1.2403
1.1291
1.1171
0.9383
1.3809
0.8854
0.7707
1.0965
0.8073
0.7758
0.8720
1.0418
1.0781
1.0187
1.2593
1.2971
1.5741
1.0485
1.2876
0.9255
0.9843
1.0585
0.8573
0.8878
0.8906
0.8971
0.6759
1.0836
0.8904
0.9275
0.9108
1.1446
1.2404
1.2720
1.2928
1.0794
1.0685
1.0079
1.0392
0.8836
0.8428
0.9671
0.8936
1.0543
1.0156
1.0939
0.8254
0.8824
0.9215
1.0190
0.9587
0.9238
0.9534
1.0492
1.0030
0.7537
0.9394
1.0383
0.9121
1.0359
1.1661
1.4154
1.2655
1.3572
1.1248
1.1210
1.3141
1.3637
1.3989
1.2662
1.1152
1.3499
0.9230
1.1076
1.1351
1.1379
1.0402
1.1594
0.9355
1.1930
1.0176
0.8017
0.8705
0.8424
0.8165
0.8851
0.8685
1.3219
0.9745
1.0049
0.8055
0.9284
0.6920
0.4899
0.7665
0.5912
0.6778
0.8578
0.8683
0.9495
0.8457
1.0047
0.9266
1.1655
0.9781
1.0943
0.8200
0.8846
0.9265
0.8131
0.8479
0.7771
0.9673
0.9693
0.9344
0.7414
0.8361
0.7194
1.0921
0.9244
1.2701
1.0494
0.9990
1.0461
1.0698
1.2013
1.2047
1.0843
0.9441
1.3523
1.3924
1.3443
1.1480
1.2824
1.2754
1.0556
0.8756
1.0373
1.0189
1.0784
1.0689
0.7082
0.7214
0.8127
0.6398
1.0033
0.7660
1.0470
1.0228
1.0213
1.0589
0.8059
0.7727
0.9588
0.6994
0.8715
0.9327
0.9141
0.6102
0.8559
0.8286
0.8714
0.8905
0.8430
1.0515
0.8370
0.9363
1.2318
1.1603
0.8979
0.9679
0.7189
0.8774
0.8656
0.9635
1.1419
1.0614
1.0849
0.7286
0.9452
0.8861
0.7856
0.7235
0.6476
0.7430
0.7916
0.5546
0.8011
0.9865
0.9818
0.9853
0.7615
0.5981
0.7441
0.8277
0.8089
0.6550
0.9027
0.6900
1.0116
0.9874
0.8775
0.7701
0.9800
0.9214
0.8186
0.9604
0.9582
0.8234
0.9613
1.1568
1.0293
0.7992
0.7721
0.7871
0.6953
0.9041
0.8936
1.0671
1.0810
0.8038
0.9383
0.8940
0.7468
0.6891
0.7151
0.8453
0.9847
0.9480
0.7809
1.0330
0.9740
0.9295
0.8652
0.9897
0.8980
0.8600
0.6005
0.8400
0.8295
0.6889
0.7280
0.8388
1.0063
1.1646
0.9662
0.7140
0.6763
0.8584
0.6923
0.6798
0.8656
0.9279
0.6823
0.6633
0.6770
0.5885
0.6592
0.7056
0.7762
0.7178
0.7823
0.7197
0.5358
0.5277
0.6176
0.6710
0.7650
1.0899
0.8282
0.9492
0.7342
0.9079
0.7154
0.8101
0.6420
0.7576
0.7426
0.7784
0.9691
0.9907
1.0228
1.2733
1.0962
1.4581
1.4232
1.3568
1.2794
1.4003
1.3762
1.3160
1.0902
0.9052
1.0414
1.2298
1.4507
1.1517
1.0317
0.7900
1.0591
1.2006
1.1286
1.1166
1.0965
0.8841
0.9027
0.9146
1.0710
0.9306
1.1871
1.0759
0.9112
1.0077
1.1011
0.8433
1.2198
0.9892
1.2001
1.1105
1.1334
1.2310
1.4113
1.0830
1.2907
1.1764
1.2635
1.3838
1.3992
1.5248
1.3869
1.4711
1.2742
1.2021
1.4366
1.4785
1.4633
1.2744
1.0205
1.2860
1.3524
1.0984
1.2267
1.5007
1.4343
1.1731
1.3242
1.4247
1.7010
1.3195
1.3580
1.6365
1.6033
1.7659
1.7911
1.2559
1.1387
1.3383
1.2750
1.4687
1.7201
1.7137
1.3436
1.7530
1.6092
1.5918
1.5633
1.6767
1.4024
1.7183
1.7248
1.5234
1.5145
1.6230
1.4804
1.4770
1.5118
1.2990
1.3275
1.2320
0.9911
1.1340
1.0586
1.3260
1.1516
1.1093
1.4387
1.3867
1.0338
0.9084
0.9876
0.8790
1.0713
0.9131
1.1030
1.4456
1.3113
1.1213
1.1840
1.2122
1.1746
1.1338
0.9049
1.1002
1.1421
1.1694
1.0556
1.0293
0.8326
0.9454
0.8435
0.7487
0.7968
1.2629
0.9655
0.9944
0.9791
0.9846
0.9382
0.9579
0.8757
0.9985
0.8178
0.6713
1.0820
0.9799
0.8571
1.1639
1.0239
0.9502
1.0226
1.0802
1.0167
0.9424
1.2003
0.9316
1.0533
1.1634
0.9211
0.8149
0.8477
0.9728
0.8066
0.8403
1.0470
1.0672
0.8115
1.0043
1.0593
1.1889
1.2319
0.9810
0.9682
1.2093
0.9628
1.0624
1.0618
0.9023
1.1086
1.0186
1.2401
1.1019
1.2438
1.1764
1.0109
1.2058
0.8644
1.1495
1.2551
0.6880
0.9046
0.6962
0.6592
0.6831
0.9243
0.9764
0.7810
0.5227
0.7086
0.6928
0.7479
0.7063
0.6973
0.7412
0.9449
0.7128
0.9005
0.8037
0.5839
0.4510
0.3653
0.4985
0.5728
0.5802
0.6084
0.6237
0.6032
0.7912
0.7662
0.7106
0.7921
0.7039
0.8415
0.7791
1.2278
1.2419
1.2018
1.2166
1.2477
1.0031
1.1224
0.7940
1.2084
1.0959
1.1369
1.1073
1.2544
1.0463
1.0064
1.2681
0.7258
0.9911
1.4359
1.3542
1.2849
1.3449
1.1681
1.1135
0.7986
0.9822
0.8079
0.8064
0.8368
0.8340
0.9946
1.1359
1.2860
1.3234
1.1022
1.4727
1.4745
1.4759
1.3480
1.2669
0.9664
1.1277
1.4201
1.2441
1.6157
1.1178
1.1168
0.7845
0.7120
0.5689
0.7434
0.7717
0.6324
0.6553
0.4740
0.8166
0.5464
0.6766
0.7981
0.9434
1.0589
0.9086
0.8555
1.1418
0.9864
0.6320
0.4354
0.6419
0.9855
1.2257
1.2285
0.8248
0.9488
0.9129
1.0814
1.0230
1.0747
1.0018
0.8614
0.8248
0.8815
0.8661
0.9516
0.9885
0.8215
1.0402
0.7707
0.6498
0.5404
0.6617
0.5667
0.9180
0.8153
0.7787
0.6952
0.8207
0.7296
0.8569
1.0610
0.9789
1.0320
1.1195
0.9769
0.5702
0.4560
0.8443
0.8117
0.6887
0.9576
0.6304
0.6700
0.6721
0.9234
0.6667
0.7639
1.0060
1.1042
0.6839
1.0090
0.7312
1.0958
0.8599
1.0837
1.0777
1.0923
0.8870
1.2284
1.1891
0.8394
0.9619
0.9496
0.6333
0.7447
0.9410
0.9670
0.7072
0.6916
0.8989
1.1749
1.1083
1.0932
1.0685
0.6733
0.9331
0.9989
1.0225
0.6692
0.6628
0.8394
0.6488
0.8364
0.6253
0.6753
1.1550
1.1119
1.1931
1.1956
0.9343
1.0177
1.1782
1.2961
1.4091
1.2704
1.3458
1.6140
1.4687
1.7567
1.5658
1.7862
1.2957
1.4098
1.4326
1.2212
1.2425
1.4088
1.2641
0.9191
1.1601
0.9800
0.9472
1.1513
0.9738
1.0872
1.0554
1.0244
1.1719
1.2329
1.0849
0.8943
1.0011
0.8450
1.1077
1.1684
1.1193
0.9852
0.8649
0.6915
0.6453
0.6207
0.8410
0.9227
0.8048
0.8530
0.6796
0.8478
0.8834
0.5241
0.7002
0.7720
0.6190
0.5301
0.8554
0.8747
0.8846
0.9984
1.0795
0.8594
0.9347
0.6994
0.9410
0.7777
1.0504
0.7452
0.8951
0.6137
0.9326
0.5242
0.8226
0.6249
0.8402
0.6645
0.5545
0.8833
0.8594
1.1414
1.0620
1.1980
1.1879
0.7497
0.8378
0.5435
0.5443
0.6670
0.7131
0.8289
0.8763
0.8501
0.5536
1.1320
0.7163
0.6798
0.4902
0.7614
0.8340
0.5759
0.6150
0.7710
0.8993
0.7839
0.6930
0.6650
0.6202
1.0047
1.2042
0.9704
0.6880
0.8688
0.8766
1.2187
0.9517
0.6534
0.9949
1.2850
0.8607
0.8525
1.0945
0.8255
0.6785
0.5972
0.8580
0.5632
0.6101
0.6343
0.6234
0.6124
0.9498
1.0447
0.7581
0.9286
0.8254
1.1029
1.0336
0.7583
0.7847
1.0914
1.0074
0.8093
1.0682
0.8397
0.8357
0.7458
0.9170
0.7345
0.9161
0.9863
1.1794
1.2984
1.0714
1.4004
1.1852
1.0891
1.1033
0.7511
0.8902
1.1461
1.2112
0.9461
0.9554
1.2339
1.2302
1.1937
0.9073
1.0194
0.6204
1.0256
0.6640
0.9948
0.9291
0.9352
0.9161
1.2351
1.3644
0.7673
0.7248
0.9028
0.7348
0.6401
0.7961
1.1478
0.9257
1.0531
1.1701
1.1262
1.1255
0.9548
1.0513
1.5254
1.4009
1.2042
1.1335
1.4921
1.4478
1.1090
1.6730
1.7362
1.1281
0.9981
1.1242
1.1194
1.1170
1.3140
1.2482
1.1482
0.8736
1.2386
1.1366
0.8118
0.8279
0.6204
0.5947
0.7442
0.6234
0.8718
0.9976
0.7315
0.5545
0.5370
0.5248
0.6724
0.7454
0.4652
0.6756
0.5719
0.5388
0.8472
0.8262
1.0443
0.9803
0.9505
1.0895
1.0185
0.8492
0.9822
0.6980
1.0253
1.0830
0.9449
0.6624
0.6713
0.6070
0.8450
0.8558
0.9242
1.0171
1.2643
0.9000
1.0033
1.3367
1.1329
1.5927
1.5461
1.2305
1.5238
1.2315
1.1024
1.2824
1.2180
1.0875
1.1149
1.0946
1.0818
1.2532
0.7785
1.1867
1.0676
0.7925
1.0847
0.7821
1.0126
0.9034
0.8319
1.2814
1.1984
0.9869
1.2177
1.1956
1.2083
1.2712
1.1795
1.1323
1.1406
1.2856
1.2199
0.9852
0.6877
0.7817
0.8299
0.8545
0.9512
1.0912
1.4059
1.1753
1.3534
1.2743
0.9060
0.9093
1.2810
1.1408
1.0300
0.7335
0.8452
0.9746
1.0926
0.9027
0.9304
0.5668
0.6573
0.7770
0.7666
1.0112
0.8006
0.9366
1.0378
0.7756
0.8943
0.9421
0.8887
0.9881
0.9830
1.3753
1.4163
1.5458
1.3887
1.3573
1.0353
1.2086
1.1838
1.1316
1.0149
0.6629
0.9668
0.9589
1.0539
1.0908
0.7787
1.0475
1.0873
0.8224
1.2092
0.8395
0.7745
1.1144
0.7631
0.7676
0.6983
0.6903
0.6809
0.7041
0.8382
0.8299
0.7783
0.6085
0.6734
0.8046
0.9455
0.5040
1.0616
0.8008
1.0743
0.7826
1.0627
0.9085
1.3096
1.0535
1.3372
1.4148
1.7860
1.5152
1.7986
1.4318
1.4718
1.3420
1.0382
0.8993
1.5126
1.5086
1.2702
1.1685
1.4054
0.9438
1.1110
1.1172
1.3144
1.0776
0.9050
1.1354
0.9654
1.1781
0.8657
0.9218
1.1325
1.3116
1.3666
1.4786
1.1987
0.9448
1.0984
1.1915
1.0195
1.0926
1.2977
1.5021
1.2328
1.5439
1.2919
1.3789
1.6345
1.2857
1.4706
1.3305
1.3389
1.4795
1.8560
1.6186
1.3163
1.1093
1.1607
1.1230
1.3539
1.4883
1.3959
1.6220
1.3143
1.1178
1.0287
1.1061
1.2844
1.6176
1.2373
1.1049
1.3226
1.3565
1.5484
1.4537
1.3633
1.3837
1.4763
1.3574
1.3954
1.4977
1.1898
1.2361
1.4119
1.5417
1.2970
1.0051
1.2081
1.0201
1.3424
1.0886
1.2804
1.2349
1.2218
1.1521
1.1650
1.0031
0.9686
0.8620
1.0295
1.1736
1.0358
1.3550
1.0684
0.7521
1.2660
0.9591
0.9310
1.2293
1.0060
0.9073
1.1701
1.0313
0.8683
0.9266
0.8310
0.8167
0.8074
0.9573
0.8677
0.6564
1.0423
0.9730
0.8898
0.7858
0.6493
0.7265
0.7818
0.4999
0.5221
0.8421
0.5980
0.7896
0.6136
0.6272
0.8748
0.8136
0.8792
1.0191
0.9328
1.1388
0.8883
1.1218
0.8637
0.8413
0.6879
0.9661
0.8037
0.7149
1.1108
0.8285
1.0819
0.9234
1.1595
0.8190
1.1309
1.0066
1.1886
1.1634
1.3045
0.8841
1.3407
1.0489
1.0574
0.9008
0.9932
1.1572
1.1688
1.0684
1.1411
1.1767
1.0392
1.3076
1.3973
1.4404
1.3086
1.4015
1.1770
1.0328
1.1894
1.3422
1.0754
1.2606
1.1976
1.2833
0.9228
1.5264
1.0961
0.8742
1.1568
0.9929
0.8921
1.0927
0.7551
0.7163
1.1018
0.6525
0.7365
0.5635
0.7735
0.7430
0.5593
0.5641
0.8934
0.8204
0.5791
0.9495
0.9620
0.8294
0.8675
0.7752
0.8138
1.1150
1.1858
1.1242
1.1277
1.2459
0.8826
0.9266
0.7960
0.9552
1.0037
1.2780
1.0994
0.8724
1.2173
0.9659
1.4376
1.3031
0.9139
0.9980
1.0921
0.9425
1.2553
1.0821
0.8019
0.9817
1.2802
1.0275
0.9388
1.4034
1.1878
1.0096
0.9178
0.8891
0.9606
1.2038
0.9913
1.0898
1.1535
0.9982
1.0473
1.0432
1.0549
1.0107
1.1812
1.3113
1.1011
1.0087
0.9973
0.7700
0.9838
1.0771
0.9787
1.0044
1.1172
1.2169
0.7933
0.6597
0.8566
1.1688
1.2702
1.2057
1.0655
1.0201
0.9547
0.8380
0.9970
1.1216
1.3797
1.3138
1.2034
0.9844
1.2136
1.3282
1.5137
1.3630
1.3461
1.4072
1.2251
0.9500
0.7224
0.9754
1.0238
1.3941
1.0234
0.8669
0.6634
1.1341
1.2636
1.1071
1.0231
0.7864
1.0155
1.0770
0.9418
1.1907
1.2230
1.0136
0.9133
0.9737
1.2109
1.0730
1.2574
0.9002
0.7207
0.7473
0.9518
0.8609
0.9937
0.8468
0.9461
1.0619
1.0275
0.7401
0.7359
0.9577
0.7167
0.8959
1.0571
1.3228
1.1934
1.1023
1.4176
0.8150
1.0852
1.2640
0.9375
0.7772
1.1443
0.9180
1.1233
0.9273
1.4123
1.5709
1.5975
1.4241
1.5677
1.2957
1.1350
1.1582
1.3451
1.0157
0.8731
0.8353
1.0657
1.1104
0.8790
0.7267
0.6795
0.9351
0.6566
0.8410
1.0140
0.9530
0.8871
0.8397
0.7508
0.6283
0.8020
0.9428
0.9148
0.9080
0.5892
0.7495
0.7636
0.9459
0.7432
1.2122
0.9916
0.8470
0.7912
0.9926
1.1005
0.8533
1.0579
0.7765
0.5381
0.7678
0.8645
0.8782
0.6724
0.6901
0.7235
0.8355
0.6954
0.6543
0.7065
0.8559
0.5036
0.4198
0.5590
0.6214
0.8848
0.5264
0.6276
0.7519
0.9004
0.7861
0.6709
0.6812
0.8038
0.8440
0.9877
0.8480
0.9364
0.6023
0.8651
0.9579
0.8040
0.5341
0.5997
0.9786
0.7995
0.8329
1.1137
0.7013
0.9718
0.7325
0.5463
0.5831
0.5917
0.7748
0.8835
0.4957
0.5309
0.5908
0.6306
0.6995
0.5222
0.5881
0.6520
0.4775
0.6920
0.5440
0.5995
0.7880
0.7934
0.7035
0.8647
0.9227
0.9615
0.9375
1.0830
0.8546
0.8834
0.9481
0.9423
0.9988
1.0293
0.6956
0.7225
0.9876
0.8741
0.8769
0.8826
0.5881
0.6159
0.7320
0.5297
0.8214
0.8501
0.8484
0.7057
0.6955
0.7372
0.9333
0.8201
0.8085
0.8697
0.8404
0.6813
0.7758
0.6239
0.7390
0.5196
0.4685
0.5399
0.7229
0.8081
0.6927
0.8911
1.0585
1.1176
1.2438
1.3634
1.2114
0.9407
0.8018
0.8941
0.9849
0.9008
0.9478
0.9247
1.1611
0.7069
0.8129
0.8269
0.9147
0.9132
0.9964
0.9048
0.9955
1.1583
0.9705
0.8819
0.9071
0.8539
0.9587
0.7447
0.8511
0.9256
1.0188
1.1059
0.9886
1.0186
0.9568
0.8591
0.8399
0.8800
0.7847
0.8903
0.9364
1.1295
1.1544
0.6345
0.7168
0.9084
0.8128
0.7937
1.1497
1.2979
0.9634
1.2040
1.1748
1.2446
1.5295
1.1276
1.1166
1.1445
1.1056
1.3252
0.8086
0.9062
0.8442
1.0731
0.8209
0.8110
1.1340
0.9979
1.1400
1.0940
0.8592
1.0453
0.8920
0.7819
1.1865
1.2719
0.8265
1.1959
0.9082
1.0231
1.0270
1.0728
1.1441
0.8996
0.9699
0.8978
0.7629
0.8516
0.7845
0.6382
0.7646
0.9408
0.8087
0.9545
0.7428
0.8364
0.8125
1.0066
0.6364
0.6995
0.7865
0.9688
0.8422
0.9977
1.1120
1.1944
1.3748
1.2138
1.3264
1.2563
0.9633
0.8868
0.8354
0.8235
0.7921
1.0548
0.8263
0.8836
1.1190
0.8822
0.9529
0.9622
1.0174
0.6603
0.7844
0.8766
0.8452
1.0135
1.2087
1.1378
0.8705
0.8046
0.8951
1.0746
1.2497
0.9996
0.9199
1.0151
1.0804
1.1560
1.0631
1.3518
1.3702
1.2061
1.3164
1.0994
1.0380
1.0812
1.3502
1.5222
1.6321
1.4245
1.4587
1.9793
2.0538
2.1567
1.1917
1.2082
1.2473
1.5210
1.3211
1.2941
1.3831
1.2579
1.1649
1.0056
1.1646
1.2823
1.3210
1.1532
1.2517
1.3157
1.2279
1.5142
1.1532
1.4578
0.8631
1.2995
1.1855
1.2591
0.9735
0.7108
0.7010
0.6294
0.9793
0.8872
0.6945
0.9667
1.0814
1.3108
1.1716
0.9150
0.9177
0.8530
1.0241
0.8145
0.9129
1.2809
1.1226
1.2642
1.2858
0.9720
1.3647
1.3743
1.3989
1.3872
1.4212
1.6421
1.6543
1.6602
1.5134
1.4602
1.7466
1.5817
1.8685
1.6830
1.4413
1.4321
1.4094
1.3056
1.6924
1.5177
1.2936
1.5617
1.1973
1.1882
1.2874
1.4714
1.0970
0.9623
1.1435
1.2145
1.1662
1.2064
1.2814
1.4364
1.3235
0.7651
0.9190
0.9065
1.1633
0.8116
0.8028
0.8280
0.6634
0.9422
1.0416
1.0749
0.8081
1.1521
1.0016
1.0160
0.7228
0.7676
0.8705
0.8735
0.9178
0.8805
0.6744
0.9340
1.1394
0.9751
0.8910
1.1304
0.7049
0.7423
1.0045
0.9500
0.9162
1.1378
0.9655
0.7841
1.4818
1.0899
1.2480
0.7409
1.2178
0.9845
1.3336
1.4076
1.4017
1.0263
1.4233
1.4768
1.3412
1.3383
1.2772
1.4908
1.5417
1.5391
1.2296
1.4953
1.5435
1.3126
1.4371
1.5768
1.3171
1.4025
1.3740
1.3038
1.1902
1.2125
1.5898
1.1484
1.0544
1.0325
1.1244
1.0222
0.8735
0.8976
1.0845
1.1299
1.3893
1.3836
1.4376
1.4229
1.2840
1.4510
1.2207
1.5478
1.5330
1.0338
1.3576
1.5308
1.3382
1.5781
1.3468
1.0546
0.9970
0.9575
1.1868
0.8296
1.0962
0.9799
0.9124
1.1399
1.1925
1.0970
1.1941
1.2376
1.2400
1.4291
1.3191
1.2156
1.2146
1.3231
1.2058
1.1407
1.2869
1.2790
1.4592
1.4275
1.4631
1.5360
1.4471
1.5503
1.1570
1.3554
1.4194
1.1836
1.4492
1.3097
1.5085
1.0388
1.3882
1.0267
0.9965
1.1294
1.1642
1.1188
1.3531
1.2222
1.3710
1.2831
1.5037
1.3098
1.5190
1.6350
1.5025
1.2977
1.5761
1.4895
1.3816
1.1895
1.5785
1.5425
1.6058
1.1566
1.5128
1.3634
1.1955
1.3260
1.2781
1.2822
0.7554
0.7385
1.0079
1.1099
1.4179
1.5755
1.5812
1.6567
1.4415
1.4464
1.3916
1.4099
1.8143
1.5594
1.5718
1.1140
1.4470
1.6971
1.5664
1.7230
1.0739
1.2022
1.2473
0.9629
1.3104
1.2816
1.2401
1.1123
1.1080
0.9414
1.0347
1.0090
1.4149
1.2716
1.3834
1.3344
0.9940
0.9643
1.2419
1.5973
1.3578
1.3472
1.2838
1.5070
1.7791
1.4941
1.3316
1.1124
1.2276
1.0349
1.0460
1.2564
1.2351
1.3698
1.0832
0.9259
1.0299
0.8504
1.1002
1.4653
1.3079
1.2607
1.1103
1.1966
1.1193
1.1878
1.2426
1.5307
1.8044
1.2847
1.2475
1.1622
1.3111
1.2859
1.4303
1.5646
1.6566
1.6799
1.3267
1.3673
1.2716
1.2331
1.0649
1.2341
1.2002
1.1627
1.2791
1.4688
1.4405
1.4567
1.4222
1.4103
1.4195
1.3016
1.2477
1.0152
1.0424
1.0094
1.2131
1.3064
1.2366
1.8327
1.3339
1.5581
1.7284
1.2939
1.3849
1.3083
1.0964
1.0660
1.2608
1.2555
1.2010
1.0948
1.0531
1.3336
1.1804
1.7013
1.3883
1.3178
1.1733
1.3642
1.5338
1.3519
1.1982
1.1562
0.9977
1.0631
1.1124
1.0115
0.7025
0.9364
1.0013
0.8161
0.9316
0.8257
0.9905
1.0631
0.9166
1.0863
1.2626
1.2719
1.5670
1.3823
0.9531
0.9380
1.0722
1.0391
0.9552
0.9107
0.9407
1.1518
0.8407
0.9586
1.0021
1.1434
0.8797
0.9817
1.0035
1.1064
1.1705
1.2363
1.2290
1.4645
1.2551
1.1085
1.0418
1.0670
1.2070
1.4148
1.4377
1.3599
1.1555
1.4095
1.2676
1.0726
1.3055
1.3696
1.3576
1.4899
1.1861
1.4136
1.1747
1.2599
1.2433
1.7259
1.0784
1.0867
1.1762
1.2790
1.6004
2.1395
2.1745
1.8558
1.7102
1.3669
1.3725
1.7636
1.6210
1.4582
1.5577
1.5082
1.5721
1.6781
1.6521
1.3821
1.4800
1.4809
1.1624
1.9025
1.8406
1.6671
1.6998
1.4724
1.3603
1.3642
1.4805
1.5522
1.8053
1.5089
1.6443
1.7228
1.5918
1.4507
1.6193
1.5921
1.3314
1.3895
1.1984
1.5607
1.5014
1.7334
1.4128
1.8409
2.1061
1.6888
2.0181
2.1686
2.2955
2.2981
2.0055
2.1448
2.3415
2.1049
2.3745
2.0139
1.7585
1.7643
1.4414
1.9974
1.6597
1.5992
1.7999
1.7361
1.7977
1.7464
1.5731
1.9248
1.9514
1.5541
1.2881
1.3656
1.3037
1.4856
1.3333
1.4067
1.2952
1.4385
1.3669
1.3912
1.5285
1.5214
1.5667
1.4121
1.7141
1.7099
1.6705
1.6838
1.3482
1.4368
1.4282
1.2380
1.4323
1.3181
1.3532
1.5037
1.4470
1.4073
1.1555
1.4705
1.3349
1.3569
1.7498
1.8722
1.7934
1.3308
1.4712
1.2420
1.3368
1.2001
1.2499
1.4589
1.9421
1.3853
1.7563
1.5554
1.5063
1.1368
1.4319
1.7005
1.4137
1.3447
1.6202
1.6214
1.8818
1.2373
1.5508
1.8592
1.7374
1.5587
1.6261
1.5155
1.2431
1.3359
1.5789
1.3533
1.1319
1.2504
1.5272
1.2236
1.5444
1.4263
1.1491
1.1877
0.9771
1.0806
1.1786
1.2524
1.2167
1.3652
1.3289
1.3344
1.0188
1.6825
1.7570
1.6332
1.3067
1.4968
1.2590
1.3157
1.3794
1.5204
1.2869
1.2925
1.6103
1.6413
1.5775
1.4693
1.2334
1.2872
1.1546
1.2862
1.1477
1.1787
1.0756
1.1445
1.0157
1.2290
1.2574
1.1477
1.2806
1.1833
1.2253
1.0196
1.2101
0.9483
1.2034
1.1300
1.2579
1.3790
1.4372
1.3462
1.4452
1.4762
1.4583
1.4073
1.3857
1.3816
1.6353
1.4933
1.2974
1.4069
1.3524
1.3711
1.7589
1.2409
1.2728
1.3483
1.2254
1.4031
1.5138
1.7282
1.4019
1.5092
1.7926
1.6214
1.6103
1.6549
1.3555
1.6316
1.8000
1.7808
1.3797
1.3290
1.4660
1.4731
1.5576
1.6121
1.8272
1.5991
1.3587
1.1759
1.4902
1.5381
1.5510
1.5599
1.3731
1.2921
1.1146
1.2678
1.3549
1.4679
1.4714
1.4664
1.2949
1.4857
1.6316
1.3699
1.3890
1.0632
1.1888
1.1365
1.1446
1.1858
1.2156
1.1661
1.2191
1.0347
1.1619
1.0801
1.0735
1.2231
1.2651
1.0238
1.2828
1.4657
1.0305
1.3351
1.2129
1.1468
1.1449
1.2026
1.1299
0.9342
1.0167
1.1309
1.1703
1.0798
1.1132
1.1622
1.2125
1.3127
1.3433
1.2368
1.0273
1.1950
0.9586
1.0304
1.3114
1.1395
1.1222
1.5177
1.2645
1.6081
1.5966
1.8074
1.7273
1.5690
1.7648
1.7682
1.5661
1.4647
1.1052
1.2832
1.5032
1.3510
1.1709
1.4317
1.2981
1.3595
1.3274
1.3122
1.3581
1.3910
1.3267
1.4474
1.3795
1.7802
1.4945
1.7634
1.5288
1.9051
2.0909
1.9382
1.6508
1.9227
1.7052
1.8460
1.5994
1.7465
1.6700
1.7060
1.5290
1.6824
1.5787
1.5128
1.5862
1.5208
1.3339
1.4466
1.6689
1.8115
1.5894
1.8067
1.7867
1.9441
1.9624
1.7852
1.7398
1.8467
1.8032
2.0244
1.9558
1.9460
1.9655
1.7778
2.1469
1.8922
2.0316
1.7892
1.6761
1.8057
1.9635
2.3278
2.0063
2.1460
2.2103
2.1379
2.1130
2.2405
1.9596
1.8952
1.8393
1.9775
1.9336
2.0755
2.2846
2.2433
1.8286
1.6668
1.6693
1.7225
1.6958
2.0004
1.7540
1.6026
1.8876
1.7297
1.9221
1.9300
1.7739
1.9781
1.8310
1.7206
1.7177
1.6701
2.2533
1.7880
1.8378
1.8736
1.4018
1.8972
1.6459
1.4913
1.8036
1.6517
1.5308
1.4159
1.1685
1.2861
1.2991
1.2168
1.0862
1.1124
1.3398
1.4193
1.4276
1.4549
1.3847
1.1673
1.4397
1.8047
1.6302
1.7546
1.6718
1.9412
1.9656
2.0498
1.9935
1.8592
2.2319
2.0476
1.9115
1.9495
1.9095
2.0363
1.8299
1.8710
1.8336
1.9944
1.7440
1.5489
1.8420
1.9728
2.1103
2.0611
1.8965
1.6901
1.9226
2.0692
1.7714
1.7214
1.5480
1.6296
1.5878
1.3361
1.3965
1.5555
1.6456
1.2906
1.7395
1.6852
1.8227
2.1720
1.4037
1.5857
1.9033
1.8456
1.6444
1.6753
1.5363
1.6583
1.4574
1.7280
1.5618
1.8156
1.9522
1.6199
1.8027
2.2264
1.8985
1.7806
2.0595
1.7536
1.6839
1.7760
2.1744
2.3681
2.1445
1.9331
2.2467
1.8940
2.2785
2.1068
2.1420
1.6261
1.9809
1.9531
1.9801
1.7487
1.7964
1.6132
1.8928
1.8219
1.7643
1.6737
2.0169
2.1937
2.0179
2.0583
1.7576
1.6883
1.8430
1.6351
1.8494
1.8951
2.1667
2.0370
2.2337
2.0937
1.8420
2.0482
1.9321
2.0466
1.9915
1.9861
2.2214
1.8744
1.6763
1.8323
1.6871
1.6828
1.7520
1.9020
2.0170
1.8362
1.7222
1.8706
1.7140
1.9396
2.0389
1.8336
1.7928
1.9198
1.6205
1.6640
1.5398
1.3958
1.5694
1.4926
1.5983
1.5398
1.3883
1.5305
1.6006
1.5643
1.4819
1.3818
1.5757
1.5777
1.7719
1.4713
1.4932
1.7329
1.9412
1.8553
1.7647
1.8532
1.5329
1.4526
1.3252
1.9240
1.5916
1.4687
1.8796
1.4992
1.5391
1.9437
1.6401
1.6609
1.6753
1.5619
1.9101
1.7848
2.0212
1.9054
1.7507
1.4219
1.8765
2.0221
1.8538
2.0003
1.7819
1.8041
1.8886
2.0258
2.0276
1.9371
1.8047
2.0046
1.7165
1.8682
1.7864
1.8282
1.6645
1.4979
1.4420
2.0514
1.6868
1.8126
1.8730
1.7832
1.5252
1.3140
1.6139
1.5565
1.4189
1.6052
1.4824
1.7343
2.0268
1.9705
1.8411
1.9865
1.9046
1.7548
1.7584
1.7157
2.0517
1.8287
1.8467
2.1523
1.8457
2.3166
2.1804
1.6768
2.5698
1.8000
2.1443
2.2370
2.0403
2.0256
1.7865
2.0527
1.5997
1.5865
1.7054
2.1138
2.2660
1.8667
2.0772
2.3904
2.4908
2.6856
2.6899
2.6056
1.6680
2.2784
1.8807
1.9848
2.0162
1.9714
2.2205
1.9661
2.3704
2.1354
2.4990
2.5025
2.4737
2.1499
2.3180
2.1074
1.8217
2.0482
2.0855
1.8023
2.0771
1.7819
2.1742
2.1446
2.0799
2.2894
2.2363
2.3156
2.1601
1.9750
1.8491
2.0172
2.1344
1.8267
1.6896
1.8858
2.0868
2.3580
2.3235
2.3166
2.2724
2.0264
2.0695
1.8998
1.8736
1.8802
1.9526
1.8210
1.6548
1.6169
1.5129
1.3789
1.5961
1.8132
1.7041
1.6215
1.5509
1.9035
1.5454
1.4605
1.5508
1.5794
1.6387
1.5183
1.5842
1.5713
1.5674
1.4890
1.4299
1.3008
1.2713
1.2185
1.2928
1.1847
1.3637
1.4887
1.6399
1.6409
1.6215
1.4956
1.7162
1.9044
1.6285
1.4963
1.7844
1.5096
1.4993
1.3822
1.1980
1.6648
1.5384
1.7622
1.4054
1.1008
1.1577
1.3058
1.6718
1.4044
1.0434
1.1516
1.3890
1.4766
1.2884
1.4635
1.4984
1.5967
1.4736
1.3825
1.2543
1.2604
1.3062
1.3928
1.5577
1.5969
1.6829
1.4620
1.5381
1.5786
1.7729
1.3887
1.4047
1.4375
1.1246
1.2760
1.4143
1.3765
1.3405
1.7099
1.3825
1.4321
1.1839
1.4275
1.6564
1.8181
1.5426
1.6694
1.6477
1.4559
1.7363
1.6640
1.7601
1.5793
1.2744
1.0507
1.4081
1.2448
1.4713
1.6496
1.4344
1.6482
1.7375
2.0098
1.9379
2.0997
1.8767
1.5927
1.7967
1.6552
1.7074
1.4929
1.5839
1.5439
1.7611
1.8974
1.6205
1.8284
1.9259
2.1183
1.5816
1.6362
1.7524
1.6422
1.9312
1.6746
1.7922
1.4203
1.5747
1.6527
1.4346
1.4622
1.4527
1.2384
1.4709
1.7294
1.8220
1.3167
1.4952
1.2155
1.2170
1.6969
1.4697
1.5334
1.5456
1.5347
1.4647
1.9381
1.8028
1.5354
1.5958
1.3964
1.5749
1.5492
1.5463
1.4002
1.7476
1.7317
1.6669
1.2116
1.4078
1.1380
1.5098
1.2735
1.3529
1.3097
1.5526
1.3764
1.2258
1.5615
1.1429
1.4486
1.3265
1.4643
1.2535
1.4781
1.5531
1.5137
1.7757
1.9370
1.9028
1.5692
1.6459
1.4712
1.7015
1.6292
1.4066
1.3357
1.6453
1.6559
2.0420
2.0751
1.8191
2.1529
2.0988
2.0087
2.1399
1.8177
1.7806
1.8956
2.1485
1.6636
1.7226
1.9065
1.8385
1.8312
1.5327
1.3621
1.4724
1.6449
1.7100
1.5043
1.7005
1.7077
1.7915
1.5616
1.9230
1.8109
1.7768
1.8789
2.0051
2.1198
2.1421
2.1906
2.0213
1.8455
1.7441
1.7542
1.8575
1.7293
1.6482
1.7268
1.5667
1.3560
1.5373
1.4235
1.1139
1.4203
1.4157
1.4271
1.3726
1.4366
1.5434
1.3496
1.5081
1.4646
1.5114
1.5115
1.6474
1.3066
1.6360
1.5478
1.8295
1.5999
2.0381
2.0561
1.8892
2.0471
1.6430
1.5927
1.5873
1.5079
1.9237
1.3851
1.4423
1.5916
1.6807
1.7260
1.5247
1.4484
1.6024
1.4654
1.3333
1.6465
1.4519
1.4805
1.6611
1.6980
1.7209
1.8909
1.6504
1.8916
1.6923
1.7904
1.6614
1.6486
1.2282
1.0155
1.2503
1.2599
1.0071
0.9902
1.0412
1.2101
1.3248
1.1342
1.6517
1.5600
1.4999
1.6260
1.8134
1.5586
1.6427
1.1780
1.5144
1.4961
1.4940
1.6139
1.6128
1.7521
1.7412
1.7287
1.7254
1.9004
1.9096
1.9580
1.9949
2.0220
2.4017
2.0232
2.3244
2.5584
2.6811
2.1583
2.1709
2.0342
2.2678
2.4371
2.2230
2.3136
2.5253
2.1222
2.6206
2.1449
2.2059
2.1189
2.2064
2.3079
2.7505
3.0528
2.7562
2.5449
2.9176
2.6772
2.3991
2.2890
2.3388
2.2426
2.3596
2.4359
2.1497
1.8749
2.0348
2.0592
1.8728
2.1109
1.9270
1.9477
1.9578
1.9359
1.9486
2.0211
1.9393
1.9363
1.7954
1.6800
1.8702
1.8460
2.0006
1.5069
1.7787
1.7016
1.7419
1.7951
1.8778
1.9961
1.8195
2.2467
2.1526
2.3268
1.9561
1.9491
2.1252
1.8126
2.2259
2.2701
1.8807
1.9219
2.1286
1.8895
1.9578
1.8511
1.6974
1.5959
1.7426
2.0669
2.0449
1.9480
1.8044
1.6601
1.6931
1.6115
1.6224
1.6480
1.6515
1.8506
2.1475
1.6574
2.1608
2.1836
1.7716
1.6877
1.6520
1.8424
2.0909
1.9870
1.8548
1.8022
1.8913
1.9532
1.8565
2.0070
1.7472
1.6495
1.9058
1.7042
1.4446
1.5041
1.5863
1.6476
1.6976
1.7578
1.5414
2.0759
2.4221
2.1822
1.9245
1.8949
2.0052
1.6712
2.3063
2.2722
1.8659
1.7514
1.4630
1.7427
1.7878
1.8419
1.9183
1.9478
1.8412
1.8953
1.7537
1.5831
1.7575
1.8589
1.7256
1.5147
1.5514
1.4899
1.5248
1.4882
1.2849
1.3273
1.5895
1.3243
1.2560
1.4101
1.3415
1.4824
1.9478
1.9520
1.8294
1.5117
1.3949
1.9644
1.5016
1.5206
2.0163
1.9665
1.9065
2.0069
1.8727
1.8063
1.8720
1.6824
1.4228
1.4878
1.6194
1.6786
1.4726
1.1906
1.2126
1.3730
1.2466
1.3077
1.5741
1.5208
1.3058
1.5384
1.7559
1.5401
1.8219
1.9005
2.0986
1.7787
1.5443
1.4242
1.8220
1.9443
1.5626
1.7581
2.0326
1.7445
2.3181
2.3036
2.1186
2.0978
2.2438
1.9765
1.7623
2.1050
2.0799
2.0325
2.2473
1.9500
1.8047
2.0193
2.0167
2.2041
2.3073
1.8800
1.9788
1.9490
1.5137
1.6841
1.6376
1.7541
1.7473
1.9671
2.0360
1.8636
1.9639
2.0293
1.9882
2.1344
2.0255
1.9869
2.0978
2.4572
2.1078
1.9145
1.7871
1.6452
1.7500
1.6512
1.7533
1.6437
1.5291
1.7812
1.7460
1.7551
1.7497
2.1824
2.0714
1.9469
2.1312
1.5182
1.4818
1.6453
1.9572
1.9093
1.9726
2.0867
1.7917
1.8326
1.5727
1.6903
1.3772
1.4980
1.3370
1.3028
1.6300
1.2433
1.5418
1.7065
1.4956
1.3961
1.6385
1.8527
1.9803
1.7827
1.8018
1.3782
1.2595
1.5549
1.6611
1.7561
1.6979
1.6636
1.9695
1.6573
1.6999
1.6164
1.5990
1.7782
1.9100
1.8541
1.8860
1.6176
1.3941
1.6201
1.4615
1.1026
1.6669
1.8425
1.7728
1.8851
2.2817
1.7055
1.6935
1.8531
1.7106
1.6171
1.9931
1.7442
1.6995
1.6320
1.7569
1.7209
1.5764
1.5677
1.7058
1.4409
1.6692
1.7808
1.6738
1.7329
1.4883
1.3789
1.6059
1.3628
1.6200
1.5261
1.9290
1.5930
1.5953
1.3841
1.5269
1.5631
1.3440
1.2038
1.4274
1.2846
1.2086
1.3134
1.3100
1.0812
1.2020
1.2752
1.6081
1.4432
1.3525
1.7620
1.5019
1.4558
1.5967
1.6480
1.4225
1.5049
1.4579
1.3206
1.3551
1.4697
1.5118
1.6513
1.7300
1.5703
1.4058
1.3743
1.1845
1.2508
1.4799
1.4570
1.3666
1.3638
1.5141
1.2525
1.2152
1.2330
1.3508
1.1929
1.7052
1.5572
1.2057
1.2861
1.2490
1.1596
1.4046
1.1908
1.4823
1.5229
1.2014
1.2953
1.2064
1.2788
1.3601
1.1111
1.3665
1.3092
1.5563
1.8550
1.8848
1.7440
1.8663
1.7803
1.7107
1.6295
1.4323
1.7104
1.7618
1.5051
1.4725
1.4514
1.3658
1.3718
1.5268
1.3979
1.5748
1.6858
1.6913
1.5593
1.8932
1.9486
1.7039
1.8404
1.8260
1.4499
1.7610
1.9503
1.9528
1.9574
1.9210
2.0109
1.8752
1.7781
1.6895
1.6275
1.7050
1.6416
1.8566
1.8773
1.6629
1.6596
1.2604
1.5315
1.1482
1.4841
1.4289
1.4627
1.6766
1.5624
1.2899
1.3697
1.4534
1.3743
1.5801
1.4579
1.6666
1.4686
1.7180
1.5935
1.4624
1.6065
1.4274
1.4959
1.5412
1.6440
1.4938
1.5280
1.5164
1.2806
1.1229
1.2873
1.2415
1.3266
1.2050
1.5172
1.4200
1.4401
1.7254
1.6088
1.8084
1.7578
1.7361
2.0470
2.1445
2.2192
1.7660
1.8988
2.3647
2.2077
2.3432
2.0832
2.2385
2.4916
2.2487
2.3200
1.9456
2.3233
2.3297
2.1794
2.4434
2.3269
2.2704
2.4679
2.0613
1.8373
2.0706
2.0526
1.7596
1.7064
1.5654
1.7225
2.2208
2.1797
2.1094
2.2567
2.2319
2.1477
1.8570
1.8871
1.9825
1.8294
1.7561
1.6912
1.9692
1.8725
2.1724
1.7914
2.0375
1.8390
1.9104
1.7777
1.7026
1.7687
2.1286
1.9272
1.8416
1.9934
2.3013
2.1655
1.8562
1.8057
1.9216
1.6150
1.8118
1.8571
1.8827
1.9352
1.9790
1.9150
1.6201
1.9179
2.1407
2.1876
2.0966
1.8878
1.8858
1.9059
1.5949
1.8788
2.0356
1.8851
1.8135
1.7661
1.9508
1.9865
1.8963
1.9645
2.1277
2.1541
2.1804
2.1434
2.0769
2.1137
2.5921
2.3940
2.3005
2.0907
1.9346
2.2145
2.0615
2.1635
2.3356
1.8685
2.0013
2.0451
2.0794
2.0467
2.3235
1.9995
2.0724
2.4025
2.4075
2.5848
2.2257
2.4756
2.5894
2.6369
2.6484
2.7252
2.9079
2.7103
2.5294
2.6504
2.4791
2.3762
2.2579
2.1786
2.3859
2.5818
2.6486
2.4909
2.3024
2.4475
2.4785
2.4206
2.0530
2.0135
2.3048
2.2562
2.2484
2.1066
2.2224
2.5025
2.6330
2.2926
2.4815
2.5556
2.4049
2.4930
2.6619
2.5418
2.6168
2.5669
2.4293
2.5388
2.1978
2.0906
1.9969
2.0181
2.2835
2.4269
2.1400
2.0265
2.1268
2.1588
2.0389
2.2374
2.1772
1.9620
2.3031
2.3332
2.3261
1.9335
1.9216
2.0890
2.1581
2.1377
2.1127
2.0776
1.9824
1.6845
1.8466
2.0421
1.8305
1.3122
1.3826
1.3205
1.6998
1.6620
2.0401
2.3652
2.3098
2.2001
2.1647
2.3709
2.8037
2.5784
2.4517
2.4269
2.7088
2.4203
3.0719
2.7931
2.5404
2.8414
2.9094
2.6464
2.7444
2.8955
2.8188
3.1057
2.9029
2.9924
2.9595
3.1985
3.2121
3.1617
3.1842
3.2438
3.2758
3.1684
3.2599
2.9821
2.7991
2.5030
2.5600
2.9301
2.7605
2.6818
2.4339
2.8351
2.6820
2.8568
2.7137
2.6115
2.4260
2.8004
2.5270
2.5949
2.7261
2.5528
2.3764
2.3255
2.0591
2.4207
2.4436
2.3443
2.4497
2.1752
2.6735
2.4078
2.5246
2.5921
2.4204
2.4805
2.4456
2.2907
2.3726
2.4649
2.5138
2.4918
2.3414
2.3286
2.6985
2.5948
2.7836
2.9746
3.0677
3.0304
2.7718
2.9005
2.9618
3.0386
2.9115
2.6950
2.8157
2.8948
2.5163
2.5218
2.5417
2.4365
2.4316
2.8239
2.4893
2.8176
2.5615
2.7669
2.7414
2.6205
2.9457
2.6984
2.4736
2.7337
2.5472
2.8333
2.5684
2.6983
2.7754
2.4501
2.8504
2.5651
2.6350
2.6969
2.6347
2.6591
2.3690
2.5489
2.6652
2.6033
2.5569
2.9555
2.5823
2.7246
2.7191
2.8863
2.9295
3.0648
3.2579
2.9381
3.0550
2.8884
2.7867
2.6916
3.1401
3.2115
3.1557
3.4220
3.3330
3.0261
3.2197
2.8943
3.2099
3.6353
3.8010
3.7735
3.7593
3.3308
3.3512
2.9217
2.9324
2.9030
3.1015
3.1428
2.8061
3.0664
3.0837
3.0883
2.9884
3.0949
2.9731
2.9933
3.4033
3.0430
3.2317
3.1425
2.8077
2.9855
2.8239
2.4269
2.8331
3.1547
2.6016
2.9329
3.0121
3.3426
3.1681
3.1324
3.5519
3.2888
3.3706
3.1590
3.2016
3.1008
3.2581
2.8657
3.3432
3.2793
3.2390
2.9782
3.2443
3.0052
3.4443
3.2002
3.4440
2.9195
3.3950
3.3201
2.9192
3.0670
3.1115
3.1238
2.7819
3.3604
3.1373
3.1456
3.3425
3.1183
3.1304
3.3079
3.4108
3.4685
3.2781
3.0183
3.2674
3.0998
2.9047
2.9749
3.2670
3.5752
3.6492
3.1523
3.0731
3.1604
3.1235
3.1280
3.2961
2.9231
3.3238
2.9376
2.7113
2.8166
2.8037
2.8208
2.7661
2.4161
2.7224
2.7907
2.6294
2.6121
2.3990
2.2188
2.2442
2.2442
2.2135
2.4836
2.6546
2.4099
2.6853
2.4844
2.7022
2.6343
2.7746
2.7102
2.8772
2.9607
2.4989
2.6685
2.7936
2.5741
2.5465
2.9519
2.6768
2.5706
2.5061
2.6565
2.5414
2.5307
2.7641
2.8477
2.5367
2.6230
3.2788
3.0548
2.9282
2.8598
2.9897
3.2309
2.9486
3.4553
3.4600
3.4484
3.3486
3.5738
3.8259
3.4732
3.5192
2.7947
3.0193
3.3074
3.0671
2.4288
2.6494
2.6371
2.4532
2.4776
2.1875
2.3691
2.4109
2.6451
2.2410
2.5490
2.8236
2.6064
2.2879
2.5603
2.6362
2.4750
2.1519
2.2773
2.1359
2.1098
2.2984
2.1713
2.1079
2.0570
2.2570
1.9451
1.9088
1.6382
1.9775
1.5418
1.5752
1.6605
1.7406
1.9067
1.9225
1.8317
1.6137
1.8437
1.7795
1.6252
1.8288
1.9423
1.9025
1.9356
1.6446
2.3574
2.3744
2.2391
2.4080
2.3977
2.0473
1.6915
1.9407
1.5764
2.0687
1.9666
1.9573
1.8289
1.9549
2.0012
1.8239
1.7154
1.8669
1.8635
1.8786
1.7306
1.7000
2.2811
2.1656
1.9715
2.0746
2.4309
2.2132
2.6212
2.3569
2.3297
2.4215
2.4304
2.6786
2.6379
2.9536
2.8939
2.6228
2.9652
2.7762
3.0499
2.8001
2.6712
3.0167
3.0799
2.9012
3.0320
2.8588
3.1689
2.9576
3.0050
2.9480
3.2953
2.9377
2.9834
3.0988
3.2784
2.8078
2.6835
2.9067
3.0643
3.0018
3.3015
3.3781
3.4777
3.2188
3.2230
3.0410
3.0827
3.0708
2.6761
2.8389
2.8779
2.8287
3.0093
2.8367
2.7051
2.8836
2.6371
2.7050
2.6590
2.8000
2.4931
2.2188
2.0779
2.1498
2.4838
2.3428
2.3564
2.2828
2.5429
2.6030
2.0044
2.4663
2.0629
1.8637
2.1563
2.2253
1.9899
2.5166
2.6778
2.2815
2.6424
2.4972
2.1186
2.3693
2.1101
2.1856
1.9343
1.9309
2.0113
2.0937
2.3177
2.1823
2.0604
1.7789
1.6004
1.5873
1.7151
1.8698
1.9380
2.2069
2.1188
1.9761
1.9903
2.1496
2.3706
2.1501
2.0809
1.9436
2.1037
1.6917
1.9446
1.9344
2.1602
2.0698
1.8527
1.7430
2.3984
2.0040
2.1817
2.2424
2.5508
2.7742
2.6839
2.7092
2.4427
2.7201
2.9664
2.8798
2.9398
3.0771
3.4102
3.0363
3.1456
3.1519
2.5221
2.2191
2.4172
2.2404
2.2549
2.4841
2.2768
2.5222
2.4341
2.1482
2.0501
2.1415
1.8855
2.3182
2.1697
1.9815
2.0974
2.2521
2.2360
2.1603
2.0440
2.1089
2.1623
2.3840
2.2144
1.9899
2.4347
2.4326
2.1443
2.2257
2.1717
2.4424
2.4847
2.9079
2.6453
2.6561
2.8426
2.4055
2.9313
2.9731
3.0474
3.1573
3.4843
3.4095
3.2012
2.6900
2.9681
2.9373
3.1112
3.2963
3.2546
2.7246
2.7133
2.5411
2.8688
2.9564
2.8425
2.9780
3.0346
3.1265
2.8154
3.0767
2.8220
2.8931
2.8764
3.0737
2.6618
2.5649
2.4129
2.0754
2.4928
2.5106
2.4406
2.5870
2.8867
2.8974
2.4706
2.7071
2.4320
2.5476
2.5056
2.5631
2.5466
2.6182
2.6236
2.5175
2.7123
2.9246
2.9334
2.9338
2.7146
2.7738
2.6715
2.7060
2.8471
2.7278
2.9485
2.7556
3.1914
3.0476
2.4190
2.3652
2.5441
2.3366
2.4264
2.2636
2.1047
1.9826
2.2537
2.0566
2.0190
2.1565
1.8499
2.1833
2.1674
2.3355
2.2387
2.2425
2.2583
2.3508
2.4071
2.2721
2.0773
1.9740
2.1717
1.9674
2.2712
2.4214
2.1389
2.1071
2.0405
1.8868
2.3259
2.1003
2.3253
2.5910
2.2591
2.1712
2.3994
2.2846
2.2798
2.0897
2.1128
2.0861
2.2143
2.1746
2.4406
2.3738
2.1988
2.2710
1.9925
2.1823
2.3633
2.4041
2.3237
2.1998
2.4740
2.2198
2.2315
2.1570
1.9811
2.1462
2.0684
2.0192
2.1030
2.4081
2.1921
2.7974
2.4459
2.6657
2.4591
2.2715
2.1616
2.2964
1.9618
2.5054
2.2228
2.0085
2.1543
2.1862
2.4327
2.2633
2.0989
2.2529
2.1486
2.1321
1.9904
1.9419
1.9101
2.0555
2.1288
2.1158
2.0669
2.1490
1.9774
2.1265
2.0832
2.3913
2.0689
2.2357
2.1241
2.1438
2.0609
2.2484
2.2542
2.2578
2.5122
2.4093
2.5499
2.7802
2.8185
2.4798
2.8472
2.5067
2.6291
2.3375
2.7087
2.6415
2.8406
3.0834
2.9933
2.7707
2.9577
2.8774
2.7968
2.7572
2.5384
2.6757
2.7180
2.5329
2.4075
2.3922
2.7231
2.6476
2.5211
2.5297
2.8537
2.5981
2.2886
2.2841
2.3069
2.5424
2.1304
2.3006
1.9556
2.0026
2.1395
2.3369
2.3044
2.1520
2.4442
2.4285
2.6774
2.6418
2.4787
2.5281
2.3838
2.4768
2.2006
2.1456
2.1074
2.1230
2.4643
2.5081
2.2643
2.1256
2.4884
2.5272
2.3877
2.0970
2.0311
2.2041
2.2489
2.3563
2.1230
2.1211
2.3640
2.3171
2.1202
2.1275
2.5693
2.6714
2.6043
2.5029
2.2906
2.4181
2.1332
2.4277
2.4627
2.3821
2.2482
2.3014
2.5084
2.4777
2.5547
3.0828
2.7313
2.5782
2.4411
2.3595
2.7943
2.8202
2.6618
2.4134
2.6346
2.8413
2.7819
2.7742
2.7708
2.5602
2.0639
2.3467
2.8471
2.6169
2.9970
2.6051
2.3920
2.7393
2.5207
2.3864
2.7589
2.8037
2.4036
2.4367
2.1279
2.0944
2.2392
2.4120
2.2026
2.1964
2.1465
2.6029
2.5794
2.4766
2.4585
2.2418
2.1249
2.2639
2.3678
2.2581
2.3371
2.4336
2.3067
2.6697
2.5053
2.5767
2.8622
2.7294
2.2640
2.5102
2.3359
2.3623
2.5729
2.4580
2.8792
2.5472
2.3090
2.0483
2.2363
2.2321
2.3226
1.9656
2.2218
2.0515
1.9328
1.9639
2.3909
2.1072
2.1757
2.1348
1.8961
2.0529
2.0126
2.0723
2.1770
2.0997
2.1859
2.2321
2.3525
2.3066
2.0207
1.8669
1.9728
1.8486
2.0341
2.0458
1.9742
2.4305
1.7394
1.8122
1.8148
1.7544
1.5392
1.2645
1.6195
1.5826
1.6460
1.6238
1.6485
1.6950
1.7630
2.0951
2.1454
1.8157
2.0863
1.8214
1.8588
2.0279
2.0817
2.0568
1.9582
1.7373
1.8768
2.0744
1.8647
1.7362
1.5840
1.7357
1.5744
1.7343
1.7815
1.4932
1.4049
1.5491
1.6536
1.6277
1.7744
1.6149
1.4954
1.7553
1.7546
1.8539
1.5099
1.6199
1.6349
1.6466
1.7454
1.8314
1.7454
1.4816
1.3540
1.6189
1.6642
1.6231
1.6213
1.6009
1.7104
1.9644
2.1983
2.2516
2.0547
2.2666
2.1019
2.1023
2.1830
1.9255
2.0001
1.8182
2.0990
2.2637
2.1098
2.0562
1.9669
2.4632
2.2098
2.2313
2.0094
2.1312
2.0916
2.2370
1.8059
2.0421
2.1437
2.4142
2.0165
2.0642
1.7999
1.7782
1.7661
1.6598
1.9095
1.6999
1.8318
2.1016
1.6514
1.9141
2.1197
2.3405
2.5103
2.6184
2.1323
2.4371
2.2524
2.5295
2.2791
2.4887
1.9880
1.9806
1.9011
2.2460
2.2975
2.1474
1.8021
2.0210
2.1198
1.8613
1.9609
1.8394
1.7946
2.0847
2.3082
2.0912
2.1208
2.2972
2.1883
2.0937
1.9609
1.9220
2.0887
1.9962
1.9485
2.1609
1.9632
1.5728
1.2364
1.4280
1.6674
1.8453
1.9706
2.0269
2.3493
2.6433
2.3116
2.2078
2.1230
2.1748
2.1909
2.0056
2.4509
2.1026
2.5698
2.5401
2.5849
2.6033
2.6210
2.7725
2.8226
2.8125
2.6643
2.6889
2.6695
2.3004
2.6051
2.3483
2.7023
2.5506
2.7990
2.4737
2.8296
2.6464
2.8856
2.9136
2.8291
2.4902
2.3790
2.1247
2.2604
2.0423
2.1106
2.1277
2.2479
1.8973
1.9305
2.2227
2.5142
2.4314
1.9772
2.1902
2.2656
2.6670
2.1093
2.0346
2.2470
2.2692
2.1657
2.3208
2.3638
2.1857
2.1961
