1.7783
1.7874
2.0202
1.7043
1.6320
1.7624
1.9844
1.9828
2.4636
2.3085
2.0490
2.3837
2.2905
2.2080
2.6380
2.1813
2.2010
2.5155
2.2098
2.5025
2.2995
2.1385
2.0962
2.2825
1.8492
2.1852
2.1009
2.0680
1.8497
2.1061
1.9039
1.8317
1.8432
1.7660
1.8720
1.8822
2.0050
1.7297
1.8810
1.8802
2.0533
1.8844
2.0641
1.7719
1.8883
1.8247
1.8731
1.6952
1.7420
1.8553
1.5569
1.8105
1.8819
1.8272
1.7504
1.6120
1.6659
1.7011
1.7516
1.8462
1.7316
1.5115
1.9389
1.8500
1.6767
1.6221
1.6490
1.6489
1.8943
1.6894
1.7216
1.5832
1.6197
1.7011
1.5550
1.9967
1.8692
1.8556
1.5499
1.8240
1.8054
1.7159
1.5966
1.6728
1.4023
1.4508
1.5477
1.7494
1.6095
1.5288
1.7820
1.4758
1.7003
1.6197
1.8840
1.7402
1.8835
1.7986
2.0120
1.7342
1.9288
2.5034
2.0412
2.4466
2.4463
2.3037
2.3385
2.2048
2.2570
2.5267
2.1800
1.9820
2.2075
2.1387
1.9389
1.9678
1.8315
1.7491
1.9399
2.0077
2.0069
2.1203
1.9928
2.0753
2.3646
2.5673
2.5421
2.5092
2.4386
2.5046
2.3083
2.3338
2.3002
2.1840
2.4693
2.0635
2.1834
2.1906
2.3929
2.3281
2.2953
2.2763
2.2302
2.0826
2.4521
2.2988
2.3740
2.4172
2.6298
2.2408
2.3087
2.2776
2.1915
1.7527
1.7461
1.8563
2.0692
2.1648
2.1036
2.5125
2.2337
2.6349
2.3233
2.3396
2.7686
2.4651
2.6015
2.5750
2.8789
2.6196
2.8310
2.8113
2.6590
2.6617
2.5780
2.7088
2.7431
2.6230
2.4648
2.4249
2.2906
2.3005
2.5961
1.8158
2.2576
2.4045
2.2321
2.1894
1.9065
1.9724
2.2547
2.0563
2.3742
2.0536
2.2984
2.0987
2.4593
2.4300
2.3599
2.5169
2.3657
2.5998
2.4109
2.2369
2.4501
2.2437
2.1354
2.1572
2.3072
2.3940
2.1020
2.0167
2.0739
2.3497
2.2762
2.2873
2.1865
2.0984
2.2327
2.2551
1.9892
2.0120
1.8173
2.0531
1.9113
1.8797
1.8110
1.7464
1.6688
1.6541
1.7295
1.7145
1.7778
2.0465
2.2191
2.1335
2.1037
1.8651
2.0121
1.9396
2.1656
1.9004
1.8748
1.7320
1.8457
1.7173
1.8364
1.9553
1.9707
1.7830
1.8322
1.7196
1.8293
1.8100
1.9964
1.5325
1.8135
1.9997
1.8623
2.0773
1.9046
2.0559
1.7748
2.3009
2.1364
2.1245
2.2479
2.1476
2.0556
1.8808
1.8324
1.6232
1.8038
1.7401
1.4383
1.7683
1.8585
2.0786
2.0117
1.7341
1.8001
1.9410
1.7881
1.7042
1.8734
1.8437
1.6723
1.7535
1.7581
1.9112
1.6873
1.5581
2.0391
1.7775
1.9493
1.7990
1.8511
1.7357
1.7247
1.7937
1.8124
2.0521
1.9162
1.8430
2.0446
1.8760
2.1190
1.9164
2.0076
2.0340
2.0153
1.8091
1.7937
1.8017
1.9352
2.2786
1.9467
2.0724
2.1634
2.0296
1.9679
1.9617
2.2658
2.1814
1.9566
2.0567
2.1874
2.2279
2.1946
2.2974
1.9541
2.0273
1.9461
1.7809
1.8863
1.9923
1.8400
1.9855
2.0571
1.7209
1.7924
1.8276
2.0840
1.8762
1.9190
1.8382
1.8805
1.6820
1.5922
1.6731
1.9090
1.6338
1.8318
1.8063
1.6594
1.8559
1.8809
1.6525
1.9862
1.6165
1.6619
1.6156
1.8089
1.6068
1.7463
1.5581
1.7701
1.5859
1.6250
1.5223
1.5527
1.6494
1.5290
1.6209
1.5738
1.8410
2.0517
2.0405
1.6438
1.9639
1.7162
1.6070
1.7241
1.9548
1.7474
1.7809
1.6847
1.9032
1.8620
1.6470
2.0523
1.8308
1.8048
1.7315
1.7875
1.6314
1.5970
1.5931
1.8521
1.8639
1.5556
1.9346
1.9990
2.0700
1.9220
2.1069
1.9980
2.1049
2.0379
2.1790
1.9904
2.0802
2.1574
2.2728
2.0664
2.0368
2.1670
2.0779
1.7721
2.0302
1.9797
2.1286
2.0937
2.1899
2.2179
2.1415
2.3191
2.2613
2.2483
2.1248
1.8930
1.6913
1.4971
1.6697
1.7418
1.6975
1.5962
1.9840
1.9251
1.8249
1.6126
1.6647
1.6605
1.8054
1.6202
1.9583
1.9288
2.1204
1.8327
1.9163
1.6899
1.9116
1.9438
1.7494
2.0088
1.9126
2.3256
2.0138
1.9418
2.2289
2.2964
2.1078
2.3080
2.1409
2.1140
2.0636
2.3014
2.0613
2.4071
2.1876
1.9640
2.1234
1.9204
1.9811
2.0804
1.8218
2.0067
2.1902
2.3466
2.1011
2.2603
2.2137
2.1786
1.7752
2.1856
2.0457
1.8732
2.0626
2.1753
2.3033
2.5998
2.0337
2.0451
2.2010
2.3789
2.3922
2.1571
1.8377
1.9487
2.0715
2.1938
2.3091
1.9912
2.1895
2.4506
2.4099
2.5261
2.4105
2.4560
2.4993
2.1652
2.0948
2.2106
2.2313
2.1250
2.1608
1.9313
2.0860
2.0055
1.8784
2.1379
1.6094
1.8111
1.8873
1.9260
1.8301
1.9967
2.0956
1.8669
1.8716
2.0169
2.0597
2.0756
1.7607
1.7363
1.8856
2.0649
1.8387
1.8755
1.6806
1.6980
1.9290
1.8861
1.8219
1.5310
1.7610
1.5992
1.7083
2.2369
2.0557
1.9953
1.8210
1.6724
1.7255
1.8422
1.9529
1.8126
1.4931
1.7375
1.8119
1.8093
2.0077
1.8311
1.6390
1.8096
1.7198
1.7525
1.7142
1.7059
1.8391
1.9838
1.7817
1.6928
1.3408
1.6760
1.4375
1.5851
1.5763
1.3238
1.5505
1.7978
1.4804
1.7823
2.0788
2.1515
2.1694
2.0738
1.8689
2.0383
2.1161
1.9900
2.0198
1.9728
2.2028
2.0189
2.0103
2.3194
1.9466
1.8186
1.9192
1.9762
1.9490
2.1550
2.2028
2.0361
1.8095
2.2457
2.2872
2.1621
2.2204
2.0725
1.9554
1.9702
1.8394
2.2596
1.9611
2.0399
2.0988
1.9228
1.6971
1.9694
2.0565
2.1422
1.9717
2.1538
1.8549
1.7793
1.9962
1.7928
1.7616
1.7815
1.6509
1.6688
1.7066
1.7319
1.7083
1.5711
1.6145
1.6357
1.5858
1.9311
1.7552
2.0700
1.8832
1.6685
1.6638
2.1590
1.8050
1.5747
1.6953
1.7618
1.5300
1.3730
1.6041
1.8988
1.8259
1.9697
1.8393
1.8776
2.1249
1.7868
1.8051
1.8797
1.8559
1.7394
1.7092
1.7987
2.1934
1.8436
1.8426
1.5933
2.0309
2.1374
1.9447
2.1603
1.9349
1.7609
1.9602
1.9168
2.1836
2.2482
2.0285
2.0408
2.0746
2.0600
2.2515
2.1492
2.0156
2.1800
2.0344
1.9545
1.9084
2.1158
1.9635
1.9425
2.0629
2.2197
1.9781
2.1076
2.1354
1.9599
2.0925
1.9849
2.0592
2.1249
2.1178
2.1235
2.1752
2.1721
2.0853
2.0225
2.0182
2.2574
2.1018
2.0028
1.8389
2.4485
2.3308
1.9951
1.9478
1.8794
2.2213
2.1489
1.7646
1.8605
1.9098
2.0324
2.2548
1.8685
1.9436
2.1824
2.2701
2.3504
2.2316
1.9511
1.9369
1.8109
1.7642
1.9221
1.9070
2.1608
1.8441
2.2137
2.0292
2.1689
2.1576
2.6613
2.3947
2.5759
2.3392
2.2569
1.8710
2.1749
2.0135
1.9310
2.1024
1.9723
2.4960
1.8445
1.8771
1.9760
1.8090
1.8076
1.7810
2.0317
2.0248
1.7563
1.8790
1.7237
1.7989
2.0467
1.8442
1.7415
1.8271
1.6926
1.5390
1.7803
1.7268
1.6205
1.7276
1.8365
2.1164
1.9043
2.1288
2.1149
1.9126
1.9163
1.9063
2.0299
1.7571
1.8432
1.8277
1.4735
1.8121
2.0209
1.9217
1.8962
1.7493
1.6703
1.5063
1.6015
1.6988
1.7831
1.7007
1.7123
1.6396
1.6337
1.7957
1.7955
2.0189
1.7731
1.8211
1.5783
1.9944
1.9436
1.7346
1.7127
2.0251
1.7319
1.7182
2.1878
2.0915
2.0702
1.5176
1.5517
1.5692
1.6893
1.5325
1.7942
1.7799
1.6715
1.8978
1.6686
1.8927
1.7958
1.7038
1.8106
1.9862
1.8553
1.4880
1.6574
1.6682
1.6549
1.8377
1.8526
1.7604
1.7241
1.6250
1.5988
1.7276
1.7272
1.5815
1.5967
1.7335
1.7975
1.5704
1.6196
1.5700
1.7390
1.6741
1.4031
1.7459
1.9643
1.8306
1.7099
1.4768
1.8019
1.8559
1.7567
1.2699
1.4835
1.4836
1.7237
2.1457
1.5693
1.7895
1.7029
1.7460
1.6968
1.7377
1.7392
1.5834
1.7248
1.5505
1.5590
1.8303
1.6873
1.8193
1.8878
1.7087
1.7401
1.8817
1.5966
1.8444
1.6537
1.8935
1.7445
1.4452
2.0143
1.8588
2.1109
1.6556
1.8084
1.7860
2.0310
1.9963
2.1624
1.9992
1.7176
1.8127
1.9281
1.6576
1.7517
2.0016
2.0268
1.9129
1.9391
1.7481
1.7483
1.7400
1.7852
1.7914
1.8312
1.6215
1.8440
1.8459
1.5586
1.9121
2.1199
1.7097
1.6442
1.6060
1.8607
1.7859
1.9390
1.4967
1.7458
1.8873
1.7331
1.7773
1.4718
1.8899
2.0529
1.9912
2.0378
1.4999
1.8527
1.9454
1.8176
1.8659
1.5039
1.7449
1.9525
1.8849
2.0459
1.8997
1.8755
1.4139
1.9401
1.6510
2.1304
1.7410
1.7248
1.9580
1.8308
1.8709
1.5251
1.3576
1.6841
1.6448
1.7331
1.7362
1.7249
1.6470
1.9411
1.6893
1.9088
1.7694
1.4754
1.9927
1.7290
1.8160
1.6504
1.4823
1.6262
1.7282
1.8093
1.5744
2.1074
1.8566
1.8331
2.0155
1.8160
1.7851
1.8806
1.8745
1.7272
1.6633
1.7721
1.8596
1.6511
1.9522
1.8637
1.5823
1.6817
1.7274
1.5074
1.9344
1.6233
1.8389
1.9637
1.7459
1.2947
2.0852
1.4849
1.5598
1.5311
1.6550
1.7982
1.5353
1.8710
1.5201
1.4848
1.6431
1.5484
1.6416
1.6558
1.6626
1.7915
1.6573
1.7599
1.5951
1.6009
1.8627
1.9405
1.6356
1.6615
1.6071
1.5600
1.7023
1.6451
1.4606
1.7111
1.5914
1.6978
1.7741
2.2397
1.5793
1.5298
1.4096
2.0261
1.7669
1.7053
1.5770
1.6473
1.6213
1.7936
1.6380
1.2651
1.3386
1.6216
1.5681
1.7394
1.8713
1.5337
1.7373
1.8459
1.5917
1.4961
1.5451
1.5561
1.7445
1.6999
1.6251
1.7698
1.5553
1.8061
1.5472
1.7675
1.9760
1.7701
1.6404
1.6548
1.6370
1.8205
1.5315
1.7670
1.5882
1.6587
1.7115
1.8290
1.6963
1.9340
1.7362
1.7359
1.8613
1.8268
1.5711
1.6593
1.5805
1.8967
1.7373
1.9290
1.6160
1.6373
1.7693
1.7881
2.0754
1.8609
1.6183
1.8985
1.5073
1.6549
1.5420
1.5568
1.6067
1.8342
1.9482
2.1077
2.2695
2.0046
1.6808
2.0475
1.4914
1.7161
1.8117
1.6083
1.7554
1.9865
1.7512
1.8067
2.0633
1.7642
2.3395
1.7878
2.0126
1.7255
1.7056
1.7263
1.7244
2.0097
1.5991
1.4937
1.4364
1.6166
1.7850
1.5003
1.3713
1.3708
1.5651
1.4999
1.4817
1.9713
1.4003
1.8647
1.3241
1.4863
1.7394
1.6480
1.6174
1.9399
1.8229
1.5647
1.8122
1.4229
1.6445
1.5604
1.7513
1.7041
1.7005
1.7108
1.6253
1.6719
1.7158
1.7849
2.1679
1.7651
1.6400
1.6183
1.7093
1.5121
1.8456
1.9633
1.7972
2.0400
1.5837
1.4241
1.3063
1.2029
1.3446
1.4440
1.2250
1.2365
1.5429
1.7124
1.5586
1.7008
1.3743
1.9650
2.1772
2.0041
2.0024
2.0779
2.0211
1.9894
2.2292
2.3367
1.7934
2.0541
2.5595
2.4472
2.0324
1.7968
1.7403
2.4312
2.0132
1.7764
1.8848
2.0171
1.8975
1.5531
1.5879
1.8392
1.6408
1.7473
1.4602
1.8021
1.9121
1.5533
2.2529
2.2045
1.8826
2.0590
1.5786
1.7675
1.8308
2.1227
2.3172
2.1505
2.0738
2.1751
2.0407
2.2633
2.1579
1.4826
1.5281
1.5849
1.7898
1.8049
1.7371
1.8470
1.3194
1.9352
1.7703
1.8699
2.1417
2.1470
1.8338
2.0213
1.9971
1.8735
1.4575
1.3464
0.9749
1.1547
1.0883
1.0163
0.9069
1.3618
1.9111
1.4636
1.7609
1.6351
2.0389
2.0186
2.2412
2.2729
2.6549
2.4153
2.2802
2.3668
2.2398
2.3391
2.3568
1.6951
1.6872
1.8010
1.6613
2.0578
1.6952
2.0004
2.1417
2.0912
1.2763
1.8617
2.0985
1.9287
2.3231
1.6241
1.6452
1.8351
1.8754
2.0990
1.9264
1.8384
2.3934
2.3655
2.2362
2.4052
2.4144
1.6799
1.9229
2.0380
2.5570
2.5596
2.2436
1.9304
2.2761
1.5716
1.9832
2.0129
1.9303
1.9610
2.0117
2.3883
2.0270
2.1365
1.4867
1.4716
2.0892
1.7145
1.9245
1.3325
1.1613
1.3452
1.3319
1.5421
1.4698
1.3324
1.3549
1.4541
1.7141
1.6986
1.4937
1.5403
1.4675
1.6647
1.5760
1.8763
1.4691
1.4059
1.6216
1.4756
2.2044
1.6060
1.5190
1.6924
1.6236
1.5312
1.7432
1.5082
1.5812
1.6749
1.6369
1.4448
1.4874
1.4528
1.5496
1.5868
1.8110
1.8025
1.7139
1.7904
1.3942
1.6123
1.3225
1.6961
1.5517
1.7807
1.9392
2.2020
2.2678
1.7797
1.9623
1.6956
1.4047
1.1636
1.7244
1.5144
1.3431
1.3583
1.4862
1.8845
1.8559
1.6842
1.8599
1.7899
2.0175
2.1702
1.7051
1.7128
1.7421
1.9479
1.6152
1.5550
1.2083
1.2985
1.6257
1.7580
2.0568
1.9698
2.3730
2.4430
1.7421
1.8832
1.8673
1.3667
1.5107
2.1890
2.0851
1.9501
2.0405
2.0521
2.0021
2.2971
1.6033
1.7333
1.1711
1.3339
1.2781
1.3340
1.4817
1.7124
1.1616
1.3852
1.1316
1.6795
1.9347
1.8521
1.7464
1.7536
1.9965
1.3847
1.3727
1.4345
1.5366
1.4597
1.7758
1.8595
1.5282
1.5925
1.5368
1.6937
1.8517
1.6409
1.5431
1.6220
1.7605
2.0420
1.5079
1.3750
1.5738
1.5685
1.7691
1.9796
1.6003
1.5011
1.2902
1.7396
1.5484
1.7143
1.6740
1.4811
1.4420
1.7332
1.7463
1.4945
1.6892
1.4066
1.2775
1.4516
1.5367
1.2608
1.4584
1.3323
1.5675
1.9905
1.5954
1.7305
1.7508
1.4419
1.3217
1.3639
1.5192
1.6640
1.2793
1.6257
1.4784
1.2634
1.4203
1.5771
1.6011
1.4685
1.4761
1.3189
1.1525
1.4096
1.8855
1.8470
1.3415
1.5485
1.3612
1.6501
1.5408
1.2537
1.4001
1.6414
1.6509
1.6181
1.5834
2.1986
2.3116
1.5559
1.7474
1.5528
1.4462
1.7471
1.3569
1.3161
1.8533
2.0339
1.6144
1.2907
1.5286
1.2600
1.3683
1.2076
1.2020
1.5330
1.4030
1.3540
1.5016
1.4591
1.2848
1.7646
1.5586
1.4740
1.4717
1.1787
1.5624
2.0496
1.7540
1.2674
1.2477
1.6185
1.5910
1.3552
1.9258
1.1309
1.5234
1.4990
1.8643
1.7600
2.0855
1.9311
1.6749
1.7961
1.0827
1.6805
1.1937
1.2520
1.3710
1.6293
2.2586
1.8799
1.6120
1.4257
1.3261
1.2378
1.0890
0.9490
1.3743
1.3352
1.5310
1.7578
1.3939
1.9149
1.6531
1.0936
1.4179
1.2942
1.5137
1.1775
1.8588
1.6368
1.6690
1.1957
1.1288
1.4626
1.4800
1.3220
1.6900
1.5013
1.5603
1.2837
1.2320
1.7254
1.5138
1.0110
1.0563
1.5203
1.5284
1.5015
1.7078
1.2899
1.7888
1.6572
1.5728
1.9372
1.3311
1.6207
1.4251
1.7361
1.7034
1.7602
1.6371
1.8587
1.7542
1.5846
1.5539
1.5722
2.0032
1.4825
1.6082
1.5793
1.7178
1.8816
1.6076
1.8819
1.6373
1.8931
1.7542
1.6607
1.4313
1.6267
1.8082
1.2677
1.5790
1.4179
1.8016
1.7555
1.5216
1.5709
1.7540
1.7662
1.6927
1.5314
1.5820
1.4050
1.8022
1.4653
1.4665
1.7946
1.7875
2.1643
1.8182
2.0421
1.9905
2.1391
1.8233
1.7763
1.5044
1.6961
1.3399
1.3440
1.8926
1.9241
1.9831
1.5616
1.9912
1.8571
2.0579
1.6106
1.4830
1.7598
1.5804
1.7903
1.5910
1.3626
1.9451
1.5398
1.6708
1.4302
1.7973
1.5882
1.6932
2.3271
1.8445
2.1321
2.1785
2.0613
1.5501
1.8662
1.7729
1.8703
1.8212
1.9962
2.1399
1.7693
1.6653
2.2850
1.6583
1.8125
1.8037
1.4197
1.4421
1.5833
1.3854
1.3912
1.3749
1.8800
1.8097
1.8340
1.8882
1.8429
1.8389
1.3674
1.3488
1.2865
1.7996
1.6865
1.3536
1.6488
1.7954
1.5043
1.4025
1.3534
1.2680
1.2857
1.2830
1.0399
1.1521
1.1322
1.0168
1.1774
1.3436
1.3825
1.2490
1.4452
1.5729
1.8411
1.9109
1.9608
1.3547
1.4604
1.8017
1.8549
1.8380
1.7360
1.6800
1.5450
1.7907
1.8427
1.8284
1.7514
1.5284
1.4090
1.5629
1.8892
1.7697
1.6938
1.5495
1.5267
1.9719
2.0310
2.0615
1.9143
1.8047
1.5840
1.9977
2.0107
1.8760
2.3366
1.8170
2.0297
2.4283
2.0190
1.9693
2.1174
1.9419
1.9017
1.8259
1.8167
1.8143
1.7207
1.7960
1.8971
1.8571
2.0988
1.9301
2.4423
1.9164
1.9124
1.7530
2.1147
1.8700
1.5779
1.8455
1.6517
1.7263
1.6240
1.7440
1.9934
2.1602
2.1562
2.3898
2.0969
2.0183
1.9935
2.1903
2.1607
2.2046
1.8731
1.5576
1.7487
2.3132
2.0645
2.1597
1.5676
2.1192
1.8932
1.6971
1.9984
2.0922
1.7625
1.8948
1.8798
1.8055
1.8691
1.6385
1.8174
1.8642
2.0315
1.8146
1.9081
2.0502
2.0473
2.4375
1.9793
1.6460
2.0112
2.7409
2.6019
2.4667
1.9877
2.4480
2.1511
2.6858
2.4115
2.6538
2.2485
2.7404
2.5264
2.4274
2.2626
2.5008
2.1780
1.8722
2.1073
2.2796
2.0686
2.1131
1.7804
2.0215
2.2315
2.3149
2.3074
2.1535
2.0643
2.2276
2.0680
2.6828
2.7959
2.4692
2.4597
2.2376
2.6167
2.1202
1.9875
2.2922
2.3455
2.0816
1.8706
2.2322
2.4734
2.4015
2.3961
2.2119
2.3827
2.6053
2.4684
2.2736
2.3583
2.3404
2.1052
2.2663
2.4115
2.9103
2.5834
2.2178
2.3522
1.8248
1.7495
2.1869
2.2210
2.0508
1.5997
1.9771
1.7727
2.0108
2.1353
2.0305
2.2057
1.7371
2.0649
1.7628
2.3185
2.0716
2.3131
1.9412
1.8978
2.0980
1.7880
2.1153
2.1074
2.5766
2.9206
2.3750
2.5664
2.3472
2.4176
1.9719
1.7900
2.1325
2.4061
2.0632
1.9698
1.9630
2.6704
2.5644
2.6090
2.4856
2.4635
2.5206
2.4818
2.2421
2.2738
2.0996
1.9115
2.7997
2.8783
2.5549
2.3834
2.3863
2.1740
2.5069
2.1728
2.1716
2.1542
2.4726
2.4274
2.5604
2.7437
3.0051
2.5623
2.6675
2.2743
2.1697
2.5207
2.3155
2.4740
2.4595
2.0772
2.3624
2.3216
2.5209
2.4414
2.3196
2.6424
2.4285
2.3887
2.2262
2.5993
2.2756
2.1190
2.1657
2.4326
1.8606
2.2256
2.0414
2.3750
2.4431
2.5325
2.6940
2.0834
2.4655
2.6938
2.0390
2.0322
1.9560
2.3536
2.2128
2.3248
2.1790
1.9099
1.8550
1.5406
2.3204
2.5256
2.0229
2.1168
2.1426
2.6128
1.8771
2.0330
2.2056
2.1014
2.2049
2.0613
2.2212
1.8399
2.2897
2.1226
2.2598
1.7874
2.0047
1.8531
2.0140
1.9790
1.9658
1.7842
1.9521
1.6596
1.2810
1.6758
1.4939
1.7886
2.0540
2.0936
1.9604
1.4836
2.2519
1.6885
2.3355
2.0514
2.0876
2.1778
1.8827
1.8702
2.3207
2.1923
2.0213
2.3148
2.1085
1.9621
1.9223
2.3155
1.8940
2.0873
2.2425
1.9080
1.8905
2.1313
2.0763
2.2689
2.2081
2.3242
2.3838
1.9008
2.0287
1.7717
2.1886
2.3098
2.2617
2.0235
2.4952
2.0709
2.0661
1.9371
1.8261
2.3947
2.1167
2.0926
2.4535
2.3787
2.5540
2.0649
2.0423
2.0055
2.1644
2.4256
2.5409
2.1523
2.2913
2.2319
2.6300
2.4932
2.4940
2.5120
2.7860
2.3284
2.5711
2.6305
2.5278
2.4579
2.4210
2.4967
2.4331
2.3198
2.7479
2.2270
2.2751
2.3406
2.2697
1.7839
1.9523
1.9266
1.7384
1.2624
1.4180
2.1996
2.0886
1.7990
2.0453
2.4436
1.8956
1.6614
1.7478
1.7083
1.5985
1.7124
1.9742
1.8375
2.2741
2.0370
2.0189
2.0970
1.4364
1.4708
1.7532
1.2808
1.8080
1.5225
1.7089
1.7438
1.3080
1.2466
1.1883
1.3667
1.8145
1.5599
1.4509
1.6269
1.7281
1.9349
1.7321
2.3133
1.7315
1.6469
1.5681
1.7872
1.8392
2.0271
2.1045
1.5281
1.8725
1.5021
1.2462
1.6706
1.5766
1.4194
2.3548
1.7891
1.4330
2.0153
1.9336
2.0372
1.8228
1.6609
1.4452
1.8584
1.9353
1.5631
1.8334
1.5650
1.5952
1.4983
1.4033
1.6678
1.5738
1.6785
1.9580
2.1193
2.0501
1.9198
2.2134
1.6851
1.5880
1.9060
1.7694
2.0361
1.9602
1.6953
2.1508
1.9130
2.2175
2.2833
2.0734
1.9847
1.9288
1.9658
2.0418
1.7642
1.5656
1.6509
1.8684
2.0990
1.9848
1.6135
1.2565
1.6269
1.7511
2.1139
2.0292
2.2729
2.1891
2.2746
1.8847
1.9887
2.3003
2.0685
2.2743
2.0846
2.0880
2.2962
2.2142
2.3337
2.4293
2.0565
2.1775
1.9736
2.1390
2.1875
1.8455
1.8721
1.5931
1.6633
1.3957
1.4504
1.7510
1.6337
2.2076
1.9973
2.1055
2.1077
2.0372
1.8175
1.7419
1.5454
1.7603
1.5470
1.7044
1.7975
1.7089
1.9044
1.8283
1.5329
1.7347
2.0513
1.9831
1.8937
2.3666
2.3434
2.2287
2.3719
2.4981
2.3655
2.4179
2.0730
2.3628
2.0694
2.1722
2.2515
1.8467
1.5786
2.0811
1.9270
2.3877
1.8263
1.9657
2.0262
1.7261
1.6241
1.7830
1.4187
1.6850
1.4045
1.5878
1.7323
1.8649
2.1724
1.8101
1.9531
1.8887
2.1180
1.8912
2.1453
2.5529
1.7692
1.9930
1.5590
1.6271
1.7217
1.4598
1.8258
1.7245
2.4268
2.3649
1.5986
1.8835
1.5526
1.8658
1.4110
1.4227
1.7354
2.3028
2.2488
1.8451
2.3717
1.6924
1.4505
1.8157
1.7781
1.7871
2.1114
1.5768
1.5738
1.3869
1.8514
1.4693
0.9385
1.6659
1.4817
1.7158
1.5964
1.8058
2.2136
1.7542
1.8977
1.9483
1.7767
1.6787
1.7726
1.8469
0.9925
0.7437
1.5212
1.4977
2.0886
1.9672
1.7438
1.9432
1.7656
1.4234
1.4266
1.4891
1.3933
1.3831
1.5291
1.4191
1.2991
1.8846
1.4214
1.2595
1.5351
1.9504
1.9055
1.8633
1.4507
1.2837
0.9807
1.1302
1.3255
1.1410
1.2930
1.4707
1.9916
1.9969
1.9177
2.2465
1.9164
1.7880
1.7377
2.1608
1.8230
1.5259
1.7680
2.2390
2.0856
1.8718
1.7615
1.9375
1.7831
1.8810
1.9472
1.5997
1.6626
1.5023
1.5731
1.9026
1.9695
1.5562
1.5068
1.9589
1.9828
1.6058
1.6505
1.4686
1.7500
1.3668
1.8109
2.2722
1.2165
1.2825
1.6241
1.5905
1.5525
1.5062
1.3341
1.3347
1.3473
1.5182
1.6000
1.4126
1.2187
1.5373
1.4802
1.7739
1.3362
1.4132
1.2151
1.7210
1.5004
1.3966
1.3134
1.6638
1.3637
1.4070
1.7164
1.5919
1.2284
1.2336
1.1521
1.4417
1.4555
1.6191
1.3546
1.3072
1.1687
1.0259
1.3343
0.9764
1.2973
1.4375
1.2218
1.4330
1.6622
1.3571
1.3246
1.3244
1.1782
1.0994
1.0612
1.2211
1.3751
1.0671
1.1279
1.3978
1.3060
1.5583
1.2247
0.9657
1.1714
1.3501
1.2487
1.0118
1.2942
1.5047
1.3735
1.3581
1.3489
1.6359
1.5252
1.5129
1.6693
1.6412
1.6917
1.3502
1.4112
1.3204
1.7358
1.4820
1.4669
1.4583
1.6694
1.4886
1.7115
1.6787
1.8070
1.6838
1.5680
1.3169
1.7037
2.0714
2.2295
2.4362
2.0265
1.7273
1.9919
1.7862
2.0174
2.5949
1.9032
2.0889
1.4711
2.2139
2.4506
1.8240
1.7313
1.6841
1.5674
1.8832
1.4497
1.3899
1.3473
1.2554
1.3420
1.2131
1.5770
1.5320
1.3289
1.4742
1.3907
1.7440
1.6304
1.4682
1.6420
1.1687
1.2571
1.0421
0.9762
1.0734
0.9916
1.3830
1.1769
1.5067
1.4849
1.2950
1.2004
1.1997
1.4637
1.4232
1.5069
1.3550
1.5395
1.7456
1.6096
1.5472
1.8224
1.4102
1.6902
1.5268
1.6422
1.5400
1.7674
1.7092
1.3990
1.4762
1.8745
1.9325
1.7068
1.6828
1.5512
1.3841
1.3076
1.3558
1.0785
1.1075
1.2417
0.9761
1.3628
1.4053
0.9277
1.3290
1.0041
1.0282
1.7558
1.2658
0.9493
1.4600
0.9591
0.6935
1.1925
1.6269
1.2779
1.8667
1.5924
0.7499
1.4022
1.1576
0.8777
0.9781
0.8668
0.9995
1.2558
0.9265
0.9134
0.8891
1.2255
1.3575
1.2558
1.0612
1.0183
0.8486
1.0860
1.4246
1.1640
1.3934
1.0190
1.5106
1.3347
1.0408
0.8908
1.4018
0.9422
1.2094
1.0774
0.7959
1.0644
1.1516
1.2772
1.1390
1.1526
1.4352
1.7333
1.6413
1.5843
1.7094
1.6770
1.8991
1.6189
1.3676
1.9636
1.5272
1.6623
1.6475
1.9144
1.9434
1.7384
1.4569
1.8392
1.9572
1.6377
1.8834
1.6796
1.4989
1.8059
1.9013
2.2811
2.1189
1.6867
1.8529
1.7171
1.6016
1.8522
1.3983
1.3954
1.4557
1.2397
1.3309
1.6683
1.6017
1.5030
1.5975
1.2898
1.7005
1.5128
1.3757
1.3248
1.6875
1.9612
1.8076
1.6036
1.5532
1.4366
1.5902
1.3668
2.0572
1.9517
1.8498
1.8246
1.9129
1.7602
1.8023
1.6754
1.2493
1.4409
1.3778
1.8088
1.6305
1.7936
1.4019
1.7892
1.9933
1.5209
1.5935
1.8572
1.4312
1.7091
1.8025
1.6383
1.3811
1.7772
1.5871
1.8961
1.7192
1.6154
1.6436
1.8955
1.8266
1.6869
1.6053
1.3155
1.1482
1.2588
1.8365
1.4067
1.5563
1.5747
1.6125
1.6781
2.1503
1.3497
2.1616
1.9859
1.4917
1.2280
0.9592
1.4890
1.7231
1.5164
1.6528
1.8136
1.8671
1.7639
1.8266
1.4012
1.5191
1.5783
1.7065
1.8536
1.4482
1.6308
1.5521
1.3422
1.9303
2.1494
1.9081
1.4575
1.3996
1.3374
1.6179
1.7992
1.7532
1.6983
1.9069
2.1935
1.7336
1.7053
1.5069
1.6930
1.8506
2.0346
1.8091
1.7335
1.6375
1.8184
1.7948
2.1692
1.7388
1.8617
1.5881
1.9074
1.6977
1.7978
1.5730
1.7843
1.6213
1.6837
1.6541
1.5912
1.6186
1.6886
1.6264
1.9351
1.5413
1.7539
1.8648
1.8855
1.9091
2.1449
2.1716
1.7686
1.9992
1.4430
2.0260
2.2988
2.5648
1.9675
1.9497
1.9001
1.9416
1.8333
1.4720
1.4633
1.5158
1.8298
1.6738
1.3019
1.9938
1.8120
2.2210
1.9389
1.7257
1.1833
1.5294
1.3581
1.6923
1.3618
1.0985
1.4931
1.4856
1.6749
1.7536
1.6038
2.1507
1.8453
1.8955
1.3726
1.5683
1.8077
1.2287
1.5026
1.4402
1.6780
1.8107
1.6986
1.1309
1.4934
1.5751
1.6172
1.8316
1.6820
1.4688
1.3442
1.2745
1.6435
1.3911
1.4394
1.9073
2.2848
1.9296
1.8542
1.8416
2.5251
2.4407
2.2623
2.3436
2.0037
2.1152
1.7538
1.5831
1.8073
2.4979
1.7916
1.8443
1.9873
1.9503
1.8734
2.0854
2.0864
1.5758
1.8411
1.7907
1.6528
1.7148
1.5416
2.1852
1.8280
1.9369
1.8025
2.2519
2.2303
1.6412
2.0143
2.1420
2.3632
2.1288
1.8262
1.7963
1.9559
1.5162
2.0718
1.8206
2.1701
2.6857
1.9455
2.4331
2.3926
2.5475
1.8384
1.8917
2.0201
2.2719
1.8645
1.9643
1.7394
1.6166
1.4413
1.6254
1.4920
1.3870
1.4195
1.6399
1.5516
1.3957
1.2642
1.4473
1.7434
1.6496
2.0942
1.7052
1.4733
1.4223
1.8401
1.9341
1.6423
1.6642
1.9798
1.8878
2.3073
2.1528
1.7590
1.7418
1.6586
1.6188
2.0032
1.6932
1.8168
1.7204
1.3986
1.7340
1.8525
1.7918
1.3132
1.5584
1.5382
1.7392
1.8837
1.9620
1.8977
1.6834
1.6423
1.9234
1.8020
1.8605
1.5705
1.4371
1.3994
1.5131
1.6079
1.4555
1.4659
1.6289
1.6083
1.4513
1.0997
0.5912
0.7904
1.2190
1.2053
1.0527
1.4505
1.1748
1.5553
1.3763
1.5936
1.6645
1.5318
1.5295
1.5090
1.3928
1.6566
1.6352
1.7531
1.6029
1.1895
1.7182
1.4163
1.5688
1.9994
1.5122
1.4710
1.1609
1.4208
1.4636
1.4774
1.7215
1.4225
1.5143
1.4563
1.0731
1.3767
1.1531
1.4402
2.0944
1.6295
1.7298
2.0001
1.9983
1.2598
1.7918
1.7471
2.0312
2.1074
1.5392
1.9524
1.9149
2.0350
2.4183
2.4038
2.3673
2.1650
2.4685
2.0945
1.7516
1.7924
2.2773
2.0708
1.8510
1.6402
2.0555
2.1990
2.1521
1.5087
2.0711
2.1670
2.1676
1.9586
1.8361
2.2745
2.5899
2.2055
2.2793
2.0819
2.5753
1.7420
2.1230
2.2493
1.8328
1.9636
2.0965
1.6375
2.1037
1.6353
2.0355
2.1677
1.8411
1.8983
2.1651
1.8361
1.8518
1.7945
1.7709
1.7929
1.8102
1.6916
1.9951
1.6994
1.8300
1.8819
1.8361
1.6957
1.8449
1.9883
2.3326
1.9800
2.2479
2.0869
2.0825
1.7905
1.6332
1.8016
1.7054
1.8534
1.7830
1.9440
1.9118
1.4566
1.8077
1.5039
1.6647
1.4376
1.4025
1.5345
1.5238
1.7636
1.6091
1.8140
1.6940
1.4278
1.3814
1.8541
1.5640
1.5093
1.5531
1.4872
1.7017
1.7171
1.7960
1.6383
1.2442
1.0610
1.0856
1.5882
1.5734
2.0845
1.9669
1.9404
1.8028
1.6989
1.9433
1.4741
1.7594
1.7258
1.5532
1.9055
2.1116
1.8298
2.1015
1.9101
1.8272
2.0538
2.0203
1.9437
2.1081
2.2752
2.0306
1.6215
2.2352
1.6930
2.1041
1.8080
1.5229
1.6868
0.9982
1.4303
1.4770
1.6360
1.8174
1.5079
1.8602
1.9117
1.7510
1.4925
1.9399
1.8775
1.8021
2.0488
1.9775
2.2196
2.0942
2.3484
2.1936
1.8157
1.6718
1.7939
1.9079
2.2482
1.3325
1.6943
1.8467
1.6715
1.6544
1.9581
1.7302
1.6962
1.6441
1.2766
1.5729
1.6368
1.5877
1.5289
1.6680
1.3933
1.4935
0.8732
1.4424
1.2911
1.0834
1.2936
1.1361
1.2636
1.2804
1.3365
1.5053
1.4746
1.1589
1.2801
1.5301
0.9806
1.0370
1.5204
1.7211
1.3787
1.4042
1.4370
1.6253
1.6642
1.4223
1.7664
1.5400
2.3806
1.7661
1.6520
1.8752
1.2416
2.0857
1.2391
2.0771
2.3998
2.3488
2.0780
2.0942
2.5109
2.5460
2.0459
2.3335
1.8311
1.9405
1.6037
2.1792
2.1322
2.0857
1.9658
2.0471
2.4432
2.0700
2.0215
1.9281
1.9206
2.3189
1.9575
1.8191
2.6611
2.5173
2.2602
2.4953
2.1646
2.3491
1.7013
1.7945
2.1678
1.9859
1.3766
2.1690
1.4431
1.2301
1.7159
1.5213
1.7428
1.7679
1.8852
2.2835
2.0046
2.0017
2.1200
2.0570
2.1481
1.8722
1.8341
2.0977
2.0892
1.9533
1.5890
1.4306
1.7394
1.8384
2.2323
1.8979
1.9065
2.0308
2.0403
2.2542
2.0981
1.9065
1.7771
1.9656
1.7154
2.1328
2.3552
1.9568
2.1710
1.9839
2.2364
1.8669
1.7819
1.7279
1.7016
1.5496
1.7416
2.3705
2.3100
2.1327
2.6256
1.9540
2.1801
1.8062
2.1449
1.8893
1.9795
1.8255
2.0713
2.0414
2.2686
1.8418
2.1167
1.9634
1.7073
2.0953
1.9271
1.9652
2.1794
2.1666
1.9808
1.9421
2.1394
2.0820
1.8817
1.8908
2.0528
1.5719
1.6417
1.4902
1.3786
1.6055
1.5186
1.7218
1.9399
2.2499
2.3888
2.1935
2.5151
2.1325
2.0920
2.0686
2.0612
2.1900
1.8301
1.6137
1.2596
1.5958
1.5605
1.5655
1.9531
1.9055
2.4035
2.1077
2.1148
2.0138
2.1550
2.1469
2.4244
1.9878
2.3036
2.3285
2.0409
2.1513
2.3212
2.1422
2.7041
1.8163
1.8101
1.5224
1.9773
1.6614
2.1008
1.9091
2.1570
2.0417
1.5195
1.9010
1.8686
1.9160
2.2414
1.9118
2.0388
2.2965
2.0687
1.8074
1.9248
1.8925
1.5753
2.1741
2.1318
1.8626
1.8520
1.7244
1.6283
1.8575
1.5889
1.4725
1.6308
1.8447
1.9714
2.0286
1.6584
2.0578
2.0539
1.9557
1.8935
2.0078
1.7848
1.9571
2.1434
1.9981
1.7453
2.0935
2.3121
1.9402
2.3663
2.3544
2.1020
2.1393
2.1463
1.5565
2.0037
1.8852
2.0263
2.4870
2.4176
2.4125
1.7736
2.0476
1.7928
2.5301
2.5343
2.2138
2.0369
2.4000
2.1761
2.3683
2.2988
2.2040
2.4909
2.6576
2.5643
2.4014
2.6926
2.1846
2.2537
2.2968
2.2046
2.1727
2.1589
2.0739
2.1629
1.8876
1.9441
1.7803
1.6550
1.7178
2.0776
2.1783
2.3233
2.2551
1.7627
2.3363
2.5312
2.0603
2.1984
1.9425
2.0834
2.0836
2.0111
2.1098
2.2432
2.2056
2.2806
2.0540
1.8600
2.0085
2.0741
2.0339
2.0392
2.4166
2.2152
2.2063
2.0053
2.1795
2.4115
2.1815
2.4481
2.5039
2.1726
2.2135
2.2210
2.1221
2.0630
2.1493
2.0108
2.3936
2.3540
2.4426
2.5877
2.4622
2.3250
2.5617
2.6077
2.4066
2.6626
2.4410
2.1681
2.2449
2.2218
2.4215
2.3016
2.5895
2.4086
2.4011
2.2817
2.5739
2.4410
2.4930
2.5618
2.2328
2.3279
2.6366
2.1236
2.5764
2.3305
1.9804
2.4121
2.2345
2.3971
2.3234
2.5547
2.5409
2.2981
2.1712
1.9848
2.3773
2.2697
2.3015
2.3450
2.3739
2.4267
2.4346
2.6342
2.2145
2.7871
2.1757
2.5403
2.6310
2.7330
2.5280
2.4512
2.2603
2.2345
2.4018
2.2065
2.4863
2.5180
1.8710
1.9952
2.0653
2.3359
2.3900
2.3450
2.4083
2.3907
2.1669
2.5054
2.2732
2.2664
2.2309
2.1788
2.3219
2.2422
2.1618
2.0369
1.6733
2.1789
2.2940
2.5460
2.6697
2.3251
2.3077
2.5266
2.7045
2.4373
2.3381
2.0618
2.4442
2.2689
2.2258
2.4162
2.3705
2.5878
2.4090
2.0825
1.8674
2.4689
2.1771
2.8283
2.2248
2.1729
2.4917
2.3796
2.4380
2.5286
2.0738
2.2043
2.2626
2.2110
2.2108
2.4863
2.3230
2.5730
2.4861
2.1918
2.1661
2.2613
2.3272
2.9840
2.8353
2.8250
2.0986
2.4089
2.5072
2.5671
2.0733
2.6619
2.6198
2.8060
2.8139
2.6977
2.8257
2.6341
2.6922
2.3668
2.6597
2.2851
2.3825
2.7345
2.5496
2.8281
2.5266
2.7571
2.6823
2.6908
2.3981
2.4602
2.3284
2.2257
2.3453
2.3851
2.1848
2.2544
1.8753
1.9979
1.8548
1.9720
1.5613
1.8816
2.3047
2.3529
2.0989
1.9317
2.1372
2.0778
2.1999
2.4654
2.0210
2.1401
2.0716
2.0095
2.0272
2.6354
2.2432
2.1835
2.3199
1.8017
2.4284
2.3256
2.3614
2.5536
2.0606
2.3177
2.3004
2.1770
2.1130
2.3132
2.2425
1.9226
1.9219
2.0289
1.9160
2.0682
2.2599
1.8916
2.4541
1.9295
2.0057
1.8085
1.5582
2.2641
1.8580
1.8135
1.6941
1.6725
1.7967
1.8696
2.0642
1.5497
1.9148
1.6730
1.4864
1.8274
1.6832
1.7205
1.7426
1.7316
1.7993
1.8189
1.5821
1.7536
1.7347
1.3117
1.5324
1.5176
1.3659
1.1905
1.3667
1.8005
1.4888
1.5657
1.7840
1.7961
2.0492
1.9203
1.8542
1.8839
2.0734
2.0212
1.7573
1.5705
1.8589
1.7475
1.8889
2.1312
1.8507
1.8691
1.9005
2.3039
2.2089
2.4045
2.3825
1.6843
1.6144
1.5556
1.3648
1.4234
1.7943
1.4334
1.4190
1.8631
1.6036
1.6506
1.7763
1.8814
1.6431
1.7106
1.5762
1.3844
1.6961
1.6287
1.3173
1.5690
1.3930
1.3905
1.1283
1.7952
1.6072
1.3304
1.6321
1.7556
1.5169
1.5246
1.6849
1.5105
1.7772
1.8677
1.5085
1.9018
1.6111
1.6113
1.5419
1.2350
1.3462
1.4071
1.3321
1.5392
1.4427
1.6385
1.7709
1.3435
1.3368
1.3728
1.5743
1.2233
1.3929
1.1706
1.4086
1.3038
2.0318
1.3180
1.8629
1.7772
1.6274
1.4339
1.1320
1.1909
1.6263
1.4875
1.2637
1.1954
1.6874
1.4836
1.3708
1.2112
1.5306
1.9046
1.5219
1.4165
1.5918
2.0963
2.2082
2.2580
2.1183
2.4022
2.0207
2.1397
2.0863
2.6954
2.6019
2.5503
2.7147
2.3795
2.9588
2.9637
2.7573
3.1591
3.3024
2.8138
2.6728
2.7571
2.8501
2.8968
2.7772
2.3949
2.1551
2.2805
2.2733
2.3580
2.6120
2.3437
2.4493
2.6681
2.1557
2.4617
2.3178
2.5466
2.4403
2.5865
1.4991
1.6570
2.1899
1.8356
1.7689
1.5057
1.2127
1.9880
1.2860
1.3089
1.3298
1.4038
1.3739
1.2939
1.2869
1.7434
1.0843
2.0880
2.4751
2.9776
2.7258
2.9581
2.7269
2.7510
2.7554
2.8755
2.5578
2.6521
2.8234
2.9907
2.8295
2.3221
2.6671
2.7784
2.5806
2.4362
2.6551
2.5269
2.7172
2.6071
2.9681
2.7262
2.8687
2.7384
2.8935
2.6398
2.5023
2.5122
2.7015
2.6808
2.5035
2.2614
2.4210
2.4971
2.5454
2.7837
2.5423
2.5553
2.6925
2.3116
2.3701
2.1542
1.7834
2.4371
2.4527
1.7492
2.1144
1.8937
1.9884
1.7952
2.3297
1.8758
1.7156
2.1370
1.9072
1.6668
2.0877
1.9050
1.8075
2.0907
2.0596
1.7944
2.2082
1.9274
2.1285
1.7249
1.7792
1.8065
1.8608
2.1011
2.0267
2.1223
2.0750
2.1852
2.1683
2.2478
2.4124
2.2830
1.9307
2.0483
2.1797
2.1538
2.1323
2.2030
2.2079
2.3210
2.3258
2.4248
2.5530
2.2044
2.2320
2.4827
1.9917
2.3325
2.2666
2.1458
1.9967
2.2760
2.4069
2.0632
2.4875
2.9595
2.7108
2.7835
2.7657
2.3664
2.3612
2.2615
2.0953
2.0506
2.2100
2.5481
2.4535
2.1200
2.2739
2.1349
2.4532
2.4921
2.6150
2.2557
2.7547
2.6830
2.5782
2.5616
2.8496
2.6687
2.5439
2.9384
2.8734
2.3326
2.9372
2.6187
2.4135
2.7590
2.9435
3.0246
3.3514
2.6047
2.4007
2.4568
2.5921
2.5399
2.2732
1.9825
2.5728
2.8540
2.6873
2.2798
2.3773
2.3550
2.5731
2.5786
2.5665
2.0803
2.3972
2.5282
2.4728
3.0613
2.7157
2.1895
1.9533
1.8146
1.6558
1.9510
2.4098
2.3682
2.3380
2.4167
2.6609
2.7735
2.6500
2.8849
2.5517
2.6242
2.4150
2.3723
2.6073
2.5014
2.6453
2.8650
2.7503
2.6494
2.7031
2.2578
2.9898
2.5351
2.4426
2.5286
2.0610
2.2084
2.2229
2.1095
1.7475
1.7982
1.6590
1.4985
1.6838
1.5167
1.7885
2.0161
1.9617
1.7087
2.0681
2.1412
2.4737
2.0184
1.9057
2.3575
1.8407
2.2659
2.1756
1.9351
2.2516
2.1228
1.8845
2.2473
1.7243
1.9757
2.2091
2.2118
2.2412
1.6125
1.5803
1.8623
2.0871
2.4171
2.2092
1.8534
1.6962
2.2850
1.8301
1.9689
1.6078
1.7765
1.6631
1.4708
1.7853
1.7602
2.0597
1.5588
1.8412
1.5846
1.4067
1.5286
1.9522
1.6114
2.0027
1.7747
1.4026
1.2967
1.7734
2.1177
1.6724
2.2502
2.3197
2.1260
2.0510
2.3080
1.8357
1.8075
1.8773
1.7973
2.0022
2.0129
1.7301
2.2081
1.9382
2.3081
1.7098
1.7335
2.3688
2.1918
2.3956
2.0054
2.3060
2.1913
2.6337
2.7533
2.5994
2.6552
2.1116
2.2402
1.5273
1.8033
1.6059
1.5191
2.0814
2.0220
2.4223
1.9683
1.9530
2.4069
2.1643
2.3100
1.6629
2.0399
2.0958
1.8969
1.9118
2.0733
2.0784
2.0678
2.2280
2.4823
2.6095
2.2881
2.3126
2.1811
2.2294
1.9138
1.6140
1.5626
1.7582
1.4859
1.5352
1.6624
1.6209
1.8647
1.7207
1.6896
1.6344
1.7867
1.8972
2.0674
2.0785
1.6788
1.8261
1.5587
1.8262
1.6521
1.8623
2.1279
1.9537
2.0576
1.8264
1.5368
1.4852
1.9398
1.3683
1.9742
1.4206
1.7721
1.6607
1.5425
1.8259
1.5696
1.2321
1.6967
1.8854
1.7564
1.7587
1.9710
1.7561
1.7911
1.8868
1.3999
1.8006
1.9318
1.9268
2.0607
1.7403
1.9348
2.0702
2.7414
2.5429
2.4266
2.0587
2.0514
2.3319
2.2694
2.7076
2.1481
2.2026
2.1421
2.1213
2.8174
2.9752
2.2538
2.3089
2.5663
2.7163
2.6414
2.6048
2.3472
2.9250
2.7882
2.4229
2.4056
2.5147
2.7710
2.6219
2.6077
3.1616
3.4588
3.0278
2.7109
2.8328
2.7747
2.5033
2.2746
2.3589
2.4508
2.2136
2.0245
2.3274
2.6048
2.1310
2.7025
2.5599
2.4196
2.4742
2.4781
2.0420
1.7785
1.9649
1.8113
1.9780
2.2026
1.9865
1.9091
2.2694
2.4926
2.0130
2.1467
2.0535
1.6886
2.2924
2.3909
2.8042
2.4909
2.4539
1.6655
2.2655
2.1663
2.0358
1.9457
1.7210
2.4760
2.0517
1.8598
1.5280
1.6554
1.9711
2.2715
2.0676
1.6200
1.6924
1.7269
1.5886
1.7953
1.8653
1.8865
1.9036
1.5880
1.7153
1.8832
1.8269
1.7298
1.5520
1.8748
1.9599
1.8540
1.5630
1.9125
1.9788
2.2303
1.6111
1.6938
2.2059
2.1926
2.2078
2.4471
2.6781
2.0622
2.0139
2.1501
2.1088
2.1518
2.3493
2.3927
2.3183
2.1623
2.5460
2.7305
2.1934
2.2906
2.0941
1.9471
1.8962
2.1612
1.7517
1.9266
2.1038
2.1325
2.4178
1.5017
2.3151
1.7912
2.1381
1.8520
2.2738
2.4080
2.1141
2.2799
2.0753
2.0191
1.9564
1.6118
2.1823
2.2320
2.1027
2.0415
1.7136
2.5350
2.2581
2.3182
2.0364
2.0497
2.1298
2.3832
2.0385
2.2388
2.1917
2.1309
2.5412
2.9338
2.5744
2.3898
2.3838
2.6912
2.7788
2.6223
2.6199
2.4604
2.6502
2.3479
2.4099
2.2026
2.3287
1.7602
2.0812
2.4976
2.3350
2.1732
2.1336
2.2181
2.1626
2.3055
2.1156
2.5009
2.3629
2.3604
1.9347
2.1351
1.9970
1.8420
2.1011
2.2863
1.6442
1.9876
1.7946
2.4578
1.9651
2.2058
2.3742
2.2922
2.1135
2.0785
2.1319
1.6442
2.4005
2.3117
2.7606
2.7659
2.2414
2.7701
2.9451
3.1207
2.4327
2.3471
2.1419
2.0478
2.4182
2.6601
2.7162
2.8938
1.9767
2.0941
1.8442
1.7351
1.7730
2.1152
1.6321
2.0918
2.2346
1.8126
1.7364
1.6743
1.6418
1.5221
1.6619
2.1847
2.1049
1.4921
1.7672
2.0442
2.0737
1.9624
1.5966
1.8454
2.1431
1.6892
2.0738
2.1349
1.6995
1.8162
1.2895
1.2857
1.5312
1.6058
1.6302
1.7950
1.6610
1.9266
1.6241
1.5727
2.0115
1.9103
2.2482
1.7964
2.0162
2.0352
2.3897
2.2352
1.9248
1.8657
1.7761
1.6618
2.2136
2.3581
2.4671
2.2111
2.1160
2.0959
2.1146
1.7000
1.9095
1.8680
1.9977
1.6141
2.0490
2.3341
2.3401
2.3826
2.7851
2.6988
2.5156
2.4756
2.0944
2.6809
2.5744
2.5081
2.7369
2.3796
2.6057
2.4100
2.6383
2.4391
2.4435
2.2056
1.7364
1.8086
2.0228
1.9943
2.1133
1.9080
2.4013
2.0862
2.1549
2.0343
1.8905
1.7080
1.5507
2.0106
2.2250
2.0752
1.8577
2.2416
2.3010
2.2189
2.0939
2.3678
2.1042
1.9941
2.3777
2.0405
2.3499
2.3357
2.4641
2.1534
2.1237
2.0709
2.0179
2.0208
2.1123
2.5748
2.8094
2.6657
2.8306
2.6064
1.6755
2.1465
2.0947
2.0300
1.9424
2.4118
2.1159
2.4157
2.2286
2.2701
1.8006
1.7449
2.0438
1.9650
1.7219
1.8236
1.7484
1.6992
1.5250
1.9789
1.3829
1.7332
1.6881
1.1488
1.7179
1.4991
1.8171
1.7271
1.4318
1.7986
1.8488
1.6819
1.7843
1.9354
1.9990
1.6521
2.0013
1.7233
1.9844
1.4816
1.9790
1.3669
1.7481
1.6366
1.3968
1.2476
1.5436
2.0469
1.7348
2.0344
1.9453
2.1216
2.1014
1.9575
2.0967
2.0693
2.2309
2.4121
2.2382
2.5354
1.9982
1.7935
1.9508
2.1166
2.2499
2.6875
2.5331
2.2537
2.3270
2.7240
1.9299
2.3106
2.1573
2.0014
2.3248
2.3655
2.5535
2.2238
2.1054
2.0477
1.7936
2.0752
2.1490
1.7622
1.9845
2.2060
1.9664
2.3693
2.4494
2.3828
2.3225
2.2679
1.9176
2.4626
2.3638
1.9818
2.6093
2.4414
2.3168
2.4697
2.1919
2.4908
2.1315
1.9315
2.0686
2.9198
2.6248
2.5460
2.4236
2.3614
2.7067
2.2001
2.2723
2.7780
2.3776
2.0432
2.4367
2.5951
2.2667
2.5579
2.4995
1.9333
2.5016
1.9496
2.3173
2.1727
1.9678
2.1587
2.4368
2.4376
2.4502
2.0426
2.3726
2.1813
1.9913
2.3669
2.1072
2.3780
2.6378
1.9638
2.1828
2.4352
2.5300
2.3427
2.2303
2.1117
2.1079
2.3687
2.2039
2.6102
2.5695
2.5154
2.6310
3.0857
2.5084
2.6584
2.1150
1.9073
2.0232
2.2986
2.3728
2.2792
1.7741
2.1437
1.2512
1.3618
1.8174
1.6459
1.9145
1.7517
1.8721
1.8083
2.0801
1.9788
2.1507
1.7647
1.5771
1.6348
2.1334
1.7519
1.8923
1.4296
1.5030
2.1224
2.0695
1.4891
1.7087
1.3936
1.7803
1.9604
2.0376
1.8458
2.1886
2.2091
2.1489
1.8655
1.9681
1.4570
1.5932
1.1335
1.4543
1.1850
1.6842
1.6375
1.5949
1.4555
1.3424
1.5594
1.4584
1.3514
1.7873
1.4714
1.2601
1.6056
1.4003
1.6765
1.2263
1.5596
1.6852
1.9087
1.7846
1.3164
1.9398
2.2760
2.0492
1.9363
2.2048
1.7954
1.7905
2.1181
2.0314
1.3788
1.6350
2.3475
1.6037
1.9587
2.0649
2.5390
2.5533
2.5328
2.1943
2.2169
2.2291
1.9154
2.0591
1.7575
1.3950
1.7374
1.8000
1.8953
1.7176
1.6932
1.5429
2.3054
1.9521
1.7613
2.1653
1.8194
1.7819
1.7014
1.6614
2.0670
1.6190
2.4943
2.3241
2.5077
2.1144
2.5663
2.7299
2.5758
2.4720
2.3705
2.1573
2.1472
1.7754
2.0439
2.0157
2.2928
2.0880
2.0668
2.3381
2.3018
1.9702
1.7751
1.9304
1.9920
1.9817
2.1627
2.2803
2.3285
2.0722
2.1420
1.7583
2.1554
1.6273
2.3073
2.1183
2.2678
2.3793
1.8774
1.7509
1.5838
2.0428
1.9423
2.3449
1.9016
1.9786
2.0599
2.0427
2.0366
1.9496
2.0622
2.2255
1.6674
1.8741
2.1365
2.0026
2.3762
2.0931
2.2580
2.5233
2.5718
2.3323
2.2036
2.5043
2.4503
2.1231
2.0577
1.9772
1.5694
2.0650
2.0419
2.3570
2.2110
2.6045
2.4165
2.7502
2.9198
2.6047
2.1224
2.0484
2.2106
1.6831
1.9110
1.8430
1.8922
2.3171
2.1325
1.6343
2.2844
2.2555
2.3768
2.0379
1.9067
2.3154
2.3556
2.1858
1.8712
2.4889
2.3682
1.9807
2.1212
2.4553
1.9751
1.8275
