41.6658
41.0353
40.8314
40.9920
41.9550
42.2909
44.0510
42.5873
41.9081
42.8150
43.7849
46.1260
44.5078
45.2389
45.0263
45.7464
46.6709
47.0232
47.1420
46.6343
47.5345
47.0878
46.1058
46.0225
45.9995
45.5599
45.7331
44.8335
44.6959
44.9847
45.5741
46.0699
44.7356
45.2164
46.5039
45.1554
44.9856
43.7329
44.9798
45.6604
45.7340
47.1018
47.5067
47.3859
47.2654
47.1605
45.7448
46.7408
46.1256
45.9246
44.2007
45.2417
44.6194
44.4325
42.9395
42.6829
44.6759
44.0988
43.2237
44.6708
44.4142
43.9328
42.9444
43.7421
43.1508
43.5090
44.6151
43.0366
43.4477
44.9508
43.4533
43.0237
43.5686
43.6759
41.5277
40.7871
43.0115
42.6023
42.5777
43.2287
43.1674
42.7555
43.2467
42.3738
41.5521
41.6357
40.6698
42.1218
43.4945
42.0736
42.3214
41.1753
41.3523
41.8387
41.5005
39.2308
40.8417
39.2215
41.0171
40.0884
40.6365
41.5120
41.8182
40.9547
41.6218
41.3951
41.8102
41.5123
41.1204
41.7259
41.6703
41.1775
40.7351
41.4082
41.1951
41.8458
40.3909
41.5491
42.7060
41.9354
42.4120
44.0059
44.9795
44.9637
43.8388
43.7320
44.4706
43.4518
43.4712
43.6179
43.5684
43.4940
43.1069
42.9614
41.5685
43.7829
43.7106
42.4478
41.4091
40.2028
40.7618
41.5964
42.2779
40.8905
42.0582
41.8184
41.7235
41.5159
40.3605
41.1070
41.2509
40.5464
41.0865
40.6309
39.4706
40.1192
41.5035
41.2501
41.4910
42.7914
42.4709
41.9311
43.7464
42.7579
42.5037
42.1366
40.7971
42.5595
42.3629
41.3974
41.4617
42.6647
42.4042
43.2868
43.3513
43.8107
44.4824
44.1695
46.1805
46.5469
45.1715
45.5926
45.2440
45.7497
44.2962
44.3226
42.9149
42.5537
42.2242
43.9317
43.0708
42.8370
42.9006
43.4133
43.2171
42.6319
42.6072
42.3823
42.7352
42.8644
42.7850
41.6650
42.8431
42.4018
42.2002
43.2061
42.7435
43.1580
43.0469
42.1236
42.8326
41.5733
42.4346
43.0842
42.1927
43.2665
42.5402
41.4732
42.6571
43.4413
43.7917
43.2525
44.2164
44.2260
43.6036
43.9454
43.1067
44.3660
44.2837
44.7208
43.3857
44.0154
45.2209
44.9628
45.0395
47.2834
46.4023
46.5943
46.0677
45.7171
45.3435
45.8523
44.7724
44.0706
44.8638
43.0435
43.3755
42.7356
44.5839
43.7909
43.8907
41.9337
43.0222
42.8066
42.8698
42.8981
43.5981
44.3762
44.8771
45.5583
44.0838
42.5377
42.5552
40.6923
41.3328
41.6063
43.0899
43.2624
43.2046
43.4113
42.4618
41.9130
42.0865
42.1171
42.8556
42.2455
42.3894
42.3717
41.9699
41.7886
42.6785
41.8874
42.2730
43.2305
41.1822
42.1650
41.0188
39.4585
43.1158
42.1806
42.2411
42.5124
42.6484
43.3257
43.2485
43.3803
42.9735
43.6821
44.6810
46.2919
47.1032
45.1909
44.0473
46.4124
44.4197
44.5901
45.0625
45.5674
45.4825
46.4962
45.2956
43.5831
45.9078
46.8582
46.0798
45.5973
45.0013
45.2087
45.7575
45.9274
47.3243
45.2409
45.8043
46.1624
45.9140
47.8708
44.1820
45.5261
46.5739
45.3331
45.8542
45.5074
44.7116
46.2784
46.1652
47.2417
47.9456
48.0316
47.5997
47.4134
47.1108
48.3403
49.3656
48.4418
47.8368
48.9963
46.9689
48.5544
47.4475
47.9481
49.1828
50.0736
48.5619
49.2042
49.1560
48.6501
48.9830
48.7183
47.8283
48.8280
48.4172
48.5113
49.3780
48.1949
47.5428
46.4574
46.0074
47.2620
46.7939
47.4483
48.1115
48.3334
48.9540
47.7543
47.8406
48.8924
48.0984
47.5303
48.2214
47.0192
47.2744
47.6470
47.6247
48.2397
47.5543
47.0964
47.0886
45.0987
45.7264
45.3743
46.3380
48.8773
48.2862
48.1212
49.6106
48.4766
48.7652
49.4488
49.9007
48.3843
51.2227
50.8161
51.0977
50.4010
50.7249
51.7145
51.8846
52.5063
52.0602
52.5321
52.2729
53.2195
52.1592
50.6552
51.3819
49.8257
50.5360
51.0470
50.2230
50.2087
50.7948
51.7081
50.4837
50.0792
50.8491
49.0683
50.4307
51.1036
49.4877
48.9731
51.2489
51.1960
53.4616
52.6405
53.4275
52.5909
51.8715
51.7927
52.1837
51.1415
49.7815
50.2808
48.8010
48.6794
49.4188
48.9368
49.6679
50.0745
49.5225
50.1832
50.2075
50.0193
50.3710
49.8208
49.2237
50.7249
51.6260
50.7090
52.1985
52.1276
51.9896
51.3511
50.7865
50.5382
49.6314
49.8590
51.0351
52.9512
50.1451
51.6035
51.6278
50.8605
52.1063
52.4641
52.3221
51.1347
51.8861
52.6262
52.4322
51.7670
50.6680
52.3852
53.3108
52.4931
53.8362
53.5195
53.4904
53.3038
53.2015
53.8600
53.3156
53.7818
52.6318
53.8685
53.3769
52.2927
51.9890
52.5716
52.3428
51.6388
52.9078
50.5545
50.8160
50.9317
51.6784
52.4342
52.8276
53.1466
51.3982
52.8509
52.2942
53.1271
52.0825
53.6723
54.5074
51.2890
52.3489
53.2170
54.3616
55.4779
54.9035
55.9065
54.5561
54.2059
54.1906
56.1303
56.0809
57.3936
57.3933
59.0186
56.6807
57.7040
58.1679
57.8051
58.5599
56.9165
57.3541
55.7134
55.6319
56.0026
58.5308
58.2827
57.7107
56.1130
56.4095
55.7505
54.5702
55.2086
54.3941
54.3768
55.0619
54.1013
53.4164
53.5766
51.3675
50.9338
51.5516
50.9617
50.8849
51.4157
50.9251
51.8785
50.8600
52.0892
50.7129
51.1745
50.9290
51.1782
51.9574
51.0604
51.2990
49.1620
49.8417
49.5659
50.2218
50.2345
49.3315
48.9059
49.1399
49.5650
49.1700
51.2914
50.9117
51.5248
51.4590
52.8653
53.8481
53.9953
53.1270
52.3052
52.1937
52.3575
53.6011
52.7825
52.9179
53.9024
54.2005
53.5626
53.4448
51.9090
53.1294
52.0728
50.0665
49.9534
50.4391
50.8887
51.8808
50.3663
51.7118
50.5355
50.7269
50.7318
51.3852
50.0268
51.3157
52.5849
51.4038
51.9817
51.0960
51.3950
52.1497
52.5479
52.6686
52.6182
52.0245
52.1575
52.0255
51.6533
52.3757
51.6391
51.9016
52.0557
52.1194
51.9886
51.0450
51.4525
51.2634
51.4283
50.7106
50.9565
51.4115
50.2751
50.7551
49.2125
48.5621
49.4033
49.3181
49.8839
50.6882
51.8965
49.6301
49.5574
50.3872
51.1858
50.3176
51.2277
51.3611
51.8637
52.1206
51.7253
52.4510
52.4668
51.8602
51.0232
51.6508
50.3041
50.0354
50.0900
49.3712
51.2165
50.4872
49.6868
50.4745
49.6648
49.4851
50.1916
49.6901
48.9935
48.1481
48.6488
49.2539
49.9520
49.2858
48.8154
49.3860
49.9910
48.6950
49.1066
49.9864
49.5086
48.3890
48.5510
47.0705
47.7526
49.3474
50.8249
50.3757
50.4362
51.6322
48.5269
50.8388
51.0588
50.7746
50.1236
49.9171
53.1668
52.5550
52.4976
52.4680
53.1814
52.6639
52.7687
52.0168
51.7070
52.9652
51.2158
51.7353
50.5403
51.3795
51.5831
51.0910
50.2082
50.4482
50.2333
51.0218
50.4854
50.4799
50.5591
49.2958
49.2297
51.0867
50.4064
50.5821
50.6718
50.2945
49.8551
50.2326
49.5778
51.1332
50.2537
50.0662
49.7495
48.5244
48.8236
49.5921
50.1609
49.8592
49.2788
49.4076
51.1570
49.9629
49.8653
49.3580
48.8358
48.2718
48.2328
47.8478
47.6133
47.9826
47.1587
46.3540
47.5429
47.8772
49.0832
49.2987
49.5724
49.6577
48.6877
48.0546
49.4291
49.5473
49.6662
48.9598
49.2869
49.6612
50.0402
48.7554
48.6534
49.5064
48.1818
49.0827
48.5060
49.5060
51.6106
48.9710
49.7484
49.0471
48.9928
48.5581
50.0375
49.3075
49.9467
49.5466
51.0340
50.7061
51.5760
50.5183
51.2302
50.4228
50.3321
51.3989
50.6021
50.9008
50.5033
49.0919
49.1779
48.2740
47.7733
48.4578
48.2286
48.6693
47.4375
48.6222
48.4435
50.1662
49.9496
50.1549
50.6875
50.6241
50.7559
50.6181
48.7785
50.7812
49.6674
49.9587
50.3314
51.1473
50.6855
52.0792
50.8447
51.8338
50.8695
50.7886
49.7060
50.9163
50.6381
50.6555
52.1108
51.9436
51.7931
51.9062
53.1538
53.3893
51.7575
53.2331
52.3579
51.9387
52.9531
52.4013
52.5415
52.6874
51.9271
52.2693
53.3139
53.5329
52.9539
52.6365
53.4264
52.8773
53.3493
54.0564
54.1198
55.5189
56.3446
54.7690
55.5309
57.2323
55.6307
56.6384
54.6424
54.8770
55.1603
55.4661
56.0354
56.4962
56.6293
56.2562
56.5622
57.3707
57.5642
56.8103
58.3073
57.8139
56.9359
57.3006
56.5732
58.6604
57.8983
58.7860
58.4077
58.0657
58.0397
56.8438
56.2968
56.8288
58.0869
57.1128
57.3028
56.0550
56.1535
54.8833
55.2806
54.8227
56.1631
55.4827
53.7946
54.0103
54.2796
54.5924
55.9633
55.8614
56.0292
56.9454
56.0090
54.5366
54.5191
56.1321
55.9383
55.3223
56.7476
55.2848
55.1434
54.8959
55.1533
54.9636
56.3189
55.8588
56.3410
54.2076
54.7317
53.7877
54.0931
53.1664
52.9413
53.4336
52.2093
53.4446
54.9280
55.3630
54.3501
54.5313
54.7852
54.2766
55.8363
55.2917
55.6634
56.4524
56.9926
56.5175
57.3675
57.0444
57.6689
57.3622
57.4868
57.9997
56.2578
56.8849
57.8961
57.4449
57.9433
58.3133
57.8924
57.1564
56.7660
58.7511
57.6897
56.9219
56.1857
55.6787
55.5637
56.3627
55.7119
55.4346
55.7804
55.3605
54.2539
55.0932
54.6255
54.2049
55.7569
55.5302
55.7453
56.6298
55.0099
54.4473
55.2402
55.4042
54.1100
54.8704
56.1770
55.1460
55.3356
55.4566
55.5083
55.9550
56.6373
56.6518
57.2621
56.0775
55.2520
55.6847
56.2508
56.2222
55.2486
55.8437
55.4420
54.8524
53.5433
54.4479
54.1902
53.7361
54.1654
53.2683
54.0340
55.2825
55.0253
54.6960
54.7344
54.0131
56.3275
55.7783
54.3961
54.7558
54.9769
54.5051
55.6278
56.2474
54.8005
54.6227
55.0590
55.9776
56.4660
56.5957
56.0867
56.7054
55.3710
56.4476
55.7172
56.6216
56.0057
56.7827
55.8933
54.1995
53.4444
54.1408
54.1202
53.8582
53.7433
54.1511
54.3899
53.6186
54.8063
53.9337
53.0847
52.7863
54.9216
53.5807
54.2537
52.6105
50.3699
52.4684
52.3798
52.1518
51.6865
52.7436
52.4260
52.7847
51.7896
51.0172
49.8883
51.3100
51.1238
49.5995
51.4948
50.7722
51.3179
52.1303
53.4518
53.2414
54.4696
55.6785
54.9218
53.9986
53.1594
53.5995
53.1333
54.8442
54.5682
55.7708
56.7796
55.1576
57.1485
56.3529
55.1773
54.7314
54.5714
54.1909
54.2063
54.3229
54.9920
55.0255
54.0882
53.4728
52.6857
53.3979
54.1429
54.5122
53.5936
53.8937
53.5405
52.8950
53.8634
55.3298
54.4950
54.4461
54.1752
53.7417
53.0061
53.2331
54.6149
55.7057
56.5458
56.4591
54.7601
54.8115
55.2838
54.6381
55.5532
54.9648
52.8860
53.2074
54.1236
54.7096
53.9103
53.5727
55.4294
53.3278
53.8719
55.5634
53.9383
53.9297
53.9722
54.9473
53.2175
54.5088
55.1107
53.6181
54.5735
55.4171
55.0204
56.0847
55.8280
55.8112
56.2438
55.2231
55.6962
56.7328
55.1603
55.0170
55.4572
57.1495
55.8344
56.5208
56.8127
57.9670
57.6391
57.6756
55.4717
56.6642
57.4208
56.1842
57.9341
57.2084
58.0929
57.5841
56.2476
56.3911
57.0252
56.1638
55.9080
56.1425
56.1874
57.3762
56.1701
55.5946
56.2598
56.9919
57.6546
57.6890
57.2861
55.9250
56.2411
57.6430
57.1962
57.3318
58.2326
56.5855
58.1103
59.2759
59.5548
59.6313
58.5729
57.9376
57.5784
57.7359
57.2947
57.7626
57.4940
58.1236
57.9425
58.4283
59.2590
60.3090
59.8713
60.3004
60.4173
60.8120
58.9433
59.3691
58.1427
60.5172
60.4897
61.8818
60.6222
60.8564
59.1232
59.5889
60.6703
60.1660
61.2821
62.8088
62.1054
60.4717
59.4780
59.2792
59.8518
59.9261
61.0189
60.5670
58.5891
58.8764
58.9014
58.7609
56.5500
55.4137
56.8577
56.3681
56.9803
56.8995
56.1277
55.5786
56.5834
55.3614
55.4655
56.3964
57.2970
58.4259
58.6981
58.9149
57.8920
58.8849
59.3536
59.1042
57.1374
57.1424
58.3738
58.2107
57.9854
56.4212
56.5509
57.1061
57.3632
58.1686
57.3302
58.7576
58.5837
57.9071
58.2534
57.6293
56.2427
56.1814
56.7495
57.2011
56.9298
55.5737
56.0699
56.1281
56.1906
56.7899
55.7316
56.2519
55.5397
57.0140
55.8780
56.0252
57.9421
56.4613
58.0482
57.6758
57.5222
57.4940
56.8546
57.1457
55.7989
55.7383
57.1755
56.7995
57.2247
58.2116
56.9721
56.1907
56.2872
56.2556
56.8122
55.0188
56.3987
56.3625
56.8640
56.8770
56.8198
55.5340
55.6845
55.4482
55.2033
55.7619
55.8066
55.7052
55.6707
56.1781
54.6857
55.6461
56.6602
55.9184
54.9899
55.8338
55.3110
56.4836
55.1556
55.9980
54.1283
55.9280
56.3184
58.1736
57.3908
55.5179
56.0421
56.7955
55.3767
55.8796
54.8119
55.0961
56.2128
55.9034
54.7320
53.6628
51.4439
53.1006
52.9628
53.7588
55.0096
54.4082
54.4966
54.6517
54.8878
55.9563
54.5055
56.8782
55.6804
57.5520
55.5608
55.4870
56.7796
57.8142
55.9539
56.8871
57.8881
58.5667
56.0340
56.8389
55.8992
56.3668
55.9936
56.3506
57.9860
58.9122
57.8792
57.9725
57.7092
57.6994
57.9485
57.3387
58.7271
59.0438
58.4250
58.5591
57.7578
56.0376
57.4803
56.8212
56.9298
55.7361
55.6670
54.5836
53.2853
54.5424
54.1765
55.1619
54.7701
54.7141
53.0249
53.9621
54.1488
53.8062
54.0890
55.4478
54.7292
54.7858
54.6465
55.1715
54.6691
54.5942
54.2167
55.4595
55.0523
55.2411
54.2909
53.6954
53.3491
54.4958
55.0927
53.9224
54.8649
54.6221
54.2122
55.0425
55.2733
54.4843
55.2865
54.8063
56.2169
55.3146
54.8155
55.8334
55.9002
55.6659
56.4631
56.8888
57.3945
56.4162
57.0277
56.0336
55.8029
55.4522
54.8347
53.7562
55.6487
55.9331
55.5742
56.1002
54.8338
55.7587
56.2325
55.5944
56.1430
56.9573
56.3865
56.4775
55.7498
56.0118
57.1050
57.6105
57.9350
57.1928
58.1092
56.9297
58.6331
57.4935
58.5624
58.7218
58.9098
58.2211
57.8750
58.6486
57.4508
58.7447
57.1722
58.1366
58.6042
59.1501
56.4715
57.1507
57.2549
55.3823
56.9796
56.1507
55.7286
55.0304
54.6684
54.4100
55.8629
57.3837
56.9342
56.0192
55.4645
55.0283
55.7829
55.5199
55.0771
54.8042
54.7589
55.9326
57.4368
57.8748
57.7022
56.3975
56.5247
55.4433
55.4914
56.0290
57.0194
56.1444
55.1210
54.3080
54.1818
54.0345
53.2592
53.7529
53.2613
54.0023
53.3812
53.5294
55.0632
54.5778
54.0685
53.7247
54.6404
54.5283
54.1850
54.7103
54.4111
55.1757
54.6543
54.5620
54.3907
55.6621
56.0023
56.0811
56.1400
56.3407
55.7069
56.8921
55.8745
55.9039
55.6749
55.2070
55.9986
56.6217
56.2968
56.6102
55.7096
56.4208
55.4253
55.5650
57.0778
56.3592
57.4753
57.7886
58.4383
59.1946
58.3017
57.7169
58.0672
57.4653
58.1318
57.9181
57.0498
57.8972
59.3427
58.4595
58.0407
57.4602
58.4911
58.3376
57.1379
57.7229
57.9926
56.6927
55.6889
55.9603
57.3120
58.8903
58.4703
56.6606
57.4771
58.3793
57.5284
57.7480
58.4625
58.6154
59.0639
59.3840
59.4598
58.7807
58.2791
58.0335
58.9175
58.9394
58.3246
57.3783
57.5355
59.7927
58.9233
59.2012
58.1009
57.4882
58.0456
58.4329
58.5118
58.5190
57.3961
56.7833
55.9792
57.1367
55.3463
55.8938
55.7827
56.2277
55.1582
55.3541
56.0402
56.3998
55.3282
56.3754
57.1900
57.3416
56.1807
56.6727
58.7795
57.5614
56.9540
57.4312
58.1100
58.4474
58.7811
60.1273
60.8604
61.4545
60.8360
60.8934
61.3616
62.4561
61.6902
61.5882
63.0287
63.0530
63.0873
62.3037
63.4504
61.5070
61.8354
61.9530
61.3105
60.4947
62.1212
60.9157
61.1221
61.9274
59.9084
60.8592
60.8402
59.8086
59.3799
59.3261
60.1956
60.8487
59.4075
58.1290
59.4253
58.5108
59.4041
59.6734
60.9344
61.7175
61.1853
60.7910
59.8908
60.3597
58.9824
60.5267
60.0606
60.4959
60.2969
60.4863
60.1797
61.3601
61.1473
61.4533
62.7436
59.7933
60.9559
60.0858
59.6600
59.9146
60.4996
60.6598
58.5938
61.4854
59.4614
59.9612
60.8989
59.3754
59.6235
59.5284
60.8071
60.2264
60.8546
61.2427
60.4293
59.8937
59.9775
58.6634
59.8023
59.6683
58.9245
59.4947
60.0813
59.5117
60.8983
62.2851
60.2244
60.5379
61.0117
61.1301
59.2954
59.7949
59.4118
58.4863
58.7270
59.2166
56.9574
58.8009
59.2010
57.9122
58.2151
58.5652
59.1208
59.0227
58.1563
58.3105
59.0778
58.8201
59.8699
60.7543
59.8913
60.4685
59.6142
60.6590
61.4589
61.1815
59.6676
59.9359
61.4499
59.9566
60.3689
59.9893
59.8351
61.1141
60.8631
60.1616
62.4626
60.5781
59.2896
60.7173
60.7149
62.0903
61.3227
62.8466
61.0461
62.7433
63.5224
63.3872
63.3143
62.1128
62.5758
64.2948
63.7948
63.7551
64.2096
65.2551
62.6828
64.0144
63.7513
63.7458
63.6325
64.8802
64.4555
64.2511
63.0532
64.0876
63.5161
61.8861
63.0861
62.5325
62.2751
62.4134
62.5090
60.9786
62.3961
62.3097
63.2412
63.0715
62.8679
63.0692
62.6353
63.4007
63.0691
63.5769
61.7463
62.2917
62.6825
61.2847
61.4131
62.2600
61.5280
60.4190
58.5208
60.8827
61.7597
61.6019
61.5963
60.6169
62.3373
61.7762
61.0416
61.9336
62.7019
61.4305
61.9377
62.3052
61.6379
63.0809
63.3915
62.0987
61.3060
62.6419
63.8970
62.8000
62.9712
62.2337
61.7384
62.3942
61.7929
61.8365
62.3540
60.8744
61.6007
60.4742
62.1700
62.6633
62.3698
61.0738
61.5968
62.0353
62.3516
63.1046
64.2144
65.0426
63.4345
62.5954
62.8955
63.6635
64.0517
62.7043
62.8712
61.8021
62.9242
62.3561
62.3647
62.1958
63.7313
63.9175
64.3076
61.9925
62.9336
62.6171
61.5363
62.9714
61.3841
61.8701
62.2474
61.3512
62.7345
62.9916
62.9138
63.1993
62.3087
61.8541
62.5843
62.1448
61.4414
60.9804
63.1416
63.1118
64.6946
63.0287
63.3563
63.5594
63.0338
62.5403
62.2013
60.8458
62.5219
62.7431
62.8875
63.8465
64.9912
63.4202
64.6891
65.7117
65.6368
64.1073
64.7575
65.3347
63.8464
63.3137
63.9445
63.6406
64.7806
64.1998
65.0251
62.9728
65.3731
63.5232
62.5561
64.1382
63.8790
65.3046
65.1078
64.5043
63.9386
64.7842
65.6931
64.0797
64.9781
64.2788
64.2926
63.8226
64.3026
63.8334
66.1001
65.0872
64.4767
65.1579
66.5345
64.8655
64.0471
65.4102
65.6570
64.5589
65.2197
65.6205
66.0520
66.1403
64.6689
65.9121
66.1349
64.4833
64.8096
66.4973
66.2003
66.6194
65.9050
65.7799
65.4028
66.3395
65.3371
65.3839
65.8769
65.8866
67.5117
69.9783
68.1996
68.2898
68.5428
67.7403
67.4340
68.0989
67.6965
67.0589
66.4090
66.9472
67.4457
66.1392
66.2719
65.8269
65.3800
65.8980
64.6359
66.0696
65.6453
66.8534
66.1497
66.5533
67.2526
66.7373
66.9398
66.9681
66.6775
66.0402
66.8254
67.5149
67.8673
67.7991
68.1550
67.6657
65.8957
65.6687
65.3520
67.0055
67.5087
68.3378
70.2639
69.2907
70.2731
68.1886
68.8211
67.7035
66.2359
65.7597
65.4451
65.5689
66.6188
66.9428
68.4964
68.3805
66.8130
66.6179
66.0169
66.5706
67.1821
66.7951
66.9495
66.4539
67.3208
66.8584
67.7147
65.9094
65.3679
65.6756
65.5834
66.7977
65.0120
64.2873
65.5437
66.4108
64.9865
65.9916
65.6352
65.0978
65.4756
63.8906
65.3615
66.3179
65.2553
66.0772
65.7132
64.7863
65.1272
63.6764
63.0279
64.4786
63.4365
63.9921
63.3070
63.2728
63.7435
63.9529
63.1489
64.1107
64.1621
64.0263
63.8696
64.6599
64.6785
63.4587
64.0162
63.7775
63.9457
64.6907
64.5208
64.4575
63.6361
62.9019
62.3623
62.9998
63.1025
63.6621
62.6827
63.5635
63.2584
64.3353
63.4068
62.7174
62.3313
62.9849
61.2743
62.1431
61.5638
60.3034
60.3874
59.4290
60.1938
62.3834
61.6422
61.9185
62.9124
61.5678
61.4261
60.9538
60.4163
62.0136
61.8409
61.8533
61.9319
64.2555
62.0788
62.0381
62.9048
64.5637
63.4600
62.5337
62.5800
63.0802
61.7031
62.4497
62.7168
62.2958
64.0578
63.6285
64.6091
64.5387
63.9159
63.2208
63.3545
64.0469
63.5839
64.4018
64.2673
66.3469
65.4631
64.8727
65.7783
65.2905
66.3060
67.9302
67.9487
69.1412
67.6498
67.4782
67.3346
68.1655
68.3179
67.6321
66.0624
67.7856
67.5754
68.3215
66.0036
66.9416
67.4643
68.2320
66.7900
66.9099
65.8718
68.0783
66.7179
66.6263
66.7691
66.2744
67.1666
66.3728
67.6295
68.2969
67.2351
68.1029
67.8202
67.6473
68.9964
70.5157
68.4502
66.4225
66.1386
65.1155
65.5451
65.6646
64.7713
67.2562
66.0111
66.1592
66.7844
66.7667
67.1368
66.1434
66.5066
66.0813
65.1328
64.9738
65.3241
65.0232
65.3815
64.8696
66.1605
66.6929
66.4988
66.2985
65.6994
65.2631
65.0328
65.7063
64.9168
65.2636
66.1905
66.9842
67.5811
68.3577
68.3205
68.3815
69.4193
70.1299
69.6645
68.7036
69.4395
68.7637
69.1733
68.9263
68.8483
68.1795
69.3149
68.0116
67.2296
68.7586
69.7220
68.9426
67.7228
68.1608
67.8655
69.1145
69.9507
69.7027
70.3039
68.9251
68.5808
67.8000
68.4977
67.8377
67.4443
67.1738
67.3513
66.2900
66.4769
66.4300
67.1682
67.1939
66.6381
66.5159
66.5622
66.2639
65.8959
65.6759
66.7210
65.9694
65.6549
66.0774
65.1581
65.9756
68.2332
65.3754
64.4234
64.1355
65.2899
66.0307
65.8463
64.9536
65.0253
64.8709
64.8078
66.0606
66.0984
67.8401
68.4156
67.4034
67.0965
67.2164
66.5621
66.3768
67.1377
65.7837
65.1495
63.5448
64.6655
63.7288
64.1644
63.3510
62.1803
64.2662
63.5027
61.5113
62.6236
64.0476
63.6550
64.7363
65.3172
64.4528
64.9839
64.5200
64.1442
64.8461
65.5097
65.1405
64.9377
65.2499
66.0566
64.9120
64.6644
64.1569
64.7313
64.9985
65.6704
64.3722
64.3504
64.0196
64.6565
63.7778
62.7066
62.6417
63.7508
63.4341
62.8688
63.7853
64.0849
62.3262
62.5215
62.5335
61.9353
59.9208
60.7416
59.4552
60.2015
59.8988
59.5715
61.7221
60.9206
60.3425
57.7783
59.5045
59.7372
59.2562
59.0338
57.8211
58.5174
58.9246
57.9908
56.8244
58.7864
58.0132
59.0002
59.3385
58.4457
59.2297
58.2711
59.4763
58.6083
57.4613
59.5284
58.8375
57.8802
57.4865
59.7444
61.5542
60.0233
59.3263
60.9368
61.7875
61.0964
60.8723
61.0763
62.5510
62.6923
60.8834
61.5779
62.3181
63.0148
63.5273
63.2300
62.8128
62.8791
63.2451
63.0940
62.6182
62.0940
62.5856
62.0337
62.4671
61.0688
61.5922
61.1045
61.1766
61.7268
61.2464
61.2106
63.2956
63.5206
63.2219
63.6799
64.5996
65.6431
66.9185
66.2584
66.5962
66.4279
66.1749
66.2503
65.7687
64.9407
64.5357
65.1053
65.6497
63.9063
63.7869
65.1816
63.8575
64.2029
63.8738
62.7591
63.5269
62.0465
62.2936
61.7587
60.3801
59.7853
60.3321
59.8646
60.7134
60.2757
59.6927
59.8098
59.0572
57.6102
59.1048
59.6729
60.1690
59.9023
60.1286
58.8462
59.4518
59.9144
59.0785
59.5506
60.6776
61.2964
61.1032
61.4315
61.2844
61.3089
60.4978
63.3506
62.5606
62.2102
61.4124
60.7278
61.8694
62.7587
63.2946
61.9980
60.8209
62.1433
60.0079
58.7582
59.1331
58.9155
59.2724
58.4366
58.7049
58.2251
58.5409
59.0254
60.2400
57.9598
58.2225
58.4009
58.3861
59.0786
59.7344
60.2411
58.3282
57.6742
57.8316
58.3140
57.9100
59.6471
58.9950
58.7677
57.7314
57.7762
56.3645
55.8402
54.5941
55.5193
57.1342
58.3183
59.6734
60.2826
60.6670
61.3086
61.2393
62.0310
61.2950
60.3033
60.8555
59.7602
59.4164
59.1289
58.6762
59.4435
60.2192
59.0780
58.9561
57.6209
57.2597
58.3740
57.7349
57.4051
56.8529
56.3342
55.7295
56.3838
56.8193
56.9186
56.5775
58.9673
59.2496
58.5353
58.1315
57.8252
56.9336
56.5727
56.5573
56.2725
56.5501
58.1082
57.3367
56.8744
58.3835
58.0788
57.0792
57.5503
58.3958
58.6806
60.1629
60.4175
59.3317
59.5349
59.3769
59.8549
60.4343
60.6239
60.3652
60.9854
60.3176
61.7938
60.1089
60.3412
59.7306
61.0268
61.7909
60.4638
60.5399
60.1875
59.8266
60.0156
59.3934
57.2249
57.1043
58.7331
57.6546
54.9955
55.5612
57.3380
56.7743
57.3388
56.5687
56.2946
56.6333
57.1237
56.6827
56.1325
56.6296
57.5119
57.2395
56.4031
56.5348
55.3206
55.5202
54.2015
53.8311
55.3025
55.2413
55.5718
55.9710
54.2830
55.1795
54.3880
54.8848
54.3692
53.8562
54.0774
53.5190
53.3125
53.8751
54.6110
54.8456
56.3460
57.4421
57.6557
57.5025
56.3343
57.4344
57.5897
56.4223
55.9481
55.5341
56.6943
57.6697
57.2329
57.1217
58.0196
58.3391
58.9327
59.6130
59.5392
58.3957
58.1128
58.7538
59.2115
59.1741
58.8975
56.8893
57.6148
56.8627
57.3894
58.4568
59.0709
58.5344
59.6452
58.7245
58.3146
57.2846
55.9329
56.3203
56.2815
55.8565
56.1093
55.2657
55.1219
53.6718
54.4288
52.1708
54.8733
54.6646
53.4828
54.6987
55.2727
54.4564
54.9886
54.5255
52.5862
53.3707
53.0512
53.1157
54.4494
54.9532
55.5719
54.1258
54.6122
55.9303
54.6658
55.0022
56.0663
54.6699
55.2579
54.5842
56.5633
56.0380
55.8999
56.5033
54.9719
54.4806
53.8905
55.5691
54.8057
54.6369
54.4740
54.9280
54.7298
54.4449
53.3210
54.3284
53.0918
52.7172
51.7296
53.1192
54.0909
52.7919
51.2807
51.9943
53.1789
52.9989
52.9264
52.8993
51.6894
51.9988
51.3812
51.5289
51.3391
51.4946
50.1905
50.5208
50.3890
49.4142
49.3717
49.1495
49.4935
48.9870
51.0838
49.9236
49.2059
50.2185
50.9404
51.9230
50.5185
51.6325
51.9259
50.8927
51.0142
51.2765
50.6728
50.4834
49.8190
50.3263
49.8845
51.9303
51.0315
52.1206
51.0262
52.5474
52.0891
52.2901
50.9729
51.0918
52.0754
52.4510
52.8301
51.3859
51.9093
51.5008
51.9277
52.1533
52.2868
53.0760
53.1387
53.7880
52.5972
51.9311
50.1435
51.3634
51.5097
52.2745
51.7663
51.1656
51.1006
51.4397
51.8879
52.0103
50.9101
52.4894
51.5021
52.1646
52.0820
52.1264
52.0804
52.1036
51.9552
51.3928
51.4368
50.9336
53.6538
53.7331
53.3015
53.2100
54.6325
53.6058
53.5390
54.4012
54.7826
54.9966
53.4938
53.8167
53.9177
52.8149
52.1448
52.9234
53.8354
53.2815
53.4514
54.7360
52.7949
52.0598
52.8391
52.7024
52.7352
52.2875
52.5924
51.5391
52.8550
53.1148
52.9854
51.5263
51.2488
53.2088
53.2395
52.5255
52.3286
53.3828
52.4332
52.1693
52.6939
52.4071
53.2912
53.9353
54.0276
53.2927
51.2855
52.2862
53.8283
54.0624
52.7165
52.6217
51.8950
53.7881
53.2563
52.9800
53.5888
52.4112
52.9219
52.1387
53.0522
52.0028
52.4043
52.9537
53.6453
54.7189
53.2656
52.7268
51.3068
51.8045
51.2099
52.3867
52.4070
51.6448
52.7900
51.3567
51.3679
51.2489
49.7679
48.9214
48.6579
49.8537
49.5769
49.5090
50.5467
51.1928
51.5173
51.7758
51.7357
51.2963
51.8189
50.5137
49.9679
50.8904
51.6748
50.3128
51.2713
50.7481
51.5456
52.8764
50.9362
51.6890
51.8677
51.0103
51.4853
51.3813
51.5873
52.1556
52.7570
52.8113
53.0124
52.5610
53.3887
52.6525
53.2474
53.8676
53.0193
52.1452
53.1939
53.0672
53.7758
53.2760
54.0099
53.2204
53.6795
54.1010
52.6625
52.3781
52.0958
51.1854
53.0993
51.9876
51.2522
50.6418
51.8272
50.8332
51.7926
50.0512
52.0583
51.5271
52.3820
52.7852
51.6249
53.4165
51.9098
52.9994
52.4988
51.4687
51.4490
52.6473
53.6974
51.2288
53.0892
52.0337
52.4771
51.6716
51.1998
50.4733
52.0543
51.8427
51.5352
52.2604
51.4486
52.0750
52.0956
52.5857
53.4575
54.0968
55.1011
54.3298
53.6544
54.3145
54.5247
54.6545
55.1797
54.5889
54.9266
54.6433
53.9590
53.4646
53.2514
53.6660
52.5698
52.4636
51.3637
51.4364
51.6123
52.4625
52.3655
51.8123
51.6147
52.5173
52.8105
53.0648
54.3049
53.3089
54.8274
54.8435
54.2621
54.5091
54.3825
53.8101
52.8681
54.3877
53.4743
52.8331
52.4598
53.5600
51.8735
51.5711
52.2380
52.9674
52.4056
52.3944
52.2130
52.4424
53.0148
53.2581
53.7828
54.8872
53.4756
52.9242
52.8435
52.8651
53.5958
51.9969
52.9696
53.4818
54.4921
53.7098
53.0266
53.6138
54.1200
54.8448
54.8126
54.2296
53.6336
54.5888
54.0420
53.6207
54.9537
54.4027
54.4553
55.5400
57.0192
56.2418
56.6307
55.0104
53.1865
55.3616
56.4826
56.5631
56.3554
55.4292
54.6898
54.9055
54.0734
55.2913
54.3416
56.0657
55.4164
55.7393
55.4193
55.9549
54.8756
55.6384
56.8912
57.4770
58.7621
58.8586
59.1278
57.8098
56.3023
56.1654
55.2972
55.4067
55.1801
55.6525
55.3286
57.1842
56.0259
56.9827
57.5596
55.3041
56.3850
55.8060
55.2646
56.8357
56.8112
56.1701
56.7558
56.4785
56.4583
56.8044
56.4585
55.4242
56.5901
55.3754
57.8527
56.8125
56.9154
55.6307
56.1446
55.1575
57.0938
56.0570
57.1214
56.9769
56.1417
56.6503
56.3217
58.6055
56.9457
56.4262
54.6689
55.1760
55.9014
56.6523
56.7404
57.3361
57.5816
55.8406
56.7888
55.2177
56.1452
56.1170
54.9447
55.9396
56.2556
56.9288
55.4992
57.3269
57.7880
58.7799
57.5395
57.5997
56.4495
56.2580
56.1354
57.2514
55.2836
55.4565
56.6553
54.5780
56.3658
56.3723
56.4210
57.4022
58.7203
57.4061
57.6258
57.6793
57.2623
57.9434
58.2999
58.2139
57.4581
57.6479
57.4432
56.3547
56.7101
56.0125
55.0463
55.6409
54.9770
55.8563
56.1264
54.9497
54.3533
55.1454
54.4387
54.9041
56.5535
56.5041
57.2014
56.0955
57.4351
57.0320
58.0016
58.6035
57.7540
58.6276
56.7002
55.6688
56.6897
56.5782
57.6294
57.2631
57.0466
57.2892
56.4793
56.8146
56.9214
59.1456
59.0972
58.2946
59.3944
59.4982
58.1543
58.8777
58.8553
58.2252
57.4049
58.2723
56.9479
56.3710
56.7717
55.4634
56.7580
57.1933
58.1258
56.0918
55.5774
56.4685
55.0355
55.5078
55.6295
55.6280
55.1406
54.2623
53.5497
54.8914
55.7017
55.2597
55.8410
55.6253
55.1688
54.0972
54.0971
53.9971
54.8294
55.4413
56.9241
54.3854
55.9620
56.2453
56.5072
57.0212
56.7720
56.4373
56.6135
56.4517
57.7398
57.2319
55.8015
56.4622
54.7908
55.1341
54.7179
53.4229
55.7863
54.4649
55.3183
55.1517
54.5457
53.9113
55.6644
56.7862
56.3464
57.2566
56.2416
56.7857
56.7505
57.2741
55.1678
56.8064
57.7366
57.0118
57.1413
56.7736
56.7382
57.7604
55.7676
56.6356
56.8936
55.7228
57.0247
56.6653
55.2282
55.4131
55.3125
54.6634
54.1859
55.8251
55.0540
55.0044
54.8806
54.8258
55.0645
56.8833
56.6170
57.4301
56.9655
55.9463
54.9393
56.1439
57.0740
56.4852
55.5869
56.2567
56.7220
55.5665
58.1662
58.3698
57.5974
56.6928
56.9755
58.2368
57.5877
58.0743
57.6277
58.9643
57.0223
56.3009
56.7423
55.8053
57.1063
54.9579
57.1451
58.1013
56.8979
55.4362
55.6158
56.3486
56.2265
57.8797
57.7649
57.1356
57.2771
58.5701
58.2818
59.2384
57.5657
57.8179
58.5420
58.8952
59.8215
57.5707
56.2030
55.6429
56.8149
58.0430
57.1136
57.8854
56.8489
56.4899
57.5493
55.2570
55.6604
56.9244
55.8499
56.8859
55.7268
55.5915
54.6345
55.7432
53.7236
55.1970
55.4853
53.5964
53.9065
54.5244
55.8616
55.4720
54.8570
54.5107
55.1643
55.1121
57.5369
56.8571
56.2656
57.2166
57.7543
54.9500
53.9191
53.5412
55.1107
55.4392
54.2994
54.8050
54.2344
54.7480
54.5084
54.0117
54.0125
53.1317
54.0258
54.6252
54.3932
54.5588
54.1627
55.6167
54.4381
54.8868
54.7297
52.1682
52.9303
53.1432
54.5581
54.8781
54.4886
54.6237
55.6000
54.7785
54.7133
53.4607
52.5963
54.7627
54.8615
54.8157
53.9189
54.8766
55.7930
53.7510
54.8742
56.0865
57.1165
55.8920
56.3946
56.1946
56.1027
55.2410
56.3843
55.2710
55.4950
54.9585
56.0514
55.7294
55.6045
56.1562
55.4378
56.5552
55.7109
56.7946
56.7911
56.2041
54.5687
54.2351
55.9234
54.8690
54.1413
55.2215
53.9376
53.6789
52.9154
52.7890
53.1737
53.3380
53.1611
52.4711
53.6537
51.7922
52.5132
52.0343
51.7057
50.4819
51.8072
51.2905
51.8893
54.1868
53.0002
53.3131
54.2580
53.3074
54.0687
53.0202
53.7576
53.7756
53.9349
54.2787
54.6124
54.5249
53.8968
54.8700
54.6413
55.3876
55.3403
54.5503
54.2558
54.8490
54.0922
54.6185
53.8116
54.3303
53.8217
53.4811
53.5604
54.4392
55.7128
54.2651
55.8588
54.7307
55.3945
56.4956
55.6340
57.8253
56.8579
56.9554
56.6325
55.8158
56.5934
56.9834
58.0502
58.2778
58.2196
59.0634
58.9645
57.9599
57.4313
56.9794
58.0448
59.7594
56.6019
56.3562
58.3506
56.9329
58.6468
58.0543
57.6744
57.0281
55.6618
56.0813
56.8674
57.6385
55.7044
55.6029
55.3731
54.3242
54.9840
55.1897
56.1118
56.8012
55.4776
55.5481
55.3125
56.1113
55.4023
55.5102
54.1234
55.5190
56.0437
56.1004
55.2139
55.7952
55.8740
54.8665
53.4518
55.3703
56.2906
55.8494
55.9182
54.7992
55.6609
55.9847
55.1205
54.3514
55.0038
54.7448
54.3383
54.8686
55.3564
55.2770
55.9411
55.1096
54.0113
54.4637
54.5421
53.9108
55.1052
54.5154
55.7745
52.7652
54.3621
53.4821
54.6727
54.1650
54.5845
56.3986
56.2776
55.3219
54.1914
53.4627
52.5015
52.5777
53.1396
53.1643
53.7382
54.7272
53.7415
52.9251
53.1237
52.7471
52.6016
54.7945
54.1438
53.1739
52.2707
52.6951
51.0648
52.2546
52.3445
53.0824
53.2037
53.8988
54.0184
53.5626
52.9853
52.7115
53.4204
52.8486
52.9629
51.8747
52.8757
52.5652
53.6622
53.8199
53.0238
52.3726
53.6651
55.0057
54.8944
55.6556
55.1877
55.5083
55.7388
56.6263
54.5331
54.8342
53.6935
53.8327
54.3294
53.9154
54.7990
54.4261
56.1776
54.7113
55.8310
55.7075
56.1721
55.5071
55.0466
55.0466
55.9181
54.8310
56.1048
55.3763
54.6645
53.3591
54.3254
55.0487
55.2959
55.7197
55.4772
56.8488
53.9830
55.2446
53.7761
54.2774
54.3326
54.7251
56.0629
55.7605
56.5116
55.8689
57.2692
56.4029
55.4369
55.9827
55.8171
54.6697
56.1123
56.2653
56.2234
54.8568
54.4815
55.0712
54.2487
55.0375
54.5100
57.3594
57.2149
56.9261
56.6274
55.4287
56.4167
56.1203
55.3511
54.2159
55.9298
56.5102
57.1715
55.4422
56.8559
55.8439
56.2647
55.0024
56.6250
56.6492
55.3889
56.0980
55.7785
55.9656
56.7375
56.4757
57.9099
57.1938
57.4789
57.2697
57.2927
56.5295
56.2543
55.4065
55.1651
54.9437
55.1711
54.2897
55.4697
54.8226
54.1112
53.8555
53.4212
54.1163
54.1369
54.8504
54.6825
54.4352
53.2449
52.5011
52.4724
53.1120
51.5697
52.0190
52.2479
53.0855
52.1066
52.6539
52.2154
52.3563
52.4906
51.0162
52.1894
53.0974
52.6552
53.3978
53.6071
53.0291
52.5865
51.8591
52.8352
52.6657
53.7675
51.4640
52.3096
51.7249
51.4543
53.3191
52.2711
50.6306
51.1629
51.7241
51.7614
50.7643
49.9539
51.5210
50.4885
51.4788
51.9599
51.3082
51.2787
51.3871
51.5295
53.5944
52.2883
52.6555
52.2874
53.0466
51.7997
49.8225
50.9825
49.9751
51.2996
50.9453
50.6925
51.4601
53.0519
52.0856
50.5645
49.8625
50.3838
51.3389
50.6930
50.1539
49.4581
49.9196
51.4521
51.7232
51.0656
48.9070
48.4247
48.8951
49.3452
47.7636
49.2897
48.9370
49.2259
49.5350
50.2705
49.2499
50.8258
48.9406
48.5265
50.1568
50.2371
51.4625
50.8664
50.9080
50.6643
50.5340
51.8948
50.8777
50.0615
51.7322
51.8059
52.0255
51.4163
52.7880
51.9488
53.2471
52.0234
51.9815
51.8055
53.2026
51.9623
53.5012
53.0693
53.7314
54.3601
54.3786
55.4634
55.6557
54.2961
53.5717
54.8635
56.0642
54.0304
53.3022
53.1146
52.7422
53.1272
53.5105
53.6473
51.9089
52.3750
52.7409
52.1991
51.5994
52.8854
51.8472
51.6757
52.6387
52.6078
52.0406
53.1513
51.5965
50.5103
50.4253
51.4979
50.9803
49.3491
50.3909
51.3472
51.3550
51.3116
51.7609
51.9591
50.9627
52.5500
52.7959
52.3021
52.2792
53.2256
51.5684
53.5562
52.9582
52.5204
53.2782
53.1015
53.2496
53.2875
53.6935
53.9963
53.3686
52.8239
55.2976
55.1046
55.6931
55.5151
55.0674
57.2746
56.5968
55.2572
54.7384
54.0312
54.0131
53.5557
53.9469
53.2872
53.1274
53.0021
53.0336
54.2953
53.0804
51.5016
53.9013
53.1417
54.3089
55.9980
52.8123
53.9631
55.2616
54.2281
53.3629
53.1328
53.8298
53.1421
53.4612
54.5452
54.4958
53.8120
53.5241
52.6178
53.1373
53.9663
53.1316
53.3844
53.0263
52.5169
52.4425
52.1118
52.8772
53.1285
53.6169
53.9194
53.9181
54.2328
54.1560
54.1593
55.8555
55.0409
55.4653
54.9896
56.5534
56.2443
54.3016
54.6580
54.9683
55.7540
52.9624
52.4978
51.8030
51.8676
51.9079
52.3158
51.9332
49.9103
50.3319
48.5055
49.9252
49.7928
47.4391
48.7168
49.5841
48.8386
48.6997
48.9284
47.3471
48.1094
48.2960
48.8623
49.5831
50.5854
49.6428
50.7611
49.3875
48.1268
48.6930
48.2299
50.0911
50.0391
50.2808
49.0567
48.7348
49.8329
49.0534
49.7111
50.5270
50.2859
50.7644
51.0497
50.8296
50.1766
49.7989
48.6660
51.6171
52.1100
51.9793
50.6426
48.7934
50.3049
50.0334
51.6251
51.7738
51.7681
51.7310
51.8713
51.5182
51.3299
50.8285
51.7787
52.0272
51.9220
52.5917
52.4676
51.9720
52.3424
50.5693
52.5883
51.1982
50.1998
51.0139
49.8636
51.0805
49.8602
50.4509
49.2392
49.6997
49.9501
49.6539
50.4119
50.9809
51.3157
50.5525
52.5808
50.6488
50.7960
50.2342
50.8409
51.9700
51.0164
51.3438
49.1681
51.1632
52.0596
51.5134
52.5142
52.1490
50.9991
52.6361
52.9811
53.0937
53.2092
52.7059
54.2935
53.6746
54.1849
53.7320
53.4627
53.1555
52.5176
51.6544
51.8375
53.0230
53.0893
53.7129
54.6297
54.0953
53.3206
52.4353
52.4927
54.0782
55.4936
53.4423
52.5991
52.1129
52.0047
52.7987
53.1824
52.9469
51.8213
51.6860
51.5947
51.0758
51.9053
51.5160
52.5885
52.6386
52.6041
52.4522
51.5847
52.8490
53.0374
54.1811
51.7541
53.0779
54.1575
53.9489
53.6160
53.7275
52.2095
53.6250
53.5514
54.2746
53.8932
52.2323
53.8706
53.8428
53.0783
54.1572
54.3918
55.3447
55.6220
56.7396
57.8943
56.9035
56.9557
57.1684
57.5186
55.2954
55.7991
55.9297
55.3571
55.0429
54.6727
55.1404
56.3155
55.9497
56.0343
56.1228
55.4231
57.1751
56.5389
58.1209
58.6974
57.2623
58.0123
57.7587
58.0008
57.9518
56.4553
56.2765
57.3791
56.7334
57.6240
56.0716
56.7606
55.9197
55.9643
56.0574
57.0629
57.6733
56.7190
58.0874
56.3592
56.5166
56.8560
58.4259
57.5978
56.7567
57.6750
58.1403
58.5164
57.2682
58.7065
59.2403
57.9980
57.5985
57.7149
57.6421
58.5480
58.1511
59.4064
60.9354
61.2407
60.6470
61.0274
60.7024
59.9387
59.3537
61.0952
60.7068
60.8224
61.9522
61.8727
61.9861
63.1271
63.8420
62.5539
62.9780
62.3506
63.9166
63.7344
63.0525
64.9832
63.4877
64.0738
63.4333
64.7314
64.7184
64.5304
63.6071
64.1309
66.7290
63.6746
65.8708
65.9290
65.6229
65.8086
65.8162
63.7958
65.0338
62.3266
62.5212
63.7935
62.7130
63.9217
65.4002
64.8151
66.1104
64.7513
62.4302
62.5505
63.3578
64.6544
62.9097
64.0821
62.7523
62.5370
62.8083
62.5625
60.7986
61.5242
61.4361
61.0387
60.1360
61.2522
61.7314
61.0675
61.4658
60.6921
60.4669
60.0731
60.3532
59.5582
59.6276
59.7860
59.5069
59.5819
58.8690
59.6117
59.5142
58.7332
58.7561
57.9982
58.8445
59.6484
59.3061
59.8963
59.0948
58.4490
59.1202
59.4752
60.6306
60.5141
60.0272
60.3829
59.7330
61.1269
60.7502
58.7695
59.4839
60.4664
59.2751
57.4130
58.5599
60.3335
61.8558
61.4897
60.4697
61.0928
60.8469
60.7687
60.0249
60.0405
61.8550
59.8967
59.8597
60.6590
59.9046
58.4946
58.7526
58.4362
59.7772
59.1549
58.4055
58.1775
58.6783
59.2829
58.7243
59.3485
58.0611
60.4468
60.3776
59.8649
60.0458
58.9767
56.8660
58.0659
58.5389
57.9305
59.1620
58.0559
57.6282
57.9635
56.6319
57.4473
58.2538
58.8392
59.2471
59.7737
58.6719
59.4480
58.5465
60.4686
60.4742
59.7819
59.1460
60.9724
61.3230
61.9106
61.0579
61.0131
60.9869
60.3936
60.0091
60.0462
58.7635
59.3846
60.8159
58.1817
58.7403
59.8186
58.7946
59.5557
59.9527
59.6508
59.0253
59.8085
58.9890
59.8489
59.3921
58.6698
58.5047
58.4443
59.4216
58.8059
60.1372
59.4039
58.9781
59.6159
59.5101
59.6851
60.7718
60.3679
58.4026
57.1412
57.6666
56.8349
57.6434
57.9948
57.5326
57.4373
57.3873
57.4213
58.9242
58.7917
58.9465
58.0209
57.6002
58.8017
57.7542
59.9217
60.7262
59.9321
59.3174
57.9624
59.0939
60.0760
58.8668
59.0769
60.3428
59.7367
59.7908
59.4444
58.2889
60.7189
60.0976
58.9107
58.2164
59.4487
59.8601
59.1354
59.3995
59.5019
58.9908
59.5505
60.1750
58.9992
58.0286
58.0871
59.1303
59.6366
59.9839
61.9864
61.4551
61.4811
61.9177
63.9594
63.5055
63.8297
64.5027
65.4497
64.7942
64.6970
63.2566
63.1069
64.0848
64.4058
64.8563
64.4040
63.2503
63.2528
63.0354
62.9110
62.3804
62.8628
62.2644
62.0420
62.0635
62.9599
62.3709
61.8619
62.4893
60.5648
60.4030
60.4589
61.0484
62.1051
62.4811
62.3936
61.1779
63.6112
62.5695
62.5309
62.4352
62.6541
63.3969
63.0857
62.6046
63.3043
63.6684
63.2758
62.9614
64.5955
62.9385
62.6871
61.7404
60.1556
60.3695
60.7248
59.7683
58.7605
58.1603
59.1592
59.6358
59.2259
60.1856
60.5462
61.5862
60.2826
59.8206
62.0359
60.9599
57.6429
58.7974
60.0733
59.3836
58.9028
57.3885
57.7955
58.2664
58.2345
59.0592
57.6859
59.1931
60.8851
60.8544
61.0790
61.8795
61.8920
61.6954
61.3062
60.8274
61.4168
60.6341
60.5143
61.3003
60.3503
58.5896
59.3851
60.1811
59.8681
60.6143
59.6313
58.8873
59.2503
59.4399
60.9724
60.9311
60.9440
59.5655
59.5735
60.5035
60.5458
60.3000
60.9534
60.3339
60.3165
61.4040
60.8622
61.3567
61.4988
62.9242
62.5148
62.6646
62.1128
61.9140
61.1591
61.7061
61.8960
58.9755
59.0334
59.9733
58.7788
58.0260
58.0517
58.9803
57.0532
58.1124
57.1027
58.1658
57.1527
55.9289
57.3745
57.1583
55.5602
57.5321
57.2408
56.9677
56.8457
56.9173
56.5537
57.1568
57.4798
57.9701
57.2571
58.7621
59.4199
59.7099
59.4500
58.7413
58.0950
57.4332
58.8097
58.4749
58.5805
58.3217
56.9862
56.1818
57.1745
57.2496
56.5067
57.8931
55.6342
57.0526
58.0710
59.0854
58.5014
57.2265
56.4239
56.1475
55.1322
57.8480
57.0114
55.5440
56.4906
56.4146
54.1285
55.6722
55.6970
57.1020
56.2541
56.6007
59.0031
59.1055
57.9653
58.1504
59.0990
58.1207
56.7255
57.1395
56.2865
56.1504
55.2240
55.7637
57.8239
58.8180
56.3636
56.8041
57.0242
56.8365
57.5183
55.7889
55.9900
56.3152
56.7118
57.0563
57.3285
58.2266
59.2027
58.3850
59.5881
59.6731
58.3474
58.6948
59.5248
58.1415
59.3352
59.8369
58.7354
58.2488
57.8644
58.7750
59.0336
59.3062
58.2680
58.4236
59.2351
60.5410
59.7361
57.7908
58.4582
57.4955
59.1660
58.0399
57.2966
57.3250
57.0346
56.2702
57.0107
57.3819
56.9124
57.2676
58.4094
58.0264
59.2650
58.9499
59.9125
60.3944
60.3630
59.9527
60.5649
60.7461
60.6206
59.3499
58.9215
59.7472
59.7871
57.9647
59.2251
57.3177
57.6789
58.7365
57.4720
57.7427
57.2986
58.3891
57.3962
56.3204
58.1591
57.9832
57.7082
58.1550
59.2027
58.2981
57.0082
56.5978
57.6936
57.1763
55.9498
57.1449
57.8736
56.0326
57.2878
56.5577
57.8336
58.6393
57.4041
58.3070
57.0159
57.3918
57.8028
57.4762
57.7144
57.7308
57.5588
57.4836
56.7992
56.2661
57.4252
56.9339
57.3989
57.5231
57.4608
56.7243
56.5028
56.3201
56.2846
57.5048
57.5298
57.7161
58.0218
57.0591
57.6044
57.7148
56.7704
56.4191
55.8100
55.4868
56.1132
55.5729
54.7969
55.7781
55.1500
54.0095
55.7546
56.9407
57.3280
56.7470
58.3208
58.7985
57.2016
57.8747
56.9755
56.9684
55.2069
57.4319
57.3600
57.2374
55.5056
56.4654
56.3998
56.6265
56.2216
56.7795
56.1334
56.6217
57.0719
57.6664
58.0327
57.6007
56.4803
56.4180
56.1437
55.7352
54.2687
55.8833
55.1539
56.7524
55.6325
55.4988
56.5317
56.1018
57.3592
57.0531
59.1716
58.8793
57.0696
57.1353
57.3966
56.4628
56.1828
55.6557
55.7912
55.9922
56.7757
56.0793
56.8894
56.9034
55.6659
55.8687
56.9376
57.7401
55.2410
56.2462
57.8435
56.8464
56.4740
55.6256
57.5319
57.6716
58.1292
57.0195
56.8359
56.5920
58.7976
57.5656
57.8969
58.0261
57.6205
57.5390
58.1743
57.5607
57.4462
58.3212
57.6117
57.6329
58.0995
58.3984
58.7013
58.9668
59.2776
59.5984
59.4227
59.6901
59.5447
58.1797
58.2072
58.4435
58.1109
58.1657
60.0392
59.2866
59.8138
58.2481
59.8751
59.5193
59.6462
59.2182
59.6983
60.6562
59.7379
57.3162
56.9429
56.9575
56.3810
57.0346
57.1483
57.4999
56.3138
57.6814
58.2763
57.5471
57.0878
58.8421
58.4230
59.4823
58.9391
56.9339
59.0160
57.8359
57.7379
58.1095
58.6742
59.4836
59.1031
58.5998
60.4192
59.8254
58.4459
59.6238
60.2093
60.4390
59.9868
60.1613
58.6572
59.6229
59.9390
60.5110
59.8011
60.7871
61.0218
59.8712
60.5510
59.1007
60.8829
60.6794
59.0977
61.1599
59.0327
59.1798
60.8401
60.9026
60.9324
60.4896
60.1111
58.6646
57.3266
58.5986
59.9041
58.9574
58.9830
59.5447
56.9261
56.5585
57.7379
59.2802
57.7484
57.1468
58.9846
58.4185
59.2974
58.4401
57.4495
57.3358
56.8261
57.7109
57.7624
56.9735
57.4635
59.1282
60.5746
60.7918
59.2422
59.8247
58.6817
57.7291
56.8012
57.2279
58.5081
57.6834
57.3639
57.7244
58.4731
58.8371
58.8911
58.4028
56.8138
58.2064
60.0350
59.1117
59.0424
59.1661
59.9309
61.0798
62.2066
61.9828
61.7078
62.6747
61.6629
60.8455
60.4210
60.1307
59.4775
58.2495
59.9090
58.9601
60.0071
58.2575
59.4372
58.5561
57.7345
56.9030
57.1805
58.2886
57.1531
57.7474
58.4123
58.5031
58.1964
58.8104
58.1843
58.1566
57.8930
58.5824
58.1682
59.5333
59.8411
59.0988
57.9634
57.4672
58.2450
56.9712
55.5780
55.4920
56.3443
