0.6048
1.0735
0.8595
0.8788
0.9531
0.8977
1.1369
1.0381
1.1512
1.3011
0.9060
1.0582
0.9571
0.8444
0.7761
0.9680
1.3768
1.1655
0.8413
0.6081
0.8760
0.8525
0.7544
0.5635
0.7694
0.6999
0.7258
0.6986
0.7875
0.4848
0.5407
0.8339
0.7907
0.7065
0.5444
0.6143
0.7842
0.5378
0.8626
0.5818
0.6006
0.6903
0.7288
0.6506
0.5652
0.5320
1.1178
0.8958
1.1564
0.6806
0.6198
0.7181
0.5656
0.9918
1.0115
1.1634
1.2658
1.2595
0.7209
1.4287
1.2134
0.8141
0.7905
1.0368
1.1184
0.9939
0.9725
1.0853
0.8394
1.0674
1.0239
1.2503
1.2945
1.6899
1.0644
1.1288
1.4302
1.4584
1.3842
1.3878
0.8763
1.2152
0.9550
0.6804
0.9604
1.1158
1.1977
0.9211
0.9694
0.9817
1.0259
0.9805
1.0120
0.8799
0.8206
0.8182
1.1324
0.4749
0.6304
1.2102
1.2071
1.0976
1.2292
1.0019
1.3002
0.7546
0.8896
0.7751
0.8695
0.8700
0.8458
1.0740
0.9436
0.7074
0.9734
1.0898
1.2202
1.1058
0.8578
0.7382
0.8946
0.7795
1.0390
1.1087
1.1166
0.7758
0.7440
1.0489
0.8361
0.7354
0.8668
0.9491
0.9664
0.9161
0.9843
0.7418
0.9068
1.0646
1.1042
1.0075
0.8488
0.7273
0.8238
0.6272
0.8629
0.7472
0.9276
1.0285
0.9014
1.0851
0.8411
1.0201
1.0042
0.7136
0.9827
0.5260
0.7640
0.9249
0.8441
0.8453
0.5509
0.5845
0.9368
0.9788
0.7851
0.7066
1.0399
0.8668
0.7825
0.7705
0.8643
0.7451
0.7589
0.6956
0.5846
0.5938
0.7760
0.7770
1.0092
1.0066
1.0205
1.1293
1.2165
1.0816
0.9864
1.0108
1.3016
1.1105
0.8144
1.0565
0.8275
0.9072
1.1719
0.5771
0.9377
0.9815
0.9883
0.9704
1.0423
1.1972
1.3549
1.3776
1.2836
1.4894
1.1906
1.0637
1.0073
1.1972
1.3915
1.7084
1.9264
2.0515
1.9592
1.5517
1.6273
1.9827
1.8643
1.6649
1.2633
1.4872
1.5063
1.5861
1.5592
1.6149
1.6054
1.7028
1.6682
1.1720
1.4890
1.3651
1.1251
1.3098
0.9959
1.2214
1.5404
1.3353
1.3568
1.3876
1.0153
1.2237
1.2991
1.0980
1.4606
1.5605
1.6880
1.8016
1.8479
1.7190
1.7894
1.4972
1.7854
1.9679
1.7710
1.4181
1.6925
1.8094
1.2829
1.0732
1.0333
1.0870
1.2923
1.4835
1.3560
0.9889
1.0101
1.2336
0.9755
0.8688
1.0777
1.3249
1.0448
1.4694
1.3783
1.3413
1.3723
1.1155
1.0336
0.6992
0.8700
0.9024
0.9865
0.8338
0.8374
1.1580
0.7947
0.9227
0.8216
0.7121
0.9437
1.1338
1.0502
0.9331
0.8100
0.6653
0.5213
0.5376
0.5941
0.6678
0.6259
0.6179
0.6717
0.8531
0.8278
0.7806
0.9203
0.5851
0.8112
0.8156
0.6212
0.6956
0.8764
0.8126
1.4034
1.1828
1.1791
0.8722
1.2695
1.1585
1.0408
0.9913
0.9422
0.7060
0.7116
0.7126
0.6155
0.8775
0.7531
0.7529
0.6021
0.6587
0.4680
0.5818
0.7041
0.9105
0.8036
0.7359
1.0084
0.7222
0.6918
0.9770
1.0195
1.0840
1.2174
1.0858
1.1758
1.2192
1.1738
1.5925
1.4759
1.3285
1.5631
1.5823
1.9352
1.6536
1.5666
1.5020
1.5688
1.5085
1.6673
1.6341
1.7822
1.9863
2.3303
2.0097
1.7463
1.6531
1.9563
1.7663
1.9708
2.0466
1.8979
1.6065
1.7786
1.7934
2.2692
2.1643
2.2550
2.3620
2.1563
1.6669
1.5885
1.6386
1.7432
2.0989
1.9083
2.3491
1.2518
1.6535
1.5159
1.6458
1.6245
1.5744
2.2193
1.5283
1.6660
1.5969
1.2668
1.1939
1.5124
1.5985
1.4166
1.4506
1.6210
1.2034
1.5500
1.2886
1.0001
0.7018
1.1308
1.3547
0.8190
0.9051
1.2464
1.4561
1.2847
1.4449
1.1666
1.2117
0.9967
0.7576
0.9350
0.9593
0.6870
0.7538
0.8382
0.9366
0.9164
0.8894
0.9857
0.9005
0.8515
1.2379
1.1106
1.2279
1.1093
1.1876
1.0411
0.7420
0.5471
0.9851
1.2497
1.5528
1.1635
0.9517
1.1393
1.1829
1.3669
1.2888
1.5758
1.7965
1.3375
1.5350
1.6293
1.5073
1.4323
1.9749
1.6435
1.6596
1.5309
1.5910
1.7441
1.5176
1.7909
1.5581
1.6824
1.5479
1.8591
1.6381
1.6474
1.3533
1.4676
1.8201
1.7451
1.6717
1.6492
1.9542
2.2053
1.9099
2.3687
2.4304
2.1338
2.4415
2.3245
2.2717
2.4342
2.7359
2.6261
2.1713
2.6158
2.7168
2.5547
2.5279
2.4499
2.4918
2.5736
2.2232
2.4159
2.4660
2.3781
2.5849
2.5044
1.9812
1.9992
2.0536
2.0355
2.1287
2.0315
1.8512
1.6361
1.8607
2.0267
1.8328
1.8701
2.1245
2.0432
2.0598
2.1429
1.9088
2.2366
2.1409
2.0999
1.8689
1.7501
1.7557
1.7031
1.2728
1.3739
1.7616
2.1348
2.1369
1.9451
1.9342
2.2777
2.1870
1.9417
1.8479
1.7243
1.7753
1.8146
1.8622
2.0581
2.1848
2.3854
2.3015
1.9097
2.0106
1.9684
1.6498
1.7581
1.8060
1.8820
1.5559
1.5214
1.9532
1.0114
1.5452
1.5879
1.6325
1.6369
1.8868
1.8234
1.7383
1.7797
1.4002
1.1257
1.0908
1.0758
1.1424
0.9644
0.9832
1.3808
0.8633
0.5710
0.8692
1.1777
1.1875
1.1953
0.9659
0.8606
0.9783
1.0090
0.8466
0.9057
0.9280
0.8320
1.1033
1.1387
1.4113
1.4958
1.1762
1.0145
1.4285
0.9657
0.9553
1.2773
1.3208
1.5411
1.3377
1.3741
1.4681
1.3124
0.9765
0.7432
0.7678
1.0096
1.3206
1.3786
1.6340
1.6845
1.4662
1.4949
1.1971
1.4208
1.6204
1.5143
1.5612
1.4003
1.3791
1.3219
1.4036
1.6969
1.4147
1.2942
1.3302
1.1975
1.2560
1.3785
1.2477
1.1394
1.3076
1.2370
1.5051
1.4428
1.2636
1.0011
1.0044
1.1338
1.2626
1.0760
1.1742
1.0170
1.2870
0.8485
1.0277
1.0809
1.0212
0.9633
1.1561
0.8647
0.8333
1.0072
0.9302
1.2510
1.0837
1.2811
1.0124
1.1696
1.2225
0.7846
0.9507
0.9571
0.9497
0.6859
1.0204
1.0367
1.2766
1.8506
1.7108
1.5219
1.8663
1.6185
1.7184
1.1289
1.4701
1.3921
1.1379
1.2269
1.3824
1.2235
1.3579
1.5397
1.5410
1.4463
1.4303
1.4228
1.4682
1.7585
1.8536
1.4132
1.5072
1.3275
1.6520
1.4034
1.4096
1.4442
1.5730
2.0495
1.5552
1.4822
1.6339
1.8860
1.6244
1.3949
1.5207
1.3748
1.4474
1.2618
1.5609
1.5607
1.4704
1.4353
1.6387
1.5476
1.5524
1.6953
1.6920
1.8454
1.8079
1.4768
1.3136
1.1935
1.5418
1.1805
1.1021
1.3684
1.0312
1.2957
1.1595
1.1808
1.0520
1.1198
1.2313
1.3556
1.1397
1.2476
1.4589
1.0980
0.9686
1.3227
1.2222
1.1248
1.1710
1.0469
0.9144
1.1258
0.9189
0.9466
0.9115
1.0416
1.2277
1.3058
1.0190
1.0698
1.2328
1.5546
1.1238
1.4997
1.1124
1.1002
1.4425
1.1080
1.2719
1.7402
1.6515
1.7481
0.9434
1.3511
1.0156
1.0966
1.1555
1.0264
1.2056
1.4191
1.2451
1.1780
1.1612
1.2840
1.1027
1.1862
1.2202
1.3829
1.3357
1.1950
1.1449
1.1012
1.2947
1.2028
1.2481
1.2331
1.5898
1.2334
1.5259
1.4019
1.2387
0.8850
1.1803
1.0539
1.0386
1.0336
0.9848
0.9113
0.8335
0.9230
1.0738
1.0304
0.9754
1.0508
0.8526
1.1229
1.1228
1.2982
1.1104
1.2631
1.0544
1.0978
1.1310
1.2216
1.7999
1.7580
1.7938
1.5525
1.6320
2.0059
1.9374
1.6017
1.6548
1.4617
1.3338
1.5892
1.1648
1.4479
1.1937
1.1750
1.0536
1.2659
1.2241
1.2599
1.4521
1.3339
1.6406
1.4805
1.7928
1.4646
1.2662
1.4037
1.2458
1.3481
0.9500
1.4790
1.8304
1.2881
1.6976
1.6155
1.4115
1.8637
2.0417
1.5764
1.3479
1.2847
1.4098
1.5934
1.6273
1.8108
1.2427
1.6832
1.7327
1.7796
1.8665
1.4390
1.7338
1.4349
1.7795
2.0200
1.9845
1.8860
1.9481
1.7571
1.8556
2.2340
1.6362
1.9736
2.0464
1.8044
1.5767
1.5648
1.9793
1.7576
1.7245
1.1802
1.3688
1.4901
1.3341
1.3085
1.5143
1.2695
1.0301
1.4051
1.4047
1.6369
1.6629
1.1397
1.5945
1.3526
1.3870
1.4691
1.5590
1.3062
1.2333
1.0320
1.3645
1.3630
1.4442
1.5169
1.3398
1.5447
1.2384
1.1801
1.0888
1.2675
1.1489
1.0789
1.2495
1.0852
1.2633
1.3553
1.0970
1.4703
1.3367
1.2522
0.7742
0.8239
0.9038
1.1355
1.2742
1.0682
0.6654
0.8491
0.7718
0.7312
0.7778
0.9200
0.7042
0.5442
0.8341
1.1214
1.0444
1.2149
0.8085
0.9363
0.7684
0.8359
1.3158
0.9504
0.8031
0.8324
0.8388
0.5155
0.6432
0.8371
0.5301
0.5629
0.6929
0.8311
0.8128
0.8053
1.1505
0.8503
1.1337
0.7707
0.7085
1.0417
0.6964
0.6946
0.8350
0.9754
0.8337
1.1947
1.0051
0.9749
0.8778
0.9259
1.1544
1.1518
1.0783
1.1787
1.0358
1.1208
1.0969
1.2546
1.1239
0.8084
1.1057
1.1392
0.9399
0.9883
0.7343
0.8243
0.6269
0.7821
0.9035
0.7401
0.9728
0.8836
0.8525
0.8514
0.5961
0.6926
1.0199
0.7096
1.0175
1.2014
0.8703
0.4760
0.9439
1.0526
1.0835
1.2757
1.4526
1.3243
1.4253
1.5730
1.5028
1.5565
1.3534
1.4934
1.1968
1.3057
1.0292
1.1230
1.1073
1.2013
1.1628
1.1490
0.6970
0.5903
0.8532
0.7750
0.9116
0.8484
0.9448
1.0942
1.1394
1.2436
1.1909
0.7844
0.7142
1.0997
1.0605
0.9939
0.9496
0.8997
0.9298
0.6541
0.6352
1.1368
0.8970
1.0412
0.8663
0.8100
0.8742
0.9649
0.8905
0.9719
1.0587
0.9208
0.7932
0.7119
0.9010
0.7182
0.6734
0.6061
0.8071
0.7119
0.6854
0.8257
0.5526
0.9171
0.8000
0.5380
0.8510
0.7681
0.7089
0.6747
1.0665
1.0482
1.2934
1.1089
0.7701
0.7157
0.9045
1.0750
0.9211
0.6733
0.9634
0.8766
0.9489
0.9864
1.0388
0.7825
0.9075
0.9073
0.9843
0.9752
0.7932
0.8057
0.8669
0.7800
0.7425
0.7063
1.1736
0.4943
0.7111
0.9595
0.8551
1.0588
1.0709
1.0138
1.0577
0.9690
1.0883
0.8730
1.2708
0.8673
0.9516
1.0353
1.2084
1.0402
1.3248
0.8347
1.1929
1.1163
0.9496
0.9384
0.8249
1.0018
1.0772
1.4821
1.7720
1.3913
0.9030
0.7855
1.1384
1.0279
0.8489
0.8638
1.2717
1.4136
1.0986
1.0333
0.9974
1.3284
1.1028
1.0748
1.1086
1.1038
0.9621
0.7359
0.6016
0.7065
0.7224
0.7714
0.7142
0.9818
0.9794
0.6917
1.2898
1.1450
1.0702
1.1897
1.1071
0.8534
0.9084
0.8233
0.5399
0.9243
0.9137
0.7930
0.8221
0.9451
1.0096
1.0351
0.8501
1.0117
1.0258
1.0208
0.7522
0.9465
0.6697
0.6304
0.9764
0.9369
0.6739
0.6548
0.7761
0.9151
1.0200
1.4162
0.9013
0.7065
0.6284
0.9166
1.0755
0.8182
1.0265
0.9646
0.6180
0.5402
0.8653
0.6954
0.5364
0.8211
0.5057
0.7875
0.9837
0.5797
0.9553
1.0528
1.0381
0.9711
0.9084
0.7707
0.8287
1.1291
0.8665
1.0545
1.0284
0.8494
0.9289
1.0433
0.9169
0.6434
0.7132
0.6045
0.8687
0.8527
1.4487
1.1211
1.2724
1.0995
1.1016
1.0885
0.7557
0.8147
0.7021
0.7012
0.9677
0.8622
0.7408
0.7441
1.0203
1.0590
0.9406
0.8767
1.0769
0.6641
0.8995
1.0838
0.8603
0.9010
0.8254
1.0476
0.7664
0.8244
0.6407
0.5645
0.5511
0.9345
0.5357
0.4417
0.5948
0.7011
0.8495
0.5907
1.0576
0.7821
0.7156
0.9141
1.1031
0.7827
0.8625
0.7725
0.8553
0.8463
0.8601
0.9212
1.1601
1.2806
0.5686
0.8328
0.7253
0.7304
0.9953
1.2124
1.2930
1.0381
1.3861
1.4090
1.2155
1.1209
1.4424
1.4865
1.9380
1.7344
1.4592
1.2584
1.4443
1.4000
1.1870
1.4821
1.1123
1.5652
1.1437
1.2104
1.3024
1.3607
1.2323
1.6061
1.0487
1.3672
1.4786
1.5228
1.0428
1.4693
1.7507
1.8569
1.4529
1.4892
1.2975
1.3392
1.3645
1.4795
1.0104
1.2065
1.3682
1.5994
1.8141
1.5562
1.4124
1.7058
2.2049
1.7251
1.7104
1.4413
1.3155
1.6539
1.8661
1.7655
1.2539
1.1068
1.4680
1.5820
1.4734
1.2747
1.3000
1.2974
1.5726
1.6838
1.5437
1.5471
1.5020
1.7880
1.5146
1.3661
1.2788
1.3289
1.3243
1.5195
1.8146
1.6878
2.0291
2.1827
2.0911
1.8227
1.4618
1.7132
1.2482
1.3200
1.1504
1.3108
1.5786
1.7805
1.4896
1.0179
1.2321
0.8234
1.0217
1.1637
1.0872
1.4268
1.1500
1.2002
1.3894
1.2970
1.1042
1.1940
1.0078
1.1499
1.3108
1.3412
1.1529
1.0784
1.3673
1.2867
1.5911
1.3300
1.4346
1.3037
1.3729
1.2686
1.4833
1.3365
1.0956
1.3899
1.6365
1.7838
1.8039
1.6167
1.5744
1.6792
1.7585
1.4697
1.3517
1.2616
1.2485
1.3642
1.0416
1.4120
1.4092
1.1316
1.1684
0.9761
1.0214
1.2915
1.2795
1.4587
1.3746
1.6368
1.2201
1.2750
1.7747
1.5166
1.4322
1.1995
0.9904
0.9905
1.2027
1.2727
1.3068
1.0441
1.3905
1.1469
0.8929
0.9544
1.0769
0.8607
1.3104
1.0378
1.3730
1.0957
1.2375
0.9079
1.0515
0.7507
0.9068
0.9958
0.8679
0.7941
1.0405
0.9647
1.4350
1.1553
1.4159
1.3617
1.1620
1.4255
1.2851
1.5431
1.4556
1.4792
1.3597
1.3995
1.4401
1.5817
1.5335
1.3570
1.8367
1.6215
1.6020
1.5305
1.4428
1.4195
1.4477
1.4691
1.7531
1.8593
2.0897
1.7267
1.7357
1.7180
1.7144
1.6767
1.6598
1.2012
1.0136
1.4554
1.7776
1.5892
1.4327
1.2887
1.2491
1.3525
1.5195
1.8586
1.7463
1.7338
1.4063
1.5627
1.6240
1.8130
1.3582
1.8471
1.7042
1.4001
1.5064
1.5016
1.8006
1.6947
1.5986
1.7449
1.5400
1.1487
1.3639
1.5221
1.1589
1.4126
1.6053
1.2976
1.5173
1.4610
1.7617
1.7968
1.9194
1.9274
1.4952
1.2948
1.1960
1.6922
1.7427
1.5204
1.4885
1.5712
1.6525
1.3510
1.2918
1.2797
1.4322
1.7521
1.1118
0.8814
0.8465
0.8680
0.8848
0.8318
1.0034
0.8944
0.9874
0.9749
1.0915
1.1081
1.2332
1.3391
1.0874
1.1413
1.4445
1.4631
1.2147
1.5108
1.4005
1.5987
1.2144
1.5122
1.4031
1.3374
1.1602
1.5540
1.5185
1.7852
1.7494
1.5024
1.3426
1.1664
1.4649
1.6586
1.4423
1.3627
1.5967
1.6708
1.6497
1.8719
1.8378
2.0416
2.2111
2.0639
2.1158
2.1881
2.2198
1.8754
1.8724
1.7327
1.6262
1.5797
1.3567
0.9518
0.8199
1.4239
1.0676
1.3875
1.2209
1.5357
1.2732
1.4537
1.4630
1.5286
1.2894
1.4007
1.5302
1.4932
1.3893
1.4511
1.5166
1.4919
1.3932
1.3971
1.7397
1.4682
1.3606
1.2971
1.2912
1.3624
1.1785
1.1874
1.1840
1.0149
1.2559
1.1015
1.1648
1.1172
1.1150
1.0971
0.9557
1.2024
0.9582
1.1625
1.0131
0.9274
0.8515
0.9014
0.8821
1.1825
0.9000
1.1973
1.2537
1.0409
0.9905
1.0157
1.2075
1.3219
1.3275
1.1362
1.2448
0.8826
1.1785
0.9729
0.9257
1.0258
1.1974
1.2688
1.1102
0.8303
1.3732
0.8784
0.9815
0.9162
0.9835
1.1884
1.2530
1.1348
1.2234
1.3938
1.4180
1.1779
1.6362
1.6154
1.5348
1.5275
1.5424
1.4807
1.4865
1.3998
1.4880
1.5150
1.4274
0.9748
1.0471
1.2356
1.4574
1.2180
1.3722
1.4818
1.7174
1.5835
1.4948
1.2508
1.5244
1.3384
1.5400
1.5705
1.3185
1.7667
1.7769
1.6431
1.6562
1.8295
1.9298
1.6842
1.5208
1.5231
1.3213
1.1445
1.4082
1.5834
1.5559
1.4498
1.3767
1.4023
1.3653
1.3743
1.3141
1.4309
1.5537
1.9648
2.1372
1.9199
2.0454
2.1548
1.8070
1.5780
1.5450
1.8565
1.5793
1.5025
1.3515
1.3626
1.4496
1.8905
1.8900
1.4791
1.5348
1.3833
1.4136
1.3631
1.3743
1.2872
1.3471
1.2899
1.4159
1.4799
1.1837
1.4044
1.3459
1.4704
1.2202
1.3178
1.2353
1.4073
1.2152
1.1777
1.1757
1.2041
1.1567
1.1992
1.1339
1.4700
1.6472
1.8707
1.7388
1.8213
1.4548
1.5315
1.5078
1.1990
1.4621
1.5181
1.2508
1.8771
1.4948
1.5983
1.8179
1.9504
1.8224
1.7063
1.5206
1.4724
1.5514
1.4859
1.9194
1.8325
1.8356
1.8808
1.6876
1.4786
1.3968
1.8695
1.7679
1.5896
1.6290
1.5494
1.6168
1.5716
1.4838
1.2507
1.4556
1.4763
1.5255
1.5604
1.5754
1.5847
1.6902
2.0152
1.7019
1.9057
1.7572
1.7198
1.7110
1.3997
1.6983
1.7890
2.3267
1.8021
1.9948
1.6729
1.8825
1.8128
1.6058
1.5855
1.4249
1.6919
1.4269
1.2710
1.2317
1.1692
0.9648
1.0641
1.0627
1.2747
1.5638
1.2852
1.4184
1.6087
1.6772
1.5493
1.7329
1.4391
1.5232
1.4808
1.4868
1.6551
1.3713
1.4533
1.5145
1.4795
1.1560
1.3442
1.1337
1.1525
1.4383
1.5515
1.4794
1.3026
1.1668
1.3062
1.3987
1.4412
1.3582
1.1480
0.9831
1.2496
1.4797
1.0394
1.0917
1.1441
1.2704
1.2270
1.2240
1.0248
0.9784
1.3034
1.3802
1.2616
1.4073
1.3888
1.0619
1.6875
1.5712
1.3614
1.3297
1.4762
1.6240
1.6166
1.0963
1.6221
1.7201
1.5898
1.2534
1.5018
1.0259
1.4292
1.6870
1.6487
1.3266
1.5412
1.6007
1.4139
1.4247
1.6919
1.5992
2.0159
2.2802
2.2827
1.7500
1.5314
1.6879
1.4537
1.3412
1.6073
1.8080
1.6823
1.4729
1.9820
2.0264
2.4456
2.2988
2.2030
1.8981
2.1139
1.9290
1.9107
2.1223
2.3120
2.1666
1.8906
1.8948
1.6346
2.2289
2.0059
1.8632
1.6996
1.7482
1.9624
1.7095
1.6671
2.0068
1.8858
2.2821
2.6549
2.4363
2.2182
2.0754
1.7743
2.0345
2.0534
2.0433
1.6915
2.1391
1.7274
1.7679
1.6943
1.3808
1.0717
1.4044
1.2927
1.5104
1.5197
1.8373
2.0725
1.8215
1.6100
1.5840
1.8941
1.8599
1.5608
1.5868
1.7604
1.4484
1.3265
1.3613
1.4831
1.3322
1.4996
1.5343
1.3835
1.3093
1.4639
1.0388
1.4612
1.4851
1.7357
1.5725
1.4267
1.7494
1.5837
1.6734
1.5971
1.7113
1.7002
1.6086
1.4215
1.3705
1.2569
2.0019
1.5520
1.2693
1.8232
1.6814
1.5569
1.8116
1.8631
1.7515
1.5114
1.3119
1.5841
1.8458
1.5265
1.9241
2.4486
2.6014
2.3150
2.3457
1.8735
1.6484
1.5536
1.2660
1.2978
1.3775
1.6870
1.4903
1.4529
1.8055
1.4050
1.2366
1.3572
1.7019
1.7627
1.8364
1.7841
2.3602
2.0395
2.1273
1.8763
1.8881
1.9779
2.0267
2.0579
2.2569
1.9067
1.9552
2.0869
2.4431
2.4931
2.4262
2.5303
2.6318
2.2831
1.9421
1.9620
2.2670
2.4478
2.1610
1.7831
2.1935
2.1113
2.2771
2.3777
2.1849
1.9518
2.1745
2.2616
2.2159
2.3823
2.5065
2.7361
2.2726
2.4926
2.6613
2.1523
2.2342
2.3625
2.3233
2.5517
2.5269
2.1973
2.1089
1.9608
1.8579
2.0122
2.0386
1.9765
1.8375
2.0146
1.6345
1.8079
1.8134
1.6628
1.2852
1.5295
1.6958
2.0476
1.8006
1.6981
2.0183
2.1802
2.1411
2.0510
1.9790
2.0735
1.7613
1.8336
1.7871
1.9569
1.4842
1.5166
1.3787
1.6621
1.5744
1.7541
1.6035
1.3762
1.4738
1.6120
1.9848
2.1001
1.6837
1.7232
1.7871
2.0117
2.4850
2.4829
2.6921
2.4648
2.4706
2.1353
2.1286
2.2758
2.0355
1.6761
2.1435
2.2661
2.4152
2.3349
2.2963
2.5366
2.4901
2.2893
2.4118
2.4372
2.5202
2.3198
2.0151
2.2274
2.1773
2.3644
1.7737
2.0691
1.8087
2.0302
2.1455
2.2524
1.9926
2.1331
2.1022
1.5923
2.4130
2.1126
1.7611
1.7254
2.1971
1.9353
2.0703
1.8715
2.3842
2.1163
2.3980
2.0318
2.2360
2.2591
1.9191
1.7748
1.7171
1.2732
1.7418
1.4867
1.4423
1.6529
1.8326
1.9486
2.0866
2.0483
1.9546
2.2096
1.9020
1.8561
2.0445
2.2944
2.3082
1.9858
1.7372
2.0342
2.0040
1.8342
1.7096
1.6847
1.8808
1.8095
1.9570
1.8637
1.6875
1.5696
1.3636
1.3740
1.4666
1.5235
1.3014
1.4826
1.3645
1.8236
1.7600
1.7281
1.7058
1.8104
2.0424
1.8989
1.8167
1.6073
1.7969
1.8693
2.3724
2.2098
1.8965
2.4093
1.9630
2.0814
2.1089
1.8805
1.8969
1.8457
1.9129
1.8731
1.5951
1.4439
1.5154
1.2795
1.4747
1.6777
1.4215
1.5377
1.5298
2.0225
1.4014
1.7142
1.7508
2.0640
1.7961
2.4319
2.0013
1.6712
1.7625
1.8416
1.6116
1.6331
1.8373
1.9485
2.0468
1.9533
1.7089
1.8556
1.9392
2.0742
2.2880
2.1659
2.2250
2.5238
2.4041
1.9814
1.8933
1.8393
1.5871
1.5297
1.6438
1.4681
1.3169
1.3836
1.5493
1.7387
1.5229
1.4427
1.2377
1.3484
1.2160
1.5951
1.2040
1.7668
1.3828
1.1844
1.2480
1.7280
1.8510
1.7179
1.6974
1.9422
1.8354
1.6183
1.7008
1.5934
1.6042
1.5124
1.9130
1.9698
1.5842
1.6515
1.6268
1.9113
1.8146
2.1260
1.8016
2.2461
1.8137
2.0305
2.3782
2.2311
2.1476
2.3285
1.9270
1.6545
1.8747
2.1800
1.9060
1.9502
1.6163
1.8256
1.4023
1.4384
1.2282
1.4968
1.2663
1.2283
1.5954
1.5325
1.4136
1.3098
1.7064
1.3575
1.6700
1.5755
1.7474
1.7277
1.8988
1.4896
1.8320
1.7860
2.0687
1.6148
1.5419
1.7558
1.8245
1.8545
1.5797
1.3941
1.4848
1.5046
1.3253
1.6869
2.0923
1.8725
1.9831
1.8012
2.2055
1.6867
2.0018
1.6622
1.5813
1.7725
2.0879
2.0428
2.3804
2.3522
2.2245
1.8730
1.7762
1.7339
1.8886
1.9490
2.2480
1.9010
1.8914
2.0173
2.0216
2.5805
2.3599
2.2997
2.4655
2.5509
2.6520
2.9541
2.8654
2.2898
2.0582
1.8035
1.7042
2.1376
2.0614
1.8296
1.7473
2.0571
1.8555
1.6636
1.8598
2.0394
2.4262
2.4298
2.4515
2.4457
2.7051
2.3946
2.7020
2.4585
2.7313
2.8205
2.6101
2.8717
3.1246
3.1999
2.9892
3.1556
2.7688
2.3141
2.1888
2.2372
2.2214
2.2682
1.8090
2.4359
2.1765
1.9239
1.6460
1.8963
1.6746
1.8458
1.8685
1.9053
2.0814
2.2776
2.1226
1.9679
1.8678
1.5537
2.0169
2.1486
2.0018
1.6240
1.8840
1.4905
1.6895
1.3034
1.0933
1.5494
1.4679
1.0915
1.2796
1.3717
1.5765
1.1626
1.4478
1.4154
1.6877
1.7584
2.0904
1.8404
1.6462
1.5158
1.3592
1.4220
2.1348
1.7336
1.9425
2.0402
2.2360
2.0479
2.3084
2.3219
2.5195
2.6893
2.3642
2.3661
2.3268
2.0453
2.1094
2.0387
1.8913
1.6501
1.5495
1.8062
1.8084
1.7912
1.9479
1.7444
1.6560
1.6957
1.3783
1.6658
1.5032
1.1308
1.3638
1.4713
1.4823
1.5571
1.6636
1.4858
1.6564
1.5448
1.1932
1.4773
2.1062
2.0085
1.7356
1.5378
1.3860
1.3052
1.2423
1.4166
1.5619
1.5550
1.7479
1.6720
1.2104
1.0925
0.9185
1.6505
1.5906
1.4677
1.3214
1.5654
1.4842
1.3898
1.2811
1.4933
1.2497
1.2789
1.3533
1.1813
1.0491
1.0354
1.1528
0.9609
1.3993
1.2665
1.3706
1.7344
1.6390
1.5192
1.1050
1.5154
1.4042
1.4210
1.2308
1.1225
1.3022
1.4161
1.1076
1.2551
1.3255
0.9105
1.1572
1.2374
1.2711
0.9099
1.1790
0.8671
1.0379
1.1524
1.1613
1.2802
1.2265
1.4243
1.1459
1.1445
1.0894
1.1315
1.1052
1.3139
1.2189
1.0965
1.0551
0.9590
1.0262
1.1151
1.5562
1.3311
1.7065
1.0988
0.9900
1.5309
1.8523
1.5847
1.5991
1.3712
1.3392
1.4511
1.1758
1.2978
1.2830
0.9833
1.1151
1.0215
0.8968
0.8346
0.9392
0.9323
0.7850
0.9875
0.8796
0.9474
1.0374
1.0284
1.1251
1.2007
1.2771
1.1590
1.1717
1.1420
1.2964
1.5361
1.2240
1.2698
1.2132
1.3009
1.3122
1.1905
1.2452
1.3335
1.2456
1.3843
1.4023
1.6329
1.4050
1.6016
1.1242
1.0864
1.2341
1.5328
1.6223
1.6562
1.8836
1.5160
1.3880
1.1625
1.2831
1.3194
1.1006
1.2909
1.1805
1.3259
1.3468
1.3398
1.2383
1.1035
1.1251
1.4778
1.5270
1.3946
1.5908
1.1253
1.2892
1.2496
1.3312
1.3670
1.2791
1.3656
1.2591
1.2872
1.1902
1.0668
1.1633
1.0891
1.1941
1.1286
1.6190
1.5622
1.8735
1.6839
1.5553
1.3425
1.6441
1.6686
1.6996
1.5950
1.5455
1.5545
1.5781
1.3309
1.6228
1.6762
1.4438
1.5135
1.9592
1.9187
1.9563
1.6605
1.4887
1.6285
1.5595
1.5883
1.5401
1.7568
1.5941
1.6379
1.5663
1.6467
1.6908
1.6413
1.9881
2.0920
2.0333
2.0154
1.8504
1.7665
1.7607
1.8743
1.9886
1.7897
1.8941
1.9801
1.6996
1.7778
1.9014
1.9013
1.8631
1.7290
1.9367
2.1158
2.0172
1.7280
1.5146
1.7775
1.6142
1.7375
1.8961
1.7361
1.7590
1.2770
1.5429
1.6655
1.4774
1.7497
1.5643
1.4027
1.4455
1.5917
1.2091
1.2266
1.3044
1.4488
1.2209
1.4648
1.4445
1.1891
1.2846
1.0152
1.0570
1.1238
0.9227
1.2569
1.0893
1.3868
1.2660
1.5207
1.6458
1.4848
1.4663
1.6194
1.6374
1.4730
1.3721
1.4802
1.8184
1.4375
1.4676
1.6818
1.7651
1.5781
1.0837
1.2971
1.3972
1.6276
1.6691
1.8141
1.7048
1.5364
1.4379
1.5431
1.6056
1.1739
1.5516
1.6620
2.1763
1.8793
1.5898
1.7645
1.9841
1.8445
1.4630
1.7638
1.4471
1.2843
1.5018
1.5496
1.9483
1.8428
1.9050
1.8492
1.7006
1.7155
1.7334
1.6944
1.6902
1.7022
1.8235
1.9582
1.4923
1.6277
1.8080
1.7380
1.8675
1.5255
1.6047
1.8002
1.6869
1.6860
1.6361
1.8778
1.7961
2.0010
2.1187
1.8576
1.3687
1.4282
1.8678
1.7595
1.4876
1.6928
1.6195
1.4770
1.8045
2.0155
2.0254
1.9959
1.7174
1.8272
1.7509
2.1202
1.9491
2.1310
1.9897
1.8039
2.2060
2.1997
2.0627
2.0849
2.2415
2.1129
2.3558
2.1487
1.9935
1.7241
1.5699
1.5884
1.7099
1.7265
1.7906
1.5174
1.5976
1.9804
1.8928
1.9659
2.0141
1.6292
1.9030
1.7509
1.7090
1.9300
1.6742
1.7448
1.7506
1.9418
1.7709
1.9053
1.5283
1.8972
1.9039
2.1022
1.9353
1.8705
1.8174
1.8712
2.0740
1.9144
1.6511
1.5627
1.7149
1.4240
1.1732
1.2305
1.1064
1.3554
1.2405
1.1793
1.3442
1.3486
1.2916
1.0917
1.5461
1.4889
1.1477
1.3721
1.4314
1.6192
1.5852
1.5954
1.5833
1.4871
1.4015
1.5085
1.7192
1.6180
1.6042
1.3156
1.5123
1.5279
1.2331
1.6668
1.5276
1.3907
1.5157
1.2591
1.5191
1.3151
1.3221
1.4727
1.8071
1.7795
1.9696
2.3029
2.2280
2.1868
1.8219
1.7766
1.6765
1.7253
1.8046
1.6903
1.6695
1.7632
1.9713
1.4763
1.3386
1.4093
1.0841
1.1035
0.9151
0.9798
1.1805
0.9500
1.1779
1.0621
1.3991
1.1062
0.9240
0.5757
0.9731
0.9927
0.9489
1.0728
1.1104
0.9490
1.1660
1.0924
1.0330
0.8524
0.9758
0.8953
1.1001
0.7705
0.9696
1.1049
1.1675
1.0854
1.3872
1.1042
1.1712
1.1079
1.6203
1.4851
1.3653
1.2599
1.2151
1.3274
1.3648
1.3348
1.2103
1.2652
0.9922
1.2141
1.1230
1.1692
1.3753
1.1518
1.1848
1.4039
1.2217
1.5160
1.5797
1.2228
1.2553
1.1673
0.9940
1.0151
1.1529
0.9487
1.0879
1.3013
1.2668
1.7022
1.2939
1.5716
1.3273
1.7475
1.5495
1.3944
1.7373
1.8083
1.8345
1.5278
1.5071
1.5874
1.2391
1.2897
1.3081
1.1294
1.3580
1.3946
1.6363
1.5456
1.4522
1.4573
1.6326
1.6770
1.7933
1.7689
1.8168
1.6676
1.9429
1.6862
1.6938
1.2381
1.5449
1.6801
1.9076
1.7643
1.6209
1.4313
1.7159
2.0792
1.7712
1.5941
1.2857
1.3272
1.4053
1.4939
1.4620
1.4671
1.6717
1.7823
1.7404
1.4135
1.5561
1.2882
1.6223
1.2612
1.2807
1.3359
1.2318
0.9557
1.0920
1.0534
1.1063
0.8664
0.8957
1.0466
1.1701
1.1798
1.2873
1.2690
1.1418
1.3501
1.3417
1.0908
1.4306
1.1854
1.4191
0.9246
0.9990
0.9764
1.2216
1.1979
1.0761
1.1425
1.3043
1.8645
1.7196
1.9819
1.7527
1.7410
1.4380
1.0283
1.1262
1.3100
1.3131
1.1533
1.1932
1.1400
1.2691
1.0942
1.3036
1.0373
0.8389
1.0014
1.1518
0.9693
1.3771
1.5549
1.4933
1.5148
1.2916
1.4538
1.7176
1.2430
0.8986
1.2875
1.3648
1.4968
1.5512
1.2720
1.6004
1.3639
1.5957
1.3360
1.2509
1.3943
1.2338
1.2588
1.6556
1.6841
1.7123
1.4523
1.3525
1.1764
1.1132
1.4708
1.2416
1.1292
1.1511
1.3948
1.3029
1.5761
1.3817
1.4225
1.3567
1.3608
1.0742
1.2898
1.3813
0.9018
0.8908
1.0352
1.0424
0.9542
1.0119
1.0910
1.0398
1.4344
1.2253
1.1780
1.4919
1.2760
1.4978
1.3181
1.1996
1.3701
1.2434
1.0147
1.0813
0.7740
0.9881
1.3566
1.1100
1.2823
0.9288
1.1888
1.1328
1.1768
0.8906
1.0458
1.0775
1.1551
1.1201
1.3218
1.3791
1.3673
1.2441
1.3096
1.0578
1.3154
1.2018
1.3194
1.4483
1.5015
1.0577
1.0473
1.1587
1.2857
1.1044
1.1736
1.2639
1.2940
1.3452
1.3134
1.7443
1.2062
1.3687
1.3854
1.3805
1.3115
1.4417
1.2544
1.5966
1.1519
1.3091
1.5979
1.5612
1.6234
1.4276
1.7592
1.6168
1.4802
1.2527
1.5470
1.5285
1.3275
1.2402
1.5163
1.3610
1.5263
1.4565
1.5365
1.3029
1.6554
1.9753
1.5971
1.5281
1.6384
2.0568
1.8143
1.5717
1.4272
1.7351
1.4448
1.4722
1.5895
1.4705
2.0177
1.5652
1.5488
1.5453
1.5368
1.6154
1.6820
1.6128
1.4893
1.5577
1.8007
1.7777
1.4724
1.5632
1.7099
1.6571
1.7805
1.6107
1.3711
1.4800
1.3877
1.6226
1.6066
1.4749
1.0885
1.4723
1.3505
1.4621
1.6647
1.4797
1.5217
1.1923
1.0339
1.0712
1.4062
1.2584
1.4706
1.1108
1.3042
1.1180
1.4896
1.3911
1.2380
1.6283
1.5793
1.5483
1.6261
1.4778
1.5506
1.2113
1.2986
1.1040
1.1919
1.1487
0.9627
1.4526
1.1423
1.1345
0.9963
1.5181
1.1237
1.1705
1.0290
1.0767
1.3362
1.3970
1.3838
1.4634
1.5259
1.5130
1.2680
1.4488
1.3618
1.3963
1.0494
1.2358
1.1442
1.2593
1.1704
1.5363
1.4474
1.4752
1.0558
1.1851
1.0605
1.2540
1.3326
1.2956
1.6024
1.5863
1.6220
1.0772
1.3289
1.2464
1.7530
1.3809
1.4192
1.4923
1.3141
1.5154
1.3849
1.3592
1.2501
1.1698
1.4734
1.4865
1.3978
1.3969
1.2014
1.2870
1.1706
0.9508
1.1774
1.1830
1.0988
1.1013
0.9344
0.8990
1.0007
0.9426
1.2377
1.0726
1.2860
1.3127
1.3390
1.3113
0.9295
1.3851
1.5108
1.4463
1.4759
1.1862
1.2070
1.0705
0.7911
1.3051
1.2037
1.3633
1.5477
1.4105
1.3398
1.3584
1.5490
1.5808
1.4841
1.3575
1.3111
1.3644
1.3074
0.9832
1.1440
1.5498
1.2978
1.6869
1.1144
1.4057
1.1505
0.9753
0.9788
0.9331
1.1484
1.3432
1.1606
1.2253
1.3631
1.3392
1.5638
1.7134
1.5028
1.5553
1.7571
1.6723
1.6299
1.3010
1.3113
1.1927
0.8929
1.1651
1.2095
0.9702
0.9964
1.1156
1.0865
1.0104
1.2092
1.3643
1.7668
1.6163
1.7466
1.8966
1.6134
1.4865
1.2763
1.3114
1.1711
1.2178
1.2767
1.1588
1.2590
1.3317
1.3590
1.0776
1.3936
1.7127
1.5163
1.6591
1.5238
1.6051
1.1754
1.3296
1.5819
1.4273
1.7497
1.8585
1.9129
1.7046
1.6183
1.8038
1.4493
1.8108
1.6184
1.2067
1.4329
1.6537
1.6333
1.3670
1.2429
1.1125
1.3529
1.2378
1.1356
1.3659
1.3447
1.3300
1.2881
1.4115
1.1431
1.3893
1.4299
1.0786
1.4965
1.0439
0.7938
1.0740
0.8218
0.9209
0.9846
1.3316
1.1582
0.9822
1.4008
1.2471
1.1225
0.8746
1.0854
1.1825
1.0493
1.1471
1.2619
1.0897
1.2334
1.4672
1.1606
1.1164
1.1098
1.2355
1.3385
1.2247
1.0188
1.4668
1.6476
1.1240
1.0483
1.0991
0.9194
1.2732
0.9275
1.1853
1.2268
1.3415
1.6101
1.7197
1.7133
1.4182
1.5470
1.2660
1.1143
1.0222
1.3314
1.0654
1.2503
1.2441
1.1850
0.7491
0.9665
1.1780
1.1597
1.2432
0.9514
1.0308
0.9653
1.2090
1.0733
1.0364
1.2154
1.3473
1.2542
1.4997
1.2798
1.3049
1.1559
1.4676
1.5004
1.4356
1.2429
1.2746
1.4200
1.2533
1.2260
1.4536
1.1816
1.2126
1.2705
1.2429
1.1139
1.3605
1.2868
1.4046
1.3630
1.5153
1.3350
1.5166
1.2661
1.2857
1.3344
1.3412
1.4107
1.3434
1.3304
1.2508
1.5082
1.8481
1.9375
1.8062
1.5629
1.4052
1.5474
1.6885
1.7963
2.1391
1.9404
1.5199
1.7647
1.5665
1.4764
1.6583
1.8924
1.6711
1.5849
1.3216
1.2995
1.6561
1.3763
1.1149
1.3842
1.4533
1.2376
0.9619
1.0772
1.3802
1.3531
1.6234
1.5342
1.2980
1.5976
1.2921
1.2100
1.3354
1.2669
1.4634
1.4478
1.8572
1.6927
1.6840
1.2220
1.4888
1.2997
1.1611
1.1440
1.4270
1.5211
1.1403
0.9629
1.0152
0.8563
0.8727
0.9573
1.5906
1.1165
0.8852
0.7604
0.9564
1.0284
1.1248
0.8677
0.8761
0.7422
0.9131
1.1767
1.1950
1.1466
1.1503
1.0339
1.1907
1.2711
0.8138
0.9176
1.0449
0.6816
0.8691
1.1345
1.0165
1.0592
0.8591
1.1652
1.4553
1.1171
1.3558
1.6024
1.5587
1.1620
1.3247
1.2508
1.1524
1.3732
1.1910
1.5049
1.1434
1.3360
1.2237
1.2500
1.6444
1.6462
1.4814
1.3219
1.1649
1.1114
1.1165
1.2804
1.1037
1.1288
0.9721
0.8917
0.8395
1.3399
1.1183
0.9781
0.9990
0.9887
1.0304
0.9039
1.0924
1.1120
0.8923
1.1551
1.3301
1.7044
1.5841
1.4699
1.1423
1.3542
1.3052
1.0748
1.2862
0.9812
1.0295
1.1432
1.4085
1.3837
1.1756
1.3440
1.4700
1.4599
1.4969
1.5575
1.1260
1.3158
1.1237
1.3405
1.1615
1.3611
1.2389
1.6175
1.6004
1.1897
1.4666
1.8788
1.7916
1.7412
1.4960
2.1599
1.8309
1.6786
2.0859
1.6820
1.9481
1.6308
1.7761
1.4686
1.3365
1.1148
1.4095
1.2659
1.1783
1.5766
1.0702
1.1875
1.4527
1.4056
1.7738
1.5018
1.3823
1.4443
1.4734
1.4765
1.5401
1.7040
1.7557
1.7791
1.5469
1.5564
1.2842
1.7790
2.0242
1.7098
1.4514
1.3318
1.6975
2.0916
2.2549
1.9589
1.8902
1.5034
1.8533
2.1033
1.8353
1.4673
1.1316
1.1798
1.5151
1.5414
1.5104
1.6346
1.4406
1.4768
1.4754
1.5697
1.8275
1.7681
1.6986
1.4752
1.3639
1.4193
1.8890
1.6055
1.8616
1.8668
1.8661
1.7419
1.9974
1.8232
1.7850
1.4371
1.7922
1.5535
1.6526
2.0447
1.7040
1.7314
1.9432
2.0501
1.6108
1.8838
2.2018
1.9332
2.2359
1.7419
1.9528
2.0141
1.8991
1.9872
1.9032
1.7224
1.6655
1.9646
1.8328
2.0879
1.9396
2.3685
1.9905
1.5938
1.5009
1.9221
1.9008
1.6749
1.5647
1.7716
1.7153
1.6774
2.1620
1.9613
1.7593
2.1133
1.9418
1.7470
1.6280
1.6596
1.6240
1.4176
1.5872
1.7843
1.5966
1.4477
1.6033
1.3272
0.9723
1.2626
1.2697
1.3751
1.3235
1.3402
1.4830
1.3084
1.8786
2.0236
2.1942
1.9664
1.9336
1.9540
2.1643
2.0708
1.7971
1.6605
1.9515
1.8061
2.1923
1.8831
1.7873
2.0077
1.9414
2.1802
2.0602
1.8608
1.7026
1.5496
1.5309
1.6069
1.6521
1.7918
1.4536
1.3034
1.4234
1.5320
1.7971
1.2982
1.6772
1.7809
1.6674
1.8248
1.9116
2.1686
2.3079
2.0857
1.8091
1.5861
1.6112
1.7190
1.6633
1.8654
1.9350
2.1094
2.0706
1.9016
1.8618
2.2007
1.9547
1.9126
1.9559
2.1587
2.1981
2.2276
2.0379
2.2271
1.9746
2.1916
2.2731
2.2042
1.9396
1.6303
1.9645
1.6565
1.6786
1.8199
1.8600
1.7601
1.6673
1.7747
1.6887
1.5962
1.4160
1.5149
1.7093
1.3225
1.4026
1.4870
1.3597
1.2243
1.1999
1.3444
1.7518
1.1136
1.1533
1.3020
1.4055
1.2951
1.2157
0.9963
0.9390
1.1101
0.9067
1.2564
0.9807
0.9051
0.8117
1.0270
1.0140
1.2872
1.0245
0.8340
0.9484
0.9319
0.9924
1.2486
1.0876
0.8038
1.0477
1.2120
1.2544
1.3860
1.0232
1.0035
1.3212
1.1017
0.9869
0.9909
1.0701
1.0098
1.1151
1.1715
1.2377
1.1149
1.0904
1.1101
1.4778
1.3668
1.0273
1.3283
0.9164
0.8389
1.1463
1.1861
1.1832
1.0613
1.5059
1.4732
1.1156
1.2157
1.0152
1.3845
1.2353
1.3706
1.3664
1.1936
1.6578
1.4579
1.4989
1.2524
1.3177
1.3917
1.3138
1.2400
1.1620
1.3469
1.1136
1.2614
1.2437
1.2006
0.9560
1.0385
0.9687
1.2459
1.3803
1.1973
1.3681
1.3620
1.3143
1.2546
1.1461
1.7189
1.7596
2.1536
1.9323
1.9381
1.8355
1.9646
1.8080
1.8102
1.9055
1.7202
1.7916
1.5860
1.8276
1.6575
1.8248
1.7236
1.6742
1.7943
2.0443
2.0103
2.2890
2.0395
2.2374
2.0081
1.9837
2.1007
2.1396
2.1019
2.2208
2.3976
2.4452
2.0492
2.1773
1.8214
2.2764
2.3250
2.4407
2.4064
2.4362
2.4674
2.3795
2.2619
2.0748
2.0631
2.0512
2.3828
2.2357
2.2392
2.5792
2.5566
2.4724
2.5226
2.5599
2.5072
2.3837
2.5197
2.6196
2.0895
2.7914
2.9018
2.5855
2.6743
2.7299
2.9086
2.4953
2.5510
2.5057
2.2513
1.9989
2.2148
2.1914
2.5328
2.4357
2.1716
2.0752
2.0788
2.0968
1.9447
1.8791
2.0514
2.1778
2.2857
2.2469
2.0350
2.0836
2.0695
2.3079
1.5958
2.1612
1.9192
1.9329
1.8313
1.8640
2.0047
2.1153
2.0657
1.8653
1.6793
1.6655
1.6282
1.8268
1.8086
1.8677
1.9162
1.7707
2.1426
1.9425
2.3607
2.1086
1.9282
2.0421
1.8042
2.6827
2.4787
2.4358
2.2286
1.7503
2.1962
2.3719
2.2892
2.1010
1.9204
1.9119
2.1867
1.9103
2.0082
2.0394
2.0593
2.6553
2.3872
1.8421
1.8525
2.3356
2.1696
2.1377
1.9909
1.7289
1.8100
1.7334
1.7921
1.5167
1.7807
1.5094
1.6652
1.5862
1.5920
1.4538
1.3828
1.5074
1.4019
1.3179
1.6361
1.7572
1.7628
1.8212
1.7419
1.8770
1.7044
1.6053
1.6634
1.7872
1.4803
1.5415
1.4309
1.6049
1.6796
1.5696
1.7059
1.7403
1.6856
1.6799
1.7729
1.7669
1.8965
2.0731
1.9909
1.6082
1.6328
1.5427
1.6410
1.9682
1.8899
1.7885
1.3175
1.7267
1.5659
1.4866
1.4110
1.4390
1.6811
1.7156
1.3673
1.3939
1.5720
1.7062
1.5727
1.5837
1.7230
1.6427
1.6779
1.6504
1.6949
1.5652
1.6900
1.8584
1.5504
1.6836
1.5605
1.7066
1.6937
1.2739
1.5477
1.5059
1.4623
1.7255
1.7289
1.7942
2.1190
1.8123
1.9197
2.1614
1.8349
1.9397
1.4270
1.3947
1.6757
1.5526
1.8867
1.9989
2.0156
2.0978
2.0171
1.9751
1.8570
1.7364
1.7852
1.7096
1.8355
1.3936
1.3425
1.4272
1.0553
1.1017
1.2277
1.5074
1.1475
1.6399
1.7302
1.6373
1.6838
1.5705
1.5726
1.6736
1.7401
1.7803
1.5405
1.3543
1.4389
1.6660
1.4775
1.7075
1.4512
1.4843
1.4841
1.3873
1.4126
1.7735
1.6301
1.5136
1.4392
1.4539
1.7394
1.9155
1.4727
1.3849
1.2314
1.3063
1.4347
1.0398
1.1236
1.0455
1.1054
1.1775
1.8021
1.2926
1.5878
1.2853
1.4352
1.3524
1.5729
1.9879
2.0553
2.1064
1.8966
1.7907
1.8616
1.6131
1.6878
2.1396
1.4993
1.5799
1.7185
1.8103
1.4242
1.8415
2.0243
2.0710
2.1358
1.9600
2.0213
2.0100
1.7337
1.8757
1.9919
2.1308
1.8802
1.6321
1.6724
2.2041
1.9680
2.2598
2.2338
2.2689
2.3142
2.3371
2.2061
2.4357
2.4697
2.4889
2.2116
2.5948
2.5609
2.4147
2.3523
2.2523
2.8835
2.6041
2.3505
2.0304
2.1632
2.3557
2.2605
2.3255
2.4087
2.4701
2.2309
2.4946
2.2848
2.5905
2.7396
2.4585
2.4217
2.3755
2.3450
2.3695
2.2930
2.5071
2.6358
2.7653
2.5038
2.8374
2.6276
2.6343
2.5308
2.6565
2.4413
2.4030
2.6500
2.3962
2.6648
2.3614
1.8295
2.1052
2.1737
2.0440
2.1337
2.1919
2.0220
1.9327
2.1356
2.5270
2.3829
2.4380
2.6129
2.1845
2.1136
2.2884
2.3599
2.8084
2.5269
2.5272
2.3484
2.1868
2.3071
2.3517
2.7387
2.3649
2.4107
1.8826
1.9880
1.8364
1.6762
1.9447
2.1394
2.3049
2.3716
1.9418
2.0310
2.0855
2.5964
2.8296
2.6541
2.3384
2.4902
2.3318
2.4176
2.6639
2.4387
2.2546
2.0764
2.3148
2.1580
1.9967
1.8643
2.2127
2.2508
2.2041
2.6996
2.3212
2.3903
2.0832
1.9284
2.0976
2.2764
2.3382
2.0948
2.0366
1.7083
1.8163
1.5300
1.5843
1.7373
1.8420
1.7792
1.5033
1.4189
1.9777
2.1909
1.6489
1.7077
1.6086
1.5882
1.5481
1.9582
1.7337
1.6934
1.6473
2.1036
1.9127
1.9482
1.5454
1.2581
1.5015
1.5333
1.8445
1.3264
1.5499
1.5453
1.4638
1.3182
1.2159
1.3599
1.2204
1.2454
1.2360
1.2168
1.2605
1.3294
1.1020
1.2583
1.2450
1.3531
1.1473
1.5265
1.6793
1.5945
1.7905
1.5106
1.8520
1.9499
1.8348
1.5499
1.3270
1.5397
1.4232
1.3482
1.3258
1.5367
1.1350
1.5254
1.6933
1.2187
1.0592
1.0632
1.2635
1.1121
1.3683
1.1339
1.1288
1.1135
1.3106
1.4219
1.2865
1.5534
1.4307
1.0906
1.1791
0.8845
1.0349
1.1985
1.1572
1.0436
1.0557
1.1590
1.2299
1.3946
1.7379
0.9582
1.3563
1.4882
1.1328
1.3193
1.1522
1.3988
1.6527
1.7274
1.7429
1.5558
1.4333
1.6858
1.9306
1.4832
1.8628
1.6031
1.3213
1.2420
1.5789
1.7274
1.7448
1.7197
1.9810
1.6068
1.3879
1.5814
1.6278
1.6726
1.8151
1.6891
1.5004
1.2814
1.4472
1.3556
1.4991
1.1250
1.1370
1.2995
0.9592
1.1806
1.1188
1.0533
1.0371
1.0449
1.1208
1.7023
1.6470
1.6532
1.9019
1.5221
1.3833
1.3427
1.2401
1.1477
1.3162
1.2711
1.3468
1.5240
1.4653
1.5300
1.3957
1.3086
1.7311
1.7900
1.4468
1.5888
1.5224
1.7248
1.7348
1.7546
1.6643
1.6163
1.8715
1.6887
1.3465
1.0497
1.2676
1.3294
1.1911
1.2482
1.0620
0.9583
0.8176
1.1329
1.0846
1.2510
1.3541
1.4638
1.2801
1.6216
1.2030
1.4784
1.6841
1.1917
1.6768
1.5156
1.3289
1.1216
1.2919
1.2906
1.1939
0.8285
1.2992
1.1548
1.1504
1.3238
1.1408
1.3352
1.4764
1.7269
1.5238
1.3159
1.4194
1.0642
1.1451
1.4455
1.7102
1.6655
1.3293
1.4196
1.3781
1.7784
1.7891
1.6611
1.4384
1.3327
1.6260
1.6729
1.8937
1.9313
1.6078
1.7548
1.7525
1.7941
2.0293
1.8886
1.8547
1.8060
1.8133
1.7622
1.7443
1.9075
1.7133
1.5866
1.7946
2.0211
1.6272
1.7217
1.6637
1.6292
1.7614
1.7591
1.7390
1.6985
1.7533
2.1195
1.9513
1.9663
1.6632
1.9388
2.0154
1.8690
2.0396
1.8791
2.1078
2.2273
2.0919
2.1450
2.2040
2.2021
2.5503
1.8832
2.1161
1.8951
1.7867
1.9030
1.8748
1.9332
1.9631
1.6664
1.6139
1.5866
1.4066
1.6975
1.7194
1.8917
1.6440
1.5422
1.7095
1.6219
1.8240
1.6171
1.8934
1.8395
1.7593
1.7614
1.6686
1.7032
1.6755
1.7890
1.8079
2.1122
1.5247
1.6549
1.4778
1.5638
1.6221
1.6605
1.5931
1.8201
1.6870
1.9367
1.7713
1.5791
1.6735
1.6817
1.6763
1.8216
1.6848
1.7694
1.8229
1.7154
1.8911
1.8429
1.8183
1.5940
1.6804
1.9357
2.0725
1.9831
2.0057
1.9627
1.9405
1.8965
2.1042
1.9159
1.8439
1.9284
2.1254
1.6297
1.7551
1.7679
2.2300
1.8966
1.9184
1.6206
1.8675
2.0147
1.9136
2.1888
2.2693
2.3887
1.9903
2.1851
1.9659
1.9638
2.0329
1.8097
2.0681
1.7177
1.7655
1.5516
1.4517
1.5028
1.7023
1.4173
1.6747
1.6075
2.0607
1.9469
1.9291
1.5789
1.5392
1.3089
1.2042
1.8429
1.7267
1.7053
1.6146
1.7943
1.7695
1.9415
1.6464
1.3397
1.8679
1.5661
1.3956
1.5060
1.5174
1.4382
1.5979
1.5958
1.1745
1.7147
1.6371
1.2814
1.5232
1.2626
1.4271
1.5749
1.5451
1.5803
1.1511
1.1963
1.1948
1.3396
1.1086
1.4275
1.4206
1.3557
1.3238
1.4493
1.5866
1.4417
1.4334
1.3725
1.2344
1.3285
1.1486
1.4792
1.4911
1.2267
1.1039
1.1572
1.3600
1.5421
1.6643
1.5741
1.2903
1.3545
1.0617
1.6866
1.4977
1.5040
1.4980
1.6221
1.1056
1.1199
1.2435
1.4453
1.9929
1.3769
1.5828
1.3493
1.3319
1.4027
1.4503
1.5450
1.4337
1.2907
1.5615
1.3681
1.6410
1.7384
1.8041
1.9793
1.6066
2.0888
2.1967
1.7360
1.5419
1.6170
1.7237
1.8976
1.6689
1.9270
1.3912
1.3278
1.9376
1.3800
1.4675
1.4981
1.1749
1.3069
1.4802
