3.2673
3.3911
3.4856
3.3747
2.8809
3.0639
2.9650
3.1676
3.1807
3.1653
3.0665
3.3504
3.6295
3.5879
3.3046
3.4066
3.3153
3.3330
3.0684
3.1384
3.1782
3.3667
3.0163
3.1821
2.9165
2.8734
3.0028
3.1837
2.7169
3.0295
2.8676
3.0200
3.0533
2.9987
3.4944
3.0187
2.9706
3.0489
2.8449
2.8996
2.8352
2.7343
2.6350
2.7152
2.7853
2.7631
2.8764
2.9710
2.9435
3.0574
3.0440
3.2051
2.9954
2.9266
3.2434
3.0135
3.0983
3.0077
2.9734
2.8556
2.9838
2.6901
2.9596
2.8474
2.9607
3.0566
3.3085
3.0473
3.0223
3.0036
2.9247
3.0282
2.8909
2.7550
2.7603
3.1886
2.8164
2.9969
2.9681
2.8337
2.8513
2.8520
2.7460
3.0071
2.6498
2.6829
3.1009
2.9813
2.8993
3.0084
3.2809
3.1400
3.3274
3.2837
3.5482
3.3851
3.3934
3.3683
3.3776
3.5824
3.4119
3.3272
3.2076
3.1755
3.3971
3.5678
3.2766
3.1096
3.3808
3.5602
3.3852
3.5578
3.0043
3.5345
2.9327
3.2978
3.1116
3.2570
3.2367
3.0576
3.6036
3.3540
3.5288
3.7313
3.6446
3.7310
3.7162
3.6266
3.3203
3.4653
3.4942
3.3615
3.2257
3.0552
3.4059
3.1860
3.4571
3.3810
3.3658
3.2869
3.5159
3.0693
3.0148
3.3468
3.3053
3.2303
3.3135
3.5080
3.5136
3.3090
3.1490
3.2831
3.4672
3.3234
3.2478
3.3780
3.1741
3.4644
3.6760
3.7397
3.1657
3.4673
2.9363
3.2477
3.2913
3.5618
3.4924
3.3795
3.0776
3.1090
3.0462
3.3843
3.7052
3.6816
3.6555
3.5712
4.3661
4.0627
3.8625
3.9627
3.9337
3.6628
3.5679
3.7436
3.1902
3.5274
3.6717
3.4651
3.7870
3.6989
4.0419
3.6055
3.8833
3.9010
3.6190
3.9093
3.7948
3.8886
3.7457
4.0405
4.0712
4.0390
3.9246
4.1601
3.9727
3.6401
4.2012
4.0704
3.9703
3.8975
3.9779
4.1291
3.5223
3.6270
3.7806
3.8758
3.6645
3.5699
3.0281
3.3944
3.8175
3.6488
3.9198
3.5651
3.6213
3.5771
3.4826
3.3508
3.6584
4.0218
3.8457
3.4973
3.8605
3.8116
3.6266
3.5849
3.5291
4.2114
4.2703
4.1252
4.0148
3.9095
4.0007
3.9272
3.8372
3.9058
3.9860
3.8441
3.8664
3.8851
3.7904
3.9894
4.0850
3.9632
3.8683
3.9347
4.3002
4.1601
3.9316
4.0709
4.1766
3.6820
4.6094
4.2960
4.3508
4.1710
4.1444
4.4013
3.9610
4.1047
3.4809
3.7661
3.7552
3.9754
3.8990
3.9336
4.2161
4.0184
3.9909
3.8639
4.1918
4.3458
4.4578
4.3695
3.9644
4.1692
4.0064
4.0527
3.8996
3.8710
4.1785
4.1424
4.2888
4.3879
3.9829
4.0503
4.3616
4.1754
4.1568
4.4343
4.0428
4.1539
3.9145
4.1227
4.1818
4.3838
3.9309
4.2461
4.1181
4.3597
4.3212
4.2240
4.4646
4.4458
4.7547
4.2551
4.5399
4.4929
3.9178
4.0981
3.9831
3.8684
4.0202
4.2548
3.7021
3.7763
3.7783
3.9070
3.9030
4.2473
3.9214
3.7887
3.8385
4.3221
4.0736
4.0561
3.9375
3.8397
4.1977
4.2751
3.6716
3.8677
4.1556
4.0165
3.7938
3.6184
3.8432
4.0892
3.7982
3.7907
3.8980
3.8266
3.6203
3.9067
4.0920
4.0644
3.7047
4.0508
3.9216
3.8937
3.9395
4.0669
3.7021
3.8944
4.3066
3.8463
4.0542
4.1624
3.7826
3.8678
4.1033
3.8468
3.7649
3.7512
3.5935
3.7843
3.7063
3.7371
3.8485
3.5878
3.9570
3.8317
3.8327
3.7573
3.9533
4.0106
3.6661
3.6356
3.6431
3.6116
3.9224
4.0955
3.9733
3.9997
3.9832
3.8644
3.9891
4.0258
4.2994
4.1937
4.1997
4.1690
4.0512
4.3321
4.1137
4.2207
4.3470
4.1139
3.9368
4.1032
3.9477
4.4792
4.2381
4.5151
4.6204
3.7239
4.0158
3.8300
4.2474
3.7689
3.9618
3.6882
3.6759
3.7411
3.8757
3.9047
3.6672
3.7873
3.8050
3.9484
3.8154
3.7663
3.6659
3.3308
3.1340
3.3083
3.4881
3.5017
3.4776
3.9124
3.8062
4.0443
3.9530
3.9829
3.6525
3.9795
3.9236
3.6960
4.1552
4.1464
3.9224
3.9209
3.8595
4.4417
4.1397
4.2684
4.2047
4.5656
4.2161
4.0531
4.2144
4.0555
3.7240
3.9815
4.0462
4.0821
3.6563
3.6357
3.8653
4.0386
3.8340
3.7588
3.8232
3.5385
3.5845
3.4836
3.9648
3.8791
3.9896
3.8071
3.8707
3.7274
4.0405
4.2293
3.8419
4.0935
4.0553
4.0672
4.0221
3.8792
3.9713
4.1639
4.0549
3.9373
3.8178
3.8396
3.5682
3.7585
3.8260
3.9157
3.7139
3.8185
3.8416
3.7482
3.7170
3.9557
4.1656
3.6886
4.0379
3.7788
3.6398
3.7028
3.7210
3.6286
4.1172
3.8362
3.8967
3.6918
3.9263
3.8646
3.9032
3.8134
3.6160
3.7312
3.6598
3.8301
3.5709
3.7722
3.9909
3.8989
4.2729
3.7825
3.9372
3.8507
3.6887
3.6424
3.6141
4.1003
3.8929
3.9748
4.1587
3.8068
3.7748
4.1226
4.1205
3.6286
3.9136
4.0493
4.0215
3.8678
3.9503
3.9244
4.4408
4.2255
3.9211
4.3997
4.2134
4.3283
3.9703
3.8615
4.0393
4.2632
4.4018
4.6475
4.9205
4.3379
4.2869
4.0641
4.0103
4.2627
4.3474
4.2103
4.3169
4.0675
4.0743
3.9357
3.9167
4.0923
3.7422
4.3105
4.3771
3.9283
4.0616
4.1416
4.4609
3.8458
3.9047
4.1805
3.8517
4.0786
4.2847
4.3379
3.8918
4.0165
3.9916
4.1503
4.0483
4.0360
3.9438
3.8921
4.1020
3.9084
3.9724
4.0504
4.0403
4.3338
4.4708
4.1636
3.8039
4.0974
4.2082
4.2824
4.1093
3.6071
4.1260
4.3137
4.2396
4.0533
4.4707
4.1126
4.1914
4.1600
4.0067
4.1427
4.3242
4.1851
4.0295
3.8747
3.8329
4.3270
4.3016
4.3613
4.3825
4.1699
4.1837
3.9408
3.9960
4.0394
3.9759
4.1926
3.9296
4.1407
4.0995
4.1744
3.9631
3.8866
4.1335
4.0520
3.9278
3.9515
4.0808
3.9248
4.0293
4.1965
4.2266
3.9152
3.8674
4.2073
4.3831
4.2851
4.5517
4.1626
4.3387
4.1275
4.4478
4.2741
4.3281
3.8796
4.0717
4.3383
4.6921
4.4038
4.1441
4.1611
4.7490
4.6238
4.6357
4.5807
4.6722
4.5301
4.3344
4.0288
4.4813
4.7365
4.5297
4.3316
4.5519
4.1135
4.6757
4.6670
4.0614
4.1094
4.1881
4.4323
4.3759
4.1798
4.2671
4.1459
4.5575
4.3388
3.9182
4.2495
3.9293
3.8680
4.2233
4.1794
4.1361
4.3157
4.2540
4.6117
4.7009
4.4555
4.4797
4.4130
4.6539
4.2838
4.3217
4.0362
4.1378
4.0931
4.3348
4.2591
4.2146
4.1640
4.5108
4.5729
4.7673
4.5062
4.4922
4.2497
4.3589
4.2735
4.5576
4.5300
4.4801
4.2536
4.2707
4.2356
4.2986
4.1900
4.1296
4.2393
4.3194
4.1854
4.4879
4.6237
4.2295
4.5113
4.5037
4.1689
4.2001
4.3165
4.5047
4.4116
4.3785
4.3760
4.6782
4.7925
4.5749
4.1192
3.8814
4.3720
4.2326
4.0233
4.5014
4.0880
4.1665
4.3805
4.0397
4.4468
4.5817
4.4674
4.5437
4.5584
4.3209
4.2487
4.4415
4.7694
4.4860
4.5779
4.2252
4.1825
4.0548
4.1837
4.1005
4.3846
4.2415
4.1784
4.6856
4.2848
4.3965
4.0349
4.4215
4.3624
4.5411
4.5017
4.4435
4.4906
4.7337
4.6693
4.3272
4.6570
4.4348
4.5344
4.3233
4.2770
4.3013
4.5579
4.5004
4.8726
4.3980
4.8523
4.9035
4.7645
4.1859
4.3719
4.3479
4.3841
4.1773
4.0098
4.0620
4.0617
4.3899
4.4836
4.4268
4.1607
3.6167
3.9756
4.0760
4.4253
4.3886
4.4237
4.5805
4.4628
4.1107
4.2484
3.9169
4.1243
4.4350
3.8850
4.1205
4.0454
4.1778
4.5483
4.6167
4.4894
4.5353
4.2025
4.0636
4.4948
4.2799
4.5535
4.1757
4.5348
4.1796
4.2895
4.4228
4.4645
4.1925
4.4903
3.9524
4.4968
4.1602
4.1753
3.8098
4.3246
3.9428
4.1746
4.1818
4.1022
3.7513
4.5091
4.2068
3.9517
3.9776
4.1039
4.1190
4.1110
4.1332
4.6005
4.3107
4.3841
3.7645
3.9856
4.4032
4.2726
4.0797
4.2925
4.0734
4.3331
4.3546
4.2573
4.1758
4.0388
4.1129
4.3054
4.3984
4.2631
4.2973
4.1322
3.6816
3.3034
3.4822
3.5706
3.9178
4.3565
4.1601
4.1763
4.1022
4.6353
4.4614
4.2045
4.2340
4.2433
4.0320
4.0619
3.9236
4.1570
3.9509
4.0278
4.1908
4.4384
4.2437
4.4810
4.1784
3.9383
4.3562
4.1167
3.8834
4.2547
4.0189
4.0968
4.2153
3.9129
4.0601
4.2318
4.4706
4.1319
3.9046
4.3171
4.2638
3.9893
4.3980
4.5073
4.3105
4.6657
4.4855
4.1966
4.2880
4.4116
3.9658
4.3161
4.3043
4.4177
3.9185
4.2046
4.3511
4.1949
4.0614
4.3182
4.4829
4.6025
4.3438
4.5140
4.2598
4.5286
4.3845
4.7701
4.5206
4.4546
4.6843
4.3069
4.1770
4.4118
4.6427
4.8035
4.8870
4.6128
4.5930
4.6889
4.3893
4.6284
4.4472
4.3689
4.7538
4.4629
4.3821
4.5154
4.4752
4.6132
4.8874
4.6890
4.5618
4.7043
4.6288
4.7178
4.6928
4.5424
4.6294
4.4925
4.5904
4.7511
4.8338
4.7561
4.5966
4.6039
4.7515
4.3646
4.2105
4.2621
4.2415
4.3548
4.3284
4.4493
4.4407
3.9150
4.4184
4.4863
4.4974
4.4415
4.3745
4.2296
4.3551
4.5090
4.3029
4.5725
4.6033
4.9340
4.5136
4.6635
4.5164
4.3715
4.2518
4.4221
3.9691
4.7324
4.4123
4.7588
4.3718
4.5131
4.6250
4.6521
4.5717
4.4802
4.5593
4.2097
4.2236
4.0866
3.8678
3.7301
3.6253
3.8928
3.8503
3.9544
3.9886
3.8809
4.2655
4.3045
3.9612
3.8046
4.0712
3.9329
3.8062
4.0286
3.9419
4.0182
4.0273
4.2245
4.1120
4.3003
4.5109
4.0984
4.2093
4.1306
4.5258
4.0071
4.2280
4.1715
3.9217
4.2996
3.9928
4.3058
4.1776
3.9733
4.2579
4.3776
4.0049
3.9929
4.3706
4.2157
4.4110
4.1637
4.0998
4.2142
4.1272
3.9626
4.1690
4.4074
4.1590
4.0842
4.0523
3.9538
3.9428
4.0486
4.2560
3.8349
3.9173
4.2270
4.5942
4.0984
4.1369
4.2040
4.2257
4.2876
4.2872
4.3326
4.2510
3.9295
4.0871
4.3984
4.0278
3.9107
3.9429
3.9193
4.1706
4.3012
4.1516
4.2187
3.9582
3.9386
3.9953
4.2027
4.3017
4.3003
4.2328
4.1650
4.2208
4.5512
4.2521
4.0053
4.1833
3.9287
4.2122
3.9971
4.0563
4.0642
4.2351
3.9761
3.8399
4.0072
3.7125
3.8040
3.8593
4.1536
4.0718
3.9881
4.3871
4.0445
4.0982
4.2267
4.0287
4.0136
4.1219
3.9553
4.0204
4.1778
4.1390
3.9401
4.2653
3.9292
4.0002
4.0827
4.0556
3.8309
3.8654
3.8332
4.1565
4.4780
4.3557
4.4904
4.1023
4.2641
4.1517
4.3119
4.3604
4.4761
4.3500
4.1428
4.3749
4.1547
4.0082
3.9978
3.9813
4.2303
4.3882
3.9286
4.1657
4.0935
4.0637
4.3292
4.2272
3.9649
4.2689
4.2611
4.2498
4.2446
4.3905
4.3733
4.2822
4.4184
4.5309
4.3891
4.3820
4.2842
4.3396
4.1743
4.3551
4.3038
4.4565
4.3746
4.4031
4.5248
4.0645
4.5907
4.5878
4.3733
4.0663
4.2788
4.4191
4.1738
4.2502
4.2962
4.1213
4.2011
4.3280
4.3758
4.3837
4.1956
4.5803
4.2671
4.0876
4.1564
4.1187
4.1789
4.1135
4.0329
4.1305
4.1056
4.4440
4.3325
4.2170
4.1021
4.2094
4.2836
4.1630
3.8495
4.1589
3.9654
4.0373
4.3813
4.0601
4.2579
4.1312
4.2815
4.0876
4.0326
4.0135
3.9444
4.5184
4.4756
4.1892
4.2330
4.3212
4.1965
4.3042
4.0197
4.0684
3.7943
4.2234
4.2780
4.4612
4.3037
4.0914
4.0322
4.0474
3.8889
4.2244
4.0449
3.9596
4.2376
3.9647
4.4226
4.4338
4.1790
4.2219
4.2652
4.3587
4.2529
4.2240
4.4051
4.4964
4.2613
4.2045
4.3760
4.3660
4.7101
4.5490
4.1692
4.0516
4.4327
4.3264
4.2867
4.1885
4.1789
4.0032
3.8863
4.1346
3.8670
4.1515
4.3478
4.1069
3.9520
3.9930
4.2317
4.3654
4.1186
4.2933
4.5078
4.1812
3.9649
4.2960
3.8875
4.0475
3.8842
4.1117
4.0569
3.9379
4.1183
4.1814
4.0191
4.0788
4.0187
3.8708
4.2167
4.2030
4.1235
4.0677
4.2902
4.2860
4.1041
4.1764
4.1623
4.2831
4.2787
4.1052
4.0641
4.0513
4.1244
4.0967
3.7682
4.3564
4.2219
4.1527
4.3105
4.1570
4.1733
4.2052
4.2591
4.0422
3.9030
4.0569
4.2076
3.9155
4.1757
4.1743
3.9621
3.9137
3.9927
3.7903
3.8341
4.1642
3.9064
4.1930
3.9872
4.0488
3.7740
3.9526
4.2473
4.4093
4.3119
4.2670
4.2672
4.0615
3.9120
3.7493
4.1579
4.0990
4.3160
4.2123
4.2250
4.0738
4.0643
3.9647
4.0001
4.3052
4.2291
4.1361
4.3746
3.8069
3.9737
4.0740
4.0128
3.9409
4.3502
4.1416
3.9532
4.0900
3.8786
4.2859
4.1367
4.3572
4.2414
4.2526
4.1605
4.3174
4.2175
4.4275
4.2775
4.2200
4.1496
4.2670
4.0685
4.2203
4.1123
4.2833
4.3683
4.1680
4.1957
4.1594
4.0506
4.3657
4.0517
3.9377
4.1712
3.9615
3.7448
3.8122
3.9854
3.9663
3.9292
3.9301
3.8665
4.0910
4.0851
4.0151
4.1729
3.9819
3.7630
3.9766
4.0209
4.0830
4.1955
4.0212
4.0552
4.3031
3.8719
3.9252
3.7834
4.0068
4.0361
4.1058
4.1166
3.9860
3.7559
4.0401
4.2741
3.9322
3.8401
4.1062
4.0922
4.3744
4.1259
4.0855
3.9655
4.0328
4.2773
3.9053
4.0492
3.9471
4.2875
4.1860
4.1900
4.1295
4.1879
4.3004
4.1381
4.3256
4.5037
4.1424
4.2723
4.3180
4.4071
3.9763
4.1523
3.9941
3.8960
4.2208
4.2722
4.0267
3.9710
3.9459
3.9264
4.0450
4.3772
4.0763
4.1701
4.1589
4.2213
3.9302
3.7486
4.0152
3.9170
4.0107
3.9779
3.8721
3.8524
4.3493
3.9301
4.1159
3.8826
4.0800
4.0297
3.9306
4.0441
3.9484
3.9274
3.9163
4.0052
4.1369
4.2559
4.1997
4.0995
3.5624
3.9768
4.0767
3.9694
3.9353
4.0554
4.2709
4.1165
4.0502
3.9662
3.8236
4.1167
4.0254
4.3026
3.9263
4.0317
3.8737
4.2820
4.0310
4.0940
4.1505
4.1769
4.0836
4.3418
4.1256
4.2245
4.2856
4.2052
4.3798
4.0827
4.1555
3.8818
4.3158
4.2480
4.4170
4.4408
4.4674
4.3337
4.2784
4.0516
4.1109
4.1950
4.3129
4.3013
4.2486
4.3279
4.0989
4.2969
4.2354
4.2004
4.2638
4.0510
4.5129
4.3667
4.3555
4.5733
4.1451
4.2060
4.2637
4.4191
4.4365
4.3824
4.0703
4.2380
4.1658
4.1236
4.1842
4.0302
4.1878
4.0162
4.0529
4.1056
3.9995
4.2775
4.0301
4.2376
4.0794
4.1406
4.1690
4.0383
4.0317
4.3521
4.3847
4.1415
3.9102
4.1418
4.0588
4.0444
3.7812
3.6932
4.5224
4.0210
4.1929
4.1170
4.0730
4.1633
4.2573
4.2705
4.3859
4.2481
4.2663
4.4445
4.2424
4.0649
3.9123
3.8613
4.2053
3.9926
4.2352
4.0232
4.4350
4.2567
4.0929
4.0572
4.0886
4.1181
3.8899
4.1241
4.2496
4.3730
4.2366
4.2412
4.1329
4.0960
4.1981
4.1308
4.2179
4.1169
4.1779
4.2309
4.2506
4.1817
4.0704
4.2567
4.1239
4.1968
4.2055
4.2595
4.1348
4.0905
4.4574
4.3302
4.1405
4.2578
3.8991
4.2576
4.0528
4.0142
4.2238
4.2573
4.1876
4.1414
4.1473
4.2966
4.1112
4.1074
4.3967
4.2545
4.3862
4.2278
3.9542
3.9548
4.2412
4.3696
4.1473
4.3495
3.9836
4.1052
3.9477
3.8992
4.2870
4.1600
4.1276
3.7240
3.9367
3.7252
4.0375
3.9860
3.8963
3.8862
3.7231
4.2331
4.4542
4.4073
4.1619
4.3918
4.4244
4.0450
4.4741
4.4713
4.2995
4.0150
4.2326
3.9873
4.2003
4.3154
4.3822
4.1041
4.4575
4.2562
4.2724
3.9752
3.8346
4.2147
4.1001
3.7934
4.1250
3.6153
3.8780
3.7834
4.0575
3.9887
4.0654
4.2148
4.3893
4.3828
3.8692
3.8853
3.8988
3.9328
4.1152
3.8592
4.5650
4.3220
3.9385
4.2894
4.2391
4.2806
4.1024
4.3360
3.9846
3.9495
4.1397
3.9473
4.0244
4.2030
4.2838
3.9058
3.7197
3.5928
3.8296
3.5708
3.9132
4.1485
4.0952
4.0324
4.0225
4.0491
4.2598
4.5319
4.0039
4.2982
3.9116
3.8235
3.8819
3.9666
3.5482
3.8112
3.8632
3.7968
3.8501
4.0207
4.1812
4.1823
3.9618
3.9896
3.8670
3.8092
4.0275
3.7810
4.5451
3.9216
4.1851
3.7248
3.9981
4.2109
4.0516
4.0700
3.8949
3.4476
3.6575
3.7597
4.1036
3.4648
3.9051
3.3551
3.3820
3.5191
3.4599
3.5240
3.7438
3.8726
4.0159
3.5300
3.6016
3.6506
3.3901
3.8053
3.9123
3.6451
3.8772
3.6620
3.3373
3.7406
3.9742
3.6840
3.5091
3.6106
3.4785
3.5253
3.4243
3.2495
3.2526
3.7823
3.4774
3.7347
3.5691
3.6455
4.0468
3.9546
3.6955
3.7705
3.8501
4.2177
3.9244
3.8675
4.0106
3.3835
3.8968
3.8692
3.5976
3.6206
3.6535
3.6801
3.7210
3.4546
3.5607
3.8478
3.7641
3.6127
3.8581
3.5225
3.4827
3.7451
3.7461
3.7437
3.9422
3.7271
3.6806
3.4827
3.8518
3.8262
3.7306
3.5080
3.6827
3.4691
3.8487
3.5553
3.7566
3.6529
3.6975
3.3850
3.6612
3.5958
3.9010
3.2251
3.4918
3.1664
3.7406
4.0651
3.8107
3.9467
3.7964
3.6857
3.6141
3.8754
3.8577
3.8312
3.7936
3.5457
3.7859
3.6221
3.5651
3.3405
3.7395
3.3202
3.6192
3.4867
3.6128
3.4205
4.0506
3.8545
3.8665
3.8115
3.7662
3.9479
3.8635
3.9938
3.5874
3.8566
3.8990
4.2295
3.8773
3.8312
3.9978
3.6148
3.7575
3.7248
3.6428
3.9623
4.3929
3.8671
3.9865
4.1290
3.8896
3.9084
3.8473
3.7908
3.5742
3.8339
3.8919
3.9835
3.8528
4.0392
4.0165
3.8179
3.6987
3.8020
3.5382
3.8056
4.0300
3.9076
3.7452
3.5613
3.4037
3.5638
3.5905
3.6908
3.5330
3.4100
3.7654
3.5449
3.7405
3.4252
3.6025
3.4062
3.5379
3.7495
3.7941
3.4559
3.4228
3.8650
3.8892
3.6595
3.4762
3.8353
3.6493
3.6057
4.1316
3.6787
3.6263
3.4361
3.6112
3.5528
3.4208
3.7388
3.6369
3.7809
3.5775
3.9235
4.0461
3.4840
3.5975
3.8607
3.5811
3.4578
3.3965
3.3875
3.3683
3.4347
3.3948
3.6624
3.9590
3.7147
3.4073
3.1695
3.4816
3.5584
3.5877
3.4498
3.3037
3.6404
3.6447
4.1332
4.2056
3.9849
3.8610
3.5094
3.6815
3.4657
3.9168
3.7949
4.0714
4.0657
3.7495
3.7971
3.4495
3.6896
3.7340
3.7207
3.4921
3.8282
3.7156
3.6802
3.3242
4.0360
4.1904
4.0621
3.9759
3.8248
4.0881
3.9933
3.7286
4.0281
3.9813
4.1103
4.1003
3.9680
4.0767
3.9976
3.9579
3.9931
3.9459
4.0165
4.2464
4.1748
4.0916
4.2514
3.7930
3.8642
3.9750
3.9765
4.0901
3.9789
3.9048
4.1548
3.9285
4.0596
4.1301
3.8594
3.7803
3.9372
3.9675
3.8846
3.8351
4.3927
4.0015
3.9470
3.7302
3.9718
3.8743
3.9541
3.9419
4.1273
3.7741
3.6005
3.7497
4.1206
4.0886
3.8938
3.8400
4.3570
3.7773
3.8132
3.7702
3.8125
3.5682
3.9297
3.8128
4.0144
3.9514
3.8540
3.6781
3.8702
3.7159
3.8645
3.9524
3.8218
3.7703
3.4807
3.9462
3.6988
3.8797
3.8509
3.8003
4.0300
3.6475
3.8551
4.0304
3.8226
3.6604
3.9434
3.6715
3.8890
3.5056
3.6705
3.9192
3.9682
3.7729
3.6542
3.8844
3.7131
3.9810
4.0694
3.8649
4.1032
3.9282
4.2277
4.1823
4.0844
3.9739
4.1564
4.1496
3.8666
4.2275
3.8160
4.1376
4.2885
4.2045
4.2189
4.1219
3.8534
4.2743
4.3764
4.2431
4.1665
4.2700
4.0012
4.0064
4.0344
4.0648
3.8765
3.9243
3.9227
4.0984
4.1928
4.1074
4.0217
4.0646
4.2462
4.2406
4.2483
4.0635
4.2446
4.1105
4.2489
4.0700
4.1525
4.1108
4.1387
4.2252
4.3521
4.2777
4.1859
4.3782
4.2378
4.2442
4.4442
4.3522
4.0615
4.2427
4.4581
4.3266
4.0903
4.2202
4.0465
4.1092
4.2552
4.2918
4.4911
4.3172
4.3804
4.3534
4.5588
4.5401
4.2939
4.2669
4.3052
4.4592
4.6223
4.3925
4.5787
4.3673
4.5127
4.3326
4.1499
4.4321
4.3322
4.3705
4.5645
4.2542
4.4145
4.2546
4.2909
4.4339
4.3381
4.3019
4.2720
4.3184
4.2831
3.8689
4.1495
4.2500
4.1057
4.1532
4.2782
4.2782
4.2414
4.4381
4.2298
4.1496
4.2770
4.0977
4.2915
4.3885
4.3571
3.9942
4.2317
4.3275
4.5182
4.0297
4.2905
4.3453
4.1022
4.0590
4.0621
4.1656
4.0962
4.0451
3.8556
4.2833
4.0965
4.1273
4.2507
4.0236
4.1706
4.0805
3.7756
3.9658
3.9038
4.0487
3.9258
4.0739
4.4046
4.0502
3.8608
4.1579
4.0203
3.9943
3.7165
3.7279
3.8636
3.9689
3.9380
3.8904
3.7218
4.1230
3.9923
4.1430
4.0550
3.9685
3.8625
4.1267
4.1926
4.0443
3.8392
3.5526
3.9237
3.8129
3.9668
4.1019
4.1160
4.0711
3.9084
3.9355
4.0138
3.7938
4.0215
3.9686
3.8927
4.0752
3.9386
4.1464
4.1332
4.0797
3.8409
3.7179
3.9606
4.0217
3.6819
3.8763
4.1427
3.9701
4.1089
3.9508
4.1592
3.9144
4.0516
3.8838
3.9699
4.0842
4.0759
3.9734
3.9703
3.7448
3.9272
3.9780
4.0914
3.9758
4.0278
4.0124
4.0801
4.1265
3.9822
3.9486
3.9003
3.7820
4.0521
4.0575
3.9811
4.0954
3.9538
3.6944
3.9745
3.9585
3.9020
3.9841
3.8308
3.9016
3.8673
3.9572
4.0324
4.1158
4.1541
3.6838
3.7552
3.9681
3.8482
3.8401
4.2202
4.0054
3.8497
3.6645
3.7597
4.0390
4.2736
4.2518
4.3809
4.1516
4.1069
3.8304
4.1388
3.9898
3.8750
3.7485
4.0883
4.2368
4.3809
4.0002
4.0539
3.6124
3.8420
3.9108
4.0767
3.7788
3.9160
4.0396
3.9264
3.8125
4.0818
3.8720
4.0100
4.0699
4.2739
3.9459
4.2514
4.0546
4.1393
4.1544
3.9511
4.1100
3.9985
4.1893
4.0703
4.1827
4.1916
4.1663
3.9254
3.9493
4.1835
4.0820
4.4251
4.3423
4.1425
4.0943
4.0541
4.0112
4.0600
4.1764
4.0615
4.1132
4.0848
4.2324
4.1245
3.9931
4.4042
4.0564
4.1120
4.2415
4.1453
4.0559
4.2257
4.3175
4.3400
4.1612
4.1541
4.1728
4.1729
4.2297
4.1465
4.1045
4.3349
4.2204
4.2989
4.0104
4.1024
3.8102
3.8932
4.1145
4.0627
4.0804
4.1962
3.7737
3.8575
3.8673
4.0084
3.9404
3.9778
3.9560
3.9862
3.8786
3.9270
3.8986
4.1728
3.9473
3.8968
4.2759
3.8353
3.9558
3.8684
3.9788
3.9344
3.9119
3.7977
3.9944
3.7967
3.9739
3.8364
3.8978
3.8832
4.2848
4.2910
4.1023
3.7990
3.6970
4.0476
4.0187
4.3014
4.0338
4.2878
4.3408
4.2097
3.8880
3.7167
4.0089
3.9618
4.1105
3.9421
4.1460
3.9149
3.8949
3.6748
3.8088
3.9468
4.0704
3.9439
3.7676
4.0886
3.9872
3.9662
4.0683
3.9655
3.8054
3.8817
4.1152
3.6800
3.9150
3.6768
4.0415
4.0290
3.4959
3.9535
3.6728
4.0027
3.7982
4.0479
3.9169
4.0298
3.8390
3.7671
3.9954
3.9320
4.3209
3.9831
3.6055
3.9955
4.0400
4.0297
3.7142
3.8464
3.8762
4.0732
4.0202
4.0241
4.0759
3.9381
3.9185
4.1456
3.8828
3.9712
3.9890
4.1199
3.9254
3.8848
3.9545
4.1740
4.3332
4.0502
4.0804
4.2825
3.9322
4.0619
4.0819
3.8608
3.9651
4.3159
3.9012
4.1437
4.0177
4.0258
4.0255
3.8034
4.1157
4.0484
3.7696
3.9430
3.9095
3.6185
3.9946
3.7861
3.5840
3.5388
3.6230
3.8407
3.7331
3.7625
3.6848
3.6630
3.9476
3.5414
3.7648
3.6317
3.6162
3.8197
3.6835
4.1069
3.9848
3.7918
3.5954
3.7154
3.8284
3.7980
3.7565
3.8509
3.7437
3.8052
3.5850
3.6321
3.7290
3.8699
3.5066
3.5968
3.6499
3.7414
3.8492
4.1310
3.8261
3.9770
3.6574
4.0285
3.7853
3.7640
3.8637
3.9417
3.5033
3.7226
3.9727
3.4937
3.7716
3.8146
3.8509
3.5373
3.7930
3.8326
3.4502
3.6642
3.9401
3.7262
3.9141
3.8626
3.7659
3.8912
3.9980
3.9245
3.7985
4.0875
4.1465
3.9594
4.1862
3.9683
3.9866
4.0461
4.0298
3.5479
3.9254
3.7102
3.7938
3.9764
4.0949
3.8631
3.8885
3.8924
3.8416
4.0004
4.0216
3.8072
4.1895
4.0519
4.1271
4.0098
4.1585
4.2337
4.1311
4.4406
4.3756
4.2434
4.1920
3.9541
4.2335
4.0134
4.1201
4.1266
4.0574
3.8403
3.8168
3.7871
3.9724
4.1843
3.8090
3.9321
4.1571
4.0737
3.9934
3.9644
3.9899
3.9296
3.9076
3.7108
3.7422
3.7944
3.9122
3.7899
3.6135
3.3534
3.6842
3.7103
3.2121
3.7871
3.8399
3.8107
3.9765
3.6534
3.6965
3.6676
3.7842
3.7379
3.8372
3.6904
3.7297
3.7618
3.8986
4.0986
4.0550
3.8036
4.0511
4.1378
4.0473
3.8709
4.0033
4.0250
3.9828
4.1988
4.0023
3.9755
3.8928
3.9418
4.1316
4.0147
3.9176
3.5981
3.8825
3.8559
3.8719
3.7978
4.0147
3.9166
3.9755
4.2498
4.0196
4.0728
4.4130
4.1506
4.3013
4.2041
4.0391
4.1656
4.0863
3.9319
3.8547
3.7709
4.0007
4.1368
4.0613
3.8495
3.6704
3.9337
3.8171
4.1134
4.0108
4.0784
4.0483
3.8651
3.8876
3.8936
3.7141
3.7377
3.7013
3.9283
3.9730
3.7818
4.0230
3.8596
4.0079
3.6420
3.8538
3.5581
3.7875
3.6388
3.9815
4.0736
3.8892
3.7256
3.6605
3.8672
3.7239
3.9561
3.9719
3.9489
4.0181
4.0281
3.9012
3.8520
3.5476
3.5171
3.6560
3.8527
3.6760
3.9240
3.6245
3.4563
3.8786
3.4438
3.5354
3.6144
3.5674
3.6131
3.7682
3.7823
3.9481
3.6941
3.7186
3.7162
3.5610
3.5473
3.7514
3.6310
3.5797
3.5326
3.7970
3.9282
3.8396
3.6758
3.6881
3.4067
3.7035
3.4278
3.6454
3.7546
3.6925
3.4820
3.7271
3.6974
3.8628
3.6880
3.6924
3.3112
3.6851
3.7572
3.8051
3.6110
3.6936
3.7125
3.9124
3.9728
3.7691
3.6256
3.5876
3.6806
3.8852
3.8631
3.8012
3.8818
3.9408
3.6670
3.6382
3.2654
3.8861
3.5531
3.7301
3.6345
3.7646
3.6827
3.7834
3.9006
3.6519
3.7150
3.7684
3.6519
3.7372
3.9164
3.8607
3.8317
4.1377
3.9046
3.6842
3.6639
3.6866
3.6224
3.7658
3.6985
3.4768
3.7177
3.5142
3.5151
3.3990
3.9563
3.8202
3.6811
3.9836
3.7277
3.6301
3.6991
3.5103
3.6005
3.5976
3.6444
3.4527
3.5395
3.8509
3.6056
3.7472
3.3380
3.3244
3.7406
3.4376
3.8466
3.9631
3.5450
3.4569
3.7725
3.7796
3.7904
3.9844
3.6975
3.9623
3.8858
3.8632
3.6196
4.1638
3.8204
3.7175
3.7905
3.8195
3.2920
3.7353
3.8015
3.5207
3.8833
3.8921
3.9406
3.7511
4.2033
3.7223
3.7232
3.6905
3.6698
3.5186
3.7276
3.3401
3.7246
3.5782
3.8136
3.6007
3.5407
3.6243
3.7206
3.6977
3.8698
3.6596
4.0681
3.7171
3.6154
3.8635
3.7372
3.7288
3.2423
3.9663
3.7369
3.5972
3.8009
3.7628
3.4776
3.8087
3.7291
3.6362
3.7931
3.5425
3.6708
3.3917
3.5207
3.6929
3.8845
3.4435
3.9684
3.7279
3.6151
3.7835
3.8348
3.6650
3.8195
3.6851
3.5266
4.0441
3.8809
3.8659
3.9437
3.8752
3.5008
3.6889
3.7373
3.5998
3.7744
3.5442
3.5375
3.7048
3.6356
3.6794
3.9627
3.5874
3.8688
3.6980
3.9927
3.5287
3.8463
3.7262
3.7983
4.1396
3.8398
3.8172
3.9345
3.9877
3.7732
3.8034
3.6187
3.7972
3.9548
4.0602
3.7859
4.1202
4.0489
4.1341
4.1396
4.1764
4.1278
4.2182
3.7613
3.8342
3.9735
3.7876
3.6968
3.8740
3.4735
4.0276
3.8014
3.5387
3.5412
3.8006
3.7490
3.8954
3.8559
4.1571
3.9061
3.8001
3.8190
3.9917
3.9419
3.8909
3.6914
3.6585
3.4730
3.4600
3.6216
3.5293
3.7302
3.7228
3.7896
3.6693
3.8817
3.6902
3.8862
3.7923
3.6619
3.8062
3.8620
3.7705
3.6224
3.8132
3.5565
3.6069
3.4340
3.5152
3.8576
3.7924
3.8892
3.7966
4.2641
4.1851
3.9823
3.8634
4.0302
3.9696
3.8400
3.7972
4.1054
4.0746
3.8057
4.1213
4.0040
4.3230
4.2192
4.1767
4.1608
3.9377
4.1088
4.0028
3.9458
3.8357
4.1004
3.9490
3.6852
3.9921
3.9322
4.2539
3.8278
3.8354
4.1045
3.8074
3.8372
4.0124
3.7741
3.8482
3.7705
3.9724
3.9407
4.0408
4.1426
3.9491
3.9572
3.7892
3.8689
3.8619
4.0747
3.6393
3.8282
3.7047
4.0952
3.7764
3.6589
3.7148
3.7041
3.8452
3.6904
3.9000
4.1522
4.0378
3.6228
3.6869
4.1159
3.8032
3.4934
3.5570
4.0297
3.8335
3.4894
3.7508
3.8073
3.7035
3.7735
3.6612
3.8737
3.9126
3.8274
4.0259
3.8502
3.9116
3.7264
3.7970
4.0301
3.7934
4.0598
3.9619
3.9083
3.8928
4.1481
3.8142
3.8738
3.8744
3.5446
3.7186
3.5761
3.4862
3.6930
3.8110
3.8440
3.7492
3.9226
3.8620
3.7242
3.6617
4.2541
4.0278
3.7267
3.8595
4.0715
4.0623
3.9797
3.9208
3.9935
3.9206
3.8328
3.9020
3.8766
3.8895
3.5847
3.6690
3.8085
3.8883
3.5150
3.6653
3.7142
3.5959
3.7679
3.9521
3.8081
4.1162
3.5667
3.6220
3.7707
3.6881
3.6417
3.9915
3.6581
3.5777
3.8840
3.8164
3.9986
4.2099
4.2593
4.3067
4.2928
3.9126
4.1527
4.4051
3.7701
4.0688
4.2349
3.8327
3.8417
4.0305
3.7280
4.2762
3.8990
3.9796
3.8469
3.9186
4.0095
3.8263
3.7339
3.7663
3.8899
4.1828
3.9273
4.0086
3.8164
4.1153
4.2636
3.8373
4.0073
4.1498
4.1365
4.0404
4.0506
4.1537
4.2141
4.2834
4.3914
4.0156
4.2337
4.3767
4.3112
4.1090
4.1054
4.3823
4.6419
4.3318
4.0509
4.0887
4.2122
4.1265
4.1302
4.3687
4.2798
4.4962
4.4599
4.1867
4.0954
4.2068
4.1901
4.1071
4.1799
4.0336
4.3142
4.3768
3.8490
4.0223
4.2114
4.0174
4.0894
3.9647
3.9746
3.6993
4.0249
4.1898
4.0324
4.1261
4.1450
4.3392
4.0228
4.0797
4.1549
4.1385
3.8750
3.8588
3.8619
3.7421
3.8551
4.1001
4.2427
3.9874
3.8646
3.9483
3.7448
4.0187
3.6852
3.9360
3.6723
3.8872
4.0073
4.1890
3.7656
3.8273
3.8369
4.0867
4.0571
3.8102
3.8071
3.6052
3.7198
3.9697
3.9272
4.3885
4.0804
4.1248
3.9854
4.1951
4.4376
4.4207
4.0182
4.3555
4.0106
4.0083
3.9835
3.8560
4.0191
4.1806
3.8791
3.9691
4.1913
4.1311
4.3365
4.2665
4.2468
4.2477
4.4501
4.2269
4.3776
4.2731
4.5827
4.3635
4.4550
4.2828
4.4015
4.3590
4.2347
3.8609
3.9907
4.2954
3.9177
3.8251
4.1745
4.2310
4.2013
3.8050
4.1426
4.5725
4.7094
4.5659
4.2906
4.3359
4.3278
4.0930
4.1485
3.9246
4.0132
4.3672
4.4217
4.2426
4.5437
4.2863
4.1504
4.1617
3.9500
3.7422
4.0131
3.9357
4.0757
4.3333
4.1446
3.9202
3.8721
3.9894
3.8745
4.0185
3.9416
3.9937
3.9652
4.3839
4.4373
3.9589
4.1472
4.2297
3.9395
3.8179
3.9024
3.9679
4.0610
3.9102
3.9290
4.0564
3.9424
4.0427
3.7697
3.8779
3.9474
3.7745
3.7717
3.8195
3.7901
3.8590
3.4772
3.8333
3.9098
3.8394
3.9389
3.6976
3.8502
4.0407
4.2606
4.0818
3.7709
3.9460
3.8401
3.8242
3.6803
3.8288
3.9114
4.0161
4.0023
3.8239
3.8837
3.8378
3.7541
3.8937
3.8178
3.8654
3.8946
4.2132
4.0240
3.9109
4.1695
4.1583
4.1787
4.4779
4.2410
4.1127
4.0480
4.2818
4.2155
4.0301
4.2650
4.0725
3.8832
3.8647
4.2406
4.1503
4.0741
4.1655
4.1790
4.3270
4.0836
3.9233
4.0290
4.2271
3.9614
4.0971
4.1432
4.0299
3.8663
4.0065
4.0741
3.9063
3.8391
4.1290
3.9028
3.9642
3.8805
3.7774
3.9442
3.8516
4.3922
4.1974
4.2279
4.1859
4.0248
4.1081
4.3529
4.1248
4.4376
4.2559
3.9272
4.3700
4.1096
4.2042
4.0914
4.4140
4.4262
4.3037
4.1040
4.1361
4.2394
3.9234
3.6629
3.5763
4.1234
4.1762
3.8617
3.8441
4.0456
3.8725
4.2059
4.0419
4.0991
4.0519
4.2648
3.8150
4.1907
4.4824
4.0989
4.4504
4.2258
4.3952
4.2885
4.3662
4.5245
4.4890
4.4010
4.6483
4.5288
4.4205
4.3194
4.4410
4.3740
4.5364
4.4960
4.6924
4.4839
4.4076
4.2764
4.2177
4.1442
4.2739
4.2638
4.3228
4.2567
4.4595
4.6528
4.5375
4.1752
4.1494
4.2965
4.3018
4.4229
4.1920
4.1285
4.3339
4.0842
4.2250
4.2477
4.2961
4.2725
4.2301
4.0683
4.1871
4.3281
4.2493
4.0380
4.0925
3.8658
4.0367
4.0716
4.0944
3.8647
3.8807
3.8913
3.8087
3.9673
3.7523
3.3984
3.9268
3.8265
4.0155
4.0784
3.9709
4.0235
4.3065
4.2048
4.1338
3.9745
3.9466
4.0540
4.1693
4.1709
4.2387
3.9084
3.9694
4.1120
4.1284
4.3774
3.9870
4.4395
4.0996
4.0436
3.9043
3.9777
3.9828
3.9346
3.9653
3.7502
3.9359
3.7800
3.9562
3.9969
3.8598
3.7732
3.8490
3.9217
4.1537
4.1046
3.9371
3.8374
4.2339
3.9264
3.9393
4.0198
3.9952
4.2092
4.2618
4.3130
4.1604
4.4242
4.2682
4.1935
4.0391
4.0471
4.3305
4.0780
4.2075
4.1194
4.2701
4.2482
3.9933
4.1640
4.2647
4.2832
4.1601
4.1796
4.3992
4.1740
4.1600
4.1475
4.2192
4.1311
4.0201
4.4290
4.3323
4.3692
4.4669
4.4211
4.3506
4.2703
4.6112
4.6589
4.3838
4.6024
4.0578
3.9475
4.3511
4.2436
4.4249
4.5259
4.3880
4.3910
4.2567
4.5075
4.1659
4.2064
4.0063
4.3720
4.0443
3.9948
4.0605
4.1755
4.2564
4.2069
4.2363
4.1589
4.2319
4.2571
3.9647
3.9096
3.9093
3.8721
4.1566
3.9723
3.6838
3.9392
3.8178
4.0439
4.0197
4.2354
4.3158
4.4896
4.2726
4.2834
4.4097
4.0308
4.4950
4.2139
3.9894
4.1056
4.5332
4.3900
4.5508
4.2640
4.4636
4.6193
4.1405
4.3100
4.5345
4.4014
4.2019
4.4663
4.1558
4.3535
4.5516
4.6525
4.6223
4.4651
4.0635
4.5199
4.6330
4.3923
4.4830
4.1762
4.2975
4.0905
4.4409
4.4445
4.5690
4.3278
4.2963
3.7737
4.0217
4.0225
4.0354
4.3324
4.0467
4.1621
4.3232
4.2836
3.9854
4.3512
4.4885
4.5655
4.3984
4.4609
4.4844
4.6220
4.4139
4.3040
4.5441
4.5322
4.5700
4.4126
4.5329
4.5085
4.6178
4.5354
4.6596
4.6117
4.7909
5.0124
4.5518
4.7824
4.4774
4.6374
4.3876
4.7254
4.4055
4.6349
4.8411
4.2454
4.6549
4.9702
4.3860
4.2523
4.3899
4.7198
4.5333
4.7071
4.3328
4.2739
4.4618
4.0931
4.3199
4.2197
4.3595
4.3572
4.3960
4.6363
4.3483
4.7171
4.6546
4.4527
4.6909
4.7623
4.6648
4.5502
4.6163
4.3225
4.5307
4.4689
4.4397
4.7105
4.3350
4.8056
4.3161
4.3440
4.5421
4.3881
4.5582
4.6999
4.6350
4.4554
4.5820
4.5512
4.5692
4.3031
4.6745
4.5008
4.4872
4.2894
4.1202
4.3357
4.4684
4.4039
4.5679
4.2423
4.4108
4.3093
4.2678
4.3903
4.4557
4.5332
4.6408
4.2093
4.2909
4.3704
4.4516
4.4187
4.5950
4.6837
4.0392
4.1775
4.0201
4.1832
4.3417
4.1535
4.1428
4.0117
4.2900
4.2841
4.4858
4.2960
3.9827
4.0250
4.0587
4.1507
4.0415
4.4447
4.2974
4.2836
3.9365
3.9656
4.0804
4.4086
4.4240
4.4166
4.3382
4.2286
3.8328
4.0725
4.0000
3.9365
4.0310
4.0533
3.9410
3.9350
3.9404
4.1067
4.0921
4.6397
4.2617
4.2073
4.1331
4.1501
4.2940
4.4930
4.4518
4.4143
4.2128
4.1921
4.2390
4.3935
4.2546
4.2296
4.5759
4.5510
4.5765
4.4422
4.3586
4.4801
4.0049
4.2274
4.5650
4.4588
4.2977
4.0575
4.1956
4.1983
3.9707
3.9742
4.0518
4.1767
4.1490
4.0925
3.9660
4.1351
4.1950
4.1767
4.2792
4.1721
4.1851
4.1148
4.0769
4.0666
4.2777
4.1952
4.2606
4.3681
4.3407
4.3337
4.2317
4.3074
4.3931
4.3283
4.4645
4.0748
4.1070
4.3973
3.9966
3.9042
3.9631
4.1388
4.0446
4.0409
4.2520
4.2069
4.1527
4.1069
4.2015
3.8894
4.0590
4.1276
4.2003
4.0306
4.0361
3.9014
3.8994
3.8901
4.0392
4.4086
4.2097
4.0411
4.0466
4.1070
4.1926
4.1737
4.1351
4.2511
4.3140
4.0473
4.2456
4.3128
4.1672
4.6107
4.3035
4.3792
4.2568
4.2316
3.9119
3.5977
3.7649
3.9050
3.9479
3.9014
3.9185
3.9846
3.7598
4.1977
3.8896
3.9567
3.8602
3.7927
3.9652
3.8608
3.9716
4.1601
4.0017
3.8173
3.7541
3.7681
3.8108
3.9298
3.8119
3.7985
3.9060
4.0662
3.7273
3.7922
3.8923
3.9235
3.7218
3.8643
3.9701
3.9193
3.7823
3.9889
3.8549
3.2986
3.7973
3.8325
3.9286
4.0490
3.8749
3.7068
3.9767
3.9624
3.9722
4.0905
3.9819
4.0226
3.9759
3.7713
4.0665
3.8779
3.9657
4.0030
4.2221
4.1196
4.4381
4.0420
4.0782
4.0965
4.0619
4.1835
4.2623
4.2719
4.0614
3.9435
4.2001
3.9432
4.0799
3.9195
4.1120
4.0226
4.2343
3.9152
3.9131
3.9754
3.9252
3.6275
3.5122
3.6762
3.5785
3.4781
3.5598
3.6078
3.3973
3.9340
3.9008
3.4020
3.3274
3.6645
3.5705
3.5063
3.7363
3.7065
3.6973
4.1050
3.8419
4.2124
4.2232
3.4968
3.7456
3.7744
3.4701
3.3113
3.5649
3.8219
3.8001
3.7523
3.6473
3.5509
3.6837
3.8028
3.5572
3.6958
3.5496
3.6274
3.2082
3.2547
3.0423
3.4642
3.3645
3.1425
3.4791
3.5335
3.4179
3.5250
3.1642
3.6058
3.4781
3.5300
3.4313
3.2288
3.4818
3.4712
3.4576
3.5194
3.5358
3.8420
3.7221
3.2006
3.6615
3.6143
4.0356
3.6972
3.4438
3.6928
3.6939
3.5364
3.8671
3.4920
3.5310
3.8443
3.4871
3.8197
3.7417
3.9264
3.6696
3.5130
3.3139
3.3726
3.5723
3.6674
3.5395
3.1966
2.9782
3.4857
3.5250
3.4818
2.9852
3.5532
3.4838
3.7171
3.6489
3.5910
3.5753
3.7041
3.5191
3.5510
3.5779
3.4168
3.3504
3.4927
3.6016
3.4063
3.8158
3.7322
4.1806
4.0547
3.9027
3.8606
3.4628
3.6644
3.3754
3.8036
3.5795
3.4494
3.6087
3.7634
3.8434
4.0911
4.0705
3.8931
3.7093
3.6775
3.3409
3.4810
3.4492
3.2025
3.2977
3.2817
3.0881
3.2022
3.4350
2.9619
3.1032
3.1978
3.3816
3.1839
3.2604
3.4097
3.3772
3.4857
3.4840
3.3718
3.5709
3.6766
3.3753
3.7314
3.3941
3.5085
3.4785
3.9269
3.7721
3.6543
3.4148
3.4970
3.4735
3.5047
3.5804
3.9327
3.7787
3.5941
3.6108
3.9744
3.7297
3.5862
3.6054
3.6485
3.4877
3.9228
3.9538
3.6928
3.7685
3.8181
3.7749
3.8191
4.4199
4.3225
4.2815
3.8625
4.0126
4.1826
3.8085
3.6853
3.8442
3.8648
3.8249
3.7226
3.4414
3.7784
3.5841
3.3454
3.3311
3.8432
3.4955
3.9047
4.0517
4.2740
3.8482
3.7308
3.7031
3.6411
3.4319
3.7279
3.9477
3.9355
3.6463
3.6377
3.5919
3.6539
3.8630
3.7871
3.9768
3.6805
3.7643
4.0891
3.7540
3.6775
3.8088
4.2939
3.8341
3.9861
4.3812
4.0750
3.8826
4.0341
4.0397
3.9825
3.9895
3.8323
3.7635
3.8898
4.0359
3.7705
3.7839
3.5768
3.7920
3.6018
3.7034
3.6934
3.9404
3.8718
4.1548
4.0161
3.9506
3.8436
3.7276
3.6624
4.0531
3.8141
3.9175
4.1779
3.6250
3.4222
3.7647
3.9352
3.9121
3.8207
3.7787
3.4946
3.7643
3.8937
3.4899
4.0231
4.1083
4.1003
3.8307
3.8086
4.0181
4.0355
4.1755
3.9918
3.6670
3.8104
3.7301
3.9547
3.9286
3.7052
3.5925
3.8609
3.8154
3.9901
3.9062
3.8196
3.7490
3.7405
3.6722
3.7447
3.8061
3.8815
3.8211
3.8123
3.5910
3.7206
3.6243
3.7427
3.7472
3.7733
3.5278
3.6402
3.5451
3.5709
3.7086
3.4806
3.4232
3.5062
3.7473
3.7359
3.6112
3.9054
3.6293
3.6324
3.9392
3.6149
3.7741
3.6507
3.8348
3.7153
3.8043
3.7258
3.6564
3.8900
3.9520
3.9429
3.9706
3.9343
4.0952
4.0535
3.9823
3.9699
4.0069
3.9240
3.9135
3.9652
3.9433
3.8879
3.6697
3.7109
3.8682
3.2779
3.5995
3.7076
3.4755
3.7165
3.5803
3.6833
3.6399
3.2302
3.5121
3.2990
3.6917
3.7558
3.8585
3.2670
3.4755
3.7273
3.7092
3.6760
3.7826
3.8325
3.6378
3.8698
3.6976
3.5693
3.8564
3.5279
3.4988
3.4548
3.6349
3.6320
3.7090
3.8177
3.9506
3.8335
3.9591
3.7697
3.9789
3.6723
3.7347
3.7526
3.7892
3.6497
3.7270
3.4579
3.5906
3.7809
3.5973
3.8849
3.9349
3.8482
3.8601
3.6586
3.3417
3.7755
3.7496
3.8079
4.1878
3.9568
4.0222
3.9307
3.8837
3.8462
3.6205
3.8656
3.9241
3.8429
3.9318
3.6636
3.7883
3.7592
3.7483
3.8721
3.8621
3.6863
3.6680
3.6092
3.9572
3.7793
4.0447
4.0109
3.9910
4.0363
3.6542
3.2354
3.7580
3.6052
3.5335
3.5731
3.4837
3.8288
3.9804
3.5181
3.4692
3.4680
3.8324
3.7375
3.6681
3.5661
4.0474
3.9206
3.7462
4.0380
3.8805
3.9328
3.8416
3.7207
3.7808
3.7421
3.8137
3.8846
4.0976
4.0458
3.9023
4.0231
3.7835
4.2462
3.6054
3.7854
3.8131
3.6754
3.6581
3.6041
3.7846
3.8975
3.9595
3.6642
4.0135
3.4548
3.6124
3.3945
3.4671
3.3804
3.4176
3.2071
3.6356
3.3853
3.4817
3.2562
3.5233
3.5588
3.6740
3.5655
3.6792
3.8140
3.9889
3.5950
3.8600
3.9098
3.7329
3.9234
4.2911
4.1969
4.1789
3.9542
3.9384
4.0846
4.0358
3.7048
3.9370
3.9569
3.7393
3.9498
3.8783
3.9596
3.7826
3.9690
3.9918
4.0317
3.8912
3.7379
3.7493
4.1531
4.0853
3.9677
3.9521
3.6114
3.8190
3.9994
4.1818
3.9097
4.0562
3.9317
4.0303
3.8362
3.6633
3.9658
3.9364
3.7999
3.7161
3.7079
3.6404
3.9136
3.7156
3.8816
4.0216
3.7348
4.0967
4.0026
4.1092
3.8434
3.8465
3.7632
3.7356
3.7378
3.7260
3.9988
3.7049
3.9645
3.9345
4.0496
3.9838
3.9150
3.9942
3.8182
4.0053
4.2751
3.8320
4.2392
3.9727
4.1530
4.1826
3.9858
3.8621
4.2102
4.3036
3.9381
3.7246
3.9470
4.0343
3.9780
3.8232
3.9977
4.0430
3.8790
3.9327
4.0139
4.1455
3.8937
3.9817
3.9637
3.6533
3.8367
4.0190
3.9486
3.8201
4.0472
4.1831
3.9609
3.7614
3.7628
3.9247
3.9787
3.9389
3.8762
3.7083
3.7888
3.8836
3.8220
3.8320
3.8493
3.9421
3.7737
3.9893
4.0918
3.7647
3.7959
3.8913
3.8402
3.7448
3.8398
3.5486
4.2126
3.8581
4.0219
4.1157
4.1483
4.0535
3.7659
3.8860
3.6584
3.7387
3.5875
3.6942
3.7474
3.5026
3.7808
3.7942
3.5193
3.7430
3.6002
3.4936
3.5427
4.1484
3.9274
4.0503
3.8980
4.0176
4.0220
4.0152
4.0409
3.8409
4.1440
4.0831
4.0110
3.5875
3.4843
3.5220
3.4526
3.6368
3.5157
3.9156
4.1271
4.0656
3.9223
3.6938
3.7984
3.8615
3.8672
3.6760
3.7228
3.5886
3.7348
3.6485
3.5715
3.7414
4.0211
3.7457
3.7440
4.1535
3.9781
4.0897
4.4050
4.2045
3.8779
3.9229
4.0914
3.8358
3.7711
3.8542
3.9237
3.7610
3.5564
3.6711
3.4441
3.7708
3.8524
3.8683
3.8903
3.9726
3.8117
4.1300
4.0608
3.6647
3.7953
3.8969
3.5846
3.6882
3.8530
4.0790
3.6100
3.9503
3.6380
3.9410
3.6604
3.6715
3.7943
3.7068
3.6631
3.8056
3.8109
3.5690
3.5745
3.6310
3.4694
3.3325
3.5722
3.4390
3.4568
3.5354
3.7665
3.6265
3.6857
3.4870
3.5853
3.4258
3.6546
3.6858
4.0170
3.7617
3.8990
3.4668
3.8373
3.5354
3.5814
3.4773
3.4032
3.4492
3.5114
3.4389
3.3607
3.3833
3.6781
3.5578
3.3162
3.7309
3.7473
3.5087
3.5032
3.7071
3.5509
3.6980
3.3296
3.4792
3.5691
3.4423
3.5008
3.5177
3.6733
3.6089
3.5669
3.5879
3.5671
3.9458
3.8420
3.8692
3.6801
3.8016
3.6186
3.5930
3.6923
3.6037
4.0283
3.7335
3.6250
3.8622
3.7498
4.0083
3.9863
4.1229
3.7386
3.9213
4.0608
3.7575
3.9777
3.8035
3.9252
3.9082
3.9393
3.8028
3.9321
3.7504
3.5655
3.6988
3.6776
3.9439
3.7674
3.7161
3.7749
3.9198
3.6783
3.5063
3.9226
3.9405
3.7862
3.9693
4.0825
4.2210
3.9955
3.9697
4.2413
4.3208
4.1147
3.8307
3.9772
4.0545
4.2187
4.0444
3.8031
3.9534
3.8660
4.1048
4.1473
3.8541
3.9306
3.8979
3.8795
3.9612
3.5409
3.8175
3.6922
3.9286
3.9293
3.9219
3.9630
3.7761
3.7271
4.0972
3.7853
3.8231
3.7236
3.7889
3.7053
3.9644
3.5503
3.7260
4.0057
3.5656
3.9997
3.5231
3.7326
3.6984
3.8289
3.9175
4.0291
3.9111
3.7931
3.7557
3.6106
3.8667
3.7455
3.8239
3.9161
3.7860
4.0577
