3.1846
3.2051
3.2786
3.1862
3.2501
3.1928
3.1959
3.1983
3.1810
3.1947
3.3500
3.3442
3.4572
3.3094
3.4062
3.3804
3.5746
3.6827
3.6019
3.7506
3.7890
3.8152
3.9912
3.9379
3.9082
3.9715
3.9476
4.3187
4.1639
3.6437
4.1336
4.0435
4.2014
4.3752
4.1233
4.3738
4.1212
4.1518
4.5287
4.3451
4.2433
4.5638
4.3579
4.3874
4.4184
4.3400
4.4295
4.2452
4.1564
4.2075
4.3850
4.0124
4.3255
4.1245
4.5608
4.5582
4.3952
4.3808
4.7837
4.8073
5.0094
4.7210
4.9320
4.5976
4.4140
4.4203
4.4240
4.2863
4.1965
4.1679
4.1527
4.1640
4.1057
4.2233
4.0761
4.3110
4.1786
4.1302
3.9607
4.1791
4.0648
4.1990
3.9354
3.7788
3.9263
4.0208
4.2663
4.0132
4.1824
4.1551
3.9271
4.0550
4.0401
4.2284
4.1296
4.0989
4.1772
4.1636
4.2899
4.1534
3.9917
4.1545
4.2630
4.3180
3.9522
4.1594
4.2904
4.2967
4.2913
4.3678
4.5172
4.3684
4.5859
4.2887
4.2695
4.3364
4.3139
4.2782
4.1955
4.3512
4.3081
4.5388
4.4469
4.2687
4.3475
4.2956
4.2078
4.3214
4.3985
4.0008
4.1750
4.0546
3.8998
3.9639
4.1295
4.2097
3.9150
4.1368
4.0811
4.1864
4.2292
4.1173
4.1674
4.5136
4.1568
4.1394
4.4482
4.3569
4.2476
4.1335
4.3740
4.3253
4.2864
4.3089
4.4996
4.0355
4.1474
4.1777
4.0905
4.0788
3.9937
3.8783
4.0873
4.0578
4.1722
4.1914
4.0330
4.1099
4.1124
4.1246
4.1090
4.1337
3.9690
3.8823
3.9659
3.8381
4.0119
3.9463
4.1930
4.0756
3.8424
4.0426
4.2398
4.0166
4.0973
4.1002
4.1492
4.0189
4.1657
3.9706
3.8365
3.9953
3.8747
4.1358
4.3015
4.0247
4.2101
3.9501
4.3353
4.2806
4.3753
4.4893
4.2629
4.2968
4.3162
4.3183
4.4195
4.4540
4.5140
4.4214
4.2710
4.3716
4.5135
4.4970
4.5818
4.6737
4.8630
4.6826
4.4923
4.7002
4.6580
4.5554
4.5967
4.5111
4.5456
4.3579
4.5237
4.4692
4.5934
4.4876
4.4144
4.2678
4.4190
4.3596
4.4285
4.3018
4.4357
4.5001
4.4207
4.2960
4.5322
4.5287
4.5202
4.6494
4.5114
4.6412
4.7002
4.6212
4.4275
4.4579
4.4385
4.4567
4.5281
4.4732
4.3730
4.3808
4.4301
4.5565
4.5338
4.2960
4.3217
4.3784
4.2318
4.2746
4.2152
4.4375
4.2529
4.5456
4.5005
4.4134
4.5673
4.5935
4.5166
4.6241
4.6215
4.5556
4.4556
4.3936
4.5005
4.4642
4.4474
4.5331
4.4230
4.3496
4.3397
4.5549
4.5106
4.2621
4.2522
4.4295
4.3492
4.2408
4.3360
4.1415
4.4612
4.4570
4.7147
4.5220
4.4936
4.3150
4.3039
4.3926
4.4903
4.5038
4.4485
4.6286
4.4047
4.3840
4.2890
4.3290
4.4000
4.2450
4.2795
4.2660
4.2002
4.1163
4.2189
4.1402
4.2015
3.9478
4.1380
4.0391
4.1728
4.2682
4.1438
4.2537
4.1108
4.1329
4.1474
4.2938
3.9819
4.1972
4.2078
4.0910
3.9901
4.1695
4.1518
3.9188
3.8959
3.8897
3.8926
3.9428
4.0648
3.9836
3.9554
4.0276
4.1693
3.8434
3.9338
3.7520
3.9281
3.7038
3.7094
3.8308
3.7378
3.8614
3.5932
3.6884
3.8134
4.0598
3.9169
4.1035
4.0737
4.2571
4.1529
3.9158
3.9792
3.9044
3.8051
3.9830
3.9843
3.9311
3.9709
4.0378
4.3265
4.1306
3.9689
4.2383
3.8448
4.0982
4.1687
4.1196
3.9880
4.0669
3.8074
3.9779
4.0210
4.1121
4.3648
4.2647
4.1085
4.1263
4.0239
4.1376
4.2451
4.1576
4.1697
4.0134
4.0894
4.1342
4.1932
4.0261
4.0550
3.9741
4.2478
4.1087
4.0235
4.1092
4.0401
4.1206
3.9577
4.1906
4.3112
4.1990
4.0561
4.2383
4.3186
4.4174
4.1978
4.2108
4.2886
4.3559
4.4716
4.5693
4.4875
4.2493
4.1172
4.3246
4.3234
4.1323
4.0445
4.3282
4.0876
3.9272
4.0010
4.2334
4.2692
4.4661
4.3053
4.2760
4.5464
4.6147
4.4546
4.4133
4.2913
4.4137
4.3716
4.4703
4.5614
4.5515
4.5119
4.3135
4.1351
4.4362
4.3550
4.5088
4.3118
4.2090
4.1778
4.3335
4.1239
4.2103
4.1728
4.1194
4.2311
4.1575
4.3642
4.3336
4.3267
4.2640
4.2698
4.2864
4.3185
4.3702
4.4795
4.4242
3.9964
4.1607
4.2639
4.4810
4.4403
4.2177
4.5375
4.4373
4.3458
4.4571
4.4285
4.3984
4.2986
4.3938
4.3029
4.3946
4.3418
4.4082
4.2366
4.4285
4.6666
4.4681
4.5559
4.7087
4.5697
4.6771
4.4495
4.5442
4.5779
4.4209
4.4222
4.4820
4.2891
4.0185
3.9348
4.1212
4.1041
4.3999
4.3179
4.3596
4.2913
4.2360
4.5625
4.2598
4.4000
4.3696
4.2892
4.3584
4.5120
4.5214
4.4556
4.5627
4.6508
4.6593
4.7382
4.7223
4.6183
4.6791
4.4940
4.5979
4.6677
4.5105
4.5179
4.5763
4.6959
4.6981
4.9379
4.6647
4.6428
4.6608
4.6273
4.7565
4.8250
4.7233
4.7585
4.4794
4.3234
4.2737
4.6485
4.8681
4.5723
4.7514
4.8981
4.6587
4.5779
4.5343
4.5150
4.7254
4.7210
4.6274
4.6012
4.6489
4.5945
4.7739
4.6744
4.6073
4.6682
4.8953
4.8155
4.7398
4.7733
4.7938
4.6591
4.4885
4.6415
4.7886
4.8483
4.6034
4.4755
4.5768
4.6473
4.4451
4.6436
4.5201
4.4522
4.4748
4.4652
4.7086
4.6538
4.3668
4.4738
4.3423
4.5379
4.4000
4.4839
4.3652
4.4177
4.2384
4.2873
4.3064
4.4559
4.4363
4.4196
4.5491
4.4611
4.6614
4.4997
4.2106
4.2782
4.2289
4.4726
4.4334
4.5734
4.2910
4.2898
4.3531
4.2980
4.4682
4.3798
4.6166
4.6562
4.4466
4.6748
4.6252
4.6108
4.3959
4.5175
4.4762
4.5847
4.5973
4.6802
4.5699
4.7279
4.5391
4.6103
4.4824
4.6552
4.5850
4.4844
4.5237
4.5326
4.5594
4.4682
4.5453
4.5889
4.5828
4.8926
4.8736
4.8749
4.8703
4.6237
4.3154
4.5574
4.2555
4.1761
4.2234
4.2979
4.4563
4.2735
4.4131
4.5296
4.6561
4.7391
4.7907
4.8195
4.7880
4.8860
4.7061
4.7909
4.6754
4.1113
4.5504
4.3570
4.4155
4.4901
4.1382
4.0937
4.2470
4.0272
4.3910
4.3125
4.2981
4.1922
4.1452
4.2804
4.2157
4.0495
4.0224
4.0554
4.3129
4.2143
4.4059
4.4257
4.4607
4.4982
4.2165
4.2978
4.1972
4.1346
3.9142
4.0148
4.1739
3.8951
4.0172
4.2787
4.3100
4.3466
4.3017
4.2794
4.2816
4.0396
4.2337
4.0706
4.1735
3.9973
4.1120
4.1525
4.2495
4.3270
4.3790
4.2794
4.0581
4.2714
4.1917
4.3934
4.1195
4.0809
4.2279
4.5550
4.4633
4.7239
4.8017
4.8727
5.0591
4.8289
4.8947
4.6753
4.9250
5.0135
5.0103
5.2660
5.3572
5.4403
5.3397
5.2630
5.0511
5.3043
5.0722
5.4580
5.5407
5.4271
5.5663
5.3749
5.5632
4.9568
5.2550
5.2413
5.4359
5.2590
5.4941
5.5921
5.3924
5.5884
5.3770
5.2673
5.4488
5.2785
5.4806
5.2221
5.1551
5.3371
5.5658
5.4842
5.4240
5.3225
5.2640
5.0598
5.3167
5.2507
5.1165
5.4131
5.4794
5.5852
5.5281
5.3584
5.6139
5.6179
5.9454
6.0230
6.0018
5.9962
5.4900
5.8797
5.7828
5.9610
5.8867
6.0629
6.0321
5.8101
5.9254
6.0909
5.9927
6.0475
5.8793
5.9775
5.9103
5.8319
5.8466
5.7342
5.4072
5.7830
5.4724
5.3865
5.7693
5.6090
5.3846
5.5412
5.4816
5.5038
5.4031
5.5423
5.4575
5.2981
5.5950
5.7521
5.6850
5.5705
5.5494
5.4314
5.4158
5.4957
5.5368
5.5651
5.2813
5.4346
5.3526
5.2383
5.5996
5.5481
5.5082
5.7121
5.3564
5.3662
5.6171
5.8361
5.8098
5.9574
6.0229
5.5853
5.9103
5.9388
6.1715
6.2457
6.2146
6.1058
5.8639
5.7711
6.0152
5.8683
6.2168
6.0282
5.8298
5.7171
6.1332
5.7133
6.0964
5.7820
5.8900
5.5800
5.6925
5.7433
5.9039
5.8874
5.6286
5.6209
5.7242
5.6540
5.8465
5.7922
5.6716
5.6833
5.6817
5.6230
5.5653
5.4832
5.5881
5.4712
5.7156
5.3549
5.4700
5.3612
5.7432
5.6426
5.7308
5.8122
5.8747
5.7258
5.6319
5.6047
5.6444
5.8894
5.6576
5.8219
5.5312
5.7333
5.6561
5.6097
5.8905
5.5880
5.3006
5.7096
5.5975
5.8262
5.7973
5.6674
5.8685
5.5482
5.5270
5.9130
6.1138
6.2788
6.1082
5.8117
5.8581
5.7657
5.8096
5.5169
5.4300
5.4786
5.6179
5.6224
5.7423
5.5867
5.4941
5.3806
5.4569
5.4621
5.4009
5.5953
5.7931
5.8440
5.8556
5.8503
5.7957
5.9234
5.9121
5.8678
6.0103
6.1311
6.3013
6.0636
5.8179
5.9084
5.9958
5.8165
5.8946
5.6826
5.5225
5.3587
5.3897
5.5723
5.4450
5.3370
5.6761
5.4489
5.5408
5.7810
5.6988
5.6153
5.5250
5.7184
5.8087
5.5647
5.7600
5.7098
5.6237
5.6186
5.6750
5.4284
5.7337
5.7811
5.5492
5.3736
5.5202
5.4047
5.4563
5.3233
5.5676
5.4898
5.5594
5.6407
5.6254
5.6024
5.3794
5.3209
5.0426
5.2861
5.6472
5.6096
4.9552
5.0394
5.1300
5.2240
5.3082
5.2485
5.3497
5.2196
5.0954
5.1765
5.0498
4.8691
5.3299
5.3484
5.4321
5.2016
5.1282
5.1065
5.3338
5.2424
5.0791
5.0277
5.2092
5.2082
5.2342
5.0914
5.2704
5.4378
5.7046
5.5653
5.1921
5.3762
5.6379
5.3528
5.3198
5.0276
4.8015
4.8932
4.8337
5.1977
5.3936
5.3507
5.5518
5.7639
5.6808
5.4192
5.0226
5.1167
5.2423
5.4005
5.7153
5.4850
5.5652
5.5583
5.4060
5.4802
5.2642
5.3845
5.1860
5.1124
4.8756
4.9756
4.8278
5.0509
5.1885
5.2474
5.3950
5.1870
5.1573
5.0918
5.1842
5.3838
5.2439
5.3435
5.4251
5.2206
5.1854
5.1909
5.1647
5.2199
5.0250
5.0229
5.0954
5.2081
5.1789
5.0859
5.2518
5.4514
5.2597
5.2978
5.4444
5.3929
5.0245
5.0697
5.3685
5.5960
5.3836
5.5479
5.1716
4.9717
4.8853
4.8921
4.6726
4.9491
4.7280
4.7983
4.8170
4.9559
4.7523
4.8641
4.8883
4.7749
4.8952
5.0980
5.0041
4.8516
5.0948
5.1734
5.1549
5.3092
5.5326
5.1263
5.0536
5.0884
5.0913
5.0893
5.2109
5.0821
5.3486
5.3506
5.1035
5.2150
5.3742
5.1957
4.9379
5.0884
4.9794
5.5301
5.1482
5.2462
5.0878
5.2095
5.1789
5.3859
5.1768
5.1437
4.9005
4.9605
4.9841
5.3146
5.1610
4.6607
5.1353
5.4858
5.2358
5.3631
5.0891
5.4604
5.3792
5.1639
5.1182
4.9527
4.9095
4.9019
5.0972
5.1175
4.7399
4.5673
3.9996
4.2551
4.4989
4.6171
4.2653
4.5225
4.2813
4.4956
4.2623
4.3156
4.5886
4.6376
4.4552
4.7109
4.5171
4.6295
4.5176
4.8170
5.0816
4.7776
4.7981
4.9258
5.0201
4.8860
4.8109
4.8437
4.8912
5.1102
4.8086
4.9747
4.8537
4.9894
4.9160
4.7865
4.7316
4.9845
4.7333
4.6323
4.7423
4.5910
4.5388
4.5197
4.9216
4.8880
4.8357
4.7762
4.5368
4.6612
4.5941
4.8407
4.8460
4.8534
4.5393
4.6795
4.6197
4.3348
4.3822
4.4203
4.6762
4.5083
4.7258
4.6719
4.5228
4.6434
4.6699
4.7623
5.0367
4.9366
5.0164
4.5680
4.8262
4.9498
4.6409
4.4073
4.3697
4.4967
4.2052
4.2289
4.5062
4.6070
4.7386
5.2157
4.8104
5.1338
4.9875
5.1142
5.3986
5.1964
5.0219
4.9980
5.0382
5.1466
5.0448
4.9316
4.8559
4.5246
4.5956
4.9597
4.4091
4.6200
4.6953
4.7910
4.6614
4.7188
4.5162
4.8594
4.5483
4.7007
4.8758
4.9770
4.7821
4.9066
4.8706
4.8306
4.7835
4.7934
4.6912
5.0319
4.8364
5.0831
5.0636
5.0787
4.8378
4.7538
5.0107
4.9509
5.0897
4.8092
4.8659
5.0368
4.7094
4.7614
4.3380
4.5924
4.8354
4.7634
4.8172
4.4963
4.8861
4.7404
4.7072
4.5036
4.6373
4.4325
4.4040
4.6656
4.5414
4.6659
4.4407
4.6745
4.3429
4.3656
4.7369
4.4212
4.2995
4.3738
4.4669
4.5394
4.5718
4.3389
4.2731
4.2738
4.5098
4.4257
4.2703
4.4044
4.4195
4.7215
4.7110
4.6752
4.6453
4.8658
4.6123
4.7376
4.7822
4.8685
4.8595
4.8008
4.6522
4.7894
4.8717
4.8049
4.7994
5.0011
4.7701
4.6583
4.4983
4.5467
4.3530
4.4176
4.9064
4.4642
4.4331
4.3727
4.1735
4.5042
4.4596
4.4903
4.3403
4.5994
4.5087
4.5628
4.8562
4.4028
4.7875
4.8633
4.8395
4.4061
4.6752
4.5723
4.7026
4.6232
5.0988
4.8177
4.6194
4.9445
5.0955
5.0565
4.6832
4.7348
4.7715
5.1929
4.8841
4.8971
4.7252
4.9008
5.0593
5.1632
4.7416
4.6100
4.5942
4.8354
4.5802
4.4913
4.9423
4.7384
4.9011
4.8653
4.4879
4.7651
4.7175
4.7264
4.4381
4.8155
4.7239
4.9281
4.6131
4.3960
4.2515
4.8727
4.6659
4.6415
4.6536
4.8787
4.8903
4.9368
4.5297
4.6624
4.5959
4.7770
4.9035
4.9276
4.7726
5.0337
4.8131
4.6350
4.7972
4.8937
5.0787
4.7490
4.5604
4.6297
4.6130
4.9597
4.7066
4.7146
4.5934
4.7351
4.6645
4.6998
4.9224
4.8992
4.9372
4.7562
5.0124
4.7723
5.0785
5.2911
5.2259
5.0439
4.6754
4.6214
4.9602
4.7477
5.1056
4.8831
4.6410
4.5636
4.8525
5.0660
5.1219
5.0082
5.0300
5.2700
5.1877
5.1578
5.1106
4.7352
4.7038
4.7493
4.8953
4.9476
4.7955
4.7371
4.9349
4.6573
4.4313
5.0006
4.7616
4.6505
4.7925
4.7488
4.9674
4.8662
5.1816
5.0266
5.0503
4.9087
4.7891
4.6072
4.9487
4.7957
4.7156
4.9512
4.7577
5.0002
4.6235
5.2161
4.8995
5.0601
5.2254
4.8554
4.9505
4.7926
4.9819
4.8569
5.1871
4.8584
4.7483
4.8499
5.0226
5.0172
5.2180
5.0572
5.1985
5.1413
4.7170
4.8551
4.9024
5.0166
5.2261
5.1515
4.9240
4.7168
4.7052
4.5136
4.8486
4.6612
4.3833
4.7626
4.9059
4.8414
4.7277
5.1665
5.0186
4.9364
4.8889
4.9387
4.8158
4.9618
4.9817
4.7107
4.9657
4.8713
4.9845
5.0341
4.8777
4.8891
4.8337
4.7010
4.7721
5.0516
5.0500
4.9626
4.8897
5.0264
5.1138
4.9179
4.7619
4.7817
4.9596
4.9482
4.9154
4.9084
4.9262
4.8981
5.1401
5.1066
5.1791
4.8881
5.0203
4.7011
4.8558
4.6913
4.8759
4.8385
4.6739
4.4203
4.6845
4.8950
4.6430
4.6417
4.6331
4.7926
4.5714
4.7335
4.8390
4.5037
4.8330
4.8726
4.6364
4.7829
4.6556
4.6792
4.8401
4.6720
5.0313
4.8043
4.9380
5.0050
4.8811
4.7852
4.8652
4.6984
4.3141
4.3663
4.4765
4.5519
4.3845
4.5160
4.4093
4.6731
4.8492
5.0127
4.9043
4.6167
4.6589
4.8173
4.8602
4.7493
4.7492
4.7098
4.6238
4.7310
4.4436
4.5434
4.5749
4.5673
4.5155
4.7291
4.7255
4.8296
4.7874
4.7938
4.6702
4.7608
4.9197
4.6760
4.4221
4.6985
4.9376
5.0168
4.5650
4.6188
4.8179
4.9502
4.7396
4.9346
5.0358
4.9104
4.7623
5.0814
4.9179
4.9045
5.1552
5.5616
5.1559
5.2079
4.9134
5.2433
5.1239
5.1043
4.9735
5.2333
4.9361
5.1267
5.0944
4.7921
4.7489
5.2213
4.7869
4.8849
5.2131
5.1403
4.9587
5.2691
5.4645
5.7842
5.4727
5.2990
5.0360
5.1336
4.7448
4.7530
4.6571
4.8907
4.9665
4.9573
4.8792
4.7395
4.8853
4.9081
4.8900
5.0286
4.9013
5.0111
4.6575
4.7486
4.9464
4.9173
4.9805
4.9371
5.0631
5.0330
5.1912
4.8341
4.7475
4.8894
4.8450
5.1376
4.9217
4.9384
4.9142
4.8132
4.8581
4.8461
4.7657
4.7597
4.6908
4.5742
4.7230
4.8478
4.5824
4.6574
4.7614
4.8110
4.7192
4.7392
4.7569
4.7564
4.9450
4.9029
4.9808
4.8087
4.8299
4.9611
4.8076
4.7449
5.0859
5.0598
5.0272
5.1016
5.3875
5.2581
4.9183
4.8704
5.2027
5.0640
4.7841
5.0402
5.1158
5.4280
5.0495
5.2179
5.0756
5.1942
5.0462
5.3569
5.2008
5.0497
4.7316
4.8258
4.5355
4.7139
4.7731
4.7893
5.1152
4.7290
4.5641
4.8195
4.6953
5.0010
5.1174
4.8540
5.1174
5.2646
4.8923
5.1400
4.8766
5.0192
4.8996
4.6020
4.7445
4.9075
4.7692
4.5986
4.8765
4.5916
4.5389
4.6761
4.5668
4.7282
4.6923
4.4888
4.5961
4.7539
4.6924
4.5446
4.4975
4.5425
4.5489
4.6290
4.9336
4.8202
4.8970
4.8609
4.7637
4.4562
4.6881
4.5778
4.6377
4.7694
4.5241
4.4753
4.6405
4.5907
4.6321
4.7188
4.6941
4.5889
4.6036
4.8175
4.5264
4.6859
4.8964
4.7996
4.5987
4.7831
4.6995
4.6087
4.4828
4.6921
4.6562
4.4535
4.6706
4.3476
4.3020
4.4907
4.4059
4.3928
4.4361
4.4834
4.4905
4.4521
4.1416
4.5116
4.6456
4.2836
4.6462
4.5223
4.7338
4.2997
4.6326
4.7507
4.7625
4.9381
4.7783
5.0156
4.9658
4.8648
4.8766
4.7252
4.8806
4.7810
4.3563
4.6035
4.5795
4.3890
4.6743
4.6229
4.4503
4.5856
4.1849
4.4349
4.6719
4.6369
4.5476
4.8659
4.7386
4.4588
4.6790
4.9317
4.7586
5.1550
4.9787
5.2345
5.4668
5.4781
5.4316
5.3563
5.0792
5.4029
4.9961
4.9807
5.3585
5.3564
4.9411
5.3034
5.1415
5.5805
5.6340
5.5528
5.2576
5.3634
5.1718
5.2691
5.2163
5.5195
5.4064
5.3624
5.6605
5.8110
5.7989
5.4828
5.3360
5.4669
5.5012
5.3515
5.2502
5.4384
5.6718
5.8558
6.1408
5.8672
5.8764
5.7821
5.9564
5.9224
6.0124
5.9667
5.6218
5.4141
5.3907
5.4699
5.7447
5.5528
5.9249
5.6417
5.6461
5.6349
5.5840
5.7192
5.6140
5.4103
5.5061
5.7437
5.4898
5.3336
5.2987
5.7014
5.4664
5.7870
5.8197
5.8026
5.8469
5.7411
6.0497
5.9386
5.8918
6.3429
5.8485
5.2918
5.5539
5.6174
5.4756
5.1992
5.2331
5.1414
5.4153
5.1395
5.4126
5.3554
5.4890
5.6408
5.6703
5.4501
5.6294
5.4948
5.5630
5.5795
5.5356
5.7620
5.5787
5.6105
5.7108
5.3588
5.5023
5.2885
5.4535
5.4289
5.3786
5.3378
5.4350
5.8141
5.4252
5.3519
5.5132
5.4852
5.6542
5.8551
5.4831
5.5248
5.9941
5.8667
6.1514
6.2075
6.2025
6.0203
6.0143
5.9536
6.0998
6.0037
5.9232
5.6215
6.0654
5.8330
6.2152
6.1763
6.0807
5.9978
6.0218
6.0579
6.1717
6.0099
5.8216
6.0725
5.7325
5.9897
5.8313
5.8057
5.8009
5.5129
5.4259
5.3030
5.4066
5.0651
5.5687
5.5426
5.2579
5.2754
5.3504
5.4801
5.4455
5.4693
5.3832
5.6020
5.4836
5.3512
5.4518
5.4892
5.7951
5.4269
5.6587
5.5228
5.4389
5.7487
5.4326
5.4404
5.7439
5.3697
5.5298
5.3339
5.5474
5.3047
5.6283
5.6042
5.5319
5.3695
5.3442
5.5135
5.4117
5.6822
5.5885
5.8916
5.6922
5.6159
5.7388
5.8084
5.7724
5.8593
5.4357
5.5122
5.6976
5.5550
5.6089
5.0722
5.3042
5.3116
5.2522
5.1714
5.4621
5.5368
5.4439
5.3563
5.1832
5.2489
5.4408
5.7524
5.5769
5.8716
5.7602
6.0120
5.5043
5.6642
5.9175
5.8730
5.5169
5.7152
5.9493
5.9408
5.4812
5.8306
5.7328
5.7065
5.6471
5.8098
5.4144
5.9116
5.5182
5.2882
5.0268
4.9438
5.0600
5.4321
5.4168
5.7095
5.8709
5.5245
5.2869
5.4022
5.2008
4.9514
5.4798
5.4869
5.3625
5.3004
5.3180
5.2897
5.0056
5.3722
5.0079
4.6693
5.0076
5.2283
5.1488
5.2201
5.2012
4.9087
5.1335
5.1435
5.2045
5.0369
4.8331
4.9355
5.0486
4.7248
4.8210
4.8185
4.7577
4.5077
4.7733
4.2525
4.6157
4.7520
4.8141
4.3334
4.3415
4.6133
4.6057
4.6602
4.8956
4.9178
4.6632
4.8425
4.5377
4.6095
4.6950
4.9561
4.6880
4.7331
4.9744
4.5911
4.6501
4.7057
4.5028
4.7195
4.8932
4.9437
4.8719
5.0311
4.6740
5.0373
5.0325
4.9557
4.7653
5.0384
4.9708
4.7884
4.6633
4.8831
4.6331
4.7917
5.0387
4.7149
4.5134
4.8330
5.0671
4.8398
4.6677
4.9686
4.7117
4.6385
4.4956
4.3047
4.4316
4.9429
4.8194
5.2167
5.0061
5.1057
4.8449
4.9723
4.6564
4.8470
4.9303
4.7187
4.8074
4.7166
4.8738
5.1965
4.9054
4.9632
5.0010
4.9120
5.1359
4.9073
4.9611
4.8954
5.0014
4.9747
5.0083
5.2031
4.6308
4.7279
4.7670
5.0213
4.8167
4.5608
4.8741
4.8508
5.1014
5.0225
4.5666
4.6700
4.3808
4.1332
4.0289
4.3815
4.2182
4.4547
4.4633
4.4393
4.5409
4.7469
4.7796
4.5265
4.3261
4.3870
4.2953
4.7983
4.8488
4.2819
4.7357
4.5609
5.1305
5.0899
4.7188
5.0393
5.0764
5.2275
5.0848
5.0716
5.5328
5.6003
5.6506
6.0775
6.1737
5.8015
5.5701
5.7683
5.6977
5.5800
5.2557
5.2180
5.4895
5.2897
4.9121
4.9872
4.9663
5.1307
4.9334
4.9422
4.7826
5.0381
5.1275
4.9266
5.0977
4.9692
5.1456
5.2085
4.8149
4.8342
4.8867
4.8418
4.8185
4.5097
4.6324
4.6843
4.6988
4.6636
4.6202
4.3980
4.7022
4.8617
4.9197
4.8447
4.7364
4.7533
4.9422
5.0845
4.9724
4.7777
4.5957
5.0906
4.8067
4.8019
4.7041
4.6113
4.9419
4.7279
4.9758
4.5309
4.4862
4.8116
4.8312
4.8991
4.6304
4.6516
4.6322
4.7683
4.5167
4.5335
4.8647
4.9003
4.5606
4.8022
4.7430
4.7764
4.7085
4.7222
4.7145
4.7566
4.4146
4.7901
4.5524
4.5007
4.7409
4.2248
4.0742
3.9916
4.1888
4.0218
4.0502
3.9185
4.0210
3.8732
4.0972
3.7551
4.1270
4.0590
3.9674
3.5901
3.6695
3.8108
3.9464
4.1441
3.8270
4.1737
4.2806
4.1559
4.1755
3.6960
3.7664
3.8826
3.9290
3.9175
3.7896
4.0914
4.1608
4.0356
4.0380
3.6855
3.9953
4.3194
4.0949
4.6481
4.4592
4.3414
4.2923
4.0992
4.2577
4.3226
4.2421
4.0401
3.9031
3.9099
4.1308
3.8521
4.0790
3.7975
4.0409
4.3742
3.9682
4.0597
3.8907
3.6804
3.9510
4.0108
4.1390
3.9738
4.2792
4.5516
4.8799
4.3157
4.1479
4.4896
4.6085
4.1921
4.1242
4.1950
4.1204
4.2492
4.1732
4.1126
4.2844
4.2374
4.2564
4.1427
4.5239
4.3969
4.4008
4.1192
4.1468
4.1900
4.2432
4.1346
4.0235
4.2716
4.3851
4.2913
4.4410
4.4510
4.4533
4.6880
4.4314
4.5918
4.4287
4.3220
4.2354
4.2478
4.3834
3.9979
4.5009
4.4403
3.9045
4.1440
4.0032
4.1511
4.1548
3.9312
3.8377
3.8071
3.7201
3.8790
4.0117
3.9834
4.1303
3.8148
3.9582
3.6747
3.7600
3.7042
3.7173
3.8990
3.8096
3.7319
3.7005
3.9823
3.7206
3.8212
3.7673
3.5844
3.5690
3.7631
3.8884
3.8629
3.8467
3.5941
3.8092
3.8193
3.7816
3.7865
3.8952
3.9862
4.3601
4.4435
4.2994
4.3190
4.1693
4.1112
3.7981
3.7550
3.9497
3.6552
3.9418
3.7491
3.9882
3.4509
3.3285
3.6154
3.6404
3.8323
3.4660
3.5451
3.5416
3.8252
3.8863
3.6191
4.0744
3.9617
3.9119
4.1693
4.0106
3.6054
3.5992
3.9642
3.8399
3.9295
3.6360
3.9403
3.8176
4.2011
4.0680
3.8814
3.7436
3.8208
3.8368
3.7249
3.9863
3.8569
3.8575
4.1481
3.8941
3.8755
3.9808
3.9506
4.2129
3.9749
4.0049
3.7889
3.7501
3.8013
3.7764
3.4478
3.8186
3.7325
3.6804
3.8642
3.8005
4.0716
3.9116
4.1294
4.2391
4.2157
4.3187
4.1350
3.9454
4.0520
4.2309
4.1294
4.0414
4.1331
4.4771
4.6142
4.1583
4.1951
4.0126
4.1935
3.7333
4.0043
3.8904
3.9180
4.1469
3.9120
3.7448
4.0763
3.7928
4.0784
3.7441
3.6042
3.5202
3.4530
3.5665
3.8055
3.6822
3.7186
3.4254
3.3956
3.8556
3.8514
3.5616
3.6195
3.5798
3.6984
3.7565
3.8222
3.6159
3.7787
3.8794
3.6617
3.8354
3.8566
3.8211
3.9935
4.3978
4.2813
4.2964
4.1906
4.2418
4.2266
4.2482
4.5224
4.1444
4.0700
4.2734
4.2451
4.1370
4.2213
4.1400
4.2376
4.4416
4.1092
4.3156
4.4592
4.3107
4.5422
4.6447
4.8101
4.6935
4.4678
4.5554
4.5865
4.4944
4.6396
4.6871
4.3289
4.3446
4.3821
4.1912
4.2314
4.2783
4.5137
4.2929
4.1249
4.4850
4.3508
4.3940
4.2450
4.4029
4.1216
4.0581
3.9591
3.8355
4.2677
4.2536
4.3328
4.4665
4.1510
4.3345
4.2694
4.7794
4.2310
4.0683
4.0837
4.3592
4.3574
3.9398
4.2201
4.0653
3.8968
3.9849
4.1053
4.0779
4.2823
3.8411
4.2698
3.9966
4.0769
4.0233
3.6918
3.9412
3.9940
4.0671
3.7974
4.1484
4.0683
4.0232
4.0477
4.0293
3.8747
3.9392
3.9691
3.9935
3.9047
4.1205
4.0888
3.9786
4.0437
3.7284
4.0630
3.9654
4.0654
4.0082
3.9747
3.7098
3.9711
3.8107
3.8024
3.5377
3.6724
4.0954
4.1054
4.3361
4.1650
3.9093
3.6867
3.7077
3.9436
3.8367
3.8874
3.4269
3.0865
3.4826
3.4907
3.2859
3.4987
3.0874
3.1098
2.9979
3.3140
3.7901
3.7097
3.6485
3.5005
3.8629
3.8843
3.7600
3.6506
3.9957
3.9229
3.8437
3.7236
3.6588
3.7503
3.7442
3.3707
3.8370
3.8982
3.5505
3.7027
3.8871
3.7984
3.7984
3.3425
3.5566
3.5693
3.6599
3.4809
3.4971
3.7982
3.6938
3.7215
3.5917
3.7989
3.5768
3.6582
3.7452
3.8649
3.5776
3.5886
3.5508
3.7049
3.6303
3.7807
3.5924
3.4380
3.8937
3.4842
3.6259
3.4810
3.3900
2.9874
3.4657
3.0361
3.5189
3.2114
3.5127
3.7914
3.8080
3.6399
3.4960
3.5856
3.5182
3.6235
3.4753
3.9011
3.7244
3.9209
3.9365
3.8250
4.1047
4.0389
3.6993
3.8966
3.9857
4.2513
4.0031
3.7764
3.9767
3.8289
3.8956
3.5612
3.7336
3.4273
3.5106
3.8645
3.9326
4.0284
3.3082
3.2268
2.9913
3.1988
3.2416
3.6403
3.4838
3.3599
3.3391
3.3780
3.4570
4.2818
3.9847
3.9635
3.9255
3.8593
3.9152
3.7885
3.8622
4.4776
4.2802
3.6887
4.1469
3.8504
3.9314
3.2818
3.7357
3.6896
3.2852
3.2134
3.5899
3.7465
3.4084
3.5796
3.3659
3.1199
3.4053
3.2435
3.1714
3.1143
3.1219
3.0536
3.3734
3.5131
3.5859
3.4723
3.5408
3.4193
3.7397
3.5927
3.7894
3.6803
3.8087
3.9092
3.9902
3.8396
4.0574
4.1301
4.3287
4.1994
4.4169
4.2780
4.0317
3.8149
4.0195
4.5159
4.4655
4.4914
4.0257
3.9275
3.6379
3.9664
3.9212
3.6490
3.8629
4.0483
3.6019
3.9235
3.9678
4.0237
3.7878
4.0055
3.9460
3.8433
4.1074
4.1894
4.0130
4.0015
3.6543
3.9883
3.7320
3.9551
3.9998
3.9947
4.0894
3.9681
3.8584
3.5101
3.4550
3.4796
3.8582
4.0607
3.8908
3.5751
4.0166
3.8585
3.9574
3.8127
3.7112
3.9114
4.0012
3.5074
3.7502
3.4852
3.8594
3.8992
3.6439
3.3419
3.8872
3.6247
3.7248
3.7217
3.7279
4.0857
4.3214
4.1977
4.2170
4.1817
3.5712
3.8742
4.0740
3.9824
3.9525
4.0757
3.4839
3.8172
4.1144
3.8947
3.8768
3.8967
3.4819
3.4579
3.8402
4.1528
4.4483
4.3643
4.2117
4.4141
4.3430
4.0955
4.1942
3.9519
4.1495
4.1206
4.0535
4.1582
4.2955
4.4600
4.5677
4.8389
4.8615
4.8047
4.7322
4.6383
4.5626
4.8448
4.5639
4.4273
4.4908
4.2433
4.3398
4.6011
4.2279
4.5269
4.2354
4.2605
4.3745
4.2037
4.2277
4.2376
4.1272
3.8850
3.7184
3.9333
3.7869
3.8215
3.7663
3.9282
4.0103
4.2599
4.2642
4.4340
4.7992
4.9911
4.8128
5.3977
5.4843
5.2006
5.1406
5.0326
4.8957
5.2261
5.0530
4.8187
4.4556
4.4536
4.2606
4.3152
4.3050
4.2677
4.7399
4.6985
4.7671
4.6410
5.0195
4.9471
4.3266
4.4284
4.7394
4.5439
4.5052
4.5564
4.6798
4.6235
4.7707
4.8826
4.2581
4.2934
4.2934
4.2904
4.4174
4.4697
4.4156
4.2860
4.5506
5.1063
4.7380
4.5852
4.3868
4.1531
4.6032
4.5671
4.4805
4.5728
4.3167
4.1526
4.7163
4.3922
4.4572
4.4169
4.4828
4.4869
4.5261
4.8674
4.5817
4.7539
4.7754
5.0111
5.0259
5.1760
5.1582
5.1754
5.1896
4.8342
5.0247
5.0961
5.0705
4.8807
4.6497
4.9279
4.9703
5.1074
5.0642
4.9316
4.9877
4.9669
4.8620
4.9693
4.8102
5.1518
5.3224
5.6282
5.3018
5.2831
5.4286
5.5960
5.3905
5.2594
5.2063
5.0715
5.0192
5.5725
5.1823
4.9888
5.2534
5.4286
5.2815
4.9971
4.8587
5.0877
5.1635
4.9412
5.1277
5.4657
5.6042
5.2454
5.4888
5.1412
5.3320
5.5334
5.5294
5.3185
5.0686
4.8337
5.0738
5.0276
5.0951
5.6587
5.3121
5.1340
5.3598
5.3887
5.0857
5.5959
5.3996
5.4916
5.0314
4.8316
4.6630
4.6363
4.8086
4.7772
4.9654
4.8896
4.8447
5.0896
4.8471
4.7287
4.7179
4.7774
4.3779
5.0667
4.8369
4.6233
4.7380
4.8779
4.5908
4.4713
4.5302
4.1120
4.4461
4.2655
4.8321
4.6113
4.5385
4.2793
4.2844
4.2525
4.2678
4.4729
4.7224
4.6398
4.7306
4.8909
4.8292
5.1277
5.0228
4.9174
4.7058
4.8652
5.0658
4.7289
4.9009
4.7362
4.8955
4.7927
5.0144
5.1010
5.4332
5.2583
5.0372
5.2440
4.9379
4.9784
4.7174
4.5872
4.5928
4.9073
4.7023
5.1212
4.7416
4.9777
4.6680
4.8631
4.9205
4.6143
4.7274
4.6782
4.6783
4.5356
4.4719
4.3387
4.6216
4.5817
4.7366
4.4493
4.1993
4.3742
4.2676
4.1756
4.1247
4.2314
4.4140
4.4593
4.4392
4.4364
4.3205
4.5244
4.9188
4.9744
4.4221
4.6222
4.5440
4.6924
4.5887
4.5498
4.4272
4.2961
4.6446
4.6507
4.8874
5.1393
4.8410
5.0564
5.1132
5.0505
4.6825
4.7122
4.9397
4.8511
4.6523
4.5983
4.6472
4.1867
4.4108
4.6377
4.3612
4.4550
4.5625
4.8641
4.4234
4.3025
4.2942
4.2009
4.5641
4.8397
4.7472
4.6137
4.1454
4.5881
4.4594
4.2534
4.3639
4.4675
4.4115
4.0572
3.9963
4.1408
3.8841
4.2131
4.0324
4.0066
4.3833
4.7851
4.4813
4.5556
4.5434
4.7347
5.0084
4.5745
4.9496
4.9375
4.6545
4.6831
4.7606
4.7820
4.4649
4.5581
4.6853
4.4194
4.3257
4.6638
4.7697
4.7458
4.9801
5.1049
5.1610
4.7239
4.7941
4.6623
4.7181
4.6473
4.5669
4.5945
4.5985
5.0089
4.9865
4.4166
4.7242
4.7870
4.7086
4.6641
4.5796
4.3968
4.8497
4.7947
4.7947
4.7418
5.0464
5.0669
4.7433
4.5683
4.9989
4.9636
5.5205
5.5957
5.4467
5.6405
5.3361
5.4905
5.5651
5.5126
5.3504
5.5765
5.2704
5.4382
5.3357
5.5307
5.0029
5.2424
5.2524
5.2760
5.1135
4.7703
4.9001
4.9882
5.1720
4.5078
5.0702
4.9852
4.8159
4.8064
4.4091
4.9240
4.6894
4.7950
4.9242
4.8926
4.9026
4.7669
4.5832
4.6801
4.8136
4.9114
4.9801
4.8548
4.8613
4.5192
4.5471
4.6258
4.3963
4.8658
4.7181
4.8052
4.8893
4.8621
4.5603
5.0026
5.0834
4.6762
4.9937
5.1717
4.9505
4.9057
5.0032
4.7424
4.7952
4.7909
4.5792
4.7941
4.5786
4.5639
4.4661
4.6797
4.6393
4.4610
4.4504
4.8589
4.5418
4.5920
4.6005
4.6137
4.3951
4.0845
4.0050
4.1291
4.0702
4.3179
4.0157
4.4606
4.4328
3.8219
3.4113
3.9165
3.6018
3.9371
3.9409
4.0544
4.4653
4.1201
4.1579
4.2481
4.2440
4.3280
4.1429
4.4488
4.8451
4.5436
4.6563
4.4222
4.4579
4.2858
4.5995
4.6348
4.5307
4.4594
4.4653
4.4277
4.5708
4.8467
4.7688
4.6215
4.6150
4.9099
4.9739
4.7888
4.6626
4.2171
4.5418
4.6993
4.7278
4.6736
4.3530
4.1663
4.2036
4.3112
4.5037
4.7032
4.5864
4.1844
4.5052
4.8928
4.4769
4.7607
4.7515
4.5707
4.4084
4.5549
4.5854
4.6640
4.8790
4.6449
5.0128
4.9555
4.9177
5.3227
5.2798
5.7219
5.1216
5.2593
5.2400
5.0047
4.7993
4.6513
4.4831
5.0913
4.8680
4.9965
4.6188
4.6241
4.6837
4.4741
4.6987
4.3964
4.0882
4.4438
4.6220
4.6147
4.5489
4.6057
4.4657
4.1441
4.7285
4.8863
4.6414
4.5408
4.8064
4.7047
4.6736
4.7151
4.9361
4.4950
4.7816
4.7169
4.7449
4.6168
4.8527
4.7996
5.1173
4.7278
4.8298
5.1919
5.1098
4.9296
4.9290
4.9754
4.7481
4.6362
4.6263
4.2224
4.2777
4.0501
4.5952
4.3613
4.4860
4.4409
4.5915
4.8626
4.9013
4.6893
4.7614
4.5331
4.2725
4.8993
5.0405
4.6855
5.0029
5.4361
5.3671
4.9581
5.0954
4.9750
4.8882
4.6349
4.8565
4.9427
4.5611
4.5742
4.6460
4.4989
4.4349
4.6805
4.7665
4.5042
4.5669
4.0605
4.2909
4.3386
4.5508
4.4604
4.5040
4.2518
4.1803
4.2014
4.4778
4.7207
4.2398
4.3951
4.3468
4.4872
4.4554
4.1250
4.5418
4.4109
4.6803
4.0260
4.1626
4.2064
4.2051
4.2427
4.3367
4.2252
4.4050
4.5300
4.3627
4.2383
4.3659
4.1851
4.5873
4.0941
4.1119
4.2001
3.8598
4.0278
3.5954
3.9122
3.7143
3.6453
3.4433
3.8301
4.1899
4.0013
4.1669
4.6881
4.7587
4.3031
3.8481
4.1791
4.4223
4.2401
4.3129
4.8063
4.5236
4.4677
4.4962
3.9793
4.7031
4.3798
4.7685
4.8984
4.5217
4.7993
4.8917
4.8479
4.8821
4.4332
4.2188
4.2886
4.7158
4.4772
4.1173
3.8957
4.2652
4.4933
4.7773
4.9260
4.5291
4.5014
3.9797
3.9541
3.9106
3.7240
3.4904
3.5193
3.2058
3.3679
3.8723
3.9007
4.0449
3.9117
4.0325
3.9066
4.1177
4.0860
4.2009
3.8840
3.6792
4.0342
4.1700
4.1023
4.3380
3.9689
3.9510
4.2019
3.9701
3.4252
3.0947
3.5434
3.4456
3.6736
3.7150
3.7931
3.5888
3.6960
3.9059
3.9683
3.7137
3.7213
4.0531
3.9064
4.0039
4.5194
4.4782
4.4726
4.1469
4.2934
4.1740
4.0167
4.3311
3.8282
4.0989
4.1158
4.2181
3.9921
3.9938
4.3436
4.1367
3.8703
3.8002
3.7986
4.3003
3.8401
3.3428
3.4320
3.2179
3.0699
3.2691
3.3282
2.8320
3.0913
3.2053
3.5419
3.4343
3.0108
3.1811
3.4461
3.0794
3.2292
3.0503
3.5952
3.5294
3.4578
3.1930
3.2143
3.3623
3.1643
2.9072
3.0217
3.4830
3.5433
3.3944
3.1585
3.1994
3.0496
3.0321
3.2445
3.6753
3.4027
3.4893
3.4747
3.7410
3.7362
3.3411
3.3800
3.1518
3.5182
4.4040
3.7592
4.1753
3.8703
3.7299
3.2477
3.8415
3.8346
3.9728
3.9020
4.2067
4.1370
3.9369
4.1937
3.7584
3.4821
3.4941
3.3750
3.1395
2.9694
3.2076
3.4204
3.6266
3.5753
3.7795
3.3909
3.3686
3.4484
3.0791
3.1743
3.2552
3.1797
2.9828
3.0313
3.0154
2.9927
2.8089
2.7844
2.8957
2.9989
2.9982
2.9764
2.9076
3.3871
3.3649
3.2948
3.6112
3.4124
3.1095
3.1758
3.3251
3.4340
3.5679
3.9263
3.3857
3.9347
3.8141
3.9249
3.8238
4.4928
4.3587
3.8372
3.8979
4.0555
3.9295
3.9289
3.7849
3.6420
3.6680
3.6446
3.5380
3.6627
3.4713
3.8668
3.7109
3.8427
3.7806
3.8390
4.1597
4.1785
4.1294
4.1683
4.1394
3.8766
3.8514
3.9924
4.2479
4.4463
4.1565
4.1440
3.9119
4.2643
3.7710
3.7458
3.5236
3.3359
3.3168
3.4886
3.3557
3.3721
3.6468
3.6821
3.4410
3.4881
3.2220
3.1876
3.1097
3.1749
3.3567
3.8207
3.2921
3.1447
3.1909
3.6382
3.4088
3.4052
3.6443
3.3017
3.4210
3.1667
3.2746
3.6293
3.6843
3.7438
3.4754
3.7768
3.3724
3.7672
3.8234
3.7833
3.6815
3.5732
3.6747
3.6916
3.6174
3.3908
3.6926
3.4205
3.5509
3.5706
3.8463
4.1111
4.3671
4.4234
4.6070
4.1839
3.5828
3.9821
4.0475
3.6363
3.9307
3.5704
3.8910
3.9598
3.4780
3.7010
3.7252
3.7211
3.9180
4.1731
4.1820
3.8256
3.7460
3.7379
3.4857
4.0419
4.0467
3.9938
3.9919
4.1922
3.9917
4.3118
4.4085
3.8069
3.7548
3.8834
3.9902
3.7508
3.6034
3.9682
3.7315
3.8153
3.8483
3.7179
3.6638
3.5338
3.5948
3.5883
3.7709
3.8850
4.2212
4.2462
4.2823
4.3102
4.2533
3.6411
3.9275
3.8015
3.6971
3.6049
3.6980
3.7708
4.0241
4.0895
4.0029
4.0347
3.9667
3.9030
3.9541
3.9238
3.4719
3.8877
3.9185
3.9249
3.9929
3.9995
3.8863
3.8585
3.6335
3.5820
3.4935
3.6632
3.5535
3.6052
3.2656
3.2504
3.5015
3.1717
3.4426
3.4223
3.5172
3.6448
3.5411
3.3889
3.7899
3.8324
3.6165
3.4778
3.7350
3.7440
3.2720
3.8051
3.5296
3.7804
3.7151
3.7754
4.1949
4.0064
3.6547
3.6183
3.7188
3.6485
3.6099
3.7446
3.6511
3.6247
3.3519
3.5051
3.3390
3.9705
3.5701
3.2843
3.4269
3.5854
3.3840
3.3628
3.1099
3.3528
3.5857
3.4611
3.2817
3.4244
3.5369
3.4172
3.5104
3.2616
3.7011
3.4300
3.5543
3.5812
3.7464
3.6901
3.8161
3.5309
3.7149
3.5514
3.3128
3.3804
3.3285
3.2285
3.6024
3.9053
3.8445
3.8699
3.8839
3.5430
3.3704
3.6379
3.8750
3.5894
4.1459
3.8956
3.7097
3.7770
3.6209
3.7684
3.7636
3.6759
3.9099
3.8499
3.8960
3.7785
3.4952
3.5891
3.7691
3.8192
3.7116
3.6138
3.6505
3.6187
3.5345
3.6967
3.8252
3.5953
3.5213
3.8744
3.6947
3.4511
3.5889
3.6243
3.3799
3.8792
3.4309
3.3636
3.4369
3.6610
3.5997
3.4911
3.8753
3.8297
4.2390
3.9061
3.8541
3.6580
3.7799
3.8807
3.6713
3.5765
3.7878
4.1164
3.8235
4.0906
4.2329
3.9794
4.1450
4.4887
4.2054
3.8547
4.0185
3.7437
4.0488
3.5591
3.7749
3.9233
3.9914
3.7802
3.9467
3.8476
3.8083
3.9953
3.9784
3.6234
3.8596
3.7446
3.9332
3.8803
3.8668
3.6099
4.0274
3.9778
3.8980
3.8370
3.8518
3.7969
3.7201
3.4581
3.6901
3.8465
3.7056
3.6905
3.9339
4.0527
3.8556
4.0737
3.7401
3.7318
3.7474
3.8452
4.0079
3.9534
3.8818
3.3518
3.4571
3.7192
3.5029
3.5189
3.3959
3.6905
3.6178
3.6479
3.5720
3.9096
3.8245
3.7968
3.8727
3.8649
3.7783
3.7408
3.6529
4.4304
4.2156
4.0052
3.6773
3.6562
3.6098
4.0030
3.6958
3.8460
3.6856
3.7124
3.8359
4.0967
4.2268
4.2721
4.1934
4.1969
4.1845
4.1803
4.0571
4.1793
4.1658
3.9821
4.0798
4.1467
4.5098
4.4825
4.1189
4.5287
4.3689
4.3828
4.3721
4.1716
4.3221
4.4482
4.3048
4.1701
4.0183
4.4703
4.3815
4.5045
4.6130
4.6722
4.4609
4.6160
4.2116
4.2209
4.4094
4.4186
4.3150
4.5205
4.3244
4.1767
4.1362
4.4543
4.3608
4.3801
4.2851
4.4096
4.2891
4.5434
4.5409
4.5145
4.4329
4.6359
4.5493
4.2428
4.2384
4.2445
4.4884
4.0323
3.5583
3.7828
3.8702
3.6531
3.6554
3.5127
3.6546
3.8373
4.2115
4.1644
3.8369
4.1922
4.0782
4.2037
3.9438
3.8678
3.6531
3.7089
4.0645
4.1033
4.2348
4.1463
3.8251
3.8436
3.8688
3.9293
4.0262
3.7882
4.0593
4.0825
4.1826
3.9774
3.9073
4.1494
3.9918
3.7726
4.0051
3.6261
3.7636
4.1185
4.2127
4.3542
4.0050
4.1455
3.8464
3.9835
3.8741
3.6070
3.9013
3.7770
3.6679
3.8863
3.9510
3.8008
3.8905
3.7909
3.7750
4.1761
4.0672
4.1792
3.9913
4.0543
3.7676
3.6322
3.4643
3.6619
4.1018
3.9961
4.0662
4.1021
4.0924
4.0686
4.0273
3.8826
3.8211
3.9722
3.9629
4.2325
4.2752
4.3779
4.2140
4.0481
4.1710
3.6873
3.7199
3.8952
4.2915
4.0571
4.0187
4.2106
3.7905
3.9503
3.9403
3.7288
3.9883
4.0954
4.0553
4.1783
4.0273
4.3689
4.2331
3.9850
4.1482
3.7524
4.0468
3.9378
4.0224
3.9706
4.0370
4.2706
4.2706
3.9709
4.0658
3.8302
3.7786
3.4789
3.2727
4.0922
3.8756
3.8032
3.7013
3.7769
3.9119
3.4908
3.0957
3.3682
2.9579
3.2797
3.4350
3.5042
3.5532
3.3507
3.2594
3.5271
3.5932
3.2493
3.3716
3.4754
3.2616
3.2682
3.2177
3.4938
3.2280
3.1416
3.5425
3.3052
3.4809
3.7045
3.3438
2.9854
3.0019
3.1283
2.9917
3.1428
3.4161
3.2098
3.2317
3.3580
3.0941
2.8481
2.9136
2.6653
3.2003
3.2195
3.3720
3.4203
3.0842
3.4456
3.5318
3.1633
3.2531
3.2619
3.4889
3.5438
3.3192
3.1421
3.2024
3.0922
3.0889
3.2019
3.1281
3.3350
3.4658
3.5959
3.3627
3.6229
3.5140
3.4879
3.5813
3.6015
3.4833
3.3954
3.4780
3.3648
3.2954
3.2746
3.6227
3.5071
3.2870
3.0730
3.5631
3.2473
3.1640
3.3848
3.1023
3.1118
3.2174
3.4857
3.3071
3.2501
3.3399
3.5359
3.6767
3.2378
3.3752
3.1748
3.5275
3.3531
3.4313
3.4329
3.2979
3.1330
3.4856
3.0789
3.2919
2.9614
3.0037
2.9971
3.0959
3.1071
3.3408
3.0799
3.1833
2.9541
3.1180
2.8650
2.8657
3.0837
2.9657
2.9667
3.0934
3.3868
3.3878
3.0092
3.0275
3.5383
3.2802
3.0484
3.2550
3.2939
3.0779
3.4077
3.5560
3.4202
3.4581
3.3950
2.9603
3.5181
3.3570
3.0279
3.3708
2.8819
2.8340
2.7554
2.9890
2.9869
3.2311
3.2731
3.4748
3.4502
3.2927
3.1025
3.3039
3.2574
3.1843
3.1147
3.0124
3.1730
3.2908
3.5292
3.2074
3.3736
3.3364
3.5397
3.3670
3.3744
3.4893
3.3562
3.4226
3.6312
3.3934
3.4562
3.6528
3.2324
3.6150
3.4905
3.4291
3.1161
3.5196
3.1595
3.0984
3.1676
3.1961
3.1598
3.0159
3.3937
3.2846
3.1791
3.1578
3.2086
3.0505
3.0985
3.2935
3.0583
2.7726
3.1558
3.3917
3.6362
3.6411
3.3909
3.4592
3.2732
3.0109
3.1467
2.9940
3.1185
3.0212
3.2436
2.9156
3.0138
3.2410
3.2111
3.1679
3.0844
2.9844
3.0004
3.0727
2.9955
3.0178
3.4045
3.1853
3.6786
3.3319
3.5250
3.5989
3.7306
3.2457
3.2171
3.2605
3.2731
3.1825
3.0421
3.1163
3.0057
3.0972
3.3033
3.0744
3.4138
3.1277
2.9164
3.2177
3.0755
3.4193
3.1769
2.8122
2.8708
2.9806
3.0419
3.0609
3.0535
3.0986
2.9853
2.9436
2.7585
2.7898
2.7559
2.7653
2.7835
2.8934
3.1306
2.8906
2.8380
3.0308
2.6643
2.7221
2.7549
2.8149
2.9375
2.9010
2.9888
3.1189
2.8850
2.7899
2.9442
2.9537
2.7658
2.6645
2.7310
2.7473
2.9452
3.0677
2.9205
2.8956
2.9332
2.6488
2.7083
2.6380
2.4669
2.5573
2.6377
2.4544
2.3282
2.6958
2.8919
2.8552
2.8539
2.8507
2.5289
2.5751
2.6599
2.8816
2.8671
2.7438
2.8922
2.9035
2.9010
2.9485
2.8647
2.9819
2.8440
2.8082
2.9048
3.0208
2.8053
2.7806
2.6518
2.9565
3.0093
2.8797
2.9622
2.9656
3.0419
2.8167
2.8602
2.8747
2.9383
3.0642
3.0928
2.9636
3.1749
2.8665
3.4279
3.3550
3.5491
3.4816
3.2906
3.3092
3.1870
3.2407
3.4829
3.0728
2.9621
3.2114
3.1467
2.9998
3.1652
2.9478
3.1036
3.1368
3.0362
3.1181
2.9090
2.9629
2.8082
2.9938
3.0925
3.2541
2.8940
3.0139
2.7036
2.6803
2.6819
2.8703
2.7244
2.8832
3.0703
3.0078
2.9682
2.6610
3.0460
3.1140
3.1218
3.1851
2.9299
3.0729
3.1686
2.7981
2.5685
2.6396
2.7686
2.6444
2.8604
2.9734
2.8747
2.5242
2.7650
2.4810
2.6197
2.9924
3.0636
3.3382
2.9605
3.0638
3.1367
2.8803
2.8061
3.0173
3.1123
3.2469
3.1420
3.2698
3.4170
3.0467
3.1686
3.3302
3.0199
3.2171
3.1369
3.3033
3.2013
3.1925
3.0814
3.0016
3.2223
3.4460
3.4669
3.3550
3.3437
2.8748
3.0181
3.4121
3.2782
3.1744
3.0945
2.9936
2.8518
2.6881
2.9661
2.8634
3.0820
2.6702
2.8901
2.8583
2.5932
2.8776
2.6168
2.7723
2.5781
2.7176
2.4967
2.5629
2.6217
2.9611
3.0413
2.8903
2.9617
2.9880
2.7704
2.6736
2.4703
2.9892
2.8784
3.0142
2.9368
3.1397
2.8766
3.0834
3.1768
2.9939
3.0151
3.2510
3.3559
3.3117
3.0892
3.1520
3.0373
3.0837
3.2899
3.3518
3.4075
3.2443
2.8176
2.7877
2.8822
2.9358
2.9471
2.7617
2.5928
2.9007
3.0537
3.2153
3.0658
2.9943
2.9341
3.0400
3.4175
3.3484
3.3869
3.2373
2.9926
3.0790
3.3119
3.1741
2.8196
2.9457
3.0090
2.6957
2.8339
2.6991
2.7942
2.8784
2.8888
2.9574
2.9294
3.1235
2.8402
2.7384
2.8145
2.9231
2.8295
2.9243
2.7769
2.8333
2.7523
2.6493
2.7909
2.8302
2.7520
2.8234
2.4711
2.6463
2.5633
2.6962
2.5343
2.5420
2.5069
2.7554
2.2622
2.5993
2.7512
2.4130
2.3606
2.6376
2.7924
2.4924
2.7538
2.7738
2.8997
3.0919
2.9547
3.3180
3.2888
3.3048
3.1994
3.3579
3.4314
3.1976
2.9415
3.1601
3.1232
3.2597
3.2747
3.0981
3.1643
3.2888
3.0468
2.8375
3.0433
2.7376
2.7487
2.3581
2.6578
2.3703
2.5817
2.7926
2.8080
2.4617
2.8893
2.6271
2.5652
2.6111
2.5325
2.4497
