1.2294
1.1555
1.2465
1.4419
1.4276
1.5127
1.3152
1.3406
1.1397
1.3270
1.1470
1.2076
1.3976
1.0968
1.1186
1.4474
1.6006
1.2458
1.0933
1.1966
1.3180
1.5025
1.5126
1.4955
1.2999
1.3536
1.3099
1.1338
1.2277
1.0334
1.1619
1.2628
1.4148
1.3467
1.5033
0.9138
0.8145
0.7678
0.5894
0.7289
0.7972
0.5674
0.8626
0.9549
0.8932
0.8644
1.1584
0.9414
0.9954
0.8931
0.9860
1.0572
1.0168
0.8000
0.9390
0.8220
0.8753
0.7602
0.9631
1.1497
1.0698
0.9497
1.2515
0.8242
1.0779
1.1500
1.7505
1.6219
1.5714
1.5296
1.5514
1.7355
1.5269
1.6599
1.4827
1.1917
1.1554
0.9370
0.9172
0.6955
0.7415
0.8422
0.6457
0.8494
1.3274
1.3242
1.6548
1.6462
1.5146
1.3339
1.7290
1.2086
1.3788
1.3664
1.3607
1.8811
1.1555
1.0491
1.1220
1.1330
1.1348
0.9176
1.2838
1.0875
0.9389
1.3130
0.9957
1.0888
0.8274
0.7690
0.8266
0.5285
0.6427
0.6719
0.7301
1.0300
0.8954
1.0109
0.8656
0.7284
1.0138
1.0464
1.1819
1.2122
1.2992
1.5332
1.4447
1.2104
1.1164
0.9494
1.1113
1.1212
1.3025
1.0948
1.1125
0.8863
0.6647
0.9736
0.5951
0.6834
0.7397
0.7870
0.6199
0.5684
0.6820
0.8615
0.7369
1.1308
1.1432
0.6719
0.7409
0.7840
0.6056
0.7846
0.7337
0.6179
0.4964
0.6477
0.6344
0.6764
0.6481
0.7091
0.8300
0.8002
0.5572
0.6653
0.7493
0.5912
0.5392
0.6869
0.8937
0.8769
0.8597
0.6972
0.8774
0.6173
0.4997
0.7034
0.6468
0.4807
0.5158
0.6518
0.7116
0.5943
0.7268
0.8459
0.6943
0.5862
0.6483
0.6227
0.8055
0.8107
0.7531
0.8639
0.7633
0.9822
1.0614
1.2108
1.0761
0.9960
1.1117
1.0944
1.0248
0.8741
1.0305
0.6325
0.9850
0.9020
0.7135
0.6927
0.6055
0.4621
0.6629
0.6815
0.7130
0.7360
0.8004
0.8676
0.5883
0.7228
0.8222
1.1558
0.9380
0.7454
0.9574
0.9202
0.9276
0.7683
0.4949
0.8769
1.0462
0.7046
0.6193
0.5190
0.5406
0.5103
0.5312
0.7359
0.5449
0.6581
0.8111
0.8597
0.8644
0.8928
1.0713
0.9565
0.9640
0.7427
0.6344
0.3625
0.6950
0.6523
0.9301
0.8800
0.8524
0.9726
0.5855
1.1203
0.7892
0.7659
0.7838
0.7829
1.0544
1.1440
1.1309
0.9164
0.8092
1.0020
1.0164
1.0167
0.8397
0.7141
1.0104
0.9974
0.7609
0.8800
1.2662
1.1050
0.9406
1.1307
1.1679
1.0084
1.0243
0.9640
1.0371
0.7410
0.6745
0.8975
0.7515
0.7965
0.7982
0.8919
0.7344
0.9551
0.9181
0.8792
0.9178
0.8758
0.8359
0.7413
0.7298
0.7562
0.6741
1.0037
0.7893
0.9171
0.8438
0.9715
0.8600
0.8924
0.8711
0.7432
0.8895
0.7665
0.8669
0.7547
0.9251
0.8490
0.9124
0.7509
0.9238
0.7294
0.9817
0.7468
0.9414
0.8856
0.9649
1.1298
1.3129
1.4953
1.1517
1.3593
1.3488
1.5615
1.1283
1.2044
1.0684
1.2495
1.1510
1.2351
1.0707
1.3211
1.3901
1.5778
1.2273
1.2747
1.0836
0.9982
1.3568
1.3028
1.2683
1.3142
1.3239
1.2258
1.3494
1.4488
1.2385
1.0595
0.8531
0.8739
1.0704
1.0631
1.1394
1.2911
1.3839
1.6332
1.5422
1.2735
1.1671
1.6597
1.4218
1.0511
1.1841
1.4091
1.7175
1.5847
1.1501
1.1161
1.0877
0.9662
1.0768
0.9589
0.7100
0.8643
1.0684
1.4538
1.2037
1.2437
1.0752
0.8772
1.2564
1.0671
1.4960
1.3396
1.0187
1.1021
1.3004
1.4335
1.5592
1.4505
2.1090
2.1554
2.0229
1.7723
1.3080
1.3989
1.4689
1.3250
1.3269
1.0929
1.0138
1.0840
1.1751
1.0542
0.9789
0.7769
0.9537
0.9416
1.0639
1.0261
0.6412
0.8116
0.5892
0.7258
0.7424
0.9274
0.9568
1.0809
0.8130
1.0543
1.0878
1.5312
1.2872
1.3447
1.1964
1.4545
1.5203
1.4629
2.0180
1.6140
1.6379
2.0428
1.7981
1.9293
2.0441
1.9723
1.4305
1.2002
1.2500
1.2975
1.5372
1.5412
1.5474
1.7409
1.6318
1.2770
1.4524
1.3843
1.3879
1.4342
1.0376
1.3709
1.4091
1.7024
1.6431
1.5774
1.3435
1.4406
1.5784
1.4136
1.7845
1.6736
1.6359
1.5530
1.3579
1.4774
1.5479
1.4271
1.8428
1.6364
1.7498
1.7534
1.7609
1.6942
1.4409
1.6744
1.8567
1.8493
1.7888
2.0135
1.6250
1.4921
1.7722
1.2588
1.3311
1.3041
1.2935
1.5448
1.2856
1.7905
1.8637
1.6847
1.7611
1.4882
1.4231
1.1302
1.3455
1.2510
1.3791
1.1924
1.0724
1.1332
1.1631
0.8089
0.9394
1.0578
1.0179
1.3962
1.3009
1.0473
1.1966
1.1718
1.1447
1.4142
1.1218
1.0104
1.4456
1.3640
1.2399
1.1129
1.0505
0.9088
0.9339
0.8954
1.0058
1.3293
1.0321
1.4633
1.0427
1.1352
0.8449
0.9783
0.8556
0.9141
1.0611
0.7973
1.1682
1.1353
1.1999
0.9328
1.2543
1.1199
1.2904
1.1140
1.1985
1.4429
1.5739
1.3018
1.5693
1.7761
1.4276
1.3777
1.4701
1.3719
0.9773
1.1564
1.0112
1.3047
1.1608
1.1620
1.1298
0.9882
0.9301
1.4460
0.9652
1.1018
1.0528
0.9816
0.9309
0.8665
1.0353
1.0675
1.0720
1.0476
1.1158
0.7573
0.9308
1.0516
0.9589
0.9305
0.8347
1.0945
0.7334
1.0570
0.8044
0.7680
0.8852
0.9144
0.8519
1.0674
0.9686
0.9507
1.0008
1.0006
1.1150
0.8524
0.6824
0.8336
0.9507
0.7534
0.6213
0.6999
0.8277
0.6332
0.6841
0.8937
0.9823
1.0406
1.2512
1.1665
1.1921
1.0405
1.1272
0.8143
0.6478
0.7393
0.7974
0.6537
0.8210
0.7191
0.7856
0.7678
1.0736
0.8633
1.0106
0.8296
1.0412
0.8297
0.7174
0.7572
0.6454
0.8451
0.7006
0.6203
0.5970
0.8145
0.6996
0.5696
0.7103
0.7838
0.6582
0.8321
0.5368
0.7594
0.9315
0.6504
0.8660
0.7074
0.7305
0.8309
0.7475
0.7857
0.6761
0.6449
0.6975
1.3004
0.7426
0.8521
0.9596
0.8146
0.9912
0.7428
0.6928
0.8249
0.8579
0.6548
0.5171
0.9277
0.7321
1.0084
1.2662
1.1476
1.1839
1.1163
1.2551
1.2566
1.1247
1.4320
1.1859
1.3824
1.2187
1.1894
0.9739
1.0660
1.5273
1.0810
1.3147
1.1818
1.2103
1.3750
1.2704
1.5386
1.5258
1.6630
1.5867
1.3510
1.4123
1.5396
1.5108
1.9823
1.3659
2.0006
1.3697
1.5415
1.3258
1.1510
0.9595
1.0422
1.2099
1.6806
1.2950
1.7506
1.2019
1.0097
0.8435
0.8987
0.8228
0.9789
0.8098
0.7347
0.9448
1.1672
0.8752
0.8462
0.9048
0.9270
1.0674
1.0987
0.9476
1.2228
1.0519
0.9438
1.2284
1.5188
1.2393
1.2895
1.1466
1.1162
0.7528
0.9209
0.8342
0.6676
0.9469
1.1986
0.9185
1.1327
1.5154
1.3518
1.0752
0.8654
0.5404
0.8285
0.9458
1.0257
0.7733
0.9109
0.6090
0.4521
0.4850
0.6128
0.6746
0.6157
0.4858
0.6045
0.5877
0.5135
0.4869
0.5456
0.6625
0.7833
0.8854
0.6298
0.9870
0.8918
0.9708
0.8910
1.2384
0.8192
1.2186
0.9108
1.1011
0.9029
0.7818
0.6797
0.5600
0.7592
0.5051
0.8050
0.8537
0.7235
0.7894
0.6204
0.8578
0.7888
1.1026
1.1425
1.0513
0.5577
0.4341
0.9226
0.8693
0.6791
0.6493
0.4755
0.6797
0.5931
0.4895
0.8215
1.0692
0.8225
1.1097
1.3475
1.1667
1.0841
1.0542
0.7084
0.6169
0.8269
0.7209
0.5678
0.8569
0.5546
0.5735
0.6043
0.6238
0.5975
0.7093
0.7438
0.7435
0.7388
0.9128
0.8132
0.8284
0.9566
0.7834
0.6208
0.9104
0.8825
0.6776
0.7027
0.7867
0.7417
0.6587
0.7379
0.4764
0.5978
0.6611
0.7141
0.6094
0.8419
0.7408
0.9023
0.5897
0.5014
0.5190
0.7350
0.5001
0.5726
0.8973
0.5628
0.6264
0.6814
0.4591
0.6374
0.4401
0.6845
1.0435
0.5346
0.6323
0.6981
0.5963
0.5467
0.5377
0.6317
0.8018
0.8077
0.6640
0.7968
0.7335
0.8729
0.8264
0.8776
0.9208
0.9240
1.0141
0.8612
0.9725
1.1532
0.9258
0.8540
0.6707
0.7000
0.7620
0.8591
0.9502
0.7441
0.8900
0.7177
0.9356
1.1888
1.1921
0.7826
1.0949
1.2668
1.1116
1.0277
1.0699
1.0484
0.9551
0.9372
0.8732
0.7787
0.7133
0.9071
0.9880
1.0471
1.1022
1.3357
1.5512
1.5354
1.2837
1.4255
1.3568
1.5419
1.5392
1.3148
1.1769
1.3565
1.0013
0.8475
1.1049
0.8980
0.8010
1.1515
1.5445
1.5860
1.8320
1.8912
1.5924
1.9716
2.0770
2.0283
1.7218
1.7058
1.8547
1.7698
1.7347
1.8371
2.2523
1.5860
1.5289
1.7610
1.5993
1.7709
2.0418
1.6473
1.7573
1.7925
1.8942
1.9134
2.0709
2.4379
2.3474
2.5826
2.3412
2.5266
2.1195
1.8606
1.9628
1.9667
2.0769
1.7135
1.8697
1.9285
1.9567
1.9535
1.5361
1.6171
1.8247
1.5456
1.6310
1.9158
1.7404
1.6025
1.8573
1.3098
1.4592
1.4761
1.1377
1.0707
1.0273
1.4671
1.4527
1.4783
1.2602
1.5305
1.5705
2.1014
2.1260
2.1591
2.0174
2.2006
2.4702
1.9348
2.1100
2.0293
2.3752
2.7202
2.3790
1.9406
2.4420
1.8548
2.8790
2.6830
2.1279
2.3804
2.8263
2.7750
2.6261
2.8342
2.9541
3.0143
2.5909
2.4066
2.3071
1.6456
1.6156
1.7517
1.6252
1.9124
1.9453
1.9196
2.1853
2.2444
2.1799
1.6112
1.6165
1.8740
1.6390
1.8573
2.0338
1.7184
1.5324
1.4833
1.2825
1.9781
1.6820
1.8126
1.7954
1.7781
1.4752
1.9897
1.5968
1.8636
1.9658
1.9935
1.8090
2.0778
2.1866
2.4998
2.9220
2.9199
2.5525
2.5493
2.5518
2.3116
2.8194
2.8233
2.6237
2.2723
2.2643
1.9404
1.9446
1.7029
1.6195
1.8652
1.7040
2.0103
1.7766
1.2232
1.4091
1.3129
1.3678
1.1049
1.5432
1.4867
1.1928
1.6244
1.3914
1.3240
1.3974
1.3477
1.3940
1.8056
1.7490
1.5630
1.6082
1.6057
1.5260
1.3383
1.5681
1.3936
1.1746
1.4961
1.6022
1.7052
1.8514
1.9594
1.8091
1.8750
1.8981
1.6513
1.7119
1.7097
1.5955
1.5933
1.6274
1.6466
1.4722
1.6005
1.5103
1.0928
1.0774
0.9698
0.9281
1.1026
0.9483
0.9902
0.7557
0.9079
0.6739
1.0761
1.0370
1.0536
1.2286
0.9339
0.8153
0.9450
0.8259
0.6863
0.7862
0.4131
0.6377
0.6077
0.3629
0.4916
0.6562
0.4566
0.4707
0.6375
0.7887
0.9445
1.1785
0.9286
1.2304
1.0506
0.8217
0.9099
0.5544
0.6195
0.6736
0.5435
0.7244
0.4159
0.4727
0.4917
0.7259
0.6646
0.7882
0.6649
0.9784
0.6320
0.9286
0.9901
0.7418
0.6008
0.5596
0.5993
0.7739
0.9113
0.9841
1.0899
1.0665
1.1886
1.0657
0.9698
1.0247
0.9856
1.0148
0.8804
1.0795
0.7505
0.4026
0.7010
0.5144
0.8480
0.7360
0.7655
1.0372
1.2461
1.0625
1.3444
1.1526
1.2370
0.6193
0.5736
0.9295
0.7596
0.8426
1.1941
0.7096
1.0665
0.9686
0.6539
0.7214
0.6736
0.6114
0.5793
0.6257
0.4587
0.6261
0.7371
0.8371
0.9027
0.8366
0.9539
1.1067
1.0665
1.0462
1.0291
1.0085
1.0656
1.0970
1.0648
1.0959
0.9322
1.0561
1.1480
0.9923
1.1792
1.0947
0.9753
0.9062
1.0246
1.2956
1.2737
1.5853
1.4478
1.2691
1.0051
1.0391
0.9455
0.9565
0.8199
0.9170
0.7461
0.4427
0.6388
0.5444
0.6201
0.6981
0.8406
0.5865
0.7036
0.9183
1.0421
1.1046
0.8536
0.7100
0.7317
0.8478
0.8639
1.0194
0.6961
0.6596
0.8756
0.9631
0.6641
0.7704
0.4402
0.7297
1.1293
1.3833
1.4998
1.1452
0.7664
0.7155
1.1330
1.2130
1.1309
1.1279
0.8805
0.8139
0.8110
0.7570
0.7625
0.8206
0.9648
1.1780
1.2779
1.0056
0.9419
0.9326
1.1964
0.8952
1.1902
1.1571
1.1035
1.5359
1.3077
1.2782
1.0981
1.1256
1.2174
1.0152
0.8609
1.1103
1.1868
0.9744
0.7826
0.8677
0.8359
0.7870
0.9519
0.7560
0.6698
0.9126
0.9711
1.2587
1.0009
1.1723
0.9850
0.7337
1.1293
0.7576
0.9727
1.2242
0.9200
0.9974
0.6967
1.0013
1.1480
1.0283
1.2392
1.1435
1.0599
0.9001
1.0315
1.0506
0.9993
0.9675
1.1085
1.0822
1.1938
1.0480
1.0002
0.8958
0.9745
1.0528
1.0364
0.6224
0.8272
1.1255
1.3562
0.8965
1.1771
0.7762
0.9294
1.0805
1.0034
0.6585
1.0265
1.0379
0.9420
1.0937
1.2790
0.6443
0.7856
0.7427
0.5316
1.0074
0.9556
1.0097
1.2073
0.8460
1.1170
0.7818
0.7208
0.9844
1.1536
1.0150
0.9448
1.0851
1.1347
1.1338
0.6838
1.1539
1.0325
0.7892
1.0159
0.8309
1.2819
1.0856
1.1889
1.5189
1.4840
1.1018
1.2897
1.1408
0.8974
0.9424
0.8856
0.9761
1.0096
0.7232
0.6755
0.6967
1.0239
0.7574
0.5574
0.9468
0.9766
1.4444
1.1155
1.0123
0.9157
1.1026
0.8422
0.9377
0.8651
1.0319
0.9071
0.9615
0.9437
0.7637
0.8316
0.8590
1.1652
1.0362
1.0372
1.1069
1.0984
1.2553
0.8903
1.4812
1.6110
1.4864
1.3934
1.1860
1.3075
1.0813
0.6649
0.9946
1.0861
0.8459
1.0968
0.9836
1.0936
1.0879
0.9843
1.0286
1.0286
1.2583
1.1814
1.1711
1.3700
1.4880
1.5222
1.3115
1.5796
1.7540
1.5897
1.3669
1.3310
1.1927
1.3134
1.1395
0.7964
0.9861
0.6990
1.1672
1.1077
1.0046
0.7018
0.9877
0.9434
0.7511
0.7758
0.7511
0.6795
0.9060
1.0169
1.0584
0.9823
1.3419
1.2541
1.2211
0.9846
1.4637
1.3255
1.3020
1.3357
1.4566
1.3747
0.9420
1.4119
1.2382
1.5396
1.3366
1.4582
1.5822
1.4375
1.1186
1.0906
1.1727
1.3874
1.2810
1.2001
0.9850
1.1835
1.1574
0.8740
0.8980
1.1247
1.1294
0.9425
1.0091
0.6711
0.7977
0.6865
0.7392
1.2600
0.9082
1.1466
0.9903
0.7095
1.0348
0.9492
0.8716
0.7835
0.7234
0.6236
0.7980
0.5907
0.9862
0.8312
0.6387
0.8817
0.8011
1.0949
0.7751
0.8183
0.7270
0.7833
0.6615
0.7147
0.8512
0.7530
0.7831
0.4702
1.0164
1.2052
1.0683
1.1012
1.1591
1.1361
0.8451
1.1474
1.1691
0.8967
0.8456
1.0405
0.9853
1.0730
0.7296
1.1558
0.9618
0.8348
0.6062
0.9207
1.0258
1.1192
0.9257
0.8978
0.7332
1.1410
1.0863
1.0115
0.7504
1.0292
0.8160
0.8213
0.5121
0.9794
0.8514
0.8832
1.1007
1.5450
1.1874
1.2089
1.2919
1.2984
1.0980
1.2086
1.1657
1.2751
1.1532
1.0376
1.0414
1.0059
1.0274
1.1377
1.1703
0.9035
1.1704
1.5800
1.5252
1.3564
1.3055
1.0952
1.1727
1.2474
0.9820
1.0979
1.1165
1.4154
1.5146
1.5761
1.1876
1.2263
0.9900
1.1200
0.7719
0.9311
0.9123
0.9360
0.7623
0.8990
0.8690
0.8621
1.0391
0.9706
0.9933
0.9756
1.1168
0.8987
0.7721
0.9067
0.6637
0.8414
0.8970
0.9484
0.7908
1.0709
1.0243
1.0077
1.2299
1.3426
1.1208
1.0962
0.8356
0.8925
1.0916
1.3245
0.5947
0.7439
0.7759
0.7800
1.0080
1.0363
0.6095
0.6783
0.8289
0.6547
1.0849
1.3100
1.0771
1.1203
1.1865
1.3049
1.0511
0.9864
1.0856
1.2034
1.6663
0.9932
1.3809
1.0069
1.1249
0.9925
0.7065
0.7397
1.1324
0.9867
0.8585
1.0151
1.0125
0.9127
0.7351
0.8890
0.6579
1.0215
0.8693
0.9970
1.0009
0.7101
0.9574
0.7376
0.8839
0.7821
0.9366
0.7375
0.6049
0.9362
0.7802
1.1584
1.0228
0.9336
1.1169
1.3235
1.2169
1.0213
1.2866
0.9207
0.8423
0.8702
0.7955
0.9314
0.9564
0.9788
0.9727
1.0351
1.1935
1.2579
0.8288
0.8410
1.4527
1.3875
1.6864
1.2454
0.9587
1.2631
1.1511
1.3062
1.1799
1.1851
1.2982
1.0974
1.0787
1.1903
1.4602
1.3861
1.2144
1.0967
1.5705
0.9900
1.4384
1.0973
0.9103
0.9080
1.4502
1.4103
1.3423
1.0969
1.0285
1.0489
1.1903
1.0553
1.3594
1.3778
1.3448
1.3283
1.4625
1.2409
1.2366
1.3553
1.1585
1.1959
1.3313
1.1777
1.2607
1.2216
1.3854
1.3196
1.3607
1.0087
0.7506
1.0192
1.0338
0.9938
1.3188
0.9021
1.0383
0.8892
0.8223
0.7171
0.8060
0.8723
0.6172
0.5151
0.6199
0.7135
0.7564
0.7482
0.6059
0.6729
0.6966
0.7863
0.5644
0.7253
0.7851
0.8091
0.8763
0.6881
0.4125
0.7340
0.7533
0.5187
0.6349
0.7765
0.6566
0.6363
0.5478
0.6737
0.6535
0.5252
0.6975
0.7521
0.6547
0.5775
0.4655
0.5645
0.9092
0.6721
0.8609
0.5750
0.5273
0.8142
0.7237
0.8672
0.7536
0.5982
0.7837
0.5308
0.7001
0.6165
0.6698
0.7817
0.7679
0.5544
0.5394
0.8456
0.4536
0.7950
0.7372
0.7055
0.5727
0.8111
0.7996
0.7303
0.8228
0.5956
0.6576
0.5757
0.6924
0.6811
0.9502
0.9026
1.1139
1.0900
1.1193
0.9052
0.8930
0.9702
1.3184
1.0814
1.1045
0.8578
0.9154
0.6599
0.5124
0.5227
0.5639
0.4285
0.7877
0.6526
0.7872
0.6732
0.5962
0.5513
0.4791
0.6910
0.6405
0.7641
0.6017
1.0340
0.9105
1.0284
0.8211
0.9909
0.7100
0.7963
0.6718
0.8934
0.7401
0.9443
0.8164
0.7035
0.9312
0.8052
0.8932
0.7888
0.8338
0.7907
0.8315
1.0166
0.6427
1.0581
0.6022
0.6583
0.6835
0.8607
0.7518
0.7184
0.5644
0.6338
0.7403
0.6194
0.6448
0.6674
0.5927
0.7034
0.6534
0.6712
0.4053
0.7108
0.8347
0.7960
0.5223
0.5955
0.7098
0.7039
0.6832
0.7112
0.7226
0.6518
0.7572
0.5444
0.6151
0.8616
0.6634
0.5687
0.6010
0.9789
0.7992
1.0791
0.6667
0.8155
1.1576
1.1760
1.0186
1.0143
1.1100
0.9362
1.5710
1.1858
1.1104
1.1474
1.3399
1.1119
1.3812
0.7817
1.0465
1.1892
0.6284
0.8513
1.1923
1.0997
1.3785
1.0325
1.2299
1.2911
1.2200
1.6136
1.3037
1.4631
1.1098
1.0266
1.2079
1.1885
0.9243
1.1668
1.5354
1.3125
1.1179
1.0370
0.9863
0.8292
0.8846
1.2084
0.9919
1.0364
1.0308
1.0086
0.7857
0.8240
0.8758
0.8283
0.5297
0.6436
0.7379
0.8564
0.9375
1.1663
0.9136
0.9526
0.8735
0.8631
1.1533
0.9510
1.1898
1.2768
1.1461
0.8310
1.2586
1.5175
1.1619
1.4783
1.5316
1.2191
1.2348
1.0626
1.2112
1.3873
1.2849
1.3582
1.5036
1.2550
1.1503
1.3919
1.6447
1.3198
1.5151
0.9955
1.1314
1.1317
1.2867
1.0781
1.1642
1.1541
1.0039
1.3302
2.0054
1.5496
1.3970
1.3106
1.0638
1.4236
1.0910
0.9803
1.3826
1.2583
1.5512
1.9797
2.0296
1.4437
1.8597
1.5907
1.6108
1.7135
1.2862
1.6360
1.6606
1.2586
1.5307
1.4019
1.0716
1.0709
0.9007
0.9997
1.0306
0.8114
0.7602
1.0986
1.1574
1.0838
1.1355
1.1366
1.4317
1.0878
1.0121
1.0126
1.3190
0.7601
1.1256
1.0301
0.9798
1.0517
1.0439
1.0148
0.9371
1.2873
1.1677
1.0899
0.8910
0.7778
0.9086
1.0277
1.0175
1.0842
0.8772
0.8285
0.8036
1.0289
0.6648
0.9809
1.0880
0.8482
1.2561
1.4118
1.1345
0.9609
0.9673
0.9786
1.0697
1.2745
0.9184
0.8196
1.1588
1.2022
1.2185
0.9165
0.9851
1.3535
1.0880
1.0207
1.1909
0.7133
0.9110
1.6179
1.1729
1.0766
1.0817
0.9709
1.0988
1.0151
1.1077
1.3562
1.4188
1.2497
0.9259
1.1533
1.0052
0.9326
1.1972
0.8217
0.8292
0.7611
1.0235
1.0653
0.8899
0.8264
0.6900
0.8947
0.6390
0.8356
1.2926
0.8738
0.8212
0.6253
0.8606
1.3599
1.1816
0.9611
0.5841
0.7899
0.7915
1.0342
1.5405
1.2229
1.2769
1.1538
1.1071
1.0028
1.0650
0.9769
0.8698
0.6029
1.2856
1.3064
1.1859
1.1775
0.9995
0.9704
0.9669
1.0945
0.7650
0.7529
0.8433
0.6475
0.6341
0.8930
1.0329
1.2627
1.1343
0.7298
0.9075
0.9622
1.0361
1.0169
1.3807
1.0587
1.4212
1.1794
1.3250
1.0795
1.3091
0.8507
1.0175
1.1843
1.4227
1.4649
2.0369
2.1169
1.7552
1.8294
1.7078
1.7601
1.7575
1.5758
1.9476
1.7741
2.0376
1.8041
1.7733
1.0759
1.4513
1.2320
1.5461
1.1982
1.1029
1.4056
1.2396
0.9962
1.1163
1.3069
0.9377
0.8631
1.3541
1.3434
1.5481
1.3341
1.2283
1.2199
1.2573
1.4390
1.2244
1.3847
0.9374
1.3291
0.8872
1.1979
0.9891
0.9045
0.9435
1.0691
0.9513
1.4265
1.4158
1.6680
1.4822
1.6593
1.4055
1.3300
1.7972
1.4016
1.1313
1.0609
0.8005
0.5703
0.6370
0.7009
0.7963
0.9340
1.0769
0.6069
0.7122
0.8747
0.8055
0.9381
0.9088
1.1000
1.2050
1.5493
1.7557
1.4366
1.3326
1.1680
1.0244
0.8117
1.2140
1.5837
1.6537
1.5420
1.4861
1.7573
1.3986
1.1282
1.2859
1.7886
1.3120
1.4442
1.5998
1.3135
1.0221
1.2586
1.5464
1.4027
0.7943
0.7809
1.2454
1.3516
1.5229
1.1564
0.9829
0.8686
0.9338
0.9495
0.9045
0.7084
1.0649
0.9460
0.9942
0.8301
0.7889
0.8947
0.8213
0.9559
0.9831
1.1916
0.8861
1.1085
1.4655
1.4529
1.0985
1.1785
1.2814
1.1992
1.1126
1.4057
1.3454
1.5942
1.4771
1.1279
1.3945
1.4062
1.3001
1.1470
1.2293
1.1452
1.5590
0.8902
1.4333
1.4148
1.2499
1.1324
1.1169
1.1641
1.1409
1.4768
1.1751
1.3399
1.2656
0.9820
1.0915
1.1788
1.1336
0.9549
1.0447
0.9216
1.0866
0.7144
1.0356
1.2834
0.8835
1.1518
0.9406
0.9369
0.8102
1.0524
1.0196
1.2708
1.3753
1.3152
1.0930
0.8811
0.6999
1.0569
0.8131
0.9235
0.9635
0.9934
0.9400
1.3752
0.9890
1.0875
1.1370
0.9022
1.0119
1.1578
1.4706
1.5400
1.2223
1.1272
1.4460
1.2286
1.2260
1.4262
0.9567
1.2561
1.2232
1.1559
1.2565
1.4269
1.6972
1.2940
1.6506
1.5128
1.2813
0.9945
1.1564
1.3282
1.4122
1.7637
1.4570
1.3931
1.4008
1.4156
1.3209
1.0526
0.9671
1.3687
0.9883
1.0923
1.2196
1.2219
1.5445
1.3858
1.2690
1.1907
1.3149
1.6901
1.4994
1.7591
1.6505
1.4410
1.4009
1.6180
1.3555
1.6689
1.3791
1.5092
1.2037
1.4306
1.5165
1.4032
1.2510
1.1955
1.2297
1.1543
0.9342
1.0854
1.0452
1.0721
1.1637
1.1512
1.3938
1.0899
1.5149
1.2177
0.8508
0.7875
0.9353
1.0935
1.2264
1.3086
1.1831
1.4402
1.1556
1.1522
1.1026
1.0355
1.0171
1.1620
0.8526
1.0840
1.4271
1.1579
1.1151
1.0468
0.7771
0.9730
1.0574
1.2526
1.1449
1.3654
1.1690
0.9030
1.3983
1.0704
1.0545
0.9519
1.1875
1.2407
1.4084
1.4786
0.8761
1.1128
0.8513
0.8916
0.8309
0.8800
1.1001
0.7363
0.9885
1.3949
1.0344
1.1211
1.2195
0.8913
0.8535
0.8136
0.8725
0.8901
1.1688
0.7965
1.1094
0.9762
0.7427
0.7509
0.5385
0.9298
0.6616
1.0163
0.5882
0.7155
0.6282
0.8224
0.5999
0.8767
0.6088
0.9421
1.0860
0.7094
0.6517
0.8155
0.7747
0.9037
0.9014
0.9925
0.9730
0.8818
1.1229
1.0217
0.8333
0.9683
1.2130
0.8201
1.2458
0.8062
1.2269
1.1251
1.0918
1.0106
0.8696
1.0460
1.0652
1.2166
1.3974
1.2755
1.8301
1.6528
1.4867
1.2464
1.0702
0.8744
1.3078
1.1946
1.2393
1.2301
1.2006
0.9680
1.3253
1.4735
1.0526
1.2743
1.0012
1.2742
0.8674
0.7781
1.4865
0.8124
1.3671
0.9947
1.2259
1.6141
1.4015
2.0429
1.8537
1.6463
1.4547
1.4917
1.2656
1.3070
1.4310
1.2795
1.1027
1.3946
1.1961
1.2829
1.1391
1.1613
1.2377
1.2649
1.2991
1.2344
1.2581
1.2800
1.4268
1.4235
1.7155
1.4868
1.6330
1.4729
1.3788
1.5331
1.4653
1.3545
1.5568
1.4950
1.3888
1.4567
1.5710
1.5653
1.4544
1.0811
1.2098
1.2451
1.1717
1.3024
1.3874
1.6096
1.5998
1.6736
1.3723
1.5693
1.3871
1.4726
1.7768
1.4536
1.2711
1.3137
1.0648
1.4644
1.2662
1.1130
1.4226
1.3572
1.4645
1.1723
1.2821
1.3381
1.2316
1.4708
1.1832
1.3872
1.2715
1.3346
1.1978
1.2239
1.1710
1.0499
1.2165
1.2974
1.4585
1.3973
1.5833
1.4451
1.7142
1.4217
1.2404
1.5407
1.5051
1.5686
1.3423
1.1881
1.3044
1.4270
1.3635
1.3273
1.6056
1.4452
1.0685
1.4552
1.3619
1.0643
1.0975
0.9689
1.1118
1.1655
0.8524
1.0169
1.1141
0.9220
0.8272
0.8695
0.8454
0.8341
1.0279
0.9663
1.1170
1.2387
1.1587
1.2463
1.2413
1.0845
1.2991
1.2273
1.1266
1.1113
1.2660
1.1314
1.1024
1.0653
1.0864
1.3214
1.1169
1.4427
1.1844
0.8476
1.2007
1.5294
1.1239
1.1438
1.0586
1.2761
1.4834
1.2735
1.5833
1.5085
1.6657
1.4618
1.2635
1.3415
1.3583
1.2443
1.3651
1.8076
1.5439
1.5763
1.5000
1.2939
1.8472
1.6296
1.8946
1.8734
1.6835
1.7881
1.6942
1.0392
1.2933
1.1385
1.3827
1.3695
1.1005
1.2014
1.1120
0.9622
1.0599
0.9368
1.0830
1.4767
1.5418
1.5791
1.6776
1.8499
1.8247
1.4262
1.2192
1.0109
1.1821
0.7028
0.9662
0.9850
0.8460
0.9961
0.8712
1.2028
1.2338
1.3906
1.0059
1.3781
1.4508
1.3939
1.4998
1.3324
1.3777
1.1691
1.6113
1.6093
1.5834
2.1793
1.7848
1.9777
1.8064
1.4726
1.8823
1.8559
1.5528
1.9748
1.9956
1.6088
1.9329
2.2213
1.6822
1.7819
1.8235
1.7835
1.5158
1.1409
1.1924
1.0699
1.3526
1.4639
1.3375
1.1665
1.5049
1.5493
1.7307
1.7904
1.6152
1.6416
1.5497
1.4134
1.5900
1.6065
1.6250
1.5519
1.5420
1.4270
1.4822
1.5827
1.4151
1.3262
1.7120
1.4844
1.4948
0.9219
0.9984
1.4754
1.2092
1.4293
1.0793
0.7771
0.9324
0.7547
0.9079
1.3174
1.2431
1.0232
1.1034
1.4572
1.8450
1.3734
1.6794
1.4518
1.3376
1.4151
1.8024
1.5653
1.4600
1.2093
1.7500
1.6458
1.7164
1.7718
1.4363
1.2925
1.2404
1.0547
0.7187
0.7289
0.9580
0.9010
1.0045
1.0171
0.9806
1.3692
1.0765
1.2047
1.2102
0.8971
1.1608
1.0047
0.7560
0.9134
1.0142
1.1448
1.0548
1.2926
1.2044
1.1118
1.2094
1.0073
0.9967
1.0053
0.9980
0.8163
1.0002
0.7340
0.6518
0.6061
0.5278
0.7580
0.4883
0.6496
0.8318
0.8039
0.6124
0.6527
0.6953
0.5276
0.4993
0.6658
0.6809
0.7745
0.5464
0.8610
1.0863
0.9930
0.7532
0.6707
0.8075
0.6200
0.6730
0.5801
0.5074
0.5778
0.5521
0.6944
0.8643
1.4116
1.0929
0.8924
1.2023
0.8847
0.6741
0.8126
0.9620
0.9827
0.7567
0.9638
0.6687
0.6455
1.0351
0.9845
0.9002
1.0291
0.8354
0.8349
0.8027
0.7151
0.7598
0.8878
0.7231
0.5942
0.6097
0.5257
0.4360
0.5619
0.5048
0.5722
0.4872
0.6598
0.5342
0.6170
0.7432
0.9125
0.8153
0.7688
0.5781
0.8967
0.7880
0.7168
0.8222
0.5961
0.8059
0.8348
0.7819
0.8198
0.9406
0.7454
0.7951
0.7797
0.7639
0.7307
0.8343
0.7923
0.8208
0.8380
0.7893
1.1140
1.1870
0.8615
0.8800
0.8618
1.0402
0.8045
0.9791
0.8739
0.6339
0.6338
0.8010
0.8268
0.6283
0.7595
0.7877
0.8331
0.9052
0.7969
0.7896
0.9068
1.1571
0.8410
0.9479
0.8375
1.0845
1.1147
1.3387
1.0396
1.1205
1.3289
1.2443
1.2342
1.3662
1.3533
1.4139
1.5984
1.7894
1.5489
1.9802
1.8066
1.7302
1.8572
1.8515
1.3681
1.4961
1.5648
1.7128
1.9468
1.6453
1.4418
1.5634
1.5764
1.4103
1.4460
0.8651
1.1183
1.2269
1.3177
1.1022
1.5785
1.2121
0.8751
0.9481
1.0767
1.2263
1.1513
0.7326
0.9748
1.1723
0.8842
1.5302
0.8871
1.0060
0.8210
1.2045
1.3489
1.1904
1.2688
1.3490
1.2958
0.9775
1.2885
1.3532
1.6906
1.4801
1.3947
1.1692
1.1540
1.2767
1.3786
1.3413
1.0146
1.4537
1.6507
1.0429
0.9023
1.1088
1.1785
1.2663
0.8260
0.9147
1.5256
1.3128
1.1533
1.4813
1.5091
1.2610
1.1378
1.1806
0.8373
0.9836
0.9464
0.9210
0.9286
0.6764
0.7874
0.8795
0.8674
1.1568
0.6852
1.2016
1.3570
1.1551
1.0438
0.6962
0.7913
1.0847
1.1315
1.2907
1.2087
1.2149
1.2745
1.3954
1.4380
1.5385
1.7033
1.2650
1.4906
1.4859
1.4603
1.5833
2.0508
1.6737
1.5441
1.4822
1.4677
1.5643
1.4471
1.0097
1.1136
0.9752
0.9996
1.1798
1.1643
1.3048
1.3930
1.4323
1.2616
1.2451
1.1550
1.2565
0.9670
1.4294
1.4147
1.1928
1.4990
1.5980
1.1675
1.0673
1.3027
1.5015
1.2400
1.1115
1.1472
1.4244
1.0567
0.6977
0.7170
0.7567
0.9434
1.2081
0.9270
0.6695
1.2754
1.3768
1.2156
1.1143
1.1601
1.0648
1.3245
1.4731
1.0730
2.0460
1.7118
1.2980
1.2321
1.7460
1.1269
1.0779
1.4806
1.3074
1.1638
1.2557
1.4122
1.2055
1.1383
1.3839
0.8396
1.0296
0.6813
1.0790
1.7122
1.0223
1.4992
0.9231
0.9846
0.8772
0.8570
0.9117
0.8614
1.1957
1.2337
1.2248
1.2539
1.0000
1.2043
1.5898
1.5621
1.6295
1.1431
1.5476
1.5867
1.7560
1.8648
1.2658
1.3580
1.3787
2.0718
1.4086
1.2202
1.2660
1.2823
0.9366
0.7841
0.8497
1.3409
1.1657
1.1294
1.0858
1.3080
1.1653
1.1658
1.2212
0.8507
0.5956
0.9756
0.5962
0.8023
0.8698
1.3124
1.1186
1.3787
1.4573
1.5207
1.2346
1.2943
1.5079
1.6411
1.7207
1.3695
1.4866
1.1865
0.9518
1.2584
1.1916
1.3885
1.5759
1.5915
1.4801
1.6776
1.5576
1.3673
1.6571
1.8191
1.8226
1.6376
1.1892
1.3445
1.6134
1.5332
1.4735
1.4184
1.6741
1.2454
1.1552
1.0547
0.9081
0.8473
0.8408
1.0806
0.9549
1.4005
1.3107
1.0686
1.2141
1.2178
1.1501
1.9567
1.8067
1.7730
1.6742
1.6896
1.6841
1.5895
1.4307
1.4287
1.2049
1.3925
1.3636
1.9637
1.5561
1.8132
1.9747
1.6591
1.7939
1.8962
1.1305
1.3822
1.2815
1.1545
1.4187
1.3076
1.2169
1.0961
1.6350
1.4121
1.0798
0.9315
1.2573
0.7300
0.9305
0.9851
1.1467
1.0867
1.5010
1.3933
1.0405
1.0445
1.1058
1.1764
0.9943
0.9232
1.0019
1.0725
1.1041
1.0340
1.2931
1.1619
0.8370
0.7348
0.8734
1.0614
0.8222
1.4849
1.2918
1.0902
1.1585
1.3590
1.0449
0.9890
0.8117
1.0066
0.8974
1.1504
1.2147
1.4300
1.3216
1.1250
1.2332
1.2473
1.1188
1.1342
1.3821
1.4589
1.2957
0.8834
0.8001
0.9484
1.0894
0.9235
0.9932
1.1735
1.3511
1.0505
1.3352
1.7289
1.5230
1.4746
1.7695
1.5681
1.1164
1.2454
0.8841
1.1697
0.8555
0.9701
0.8594
1.0389
1.1593
0.9844
0.8666
1.2190
1.1373
1.0630
0.9209
0.7975
0.8577
0.9375
1.0089
1.2124
1.1901
1.1160
0.6054
0.7503
0.8421
0.8197
0.6389
0.8881
0.8171
0.8530
0.7635
0.8995
0.6594
0.8151
0.8284
0.9744
0.9185
0.9822
1.0109
0.8560
0.9073
0.7347
1.1073
1.2212
1.1696
1.4034
0.7815
0.7833
0.8553
1.0197
0.7127
1.0275
0.8878
0.8280
0.7643
0.9891
1.1397
1.0397
1.2829
1.1830
1.2719
1.1467
0.9540
1.0189
0.8660
1.0428
0.9174
0.8576
1.0443
0.9285
0.9977
1.0322
1.0961
1.5534
1.5370
1.5056
1.2255
1.0612
1.6029
1.2234
1.1350
1.6193
1.6919
1.8880
1.4236
1.7747
1.8890
2.0327
1.7267
1.5706
1.3828
1.2320
1.4590
1.7348
1.4093
1.2987
1.5075
1.3118
1.2917
1.5820
1.3835
1.3239
0.9394
1.1219
1.1361
1.0699
1.2427
1.5784
1.4888
1.3294
1.5767
0.7821
1.2168
1.2755
1.6084
1.2725
1.0310
1.1747
1.1231
1.3645
1.3167
1.3478
1.5649
1.3372
1.4138
1.4766
1.3574
1.5984
1.1533
1.4454
1.4752
1.5279
1.2642
1.3621
1.3005
1.1795
1.1510
1.0789
1.1783
1.1535
1.4573
1.5468
1.5191
1.4861
1.1957
1.0914
0.9856
0.9330
0.9849
0.8001
1.0749
1.2377
1.4681
1.3394
1.4059
1.9122
1.6682
1.6310
1.8393
1.8191
1.8670
1.7592
1.2732
1.3217
1.4847
1.4983
1.6334
1.5111
1.6741
1.2777
1.4123
1.3467
1.6973
1.6139
1.4577
1.3997
1.2057
1.1212
1.1206
1.3974
1.3928
1.1506
1.4464
1.6439
1.4013
1.4030
1.1550
0.9488
0.8341
0.9944
0.7523
0.9637
1.2199
1.1586
1.0419
1.3241
1.0830
1.3146
1.5771
1.3402
1.4629
1.4783
1.4032
1.3122
1.1610
1.1645
1.2966
1.1633
1.2777
1.3102
1.5110
1.7889
1.2741
1.3396
1.3696
1.3436
1.4022
1.2089
1.0623
0.9714
1.1651
1.0941
0.8486
0.7019
0.9298
0.6081
0.7568
0.8725
0.9535
0.8617
0.7145
0.8958
0.7761
0.7345
0.9627
0.5175
0.6537
0.6964
0.7545
1.0149
1.0750
0.9670
1.0754
0.9858
1.2356
1.0748
0.9778
1.1420
0.9151
1.0520
1.1900
0.9319
0.5447
0.7973
0.8106
0.6552
1.3863
0.6417
1.0954
0.7472
0.6838
0.4763
0.7955
0.6881
0.8116
0.8570
0.9671
1.0827
1.2189
0.9475
1.3664
0.7822
1.2727
1.7054
1.1903
1.1121
1.0469
1.0037
0.9771
0.7722
0.8984
1.1801
1.2870
1.2279
1.0471
1.3322
1.7441
1.5136
1.2644
0.9615
0.9847
0.7264
0.8665
1.0814
1.1386
1.2518
0.9094
0.8881
1.2227
1.2528
1.1384
0.8514
1.1114
1.2382
1.2771
0.9587
0.9919
0.9643
0.8647
1.0612
1.2936
1.1657
0.9696
1.2643
1.1198
0.9826
1.0439
1.2621
1.0069
0.8714
0.8804
0.9901
0.9507
0.7224
1.1347
1.0390
1.2278
0.8741
1.0129
0.8021
1.0574
0.6967
0.8626
0.8459
1.1184
0.7209
0.7463
0.8576
0.7798
0.6950
0.9106
0.7136
0.8356
0.7631
0.9111
0.8653
0.9438
0.8753
0.9284
0.9270
0.8183
0.8731
0.7387
0.7262
0.7152
0.8502
0.6778
0.6839
0.9009
1.1262
1.1413
1.0998
0.8816
1.0837
0.8554
0.7554
0.7658
0.7956
0.9433
1.5950
2.1502
1.5723
1.4270
1.3845
1.2553
1.3962
1.2853
1.2721
1.2667
1.4420
1.2728
1.3334
1.3131
1.5336
1.9649
1.6759
1.6332
1.8133
1.3988
1.7170
1.6385
1.5077
1.9102
2.1755
1.8093
1.4734
1.2904
0.7539
1.3173
1.5475
1.5500
1.3093
1.2947
0.6249
0.8434
0.8242
0.9284
0.8790
1.0156
1.1281
0.9475
0.7287
0.7277
1.0526
1.0898
1.0937
1.1695
0.9903
0.6721
0.7482
0.7774
0.6515
0.7555
0.9994
0.9054
0.9205
1.0860
1.2441
0.9437
1.3848
1.3474
1.4912
1.3584
1.0722
0.9098
1.2648
1.2303
1.2914
1.4149
1.4498
1.3743
1.4704
1.3348
0.8675
0.8945
1.1531
1.2886
1.3517
1.6393
1.5415
1.4763
1.4134
1.3943
1.2400
1.5179
1.3896
1.5578
1.8428
2.0940
2.1046
1.7813
1.3233
1.3178
1.7726
1.8606
1.6320
1.8742
1.5805
1.1232
0.9766
1.2441
1.5628
1.4088
1.5083
1.5186
1.0379
1.4755
1.3292
1.5522
1.3040
1.1469
1.0597
0.9012
1.1183
1.3994
1.8853
1.5688
1.5449
1.5534
1.8085
1.6365
1.3680
1.3204
1.5452
2.1214
1.9214
1.7107
1.5690
1.6847
1.4923
1.2147
1.2495
1.4706
1.1428
0.9494
1.3283
1.3914
1.2898
1.5228
1.5276
1.1977
0.9683
1.4302
1.3173
1.1288
0.9477
1.2201
1.1958
1.3299
0.9912
1.1755
1.1221
1.1277
1.1478
1.2283
1.6911
1.3697
1.4134
0.9931
1.1515
1.1564
0.8332
0.9581
1.2756
1.3816
1.5743
1.4041
1.5451
1.2622
1.7702
1.3238
1.1738
1.5593
1.1477
1.2960
1.4983
1.5307
1.5570
1.1597
0.9142
1.2413
1.2212
1.2237
1.1614
1.2127
1.1486
1.2761
1.4684
1.4905
1.3686
1.4776
1.4263
1.4150
1.1055
1.0472
0.9793
1.1345
0.9647
1.1270
1.1615
1.2482
1.5446
1.5137
1.7678
1.7136
2.0441
1.4825
1.3521
1.3108
1.1337
1.5019
1.1254
1.3382
1.5841
1.2776
1.5348
1.2110
0.9818
1.3430
1.2657
1.6254
1.2719
1.2955
1.1963
1.0937
1.3131
1.2099
1.2372
1.6707
1.4780
1.6882
1.3972
1.9181
1.6338
1.8458
1.3719
1.8698
1.8228
1.9993
1.7582
1.6211
1.8426
1.5061
1.6143
1.8249
1.8036
1.5768
1.8095
1.7021
1.6292
1.2088
1.0817
1.1031
1.4423
1.2907
1.5780
1.6894
1.5151
1.3133
1.2657
1.3265
1.1444
0.8405
0.7180
0.6083
1.1401
0.9663
0.7147
1.0498
0.9740
0.9846
1.0009
0.8252
0.6787
0.8667
0.7604
0.8190
0.8663
0.9877
1.0116
0.8952
1.2428
1.1023
1.1666
1.2892
1.0438
1.1860
1.2776
0.8745
1.0888
0.6941
1.1308
1.2338
0.8133
0.7716
0.8647
1.0646
1.6118
1.1921
1.6461
1.6879
1.2789
1.1104
1.2674
0.9824
1.1505
1.2740
0.8820
1.3136
0.9152
0.9645
0.9375
1.0820
0.9288
0.8185
1.0697
1.3038
1.3658
0.8496
1.1030
1.0789
1.2903
1.0456
1.1218
1.0723
0.7192
0.8520
0.6751
1.3257
1.5655
1.1302
0.9393
1.2108
1.1152
1.2994
1.0409
1.2259
1.4168
1.5331
1.2927
1.3777
1.4349
1.1456
1.1588
1.1281
0.9741
1.2025
0.9999
1.0119
0.8357
1.1162
1.0684
1.1748
1.1954
1.1328
1.0791
1.0508
1.3549
1.2021
0.9548
0.7913
1.0292
0.8576
0.9429
1.1164
0.9592
1.3585
1.3886
1.2122
1.5219
1.6051
1.3010
1.3752
1.2528
1.4055
1.1246
1.2480
1.0647
1.3666
1.1246
0.9784
1.3438
1.3320
1.1731
1.1080
0.9602
0.7691
1.1590
1.0000
0.7504
0.8411
1.1457
0.9999
1.2326
1.0057
1.0881
0.9065
0.8364
0.9532
0.8189
1.0025
0.9924
0.8838
1.1723
0.7457
0.8934
0.9483
0.9113
0.5829
0.8645
0.9074
0.8433
0.8543
0.7629
0.9292
0.8811
0.7995
1.0778
1.0652
1.3635
1.3454
1.0578
0.9272
1.1336
0.8946
0.9106
1.0904
1.0401
1.2165
1.4066
1.4358
1.4804
1.4436
1.6993
1.5946
1.4124
1.9788
2.1381
2.0709
1.8748
2.1070
1.6171
1.6705
1.3498
1.2715
1.3600
1.2264
1.1373
1.1238
0.9729
0.7440
0.7525
1.3108
1.0224
1.0177
1.3006
1.2742
1.1040
0.9093
0.9429
1.0343
0.8815
0.7993
1.2300
1.0978
1.3521
1.2239
1.1290
1.0097
1.0545
1.1100
0.9382
1.2351
0.9219
1.1489
1.7474
1.2959
1.2993
1.3270
1.4814
1.1199
1.4020
1.7858
1.2769
1.2607
1.1889
1.2346
1.1786
1.2406
1.3523
1.3765
1.1939
1.4148
1.5078
1.3116
1.4688
1.6862
1.4427
1.4143
1.2463
1.0869
0.9664
1.4794
1.5211
1.2168
1.2776
1.4355
1.2842
1.1833
1.5277
1.6683
1.3867
1.0740
1.5743
1.1204
1.2378
1.0480
0.8904
1.1966
1.4706
1.7644
1.2011
1.1722
1.1634
1.2606
1.4145
1.4460
1.3270
1.3806
1.5096
1.4252
1.2290
1.8108
1.4834
1.3534
1.2142
1.5020
1.2088
1.3418
0.9372
1.0221
0.8548
0.9648
0.8503
1.1267
1.2577
1.1564
1.0665
1.1465
0.9803
1.4075
1.0330
1.0398
1.3052
1.5789
1.5135
1.3512
1.5351
1.2800
1.3760
2.0587
1.5528
1.6523
1.5306
1.4112
1.2526
1.0287
1.2364
1.1124
1.3520
1.0666
1.0860
1.0568
0.8924
1.1301
1.1414
1.2664
1.4092
1.2252
1.0238
1.4786
1.1329
1.1859
1.7885
1.2336
1.1213
1.5742
1.5613
1.4543
0.9287
1.8465
1.6319
1.9578
1.3491
1.0634
1.0274
0.8885
1.3517
1.4349
1.3144
1.4311
1.0499
1.0844
1.6088
1.9399
1.7209
1.4284
1.7607
1.3387
1.6686
1.3368
1.5641
1.3210
1.6024
1.7926
1.2796
1.0502
1.0201
1.1221
1.2313
1.2366
1.1788
1.2785
1.0524
0.9398
1.0994
1.1522
1.0992
1.1034
1.1330
1.4046
1.6945
1.4659
1.5814
1.2185
1.5230
1.2788
1.4197
1.3321
1.4614
1.2247
1.0338
0.8430
1.1970
1.0902
1.1160
1.1562
0.9379
1.1168
1.3671
1.4261
1.4378
1.1789
1.5098
1.2145
1.6510
1.3928
1.9715
1.9944
1.5086
1.8335
1.6753
1.7069
1.9786
1.7973
1.8598
1.6307
2.1358
1.6681
1.1613
1.3987
1.3142
1.1971
1.4298
1.2738
1.1085
0.8883
0.8167
1.1959
0.8973
0.9652
0.9600
1.0095
0.9292
0.9854
0.7015
0.6312
0.9556
0.7824
0.7486
0.7554
0.9472
0.9409
0.6768
1.0080
1.0483
1.2460
1.5145
0.9912
1.6494
1.5791
1.7952
1.3484
1.6095
1.7948
1.9337
1.8173
1.8852
1.7172
1.4349
1.3935
1.5760
1.7405
1.4608
1.5136
1.5915
1.7527
1.7380
1.4279
1.1204
1.1459
1.4516
1.8953
2.1233
1.9577
1.6013
1.6443
1.4918
1.5205
1.6665
1.8202
1.7035
1.4826
1.6545
1.2599
1.4143
1.5740
1.4517
1.2331
1.1339
1.0898
1.2483
1.1316
1.0402
1.0385
1.0083
0.7752
1.2212
0.8487
0.9822
1.0460
1.0641
1.3623
1.0770
1.4072
1.4337
1.0100
1.5999
1.6558
1.1541
1.4588
1.0736
1.1903
1.2564
1.5944
1.9028
1.5709
1.8811
1.8869
1.8050
1.1197
1.7284
1.3568
1.1003
1.7845
1.5842
1.5491
1.5361
1.1747
1.3836
1.0935
1.2534
1.1226
1.1524
1.2168
1.2833
1.1436
0.8611
0.9566
0.7530
0.8998
1.0195
1.0641
0.9900
0.5468
0.8856
1.0021
1.0471
1.2329
1.0400
0.7988
0.8694
0.8462
0.5855
0.7241
0.6294
0.9010
0.9726
1.1504
1.0036
1.1076
0.9851
1.2606
1.0591
1.2694
1.6586
1.2881
1.2529
1.0655
1.2886
1.3106
1.0916
1.2863
1.5140
1.7883
1.3958
1.3745
1.7717
1.4988
1.7800
1.3784
1.1903
1.0372
0.8205
1.3166
1.3167
0.8313
0.8493
0.9077
1.0577
0.9623
1.4287
1.4490
1.6924
1.2019
1.0755
1.4779
1.1810
1.6015
1.3835
1.0973
1.0610
0.8763
1.2349
1.0116
0.8530
1.1136
0.8509
1.1789
0.9185
1.0258
0.7632
1.0664
1.1496
1.2048
1.3186
1.0514
0.9631
1.3253
1.3097
0.9729
1.3025
0.7407
0.6655
0.6166
0.6630
1.3195
1.4885
0.8690
0.8084
1.1396
1.1720
0.9552
1.0346
1.1011
0.6073
0.8643
1.0261
0.8044
0.9295
0.8693
1.1713
0.9093
0.8751
0.8825
0.9726
1.2689
1.1837
1.3508
1.3808
1.2882
1.1680
1.3616
1.4736
1.0496
1.1444
1.6714
1.3802
1.4884
1.8562
1.7685
1.8100
1.6890
1.8111
2.0166
1.7460
1.4960
1.0115
1.1701
1.1392
1.0380
1.4321
1.3879
1.4672
1.2124
1.4524
1.5913
1.7640
1.3533
1.3449
1.1436
1.0270
1.1421
1.2819
0.9777
1.0952
1.2427
1.0614
0.7843
0.9290
1.1460
1.4453
1.2898
1.2568
1.2284
1.3573
1.1702
0.9413
0.9892
1.2827
1.1216
1.0501
0.7607
0.9627
0.9584
1.2844
0.8598
0.8481
0.8137
0.7455
0.9787
0.9183
1.0425
0.9931
0.5738
0.9618
0.9118
1.0781
1.1054
1.1372
0.8897
1.2579
1.1017
1.0501
0.9007
1.0304
1.1594
1.0408
0.8405
1.2458
0.7309
1.0145
0.9653
1.2189
1.0831
0.9818
0.9005
0.8751
1.0001
1.0957
0.5423
1.2057
0.8895
0.9414
1.3219
1.1359
1.1133
0.9442
0.9132
0.7180
1.0736
0.9954
1.3700
0.9869
0.9302
1.1978
1.2265
1.2240
1.2614
1.0206
1.1517
1.0407
1.0868
1.1058
1.2246
1.1190
1.0477
1.1297
0.7982
1.0547
1.1379
1.5088
1.1654
0.9671
0.9696
1.1511
1.2036
1.1707
1.4387
1.2979
1.0044
0.9465
1.2818
1.1714
1.2843
1.1349
1.5830
1.5656
1.2052
1.2990
1.3244
0.9298
1.0751
1.1852
1.0712
0.8302
1.0250
0.8500
0.8765
0.6932
1.0235
0.9649
1.1098
0.8447
1.0548
1.0287
1.4220
1.0248
0.9212
0.9050
1.3568
0.7597
0.9875
1.2294
1.4002
1.1730
0.9833
1.2883
1.3559
1.0507
0.9817
0.7915
1.0626
1.1849
1.0322
1.2008
0.9285
0.8341
0.7444
0.5495
0.6304
0.6064
0.7282
1.0051
0.8504
1.2284
1.0599
1.3148
1.1368
0.9894
0.6761
1.0759
1.1405
1.2684
1.1692
1.2672
1.2843
1.0690
1.1960
0.9469
0.7726
0.8629
0.9880
0.8890
0.8811
1.0751
1.0564
0.9681
1.0068
1.0589
0.9185
1.0665
1.0131
1.1700
1.2178
1.4327
1.4666
1.2524
1.2339
1.2894
1.5344
1.4643
1.5549
1.2735
1.5935
1.6425
1.3355
1.4266
1.2863
0.9710
1.2352
1.3971
1.2165
1.0158
0.9612
0.9829
0.7431
1.0778
0.9936
1.1440
1.1821
0.8288
1.1309
0.6558
0.9402
1.0332
0.8656
0.9422
0.9013
0.6592
0.5969
0.7161
0.8157
0.8282
0.7453
0.8975
0.8463
0.7306
0.9070
0.9538
0.8551
0.9913
0.7429
1.1177
0.8375
0.7172
0.8478
1.2598
1.1432
1.8015
0.9682
1.1243
1.2054
0.8898
0.7485
0.8085
1.2239
1.1932
0.8640
1.3217
1.1124
1.2400
0.8820
1.3448
1.2554
1.4731
1.3659
1.5396
1.3899
1.2376
1.2074
1.5108
1.1740
1.4569
1.5414
1.3107
1.1858
1.4207
0.9196
0.8671
0.9944
0.9548
1.0247
0.9141
0.7590
0.8527
0.8151
0.8090
