1.9328
1.7124
1.7570
1.5196
1.6910
1.4777
1.4275
1.4875
1.6406
1.5914
1.9652
1.8606
2.1428
2.3368
2.0898
1.7145
1.8424
2.0514
1.9593
1.8584
1.7545
1.8011
1.9130
1.5494
1.6679
1.7200
2.0287
1.4915
1.9687
2.1241
1.8527
2.0887
2.1780
2.7482
2.6942
2.6482
2.1220
2.2178
2.3096
2.3429
2.2855
3.0012
2.5105
2.5168
2.3999
2.8401
2.6272
2.2311
2.8977
2.1137
2.4114
2.4937
2.5814
2.3118
2.5119
2.4688
2.2958
2.4607
2.5347
2.1227
1.6447
1.8961
1.8274
1.9520
2.6507
2.7883
2.3205
1.9768
2.1612
2.3499
2.2339
2.7079
2.9678
2.5066
2.2987
2.6455
2.0404
2.2842
2.5275
2.4346
1.4920
2.0877
2.2872
2.0665
1.9080
2.4976
2.5007
2.2467
3.0449
2.5433
2.8868
2.3445
2.3277
2.7857
2.6137
2.6185
2.4699
2.7375
2.1602
2.4335
2.3636
2.1388
2.4304
2.6439
2.5292
2.3620
2.0975
2.6869
2.3898
2.1651
2.1791
2.2365
1.9594
2.3495
2.4945
2.4301
2.4820
1.9378
2.5670
2.3796
2.3061
2.1057
2.3568
2.7024
2.4459
2.7956
2.5889
2.3635
2.1938
1.8876
2.2350
2.1401
2.4313
2.1907
2.0791
1.9830
2.3928
2.1832
1.9489
2.0473
2.1741
1.5605
2.0256
1.8638
1.8521
2.0469
2.0562
1.5413
1.5993
1.6906
2.1158
1.3411
1.7063
1.7330
1.7428
1.9312
1.7121
1.8171
2.5196
2.7468
2.3162
1.9435
2.4782
2.3230
2.4674
2.8574
2.2995
2.5505
2.2710
2.6442
2.5588
2.5868
2.3255
2.0802
2.0335
1.9956
2.0823
2.2290
1.5822
1.5060
1.6093
1.8145
1.7920
2.0286
1.6780
2.2656
1.8618
1.9447
1.7874
1.8166
1.9454
1.9530
1.7387
1.6666
2.2372
1.9768
1.7075
1.7226
2.0209
1.9750
2.1296
2.0887
2.1871
2.4096
2.5839
2.6440
2.4727
2.5302
1.8209
2.0878
2.2779
1.5186
2.0426
1.7579
1.7886
2.3942
2.2411
2.0871
2.4252
2.3237
2.3311
2.3938
2.2827
2.4834
2.2870
2.2531
2.4895
2.5493
2.4509
2.3928
3.0304
2.4556
2.6320
2.7140
2.6233
2.9774
2.3159
2.3443
2.3928
2.2619
2.2880
1.9645
2.2452
2.2368
1.9754
1.8876
1.9288
1.5505
2.2094
1.9479
2.0750
2.3707
2.1291
2.6138
2.6826
2.4496
2.5216
2.7396
2.5624
2.4668
2.8150
2.5321
2.2274
2.0675
2.5893
2.0258
2.4418
2.6181
2.6092
2.4906
2.6126
2.5727
2.4729
2.3468
1.9258
2.0745
2.2974
2.6303
2.8181
2.9857
2.4919
2.6718
2.5999
2.3223
2.5649
2.6026
2.6183
2.0781
1.7159
2.2031
2.1585
1.9956
2.2036
2.2806
1.9940
2.1812
1.9025
2.2165
1.9455
1.8469
2.1019
2.2268
2.2230
2.1978
2.0414
2.5188
2.2391
2.3832
2.3025
2.2984
2.5182
2.7689
2.2836
2.0593
1.6275
1.9584
1.9574
1.9378
1.8544
1.9097
1.9261
1.9895
2.3849
2.3261
2.4646
1.3894
2.2943
1.8092
1.9252
2.0715
1.7183
2.0124
2.2438
2.5583
2.0773
1.9912
1.9884
1.7727
1.7992
1.9331
1.9266
2.0529
2.2604
2.5599
2.4861
2.3426
2.4557
2.3481
2.7820
2.9947
2.8036
2.1134
2.4807
2.4890
2.5356
2.2831
2.8177
2.6003
2.8238
2.4058
2.7195
2.2692
3.0035
2.8701
2.7076
2.7554
2.6252
2.1400
2.4650
2.1594
2.5257
2.6329
2.4537
2.4961
2.6960
2.1259
2.7860
2.5608
3.3358
2.7535
2.5762
2.2637
2.3472
2.5800
2.3691
1.9402
2.0090
2.3244
1.8979
1.9308
1.9519
2.2444
1.8093
2.1325
2.0183
2.2817
2.2847
2.3270
2.4554
2.9754
2.7166
2.6390
2.6648
2.6963
2.4946
2.3586
2.6769
2.2030
2.6500
2.3199
2.3934
2.5258
2.6339
2.3978
2.4829
2.2360
2.3113
2.0524
2.2634
2.2709
2.0010
2.2002
2.7674
2.6635
2.4076
2.4047
2.4536
2.1086
2.5581
2.6175
2.5884
2.7444
1.9877
2.5495
2.6479
2.3464
2.3739
2.9935
2.3075
2.4868
1.7961
2.4656
2.2637
2.2262
2.5564
2.0447
2.0994
2.0994
2.1561
2.3000
1.9252
2.3414
2.2419
2.1322
2.4718
2.3185
2.4575
1.9861
2.3596
2.2939
2.3313
2.1322
1.9449
2.3340
2.2255
2.3375
2.1114
2.2286
2.2943
2.6345
2.1350
2.3592
2.2372
2.2519
1.9823
1.9685
1.9232
2.2904
2.1130
2.1119
2.3689
2.2871
2.2060
1.9718
1.9027
1.9002
2.0786
1.9545
1.9058
2.0146
2.3369
3.0599
2.5305
2.6470
2.3610
2.2565
2.2870
2.5906
2.1590
2.0823
2.3447
1.6850
2.2343
1.7399
1.8208
2.0650
2.2198
2.1970
1.7287
2.4478
2.4025
2.0516
2.4381
2.1435
2.2117
2.3402
2.2787
2.1827
2.0381
2.0086
2.8940
2.5341
2.5867
2.1748
2.4076
2.6740
2.5550
2.4387
2.5816
2.3536
2.3838
2.7594
2.6811
2.3889
2.1766
2.5662
2.1737
2.4995
1.8312
1.6891
1.7505
2.2041
2.2984
2.0559
2.1287
1.7745
2.1520
2.1844
2.2980
2.0073
2.1215
2.2983
2.3318
2.3985
2.5267
2.4019
2.6682
2.1059
2.4948
2.5127
2.2302
1.9237
2.2196
2.2656
2.1361
2.2505
2.2145
1.9900
1.9197
2.4028
2.2366
1.8982
1.6287
2.2346
2.5920
2.2067
1.7175
2.0827
2.2872
2.2531
2.2145
2.0566
2.5355
2.3098
2.3286
2.6021
2.6613
2.8985
2.4712
2.2418
2.5788
2.2915
2.0150
2.3679
2.7205
2.3921
2.6453
2.9692
2.6593
2.6207
2.6383
2.3404
2.5351
2.3364
2.0314
2.0268
1.9160
2.1020
2.1047
2.5751
2.4314
2.5824
2.5227
3.2632
2.6275
2.8162
2.2671
2.3347
2.3591
2.0927
2.0216
2.1478
2.0008
2.2098
2.0717
2.3036
1.9875
1.8051
2.4191
2.3567
2.4762
2.9316
2.3529
2.4278
2.3922
1.9944
2.3097
2.3964
2.2359
1.9323
2.4090
1.8212
1.8787
1.5908
2.3491
2.0581
2.3568
1.7625
1.6915
1.6508
2.0331
2.0462
2.2196
1.9465
2.2755
2.3384
2.4116
1.6590
1.5896
1.8556
1.6367
1.2806
1.3955
2.2837
1.9992
2.4235
2.3095
2.1521
1.6284
2.0673
1.5539
1.9100
1.7866
1.9261
1.8429
1.6644
1.7858
1.5179
1.4834
1.5813
1.8331
2.1128
2.0694
2.1136
2.3728
2.4033
2.3697
2.5823
2.6816
3.2031
3.0948
2.5959
2.5408
2.7570
2.7688
2.8724
2.7979
2.4657
2.6174
3.0545
2.7055
2.0952
2.3077
1.9792
2.2121
2.8538
2.1935
2.0029
2.2396
2.1490
1.9376
2.0755
2.6958
2.7494
2.8158
2.4958
2.8848
2.4788
2.2596
2.1297
1.9341
2.3484
2.1740
2.2307
2.3845
2.4439
2.5222
2.5094
2.0738
2.7665
2.8199
2.4673
2.3487
2.7090
2.4964
2.3340
2.5921
2.8738
2.2181
2.1973
2.3546
2.4090
2.1741
2.2273
2.0394
2.2485
2.2490
2.2187
2.3344
1.8345
2.3231
1.6532
1.8386
1.6071
1.8958
1.4215
1.2108
2.4235
2.2971
2.0577
2.2728
2.2058
2.1055
2.1672
2.4182
2.6736
2.3721
2.1805
2.1496
2.3836
2.0316
1.9279
2.1740
2.6544
2.1249
1.7914
2.1109
2.2753
2.3310
2.1636
2.5331
2.4900
2.2250
2.1614
2.3436
2.2197
1.8119
2.0679
2.4503
2.3666
2.3457
2.5335
2.3674
2.7045
2.2405
2.0238
1.8277
2.3191
2.3941
1.9463
2.3787
2.4462
2.0615
2.0611
2.4574
2.2405
2.2667
2.1748
2.2646
2.4246
2.3352
2.5127
2.3944
2.4249
1.7643
2.3797
2.1550
2.5571
2.6760
2.5607
2.7735
2.3087
2.2428
2.4584
2.4002
2.3336
2.4873
2.3308
2.2444
2.1964
1.9239
1.9073
2.4136
1.9958
2.0940
2.3346
2.3203
2.4329
2.5208
1.8832
2.0494
2.1711
1.7498
1.9997
2.1984
2.3878
1.9574
1.9985
2.1752
1.6327
1.8314
2.0477
2.3003
1.8079
2.1314
2.0319
1.7424
1.9275
1.5460
2.2079
2.0295
1.9181
2.0743
2.3594
2.2288
2.0757
2.3497
2.0594
2.5532
2.3321
2.2174
2.4152
2.5356
2.9464
2.5995
2.6602
2.4863
2.2858
2.6957
2.3619
2.3797
2.4774
2.2592
2.1551
2.4042
2.5052
1.7242
1.6648
2.0645
2.4415
2.0019
2.4424
2.2952
2.2393
2.2066
2.6425
2.5304
2.0738
2.4280
2.7013
2.2707
2.3391
2.2657
2.3440
2.3942
1.8727
1.8334
1.9372
2.1092
2.0907
2.1511
2.2796
1.9005
1.9015
2.0245
2.4352
2.7347
1.9618
2.4630
2.4874
2.5446
2.3726
2.8446
2.6076
2.3003
2.3459
2.1287
1.7489
2.0410
2.1763
2.6524
2.1557
2.3116
2.4512
2.5469
2.6800
2.6040
2.3432
1.9941
2.1860
2.0860
2.3215
2.4948
2.2593
2.3418
2.2677
2.2363
2.4785
1.9353
2.4256
2.5327
2.2446
2.4980
2.2926
1.4957
1.8763
1.7543
2.1877
2.1259
2.5634
2.7459
2.4801
2.4559
2.4825
2.3974
2.5603
2.5581
2.2984
2.6183
2.4089
2.1763
2.6704
2.4467
2.4857
2.5095
2.5396
2.6769
2.0548
1.8519
2.1650
2.3253
2.2984
2.8181
2.2230
2.0969
2.3097
2.1017
2.4495
2.4749
2.4964
2.8866
2.4751
2.5299
2.7443
2.6069
2.4523
2.9422
2.9515
2.5906
2.2227
2.3316
2.0768
2.1371
2.3938
2.6463
2.2414
2.1636
2.5439
2.2247
2.3760
2.4476
2.5355
2.5372
2.2788
2.5710
2.5817
2.1039
2.6654
2.6312
2.4760
2.6700
2.4083
2.5801
2.3845
2.2867
2.1851
1.8482
2.5352
2.7389
2.1567
2.3393
2.1430
2.3603
2.3579
1.9717
2.2473
2.3910
2.2185
2.3748
2.7210
2.6168
2.3203
3.0681
2.9410
2.4050
2.6546
2.8811
2.7849
2.5361
2.7590
2.4154
2.2502
2.6316
2.3779
2.1608
2.2217
2.1806
2.2584
2.1853
2.0929
1.9762
2.4086
2.7591
2.3205
2.3489
2.5587
2.1830
2.3812
2.3318
2.1804
2.4914
2.2826
2.1806
2.0976
2.0137
2.6600
2.2840
2.2389
2.2032
2.1474
2.0148
1.9481
2.2453
2.2648
2.2131
2.2690
1.7459
2.1987
2.3864
2.2105
2.2350
1.9632
1.5577
1.8184
2.2740
1.7013
1.7539
1.9441
1.4809
2.0275
2.3389
2.3163
1.7174
2.7333
2.6655
2.5165
2.5667
2.3395
2.5568
2.7338
2.9200
2.9865
2.9052
2.9398
2.6284
2.5114
2.5439
2.6600
3.0495
2.5711
2.7158
2.4905
2.6460
2.3904
2.5417
2.5954
2.4736
2.6348
2.8422
2.7770
2.4333
2.8816
2.7452
3.0183
2.7389
2.3626
2.9737
3.0032
2.7907
2.8685
2.8108
2.8947
2.5434
2.4495
3.1610
2.8155
2.7194
2.6017
2.3304
2.7556
3.1200
2.8923
3.0829
2.8958
2.3908
2.4813
2.8076
2.5660
2.4577
2.4276
2.7976
2.6539
2.3260
2.4960
2.5709
2.7165
2.4708
1.9346
1.8011
1.7416
1.8026
1.3047
2.3900
2.1723
2.6650
2.4215
2.6901
2.6012
3.1075
2.7045
2.5549
2.6780
2.2306
2.3616
2.6394
2.7710
2.4271
2.3838
2.4111
2.3935
2.5824
2.8043
2.6114
2.4098
2.2474
2.3190
2.0689
2.3307
2.5977
2.4760
2.7159
2.3915
2.1973
2.4884
2.1415
2.3575
2.6814
2.6505
2.7095
2.4871
2.1721
2.6551
2.4222
3.0174
2.6173
2.6220
2.4909
2.6528
2.2727
2.2518
2.1725
2.2837
2.6242
2.3751
2.7030
2.8310
2.6048
2.7430
2.5247
2.4862
2.5007
2.4207
2.4620
2.5922
2.4540
3.0320
2.5430
2.3317
2.1319
2.3436
2.3809
2.3618
2.4307
2.1680
2.3084
2.7695
2.5299
2.3415
2.4159
2.1769
2.1223
2.4583
2.1514
2.4836
2.9527
2.7211
2.9087
2.5109
3.1463
2.8623
2.5137
2.7809
2.4248
2.6841
2.4129
2.2185
2.5372
2.5432
2.3757
2.7550
2.3160
2.4486
2.3423
2.6835
2.7855
2.7267
2.5383
2.5647
2.8638
2.7102
2.7361
2.3085
2.6465
2.6571
2.4243
2.5181
3.0508
2.6589
2.4430
2.4582
2.4879
3.0898
2.5035
2.4162
2.0353
2.1459
2.9445
2.8588
2.6339
2.5429
2.4237
2.2768
2.4771
2.8637
2.8033
2.7269
2.6924
2.5946
2.5250
2.2411
2.1195
2.4705
2.4698
2.4474
2.4620
2.5795
2.4065
3.0861
2.8463
2.6134
2.7345
2.6864
2.5176
3.1010
2.7385
2.8856
2.3905
2.3347
2.5676
2.4340
2.4536
2.5331
2.0711
2.1318
2.1851
2.4830
2.0534
1.9068
1.9545
2.0037
2.1894
2.2663
2.5738
2.5005
2.2965
2.1822
2.4502
2.2426
2.2718
2.2790
2.5546
2.5313
2.7852
2.6596
2.5316
2.1711
2.2545
1.8466
2.2316
2.1701
2.4230
2.1754
2.5268
2.2961
2.1458
2.0838
1.7658
2.1672
1.8897
1.6744
1.4042
1.8188
1.8096
1.5849
2.0434
1.6674
1.7559
2.5009
2.2249
2.0501
2.2424
2.0157
2.0039
1.8817
2.0111
2.3572
2.6327
2.3555
1.8773
2.1572
1.8974
1.8872
1.7049
1.6517
1.6524
1.3713
1.5844
1.9158
1.8764
2.2122
2.3752
1.8278
1.8609
2.1660
1.9330
1.8425
1.8875
1.8843
1.4613
1.5818
1.6584
1.9031
2.0846
1.6967
1.5608
1.6072
1.8069
1.7802
2.1513
2.1525
2.0954
2.2968
2.6320
2.1432
1.9583
2.0476
2.1884
2.1971
1.7964
2.1536
1.9829
1.6621
1.9398
1.6982
1.0568
1.0589
1.6079
1.6846
1.7037
2.1155
2.0137
2.1580
2.0599
2.4762
2.2816
2.1825
2.1661
1.9112
2.0996
1.2523
1.4939
1.9027
1.8400
1.4496
1.8149
1.7261
2.0177
2.5952
2.0219
2.2821
1.8950
1.5326
1.4250
1.5005
1.4177
1.2444
1.4880
1.3851
1.9090
2.0553
1.7748
2.1124
2.0903
2.1974
2.3698
2.0876
2.1312
1.9573
2.4723
2.2592
2.6908
2.4436
2.5528
1.9634
1.8943
2.0067
1.7477
1.8331
1.9058
2.3106
1.9624
2.4327
1.9314
1.9661
2.6247
2.0175
2.2062
2.1676
2.5648
2.1505
2.4127
2.3450
1.9246
2.2701
1.9000
1.9071
2.1202
2.2132
2.3887
2.1046
2.3881
2.3874
2.3257
2.2821
2.2711
1.9481
1.7011
1.9760
2.0453
2.0853
1.8163
1.3204
1.1865
1.3635
1.9132
1.4420
1.3450
1.4769
1.3220
2.2572
1.5856
1.7776
2.4694
2.1372
1.4934
2.1002
1.8705
1.7842
2.5658
2.2775
1.9351
1.8214
1.8710
2.3407
2.5315
1.9713
1.8948
2.1851
2.0219
1.7031
1.4730
1.5237
1.1971
1.7484
1.5663
1.6872
2.1764
2.3639
1.7659
1.6646
1.1684
1.2500
1.1183
2.2684
2.1130
1.4511
1.8359
1.8277
2.0783
2.4269
2.2742
1.9265
2.3832
2.4032
2.2187
2.2283
1.2690
1.9313
1.6234
1.9407
1.9474
1.7560
2.0206
2.4467
2.7476
2.3373
2.1763
1.8396
1.8554
1.9032
1.8391
2.1940
2.1980
2.1863
2.1673
2.2225
2.0745
2.2775
2.1168
2.4062
1.6785
2.0126
2.5973
2.4780
2.6549
3.0346
2.7231
2.5846
2.7935
2.6037
2.6283
2.3677
2.4951
2.1757
2.4674
2.1940
2.0675
2.3652
2.2613
2.0619
2.3133
2.6063
2.4848
2.7390
2.5377
1.8343
1.8310
2.2054
2.1627
2.9786
2.5029
2.3023
2.4893
2.8144
2.7564
2.7313
3.2592
3.1244
2.8549
2.2822
1.7559
1.7116
2.6002
2.5497
3.1310
2.4653
2.4580
2.4610
2.1846
2.2935
1.9290
1.9458
1.6865
1.6822
1.9383
2.2684
1.9429
1.7857
2.0068
2.0127
2.2888
3.4505
2.4089
2.1708
2.3574
2.3197
2.3173
2.2772
1.8813
1.9760
1.7828
1.7026
1.9128
1.7069
2.4473
2.3550
1.9655
1.7545
1.7315
2.0005
1.8664
2.3374
1.6593
2.6876
2.4581
1.9420
2.3785
2.2677
2.0297
2.4200
2.5807
1.8951
2.3675
2.3743
2.6083
2.7210
2.8406
2.8484
2.5791
2.7125
2.7981
2.5385
2.3774
2.2160
2.2957
2.5879
1.5687
2.7129
2.2673
1.9028
2.3599
2.4153
2.9613
2.7445
3.2730
2.7375
2.2799
1.7873
2.0350
1.9716
2.0144
2.1894
2.2220
1.7446
1.8130
1.9690
2.3197
2.1325
2.1700
2.4683
2.2374
1.9285
2.3281
2.4363
1.8504
2.1308
2.4506
3.1272
2.4270
2.2011
2.0173
2.2628
2.3306
2.3742
2.1580
2.7762
2.6817
2.1553
2.3660
2.3229
2.2449
2.1008
2.4165
1.4493
1.6306
2.0627
1.9581
2.0902
2.0972
2.4143
2.0110
2.6601
2.5987
2.1988
2.6329
2.3743
2.7708
2.1926
2.2931
2.1709
2.1343
2.4861
2.4655
1.9297
1.8224
1.6801
1.5365
2.0809
2.2052
2.4001
2.6643
2.4578
2.7012
2.4000
2.3747
2.4817
2.4632
2.3943
2.7136
2.5757
2.7854
3.0466
3.1248
2.6863
2.6346
2.2289
2.6673
2.4139
2.2662
1.8665
1.8948
1.8426
1.9237
1.6659
1.5175
1.1384
1.4567
1.7356
2.3245
2.4780
2.3176
2.4743
2.7256
2.5807
2.6797
2.5965
1.8234
2.2775
2.3622
2.5593
2.7733
2.3415
2.1273
2.3002
2.5618
2.1142
1.9121
1.9105
1.5748
1.6879
1.5073
1.7892
2.2647
2.4814
2.4208
1.9941
1.9746
1.5392
1.8088
1.7751
2.4429
2.5002
2.4388
2.5017
2.4417
2.7195
2.9369
2.4222
2.5433
2.5573
2.5241
2.8233
2.9710
2.8211
2.5707
3.0455
3.2359
2.5510
2.9522
2.5651
3.0429
2.5624
2.8157
2.7355
2.7780
2.6150
2.8650
3.6398
2.7015
2.9515
2.9017
2.9504
2.9943
2.8342
2.6866
2.6554
3.0975
2.8010
2.9766
2.8582
2.7154
2.5281
2.6105
2.7436
2.8227
2.5628
2.8399
2.3437
2.8478
3.2431
3.7623
2.7213
3.1789
2.9487
2.5376
2.7938
2.6231
2.7944
2.3420
2.9030
2.6656
3.0237
2.6854
3.2534
3.0548
2.9242
2.6893
2.5823
2.6136
2.4183
2.0853
2.6841
2.7398
2.0884
2.1567
2.4013
2.3658
2.3269
1.9947
1.9996
2.3358
1.8888
2.3744
1.9863
1.9426
1.8733
2.6527
2.3613
2.7180
2.1637
2.6233
2.3643
2.2741
2.6449
2.8185
2.4697
2.1830
1.5155
1.3847
2.3387
1.8006
1.4353
1.7149
1.9889
2.0337
1.4637
1.2986
2.1993
1.4705
2.0514
2.1193
2.0150
1.8361
2.1113
2.4624
2.1523
1.9726
1.8573
1.5036
1.7190
2.0422
1.8404
1.9022
2.0476
1.8625
2.1208
2.0811
1.2828
2.0923
1.4214
1.9160
2.7288
1.7450
2.0168
2.3318
2.0851
1.6089
1.6637
1.5201
1.0954
1.5684
1.5829
1.3000
2.2086
1.6825
1.2391
2.1440
1.5548
1.7573
2.0500
2.1897
2.2707
2.1323
1.9553
1.8932
1.7845
2.1968
1.6724
2.1237
1.6650
2.0374
2.0467
2.2102
2.4276
2.6504
2.1469
2.2611
2.2344
1.7335
1.4246
2.1433
2.6588
2.7270
2.7256
1.9366
1.7877
1.9863
2.3044
1.8617
1.8034
1.9672
1.5500
1.4491
1.7805
1.6442
2.0933
2.1298
2.1835
2.0013
1.9506
1.8504
1.8782
1.6834
1.9196
1.9445
1.7320
2.2068
1.8457
1.7916
1.8707
2.0162
1.8831
1.9125
1.9737
2.1862
2.1150
2.1729
2.1101
2.4337
1.9749
2.3687
2.2656
2.7323
2.6146
2.6657
2.6418
2.7550
2.1423
2.3200
2.2019
2.3934
2.9666
2.8006
2.3112
2.2667
1.7897
1.9117
1.8959
1.0876
1.5822
1.4446
1.5463
1.5237
1.7530
1.4193
1.3846
1.6291
1.8185
2.1879
1.9570
2.0088
1.8831
1.8621
2.2120
1.7942
1.9688
1.9220
2.2592
2.4370
2.2092
1.7096
1.8119
2.0427
1.3005
2.3721
2.5241
1.8768
1.6279
2.1205
2.2505
1.8847
1.5913
1.5549
1.2702
1.2295
1.2965
1.2799
1.7708
2.0197
1.7839
2.2492
1.6582
2.4204
1.3907
2.1542
2.0178
1.9411
2.2186
2.3793
2.4225
2.3261
2.3563
1.7764
1.9173
2.3570
1.8757
2.0975
2.4987
2.3378
2.4937
2.3954
2.6892
2.6437
2.4949
2.4595
2.5812
2.5066
2.5067
3.0964
2.9572
2.6738
2.2055
2.5998
2.5141
2.3229
2.5855
2.5640
2.5450
1.9479
2.7925
2.7657
2.2592
2.6646
2.1171
2.3400
2.6798
2.4412
2.7578
2.8707
2.9053
2.9077
2.4606
1.9516
2.4578
1.9968
2.3036
1.6815
1.8081
1.2213
1.3653
2.1115
1.7939
1.9552
1.7573
2.2965
2.0110
1.8219
1.4487
1.1032
1.4165
1.5485
1.7106
1.3760
1.7331
1.4244
1.3368
1.8708
1.9795
1.8730
1.6369
1.8821
1.8514
2.1959
1.8587
1.5706
2.2731
2.1394
2.3185
2.3589
2.1846
2.0219
1.4240
2.7977
2.1187
1.5689
2.2921
2.6775
2.5022
2.4861
1.7918
2.3744
2.4678
2.1076
2.2800
2.5774
2.1999
2.2803
2.6586
2.5356
2.4955
3.0485
2.8612
2.6692
2.6907
2.7015
2.5171
2.1040
2.0732
1.9542
2.2026
2.3290
1.9552
2.4883
1.9506
1.9830
1.8218
2.1172
1.5511
2.7172
2.7248
2.9902
2.0778
3.1322
2.6383
2.5128
2.2350
2.1777
2.6905
2.7487
2.7653
2.9746
2.3734
2.4259
2.3889
2.2037
2.4428
2.2078
1.7737
2.4373
1.6788
2.2757
2.0760
2.2431
2.3813
2.2277
2.0442
2.1647
1.8916
2.5414
2.3426
2.4527
3.1025
2.1833
2.1930
2.2344
2.3144
1.9918
1.9724
1.9979
2.7060
2.9699
2.5033
2.9638
2.8244
2.6830
2.5856
2.4616
2.6372
2.3604
2.5058
2.5847
2.1929
3.0281
2.3824
2.3813
2.4330
2.1666
1.8881
2.1070
2.2110
2.8734
2.2388
3.0125
2.5370
2.5594
2.7722
2.6917
2.6434
2.8032
2.3593
2.5088
2.5156
2.4060
2.2476
2.2262
2.4252
2.3288
1.7918
2.6624
2.6068
2.7773
2.7464
2.0574
2.5939
2.4292
2.2915
2.3573
2.2795
2.5376
2.4114
2.3780
2.8932
2.3757
2.0422
2.2467
2.3771
1.6049
2.0815
1.8461
2.4400
2.8186
3.0554
2.9844
2.9419
2.5182
2.2473
2.2255
2.6866
2.3449
2.3553
1.9861
1.8518
2.3753
2.3322
2.4428
2.7148
2.6680
2.5173
2.2591
2.0628
2.2458
1.6371
1.8257
2.0635
1.5073
1.6820
1.6788
1.9894
1.5394
2.0622
2.3876
2.3924
2.0477
2.3331
2.2453
2.5715
2.0620
2.2964
2.3604
2.4832
2.3503
2.4032
2.2062
2.4977
2.3112
1.8128
2.3966
2.5403
3.0146
2.7924
2.3129
2.0608
1.8691
1.9139
2.3079
2.2270
1.8796
1.2489
1.7448
1.5119
1.4579
1.7756
1.7862
1.5736
2.1283
1.6243
1.3866
1.9821
1.1114
1.8609
1.2958
1.7252
1.2968
1.6718
1.8601
1.5492
1.7109
1.7622
2.0853
2.2108
2.2613
1.8193
1.4242
1.9423
1.9335
2.0828
1.6369
1.9357
1.2893
1.7272
1.5040
1.3998
1.6085
1.8119
2.2460
2.5517
2.2824
1.6074
1.4174
1.6132
1.7757
1.6081
1.1234
1.6737
1.5207
1.3395
1.3349
1.8440
1.6068
1.9783
1.8657
1.6830
1.3489
1.5733
1.6399
1.5480
1.5680
1.5537
1.6699
1.5852
1.6500
1.3426
1.5851
1.4525
1.9694
2.2745
1.6394
2.0457
2.0756
1.2268
1.3164
1.7137
1.8064
1.8856
1.6908
1.6756
1.6095
1.4880
1.3006
1.1536
1.2920
1.4564
1.6350
1.6815
2.2601
2.0657
1.7115
1.2368
1.7895
1.6993
1.9431
2.3267
2.1194
2.9522
2.7034
3.1360
2.3451
2.4792
2.0985
2.1071
2.1898
2.0145
1.7636
2.1328
2.1184
2.2844
2.4683
2.7715
2.1192
2.3341
2.3530
2.7628
1.8805
1.8373
2.1665
2.2783
1.9737
2.1993
2.7251
3.0658
2.6311
2.2319
2.5099
2.2662
2.3275
2.1173
2.0670
2.2806
2.2091
2.6877
2.1508
2.0397
2.1600
2.1317
2.2001
2.0438
2.5171
2.0346
1.9551
2.3911
2.4085
1.8583
1.9002
2.6405
2.4360
2.2556
2.1958
2.4359
2.1227
2.0085
1.8824
1.7709
2.2221
2.5500
2.2384
2.0684
2.3163
1.7723
2.1363
2.0269
1.9891
2.4362
2.4355
2.2921
2.3278
2.4394
2.8890
2.6408
2.2609
2.1232
2.2636
2.3016
2.2068
2.4482
2.5147
2.1101
2.1724
2.4396
2.4573
2.5661
2.5720
2.7292
1.9463
1.8606
2.3308
2.0423
1.8744
2.0617
2.2728
1.9337
1.8693
2.5318
2.2892
2.2619
2.0437
2.4784
2.1962
2.1714
2.2328
2.9915
2.6574
2.5510
2.2949
2.3993
2.2292
2.2214
2.4092
2.1110
1.8757
2.2390
2.3009
2.7155
2.5545
2.6569
1.9812
2.4022
2.2504
2.5024
2.4462
1.5271
1.6956
2.1766
2.1416
1.9508
1.5940
1.6968
2.3800
1.6611
2.3076
2.4690
2.1850
2.0573
2.0150
2.2620
2.1970
2.9636
2.7099
2.5459
2.7214
2.2099
2.5113
2.2284
2.8007
3.1107
2.5647
2.6208
2.2694
2.3779
2.0388
1.7758
2.5259
2.4172
2.6664
2.4894
2.0039
2.6593
2.1756
2.1120
1.9709
2.1978
2.2475
2.4742
2.6150
2.6041
2.6952
2.4868
2.5749
2.2284
2.2406
1.7804
2.3815
2.3372
2.3891
2.7149
2.5468
2.0880
2.5848
2.2700
2.3229
2.5987
2.6425
2.4970
2.5135
2.4915
2.5254
2.0843
2.6390
2.1731
2.0212
2.4235
2.2067
2.5874
2.0673
2.0709
2.2540
2.3737
2.7552
2.4511
2.3462
2.7044
2.4232
2.8080
1.9719
2.1218
2.1562
2.1431
2.1168
2.7568
2.1236
2.3290
2.4590
2.2723
2.5749
2.5458
2.3231
2.1877
1.7130
2.0446
1.8887
2.3147
2.1844
2.0224
2.0959
2.0892
2.4943
2.3540
2.3079
2.5211
2.3334
2.1604
1.7021
1.9046
1.9803
1.9345
1.8319
2.2729
2.3043
1.9872
2.3350
2.9047
2.5756
2.4833
2.3447
2.1124
2.0295
2.4138
2.5151
2.3691
2.6386
2.7986
3.0213
3.1532
2.6903
3.0707
2.6337
2.8040
2.2513
2.6296
2.2784
2.6265
2.6581
2.4236
2.8745
2.8432
2.7927
2.8071
2.5932
2.6389
2.5241
2.5778
2.6830
2.6528
2.2172
2.4187
2.3199
2.0969
2.1031
2.0077
2.1918
2.5652
2.5261
2.7586
2.0986
2.2839
2.1505
2.4400
2.2401
2.7701
2.3925
2.3054
2.5342
2.6126
2.4470
2.4229
1.8649
1.9334
1.8689
2.2387
2.3662
2.4540
2.6685
2.6415
2.3925
2.3357
2.1132
2.4216
2.1304
2.2986
2.6008
1.6603
1.3604
1.9248
1.7976
1.7030
2.0424
2.2202
1.6926
1.7965
2.2982
2.1589
2.2082
1.6008
2.0186
2.1004
2.2926
2.1000
2.3850
3.0768
2.8104
2.6793
3.1895
3.0356
2.9879
3.1936
2.7127
2.4298
2.5946
2.7707
2.7722
2.7011
2.7687
1.9673
2.0548
2.2812
2.0954
2.1702
2.5171
3.1632
2.6161
2.8987
2.7561
2.4094
2.2378
2.8191
2.7071
3.0130
3.7495
3.1383
2.5503
3.2192
2.7161
2.8846
3.0812
2.7741
2.4096
2.9866
2.9998
3.0287
3.0627
2.7792
3.2465
2.9138
3.1001
3.2589
3.3505
2.5898
2.8688
2.6872
2.2132
2.4404
2.7182
2.5804
2.3955
2.1426
2.1194
2.3592
1.9201
1.9011
2.3008
2.3148
2.4249
1.7700
2.2455
2.4734
2.6171
2.1526
2.1273
2.3544
1.7833
1.7061
2.0863
2.4892
2.9000
2.8909
2.5800
2.6040
2.2091
2.6551
2.6012
2.0585
2.4589
2.1945
2.5931
2.4797
2.7775
3.1233
2.3671
2.6644
2.4798
2.4612
2.3255
2.3036
2.6707
2.7288
2.3338
2.1522
2.2790
2.1378
2.2415
1.9356
1.6567
2.0476
2.1815
2.4787
2.2839
2.4386
2.2123
2.4095
2.0830
2.5768
1.9973
2.4144
2.2383
2.1333
1.8595
1.5964
1.9408
2.2813
2.6276
2.4504
1.9141
2.3508
2.6676
2.5589
3.0591
2.7376
2.8242
2.7237
2.3423
2.5474
2.3402
2.0817
2.2695
2.4253
1.9891
2.1302
2.5291
2.3539
2.9034
2.0660
1.8232
2.0604
2.4304
2.1251
2.2385
2.0796
2.0330
1.4103
2.0366
2.5457
2.4238
1.7897
2.2801
2.5226
1.9342
2.1890
1.9576
2.4470
2.4377
2.3830
2.4617
2.2137
2.0865
1.4823
2.4149
2.7091
2.3065
2.9904
2.4552
2.3299
2.3725
2.8575
2.6719
2.8445
2.4326
2.6809
2.5591
2.8607
2.7929
2.5667
2.7581
3.0443
2.3124
2.3382
3.0787
3.0273
3.1494
2.6269
2.8086
2.6199
3.2204
2.9093
2.7957
3.3947
2.6866
3.0176
2.7797
2.5439
2.6882
2.7622
2.7458
2.6513
2.3830
2.4465
2.3956
2.6520
2.9110
2.4273
2.4500
3.0219
2.8539
2.0283
2.8052
2.2966
2.2442
2.6079
2.6369
2.5270
2.5032
2.9063
2.8358
3.3578
3.3853
3.1271
3.0073
3.3564
3.2650
2.7158
3.0639
3.3256
3.2679
3.3524
3.1555
2.4058
2.4921
2.8269
2.8349
2.7455
2.8217
3.0074
3.4909
2.4663
2.5082
2.4303
2.5180
2.3469
2.1543
2.6752
2.3992
2.3305
2.6419
2.4930
2.5449
2.6312
2.4936
2.5082
2.3751
2.7932
2.7461
2.4501
2.6286
3.1810
2.7171
2.7358
2.9991
2.5235
2.9659
3.0080
2.5442
2.6838
2.7050
2.8431
2.9914
3.1467
2.8199
2.9349
2.7373
2.5904
2.3917
2.3498
2.2219
2.2537
2.0362
1.4742
1.6618
1.9641
2.2886
1.9891
2.3422
1.9726
2.4715
2.2535
2.4480
1.9749
1.7064
2.1148
1.4115
2.0020
2.3646
2.5161
2.2910
2.4865
2.0764
2.1415
2.3641
2.2196
1.9700
2.5214
2.6937
2.8266
2.4322
3.1862
2.2574
2.7469
2.8999
2.9904
2.5079
2.3300
2.1579
2.2106
2.3431
2.6978
2.5268
2.6236
2.5272
3.0075
2.5270
2.4447
2.6432
2.0449
2.2077
2.0953
2.6446
2.5505
2.7950
2.9445
3.0256
3.4878
2.3846
2.3931
2.7696
3.0381
2.7277
3.3169
3.1954
3.1662
2.5327
2.6572
2.4849
3.1342
3.1872
3.5363
3.7984
3.7649
3.7941
3.4065
3.3428
3.5967
3.2116
3.6087
4.2257
3.3262
3.5348
3.1974
3.4625
3.2174
3.3545
3.1980
2.6824
2.7460
2.2683
2.9648
3.0965
2.5005
2.7421
2.6596
2.3775
2.3181
2.6031
2.6689
2.5151
2.4792
2.6683
2.4852
3.0290
2.4621
2.9835
2.8439
2.8069
2.6080
2.6888
2.5963
3.1125
3.0991
2.9994
3.1251
2.8690
2.9625
2.8838
2.5385
2.8495
2.9165
2.9721
2.7445
2.8735
3.0486
2.7773
2.7052
2.7666
2.1946
2.2666
2.3330
2.2907
2.2821
2.3827
2.7285
2.4807
2.5297
2.0269
2.5881
2.3147
2.2767
2.2912
2.2781
2.3549
2.0520
2.1429
2.4296
2.5707
2.7991
2.3726
2.2647
2.3870
2.5209
2.7616
2.9311
2.8130
3.0076
2.8003
2.7216
2.8746
2.5642
2.5620
2.7158
2.6663
2.6408
2.3147
2.9198
2.6810
2.8033
2.4450
2.7684
2.6776
3.2425
2.8342
3.2488
2.5780
2.9094
2.9888
3.3220
3.2733
3.2421
2.5536
3.0196
2.8989
2.6875
2.5804
2.7715
2.6563
3.0564
2.6391
2.6940
2.5043
2.5378
2.6748
2.6047
3.2220
3.1026
3.5435
3.1749
3.1078
2.8083
3.1485
2.9714
2.7636
2.6066
3.0341
2.8583
3.1627
2.8405
3.0058
3.2808
2.3813
2.5791
2.9577
2.6999
1.8744
2.2283
1.8273
1.8838
1.7916
2.3042
3.0178
2.3051
3.0398
2.5287
2.7170
2.6042
3.1161
3.0521
3.0146
3.1515
3.3317
3.0086
3.1214
3.2621
3.8090
2.8815
3.3864
3.1129
3.0309
2.6601
3.1536
3.1780
2.6275
2.6595
2.7678
2.4481
2.7940
3.3898
2.1296
2.7039
2.4663
2.0090
2.5038
2.6362
2.1970
2.3183
1.9698
2.7835
2.2253
2.7538
2.8678
2.6182
2.3873
2.3081
2.5151
2.3044
2.5253
2.2181
1.9959
2.0168
2.4020
2.6694
2.2325
2.0668
2.8851
2.9534
2.3967
2.1341
2.3746
2.5574
2.3731
2.5528
2.4636
2.7542
2.5620
2.2444
3.0374
2.8618
2.6479
2.0088
2.4910
2.5874
2.5988
2.8797
2.7573
2.7413
2.7886
2.7713
3.0918
2.7562
2.7777
2.5082
2.4621
2.5545
2.1477
2.4482
3.0195
2.6078
2.8304
2.7502
2.6960
2.4411
2.7479
3.1938
3.1304
2.7968
2.8822
2.8448
3.1841
2.7245
2.9609
3.1316
2.9825
2.6124
2.9638
3.2531
2.7373
2.5498
1.9727
2.4642
2.6459
2.3106
2.2002
2.3454
2.5315
2.5448
2.5635
2.7797
2.2767
2.2498
2.5883
1.9908
2.5914
2.4279
2.2660
2.3028
2.3446
2.3987
2.4782
2.2642
2.6241
2.4229
2.4527
2.7586
2.8783
2.7426
2.9390
3.0102
2.7845
2.6328
2.5748
2.6334
2.2148
2.1801
3.1007
2.3397
2.4157
2.5379
2.1021
2.2910
2.3586
2.1692
2.6224
2.4727
2.7958
2.3676
2.1504
2.3531
2.6698
2.6994
2.6422
2.9040
3.0703
2.1703
2.4506
2.3017
2.4060
2.1526
2.4521
2.4616
2.5206
2.6305
2.2874
2.5238
1.8408
2.1011
2.1423
1.9543
1.9997
2.4589
2.4986
2.5182
2.5589
2.2784
2.6100
2.4880
3.1432
2.6417
2.6329
3.2184
2.7811
1.9872
2.2820
3.1576
2.4192
2.7117
2.6221
2.6748
2.5418
2.3881
2.3945
2.6437
2.3838
2.4990
2.4015
2.3514
1.8951
2.7905
2.8781
2.3355
2.4982
2.4559
2.6800
2.6288
2.4345
2.1622
2.2493
2.3543
1.8465
2.2672
2.3904
1.7652
2.1446
1.8160
2.0990
2.3112
2.6244
2.2510
2.1810
2.1658
1.9272
2.1825
2.3474
2.1217
2.2296
2.2510
2.2344
2.2599
2.3007
2.3311
2.5207
2.7635
2.3211
2.6403
2.1926
2.5380
2.6365
2.4689
2.0395
2.2084
2.0949
2.1278
2.0679
1.9361
1.8554
2.0838
2.4841
2.5470
2.1355
2.3593
1.9758
1.9361
2.2346
2.5508
2.9709
2.5912
2.4786
2.5898
2.3754
2.0950
2.4100
2.1476
2.9253
2.8625
2.4108
2.3290
1.6688
2.0903
1.8786
2.1957
2.4190
2.4214
2.8100
3.3161
3.3007
2.8639
2.7164
2.4011
2.3999
2.6487
2.6818
2.6907
2.6304
2.4615
2.5549
2.7896
2.8450
2.2841
2.0227
1.9952
2.5600
2.0384
2.1875
2.3137
2.3150
2.7277
2.6028
2.4630
2.0727
1.9151
2.2185
2.5346
2.7980
2.6535
2.6280
2.3671
2.3319
2.4285
1.8276
2.4711
2.6854
2.8560
2.6761
2.3986
2.4603
2.3799
2.5931
2.6811
2.6036
1.9765
2.3411
2.6052
2.3771
2.2327
1.9253
1.9134
1.9968
2.2512
2.6058
1.5145
1.1736
1.6909
1.8682
1.7531
1.4897
1.3986
2.0859
2.6149
2.2017
2.7912
2.5215
2.4294
1.9080
2.1383
2.5804
1.6192
1.7998
2.0484
2.2626
2.1494
2.4105
1.4343
2.4299
2.2162
1.9951
2.3585
2.0688
1.9202
1.9292
2.2845
1.5918
2.2023
1.9712
2.3872
2.3390
1.9872
2.1729
2.7520
2.2962
2.1991
2.0142
2.2707
2.1476
1.9595
2.1898
1.9988
2.2985
2.3896
2.5085
2.6723
2.0070
2.3116
2.4809
2.1940
2.2447
2.1188
2.5905
2.5599
2.1676
2.3953
2.5397
2.3087
1.9196
1.8758
1.8170
1.9379
2.4808
2.2681
2.6327
2.2805
1.7656
1.6111
1.7685
1.6270
2.3779
2.4965
2.2159
2.3051
1.7205
2.0774
1.4667
1.5292
1.5384
1.4700
1.9107
2.1564
2.1519
1.9287
2.2293
1.6288
1.9208
2.5855
2.8681
2.8664
2.2767
2.3138
2.1999
2.2648
2.4849
2.1942
2.2665
2.2279
2.5794
1.6416
1.9924
2.3895
2.0934
2.4491
1.9486
2.3330
2.2468
2.1001
1.9688
1.5755
1.5773
1.5423
1.7965
1.2006
1.5071
1.3894
1.9230
1.6043
2.0763
2.2756
1.8720
2.2095
2.2293
1.9976
1.7731
2.1734
1.6806
1.6941
1.4710
1.4374
1.7456
1.6015
2.2156
2.0517
2.3775
2.2633
2.7313
2.4066
2.1050
2.0060
2.3572
2.2505
2.2684
2.0618
2.0813
1.6874
2.0012
2.3226
2.3384
2.2670
2.4659
2.3599
2.4102
2.5604
2.4221
2.1376
2.3067
2.5066
2.7066
2.3878
2.1367
2.6028
2.5825
2.0655
2.6140
2.2358
2.0642
2.1698
2.0251
1.9606
2.0900
2.0753
2.0526
2.1396
2.0146
2.0496
2.5538
2.8988
2.3829
2.4901
2.5341
2.5277
2.7799
2.4644
2.2586
2.7696
2.7277
2.4823
2.4171
2.4352
2.7067
2.7533
2.7246
2.5927
2.7425
2.5864
2.4079
2.1966
2.5526
2.3417
2.2553
2.8220
2.5949
2.4098
2.4769
2.1885
2.7889
2.6861
2.6437
1.9788
2.5216
2.0148
2.4939
2.2956
2.6105
3.0000
2.4625
3.0079
2.6464
2.6506
2.1689
2.7079
2.7340
2.3821
2.1915
2.4242
1.9439
2.0824
2.3512
2.3884
2.1975
2.7841
2.7515
2.1267
2.1157
2.9163
2.7294
2.7482
2.8480
3.1035
2.7818
3.0066
2.5995
2.7630
2.7670
2.6355
3.0860
2.4014
2.8765
2.5503
2.1476
2.1497
2.3023
2.4971
2.1581
2.4187
2.7041
2.4808
2.5728
2.1366
2.1958
2.6258
2.4629
2.4954
2.3042
2.1696
2.4534
2.4521
2.2925
2.0759
2.1960
2.2929
2.2963
2.3146
2.4797
2.1095
2.1692
2.2744
2.4431
2.1817
2.1799
2.2831
1.9690
1.6955
2.1969
2.6846
2.3997
2.0865
2.0646
1.9661
2.1176
2.1216
2.3336
1.9870
2.2085
2.4472
2.2996
2.2627
1.9938
1.9127
2.6846
2.3881
2.3771
2.5383
2.5359
2.4923
2.2329
2.0902
2.1838
2.2487
2.2193
2.6962
2.5169
2.5049
2.7261
2.5058
2.6009
2.4391
1.9625
2.1503
2.3050
2.3877
2.5952
2.5889
2.5700
2.3497
2.6091
2.9268
2.7270
2.2626
1.8888
2.6417
3.0397
2.6098
2.0425
2.2518
1.8250
2.4156
2.5120
2.7572
1.9683
2.1946
2.4207
2.2446
2.1745
2.0100
1.9522
2.6194
2.1916
2.0738
2.3817
2.5314
2.3984
2.3802
2.1660
2.3196
2.0060
2.1836
2.1313
2.1533
2.3136
2.5355
2.2553
1.7555
2.1874
1.6424
1.7103
1.5554
1.7138
1.7202
1.4914
1.8105
1.9841
1.5787
1.9276
1.7390
1.8468
1.3526
1.9602
2.2547
2.4364
2.5363
2.6868
2.3369
2.2195
2.2619
2.3195
2.3523
2.1358
1.7801
2.2037
1.7313
1.9153
2.1740
2.2471
2.1075
1.8185
1.8878
1.9691
1.8266
2.0253
2.0074
1.9228
2.1191
2.2227
2.1057
2.3163
1.7413
2.2632
2.4569
2.4213
1.9829
2.2033
2.1472
2.0438
1.2145
1.6013
2.2506
1.9546
1.8298
1.8064
1.9612
1.8569
1.8228
1.8912
1.9672
1.8405
1.9630
1.9338
1.9383
1.7848
2.1620
2.1113
2.3085
2.1293
1.8318
2.0414
2.0680
1.7580
2.0715
2.5101
2.2790
2.7304
2.3632
2.5048
2.1371
2.3720
2.2724
2.1744
2.4892
2.0784
2.5961
2.4941
2.2175
2.1700
2.2575
2.5316
2.6457
2.5355
2.0325
2.2581
2.6162
2.3669
2.1953
2.7915
2.2569
2.1317
2.2503
1.9781
2.4652
2.4114
2.4898
2.7283
2.2177
1.9058
2.4038
2.4922
2.2863
2.3612
2.3033
2.5761
2.6514
2.5794
2.6995
2.7033
2.4011
2.3672
2.6278
2.8937
2.6960
2.8768
2.9696
2.3437
2.3040
2.1007
2.5799
2.1744
2.1721
2.3671
2.5201
2.2010
2.3931
2.5834
2.4381
2.3956
2.6517
2.6919
2.5413
2.6274
2.3448
2.6104
2.4674
2.3300
2.2601
2.4442
2.5654
2.1572
2.1584
2.0881
2.0364
1.9273
2.3696
2.3760
1.9859
1.8970
1.8462
1.8308
2.1392
2.2460
2.2568
2.2693
2.0185
2.0668
2.1571
2.3932
2.7443
2.5479
2.8573
2.5991
2.5376
2.6875
2.8855
2.9790
2.9348
2.3307
2.7938
2.5011
2.0876
2.3967
2.5800
2.3340
2.6949
2.3663
2.2535
2.4500
2.0630
2.3561
3.0596
2.7924
2.0684
2.1261
2.4601
1.9183
1.8334
1.8149
1.8809
2.2272
1.7797
2.2074
2.1363
2.0841
2.0859
1.7641
2.2077
2.2710
2.5769
2.3462
2.4762
2.1397
1.8630
2.0288
2.2326
2.1852
1.9027
2.1518
1.8881
1.8031
2.1843
1.9635
2.3558
2.2816
2.3028
2.0104
2.0443
2.2637
2.7695
2.4258
2.4794
2.3287
2.6618
2.2970
2.5181
2.2570
2.5481
2.0520
2.1543
2.2770
2.2177
2.2590
2.5194
2.5566
2.7688
2.5632
2.3724
2.6500
2.6325
2.1414
2.3357
2.3059
2.5039
2.3102
2.6708
2.2935
2.2467
2.4215
1.8764
1.6675
1.9844
2.1522
2.0115
2.3880
2.1331
2.3129
2.0753
2.4959
2.3180
2.0515
2.0487
2.2351
2.4018
2.2824
2.1236
2.1114
2.1516
2.1459
2.0331
2.4550
2.0958
1.9802
2.2050
1.7250
1.6720
1.6389
1.4873
1.9711
1.6462
2.0612
1.8570
1.7793
1.5314
1.7926
2.5811
2.3776
2.7618
2.6055
2.6844
2.2678
2.5610
2.3706
2.3821
2.0515
2.1732
2.6199
2.3513
2.3753
2.4795
2.6747
2.7310
1.9768
2.4561
2.8288
2.3185
1.9789
1.9351
2.3320
2.2388
2.1290
2.1855
2.3367
2.3154
1.8905
2.3329
2.6586
2.3441
2.8964
2.2886
2.3969
2.6657
1.7083
1.9606
2.5044
2.8993
3.0258
2.8843
2.2026
1.9982
1.7983
2.1740
2.3822
2.3512
2.3575
2.1443
2.3568
2.1195
1.7747
2.2904
2.0224
2.4352
2.3898
2.2945
2.1345
2.4120
2.6218
2.4610
2.7387
2.5057
2.5474
2.1746
2.5744
2.3733
2.0529
2.3231
2.5909
2.6208
2.2366
2.0657
2.1369
2.3987
2.3562
2.3919
2.7000
2.4149
2.6329
2.4153
2.6110
2.5471
2.5526
2.6708
2.5447
2.4793
2.4181
3.1682
2.8771
2.6576
2.4657
2.7714
2.5913
2.7211
2.6543
2.7832
2.3478
2.6217
2.4024
2.7807
2.6669
2.5156
2.7258
2.4278
2.6355
2.4843
2.2289
2.4260
2.4947
2.9667
2.5553
2.7945
2.8391
2.7234
2.9998
2.7223
2.6555
2.5402
2.6214
2.2999
2.6851
2.7690
3.2016
2.5309
2.5492
2.2437
2.4298
2.5285
2.6581
2.8544
2.2795
2.0035
2.4972
2.2419
2.0978
2.3366
2.0831
2.2196
2.2133
2.4176
1.9789
2.4799
1.9806
2.5180
2.5945
2.7397
2.3022
2.7337
2.5101
2.2381
2.0580
1.8835
1.8874
1.9683
2.1116
2.4436
1.7591
2.0117
2.6052
2.0818
2.1058
2.0061
2.0754
2.7299
2.1717
2.3163
2.3590
2.3950
1.8225
2.3382
2.8054
2.0648
2.4453
2.3590
2.8329
2.6487
2.4485
2.2683
1.9286
1.9267
2.0506
1.8811
2.0156
1.7377
2.3473
2.1213
1.7929
2.4588
2.2145
1.8090
1.9452
2.4436
2.0862
2.5194
2.7015
2.8552
2.3479
2.3891
2.2887
2.0252
1.9734
2.5293
2.5838
2.4766
2.3569
2.1219
1.6631
2.2279
2.1287
2.4094
2.2637
2.1249
1.9664
2.3341
2.7647
2.6854
2.5526
2.3339
2.1807
2.2061
2.2871
2.2924
2.7792
2.5410
2.2336
2.4089
2.2970
2.1974
2.9112
2.5938
2.3413
2.2031
2.8705
2.7530
3.0159
2.4716
2.7110
2.5481
2.9225
2.4492
2.8387
2.4914
2.3362
3.1940
2.5013
2.7679
2.9439
2.6894
2.7216
2.5646
2.1915
2.2894
2.6492
3.1066
2.9245
2.9075
3.2263
2.5085
2.2396
2.9563
2.1597
2.4882
2.5905
2.5416
2.6690
2.2308
2.3937
2.5101
2.6099
2.2994
1.9077
2.1142
2.6525
2.5901
2.5690
2.2803
2.3523
2.6525
2.3895
2.5208
2.3859
2.3815
2.5351
2.2836
2.0515
1.8462
2.0432
2.0819
1.7636
2.3630
2.3003
2.5920
2.2562
2.5156
2.2673
3.0036
3.0354
3.0090
2.9252
2.5090
2.4957
2.7083
2.9430
2.6342
2.4509
2.9180
2.2420
2.8722
2.9344
2.7485
2.5102
2.6243
2.6980
2.8367
3.1016
3.0852
3.0733
3.0954
3.3378
3.0425
2.8569
3.0830
3.2207
2.9231
2.6422
2.7695
3.0478
2.6677
2.3095
2.5987
2.7844
2.5365
2.5203
2.6219
2.7719
2.9159
2.3057
2.3107
1.8831
1.8763
2.5797
2.6236
1.9609
2.4704
2.8044
2.9556
2.4448
2.5382
2.2787
2.6467
2.3653
2.4859
2.1052
2.5813
2.3400
2.5974
2.5296
2.3707
2.4130
2.6911
2.5053
2.6670
2.2789
2.6095
1.8422
2.1972
2.1056
2.8389
2.7773
2.5284
2.8322
2.5657
2.8392
2.5605
2.9514
2.4990
2.9213
2.7525
2.4772
2.1611
2.4678
2.7042
2.5869
2.8994
2.7932
2.3397
2.0550
2.7027
2.6563
2.3577
2.4096
2.2832
2.7414
2.4612
1.9663
2.6007
2.3792
2.9384
1.8672
2.0637
2.5241
2.4527
2.7584
2.4381
2.5502
2.3751
2.8712
1.9692
2.1639
2.3729
2.7062
2.3388
2.1473
2.3062
2.0777
1.7844
2.4857
1.6386
2.0575
1.8204
1.5296
1.9616
1.9964
1.7913
2.6339
2.3890
2.6922
2.0156
2.2540
1.9535
2.3993
2.3383
1.9172
1.9731
2.2674
2.4506
2.8741
2.8039
2.9279
2.7928
2.5682
2.7556
3.1034
3.1593
2.2873
2.8123
2.6840
2.6456
1.9517
1.8272
1.6640
1.9120
2.0235
2.7786
2.9123
2.0824
2.7553
2.5147
2.7520
2.2198
2.4366
2.9503
1.9742
2.3299
2.6580
3.1377
2.4326
2.7394
2.7621
3.0264
2.8084
3.0593
2.2889
2.6645
2.5722
1.9155
2.0963
2.3654
2.6070
2.3666
1.9752
2.1434
2.3270
2.0817
2.0641
2.9870
2.8577
3.3165
3.1139
3.0442
2.7332
2.9095
2.9911
3.1480
2.5633
3.1153
2.8270
2.3910
2.5813
2.2904
2.1396
2.5521
2.6244
2.2552
2.2921
2.2749
2.0215
2.2482
3.0547
2.5412
2.3940
1.9689
2.5233
2.6114
3.3597
2.6242
2.0072
1.6294
2.1792
1.9903
2.3452
2.3575
1.9795
2.3740
1.8214
2.6393
2.3555
2.4304
2.1318
2.4130
1.9745
2.0137
1.8682
2.2374
1.9680
1.9606
1.9108
2.0747
2.2320
2.2508
2.9095
2.1452
2.1611
2.1746
2.1968
1.8356
2.5756
2.4149
2.0952
2.4562
2.4952
2.2855
2.1780
2.4232
2.6863
2.1315
2.9174
2.4545
2.4169
2.5176
2.5074
2.5594
2.4527
2.9162
2.6268
2.8862
2.5019
2.6129
2.2026
2.6036
2.4719
2.2733
2.8296
2.3687
2.1263
2.3421
1.7161
1.8495
2.3560
2.3193
2.2042
1.9399
2.6183
2.1671
2.8486
2.5164
2.1250
2.6946
2.3132
2.7327
2.5135
2.9642
2.5035
2.7902
2.5812
2.6189
2.8608
2.6845
2.7093
2.4442
2.4622
2.4931
2.6454
2.4691
2.5877
2.7646
2.3452
2.2368
2.2098
2.4800
2.1100
2.4638
2.4097
2.1594
2.1979
2.0300
2.4673
2.3140
2.5420
2.5246
2.3697
2.4797
2.1456
2.3243
2.4799
2.6503
2.5190
2.7172
2.5036
2.3180
2.6091
2.7715
2.5062
2.7174
2.7299
1.8658
2.1271
1.7234
2.0308
2.0223
2.8588
2.6050
3.2099
3.1759
2.9672
2.6218
1.8800
2.2588
2.3989
2.4827
2.0391
2.1848
2.1279
1.8417
2.2740
2.2432
2.2934
2.2071
2.1123
2.5283
