32.5422
32.3431
31.8156
32.6297
32.3793
32.6975
32.9472
32.0950
33.3838
33.8540
33.1374
32.9019
32.6663
33.5598
33.4108
33.7759
33.2517
33.3649
33.6581
34.9108
36.1146
34.4369
34.7488
36.2652
36.3422
35.6242
34.5923
36.4905
38.4205
36.7048
37.9980
37.5898
38.3258
37.7859
37.4187
38.0204
36.8478
38.1630
35.9400
37.2576
37.0970
36.1925
35.3756
34.1382
35.6525
35.7788
36.1116
35.3255
35.4066
35.6391
36.8201
36.2343
37.5001
38.0406
38.2120
38.7957
39.0113
39.0856
38.7895
38.2503
39.2731
38.2022
36.7971
38.7796
39.6970
40.7428
40.9244
40.9627
40.5757
42.0490
41.3631
40.2074
40.7889
40.2861
40.6213
39.0391
40.8010
40.3620
41.2105
40.7418
40.6768
39.5993
40.0728
37.5027
37.6291
36.5917
39.5637
37.4159
39.3512
39.5900
38.4788
39.0368
38.9327
39.2247
38.4431
39.1558
39.1683
38.1221
38.5186
38.0286
39.1137
36.9447
36.1503
35.5163
36.0257
35.9824
36.8767
36.2954
36.1591
37.6973
36.9257
36.4247
35.6347
35.1249
34.8801
35.9486
35.6569
36.1444
35.0726
35.8322
35.4684
35.7488
37.0144
35.9590
36.2155
34.5509
33.6571
35.1695
35.6114
36.2733
35.1475
35.8918
36.7006
34.3145
35.7120
37.1334
35.6725
35.7160
34.1758
31.8401
34.5522
35.2616
35.6800
35.7424
35.6716
35.5489
36.9339
36.8498
36.2659
37.4473
36.3269
37.0610
36.6277
37.3761
36.4125
36.1116
36.5959
35.8539
35.9509
35.3170
35.6186
36.7842
34.7849
35.3441
36.2684
36.0348
36.3900
34.9800
34.4257
34.7482
35.4181
35.9460
36.0846
35.6208
34.2853
35.4885
34.7705
34.3994
33.7247
34.2992
32.0984
33.8500
33.1313
32.3495
33.2759
33.8398
33.2176
34.0753
33.8004
35.4270
34.9828
36.5657
36.9380
37.1495
36.0025
37.5652
36.6701
38.0177
36.8986
36.5553
36.2420
37.4020
39.2061
38.8492
38.9136
38.7284
38.2971
37.3763
38.3043
38.0735
36.2234
37.7291
36.2310
36.3100
37.4807
36.1395
36.8497
35.9036
36.8379
36.7788
36.8906
37.4579
36.1947
35.8210
36.3618
36.0703
36.8314
36.4210
35.2368
35.7425
37.6327
37.5385
36.1565
35.0175
36.8123
36.9957
37.0660
35.8201
37.3398
37.1067
36.2525
37.4448
39.2575
38.7096
38.2949
37.0775
37.7423
38.9135
38.3484
38.4005
37.4104
39.4857
38.7190
38.9896
39.0254
40.2779
40.6901
41.0605
41.4442
41.3281
40.9910
42.0600
41.3642
42.3605
42.9024
43.2068
44.2768
42.1967
42.8905
41.5036
40.3046
41.6100
41.4455
41.4689
42.0305
41.8553
42.5972
43.2922
42.6170
42.9385
41.9969
43.0796
43.1795
44.0660
45.8472
46.5604
44.2734
46.2697
45.2652
44.4355
45.5700
45.5750
46.8348
49.0655
47.1348
48.0818
48.1855
48.9333
49.3026
49.7148
49.6909
51.2364
50.5646
51.5121
51.4393
49.8772
49.0550
51.4128
51.7599
52.4211
51.3133
52.8585
52.0570
50.7197
51.1019
50.1852
50.4025
49.8185
49.2954
49.2656
49.4018
48.4100
49.4552
50.1095
50.2648
50.5709
49.9013
51.5024
51.5665
51.0413
49.5269
48.2399
50.0409
49.9052
50.1895
50.8831
49.8096
50.3743
49.8611
51.2162
50.1569
49.6110
48.7917
49.0113
47.7410
48.6921
50.0962
49.3934
49.2311
49.8962
49.3744
49.1716
49.8381
47.5800
47.9263
49.4185
49.0125
49.2164
49.8589
50.6294
50.4141
49.4552
49.5304
49.5975
49.3188
49.4958
48.8358
49.1149
48.8761
49.6528
48.4799
49.2415
47.0611
49.0251
51.3456
50.6021
51.4670
51.6277
52.5911
51.5791
51.6488
51.8393
51.3894
50.4583
51.1398
49.9951
49.8115
50.4115
50.7592
51.0782
49.3228
49.1436
49.2831
49.0121
48.8522
50.3042
50.4070
50.8783
50.1553
49.3730
50.5816
50.5165
49.3575
48.6845
49.6364
51.4569
51.1403
49.9148
50.5558
49.6686
50.1301
50.7962
49.2599
48.4906
49.2675
49.5026
50.6314
51.1942
49.8794
51.4328
51.1788
51.3299
51.0439
51.8252
52.3567
50.2562
51.9867
51.6669
52.6067
52.6899
51.3900
52.1798
52.7885
52.8360
53.3083
53.4536
53.5802
53.7592
54.0537
53.1949
53.0267
53.0824
52.2265
51.8907
52.4375
52.2249
51.1368
51.2337
51.0909
50.8534
50.8409
50.1921
50.8155
50.0387
49.1430
49.3837
51.3770
49.9643
50.1454
49.5763
50.4500
49.8333
50.0093
51.9824
51.6430
50.6656
51.6990
51.3946
52.7603
50.9204
52.8161
52.2759
52.5290
51.1482
53.1427
52.4074
52.5438
51.7945
51.9539
51.8601
53.0202
51.4983
50.5255
51.6551
51.4461
51.2247
51.0791
51.2077
50.3091
53.0088
54.0344
53.7848
53.2278
54.6839
53.0276
53.9382
53.3859
53.4038
55.4075
53.6878
54.9901
54.4870
54.9447
55.3962
55.9222
56.5653
55.2027
56.8383
56.5471
54.6226
55.9679
56.3480
56.0433
55.2666
55.7214
55.3027
54.4308
55.7096
54.0770
55.0055
54.2515
55.5273
56.8004
55.9064
54.8085
54.3882
52.8147
52.7312
49.9735
52.7217
51.9937
53.0153
52.9261
53.4954
53.7202
54.1297
55.4538
55.3328
54.5680
55.3086
55.5436
53.8204
55.2560
55.1422
55.3060
55.8582
56.3390
56.2029
55.6005
57.5118
54.9859
55.5490
54.9577
53.7111
54.1278
56.4105
52.6614
52.8273
52.4156
52.2212
54.2229
53.3770
53.8145
54.7732
54.0965
53.5109
53.0306
54.6341
56.2128
55.9312
56.6906
56.3124
55.6356
56.1217
56.4492
57.2413
54.3494
52.4928
54.6447
54.4761
53.8897
53.6813
52.6613
53.9346
52.0046
53.3173
52.8479
51.8917
51.0820
50.5106
49.6757
51.8056
51.2745
51.2496
50.1027
49.5700
49.3772
49.4514
49.0867
50.7100
52.7298
50.7077
49.1269
48.8684
49.5532
49.4622
49.9221
51.4119
52.0825
52.8263
53.9460
53.4364
53.1302
52.8763
53.9934
54.7880
52.8068
53.4715
53.4936
52.7109
50.3341
50.5622
52.1896
51.7959
53.8349
52.7042
52.4154
51.9029
53.7143
53.5657
54.8853
54.8153
53.7544
53.8073
53.6175
54.6096
55.2840
55.6664
55.0119
55.3749
57.3955
56.4448
56.1130
55.8825
53.8669
53.3016
52.9465
54.6731
54.8193
54.2803
55.3036
53.7580
55.2212
55.7689
54.4515
55.6492
54.0326
52.3534
52.8616
51.6552
54.1584
55.5428
54.0724
54.6548
56.5264
56.6165
57.0966
57.4991
57.7614
57.0534
58.2101
57.5024
57.1788
57.5110
56.2212
57.6611
56.3693
55.4712
54.7325
55.5819
55.8704
54.8864
53.0351
53.9192
54.6779
53.9533
53.3368
52.3044
53.5624
53.0485
52.2862
53.9456
53.6108
52.9968
53.8097
53.1198
53.7603
54.9989
54.9939
56.7807
57.5212
55.9179
55.9164
55.3075
57.5041
58.5069
58.6137
57.5476
57.2136
56.4975
56.9124
59.2696
58.8047
60.0837
59.1354
58.0476
58.4772
57.9118
59.0243
55.7521
56.6394
58.2578
56.4351
56.5542
57.6241
59.5186
58.4423
58.0146
57.1879
58.1262
59.4181
60.8807
60.5937
61.4105
62.5921
61.8580
61.7986
62.2198
61.6118
61.3574
61.7620
59.6239
58.0737
57.4126
58.4323
56.7946
57.1780
58.9633
59.2074
60.4543
61.4850
61.2948
62.1052
62.7950
61.4555
63.1454
61.8302
60.8445
61.5500
60.1152
61.1590
60.9584
59.7931
60.2797
60.1046
59.9251
61.0195
58.2420
59.6233
59.7824
60.6089
60.0094
60.8708
59.5968
60.5030
59.6288
59.4825
60.8064
60.4767
59.8766
60.2647
60.7689
61.5700
60.9003
60.7416
58.6845
60.1652
60.1383
58.8999
59.9503
59.3979
60.1597
60.6976
59.9411
60.4295
62.1258
63.4945
62.5579
62.7642
62.1668
63.0115
61.5996
62.5375
60.8003
62.2712
61.4251
62.9022
61.8560
63.9315
62.7925
62.0030
62.7758
63.2372
62.5637
64.7746
64.1650
63.7582
63.6089
62.5501
63.9836
63.0906
64.9079
64.1421
64.9074
66.4336
65.5740
64.0554
63.9203
64.1651
64.6151
62.9915
61.9427
62.2631
63.7290
63.6967
60.2705
60.7601
61.4655
60.7484
62.3655
62.2256
61.3123
62.7932
61.7151
61.0052
58.8610
61.3454
59.0077
60.9220
59.4074
59.6556
59.7846
61.9896
60.8011
59.5832
60.6163
62.4379
62.6353
63.1172
64.3710
63.3103
64.5603
63.9294
64.1846
61.9934
62.2151
63.6159
64.8731
64.5771
65.5425
66.2406
67.1435
66.7658
67.6001
66.0596
65.9553
65.7665
67.2868
68.4221
68.5256
64.9200
66.1085
64.4840
64.1162
63.4307
63.0010
65.1333
67.8814
66.5191
65.7586
66.0941
64.8272
65.9003
66.0325
67.5004
66.9848
66.1775
66.5091
66.1208
66.3508
66.7908
67.5797
67.1640
67.0008
67.7197
68.2822
67.8232
67.5432
67.4636
67.2289
65.9012
66.5956
67.3774
65.0850
64.7133
66.1180
63.9257
65.0058
64.8420
63.8251
63.8774
65.0194
64.9408
64.7461
64.9044
65.1472
64.3243
64.3140
65.0518
63.6556
64.3880
64.4310
63.4470
65.1738
65.1430
64.3971
66.1416
65.4282
65.2311
66.3659
65.8469
66.5956
66.7979
68.0018
68.3850
67.5785
68.3732
66.4194
67.0046
64.2271
65.2057
64.5183
65.5109
64.5192
64.9138
64.7128
66.2731
65.1369
65.9200
66.4453
65.0053
67.3877
66.8198
67.3783
67.8339
69.6427
67.5627
67.1149
67.5293
67.7870
68.9849
68.5612
67.3928
67.6958
68.9211
68.5577
69.1545
69.6101
67.8199
67.9693
68.6524
67.6885
67.0204
67.5736
66.6894
67.0499
66.8172
68.4378
68.3145
67.0990
67.8628
69.3971
68.3709
67.3485
64.9053
66.7738
66.0496
66.3552
65.9413
65.9541
66.3110
65.0024
64.4215
65.2451
65.0189
65.3746
67.6834
65.9159
65.7005
64.9733
64.4931
67.5256
66.6088
68.3246
69.8797
69.0250
67.2325
67.2980
68.5288
68.3233
67.0707
67.9567
68.2167
66.2765
68.8245
69.5967
71.1365
70.4473
70.3982
72.2660
70.9741
71.7384
69.8975
71.2299
71.1500
71.4364
71.9939
70.2628
69.7068
69.9751
71.0547
68.6606
68.7668
67.1360
69.2426
67.9712
71.1056
69.8531
70.6494
69.6503
70.1382
70.1648
70.0469
69.1921
68.4787
68.2833
69.9711
68.2492
68.8582
69.2492
69.8952
69.0659
69.0233
69.6495
69.6692
70.2465
69.8801
71.0160
71.4766
71.5140
72.1844
71.4807
70.2326
71.0006
71.6368
71.5586
69.6393
72.3905
70.4333
70.3031
70.7939
71.6679
70.8455
70.1032
70.3487
70.8139
69.1476
68.6859
68.1889
67.2599
70.5611
71.4574
71.6701
70.1318
70.1158
69.8080
71.0644
70.7051
70.6748
71.2220
72.9706
72.8076
72.8456
70.1427
68.7450
71.1412
70.1324
69.0643
69.8233
68.6958
69.4085
70.0244
69.5826
67.7075
67.2709
69.3936
66.2982
66.7946
65.9821
65.3852
66.0039
66.8770
65.6877
66.8235
65.8610
67.3521
66.2880
66.7986
66.1240
64.1614
62.1891
63.6842
64.9439
65.6338
62.9197
65.2956
64.3483
63.2641
65.0373
65.4683
64.0579
64.1089
64.9781
65.7895
67.2328
66.1027
67.7147
65.7450
67.1244
67.5465
65.1458
64.9768
66.0868
66.8839
65.6573
65.4539
65.3325
66.0430
66.2741
66.2578
66.6789
65.8319
65.6733
64.4736
65.1894
64.0133
64.9513
63.9420
65.2582
66.4490
68.4095
66.1694
66.7004
66.4441
67.2748
67.1720
68.0622
68.7733
69.5630
69.0551
68.2253
68.7268
70.7230
70.0749
69.8426
69.5155
67.9719
68.8332
68.5502
67.2343
66.6605
67.4491
68.6148
68.2267
68.0638
66.9684
66.7783
66.2818
67.3066
66.3095
68.1598
66.8027
66.5247
65.5589
64.1422
64.6425
65.3533
65.6277
64.9870
64.9663
66.5964
67.1609
68.1572
66.1918
66.1750
66.5472
65.9120
67.2310
67.8658
69.7506
67.9788
66.7686
67.0342
66.1168
68.1661
69.0058
68.2359
68.7586
67.0618
67.0376
68.0927
68.1243
68.3323
68.5755
67.4917
68.7182
67.3873
67.4401
69.1680
70.6480
70.1650
70.0324
69.2963
70.3271
69.7799
70.4072
68.9241
70.5854
70.1691
69.7940
69.1850
68.0649
66.1118
67.3500
67.2175
66.4640
66.7230
67.9837
67.7693
67.2871
68.2203
68.8376
68.7441
69.2255
67.5151
67.6362
66.7815
68.2461
66.7677
66.3726
65.4388
65.9125
67.0265
68.8273
69.3386
67.0273
67.7612
67.1245
67.4328
67.6373
68.8573
68.2303
68.3426
67.8090
66.0265
65.8309
66.3414
65.6708
64.5763
63.4048
63.9999
66.2833
64.4444
63.7377
64.3693
64.2775
64.3020
64.1691
63.5400
62.7280
61.6649
60.6036
61.6529
60.8349
61.3230
61.6575
59.8673
60.9980
59.7744
60.1753
61.9569
60.7940
59.5054
60.6236
60.5043
60.3199
59.4817
59.8105
59.3150
58.5463
60.1139
59.5829
61.6080
61.2681
60.1870
59.8962
59.4753
60.1031
59.2690
60.2254
61.3224
59.1513
56.9511
58.0479
57.9261
56.4157
57.0112
55.7363
55.1419
55.4969
56.0858
55.8004
56.3160
55.3881
55.4005
57.9280
57.4781
56.9283
57.1375
56.8507
56.1084
56.5071
58.4575
58.2993
58.9994
59.5197
60.1309
59.4611
59.8234
59.7923
60.3214
59.5758
60.5260
59.9703
58.7924
58.3052
58.9925
59.0506
60.0620
58.0530
57.6541
59.2968
59.2601
57.1357
57.2553
57.7405
57.3732
57.0821
55.1777
55.4761
54.7487
54.6429
54.3300
54.5257
56.5276
56.0276
55.6986
56.5913
57.8222
57.0242
57.8650
58.8347
58.3726
58.1135
58.0489
57.7718
57.7933
58.1934
58.8415
57.7547
57.4649
57.4694
56.9547
58.9206
57.1118
58.9478
58.9056
58.3443
59.9345
59.5122
58.6345
56.5028
56.6941
58.9478
59.0086
58.1455
58.2041
55.8041
57.1233
56.6893
56.1236
56.2384
56.5427
55.5874
56.4497
55.9917
54.9610
55.5900
56.1588
55.2919
56.4238
57.7076
58.5405
57.8488
59.1292
58.2969
59.3909
58.3119
58.3742
60.0677
58.1503
56.6576
57.5362
56.7044
56.4899
57.5425
55.9700
55.8329
55.2770
54.3689
54.5083
56.1572
57.2670
57.1288
54.7940
55.9310
55.0731
56.5889
56.9508
58.0793
58.1804
57.6890
57.2032
55.8899
54.2132
55.6564
56.4734
57.3330
58.0604
56.2688
57.7754
54.9616
56.7581
55.8901
57.9274
57.1550
56.7396
57.4152
58.6436
56.5479
56.2962
56.5274
56.6334
57.7435
56.9093
55.4489
56.5937
57.2710
56.4076
57.5329
56.5328
57.8317
56.4307
57.1828
57.4836
55.8914
54.5958
55.9896
56.4089
57.4857
58.4211
56.4508
55.5875
55.9557
55.9427
56.4223
56.6935
54.6572
54.9750
54.8971
54.4119
53.9437
54.8733
54.7333
53.6622
53.2216
52.4901
53.1141
52.5214
52.1081
52.3324
53.1997
53.6179
54.4334
54.9719
54.7921
53.1529
53.5763
53.5258
54.7060
55.2353
54.1463
57.2893
56.1543
55.1438
54.4530
54.6000
55.0273
56.2124
55.9430
56.4130
56.3053
55.6084
58.0560
58.2338
56.6068
55.6695
55.8049
55.0812
53.9640
53.7008
55.8165
54.4958
55.8503
55.5527
55.5937
54.6810
56.0720
55.9067
57.4541
56.3246
57.5730
58.0804
60.0035
59.7123
58.7599
58.7290
58.5426
58.7871
58.5145
57.7802
58.8970
59.0488
59.6156
58.2094
59.9805
59.6060
60.1433
60.2087
62.6315
64.0654
62.1155
63.2026
61.7237
61.6790
62.1987
61.9622
63.7195
62.4493
62.9587
62.5474
61.6616
61.7626
61.0931
60.4701
59.3933
59.3796
61.2623
61.2230
62.4900
62.2220
62.3464
62.5911
62.1395
61.1100
63.2504
62.3263
62.6890
60.2176
61.2791
59.9895
61.8716
63.1602
61.6309
60.9929
61.1267
61.8869
62.4126
62.1256
62.9579
63.2040
63.4577
64.2432
63.2098
63.5861
61.6079
62.0213
61.9110
62.4787
60.5105
59.9951
60.1700
60.2732
59.2371
61.0366
61.0304
61.3763
59.9736
59.6885
59.6266
59.8454
60.5252
60.4076
59.8803
60.6930
59.9603
61.1010
60.1423
60.3826
60.4131
60.7129
59.9900
60.9923
60.5477
60.8718
61.3626
60.5683
60.9460
62.2291
62.7221
63.2649
62.7456
63.7187
62.7219
63.9495
63.2038
61.2008
61.5875
62.5049
63.1461
62.2788
60.9026
61.8543
60.6059
59.4392
61.1259
59.5332
58.7499
60.4581
61.3515
60.3888
60.8632
61.5053
58.2208
57.6211
59.5091
61.7864
60.7034
62.1345
61.0320
61.1642
61.4106
62.7091
63.0475
63.1559
63.0399
62.1686
61.8921
62.0154
63.7424
65.8365
62.6785
62.6714
62.2968
61.2001
60.8193
61.1451
59.6433
60.7374
61.3510
60.9582
59.0099
59.4625
60.3227
58.6904
58.6044
58.1306
59.4004
58.8793
58.9438
58.1286
59.5770
58.7250
58.6843
60.5814
58.5859
58.0250
59.8498
58.0783
59.9456
58.0320
59.2695
59.0076
59.1609
59.5919
59.2917
61.1661
61.3622
62.1634
61.9371
62.0824
62.8484
59.7706
61.6483
62.3476
62.0196
62.0244
61.4691
62.5995
62.5102
63.1733
65.1155
65.2818
65.4449
65.1263
65.7137
62.7029
64.1476
65.3858
65.0763
64.2536
65.2264
65.0106
64.0019
64.7620
62.7280
62.4637
63.5084
62.5842
63.2959
63.0304
62.5859
59.7043
60.1325
60.9371
60.5696
60.4676
61.0754
59.5549
61.1221
59.6094
59.8062
60.6602
59.1939
59.0240
58.8144
58.8249
57.6307
56.7016
59.4346
58.3144
57.7235
57.6691
57.7195
58.2248
58.0616
57.6657
58.5352
60.9823
58.2111
59.3946
59.5441
58.7425
60.8560
60.6750
60.9033
58.3912
56.4685
57.9137
57.6755
57.3298
57.6588
58.3511
58.3043
57.6967
57.8826
55.7408
53.0019
54.7359
55.7991
56.2523
55.8579
56.4324
55.0360
57.5438
56.4522
55.2319
56.9842
56.5972
57.5076
57.5629
57.1708
57.0909
57.6580
58.3180
57.2733
57.3682
57.7194
58.6266
59.1902
56.5786
56.9879
57.0720
55.5108
56.6884
56.3290
57.1855
57.1040
57.0580
57.3259
56.4789
56.4292
57.0319
58.3739
58.4574
58.4751
57.7247
59.0252
59.1519
59.3438
58.6181
58.0803
58.1227
57.7268
59.8428
58.0695
57.9947
57.7607
56.4812
56.8105
55.6664
55.8709
55.8285
54.9481
53.4368
55.0345
53.2552
54.3754
54.3322
54.7520
54.2754
53.5853
53.6892
51.6346
51.8419
53.2861
53.5165
54.5753
55.5444
55.9363
56.1667
57.4990
56.4346
58.3774
57.1735
57.3449
57.4848
57.3260
56.3852
55.3085
56.4706
57.4427
57.9415
57.0980
56.4514
55.5792
55.4022
57.2596
57.0334
56.5584
56.3642
56.2078
55.2850
56.6997
56.3481
56.2298
55.2062
52.9750
54.9276
53.5612
54.8743
54.2989
54.0467
54.9352
55.7231
56.1090
54.7661
56.7528
54.3622
54.0986
53.4273
54.6391
53.1860
54.3868
53.0630
50.8750
52.3758
51.1418
52.1296
53.0267
53.1146
53.7681
50.9245
52.0229
51.4149
50.6623
51.9375
52.0945
50.0122
51.6750
51.8308
52.4586
53.5859
53.3358
53.1595
54.2413
53.5833
52.3029
54.4170
53.2103
53.7484
53.0799
53.4661
51.3870
53.0064
53.5657
54.0135
53.5087
54.0309
53.5056
54.4186
53.9660
54.7931
52.7545
54.2638
52.1346
52.5087
52.4520
53.7276
53.0651
53.3249
55.2161
57.0699
57.1530
55.4611
57.8723
58.0617
56.1839
57.5754
57.1336
55.0835
57.3446
56.8803
55.9076
55.0864
55.6579
56.4570
56.6696
55.4901
54.8986
54.7027
55.8769
53.1890
53.4607
52.2459
55.1705
53.4620
53.8351
54.7900
53.4943
53.3333
52.6788
53.0290
53.6223
53.4565
53.6666
52.4748
53.2017
53.8748
52.5582
53.4574
53.8467
52.8535
54.0933
55.6122
54.2001
53.7166
55.4037
54.2983
55.5534
53.6719
54.8572
54.1034
53.1467
53.8873
53.2383
53.2578
52.4898
52.2333
51.4089
51.3384
51.6925
51.6758
50.1849
50.4476
49.6325
51.1446
49.8419
48.5157
50.0104
48.8603
47.6310
47.9148
50.1425
50.6676
50.6152
50.0841
49.5415
49.2326
49.3120
49.7614
48.7452
50.0115
51.3666
50.2372
49.9319
48.9498
48.8274
49.6828
47.4754
48.2776
47.0341
47.2912
47.2427
47.3444
48.1440
47.4320
48.7760
47.4463
45.3770
46.5411
46.8568
46.7258
46.1513
48.5369
47.1091
47.9423
47.4113
46.6795
46.6178
47.3765
47.3537
46.7876
46.4764
48.0231
48.1788
48.0466
47.9383
45.5108
47.9476
46.8900
46.5102
45.9375
46.1245
46.9674
48.2913
47.9948
46.7451
45.3996
46.0923
45.8706
46.3331
46.0851
45.1090
45.8634
46.7816
47.7587
48.8303
49.0646
48.7813
49.2875
49.8588
48.4635
47.3102
47.6287
47.8552
48.8586
48.3119
48.2568
47.2865
48.6931
47.0220
46.1695
45.4816
46.8356
46.2077
48.6115
47.2068
46.6597
47.5094
47.2912
47.5001
47.0111
47.1891
46.5619
48.0183
47.6445
46.7471
47.6537
46.9526
46.2839
47.2451
46.6854
48.8198
47.6828
49.2441
49.1478
47.3520
47.1120
48.4303
47.0092
47.4090
48.1221
48.0889
46.0194
47.3911
44.6822
47.1539
46.3664
47.7143
47.7648
46.8512
47.6693
47.3860
48.5125
48.0013
48.4857
46.5829
46.6078
47.1237
47.5366
46.8675
48.3312
46.9363
46.7669
46.0634
45.3611
45.9540
45.6161
46.2240
46.7434
45.8009
45.8652
45.7891
46.3027
47.0925
47.1992
46.9754
46.9456
44.8673
45.5199
45.4241
44.5319
43.8029
42.9268
43.9099
42.6046
42.8140
42.9112
43.3487
43.0704
43.5801
44.2198
43.1798
44.2650
43.0832
43.9025
44.0850
44.2041
44.0350
43.3594
43.4469
43.7602
42.5123
42.4255
42.5191
43.7578
43.9086
44.4773
44.6630
43.8055
43.9811
44.1026
43.4939
44.1089
42.5839
41.8753
41.8607
42.6803
43.2831
43.7859
44.2269
43.3021
43.3845
44.8965
45.2565
44.4835
45.9589
45.1576
43.5220
44.2356
43.1343
43.7370
45.4510
43.1414
43.9818
44.8869
42.6065
42.5493
42.4485
44.3619
44.5260
44.4807
44.2545
45.8013
46.1677
45.1652
43.2547
44.2972
45.6537
44.0499
45.7297
46.5017
45.5322
45.6144
44.6270
44.1111
44.1750
42.3860
44.2343
42.7454
42.4445
41.7348
43.9461
43.7892
43.0977
43.5991
43.8989
44.8429
44.6773
43.1591
43.3410
42.7023
42.2754
43.0522
43.1207
41.7330
41.8970
42.1514
42.5113
44.1765
42.8442
42.3071
42.4681
41.9065
42.8411
43.4069
42.8335
44.3148
43.0456
41.9986
41.4359
41.0204
41.0850
39.9303
39.6093
41.1447
42.4070
40.1544
40.3341
39.8456
41.9871
40.9799
41.8966
42.0001
40.6739
41.8818
43.2702
44.5037
43.4993
42.7747
43.6066
45.1391
42.8416
44.0714
44.5750
44.3913
43.7490
44.1343
43.2864
43.5059
42.6265
44.6574
45.2636
45.4444
45.0641
44.5377
44.6013
44.2198
43.2419
43.7710
44.0833
43.7310
43.6593
45.0192
45.8834
45.5376
44.4589
44.5507
44.9678
43.9458
44.3237
42.6131
43.2251
43.3298
43.8473
45.0453
44.3147
43.1332
43.6483
41.4990
41.9641
41.7217
42.5848
42.4653
42.6611
44.2867
42.7871
42.5085
43.8097
42.4910
41.9962
42.7925
42.4968
41.7280
41.5003
41.8646
42.4862
42.0087
41.5698
42.0017
42.8923
42.7888
43.5248
43.3946
42.1934
41.7972
42.8718
43.0971
42.8544
42.4735
42.0461
43.3709
42.7193
43.8148
42.5430
42.6596
42.3906
43.1117
43.3742
42.6161
41.5915
41.5317
42.5806
40.4873
41.1775
41.8808
41.0419
41.4373
40.1758
41.1695
42.3768
42.4176
41.1266
42.5558
41.8449
42.9585
43.7913
43.1822
44.1612
43.9785
43.0382
43.9923
45.0195
46.0794
44.0547
44.7592
44.2869
44.1067
43.3457
43.3340
43.4169
42.1439
42.7116
43.5762
41.8256
41.7028
42.2237
42.1193
41.6143
41.7561
42.4160
42.1756
41.7819
41.2757
42.4311
41.9279
41.2491
40.9312
41.2648
40.8782
40.8028
41.3563
40.6485
41.5983
40.8330
41.7722
41.9913
41.5334
43.6289
41.8108
40.6015
42.0658
42.4022
41.1189
41.1203
41.0009
41.6112
41.1562
40.5351
40.9212
41.8073
40.9893
40.1633
40.0431
40.9192
40.2225
38.4687
39.3943
38.5841
38.4279
37.6744
37.9938
39.2432
39.1470
37.7853
37.8509
37.8822
38.7817
37.5812
36.7262
37.6815
38.2023
38.6641
39.1166
37.9632
38.1424
38.6387
40.5535
40.0459
39.8108
39.1943
40.4879
40.4400
39.0983
40.6533
39.3911
39.5350
40.5888
39.6819
41.7161
41.3597
41.5620
41.4670
41.3254
40.8427
41.1132
41.2087
39.5972
40.5081
41.5810
40.8768
41.9193
41.7170
43.7452
42.9256
41.4802
42.1003
41.4353
41.8049
40.2517
40.4192
39.9763
39.5598
41.0240
40.3655
39.7658
41.1680
41.4683
41.3618
40.9486
40.8383
42.2240
41.4551
40.9690
41.4103
42.0105
41.0851
42.5147
41.4368
44.2803
42.2979
43.9007
44.3877
44.6013
43.8796
42.8383
43.4174
42.8787
42.7586
42.0964
44.4386
44.3686
44.2596
44.1538
44.4426
46.2970
45.6254
45.3485
45.2649
46.2311
45.5399
47.0161
47.8426
49.3338
47.4264
47.9160
47.2100
49.3376
48.0115
46.7431
47.9396
47.0799
45.5706
45.3522
45.5768
47.2936
47.0037
46.8877
46.4310
45.9587
46.9195
46.4941
47.3246
45.8676
47.0230
47.0351
45.9735
44.5773
44.6712
45.4020
45.8872
46.3336
48.2353
46.2480
47.5440
45.8448
45.3014
45.1679
47.4758
45.3440
45.8925
42.7225
44.3989
43.8801
43.6086
45.7209
45.6439
43.9047
44.2837
43.5183
42.2116
42.6892
43.4635
42.5721
43.7575
43.5957
44.9687
44.3259
45.1154
45.8529
45.0255
46.8903
47.5673
46.4427
46.2283
48.1041
47.6347
45.9833
46.9133
46.5623
47.8022
46.5035
45.5038
45.9555
46.4837
45.0259
44.4716
44.4452
44.5754
43.3503
43.3585
45.1361
43.6484
45.1067
45.4669
44.0134
44.5169
43.4744
43.0961
43.0048
42.6812
44.1281
44.0808
43.7305
45.2638
44.1483
45.0028
44.7259
46.0180
45.0784
46.8943
47.4947
47.4570
46.6198
46.5968
45.8881
46.4993
45.5308
43.6877
43.6657
42.0841
42.1867
43.0475
42.3460
43.0527
42.6428
41.6045
41.3900
41.0382
42.8406
43.1922
43.5673
42.7477
41.8834
42.7258
41.5317
41.6640
43.6764
43.4805
43.0317
41.2872
41.9624
42.3872
41.4233
42.9492
40.5167
42.1365
42.4163
42.8457
41.8889
41.3191
40.9275
41.0463
41.1639
40.5098
41.2816
40.6827
40.9320
41.4734
40.9651
38.4947
38.1811
38.6948
39.5338
41.2214
41.6063
40.4833
40.2624
40.0302
40.3857
38.8254
40.8013
39.9095
40.1690
40.3937
39.1049
37.8512
38.6088
41.3527
40.0987
41.9368
41.8869
39.4730
39.8515
39.7874
40.4394
40.5244
40.7408
41.2312
40.9307
40.7743
39.5912
40.8864
40.9804
41.4509
42.5751
41.1175
41.5775
42.6032
42.7055
41.8626
43.7868
44.3185
44.9287
43.9131
43.0172
43.7955
43.5771
43.3272
43.4855
43.8046
43.5401
42.9169
44.4955
42.4106
43.7133
42.4540
40.8328
42.4148
42.6594
42.4239
44.1949
43.5802
42.1592
43.1905
43.0811
42.5394
43.8639
42.1133
42.4622
43.8307
44.6287
45.2490
43.1587
44.1432
42.8069
42.5288
43.1502
42.2819
43.0552
43.2786
43.3358
44.4168
42.2565
43.7821
42.7698
42.3258
41.7951
43.9451
41.2315
41.8667
41.7797
42.2898
42.4410
42.6772
41.3788
43.2701
42.7731
43.9723
43.1781
42.7261
42.1383
41.6639
42.5239
41.6670
43.2536
42.3530
41.3552
41.8033
41.9874
42.7265
41.7578
41.0366
40.0600
41.9223
42.4136
43.3350
43.7549
43.3499
43.7455
43.9902
43.2356
44.2783
42.1318
41.5347
43.2028
43.9358
42.4500
44.2167
45.0307
43.2787
44.6197
44.0982
43.5684
43.1592
43.3132
44.9675
44.2951
42.8604
41.8883
42.5782
42.3312
43.5950
44.0348
43.8523
44.0068
41.4025
42.4942
42.9749
44.7854
44.0486
44.6956
44.3342
43.7478
44.2595
43.7454
43.7237
42.6625
43.6201
42.8706
43.5022
42.3769
42.6474
41.0491
41.1385
40.8963
40.4432
41.1867
41.2772
42.9425
41.7668
41.0925
40.2910
41.2367
40.4248
39.4270
39.7757
39.0398
39.4668
40.7489
41.5732
39.9545
41.0612
40.6505
40.6396
41.5835
41.1774
40.0414
41.1432
42.2642
40.8560
40.3978
40.2678
39.4838
39.7520
40.5435
41.2809
39.6126
38.8943
39.7955
38.3402
38.4040
39.3250
38.1737
38.9171
38.1957
37.8554
37.9792
39.8965
38.6068
37.7486
39.1409
38.8970
37.1631
36.1635
38.7509
39.9514
39.9267
40.5290
38.7438
41.1823
39.7049
41.3635
40.0483
41.2980
40.1756
38.7666
37.7303
37.8662
37.4893
40.2811
40.3655
40.2092
39.8850
41.3340
42.6893
41.2301
39.0643
40.2281
38.3416
39.0917
39.5018
39.4885
37.8243
38.0414
38.9604
38.8508
40.5105
39.9915
39.3162
40.2586
40.1373
40.3196
40.5054
39.9059
38.1588
38.8988
38.2712
39.1203
39.3056
38.6941
39.5180
39.3412
39.3133
39.1731
38.6561
37.6762
39.2907
38.2405
38.8097
38.4865
37.3167
36.6917
37.5208
36.9523
35.6261
36.0911
35.5695
34.9937
35.8799
36.5079
37.6045
37.2187
36.8897
37.4882
36.8414
35.4893
36.4484
37.0685
36.6351
38.1790
38.6746
38.7049
38.5538
37.3905
38.7491
39.0084
38.2882
37.7104
38.0168
37.2892
38.2865
37.0215
37.4300
38.8733
39.7299
38.7079
39.0267
38.3926
39.2579
38.3655
39.0238
38.6968
37.9509
36.5518
38.8479
38.8297
38.2850
37.5684
38.6704
37.8023
36.0843
38.1315
38.7100
38.7360
38.6780
39.0450
39.1261
39.5831
38.8055
37.9540
38.1344
39.1302
37.6596
36.7304
38.4871
38.1080
37.6561
37.5034
38.8286
37.7762
37.5113
36.8732
38.3243
38.2997
36.9529
37.4719
38.2839
38.5757
38.6585
37.5352
38.8469
38.4260
38.1604
36.9028
35.7539
36.4064
36.9014
38.7001
38.8405
37.4530
38.4212
39.1366
37.7446
36.7448
37.8029
38.1251
37.2912
38.4542
39.6924
39.7937
40.0080
39.0777
38.1863
37.8912
37.5514
37.6221
37.2379
37.7791
37.4391
36.3287
36.7238
35.9624
35.7987
36.7592
37.6086
38.5569
37.5652
35.9387
37.0447
37.4505
37.1316
36.8952
37.2942
37.6286
38.3688
38.7436
38.0080
37.4153
37.0218
37.3589
38.1813
36.9042
38.3747
38.2447
37.9552
37.4596
36.9172
37.6839
38.1645
37.8060
37.4159
36.6887
36.0579
36.3816
36.0684
34.4048
32.9673
34.6588
34.2224
34.6009
34.3639
35.5687
34.2871
33.6098
33.7886
33.7315
34.8717
34.1814
33.3450
33.9872
35.2827
34.8267
35.2497
35.7774
35.8543
35.2486
34.2936
34.9505
34.3323
34.8986
35.5413
36.3254
35.1205
34.7832
34.5670
35.2347
36.2843
36.6510
36.2026
36.9306
37.0195
36.3694
36.1607
36.1865
36.8061
36.6305
37.9623
36.4266
37.8252
37.1220
38.4092
37.3996
38.7366
38.0048
37.6339
37.8063
38.1167
36.9889
38.1375
38.5369
37.7036
35.8404
35.5838
36.3813
37.1452
36.5746
36.9099
37.5314
36.5041
36.0673
36.3126
34.9391
35.1432
35.2863
35.7340
35.3471
35.7405
33.7221
34.4065
34.4711
34.5650
34.8636
34.4798
34.2930
34.4439
32.9646
33.8646
33.5566
33.4847
33.1464
33.6322
32.8619
31.7819
32.1786
35.4709
35.5279
35.5635
34.6695
35.4941
34.2113
33.7630
34.7114
34.6398
35.6171
35.1771
35.0365
34.9374
35.6396
34.1645
34.0900
34.0607
34.5295
34.9899
34.7997
34.8236
34.4288
34.9801
36.0249
33.7952
35.6100
34.4671
34.5340
33.7553
33.5155
32.5706
31.6316
33.5675
33.9976
34.0089
32.4352
33.1435
33.1106
33.7126
34.0057
32.6492
33.7993
33.6359
34.6496
33.9799
33.9053
34.1160
33.8734
34.5488
32.9889
33.8766
33.7189
33.1925
32.9908
33.2314
33.1673
32.3922
31.9240
31.6066
30.5572
31.2423
31.0976
31.6519
30.6362
30.7338
31.5439
31.3238
30.8044
31.1963
31.3535
30.9456
31.7203
32.2106
31.0272
30.7113
30.6089
30.0419
31.7132
30.9468
31.8206
31.7106
31.7365
31.2980
31.3032
32.6884
30.9454
30.7649
31.1912
32.7314
31.9035
31.8907
31.7451
30.7192
31.7849
32.3760
30.5141
31.3791
31.4426
33.0855
33.9073
33.0526
32.6868
34.0991
33.9958
34.3244
34.7770
35.8420
34.5924
34.9734
35.5190
34.9016
35.3709
36.1281
35.0697
35.8968
35.6540
36.4268
35.1715
36.4155
34.6021
35.3566
34.3002
33.4618
33.6820
32.0555
33.5194
34.6093
34.4263
33.6613
34.1785
34.9895
35.3240
34.4038
33.8576
34.7511
33.3658
34.2178
34.5302
34.6643
35.2384
36.6908
34.9776
34.8943
35.5240
35.3797
35.4123
33.5485
35.7071
35.7757
36.3043
36.4319
36.5685
35.8201
35.4566
35.6560
36.0529
36.0386
36.0784
36.7141
35.7817
35.3251
35.6627
35.1789
34.9965
35.6830
35.8717
35.9757
36.6070
35.2149
37.1772
36.7345
36.8229
36.2467
36.9735
38.3914
38.6556
40.1153
39.1326
37.8113
38.2114
38.1377
38.1047
38.9175
37.9109
38.8063
38.7062
38.4796
38.0495
37.8198
36.7260
37.3954
36.9510
37.7579
36.7354
37.0292
36.4706
37.3292
35.9624
36.7411
36.3794
36.8330
36.6558
36.4507
36.5699
36.2650
35.5928
36.8278
34.8007
34.3333
34.5727
35.7167
35.0155
35.7628
35.3477
35.0726
35.8228
35.1556
35.7628
35.3075
36.4311
34.9516
35.7976
35.2476
35.5470
34.5667
35.3686
35.1161
34.8586
35.4566
35.8082
37.4993
36.9375
37.3472
35.8766
37.3789
36.8962
35.8208
35.7520
37.2351
35.3707
35.0887
36.0578
36.2641
35.6505
36.0701
35.5385
34.3409
34.2458
35.0250
35.4825
35.2533
34.4788
34.2994
35.2100
33.6552
34.0908
36.0230
35.2029
35.1366
35.9710
34.0354
35.3295
36.3174
36.2432
37.0143
37.4015
37.0428
35.7133
35.8442
36.1172
35.6276
34.1599
35.0449
34.3330
34.6262
34.9809
34.8484
35.4340
34.2694
34.0895
35.6152
34.8478
34.1085
35.4925
35.3925
34.6839
35.1809
34.7036
34.8138
36.0191
36.7190
37.3703
36.5007
36.8224
36.4110
35.8154
35.7429
37.3750
35.8363
35.3420
36.2005
37.2090
35.9258
35.5664
35.8974
36.1687
35.7718
35.7015
35.1068
35.6180
36.1685
35.7826
37.3759
36.2174
37.9010
36.1221
36.3849
36.4084
35.5753
35.8373
36.4822
39.1336
35.7430
36.5012
34.6462
35.6983
35.9460
34.3970
35.0396
35.9513
35.2913
36.8934
36.5264
36.5250
36.9256
36.9268
37.1694
36.3624
36.2174
36.4790
36.6094
36.5082
35.8733
37.1570
36.9144
36.1985
36.5366
36.5905
36.7127
36.2110
37.2883
37.6763
37.2855
36.4762
36.1962
36.1312
37.1546
36.2876
35.2553
36.7892
35.6207
35.9042
36.1236
34.4222
35.1672
36.4586
35.8561
35.6959
36.6939
37.0657
36.2821
36.6151
39.0650
37.7988
37.7909
37.7517
37.0402
37.3387
37.7763
37.4957
36.4131
36.5681
36.5315
36.1441
37.6294
37.4004
38.5479
37.1299
37.8379
38.4244
37.7822
37.7498
36.8426
37.0722
38.6519
38.0283
38.0623
38.0936
38.3253
38.1805
38.3751
37.9470
37.2050
39.9389
38.2214
37.7341
37.8802
37.8832
38.1834
38.9346
38.5118
38.5782
37.2944
38.6133
37.3319
36.0664
36.5043
37.0646
36.9922
37.4623
37.7256
35.9982
36.3667
34.5707
35.6970
35.3461
33.2285
34.6521
35.2613
34.6397
33.7064
34.2871
33.8418
33.7578
33.2497
35.0094
35.7059
35.2366
33.6906
33.6675
33.1158
32.7783
32.5389
33.0916
33.9717
34.3865
33.7293
33.8161
35.0222
34.7313
33.0012
33.0596
33.3186
34.7770
33.8709
34.3123
34.7131
35.5400
35.2291
34.5728
34.8842
36.1530
35.4009
36.1362
34.7826
35.1753
35.3613
34.1736
33.6562
35.6109
33.6436
34.9465
35.2319
34.4984
34.0023
33.8155
33.7222
34.4415
34.0569
33.6949
34.1606
32.7231
33.4034
32.8127
32.4516
32.9767
32.1010
32.9234
33.0243
32.6877
31.9640
32.9358
31.9653
30.9327
30.7692
30.6275
30.5570
29.9353
29.7658
29.6448
30.1417
29.5402
29.7887
29.5284
29.5037
30.2840
29.7734
29.3034
29.6308
30.7602
29.6629
30.8335
30.4551
31.2282
31.2934
32.2827
30.7575
32.7560
30.7579
32.6946
32.7850
32.0425
33.0503
34.3823
33.7740
35.4393
35.4450
34.4305
33.6467
32.1537
31.4917
32.1406
31.8666
31.5932
32.4144
33.0103
32.0600
32.6739
31.8115
31.8189
31.8609
32.8104
33.0814
34.8425
33.8822
34.6315
33.0505
33.5896
33.6849
33.5956
34.3067
33.5296
33.1762
33.9299
33.5900
34.8286
34.0928
33.9889
34.1240
34.4771
34.5682
34.8639
34.5592
33.5082
34.2613
34.7406
34.7785
33.7749
33.5469
32.8174
33.0051
33.0665
34.1245
32.8412
32.3122
32.2923
33.1008
31.7656
32.1126
31.5819
30.8675
31.6800
31.0939
30.6748
30.5685
30.9926
30.8468
32.5002
31.2544
31.0482
31.8515
31.9736
30.6353
32.7916
31.9853
31.9426
30.7915
29.9554
29.2023
30.9794
30.9500
30.7059
30.9517
30.5988
31.2570
30.7737
30.4281
32.3696
33.0878
32.4383
32.2155
31.9050
31.6537
31.1705
32.1866
33.0038
32.9607
33.3716
32.5056
32.8118
32.7160
32.4469
31.9730
31.6371
32.6658
31.7425
32.7816
31.9999
32.3571
30.9440
32.3876
31.1825
30.8784
30.7579
29.7254
29.4967
29.2077
29.6855
29.0417
29.7640
30.2396
30.1723
30.4777
30.7306
30.8681
29.3161
28.6631
30.7156
29.6639
29.8770
28.2101
28.9724
28.7711
27.9985
29.4118
27.8801
27.9616
27.5685
27.4884
28.3356
27.5400
28.7104
29.0828
29.8081
29.2409
29.3946
29.5182
29.5870
29.0184
29.8163
30.3445
29.0560
30.2085
28.1721
29.2480
29.4371
31.1726
31.5550
30.1291
30.4701
29.6435
29.7797
30.5596
29.4582
29.5299
29.1005
29.2129
30.3820
30.6748
31.2591
30.1564
30.8512
30.3202
31.7232
32.4867
32.7343
31.4938
29.4791
30.6391
30.0362
29.7220
29.7920
31.0781
30.1868
30.1202
29.2918
29.5586
28.5904
28.0202
27.7817
26.4370
27.2364
27.6439
27.6285
27.6284
27.4491
27.4384
27.6646
28.2578
27.4103
26.8218
27.9769
27.7143
27.1154
28.6634
28.8327
28.4180
27.7743
27.0953
27.5092
27.0521
26.6654
25.5675
25.7278
26.0953
25.3541
26.2700
26.0865
25.7488
25.9271
25.8182
26.5865
26.6620
26.7072
27.6448
27.8329
28.0948
28.4437
27.6941
28.6758
28.0936
28.0705
28.9010
28.2411
29.4495
28.6330
28.9660
29.0133
28.8018
29.9958
29.3610
29.9997
29.6589
29.6166
28.9213
28.9523
28.3217
29.0371
29.1388
28.0004
28.7295
29.0115
27.8961
28.8922
28.1040
29.1529
29.0889
29.8482
29.1661
28.0742
28.4209
28.6525
30.7033
28.3779
26.9717
27.2896
26.2324
26.3119
26.0343
26.7882
27.0912
27.9748
27.3403
27.2720
27.0578
26.8073
26.4144
27.5759
27.0603
27.4266
26.9141
27.0510
26.2013
27.8468
27.0674
27.5591
26.4781
26.6559
26.3360
27.5401
26.8243
26.6183
29.2679
27.1902
26.3979
26.9555
27.8463
26.8187
27.3451
27.5621
27.9695
27.7130
27.9580
28.2800
27.5229
27.5725
26.9174
25.7501
26.4514
26.8425
26.1697
27.4819
27.1757
25.3143
26.4140
27.1036
27.6852
26.9742
28.0238
27.1142
27.0898
26.9910
27.8700
27.3476
27.7952
27.5678
27.7065
27.7454
27.6290
27.9056
27.7904
27.0725
28.1344
27.5242
27.2447
27.7478
27.0079
27.1893
27.0707
26.0984
26.2513
25.6204
27.0616
27.6015
26.6536
26.6650
26.1371
26.4298
27.3117
27.6784
26.5698
26.8732
27.6909
28.1749
28.1518
28.4145
26.7260
27.3546
27.7270
26.9252
26.9577
25.8077
26.7251
26.2015
26.4449
25.2832
25.7243
24.5413
25.8492
25.9201
26.8293
26.4368
27.8388
26.6392
25.1195
26.2165
27.3579
27.1345
26.2008
25.8638
26.4183
26.7877
26.3102
26.8252
26.1993
27.5064
27.7144
26.1234
26.5441
28.5664
28.3534
27.8123
27.9071
28.9588
28.4279
27.7086
27.8996
29.1506
28.6374
29.1182
28.8720
30.1177
28.8177
28.7891
28.4817
28.1054
26.6944
27.8856
28.7866
28.4290
28.8653
28.4867
28.8368
28.2201
26.6459
28.9577
30.3553
28.4345
26.7894
28.4960
28.0808
28.1931
27.4652
27.5934
26.3207
28.3619
27.5038
27.3498
26.9734
27.0786
27.8956
28.2603
28.8195
29.2256
29.9680
30.6316
29.8570
28.7524
29.1586
28.7193
28.3578
29.1661
28.6873
29.4804
29.3862
28.9507
29.6306
30.0807
29.0392
29.9950
30.5212
29.9931
31.0100
29.9055
31.0909
30.2020
30.7286
32.2516
31.5389
31.7908
30.8808
31.7601
31.6499
32.1536
32.1692
31.4878
33.0132
32.1306
31.0507
31.3171
31.4030
30.2027
31.6431
32.1382
33.3858
33.4095
34.8221
33.8223
34.2453
33.3707
33.2217
33.1990
33.3020
33.1936
34.3020
32.7115
33.9039
33.3479
32.7068
32.8227
32.6049
32.8641
31.8971
31.3322
31.8160
31.6892
32.3921
32.4741
31.4950
31.8408
31.5204
30.2834
32.6152
32.3718
31.2713
31.2140
30.9823
30.3992
30.2116
30.5511
30.9689
30.9605
30.4514
31.5569
30.9347
30.9439
30.5560
29.8502
30.6487
28.5197
29.6074
29.1481
29.8233
29.2184
27.5448
28.4483
28.9022
29.2571
28.7898
29.7462
30.4514
31.2160
30.7265
29.3081
29.7977
30.0550
29.7826
29.2284
29.3831
30.1799
28.5105
27.8485
27.5089
28.4151
27.2217
27.1472
27.8629
28.3021
27.2382
26.9833
28.3090
28.8131
28.6584
28.9310
28.1887
27.7699
27.9984
27.8020
27.4062
26.4750
26.5565
26.5989
26.0111
25.6675
25.7782
26.1396
25.4891
26.7518
26.6668
26.2539
26.8826
26.7092
27.5520
26.6189
26.8806
26.4947
26.7335
28.4329
25.8850
27.7029
28.1354
27.9351
28.9013
28.0201
29.0514
28.4652
28.0717
27.3171
29.0851
29.6829
29.5097
29.2849
30.2660
30.4017
29.8436
31.4680
28.9818
29.2511
29.5419
30.4856
28.5025
29.8457
29.0881
29.6408
29.2558
28.4270
30.0109
29.4145
29.9461
28.9262
29.6039
29.9462
29.3861
28.1539
29.7431
30.6892
29.3339
28.5949
28.8140
29.1950
29.3441
28.1784
28.8558
29.7426
29.6202
29.3498
29.3658
29.3553
29.4330
29.9603
28.7198
27.6989
28.6461
28.7280
29.6920
30.0253
29.2689
29.7618
28.9933
29.9862
30.7981
29.8435
30.1980
29.3355
30.5309
29.9436
29.3763
29.9918
29.8796
30.6599
28.9349
28.5018
28.4168
29.9800
29.6317
27.9571
29.2970
28.5849
28.3380
27.6955
27.0528
28.0609
29.0272
27.2004
29.0483
28.5000
28.0765
27.2680
26.8592
27.5214
26.3387
26.3267
26.9902
27.5682
27.1929
28.1977
28.5032
29.0491
29.2408
29.8228
28.9762
27.6301
29.6219
29.5855
29.2102
29.4852
30.1823
30.2114
30.9454
29.9646
29.4396
30.1970
29.3281
29.2595
29.3623
28.0852
27.6571
28.6701
29.9953
30.2208
30.0085
29.3002
28.7703
30.0977
29.3900
29.8291
29.2221
30.5295
30.0816
29.8396
30.0095
31.2712
29.4919
28.1610
29.4147
28.4569
28.6624
29.5098
28.3755
29.3642
28.7281
28.2637
28.2550
29.0726
28.9211
29.4574
28.6068
27.7238
27.9762
27.8131
26.9779
27.4458
27.2980
27.3093
27.3010
27.1588
28.3807
29.2673
28.7252
28.0332
27.0685
28.1414
28.5298
29.2861
28.6908
28.8413
28.3033
29.2927
28.9990
28.6985
28.8544
28.3147
28.6896
29.3291
29.9962
29.2048
29.2559
30.1156
28.9229
28.6452
28.5135
29.5327
29.3701
30.0995
29.4596
29.9194
29.7522
29.2092
29.8106
29.5349
29.2737
28.3734
28.8387
28.3661
27.4212
28.9477
28.9217
29.9215
28.6363
29.2587
30.1380
31.2174
30.7343
30.9249
29.6727
31.3787
31.7463
29.2683
30.2305
29.7521
29.2310
28.3108
28.1908
28.9028
29.8309
29.7883
30.1383
28.7092
27.7165
28.8002
30.1261
29.7264
30.4684
29.6647
29.8077
29.7815
29.0425
29.3820
29.0894
29.3501
30.3084
30.5063
28.8817
30.3723
30.3714
31.5560
30.2908
30.0236
31.0857
31.5581
32.0923
31.5673
30.8818
30.5383
29.8277
30.0410
30.7198
28.9137
28.8523
27.7236
28.8404
28.7364
28.1021
29.0701
28.5372
28.9437
29.0290
27.9145
27.8818
28.2176
29.1654
27.3468
28.4917
29.3121
29.0733
29.5076
29.1731
30.1557
30.0817
29.7669
30.7817
30.4636
30.9670
30.8609
31.4870
30.4593
31.0492
30.6165
29.9436
30.0477
30.1808
28.2784
28.5140
28.0088
28.0514
28.2252
27.6998
28.4667
28.7618
29.7962
28.1540
28.8503
28.5098
28.2767
27.6829
29.9178
29.3351
29.3258
29.5022
29.2305
28.3992
27.1324
28.9407
28.9820
28.8764
28.7361
27.7223
27.8310
28.4570
27.1255
28.3405
28.7010
27.4221
27.2179
28.7953
29.3356
28.3058
28.2045
29.1636
29.6710
28.5319
29.2045
29.1299
29.0715
28.9233
29.8229
28.4772
28.9823
29.8237
30.5587
29.5476
28.7170
30.3306
30.4315
28.9749
28.6551
28.0375
28.3013
29.4284
29.6016
28.8538
29.3981
30.4726
29.4822
29.6500
28.7775
29.5764
29.2883
28.2014
28.4889
28.2423
28.8366
28.7141
27.8585
28.3931
26.8293
28.1871
28.7463
28.3410
29.0539
28.3256
29.2467
27.8868
28.6357
28.3469
29.0071
30.4708
30.5236
28.9769
30.9492
30.7647
28.9664
28.5707
28.0831
29.2628
27.7583
28.0839
28.2442
28.4391
28.3827
29.6398
29.1130
28.5739
27.8227
28.7965
29.0854
27.7736
27.7126
27.7769
28.4804
28.8047
28.0640
28.8358
27.8927
29.2891
30.0840
31.2339
30.3983
30.3289
30.0368
29.8186
30.9037
29.8347
30.9409
32.0831
32.0876
31.4047
31.4486
31.9768
32.6162
31.0658
31.9409
31.9959
31.8833
29.3494
30.8888
32.2813
32.7125
30.3769
32.3313
31.8614
30.6575
31.0310
30.6971
31.3897
32.0707
31.3252
32.0554
31.6388
31.9500
32.1358
31.5849
32.2702
31.7989
32.4913
31.8169
31.9488
31.5767
31.8482
31.4253
32.0523
31.3825
31.4505
32.1265
31.2989
31.9017
32.0073
31.7808
31.4572
31.5675
31.0890
30.4037
29.8628
29.7877
30.6496
29.5262
29.7931
31.3766
31.1314
30.8033
31.0721
30.0616
29.9454
31.0626
29.9982
30.0198
29.4292
30.2934
28.2046
30.2006
29.5039
29.8678
29.6177
30.2049
29.2862
30.9121
31.1544
29.7969
30.1205
30.8025
29.9118
30.2954
28.9366
29.6364
30.8716
32.0311
31.0322
31.1934
30.5870
30.6229
30.3488
31.9483
31.7269
32.7167
32.4489
31.3782
31.3109
31.3150
31.2839
31.0306
29.9617
29.9696
29.8220
29.1155
29.9377
30.2242
30.4381
30.9072
31.7324
31.5144
30.8371
31.4371
32.0523
32.7009
32.8596
31.7670
31.6319
32.3071
30.8864
30.7434
30.6504
29.5644
29.8415
29.8638
32.1426
31.1691
31.7523
31.1659
30.4679
30.4296
30.6741
31.4113
31.1477
31.4476
32.1442
31.3278
31.5619
31.2154
31.9171
31.9606
31.7628
30.8531
30.2005
32.4912
32.9701
33.3083
32.8869
31.7322
31.1899
31.7955
32.0322
31.5050
31.4498
30.8894
32.0494
32.2078
31.6627
32.2394
32.3347
32.0780
31.7368
31.2180
31.5126
31.8859
32.6938
32.4826
31.4555
32.6034
33.5366
33.7760
32.7225
31.7877
30.8194
32.4956
31.1362
32.6792
33.8819
32.5626
31.5428
31.8201
31.8722
31.8840
31.4134
32.3914
33.1179
31.0467
31.2195
31.1151
30.2932
30.7280
32.5554
32.0129
31.4573
33.0998
31.7864
31.8864
31.4659
31.8975
30.8537
31.5736
31.5425
31.6400
31.8760
32.4302
32.0021
32.5211
32.8388
31.3639
32.3663
31.2109
30.8809
31.9954
30.9696
31.7122
31.0230
29.9887
30.3884
30.7571
30.4079
30.0388
30.4136
30.0478
31.2542
31.1410
31.0776
30.7818
31.2627
31.6719
30.6754
31.9673
31.6266
31.4685
31.9419
33.1509
33.4034
33.5821
32.7804
31.9100
31.1755
30.4522
30.8677
31.0775
31.7296
31.9245
30.5696
31.9585
31.7795
31.3315
30.5633
30.6142
32.4296
32.6237
31.6641
32.1254
31.9905
31.2857
31.8361
31.6937
32.8400
32.5891
31.6164
32.8859
33.2762
33.1284
