0.7546
1.0797
1.2504
0.7551
0.9034
0.7897
0.8101
1.0043
0.9088
0.7656
1.0875
1.0118
1.0446
0.8456
1.0654
0.9550
0.7961
0.7698
0.7956
1.0139
0.9390
1.1253
0.9591
0.9324
1.0272
0.8941
0.8679
0.9349
1.1798
1.2111
1.2149
0.8530
0.9792
0.8275
0.9428
1.1108
0.8047
0.8410
1.2971
1.3060
1.3269
1.2001
1.3494
1.3031
1.6654
1.7702
1.4281
1.3322
1.4308
1.4417
1.4034
1.5809
1.6837
1.2954
1.3087
1.2178
1.3741
1.1449
1.3511
1.6178
1.4540
1.2030
0.9177
0.9796
0.8695
0.7812
1.0254
1.0635
1.1062
0.9562
1.5729
0.9997
0.9254
0.8449
0.9989
0.8817
0.8614
0.9583
0.7388
0.7556
0.8385
0.6582
0.9288
0.8970
0.6796
0.9636
1.0465
0.7455
0.9408
1.1697
0.8643
0.9881
0.9656
0.8623
1.1776
0.9832
0.9264
0.9602
0.7958
0.6160
0.5545
0.8441
0.7382
0.7590
0.6001
0.8186
0.5983
0.6374
0.7095
0.7752
0.9229
0.9364
0.8897
0.8896
0.8349
0.9264
0.6626
1.0535
0.8705
0.7589
0.7155
0.7032
0.7562
0.9317
0.8243
0.7871
1.0331
1.2495
1.0442
1.3684
1.2388
1.0555
1.0483
0.7401
0.8057
0.7046
0.8345
0.7552
1.0661
1.1019
1.2070
1.1601
0.8116
0.9289
1.4536
1.2628
1.2563
1.2396
1.6292
1.5770
1.2650
1.2995
1.1370
1.3207
1.5070
1.2464
1.0736
0.8766
0.8614
0.9328
1.4388
1.0424
0.8248
0.8372
0.9344
1.4063
1.3594
1.3137
0.9130
0.8567
1.1800
1.3081
1.0896
1.0995
1.3817
1.1776
0.8891
1.0602
1.0105
1.3647
1.4978
1.4206
1.3337
1.5419
1.7177
1.8372
1.6582
2.0638
1.6791
1.7662
1.4811
1.6812
1.7956
1.6210
1.5296
1.3718
1.4348
1.2517
1.2598
1.3036
1.5671
1.2470
1.3394
1.7115
2.0075
2.0838
1.5684
1.9832
1.8782
2.1377
2.2647
2.1682
2.1701
2.0150
1.9904
2.0493
2.0095
1.8651
2.1076
2.1405
2.5965
2.4101
2.7203
2.8768
2.5651
2.7050
2.7727
2.8334
2.7746
2.8293
2.2996
2.3859
2.2256
2.2800
2.5758
2.5792
2.5729
2.6200
2.4707
2.8374
2.7990
2.6736
2.6030
2.5400
2.6357
2.5813
2.4956
3.0355
2.7780
2.4362
2.6449
2.4202
2.6849
2.8705
2.7848
2.7960
3.0333
3.2478
3.4124
2.9319
2.5901
3.2427
2.6696
2.7659
2.6132
2.8684
2.5662
2.8543
3.2329
3.0346
2.7875
3.0614
3.0446
2.9046
3.0462
2.9412
2.7217
2.8147
3.0439
3.2150
2.8886
2.6730
2.5408
2.4564
2.4736
2.6452
2.6857
2.6893
2.4351
2.3746
2.6732
2.6118
2.5899
3.0444
2.9412
2.8568
2.7514
2.8738
2.3345
2.6890
2.6650
2.8377
2.7497
3.0056
2.8949
2.6299
3.0498
3.0294
2.7463
2.7434
2.5760
2.5814
2.2830
2.2453
1.8907
2.0391
2.2264
2.2038
1.9336
2.1028
2.2060
1.8353
1.8453
1.9367
2.0899
1.8597
1.3845
1.4997
1.2462
1.3137
1.6357
1.5908
1.2276
1.4770
1.3510
1.4199
1.6565
1.3161
1.2401
1.2987
1.5799
1.5257
1.3979
1.2058
1.1349
1.3522
1.5981
1.3959
1.4883
1.2820
1.3981
1.4338
1.4360
1.3225
1.4739
1.1905
1.3123
1.8149
1.5796
1.5048
1.7474
1.6181
1.6043
1.5119
1.6449
1.5383
1.6258
1.1724
1.2558
1.5968
1.8241
1.5639
1.5975
1.6552
1.6577
1.3068
1.5215
1.4983
1.2541
1.2099
1.5876
1.2255
1.3568
1.1971
1.2587
1.6088
1.8866
1.6178
1.1222
1.2717
1.4284
1.2906
1.2454
1.3913
1.4696
1.4264
0.9975
1.1526
0.9677
1.3274
1.5578
1.5824
1.4907
1.2307
1.0986
1.3194
1.5203
1.8033
1.4342
1.1879
1.1539
0.9758
1.0099
0.9888
1.1220
1.1224
1.0949
1.3521
1.1652
0.9978
0.9857
0.9482
0.7531
1.1927
1.0946
1.2820
1.2234
1.3384
1.3442
1.1796
1.4687
1.2482
1.0720
1.4025
1.2304
1.3560
1.4013
1.3175
0.9542
1.1227
0.9003
1.1824
0.9263
0.9721
1.0875
1.1437
1.2502
1.3424
1.2547
1.3071
1.1433
1.0882
1.0944
1.1249
1.1822
1.3581
1.1869
1.1385
1.3535
1.5157
1.6119
1.8249
1.4138
1.3953
1.7130
1.8030
1.5154
1.7797
1.9377
1.7918
1.7616
1.8687
1.4501
1.2088
1.3024
1.2969
1.4884
1.6959
1.5429
1.3842
1.3968
1.5624
1.0713
1.3230
1.2066
1.2139
1.2580
1.1414
1.0764
1.3141
1.4453
1.3085
1.4064
1.6254
1.1805
1.1516
1.3022
1.3249
1.1704
1.1387
1.5680
1.6630
1.6650
1.5368
1.3048
1.5179
1.5733
1.6762
1.3493
1.3100
1.4463
1.5450
1.4131
1.5201
1.8068
1.8787
1.2951
1.4309
1.2512
1.1780
1.4571
1.2769
1.3741
1.9170
1.6576
1.4470
1.1914
1.5992
1.1641
1.1098
1.5811
1.2054
1.2901
1.5043
1.5286
1.4334
1.4559
1.8390
1.5849
1.3199
1.4369
1.4848
1.5360
1.4113
1.1599
1.3479
1.5145
1.3893
1.3049
1.3861
1.3723
1.7521
1.2892
1.4765
0.9828
1.1319
1.1782
1.3025
1.2822
1.7842
1.6011
2.0122
2.0033
2.1934
1.9483
1.4784
1.8015
1.6563
2.0442
1.7548
2.1820
2.0700
2.3428
1.6669
1.5948
1.9026
1.3492
1.4967
1.4716
1.5839
1.9144
1.8525
1.7351
2.2190
1.8456
2.1526
1.8715
1.5702
1.5735
1.6371
1.5920
1.4576
1.6112
1.5899
1.4088
1.5427
2.0217
1.9601
1.9504
1.8245
1.5455
1.4761
1.4534
1.9452
1.2660
1.0945
1.6344
1.1899
1.2176
0.9789
1.0584
1.0275
1.6577
1.6016
2.0602
1.9709
1.5307
1.5492
1.0896
1.3931
1.2118
1.0489
0.9040
0.9101
0.9848
1.2561
1.3953
1.2374
1.0902
1.3154
1.4493
1.0699
1.0209
1.0312
1.4026
1.2351
1.0289
1.1004
1.1329
1.1526
1.1222
0.9515
1.2469
1.1863
0.9184
1.1343
1.2025
1.4503
1.1926
1.4478
1.3608
1.2503
1.6453
1.3511
1.5352
1.5938
1.5172
1.3020
1.4135
1.1647
1.3769
1.1766
1.1496
1.1167
1.1546
1.3904
1.4119
0.9410
1.2401
1.1537
1.2652
1.6067
1.5174
1.5655
1.2803
1.3207
1.2443
1.2257
1.2724
1.3226
1.3238
1.1556
1.6020
1.8750
1.1971
1.2491
1.5034
1.6232
1.6514
1.3625
1.5343
1.7481
1.7011
1.8217
1.7165
1.6071
2.0128
1.8590
1.9407
1.8893
1.5463
1.8201
1.4413
1.1462
0.8645
1.0976
1.1460
0.9068
1.1013
0.9494
1.1925
1.4284
1.3746
1.5475
1.5519
1.3173
1.2876
1.2730
1.3034
1.3072
1.4108
1.5540
1.5640
1.4883
1.5141
1.3674
1.4443
1.2443
0.9905
1.1334
0.9393
1.0066
1.0870
1.0556
1.2140
1.2753
1.1788
1.2272
1.0339
0.8630
1.0409
1.2544
1.2102
0.7970
1.1113
0.6742
1.0916
1.0298
1.0085
0.9687
0.9756
0.8862
0.8805
0.9474
0.9439
0.8977
1.0706
0.9045
1.1422
1.1434
1.1392
0.9641
1.3354
1.0799
1.5282
1.3637
1.7889
1.6241
1.8284
1.8621
2.0067
1.9843
1.9895
2.1018
2.2460
1.6082
1.6474
1.7620
1.8318
1.8742
2.0181
2.1198
2.1252
1.5932
1.3540
1.8553
1.5057
1.5063
1.4958
1.4982
1.5074
1.9364
2.2811
2.4082
2.3021
2.3643
2.3943
2.1687
2.7056
2.2129
2.1019
2.0680
2.4317
2.2883
2.1546
1.8516
1.9045
1.8910
2.3239
2.1613
2.0207
2.2526
2.1560
2.2712
2.0631
2.2273
2.0643
1.7240
1.9636
2.1499
2.0268
2.3551
2.5141
2.6414
2.6048
2.4392
2.0954
2.1596
1.9473
2.2060
2.1793
2.2673
2.3117
2.1822
2.2113
2.1463
2.2827
2.3531
2.5768
2.8425
2.1646
2.3239
2.3105
1.8556
2.4678
2.1820
1.7924
2.2273
2.0765
2.1772
1.7801
1.6112
2.0527
2.0117
1.7402
1.9883
2.0641
1.9840
1.9438
1.8933
1.9373
1.9644
1.6618
1.8185
1.7879
2.1923
2.2429
2.1073
2.0106
1.9980
1.7376
1.7921
1.5457
1.4882
1.4547
1.8383
1.8861
1.5454
1.5903
1.6218
1.6783
1.4701
1.6506
1.6614
1.7806
1.6604
1.4063
1.4479
1.2454
1.5529
1.4445
1.6429
1.2601
1.3766
1.1351
0.7617
1.1236
0.7155
1.0117
0.8600
1.1355
1.0784
1.0503
1.1580
1.3631
1.4528
1.5194
1.5014
1.4826
1.1625
1.7926
1.3857
1.6475
1.3178
1.4626
1.8527
1.7930
1.9433
1.7583
2.3548
1.8977
1.5498
2.0180
1.5818
1.5612
1.6275
1.3606
1.6590
1.7229
1.3155
1.1836
0.8175
1.0243
1.0532
0.9172
1.0535
1.3728
1.2346
1.0879
0.8965
1.4501
1.5551
1.4475
1.9892
1.4612
1.3858
1.1635
1.3063
1.6253
1.8591
1.7041
1.4649
1.2026
1.2875
1.1940
1.2531
1.5774
1.5793
1.5157
1.5688
1.4415
1.4155
1.1758
1.1056
1.2744
1.5688
1.5273
1.4395
1.5740
1.4366
1.7604
1.6248
1.8194
1.4432
1.6584
1.5781
2.0504
1.7516
2.0155
1.8306
1.9059
1.8073
2.1594
1.9234
1.8193
2.1072
1.8715
1.8648
1.7707
2.0277
1.7285
1.6837
1.5000
1.5311
1.3556
1.4636
1.5784
1.7064
1.3129
1.7096
1.9800
1.9916
2.0567
1.9257
1.6335
1.7239
1.5400
1.6776
1.9230
2.0818
1.7365
2.2147
2.0672
1.8087
1.9831
2.5497
2.7775
2.4339
1.9526
2.0999
1.7905
1.7868
1.6710
1.6785
1.7869
2.0261
2.2098
1.4847
1.6049
1.8181
1.8012
1.5156
1.3737
1.4264
1.5506
1.5606
1.3949
1.7969
1.6214
2.0208
1.7256
1.8697
1.8538
1.6507
1.7587
1.3190
1.6513
1.9231
1.8924
1.5124
1.7664
1.3972
1.2303
1.9329
1.8850
2.0378
1.9595
1.7150
1.7986
1.6552
1.7695
1.8450
1.7874
1.6920
1.3605
1.7065
1.8501
1.5762
1.3851
1.2721
1.0856
1.3930
1.6035
1.6321
1.3786
1.8304
1.8539
1.5255
1.4393
1.6771
1.8336
1.9939
1.8564
2.0721
1.6024
1.7068
1.4298
2.0015
1.7255
1.6873
1.8733
1.6883
1.6820
1.4731
1.5552
1.6102
2.1315
2.1355
1.7994
1.8169
2.0198
2.3416
1.8813
2.1680
1.6421
1.8840
1.8990
1.7202
1.6493
2.2288
2.1974
2.2107
2.5541
2.3865
2.3316
2.2366
1.8706
2.3304
1.9984
2.3121
2.0586
2.1996
1.8503
2.0585
1.9919
2.2096
1.8629
2.0243
2.1273
1.8623
1.9213
2.2197
2.0951
2.2849
1.8132
2.0263
1.9954
1.9475
1.9861
1.9770
2.3052
2.1634
2.2750
1.7655
2.0491
2.2180
2.0541
2.0423
1.8473
2.4036
1.8767
1.7243
2.0346
2.1644
2.0192
2.2315
2.1037
2.1725
1.9486
2.4605
2.0316
1.8021
1.7126
1.6672
2.2801
2.1655
1.8495
2.1155
2.0350
1.9994
2.0441
2.0362
2.0718
1.9255
1.5769
1.9935
1.6739
1.7168
1.9201
1.8606
1.8965
1.4084
1.2476
1.3474
1.6798
1.5427
1.2763
1.0929
1.0232
1.0736
0.9474
1.0589
0.8183
0.6949
0.9398
0.7260
0.9692
1.2448
0.9607
1.0034
1.0403
1.2390
0.7976
0.7671
1.0315
1.2100
1.2729
1.3880
1.5400
1.2435
1.3169
1.3044
1.5650
1.3393
1.3723
1.7925
1.7653
1.5323
1.5737
1.4711
1.3307
1.5842
1.5501
1.7192
1.2001
1.4103
1.4601
1.9625
1.3189
1.3564
1.3634
1.0168
1.4195
1.3545
1.5313
1.4036
1.2743
1.1971
0.6838
0.7456
1.2073
1.1502
1.2655
1.0199
1.1157
1.2137
1.3919
1.4124
1.7100
1.6765
1.9561
1.5180
1.4770
1.1431
1.4056
1.7471
1.4317
1.4454
1.4682
1.5935
1.6485
1.5246
1.6327
1.8284
1.8088
1.6479
1.6112
1.8912
1.9225
1.9431
2.2399
1.7955
2.0363
2.2706
2.4531
2.1240
2.3437
1.9295
1.7102
1.7580
1.7529
1.9360
2.5046
2.5535
2.5882
2.7446
2.4461
2.6177
3.0842
2.6890
2.8352
2.4952
2.4442
2.9240
2.4506
2.6868
2.8970
2.2877
2.2519
2.3544
2.3577
2.7009
2.2877
2.3595
2.4130
2.2842
2.3195
1.9837
2.2429
2.2952
2.2569
2.4933
2.4639
2.4705
2.8546
2.1123
2.1425
2.1718
2.0027
2.1593
1.9599
2.0842
2.3905
2.3414
2.0012
2.2744
2.5463
2.4131
2.0539
2.0283
1.8251
1.7388
1.8821
1.8984
2.1330
1.9330
1.9754
1.8279
1.7820
2.3163
2.2493
2.2769
2.5745
2.4103
2.5802
2.3496
2.3916
2.6061
2.6550
2.7672
3.2268
2.6150
2.3528
2.1985
2.1771
2.4057
2.6724
2.5366
2.5515
1.9841
2.0347
1.8258
1.7923
1.9971
2.4315
2.5783
2.4676
2.4298
2.8033
2.9707
2.7585
2.8844
2.6414
2.5283
2.4842
2.9126
2.8568
3.0200
2.9928
2.6870
2.7904
3.4285
3.1477
3.3534
3.2833
2.9201
2.5362
2.6201
2.8849
3.1035
3.2601
3.4262
2.9892
3.1852
2.8750
3.1431
2.8110
2.9748
2.9767
3.1461
3.5398
3.3470
2.7211
2.8273
2.4028
2.4906
2.4211
2.7303
2.3694
3.0258
2.8753
3.0198
2.9972
2.8203
2.8531
3.1086
2.8830
3.1583
2.6617
2.8808
2.9235
2.3512
2.7792
2.7586
2.8586
2.3172
2.6328
2.9455
2.5294
2.3248
2.2280
2.3173
1.9637
2.4010
2.8760
2.6830
2.6467
2.7153
2.8848
2.9257
2.8075
2.9791
2.8924
3.0920
2.6568
2.4928
1.8939
1.8855
2.0849
2.2981
2.0932
2.4031
2.4516
2.7653
2.7117
2.6147
2.8135
2.4078
2.2022
2.3285
2.5479
1.9246
2.0889
1.9341
2.6888
2.1060
1.9817
2.1995
2.3451
2.2093
2.2940
2.3958
2.3416
2.7626
2.3101
2.7440
2.3757
2.0902
2.1562
2.2170
2.3469
2.5843
2.5424
2.1048
2.2189
2.1421
2.5345
2.4919
2.3775
2.3997
2.5353
2.1722
2.1769
2.1116
2.4634
2.2515
2.6473
2.7507
2.8659
2.6946
2.8849
2.6646
2.7786
2.5933
2.3276
2.2308
1.9081
2.0481
2.3097
2.2897
2.2051
2.2057
2.1141
2.3069
2.5279
2.1925
2.2284
2.4615
2.5799
2.3437
2.2930
2.3704
2.6478
2.5852
2.3280
2.2883
2.1491
2.2890
2.1406
1.9477
2.0469
2.0335
2.1136
2.0473
2.2356
1.8341
1.8944
1.5288
1.5171
1.3629
1.5502
1.5580
1.7912
1.8469
1.9655
1.5310
1.2720
1.3028
1.3047
1.3450
1.5011
1.8036
1.6452
1.6093
1.6551
1.6166
1.6333
1.7962
2.2092
2.2424
2.2158
2.2682
2.1296
1.9842
1.8977
2.0375
1.9753
2.0820
1.8366
1.8442
1.7727
1.6594
1.5444
1.7219
1.5180
1.4635
1.3885
1.6820
1.4321
1.7690
1.2510
0.9991
1.3057
1.7763
1.6324
1.8487
1.5683
1.5183
1.4742
1.6568
1.7672
1.5187
1.6694
1.8874
1.6270
1.7699
2.0865
2.2198
2.2594
2.0116
2.1050
2.0570
2.1889
2.3252
1.9924
2.2915
2.2723
2.2756
2.0917
1.7675
2.1815
2.5754
2.3994
2.1409
2.4586
1.9132
2.0321
2.0994
2.0702
1.9302
1.9070
1.4832
1.7041
1.8134
1.7660
2.0611
1.9032
1.9476
1.9453
2.1416
1.9073
1.7712
1.8037
1.6843
2.0296
1.8038
2.0842
2.0586
1.8872
1.8049
1.7978
1.8519
1.9519
2.4137
2.5122
2.3951
2.2007
2.4210
2.0973
2.2858
2.2738
2.3213
2.0910
1.8164
2.1257
2.2061
2.1960
2.3884
2.0485
1.9856
2.5170
2.4868
2.1836
2.3821
2.6951
2.5549
2.0850
2.0995
1.9024
2.0590
2.0574
2.1395
1.9062
2.1328
2.0067
2.0116
2.0800
2.4652
2.5982
2.4202
2.7382
3.0726
2.7780
2.7181
2.9707
2.9018
2.3460
2.4884
2.3688
2.2483
2.2507
2.1137
2.4757
2.5118
2.3881
2.4497
2.5629
2.8416
2.7813
2.7961
2.7817
2.7736
2.5632
2.5265
2.0626
2.1952
2.3272
2.4788
2.4375
2.4499
2.5517
2.2338
2.5852
2.5328
2.9778
3.3003
3.6358
3.2037
2.9975
2.9029
3.0209
2.7006
2.7444
2.3876
2.4772
2.4526
2.2909
2.1380
2.3411
2.7650
2.8650
2.6789
2.6827
2.9289
2.7847
2.7689
2.6727
2.4947
2.4944
2.5069
2.7538
2.6714
2.8339
2.6364
3.2061
3.5291
3.3927
3.2873
3.6076
3.0753
3.0167
3.3337
3.3183
3.2931
3.1260
3.7735
3.5434
3.5588
3.2818
3.3531
3.0735
3.5389
3.1903
2.8975
2.8704
3.2588
2.7481
2.5510
2.7675
2.6682
2.6668
2.4874
2.1527
2.1117
2.4627
2.6620
2.3588
2.7343
2.7371
2.8021
2.8028
2.6364
2.8259
2.4793
2.8380
2.9520
2.8180
3.0368
2.8976
3.3081
3.2523
2.9515
3.1922
3.2730
3.1135
2.5731
2.7710
2.8982
2.8135
2.9447
2.7675
3.0049
3.1907
3.3113
3.2995
2.6861
2.8891
2.5944
2.9593
3.0838
2.9834
3.0118
2.7015
2.9190
2.9055
2.7034
2.6173
2.5700
3.0032
2.7559
2.5735
2.7201
3.1894
3.2388
3.3048
2.9594
3.3567
3.4933
3.3506
3.6384
4.1416
4.2892
3.8095
3.0292
3.1785
3.4384
3.1536
3.5337
3.8667
3.5662
3.7577
3.4922
3.5159
3.6491
3.2453
3.1863
3.3366
3.2848
3.1569
3.5878
3.1536
3.1003
3.3303
3.3405
3.3446
3.4412
3.4694
3.0850
3.1930
3.4903
3.1880
2.9442
2.7051
2.8432
2.5061
2.4966
2.8420
3.0160
2.8924
2.7514
3.1781
3.0450
2.5558
3.3911
3.1839
2.9707
2.3553
2.6804
2.7971
2.9338
3.0384
2.8652
3.0600
2.7781
3.3721
3.2031
3.2841
2.9452
2.9687
3.0973
2.8275
2.8121
2.8269
3.1996
3.2185
3.2983
3.2803
3.3477
3.6847
3.7794
3.5911
3.7278
4.0438
4.1750
3.9334
3.7459
3.5216
3.7392
3.5217
3.7023
3.6625
3.8587
3.8897
3.4870
3.5742
3.6708
3.6035
3.9127
3.5861
3.0129
3.2289
3.3777
3.2831
3.5133
3.2779
3.6723
3.6858
3.4821
3.1763
2.9991
2.9505
3.2623
2.9456
2.8353
2.7626
3.0195
3.1610
2.7935
2.7669
2.3372
2.4728
2.2383
2.4581
2.5348
2.2003
2.0149
2.2909
2.4824
2.6603
2.5977
2.8325
2.9955
2.6575
2.8944
2.8087
2.4964
2.5951
2.7106
2.6613
2.5680
2.6984
2.7825
2.6028
2.6792
2.9798
3.1730
2.9797
2.7568
2.4674
2.6612
2.6920
2.8457
2.5332
2.8717
2.6469
2.8858
2.9029
3.0183
2.6590
2.7380
2.9538
2.6766
2.9828
3.2226
3.0887
3.6300
3.2425
2.9651
3.6199
3.6505
3.9102
3.8704
3.7608
3.5102
3.1661
2.8865
2.9569
3.2815
2.9236
3.1603
3.2299
3.1641
3.3355
2.9421
3.0127
2.9444
2.5831
2.6211
3.1754
3.5819
3.3006
3.2267
3.4044
3.0848
2.8473
3.2174
3.2535
3.3552
3.5779
3.3007
3.2882
3.6536
3.3614
3.2819
3.6694
3.6778
3.4585
3.7348
3.9535
4.0262
4.0076
3.6852
3.6811
3.8119
3.3442
3.4258
3.7440
3.8214
3.4059
3.3633
3.2750
3.6168
3.9167
3.7324
4.2102
3.7556
3.8441
3.9526
3.7273
3.7359
3.5134
3.6443
3.2571
3.3902
3.5657
3.5056
3.6383
3.5901
3.6115
4.3821
4.0818
3.9619
3.9327
4.1305
3.6910
3.4768
3.2556
3.4400
3.1255
3.3414
3.4958
3.4437
2.8391
3.2582
2.9744
2.8945
3.0673
3.1885
3.0886
2.8656
3.0757
2.5698
2.7175
3.1709
2.7639
2.6405
2.5683
2.4725
2.6669
2.8767
2.9081
3.2399
3.4100
3.1574
3.0278
3.2872
3.2813
3.1026
2.8043
3.2778
2.8751
2.9404
3.2518
3.2085
3.1183
2.9667
2.7803
3.1177
3.4202
3.3581
3.4766
3.3768
3.4255
3.5248
3.2402
3.4609
3.3607
3.4102
3.1975
3.1614
2.8108
2.8586
2.7172
2.8313
2.8254
3.0074
3.1835
3.2920
3.5886
3.4863
3.2259
3.2424
3.0608
3.5694
3.3560
3.5244
3.4214
3.6307
3.1376
3.1461
2.9306
2.9607
2.8433
2.7780
3.1247
3.1388
3.0176
3.3087
3.5065
3.0338
2.7749
3.2274
3.0850
3.0672
2.9005
3.0348
2.9999
3.1261
3.2179
3.4156
3.1902
3.7899
4.0008
3.6389
3.7913
3.8971
3.7266
3.6587
3.4444
3.7101
3.5450
3.9036
3.7446
3.5559
3.1945
2.9868
3.3344
3.2086
3.5224
3.0504
2.9232
3.0463
2.9957
2.9457
2.9796
3.2245
3.4411
3.7107
3.5759
3.4304
3.6147
3.3387
3.2892
3.5440
3.2812
3.1959
3.5105
3.3267
3.2602
3.2211
3.3210
3.3472
3.3714
3.5617
3.4962
3.3792
3.4136
3.1069
3.0928
3.2335
3.2707
3.4515
3.6789
3.4939
3.2079
2.9877
3.1253
3.6623
3.4883
3.4584
3.3108
3.2039
2.9169
2.8918
3.2332
3.1814
3.1934
3.1534
3.3399
3.2360
2.9800
3.2748
3.3550
3.3482
2.8574
3.0253
3.1232
3.1837
2.9251
3.0672
3.0224
3.0309
3.1012
2.9291
3.1753
2.7293
2.8145
2.8034
2.6815
2.7879
3.2737
3.2435
3.4638
3.0324
3.3558
3.1636
3.1293
3.4019
3.5899
3.8193
3.8254
3.8588
3.6166
3.9017
3.7450
3.3699
3.0408
3.4905
4.0020
3.9810
3.8879
3.7344
3.6223
4.0943
3.6738
3.5049
3.5333
2.9192
3.2933
3.6115
3.6256
4.0222
3.9492
3.5201
3.5313
3.7683
3.7384
3.4064
3.6863
3.5414
3.6280
3.5521
3.4365
3.5217
3.3916
3.5629
3.0014
3.1353
2.8551
2.5057
2.8386
3.0306
2.8950
2.8470
2.8678
2.6076
2.7810
3.0973
2.9530
2.6867
3.2800
3.2331
3.1234
2.9705
3.1661
2.9747
2.6194
3.0021
3.0552
3.4146
3.3073
3.2383
3.3060
3.1965
3.4570
4.3581
3.7182
3.6778
3.5411
3.1215
3.1477
2.8809
3.0090
2.6970
2.4967
2.8682
3.0960
3.2705
2.6633
2.2369
2.1293
2.1876
2.0162
1.8207
1.8629
2.0712
1.8813
2.0808
1.7323
1.8933
2.0167
2.2635
2.1646
2.2618
2.3769
2.7025
2.5108
2.2466
2.2467
2.1585
2.6758
2.3221
2.5219
2.7140
2.3690
2.0964
2.4663
2.5885
2.7149
2.7289
2.9267
2.9796
2.5920
2.5490
2.9937
2.5629
2.3535
2.4599
1.9733
2.3552
2.3917
2.1332
2.1153
2.0130
2.4558
2.1871
2.2339
1.8949
1.8629
1.7787
1.9312
1.8125
2.0563
2.0721
1.8715
2.0356
1.9473
2.2611
2.0988
2.0592
1.9317
2.1803
2.0372
2.0664
2.2877
1.9896
2.5162
1.9715
2.3401
2.1747
2.2626
2.2687
1.9373
2.1634
2.2245
1.8748
1.9945
2.0974
1.7879
1.7176
1.5586
1.8165
2.0060
2.0675
1.9701
1.9286
1.9902
2.1478
1.9657
1.8851
2.0170
1.7145
2.1055
2.4216
1.7760
1.8106
1.7625
2.1694
1.8078
1.4897
1.5355
1.6425
1.6967
1.4433
1.6090
1.8066
1.7025
1.8142
1.6969
1.6185
1.6611
1.7198
1.8119
1.6612
1.7120
1.7543
1.9911
2.0240
1.9927
2.2540
2.0842
1.9874
2.4864
2.6485
2.2975
2.5246
2.4390
2.5549
2.2743
1.9999
2.5036
2.4134
2.5853
2.4821
2.4432
2.8279
2.7296
2.7386
2.3237
2.3625
1.8957
1.9677
2.1015
1.7212
1.8678
1.6659
1.8005
1.8490
2.0336
1.8777
1.8277
1.8281
1.8195
2.2636
1.9171
2.0183
1.7188
1.5887
1.6004
1.5571
1.6942
1.8098
1.5684
1.5523
1.3760
1.3074
1.4648
1.4215
1.3180
1.3933
1.5188
1.6028
1.7616
1.8689
1.6934
1.9502
1.9612
2.3788
2.6250
2.0820
1.8126
1.5645
1.6263
1.8549
1.6894
1.7693
2.0543
1.8337
1.8116
1.8264
2.0928
1.7733
1.9062
2.1614
1.8845
2.2541
2.4469
2.0217
1.7535
1.7412
2.1214
1.9165
1.7223
1.7235
1.8476
1.7834
1.7225
2.2728
2.2271
1.9336
2.2247
2.1158
2.2287
2.3141
1.9716
2.3753
2.3735
1.9497
1.8418
1.7541
1.6281
1.6404
1.7637
1.9672
1.8028
1.5236
1.5069
1.6370
1.4760
1.6415
1.6907
1.3454
1.1994
1.4016
1.4410
1.6599
1.5706
2.0165
2.3669
2.3403
2.2228
1.9733
2.2912
2.0024
2.4617
2.1177
2.3473
2.1285
1.7932
2.0880
1.8091
1.8760
1.9579
1.5203
1.2646
1.3784
1.2862
1.3132
1.5012
1.7917
1.7301
1.9394
2.0589
1.6009
1.7696
1.9714
1.8074
1.4823
1.5917
1.8027
1.4727
1.6840
1.6283
2.0219
1.7273
1.5411
1.5848
1.5429
1.2717
1.5541
1.6279
1.4266
1.3261
1.4399
1.3201
1.4064
1.6905
2.0051
1.7536
1.7722
2.0078
1.5128
1.8151
1.6363
1.5608
1.6640
1.4454
1.8319
1.9769
2.0487
1.7119
1.7271
1.8202
1.8025
1.6459
1.6051
1.4585
1.3659
1.4170
1.3113
1.2182
1.2458
1.4314
1.3135
1.3675
1.4553
1.4973
1.4664
1.4012
1.6088
1.4514
1.4267
1.3034
1.1799
1.1984
1.2302
1.1139
1.1082
1.1411
1.1801
1.2827
1.3927
1.3188
1.3737
1.4230
1.4775
1.3874
1.3496
1.5784
1.2568
1.4091
1.4811
1.2651
1.3153
1.3819
1.2776
1.5447
1.7683
1.3918
1.1082
1.1209
1.3095
1.1881
1.2219
1.1730
1.1949
1.4336
1.5376
1.4749
1.4864
1.5560
1.6229
1.7695
2.0197
1.7185
1.4995
1.2791
1.4390
1.4950
1.3468
1.8215
1.4978
1.5341
1.3951
1.3921
1.7339
1.5900
1.6886
1.5522
1.7115
1.5430
1.6005
1.7841
1.7652
1.7326
1.6939
1.5053
1.5255
1.3483
1.4125
1.0284
1.3178
1.3667
1.5850
1.4695
1.5336
1.6631
1.4317
1.7511
1.4486
1.6726
1.6228
1.3966
1.3490
1.5385
1.4599
1.9837
1.9166
1.5892
1.7750
1.7884
1.9245
2.0799
1.9426
2.4629
2.0181
1.9175
1.7676
1.6568
1.9750
2.1491
2.2640
2.1001
2.1275
2.3641
2.5234
2.4058
2.4532
2.2948
2.4115
2.0430
2.0863
1.9988
1.6596
1.6923
1.7941
2.3200
2.1546
1.9626
2.3821
1.7467
1.7991
1.9212
1.7433
2.2302
2.1582
1.7389
1.8816
1.6937
1.7103
1.4843
1.4071
1.2851
1.3175
1.1228
1.4177
1.7409
1.8966
1.6827
1.5774
1.7131
1.8723
1.7678
1.7867
1.4642
1.5674
1.5539
1.6802
1.8402
1.6769
1.7791
1.4919
1.7519
1.8762
1.9498
1.6979
1.6862
1.6860
1.6811
1.5605
1.2808
1.5515
1.3693
1.3537
1.5225
1.5257
1.6075
1.5995
1.6988
1.7736
1.6537
1.5985
1.6728
1.8573
1.6251
1.7203
1.6408
1.4818
1.6255
1.7469
1.4974
1.6249
1.8409
1.5761
1.6395
1.0427
1.7837
1.2326
1.4512
1.6680
1.5560
1.7037
1.4539
1.3869
1.7518
1.8035
1.4326
1.3228
1.4414
1.3545
1.4659
1.3545
1.4969
1.2577
1.2321
1.3531
1.1650
1.0075
1.1457
0.9565
0.9460
1.0380
1.1932
1.1136
1.1871
1.2755
1.2356
1.4190
1.0714
1.2042
1.3447
1.2845
1.3547
1.3902
1.2731
1.4408
1.2905
1.3340
1.3717
1.3313
1.1584
1.3866
1.4878
1.3290
1.3768
1.2542
1.0737
1.1455
1.3923
1.3206
1.4890
1.3618
1.5057
1.4852
0.9587
1.1360
1.2323
1.1675
1.4798
1.3219
1.2664
1.1762
1.3071
1.3002
1.2545
1.3128
1.7183
1.6870
1.7265
1.3441
1.2764
1.1255
1.1836
1.4989
1.6423
1.5046
1.7492
1.9265
1.5704
1.8133
1.5058
1.1546
1.4622
1.5266
1.4263
1.3415
1.3806
1.5288
1.4690
1.3311
1.8110
1.6839
1.3609
1.3983
1.9064
1.7307
1.7590
1.5281
1.6842
1.6221
1.5958
1.9965
1.5549
1.6690
1.6537
1.9210
1.8875
2.1310
1.6995
1.6847
1.3748
1.7210
1.6144
1.8701
1.5596
1.4687
1.2826
1.4319
1.2737
1.3709
1.5666
1.1799
1.3516
1.2453
1.1902
1.1160
1.1709
1.0500
1.1327
0.9783
1.3610
1.2419
1.2151
1.2632
1.5743
1.4684
1.7799
1.7602
2.3900
2.1081
1.8762
2.4046
1.6635
2.1059
1.9966
2.1018
2.1433
1.8631
1.7420
1.8435
1.6650
1.8840
2.2296
1.9135
1.8267
1.9031
1.5140
2.0290
1.6497
1.9517
1.6249
1.8056
1.6980
1.4922
1.4310
1.4690
2.0053
1.6826
1.5362
1.5987
1.6039
1.8178
1.7455
1.7900
1.6839
1.4827
1.7057
1.6326
1.5039
1.8765
1.5009
1.5015
1.2418
1.0209
1.0532
1.3658
1.1650
1.3012
1.6115
1.4503
1.4079
1.1980
1.1576
1.0696
1.0086
0.9748
1.0833
1.1788
1.1532
1.2002
1.1357
1.3157
1.2107
1.3520
1.2846
1.3036
1.1284
1.1030
0.9773
1.1012
1.1211
1.0766
0.9980
1.0519
0.8545
0.9914
1.1151
1.0989
1.0940
1.0808
1.1218
1.4143
1.3970
1.2651
1.2724
0.9883
1.0380
1.0548
1.2373
1.1731
0.9844
0.7830
1.2257
1.1929
1.0024
0.9609
0.7542
0.9423
0.9644
0.9744
0.8113
1.1771
1.1548
1.2996
1.3587
1.2109
1.3232
1.2488
1.1135
1.2293
1.0811
1.1106
1.1102
1.0926
1.2089
1.2388
1.0524
1.0676
1.4100
1.1666
1.0667
1.1112
1.1011
1.3015
1.3042
1.2757
1.5087
1.2928
1.7293
1.8615
1.5807
1.4099
1.3583
1.6602
1.4111
1.3996
1.3832
1.4962
1.5678
1.4293
1.3578
1.4831
1.4098
1.2086
1.4524
1.4442
1.2778
1.2313
1.7483
1.3888
1.7095
1.7599
1.3928
1.1554
1.1528
1.0001
1.1562
1.5358
1.1821
1.3227
1.3739
1.3582
1.2263
1.5959
1.4477
1.3034
1.2372
1.1927
1.6347
1.4466
1.2440
1.0795
1.0772
1.3070
1.2806
1.5157
1.2815
1.2374
1.2219
1.2268
1.5339
1.0531
1.4432
1.7758
1.4281
1.3519
1.1502
1.3067
1.3986
1.4427
1.3252
1.3741
1.2870
1.4418
1.8117
1.4723
1.3587
1.2759
1.4108
1.3948
1.3756
1.2721
1.6971
1.5332
1.3820
1.5202
1.4268
1.8157
1.9930
1.8422
1.6973
2.0528
2.0526
2.0831
1.8670
1.3938
1.6192
1.4058
1.5101
1.3221
1.2592
1.3443
1.7566
1.0149
0.8017
1.0291
1.2538
1.4090
1.0690
0.9408
1.6038
1.6995
1.4860
1.3168
1.3183
1.2951
1.2580
1.5579
1.6002
1.7598
1.8735
1.4654
1.2837
1.4467
1.9631
1.5147
1.5074
1.5017
1.7464
1.6545
1.6868
1.6652
1.9988
1.5036
1.2790
1.5562
1.7139
1.5795
1.5803
1.7759
1.9114
1.9084
1.5885
1.5666
1.5665
1.5783
1.4700
1.1817
1.3365
1.6182
1.6128
1.4100
1.2964
1.2333
1.4724
1.2917
1.2605
1.1538
1.1634
1.2004
1.1341
1.3082
1.2603
1.1983
1.0232
1.0793
1.1776
0.9806
1.0479
1.2406
1.3159
1.2482
1.5380
1.4308
1.1792
1.4722
1.7300
1.5064
1.4603
1.3873
1.4468
1.4476
1.5965
1.3886
1.2855
1.0039
0.8662
1.0762
0.9637
1.1872
1.1544
1.0963
1.2106
1.2542
1.2143
1.0006
1.4795
1.2236
1.3656
1.1111
1.1589
1.1240
1.3094
1.2591
0.8474
0.9617
1.1574
1.3217
1.2838
1.4185
1.2626
1.6065
1.5219
1.5862
1.6532
1.4379
1.1785
1.2941
1.3804
1.3413
1.3768
1.6377
1.4694
1.7018
1.6397
1.9422
1.6270
1.5851
1.7188
1.7926
1.5045
1.5703
1.5010
1.4495
1.7282
1.4357
1.8362
1.5690
1.3451
1.1556
1.5207
1.5759
1.4263
1.5923
1.3622
1.7120
1.2723
1.5448
1.7619
1.7198
1.5720
1.4411
1.1867
1.2606
1.2808
1.3965
1.7293
1.4603
1.5839
1.2328
1.2309
1.4210
1.5461
1.6092
1.5647
1.5189
1.5972
1.3508
1.4875
1.4895
1.3658
1.2938
1.3834
1.2289
1.3990
1.2484
1.3148
1.1553
1.0112
1.0301
1.1516
1.0939
1.0997
1.2579
1.2973
1.2251
1.3360
0.9684
1.1745
1.2391
1.1334
1.2197
1.2338
1.1381
1.0769
1.0476
1.2296
1.1626
1.2069
1.2399
1.5161
1.2194
1.2749
1.2825
1.4903
1.3874
1.3873
1.6314
1.4194
1.1322
1.3310
1.2994
1.4195
1.5357
1.8533
1.7302
1.5617
1.6393
1.7327
1.7164
1.5731
1.2141
1.3276
1.0330
1.2056
1.3563
1.4302
1.6676
1.4373
1.3517
1.4787
1.3937
1.5675
1.3490
1.0821
0.8176
1.0287
1.2225
1.2686
1.3600
1.1775
1.2110
1.3038
1.2240
1.3190
1.2243
1.1168
1.1876
1.2377
1.1046
1.4992
1.2713
1.3382
0.9466
1.2859
1.3509
1.4027
1.5834
1.6169
1.6148
1.8057
1.4972
1.5921
1.5885
1.5256
1.6385
1.4934
1.2799
1.3282
1.4896
1.6766
1.6546
1.5189
1.5543
1.6496
1.2372
1.5160
1.6066
1.6578
1.7888
1.4008
1.6783
1.5003
1.7054
1.8480
2.0391
2.0476
2.0701
2.0243
1.8005
1.5206
1.7259
1.7378
1.9179
2.1908
1.8228
1.9740
1.8243
1.3619
1.4809
1.3117
0.9358
0.9431
1.1071
0.9483
0.8472
0.9690
0.9027
0.8059
0.9805
0.7904
1.1186
1.0882
1.1810
1.3877
1.4204
1.3597
1.5400
1.7218
1.5101
1.3453
1.4084
1.5644
1.4330
1.4676
1.6892
1.7020
1.5169
1.3837
1.2549
1.3698
1.2343
1.4685
1.4520
1.4610
1.3488
1.5055
1.5239
1.3038
1.4858
1.9478
1.5531
1.5919
1.3898
1.1915
1.5512
1.4487
1.4714
1.3655
1.3015
1.2961
1.5904
1.1491
1.6678
1.5085
1.3742
1.5232
1.5287
1.7007
1.5674
1.2363
1.1309
1.2209
1.0284
1.4158
1.2756
0.9316
0.9506
0.9250
1.2510
1.3412
1.2331
1.2293
1.0494
1.3211
1.2259
1.3571
0.9848
1.1397
1.1573
1.2087
1.0441
1.0522
1.3398
1.3861
1.1900
1.2763
1.4925
1.5514
1.7037
1.7056
1.9307
1.9478
2.2905
2.2403
1.8401
2.2426
2.6493
1.9374
2.1624
1.9982
2.1442
1.7659
1.4025
1.1673
1.3137
1.1359
1.1233
1.0559
1.3959
1.5731
1.4972
1.8147
1.6843
1.3272
1.3819
1.6877
1.9666
1.9115
1.7980
1.7656
1.6544
1.8280
1.2931
1.5160
0.9826
1.1323
1.0697
1.3030
1.3879
1.4526
1.3380
1.1803
1.3621
1.3528
1.2614
1.2115
1.3833
1.5267
1.4872
1.4176
1.2301
1.0328
1.2202
1.0947
1.4166
1.3949
1.4257
1.2149
1.2193
1.4080
1.1810
1.1300
0.9216
0.9302
1.1149
1.2150
1.0817
1.2179
1.2711
1.3933
1.3537
1.3735
1.1500
0.8781
1.0172
0.9457
1.2223
1.1555
0.9344
1.0472
1.0626
1.0230
0.8040
0.7429
0.7973
0.8059
0.8708
0.7256
0.8374
1.0954
1.1963
1.6617
1.6699
1.8014
1.3472
1.4507
1.4214
1.4497
1.3575
1.1960
1.4090
1.2532
1.1915
1.3702
1.3611
1.3035
1.1072
1.1442
1.2208
1.0817
0.6422
0.7725
0.9709
1.2091
0.9890
0.9919
0.8707
1.3003
1.2279
1.1609
1.0413
1.0391
1.0413
1.1233
1.2619
1.2147
1.0539
1.0847
0.9955
0.8168
1.0388
1.3136
1.2522
1.2707
1.3622
1.4905
1.2508
1.5242
1.1444
1.3712
1.1847
1.2460
1.5007
1.6481
1.4433
1.5885
1.6508
1.5055
1.5686
1.6309
1.8564
1.8054
1.6278
1.6784
1.5238
1.6808
1.4782
1.6455
1.4129
1.5513
1.7893
1.7353
1.7020
1.8404
1.8815
1.7975
1.4515
1.5629
1.4237
1.6378
1.3520
1.1787
1.6969
1.6419
1.4804
1.5064
1.3292
1.7393
1.5163
1.1850
1.3482
1.4114
1.4179
1.3289
1.3124
1.4323
1.3510
1.6882
1.4032
1.5806
1.6906
1.7072
1.7776
1.6085
1.5732
1.3444
1.5741
1.3918
1.4335
1.4575
1.8306
1.7836
1.5176
1.7840
1.6258
1.5254
1.4510
1.6248
1.8143
1.6299
1.6695
1.4194
1.1916
1.4784
1.4449
1.4832
1.4201
1.5266
1.4639
1.6092
1.3623
1.4157
1.5393
1.3056
1.1462
1.5171
1.4704
1.5932
1.4436
1.3055
1.1444
1.3737
1.2503
1.4644
1.2757
1.3148
1.2836
1.1288
1.2617
1.2591
1.5421
1.3192
1.3422
1.1519
1.2508
1.2146
1.2521
1.0749
1.3273
1.3472
1.4522
1.3079
1.3435
1.4712
1.5691
1.4594
1.6195
1.5299
1.6252
1.3358
1.7971
1.7553
2.0774
1.8081
1.9011
1.7098
1.8792
1.9533
1.8281
2.1491
1.8357
1.8404
1.7451
2.1459
1.8645
1.8682
2.5475
2.0208
2.0382
2.0047
1.8590
1.7538
1.5256
1.6697
1.6275
1.4873
1.5913
1.5979
1.8822
1.5189
1.5776
2.1097
1.8523
1.7308
2.0699
1.9184
2.2849
2.3374
1.7094
1.6363
1.7307
1.5669
1.4595
1.6130
1.8838
1.7310
1.3691
1.7600
1.7110
1.8875
1.6877
2.3099
2.0219
1.7819
2.1110
2.1524
1.8243
1.8585
1.9215
2.0099
1.7519
2.0692
1.7507
1.5282
1.2865
1.2986
1.3831
1.3921
1.1811
1.3302
1.4804
2.4000
2.3730
2.2525
2.2990
2.0957
1.9627
2.2153
2.3453
2.0709
2.1032
2.2608
2.0429
1.5484
1.6303
1.6740
2.1050
2.1077
2.0343
1.8999
1.7888
1.6654
1.6413
1.6794
1.7371
2.1827
2.0787
2.0388
1.8129
1.7934
2.2579
2.1197
2.3442
2.0934
2.1503
2.3916
2.1522
2.0417
2.1573
2.1205
2.3357
1.9556
1.6619
1.8539
1.8737
1.8657
1.6247
2.0669
1.7824
1.6987
1.8380
1.5478
1.3859
1.8003
1.7481
1.4483
1.3811
1.1712
1.2013
1.5669
1.5634
1.4804
1.5097
1.7540
1.6636
1.6083
1.5679
1.5386
1.4030
1.5030
1.4774
1.1316
0.9917
1.0890
1.1849
0.8399
1.2336
1.2814
1.1849
1.2527
0.9983
1.0954
1.4154
1.2681
0.9098
0.9418
0.9365
1.0646
1.2567
0.9461
1.0184
1.1005
1.1610
1.0920
1.0826
1.2489
1.4914
1.0945
1.4008
1.2838
1.3996
1.1744
1.0578
1.3321
1.1122
1.2378
1.5827
1.2965
1.4842
1.2056
1.2882
1.3949
1.5345
1.4893
1.1964
1.1283
1.3583
1.5612
1.3327
1.1135
1.1789
0.8199
1.0583
1.1749
1.2291
1.4799
1.5327
1.6440
1.5809
1.6551
1.7538
1.6540
2.0702
2.1105
1.9987
1.8568
1.7707
1.5955
1.5752
1.5084
1.8048
1.8321
2.1123
1.6879
1.4434
1.4238
1.8393
1.8856
2.0506
2.2140
2.3537
2.8193
2.5964
2.3794
3.0035
2.6186
2.3162
2.5401
2.4539
2.0929
2.6681
2.5531
2.5959
2.5352
2.0323
2.0302
2.3504
2.3108
2.6186
2.4208
2.2139
2.7875
2.7027
2.6202
2.0725
2.4680
2.2840
2.1141
1.8673
2.1408
1.8389
1.7633
1.7481
1.7243
1.7963
2.0107
2.0414
1.5721
1.8835
2.1056
2.0740
1.9468
1.9196
2.0433
1.8342
1.5981
1.5385
1.7874
1.5972
1.6588
1.5676
1.4500
1.3719
1.6210
1.6683
1.8650
1.6463
1.9000
2.0632
2.0103
2.2642
1.9966
2.0709
2.0294
2.1358
2.2026
1.9043
2.0788
1.7170
2.0014
1.6455
1.7722
2.2389
2.1375
2.3919
1.8602
2.1797
2.0721
2.1637
2.1166
2.5675
2.6764
2.7827
2.6856
2.9892
2.4135
2.4107
2.1612
2.0071
2.2671
2.0256
1.8136
1.4303
1.2817
1.5565
1.8649
1.9917
1.6602
1.4196
1.5010
1.2989
1.5059
2.0039
2.0568
1.3986
1.7170
1.5881
2.2065
2.2546
1.9350
1.7846
1.7337
2.0387
1.8392
1.5785
1.9000
1.8768
1.7020
2.0133
2.0100
1.5717
1.4161
1.5992
1.7924
2.0690
2.0984
1.8144
1.7634
1.7211
1.7857
1.7767
1.7470
1.7575
1.4565
1.5725
1.9678
2.0178
1.7586
1.6851
1.5967
1.1742
1.4948
1.3819
1.6384
2.1206
1.9131
1.2167
1.5337
1.2130
1.5668
1.8064
1.5573
1.2613
1.1322
1.1946
1.3837
1.5460
1.3889
1.3041
1.3140
0.9290
1.2460
1.6904
1.5060
1.4436
1.8494
1.6637
1.7366
1.8301
2.3483
1.7300
1.5515
1.4372
1.6566
1.7575
1.8607
1.4036
1.4026
1.3730
1.3759
1.4288
1.8532
1.8293
1.9834
1.5799
1.6059
1.9448
1.6960
1.6660
1.7257
1.3254
1.7023
1.4661
1.6749
1.9323
1.4589
1.4753
1.4067
1.7403
2.0004
2.0527
1.7591
1.6000
1.7613
1.2635
1.0769
1.4167
1.7649
1.6229
1.3260
1.2814
1.4623
1.4417
1.6093
1.5816
1.4970
1.3102
1.5369
1.3636
1.5938
1.4697
1.2572
1.4430
1.6494
1.9750
1.9978
1.6882
1.7840
1.5267
1.6654
2.0210
2.3669
2.0185
1.9744
2.0939
2.0638
1.8389
1.7512
1.8125
1.7285
2.0738
1.8970
1.7801
1.6895
1.8054
1.7130
1.6158
1.5038
1.6489
1.4347
1.4755
1.4117
2.0862
2.0665
1.8322
1.5787
1.4695
1.6787
1.9333
2.0718
1.9574
1.8903
2.1889
2.2881
2.0526
1.6299
1.7275
1.6095
2.0722
2.2881
2.0874
2.2790
1.8223
1.5848
1.6440
1.5704
1.6514
1.6585
1.7757
1.9040
1.6827
1.3072
1.1588
1.3661
1.4212
0.7514
0.9263
1.3573
1.1916
1.5550
1.5408
1.2284
1.4469
1.4061
1.2613
0.9947
1.2981
1.0897
1.0688
1.2082
0.8751
1.0944
1.1018
1.1553
0.9570
0.9914
1.2119
1.4073
1.6291
1.1769
1.3053
1.5347
1.6152
1.5645
1.5932
1.5886
1.3281
1.3047
1.6370
1.5585
1.4590
1.5198
2.0031
1.9366
2.1878
2.2086
2.3660
2.1385
1.9648
2.1102
2.1380
2.1829
2.0205
1.8298
1.9773
1.8026
2.0279
1.8944
2.3799
2.1575
1.7675
1.9686
1.7744
1.5120
1.7513
2.0092
1.8286
2.1198
2.0178
2.4239
2.2018
2.1630
1.8777
2.0664
1.9469
1.4063
1.7429
1.6845
1.6303
1.9064
1.7707
2.2583
2.4388
1.9698
2.1690
1.9038
2.0033
2.0774
2.1465
1.8963
1.3546
1.3445
1.2930
1.6388
1.5323
1.3295
1.5495
1.5242
1.4553
1.8470
1.9301
1.8425
1.2804
1.4761
1.5528
1.6391
1.4134
1.4473
1.2819
1.4797
1.2022
1.6723
1.5725
1.4809
2.2118
1.8695
1.7940
1.3749
1.3344
1.2158
1.2719
1.2974
1.1784
1.5636
1.4567
2.0378
2.3481
1.8471
1.4569
1.3193
1.5147
1.3326
1.4222
1.2691
1.4033
1.4495
1.4592
1.3066
1.5641
1.6458
1.4883
1.7031
1.3909
1.1168
1.0662
1.3042
1.3024
1.2319
1.2027
1.3559
1.2513
1.0713
1.1819
1.3081
1.2804
1.4132
1.8594
1.4968
1.8478
1.8555
1.5988
2.0688
1.7814
1.8521
1.6666
1.6845
1.9222
2.2096
2.0147
1.8745
2.1841
1.7291
1.9432
1.9820
2.2832
2.1855
2.1550
2.3046
2.0650
2.1563
2.1541
2.0714
2.0555
2.1916
2.1196
2.5124
2.0403
1.6734
1.6399
1.9067
2.1041
1.8719
2.0425
1.9663
2.0828
2.1230
1.8164
1.7504
1.9163
1.8334
1.7575
2.1050
2.1728
2.4557
2.5074
2.2147
2.4467
2.1389
2.4450
2.3228
2.2975
2.2467
2.0583
2.3713
2.2967
2.3173
2.0015
1.8111
1.8035
1.6422
1.6364
1.7234
1.6440
1.7365
1.8353
1.7607
1.4468
1.2512
1.0985
1.5148
1.6560
1.8322
1.7747
2.1852
1.9048
2.0542
1.9562
2.0282
1.9148
2.1264
2.5826
2.7021
2.2038
1.9756
2.0710
2.1737
2.2669
1.5304
1.6257
1.7547
1.6813
1.4796
1.5962
1.3316
1.8081
1.7312
1.7447
1.5877
1.6130
1.5479
1.2633
1.7948
1.8509
1.8427
1.4093
1.1535
1.6795
1.3339
1.2297
1.3066
1.6643
1.5064
1.2312
1.3866
1.3540
1.8368
1.8418
1.6382
1.3042
1.2985
1.1062
1.0852
1.0494
1.5343
1.2097
1.4817
1.4241
1.3467
1.7570
1.3675
1.4361
1.5529
1.6611
1.5662
1.6419
1.6524
1.5208
1.6810
1.6269
1.8326
1.8577
1.7458
1.4616
1.4475
1.5342
1.6364
1.9468
1.7235
2.0309
2.1638
1.8958
1.8110
1.4968
1.2099
1.2745
1.3068
1.3338
1.4579
1.2072
1.4540
1.1669
1.2571
1.3670
1.2930
1.4569
1.3428
1.2632
1.4167
1.5294
1.4715
1.2713
1.4333
1.3118
1.1336
1.1304
1.2162
1.0819
0.9176
1.0599
0.8640
1.0779
1.0517
1.0847
1.4589
1.5839
1.5900
1.4179
1.4775
1.5096
1.4151
1.4255
1.3516
1.3804
1.3566
1.4418
1.3776
1.3293
1.3599
1.2185
1.2228
1.3050
1.5977
1.3598
1.6391
1.8249
1.7394
1.5151
1.6965
1.3296
1.6542
1.4663
1.5714
1.4035
1.5830
1.8060
1.4063
1.6549
1.4637
1.2378
1.5931
1.4392
1.5175
1.6956
1.5531
1.7888
1.7372
1.9908
1.7157
1.9182
1.7655
1.4817
1.7765
1.6666
1.6402
1.4961
1.5837
1.5450
1.1446
1.4119
1.2833
1.5143
1.3376
1.2813
1.3671
1.2151
1.0842
1.4922
1.2932
1.0002
1.1809
1.1030
0.9908
1.1970
1.3970
1.1827
1.0821
0.9465
1.0556
1.2299
1.0874
1.0487
1.2245
1.3524
1.1469
1.2002
1.3896
1.2301
1.2992
1.1808
0.9426
0.8000
0.8214
0.8478
0.8601
1.1256
1.0500
0.8520
0.8542
0.8981
0.8363
1.1525
0.9884
1.1377
1.2214
0.9508
0.9490
1.2121
0.9429
1.0666
1.0005
1.1299
1.1058
1.1251
0.9332
0.8534
1.0817
1.1595
1.1320
1.0503
1.1374
0.8857
1.2106
1.1378
1.1127
1.3573
1.0653
1.4259
1.5013
1.3094
1.2976
1.4670
1.3225
1.1646
0.9954
0.9192
0.9290
1.1122
1.1599
1.2122
1.3254
1.3335
1.2184
1.3528
1.3220
1.3358
1.4108
1.4755
1.5713
1.1971
1.2820
1.2409
1.2434
1.2026
1.0579
0.9069
1.1072
1.2903
1.7228
1.5695
1.2481
1.2093
1.0521
1.4318
1.3752
1.0308
1.3916
1.5250
1.9268
1.9402
1.6743
1.4418
1.2405
1.2746
1.0573
1.5673
1.2080
1.3540
1.2654
1.3843
1.1516
1.0177
1.0496
0.9446
1.1519
1.1620
1.2284
1.2195
1.3399
1.1563
1.3935
1.1682
1.2821
1.3257
1.2994
1.1603
1.2323
1.2381
1.3763
1.4197
1.2676
1.5152
1.4004
1.2615
1.3396
1.2131
1.4715
1.6507
1.6455
1.3393
1.4029
1.2368
1.4004
1.4710
1.1712
1.5712
1.3031
1.3183
1.3820
1.1889
1.3502
0.9860
1.1443
1.5112
1.4046
1.5590
1.2905
1.2168
1.4265
0.9186
1.2076
1.2003
0.9755
1.3646
1.3478
1.2816
1.1287
1.0116
1.3784
1.2960
1.3897
1.5620
1.2832
1.3060
1.3436
1.3276
1.6156
1.5326
1.4367
1.5965
1.3672
1.4462
1.3777
1.3948
1.2723
1.3948
1.2816
1.4391
1.4339
1.5462
1.4074
1.2781
1.3986
1.4979
1.7188
1.7521
1.5750
1.5534
1.2997
1.3303
1.1040
1.0233
1.1170
1.1524
1.4232
1.2907
1.2261
1.2979
1.3773
1.2280
1.3436
1.5199
1.5512
1.2903
1.2423
1.4788
1.6499
1.5463
1.6972
1.7312
1.5617
1.2852
1.8099
1.3732
1.2608
1.2695
1.4771
1.3545
1.1997
1.0156
