2.7879
2.6970
2.8389
2.6360
2.7277
2.9009
2.7820
2.7077
3.0149
3.1182
2.8994
2.8140
2.9352
2.9139
3.0185
3.0534
3.0002
3.0816
2.8816
3.0055
3.0686
3.1922
2.8922
2.8806
3.1986
2.8879
2.9879
3.0202
3.0947
3.0883
2.8140
2.8169
2.8391
2.7013
2.7083
2.6472
3.0026
2.9428
2.9144
2.8142
3.1904
3.1160
2.9800
3.0654
3.0116
3.0999
3.1964
3.1865
3.0866
3.2447
3.0361
2.9548
2.8779
2.8980
2.9290
3.0625
2.9649
2.6203
2.7958
2.8540
2.8894
2.8042
2.8429
2.9197
2.7180
2.8230
2.7945
2.7156
2.8817
2.8958
2.8086
2.9471
3.1378
3.0147
3.0370
3.0406
2.9413
2.9175
2.7214
2.7259
2.7829
2.5257
2.5742
2.6790
2.8664
2.6372
2.6824
2.6699
2.9066
2.6310
2.9572
2.7064
2.5322
2.6143
2.6686
2.7398
2.7984
2.8623
2.6976
2.5439
2.6966
2.8382
2.6088
2.4342
2.6191
2.7575
2.7690
2.5903
2.7254
2.6289
2.3320
2.5746
2.5935
2.6352
2.6982
2.5132
2.5639
2.4847
2.6348
2.3700
2.3904
2.3398
2.6796
2.7498
2.4651
2.7425
2.7039
2.7274
2.6034
2.5539
2.5558
2.4405
2.5471
2.4287
2.4317
2.4116
2.5002
2.3091
2.3623
2.4632
2.6167
2.6006
2.3302
2.2985
2.2475
2.4849
2.5582
2.4024
2.3041
2.6048
2.4040
2.6024
2.3422
2.3916
2.5725
2.8549
2.7583
2.5389
2.7520
2.3980
2.6447
2.4958
2.6136
2.4390
2.7436
2.6763
2.5627
2.6725
2.7919
2.7176
2.7903
3.0690
2.8235
2.7409
2.7177
2.9006
2.6953
2.8889
2.7643
2.8417
3.0142
2.8361
2.9179
2.5638
2.7600
2.6044
2.8698
2.6379
2.7397
2.5072
2.5630
2.5764
2.5681
2.5522
2.6615
2.3892
2.4616
2.4551
2.6041
2.3502
2.3685
2.2352
2.4546
2.3447
2.6288
2.8001
2.7129
2.6106
2.3898
2.5770
2.5610
2.5653
2.7248
2.7352
2.7036
2.7963
2.7108
2.6877
2.9629
2.7415
2.6089
2.5579
2.5035
2.3426
2.4996
2.3964
2.6487
2.5477
2.4730
2.5351
2.5954
2.6239
2.6663
2.7624
2.8393
2.6749
2.5620
2.6666
2.4528
2.6793
2.5591
2.6850
2.5096
2.4316
2.8264
2.8798
2.8552
2.8500
2.7919
2.7454
2.7091
2.7317
2.6369
2.5527
2.7265
2.4659
2.5300
2.6520
2.6665
2.5436
2.4279
2.4355
2.5563
2.3385
2.6441
2.3050
2.3253
2.6373
2.5532
2.4026
2.6355
2.6215
2.7031
2.7029
2.4964
2.5969
2.7599
2.5587
2.6123
2.5051
2.4885
2.6884
2.4777
2.5609
2.5834
2.5235
2.6477
2.5908
2.8061
2.8829
2.7650
2.7507
2.6954
2.8461
2.7141
2.5851
2.6364
2.6930
2.6260
2.6084
2.8592
2.9110
2.7564
2.7924
2.6858
2.7032
2.6535
2.6058
2.6621
2.7015
2.5836
2.6500
2.6456
2.6131
2.5557
2.5365
2.5514
2.5803
2.5188
2.6478
2.6545
2.6438
2.7261
2.8628
2.9732
2.6285
2.7059
2.5773
2.7166
2.5761
2.9089
2.6482
2.7825
2.6597
2.8668
2.8785
3.0251
2.8869
3.1511
3.1770
3.2025
3.1145
3.1678
3.0323
2.8539
2.8654
2.9057
3.0089
3.1877
2.9009
2.8220
2.7335
2.6876
2.8430
3.0969
2.8036
2.4825
2.7105
2.6163
2.9222
2.7348
2.9483
3.0756
3.1179
2.8272
2.8276
2.9549
2.9613
3.0759
3.1332
3.0431
2.9897
3.0177
3.0444
3.0777
3.0442
2.6694
2.6945
2.6628
2.6026
2.9111
2.7901
2.6504
2.8470
2.7957
2.8146
2.9181
2.9590
2.6188
2.8428
2.7834
2.9018
2.8266
2.8306
2.8158
2.9225
3.0548
3.0298
2.9519
2.7963
2.6669
2.6486
2.3684
2.4466
2.5050
2.2705
2.2868
2.2102
2.2869
2.7034
2.6098
2.3428
2.3785
2.5530
2.6766
2.3830
2.4366
2.5487
2.6629
2.5669
2.6122
2.5723
2.5022
2.4748
2.7591
2.7793
2.8579
2.7122
2.8024
2.7690
2.5376
2.6550
2.5139
2.4190
2.1781
2.5544
2.4312
2.4369
2.4293
2.3823
2.1946
2.4269
2.2684
2.4746
2.3846
2.3607
2.4634
2.3572
2.3744
2.6506
2.3990
2.2260
2.3207
2.3571
2.4448
2.5974
2.5990
2.5610
2.6566
2.6841
2.5035
2.7274
2.6929
2.6894
2.5200
2.4356
2.3904
2.3970
2.5186
2.4010
2.4794
2.3834
2.3795
2.6730
2.6845
2.5470
2.7936
2.6592
2.7875
2.6219
2.8427
2.5735
2.6027
2.9937
2.4655
2.4839
2.8294
2.8787
3.0185
2.6095
2.6348
2.8450
2.5100
2.4094
2.3675
2.5042
2.5501
2.7950
3.0241
2.6474
2.6561
2.6525
2.6185
2.7312
2.8001
2.5441
2.4419
2.4462
2.5176
2.6051
2.5893
2.4864
2.7012
2.8559
2.6456
2.4401
2.6918
2.4807
2.5223
2.6331
2.5268
2.3531
2.5734
2.5619
2.4158
2.5610
2.3443
2.7297
2.7750
2.6427
2.5636
2.5368
2.7194
2.7160
2.5568
2.8150
2.9026
2.5719
2.7459
2.5647
2.9932
3.0584
3.1098
2.8210
2.7638
2.8380
2.7725
2.9063
3.2106
2.8563
2.6085
2.7247
2.5786
2.8439
2.5059
2.5275
2.7658
2.5732
2.5672
2.6520
2.4819
2.4043
2.6735
2.6614
2.5782
2.4127
2.5723
2.4600
2.5522
2.6528
2.7933
2.5783
2.6529
2.8635
2.5875
2.6424
2.7258
2.9723
2.7582
2.7195
2.6647
2.6314
2.7011
3.0075
2.9899
2.9516
2.9710
3.0455
3.0234
3.1308
2.7878
2.5105
2.5782
2.6397
2.7038
2.7910
2.8106
2.8651
2.8975
2.6175
2.8795
2.6920
2.8773
2.7189
2.8114
2.6569
2.6587
2.8249
2.4934
2.4417
2.5677
2.6307
2.7358
2.8748
2.7248
2.7104
3.0284
2.8761
2.5563
2.5923
2.6811
2.6892
2.8238
2.5097
2.5815
2.5029
2.6747
2.8282
2.7376
2.7811
2.6316
2.9557
2.8116
2.8411
2.8147
2.8288
3.0637
3.0490
3.1186
2.6425
2.8077
2.8399
2.8256
2.7321
2.8769
2.7332
2.7458
2.8698
3.0736
2.8699
2.8389
2.8687
2.6055
2.8147
2.8091
2.7316
2.7430
2.6029
2.4143
2.5227
2.6212
2.6432
2.6976
2.8820
3.0343
2.9980
2.9744
3.0446
2.9695
3.0008
3.1635
3.2108
2.9703
3.2734
3.2146
3.2390
3.1354
3.1650
2.9890
2.8870
2.9822
2.9942
2.8601
2.7670
3.1778
2.9176
2.8871
2.9178
2.7721
2.9595
2.4243
2.4153
2.7950
2.3521
2.5031
2.4153
2.7286
2.8031
2.9033
2.9113
2.5796
2.8857
2.9196
3.1109
2.8431
2.9067
2.7757
3.0514
2.9417
2.6301
2.9026
2.8227
3.0637
3.1465
3.1401
2.8248
3.0187
2.9282
2.9783
2.8595
2.9586
2.9516
2.9691
2.7543
2.8025
2.7737
2.8660
2.9907
2.9059
2.6370
2.9083
2.9845
3.0555
3.0501
3.1077
2.9894
3.0762
3.0007
3.0486
2.7489
2.8408
3.0875
2.9291
2.7969
2.9530
2.7943
2.9379
2.8902
2.9619
2.8616
2.9574
2.9044
3.1084
2.7237
2.8253
2.7732
2.9811
3.0228
2.9904
3.0447
3.2131
3.0122
3.1480
2.9537
2.8294
2.4333
2.5453
2.5672
2.6241
2.4818
2.5518
2.5686
2.6249
2.6514
2.5071
2.4974
2.6444
2.6509
2.6538
2.6717
2.6095
2.6604
2.7199
2.7813
2.4460
2.3811
2.3238
2.5091
2.4320
2.2620
2.3808
2.4653
2.2627
2.1897
2.2708
2.3637
2.3310
2.4555
2.3609
2.3778
2.4267
2.6471
2.5001
2.3713
2.5356
2.4844
2.4991
2.4973
2.4768
2.4556
2.2499
2.2761
2.4345
2.5398
2.3995
2.5039
2.6304
2.8725
2.5880
2.4430
2.4780
2.4165
2.7738
2.6439
2.4260
2.5485
2.4853
2.5831
2.5035
2.4593
2.4341
2.4353
2.5775
2.7237
2.8890
2.8875
2.8551
2.6839
2.5442
2.3158
2.6257
2.4613
2.7674
2.6797
2.6715
2.7339
2.6225
2.5375
2.5758
2.6305
2.5403
2.4685
2.7404
2.6685
2.4502
2.7028
2.9407
2.7907
2.6379
2.8234
2.6835
2.5874
2.5218
2.6715
2.6525
2.6004
2.7181
2.7405
2.6734
2.7460
2.8362
2.8227
2.6595
2.9565
2.6734
2.6697
2.7494
2.7104
2.4949
2.7236
2.7622
2.5138
2.6691
2.6911
2.6006
2.5437
2.5486
2.7300
2.6211
2.4571
2.7383
2.7176
2.6983
2.6086
2.7062
2.6587
2.6034
2.8087
2.8868
2.9144
2.8801
2.8372
2.7665
2.7219
2.7753
2.8480
2.4605
2.6897
2.5551
2.4633
2.4325
2.3939
2.9989
2.7393
2.7998
2.7523
2.7282
2.3000
2.1932
2.4086
2.5832
2.4646
2.4454
2.4543
2.4266
2.4608
2.5312
2.4738
2.4081
2.6289
2.6116
2.6794
2.6689
2.6492
2.6358
2.7510
2.7452
2.8206
2.8811
2.9346
3.0049
2.8259
2.8323
2.8865
2.7591
2.8198
2.6322
2.8139
2.6249
2.6760
2.8214
3.0645
2.7982
3.2082
3.0768
2.7862
2.9951
2.8418
2.7616
2.6715
3.0081
2.8515
2.7564
2.6085
2.7739
2.5944
2.7971
2.7011
2.7779
2.6606
2.8744
2.7937
2.8814
2.8852
2.7369
2.8882
2.9749
3.0475
3.1115
3.1674
3.0516
3.0961
3.1249
3.0067
2.9581
2.8367
2.6742
2.7903
2.8869
2.7766
2.7185
2.8770
2.6461
2.5741
2.5597
2.4516
2.8423
2.6599
2.3842
2.6589
2.5044
2.4897
2.6681
2.6626
2.3963
2.8896
2.6798
2.7872
2.6242
2.5683
2.8696
2.8548
2.7825
2.5620
2.6385
2.7725
2.7387
2.8312
2.8386
2.6928
2.4584
2.7251
2.7755
2.5407
2.6492
2.7586
2.9433
2.8854
2.7116
2.9572
2.7917
2.6688
2.3954
2.4142
2.4628
2.7433
2.4206
2.5947
2.3300
2.2608
2.5490
2.5794
2.5458
2.5909
2.9100
2.5147
2.2695
2.4910
2.3188
2.5456
2.5028
2.5455
2.8624
2.7022
2.8101
2.6209
2.5673
2.7636
2.7240
2.5060
2.4949
2.7461
2.5906
2.7366
2.6906
2.4694
2.6060
2.2984
2.5421
2.6535
2.5477
2.3214
2.6256
2.5475
2.3960
2.4489
2.6971
2.5053
2.6500
2.6813
2.7503
2.7746
2.5608
2.7135
2.6867
2.6398
2.5871
2.5205
2.5178
2.4830
2.5268
2.5633
2.3890
2.4499
2.5342
2.6497
2.4153
2.5676
2.5599
2.4856
2.5035
2.3888
2.4774
2.4351
2.5942
2.5657
2.5365
2.6375
2.7179
2.6483
2.5123
2.5356
2.5166
2.9183
2.7032
2.6612
2.7055
2.8062
2.7978
2.7439
2.7598
2.5827
2.7460
2.7188
2.7167
2.6559
2.7798
2.9127
2.6554
2.9575
2.8481
2.6622
2.5554
2.5801
2.5294
2.4929
2.4464
2.4609
2.5350
2.3553
2.7791
2.4976
2.3710
2.6292
2.5234
2.5924
2.7934
2.5632
2.5834
2.5037
2.6131
2.5724
2.6393
2.5960
2.4506
2.4963
2.3483
2.2741
2.4170
2.4466
2.4628
2.5935
2.7190
2.6703
2.6116
2.5072
2.7106
2.5180
2.5416
2.5355
2.6277
2.7603
2.6303
2.6069
2.5054
2.5011
2.6285
2.8061
2.7040
2.5513
2.9462
2.7962
2.6974
2.5876
2.8722
2.6453
2.8606
2.9651
3.0393
3.0883
2.8663
2.8861
2.9074
2.9048
2.8157
2.6241
2.8559
3.0208
2.7978
2.8418
2.9707
2.7709
2.7274
2.4743
2.8087
2.8734
3.1337
3.1958
3.1556
2.9498
2.8141
2.8731
2.6698
2.9637
2.7594
3.0957
2.9523
3.0159
2.9349
3.0542
3.1221
3.0818
3.2735
3.1348
3.2828
3.4419
3.2151
3.5627
3.4472
3.1164
3.3029
3.3312
3.3676
3.4064
3.3452
3.3146
3.3229
3.6226
3.3573
3.3895
3.1523
3.2395
3.1438
3.0764
3.2659
3.4955
3.3981
3.2153
3.3171
3.2150
3.0804
3.3508
3.3050
3.2612
3.0811
2.9910
2.8923
3.0023
2.9675
2.9055
3.0245
2.9708
3.0128
3.0710
2.9668
3.1652
3.1319
3.0336
3.1092
2.9552
2.9436
2.5923
2.6207
2.8805
2.9056
2.5830
2.5981
2.7374
2.9884
2.9350
2.8761
2.8469
2.8817
2.7871
3.0761
3.1533
3.1389
3.0766
3.0689
3.1534
3.0949
3.3869
3.3437
2.9921
3.1104
3.0589
3.1445
2.9718
2.9747
3.1685
3.1662
3.4474
3.4017
3.2704
3.3191
3.4096
3.1330
3.2457
3.0490
3.5256
3.3014
3.5726
3.3800
3.4079
3.4460
3.4254
3.3039
2.9913
2.8697
2.9725
3.0014
3.1183
3.1000
3.0126
3.3241
3.2864
3.3442
3.5744
3.4380
3.4980
3.4849
3.4298
3.7147
3.6897
3.4893
3.4313
3.2461
3.2721
3.4031
3.2247
3.2324
3.0173
3.1436
3.1668
3.1733
3.2523
3.4636
3.3923
3.4861
3.5725
3.5648
3.1660
3.1594
3.1712
3.1193
2.9426
3.1769
3.3967
3.2260
3.3002
3.2180
3.1723
3.0318
3.2780
2.8844
2.7580
2.8317
3.0317
2.7864
3.0772
2.9412
3.1934
3.0539
2.9381
2.7708
2.9825
2.8622
2.9230
2.9483
3.1445
3.1361
2.9868
2.7276
2.8909
2.8629
3.3036
3.0627
3.0610
2.8820
3.0006
2.9786
2.9157
2.9175
2.8652
2.8479
2.9701
2.9948
2.9982
3.1607
3.1010
2.8774
2.7662
2.6932
2.6434
2.8124
2.7564
2.7874
2.6945
2.8672
2.6860
2.5459
2.5931
2.7755
2.7613
2.9234
3.0130
2.8678
2.7619
2.7191
2.6888
2.7890
2.8628
2.7395
2.9482
2.9816
3.2411
3.1662
3.0785
2.9116
2.9352
3.2107
2.8605
2.8590
3.1187
2.9997
2.9902
3.0694
2.8797
2.9216
3.0810
2.9012
3.2569
3.2428
3.0132
3.2147
3.1397
2.8405
2.9196
2.6689
2.9378
3.0529
2.9321
2.9069
2.8848
2.9137
2.6818
2.8741
2.7563
2.8086
2.8834
2.7709
2.8875
2.7228
2.8661
3.0132
3.1188
3.0071
2.9419
3.2841
3.2555
3.2331
3.3511
3.3133
3.0432
3.1834
3.1658
3.1723
3.2404
3.3617
3.5910
3.0884
3.1703
3.1315
2.7624
2.8825
2.8014
2.8392
2.8239
2.6514
2.6769
2.8532
3.0213
2.9912
2.9825
2.9119
3.0354
3.2391
3.0441
3.0730
3.0014
2.7876
2.9194
2.9920
3.1529
3.1984
3.3280
3.2073
3.1132
2.9895
2.9944
3.0881
2.9967
3.2113
3.0107
3.0081
2.7716
3.0934
3.0724
3.2807
3.1890
3.2673
3.1183
3.2678
3.0520
3.2200
3.4455
3.1598
3.1371
3.2298
3.0183
3.1317
2.9485
3.0081
2.9898
2.8924
3.0541
2.6820
2.9174
2.8673
2.9612
3.0511
2.9609
2.9614
2.9874
2.6890
2.7826
2.7091
2.7375
2.8435
2.7017
2.7872
2.7721
2.5800
2.5999
2.4830
2.7048
2.6692
2.7846
2.8409
3.0263
2.8237
3.0021
3.0451
3.3995
3.1616
2.9956
3.2506
2.9608
2.9439
3.0364
2.8236
2.9614
2.7120
2.9029
2.9043
3.0422
3.0030
2.8966
3.0065
2.8012
2.9439
2.8671
2.7479
2.7350
2.9125
3.0805
2.9932
2.9858
2.7507
2.6972
3.0798
2.9241
2.9113
2.9991
2.7686
2.8834
2.6792
2.8433
2.5831
2.5458
2.4840
2.4530
2.5525
2.3422
2.5609
2.5650
2.4890
2.5540
2.5246
2.5568
2.5873
2.6398
2.4314
2.4036
2.4302
2.4616
2.6013
2.5029
2.6632
2.5897
2.6252
2.5140
2.7127
2.8485
3.0563
2.6701
2.9610
2.8261
3.1323
3.0599
3.0116
3.1083
3.1655
3.1717
3.2957
3.1834
3.0058
3.3618
3.2543
3.2831
3.1193
3.0559
3.2300
3.3030
3.3218
3.1474
2.8175
3.0838
3.3279
2.9236
2.9291
3.1466
2.7118
3.2747
3.0108
3.2297
3.1881
3.1803
3.1526
2.9321
3.0915
3.1523
3.3755
3.2500
3.4772
3.3189
3.2626
3.2574
3.4574
3.2850
3.2532
3.5036
3.4153
3.2385
3.4813
3.4023
3.2363
3.4574
3.3218
3.2009
3.3154
3.2284
3.3193
3.2408
3.1166
3.0926
3.0253
3.0744
3.0173
3.0461
2.8550
2.9674
2.9325
3.0328
3.0447
2.8355
2.8835
2.9855
2.7190
2.6876
2.5932
2.8589
2.7088
2.8866
2.5921
2.6703
2.8303
3.0549
3.0432
3.1002
2.9961
3.0413
3.1605
2.9037
2.7797
2.9560
3.0036
2.8080
2.9546
3.0584
3.2686
3.3510
3.2942
3.2583
3.1960
3.2157
3.0306
3.1636
3.2616
2.9584
3.2095
3.2747
3.3450
3.3660
3.5540
3.4714
3.3815
3.3338
3.3103
3.5684
3.6526
3.3913
3.3294
3.3655
3.3323
3.2939
3.3696
3.3268
3.2517
3.4355
3.2435
3.3806
3.2577
3.7952
3.7771
3.6816
3.4776
3.5205
3.2349
3.3121
3.2338
3.2061
3.2254
3.5405
3.4521
3.2542
3.2192
3.3790
3.0747
3.0262
3.0017
3.0587
3.2026
2.9212
3.1413
3.1748
3.6018
3.3204
3.2840
3.2551
3.2278
3.0295
3.1894
3.1123
3.1891
3.1003
3.2139
3.0091
3.1609
3.0374
2.9984
3.0763
3.0816
2.8929
3.0724
3.0364
3.3637
3.0260
3.1503
2.9098
2.9554
2.9919
2.7741
2.9213
2.6617
2.7594
3.0675
2.8770
3.0803
3.1361
2.9584
3.0398
2.8850
2.8902
2.8786
2.8388
3.1178
3.1298
3.1940
3.1772
3.1831
2.9894
3.0488
3.3322
2.9258
3.0399
3.1978
3.0885
3.2215
3.0852
3.3313
3.3457
3.2635
3.1210
2.9354
2.9962
3.1746
3.0923
3.2476
3.1292
3.2059
3.0322
3.3651
3.3345
3.4187
3.2408
3.4315
3.2645
3.3607
3.4212
3.1814
3.0815
3.1041
3.0618
3.3620
3.3291
3.3554
3.1661
3.3307
3.1468
3.1247
3.2051
3.1105
3.1775
3.2100
3.2834
3.5190
3.5016
3.1266
3.1395
3.3939
3.4943
3.4679
3.3115
3.1708
3.1398
3.2183
3.0753
3.0924
3.4328
3.4127
3.4113
3.5340
3.4063
3.3132
3.2222
3.4654
3.6713
3.6025
3.4722
3.5925
3.5234
3.4881
3.6144
3.2693
3.3806
3.3464
3.2701
3.4888
3.5574
3.5019
3.0479
2.9194
2.7971
3.0661
2.9000
3.1081
2.9542
2.9735
3.0036
3.0292
2.9901
3.0605
3.0486
3.2092
3.2779
3.2651
2.9761
2.7431
2.9563
2.7735
2.8333
2.9375
3.1360
2.8471
3.0771
3.1623
3.1085
3.1295
2.8776
2.9853
3.0725
3.0007
3.0481
3.3084
3.1966
3.3901
3.3709
3.1145
3.3492
3.2620
3.4930
3.4328
3.0724
3.2015
3.1940
3.1500
3.3527
2.9601
2.9911
2.8946
3.1371
3.2126
3.4410
3.5636
3.5054
3.7195
3.3907
3.3457
3.3753
3.7768
3.9673
3.9366
3.9324
3.4261
3.4586
3.4148
3.3262
3.3071
3.3838
3.2230
3.5468
3.8163
3.8583
3.7336
3.7186
3.6255
3.5384
3.6509
3.5219
3.2426
3.3876
3.5530
3.2401
3.3190
3.3924
3.5171
3.5700
3.4128
3.8360
3.5207
3.8308
3.6094
3.4508
3.3179
3.5691
3.5619
3.2481
3.4260
3.4530
3.5224
3.1368
3.4341
3.4780
3.0878
3.3680
3.6213
3.8025
3.3662
3.1437
3.4273
3.5568
3.4697
3.4723
3.4649
3.7311
3.9934
3.8725
4.1711
3.6941
3.8264
3.5901
3.5133
3.3232
3.3505
3.5964
3.6256
3.4551
3.6749
3.6441
3.2346
3.5969
3.5623
3.6371
3.4209
3.3994
3.6482
3.7931
3.7587
3.5568
3.5283
3.4038
3.3336
3.3105
3.4346
3.4715
3.4791
3.4046
3.4395
3.2602
3.2418
3.3838
3.4143
3.6134
3.2583
3.1834
3.2940
3.3924
3.5495
3.5421
3.4073
3.3653
3.5129
3.5569
3.5607
3.9427
3.8695
3.7010
3.5080
3.5894
3.6497
3.3390
2.9242
3.4202
3.5653
3.6688
3.5397
3.3393
3.4572
3.2383
3.5414
3.3649
3.3571
3.0157
3.2011
3.2202
3.5501
3.6589
3.6060
3.7762
3.6734
3.8553
3.6877
3.5866
3.3065
3.4489
3.7824
3.6908
3.2987
3.3256
3.3867
3.4456
3.3636
3.1172
3.1748
3.1556
3.2380
3.3558
3.2500
3.5558
3.2750
3.3796
3.5440
3.3623
3.2590
3.3637
3.2145
3.1830
3.0242
3.4002
3.3137
3.4222
3.4829
3.3399
3.2795
3.2756
3.2494
3.2215
3.4466
3.2179
3.2369
3.3078
3.5065
3.3315
3.2870
3.1860
3.1835
3.1714
3.0256
3.4521
3.4282
3.2726
3.2684
3.5002
3.2907
3.3649
3.3815
3.5929
3.6098
3.3370
3.7266
3.1620
3.3859
3.5611
3.4373
3.3152
3.4780
3.4719
3.4143
3.5038
3.7404
3.3495
3.5191
3.4399
3.2669
3.4049
3.6030
3.8024
3.7662
3.9411
3.9687
4.1711
4.3463
4.0988
3.6112
3.5557
3.4842
3.4836
3.5267
3.5324
3.6827
3.3711
3.3989
3.2968
3.1462
3.5352
3.4418
3.4683
3.3667
3.4624
3.2687
3.1694
3.5171
3.5649
3.5481
3.3663
3.3271
2.9160
3.1783
3.1007
3.1150
3.0785
3.3466
3.0186
3.0133
2.8767
2.9668
2.8691
2.8850
2.9649
3.2852
3.0434
3.1871
3.1460
3.5081
3.4739
3.3985
3.1406
3.2548
3.0761
3.2351
3.1594
3.1860
3.3793
3.3583
3.3411
3.4186
3.2825
3.0225
3.2174
3.3542
3.4733
3.3058
3.0882
3.4320
3.2897
3.2581
3.4147
3.1942
3.0926
3.1570
3.2462
3.1165
2.9113
2.8939
2.8683
3.1363
3.1958
3.2407
3.3532
3.1818
2.8724
2.9853
3.2848
3.1582
3.0691
2.9657
3.1443
3.2280
3.3460
3.5579
3.8963
3.4864
3.5701
3.5563
3.2917
3.5693
3.2192
3.3110
3.2716
3.1295
2.9891
3.1449
3.2820
3.0885
2.9395
2.9640
3.1396
2.9975
3.0523
3.1949
3.1070
3.2237
3.3336
3.4333
3.3900
3.1895
3.0615
2.9074
3.0629
3.1011
3.1400
3.0586
3.0232
2.9144
2.9960
3.2063
2.9969
3.2794
3.0384
3.2282
3.2081
3.0574
3.1814
3.0951
3.1810
3.1178
3.1288
3.1083
3.0838
3.2669
3.1281
2.9720
2.9789
3.1448
3.0399
3.2485
3.2322
3.1253
3.2050
3.2737
3.4323
3.3723
3.2277
3.2284
3.3522
3.4138
3.1773
3.1469
3.4123
3.2516
3.3169
3.2073
3.4590
3.3448
3.2618
3.4424
3.4916
3.5830
3.4425
3.4613
3.2963
3.1011
3.3102
3.2231
3.3911
3.3373
3.3036
3.5667
3.4104
3.4514
3.3101
3.2607
3.4888
3.1554
3.4292
3.1437
3.3654
3.3355
3.3517
3.5010
3.4838
3.4678
3.2709
3.2157
3.0989
3.2065
3.3803
3.1608
3.3202
3.2338
3.1380
3.1415
3.2997
3.1785
3.0810
3.3915
3.1292
3.0719
3.0597
3.0169
3.2066
3.2796
3.3149
3.3450
3.1135
3.5630
3.5147
3.4198
3.3695
3.7234
3.7550
3.6678
3.5505
3.2926
3.2276
3.1116
3.3096
3.3018
3.3491
3.1962
3.3916
3.4265
3.4758
3.4164
3.4258
3.2873
3.2031
3.5765
3.5480
3.5714
3.3670
3.4221
3.1941
3.2077
3.1666
3.4291
3.5452
3.4686
3.5173
3.4144
3.5864
3.4065
3.3576
3.4636
3.5628
3.3076
3.5585
3.5059
3.6815
3.4634
3.4739
3.6423
3.2058
3.1060
3.1937
3.1916
3.0160
3.1335
3.0325
2.8575
3.0809
3.3252
3.1373
3.0472
3.1945
3.1216
2.9880
2.6904
2.7116
2.5213
2.7503
2.7851
2.6945
2.9843
2.8534
2.9419
2.8728
2.6943
2.8130
2.6540
2.5527
2.4815
2.8704
3.0869
2.8391
2.9062
2.5568
2.6233
2.8443
2.8012
3.0008
2.8215
3.1090
2.8875
2.7539
3.0380
3.1319
3.2437
3.4603
3.4858
3.0542
3.0172
2.9707
3.1044
2.9472
3.0242
2.8098
3.0209
2.8425
2.8424
2.9147
3.1305
3.0925
3.0728
3.1986
3.2920
3.0841
2.8433
3.0388
2.9304
3.0662
3.0035
2.9611
2.9275
2.9569
3.1793
3.2846
3.2020
3.1805
3.0563
3.1248
2.8643
3.0700
2.9779
2.8542
2.7657
2.9445
2.6870
2.8182
3.0290
2.9304
2.9079
3.0970
3.0348
2.9945
2.9217
2.6908
2.8661
2.8126
2.9880
2.9132
2.8802
2.8548
2.8710
3.0508
2.8009
3.1414
3.0909
3.1535
3.2288
2.9384
3.1235
3.1587
2.8544
2.7642
3.1361
3.0104
2.7128
2.9352
2.8077
3.1746
3.0074
2.7910
2.6769
2.8926
2.8344
2.6346
2.7622
3.1867
2.6413
2.8298
2.6253
2.8089
2.6139
2.5567
2.8659
2.9320
2.8277
2.7500
2.9901
2.7509
2.7336
2.8032
2.8321
2.5564
2.6867
2.4668
2.5658
2.8465
3.0027
2.8513
2.6499
2.5499
2.2910
2.4661
2.5381
2.8007
2.9244
2.5843
2.7697
2.8036
2.8558
2.6528
2.6566
2.7938
2.8774
2.7972
2.6684
2.7795
2.6696
2.7922
2.8323
2.7351
2.6593
2.7666
3.0612
3.0755
2.8515
3.0514
3.0820
3.0023
2.7671
2.7661
2.8245
2.9185
2.6943
2.7669
2.7945
2.9337
2.8691
2.9672
2.9628
3.0026
2.8952
2.8920
2.7910
2.8272
2.7389
2.6246
2.6945
2.7167
2.7026
2.8607
2.7118
2.8546
3.0421
2.8607
2.8273
2.7504
2.8163
2.9837
2.7979
2.7263
2.8445
2.9606
2.7961
3.1022
2.7321
2.8431
2.7191
2.8598
2.8866
2.8540
2.8310
2.9181
3.1676
3.0630
3.0214
3.1230
2.9020
2.9754
3.0247
2.6840
2.5914
2.6589
2.6457
2.9653
2.9685
3.0352
2.9791
2.8947
2.7957
2.7733
2.9096
2.8137
2.8479
2.8357
3.0084
2.7240
2.8960
2.9747
2.8118
2.7939
3.0919
2.9644
3.1067
3.0011
3.2765
3.1936
2.9239
2.8674
2.7162
2.7587
2.9490
2.9143
2.8695
3.1720
2.8993
2.9083
2.8666
2.8550
3.0042
2.9320
2.9875
3.0313
2.8522
3.0895
2.9926
3.1331
3.1691
2.8008
3.0982
3.0462
3.1552
3.2215
3.0581
3.1852
3.3414
3.2748
3.1808
3.1852
3.1113
3.4656
3.1347
3.2406
3.2976
3.3026
3.1795
3.1168
3.3503
3.3350
3.3844
3.3341
3.2876
3.1316
3.2098
3.1656
3.2295
3.1799
2.9888
3.2268
3.3416
3.2514
3.2684
3.1480
3.0227
3.2940
3.1333
3.1702
3.1175
3.2272
3.1188
3.0519
3.0931
3.1437
2.8918
3.2394
3.0893
3.0631
2.9850
3.1754
3.2965
3.0811
3.1451
3.1030
3.0457
2.9114
3.1146
3.0844
3.1715
3.2690
3.4179
3.1536
3.0055
3.1188
3.1820
3.3150
3.2897
3.3430
3.3278
3.0811
3.1650
3.2308
3.2934
3.4471
3.1609
3.1204
2.8582
3.0053
3.0336
2.8527
3.1273
3.1267
3.0213
3.1887
3.1767
2.9002
2.9185
3.1420
2.8866
3.0996
3.0408
2.9189
3.1978
3.5194
3.1023
3.0169
2.8048
3.0368
3.1788
3.2109
3.1429
3.3136
3.1810
2.9754
2.8026
2.9578
2.9972
3.1941
3.6043
3.5323
3.3025
3.4717
3.1493
3.2424
3.1293
3.1454
3.0519
2.9703
2.8562
3.1321
3.1077
2.9952
3.0952
2.8665
2.9711
2.9733
2.9392
3.0631
2.9835
3.0497
2.8183
3.1205
2.7727
2.7810
2.8449
2.9735
2.9615
2.9449
2.9344
3.0760
2.7418
2.7406
2.8151
2.7868
2.6861
2.9019
2.8764
3.0816
2.9174
3.1348
2.9922
2.7876
2.8470
2.9117
3.1000
2.8518
2.8623
3.0029
2.9019
2.8600
2.6959
2.7846
2.7626
2.7122
2.7755
2.6610
2.7928
2.7605
2.6844
2.6279
2.5764
2.5929
2.4974
2.4457
2.5748
2.6875
2.6076
2.5314
2.7231
3.0151
2.9690
2.6482
2.5652
2.4806
2.5761
2.9450
3.0426
2.7204
2.7205
2.7344
2.7519
2.6896
2.6945
2.7855
2.6972
2.6031
2.5205
2.6665
2.6107
2.5062
2.6826
2.5932
2.7575
2.7914
2.7779
2.7731
2.7424
2.7937
2.8254
2.8191
2.8283
2.9606
3.0269
2.8640
2.9147
2.7817
2.7486
2.7174
2.8267
2.8228
2.5876
2.7947
2.6737
2.7055
2.5560
2.8257
2.7293
2.6684
2.5701
2.7907
2.6941
2.8597
2.7182
2.7686
2.7659
2.9345
2.7584
2.7560
2.8196
2.4772
2.5642
2.8816
2.7733
2.7602
2.7533
2.9173
2.9103
3.0055
2.8677
3.0968
3.0649
3.2841
3.0443
2.8583
3.2727
3.1386
2.9734
3.3813
2.7959
2.8513
2.6983
2.7605
3.0358
3.0713
2.9957
3.0781
2.9942
3.1686
3.1457
3.1166
3.1347
3.3711
3.3933
3.1994
3.2880
3.3979
3.5046
3.1945
3.3643
3.3833
3.3946
3.3878
3.3565
3.0714
3.1566
3.2798
3.3531
3.1870
3.2927
3.5737
3.4082
3.4486
3.1788
3.2234
3.4473
3.5811
3.7076
3.5888
3.6690
4.0139
3.9335
3.8390
4.0903
4.0680
4.2082
4.0556
4.2153
4.2139
4.0890
3.8722
3.7348
3.8982
3.8220
3.9236
3.9595
4.0572
3.7824
3.7675
3.9157
4.0295
3.9395
4.0229
4.0612
4.3919
4.1250
4.0147
4.0302
4.0844
3.7802
3.7776
3.7021
3.7411
3.3954
3.6012
3.3881
3.6116
3.8149
3.6962
3.6542
3.4167
3.3645
3.3377
3.0958
3.3080
3.1857
3.0340
3.2686
3.4612
3.1527
3.1975
3.3408
3.3078
3.2476
3.1018
3.2306
3.1543
2.9733
2.9219
3.0641
3.0334
3.4130
3.0598
3.3273
3.3022
3.3819
3.1069
3.0632
3.2258
3.3140
3.1633
3.4215
3.5010
3.2271
3.2845
3.2106
3.3302
3.2402
3.5213
3.2886
3.3921
3.1940
3.3717
3.1972
3.4671
3.5132
3.4356
3.2634
3.1288
3.4448
3.3350
3.1969
3.3268
3.2805
3.1709
3.0856
3.0136
3.1051
3.1056
3.0410
3.0539
3.1603
2.9753
3.0162
2.9493
3.1632
3.2969
3.0836
3.1615
3.1599
3.0268
3.1129
3.1846
2.9658
2.7846
2.8466
3.1233
3.1660
3.2300
3.1438
3.4393
3.2890
3.0812
3.2325
3.1748
3.4704
3.4125
3.1622
3.0408
2.8535
2.8943
3.1255
3.2119
3.0273
3.2089
3.0255
3.3698
3.2548
3.2354
3.2040
3.1212
3.1432
3.1289
3.3056
3.4278
3.3626
3.3256
3.0410
3.1058
3.0245
2.9936
3.3345
3.2597
3.0738
3.0388
2.8662
2.7243
3.0874
2.9755
2.9938
3.2190
3.2810
2.9489
3.3956
3.1533
3.0221
3.4153
3.5066
3.4450
3.2323
3.2980
3.2677
3.5243
3.3493
3.4007
3.2842
3.1917
3.0615
3.2093
3.3743
3.3460
3.2877
3.3804
2.7742
3.1309
3.3227
3.1880
3.3637
3.5030
3.5890
3.6454
3.6783
3.4939
3.3142
3.1370
3.4342
3.3147
3.5313
3.4630
3.3932
3.4434
3.6248
3.6074
3.7114
3.8751
3.7756
3.6361
3.6840
3.5899
3.5600
3.5736
3.5425
3.6447
3.8578
3.6760
3.6292
3.6824
4.1576
4.4094
4.1230
3.9084
3.9437
3.6542
3.7096
3.5830
3.7261
3.7980
3.8654
3.8329
3.6766
3.8106
3.6972
3.7785
3.8540
3.7316
3.6806
3.5008
3.6825
3.7691
4.1385
3.6311
3.7819
3.6623
3.6078
3.6463
3.6081
3.4455
3.8091
3.4570
3.4012
3.5457
3.5993
3.4141
3.2789
3.1241
3.3668
3.2519
3.3242
3.6805
3.3624
3.0652
2.9665
2.9173
2.8723
2.9157
3.4480
3.3897
3.4470
3.5884
3.3629
3.5790
3.2786
3.2680
3.1377
3.3326
3.7366
3.5618
3.7403
3.5064
3.6674
3.3138
3.3878
3.4720
3.2446
3.6862
3.4413
3.6055
3.2847
3.1107
3.2323
3.5061
3.3762
3.3643
3.5162
3.3935
3.2428
3.4517
3.3010
3.4311
3.3553
3.3867
3.2199
3.2802
3.3222
3.3316
3.4315
3.3046
3.5135
3.6957
3.1444
3.2028
3.2377
3.3482
3.1577
3.4522
3.4344
3.4770
3.5826
3.7664
3.7285
3.6584
3.5139
3.4932
3.4659
3.3287
3.2059
3.4125
3.5343
3.6095
3.5515
3.8834
3.6145
3.3576
3.4444
3.5434
3.5520
3.7225
3.4587
3.6683
3.9023
3.6669
3.8592
3.6183
3.7464
3.6230
3.7444
3.7806
3.7416
3.7398
3.5301
3.7024
3.6632
3.8436
3.7482
3.7632
3.8810
3.7853
3.8083
3.9325
4.0704
3.9327
3.6508
3.6636
3.5866
3.2501
3.4227
3.9233
3.9858
3.5573
3.6503
3.8034
4.0179
4.2129
4.0679
4.2959
4.3333
4.2747
4.3008
4.3929
4.4059
4.3748
4.0704
4.0733
4.2011
3.9595
3.9124
3.7431
3.9627
3.8829
3.9705
4.1001
3.6652
3.7010
4.1143
3.8948
3.7632
4.0709
3.8937
3.5949
3.6465
3.5547
3.7354
3.6698
3.5835
3.5140
3.4638
3.3068
3.3222
3.5044
3.4653
3.4183
3.5463
3.5473
3.6725
3.9130
3.5654
3.2424
3.4264
3.6618
3.4880
3.5264
3.6493
3.3716
3.3385
3.4210
3.6074
3.7901
3.8486
3.5992
3.7520
3.7025
3.7202
3.4598
3.6003
3.6463
3.5749
3.5620
3.4011
3.5459
3.5894
3.3976
3.5905
3.4037
3.5926
3.2545
3.3372
3.6229
3.4106
3.5007
3.4582
3.5566
3.7694
3.8096
4.0079
3.9179
3.9327
4.0669
3.9493
4.2802
4.0540
4.0514
3.8126
4.0322
3.6620
3.7615
3.8483
4.0214
4.0268
4.2346
4.2416
4.2332
4.4428
4.1784
4.0389
4.0308
4.1432
4.0463
4.1523
3.9331
3.8779
3.9501
4.2492
4.2115
4.2219
4.0903
3.8449
4.0185
3.8690
3.8841
3.6669
3.5780
3.6762
3.4996
3.6344
3.6353
3.3312
3.2350
3.1055
3.1710
3.2079
3.3763
3.4371
3.3852
3.3517
3.3019
3.5687
3.4134
3.6194
3.8199
4.1014
3.9482
4.0285
3.6257
3.7164
3.7880
3.8917
3.7367
3.7082
3.6815
3.7538
3.8650
3.6315
3.8151
3.9601
3.7744
4.0425
3.8327
4.0236
3.8964
4.0193
3.7168
3.9168
4.3556
4.0721
4.2309
3.9723
3.9959
4.3772
4.4282
4.3737
4.0127
3.9873
4.1461
4.1136
4.2020
4.0874
3.9800
4.1701
3.9312
4.2243
4.1572
3.9534
3.9856
3.9418
3.9583
3.8477
3.8467
3.6305
3.5489
3.5920
3.4106
3.7136
3.5211
3.7201
3.6421
3.5979
3.6191
3.5717
3.5616
3.5000
3.6212
3.6068
3.6269
3.5532
3.7441
4.0601
3.7994
3.7720
3.8423
3.6976
3.7398
3.8133
3.5263
3.6886
3.6653
3.6491
3.6695
3.4482
3.2574
3.3765
3.5287
3.4719
3.2020
3.2169
3.4848
3.1702
3.0543
3.0710
2.9741
3.0321
3.2197
2.9142
3.1946
3.1737
3.3582
3.3925
3.4004
3.4833
3.4888
3.4441
3.5641
3.4076
3.3606
3.4098
3.2920
3.3302
3.4042
3.2919
3.3727
3.3786
3.4631
3.5103
3.7457
3.6125
3.5727
3.4390
3.5430
3.4970
3.4909
3.4974
3.3274
3.4019
3.4270
3.6325
3.4926
3.6730
3.6701
3.6195
3.6640
3.7726
3.6030
3.6678
3.7662
3.9483
3.8766
3.5715
3.5319
3.4216
3.4764
3.4639
3.4299
3.4979
3.3939
3.4524
3.4006
3.4101
3.2141
3.3134
3.4391
3.6194
3.4269
3.2933
3.3430
3.2230
3.0253
2.9254
3.0351
3.5154
3.4239
3.5333
3.9702
3.6045
3.4493
3.5228
3.6528
3.7238
3.6025
3.3988
3.4682
3.4163
3.3916
3.4513
3.4753
3.6800
3.7585
3.3567
3.5573
3.6042
3.5789
3.3513
3.5079
3.7281
3.4070
3.4542
3.5996
3.9329
3.8015
3.7329
3.8241
3.6046
3.5343
3.6713
3.6960
3.6195
3.5990
3.5392
3.5629
3.5880
3.3456
3.4682
3.3786
3.5671
3.6110
3.4703
3.4271
3.5145
3.3510
3.0950
3.3608
3.5321
3.4838
3.4225
3.4448
3.6513
3.7674
3.5747
3.4432
3.4001
3.3619
3.0954
3.2355
3.3676
3.7225
3.5844
3.5169
3.3813
3.4579
3.4930
3.8052
3.5891
3.8742
4.1376
3.7294
3.8266
3.9023
3.7502
3.8853
3.7375
3.9284
3.8090
3.6570
3.8246
3.8058
3.8194
3.9819
3.9959
3.9253
3.7054
3.8146
3.7937
3.8828
4.0287
4.0951
3.8924
3.7253
4.0262
4.0471
4.3228
4.1412
4.4245
4.0003
3.8389
4.1126
3.7145
3.8733
4.0207
3.9877
4.0375
4.1103
4.1390
4.2149
3.9644
4.2235
4.0157
3.9959
3.8729
3.7357
3.5231
3.7876
3.7798
3.8021
3.6797
3.8536
3.8235
3.8603
3.7732
3.9907
3.7602
3.9097
3.7244
3.6361
3.7328
3.9187
3.9233
4.1147
4.1171
3.9249
3.7930
3.7405
3.9653
3.8620
4.1241
3.9623
4.0687
4.0731
4.0293
4.0318
4.0765
3.9258
3.8595
3.9456
3.8342
3.9736
3.8049
3.7413
3.6832
3.8704
4.3821
4.3024
3.8529
4.0330
4.0809
4.1950
4.1245
3.9965
3.9125
4.1459
4.1833
4.5032
4.1835
4.1172
4.0450
3.8721
3.7811
3.8342
3.7141
3.7358
3.8069
3.8037
3.8770
3.8835
4.0000
3.9553
3.6832
3.8232
3.6330
4.0449
3.9270
3.9623
3.9167
4.1092
4.0341
4.0153
4.0673
4.1723
4.0480
4.0342
3.8058
4.0187
3.9230
4.1103
4.1359
4.0359
4.2248
3.9425
4.1339
3.9085
3.9662
3.8140
3.8222
3.8902
3.9204
3.8503
3.6227
3.6629
3.8381
3.8345
3.8023
3.8139
3.9435
4.2134
4.0589
4.1512
4.1301
4.1776
4.0090
4.1294
4.1111
4.1058
4.0489
4.0190
4.1359
3.9248
3.7232
4.2778
4.4397
4.1610
4.2087
4.2125
4.3902
4.1530
4.3771
4.1341
4.0171
4.5128
4.6032
4.3650
4.4278
4.3581
4.3720
4.1748
4.2592
4.4948
4.4000
4.1802
4.1690
4.3717
4.3010
4.2840
4.3107
4.4655
4.4115
4.3442
4.4876
4.2669
4.3366
4.1230
4.4125
4.6165
4.3522
4.4308
4.5219
4.1667
4.2509
4.3043
4.2886
3.9658
4.1065
4.0614
3.9197
4.1154
3.8918
4.1177
4.0978
4.0236
4.2097
4.1344
4.0085
3.9934
4.1335
4.0705
4.1102
4.1596
4.4732
4.1468
4.2545
4.1934
4.4017
4.3308
4.2837
4.0890
4.1584
4.2705
4.2957
4.2086
4.3740
4.3422
4.5465
4.2717
4.3916
4.3411
4.2950
4.4692
4.5517
4.3485
4.3311
4.4156
4.2757
4.1568
3.9991
3.9722
4.1327
4.2045
3.7618
3.9270
4.2077
3.9789
4.0449
3.9808
3.8230
3.9554
4.0940
3.8759
4.1224
3.6749
4.1688
4.1551
4.1323
4.0798
4.0399
4.0663
4.1627
4.0503
4.1404
3.9430
4.0816
4.0229
3.9421
4.1956
3.9121
3.9238
4.0097
4.0182
4.1048
3.9050
4.0627
4.0962
4.0821
4.1401
4.1597
3.9812
4.2085
3.9483
4.1089
4.0354
3.9368
3.9911
4.1870
4.3888
4.3549
4.1450
4.0834
4.0622
4.2818
4.2677
4.4392
4.6999
4.6740
4.5369
4.4162
4.5289
4.2459
4.2119
4.2359
4.2349
4.2918
4.4282
4.5115
4.3971
4.3803
4.1885
4.3782
4.2390
4.3244
4.3343
4.4966
4.3209
4.2416
4.4098
4.3749
4.3888
4.5778
4.4909
4.3662
4.3059
4.1286
4.3545
4.4447
4.3837
4.5672
4.3241
4.4030
4.3468
4.2090
4.1200
4.0704
3.8137
3.9435
4.0646
3.9585
4.0918
3.9946
3.9804
4.3133
4.2280
4.0914
3.9295
3.6946
3.7936
3.5645
3.7087
3.5854
4.2521
3.8582
3.8033
3.7950
3.8538
4.0464
4.0129
4.2836
3.9609
4.2352
4.0389
3.8303
3.5980
3.6881
3.7109
3.7859
3.6816
3.9005
3.7929
3.6355
3.7359
3.7469
3.8092
4.2194
3.9897
3.7821
3.7018
3.7877
4.1066
4.2310
4.2229
4.3702
4.4445
4.5809
4.3316
4.0754
4.1903
4.2999
4.3334
4.2622
4.0012
4.0493
4.3182
4.4363
4.5313
4.3320
4.2178
4.6226
4.3766
4.2123
4.3324
4.1661
4.3183
4.1259
4.2648
4.1180
4.0164
3.8839
3.8157
3.9973
4.0792
4.2505
3.9939
3.9880
4.0457
3.9480
3.7903
3.8747
4.0380
3.9178
4.1791
3.9640
4.0738
3.8810
4.1050
4.1869
3.8959
3.7637
3.8151
3.6450
3.8274
4.1000
3.8524
4.0731
3.9929
4.0016
4.1127
4.0996
4.3466
4.1430
3.9564
4.1463
4.0255
4.1109
3.9148
4.2182
3.8504
4.2265
3.8693
3.2926
3.3817
3.4423
3.2921
3.2732
3.3406
3.1508
3.3409
3.1265
3.1317
3.4376
3.3023
3.2901
3.2776
3.4598
3.2998
3.2512
3.4029
3.2989
3.4006
3.5104
3.5009
3.5164
3.4905
3.6187
3.5627
3.5064
3.6657
3.6777
3.5495
3.4416
3.3592
3.4867
3.7009
3.6513
3.5162
3.4727
3.5131
3.2546
3.4092
3.6095
3.1863
3.4642
3.3404
3.5089
3.6026
3.5324
3.4847
3.5515
3.7216
3.4340
3.3734
3.4435
3.5988
3.7284
3.4440
3.8029
3.8230
3.6392
3.4085
3.5474
3.7386
3.8630
3.6181
3.9679
3.8313
3.6132
3.2729
3.5617
3.4130
3.3774
3.5956
3.5290
3.6065
3.6973
3.6892
3.5197
3.7120
3.7694
3.7265
3.7093
3.5724
3.3901
3.4930
3.4475
3.1152
3.4406
3.5984
3.7223
3.6942
3.5389
3.5761
3.3328
3.3988
3.6814
3.6830
3.3560
3.4357
3.1671
3.3212
3.3870
3.2661
3.2321
3.2144
3.1982
3.2251
3.3130
3.1010
3.0516
2.9512
2.9950
3.3079
3.3567
3.3108
3.3883
3.4081
3.1339
3.1865
3.0098
3.1571
3.1562
3.0703
3.0265
3.2794
3.1750
3.2547
2.9692
3.0070
3.1255
2.9963
3.0524
3.2155
3.2586
3.2870
3.1443
2.9659
3.0912
3.1024
3.1548
3.2004
3.3958
3.0109
3.1608
3.1711
3.1366
3.2646
3.3058
3.4618
3.2779
3.3482
3.2543
3.0299
3.1084
3.5473
3.4672
3.2168
3.4096
3.4125
3.4950
3.5505
3.5748
3.5219
3.4929
3.3973
3.2074
3.1122
3.4255
3.5825
3.4271
3.1344
3.4852
3.2324
3.3853
3.4482
3.5607
3.6369
4.0187
3.9012
4.0098
3.8941
3.9803
3.8352
3.9558
4.0958
4.2586
4.1486
3.9786
3.9854
3.9034
4.0170
3.7572
3.4345
3.5328
3.3917
3.6140
3.7001
3.4727
3.7691
3.8737
3.9775
4.0790
3.8590
3.8084
3.8711
3.7727
3.7114
3.6078
3.6890
3.6502
3.8084
3.6164
3.5883
3.4468
3.3716
3.4590
3.5405
3.3653
3.4542
3.2528
3.4583
3.3562
3.3771
3.3143
3.4054
3.4169
3.3367
3.2744
3.2722
3.2403
3.2813
3.2825
3.1974
3.4268
3.5469
3.7419
3.5107
3.5234
3.3043
3.1921
3.1293
3.2677
3.4211
3.2680
3.3331
3.3600
3.4992
3.4260
3.5714
3.7094
3.7946
3.7952
3.7661
3.5624
3.4224
3.4575
3.4378
3.6357
3.4841
3.5195
3.6822
3.8891
3.6114
3.8719
3.7262
3.8968
3.9794
3.9430
3.6779
3.9599
3.7773
3.5013
3.6496
3.4679
3.6799
3.7523
3.4249
3.5763
3.6009
3.6276
3.3109
3.4801
3.5514
3.5324
3.6149
3.5337
3.8021
3.6699
3.6409
3.7945
3.9644
3.9406
3.9903
3.6374
3.5737
3.7981
4.0799
3.9222
4.1058
4.1371
3.7106
3.5244
3.5354
3.5436
3.5962
3.2800
3.3097
3.5115
3.2173
3.4879
3.4881
3.1806
3.2127
3.3423
3.3147
3.4344
3.2859
3.2906
3.4120
3.6765
3.7018
3.7175
3.4779
3.7173
3.7088
3.6056
3.5978
3.5815
3.4530
3.5091
3.6362
3.7700
3.6534
3.7753
3.7589
3.9493
3.6974
3.8431
3.9045
3.6325
3.5493
3.2985
3.4539
3.4346
3.3140
3.3697
3.3250
3.3182
3.4729
3.4416
3.3135
3.3539
3.3825
3.2046
3.4283
3.4905
3.3369
3.4988
3.5367
3.8036
3.5905
3.6721
3.5560
3.5061
3.3951
3.2363
3.2576
3.2820
3.0573
2.9561
3.0667
3.2426
3.3304
3.4653
3.3733
3.4689
3.6083
3.6424
3.6074
3.4499
3.5485
3.5939
3.2754
3.2473
3.3558
3.2134
3.1787
3.3116
3.4061
3.2549
3.3667
3.3080
3.1950
3.1239
3.0073
3.0930
2.9790
3.1188
3.1572
3.1581
3.1686
3.1576
3.0834
3.2114
3.3266
3.2549
3.1451
3.1430
3.1955
2.8875
3.1047
3.0502
3.0311
3.1263
3.2754
3.2805
3.2093
3.1454
3.1118
3.1357
3.2020
3.0194
2.8884
3.1173
3.0119
2.8954
2.8619
3.0419
3.0215
3.1487
3.0977
3.0970
3.0057
3.0012
3.2348
3.3456
3.1468
3.0806
2.9885
3.0276
3.0328
2.8399
2.9647
2.9178
2.8747
2.7351
3.0491
3.0484
2.9313
3.0050
2.6566
2.9072
2.7952
2.6228
2.7969
2.6260
2.8871
2.8621
3.0174
2.9113
2.9188
2.9211
3.0043
2.8952
3.0512
3.3188
3.1167
2.9115
2.9095
2.8736
2.9706
3.1297
3.2489
2.8294
2.7542
2.8807
2.7185
2.8471
2.7118
2.7899
2.7290
2.7020
3.0706
3.1415
2.8852
2.8160
2.7844
2.6144
2.7383
2.9091
2.9729
2.9656
2.8444
2.9322
3.0077
3.1366
3.1774
2.9883
3.0190
2.8573
3.1596
3.1902
3.1214
3.3825
3.3034
3.3243
3.2932
3.1040
2.9661
3.0199
2.9337
2.9221
2.9074
2.8191
2.6529
2.8215
3.0577
2.9932
2.8554
2.8601
3.0804
2.8878
3.1028
3.0074
2.9431
3.0630
2.9984
3.0113
3.1306
3.1201
2.9180
2.8885
2.8306
2.6838
3.0235
3.0286
2.9196
2.8841
3.0508
2.9922
2.7462
3.1684
3.1959
3.0143
3.1268
3.3310
2.8530
2.9153
2.9781
2.8510
3.0301
3.1787
3.4686
3.1719
2.9573
3.2726
3.4074
3.1389
3.1640
3.0810
3.3035
3.3693
3.2895
3.6649
3.5662
3.6543
3.6425
3.9030
3.6146
3.5730
3.3799
3.5734
3.5282
3.6493
3.6455
3.6915
3.9285
3.8945
3.7607
3.5998
4.0477
3.8289
3.6519
3.6130
3.5875
3.6981
3.7941
3.6775
3.9985
3.7398
3.7478
3.6973
3.6012
3.6283
3.7198
3.5323
3.5566
3.4794
3.8186
4.0114
3.7757
3.8510
3.6013
3.6972
3.8196
3.6738
3.5739
3.4000
3.4540
3.2626
3.4269
3.5096
3.3142
3.4751
3.5312
3.4152
3.6912
3.5103
3.3714
3.4487
3.5239
3.4796
3.2564
3.0081
3.1612
3.3215
3.5900
3.4847
3.5961
3.6753
3.5063
3.5829
3.6984
3.7885
3.4671
3.3244
3.3599
3.3393
3.3512
3.5250
3.5726
3.5963
3.6419
3.6620
3.5924
3.5878
3.7031
3.4040
3.4373
3.4336
3.2378
3.3487
3.2447
3.2692
3.3185
3.2811
3.3792
3.3065
3.2044
3.4592
3.5867
3.7856
3.4180
3.6064
3.5183
3.2000
3.1525
3.1833
3.1816
3.0022
3.1971
3.2487
3.3300
3.3327
3.4355
3.3721
3.3636
3.1118
3.1674
3.4828
3.2864
3.3752
3.6040
3.5553
3.2531
3.2861
3.3236
3.1169
3.3296
3.3141
3.4510
3.2994
3.1859
3.3889
3.3209
3.0826
3.5810
3.4857
3.3450
3.5880
3.7057
3.3852
3.2610
3.3724
3.4233
3.1622
3.3331
3.2237
3.3014
3.3689
3.3932
3.4170
3.2484
3.1900
3.5514
3.2555
3.2290
3.1243
3.1163
3.0751
3.4686
3.2263
3.2543
3.0660
3.1810
3.2150
3.1805
3.2777
3.3285
3.4494
3.6943
3.4255
3.3324
3.3947
3.3884
3.6148
3.4806
3.3476
3.4338
3.3784
3.6561
3.5220
3.4697
3.4372
3.6483
3.5593
3.5887
3.2915
3.2233
3.3335
3.3420
3.1984
3.2763
3.2828
3.0434
3.0505
3.2639
3.0998
3.2933
3.4419
3.4146
3.1897
3.2073
3.0253
3.1656
2.9847
3.0928
3.0181
3.1542
2.9790
2.9310
3.0046
2.9999
3.1768
3.3240
3.3423
3.2524
3.1621
3.3029
3.1539
3.2672
3.0039
3.1411
3.1434
3.1434
3.1899
3.0127
3.2336
3.1056
