73.3954
72.6343
74.1729
74.2476
72.7123
72.7094
71.8427
72.2992
72.9980
73.6974
73.4883
74.1490
74.4457
73.8205
73.9822
72.8072
73.4726
72.6523
73.4175
73.1377
74.8593
74.3925
74.3719
76.7597
75.4188
75.2615
74.3343
73.0408
73.7994
72.9094
73.5991
73.2638
73.5761
73.4463
72.6797
74.2396
72.8541
73.1514
74.7842
73.8687
74.1542
73.1342
75.2527
74.9146
75.1025
75.6624
74.5492
74.4365
74.8581
75.3148
74.4947
75.0922
75.9655
74.2509
73.7954
74.2284
73.3818
73.8805
72.2186
73.7781
73.6253
76.4357
76.0478
74.9493
75.3319
75.8398
77.3073
75.2637
76.8769
77.0698
77.2607
76.8544
76.1880
75.1294
76.1029
75.9493
75.8449
75.3646
73.5073
74.2892
74.1605
75.3873
75.9805
74.8619
75.9140
75.8804
75.1009
74.9608
72.9019
73.7992
73.5275
73.7422
75.2874
73.4976
76.2924
76.1243
76.6657
76.2689
77.5074
76.3729
75.0780
76.4616
74.7407
75.0070
74.2277
75.6375
75.4770
75.4593
76.4912
77.1187
77.0144
76.7530
75.7560
75.7570
75.4845
75.4363
76.0491
76.5504
77.0798
78.5673
79.0979
78.6532
78.2243
77.7171
78.2636
79.1977
76.1870
76.8461
78.0908
77.3218
77.3740
76.0988
78.1411
77.6120
79.1947
79.0727
79.9404
78.3335
78.2618
76.8312
77.9414
76.2563
76.9446
75.5747
73.9781
75.3999
76.1655
76.7970
76.5936
74.9970
76.5502
76.0819
75.4032
77.1303
77.0943
76.4122
74.8014
75.9494
76.0887
74.9586
74.2536
73.9967
74.0184
74.6084
76.6025
76.4529
76.7974
78.5604
79.3172
78.6748
79.1994
78.9986
79.7910
77.8744
77.0269
76.6375
77.6129
78.0515
78.3955
78.6917
77.4829
78.1049
77.9024
78.2710
77.6052
78.5713
79.0023
78.3684
79.6491
78.9038
78.1958
76.9499
77.9317
77.6833
77.7732
77.8384
79.8184
79.8062
79.4955
79.0716
80.6751
79.6960
80.1628
79.1526
78.4098
79.6631
78.6462
78.8612
78.0195
77.3568
78.7957
78.2944
76.3507
77.4994
76.4981
76.2668
76.4380
76.0478
76.3347
74.9086
75.0115
73.9496
74.3444
74.9159
75.2624
74.6427
75.5164
75.2595
75.4189
75.3839
74.3853
75.1272
74.9570
74.6247
75.9090
74.8612
75.0940
76.9924
77.1300
76.8559
78.0785
78.1065
78.7115
79.7397
77.3962
77.9720
78.0707
77.5084
78.1074
77.2334
78.6398
77.6860
78.1555
79.5651
79.9429
80.5794
80.2381
80.8776
80.7061
79.3957
79.9714
80.3425
80.4344
80.1043
80.1878
79.5392
77.9060
77.6867
79.3795
79.5247
78.8923
79.7232
78.7968
79.2154
78.4914
78.7061
80.1350
78.7142
78.6963
77.1420
77.2224
77.9125
78.3177
79.1893
80.0161
80.7533
81.9900
80.2987
80.7471
79.1920
80.3659
78.9282
80.4456
80.9775
79.5754
79.4149
80.5512
79.1564
77.9595
78.8028
80.8793
80.1691
80.4248
78.2593
79.0794
80.0352
78.2998
79.3431
77.9221
78.2594
77.3503
79.7208
80.6900
81.6967
81.9516
81.2443
79.4617
80.8155
81.8671
80.2882
79.8864
78.0608
77.6934
79.2488
80.6204
79.2186
78.8456
78.6120
79.0191
78.9220
77.4100
77.1430
76.3688
76.4386
76.9745
76.8982
77.3097
76.1961
77.2539
77.1417
77.5932
77.9287
76.9573
75.8136
75.4028
76.5656
78.1530
76.7915
77.0178
77.2720
77.9446
76.2046
75.5334
76.8469
75.0190
77.0275
76.4870
76.1308
74.5963
74.7583
76.1384
75.2351
75.4355
76.8802
76.2713
76.7409
77.5549
79.9098
79.0000
78.7981
78.9958
77.6515
78.1918
76.7036
76.8415
76.3445
78.1967
78.7110
78.4817
77.5110
77.1504
76.1202
76.3048
75.0470
74.4092
75.6885
77.1299
78.0010
78.7428
79.0142
77.6405
78.1498
77.8099
77.2154
78.0929
78.3740
76.9155
76.3140
77.5355
76.5425
77.0891
76.3566
76.9695
75.5865
75.0872
76.4516
77.5164
77.8264
77.4808
78.7140
77.9504
77.3565
76.3278
77.4005
77.2221
76.6557
77.4573
77.5118
76.4111
78.6555
76.8189
78.2577
77.1361
74.1796
76.4822
76.4365
76.9298
75.8863
77.8555
78.8737
78.1365
76.9017
79.1743
78.1593
77.2173
76.0410
75.5736
77.8907
76.0406
75.1501
76.2137
76.3621
74.6702
75.9294
75.7627
75.4601
76.0840
76.0846
74.9164
75.7011
74.4004
74.8394
74.3252
74.4578
75.4747
75.1937
72.9458
73.1979
74.5585
74.4154
73.6911
74.1217
74.7991
74.6753
71.6724
72.1154
72.8168
73.4572
72.3857
73.5038
74.4966
75.4716
74.8979
73.0852
70.8629
70.2955
70.2034
70.4583
71.1451
70.4021
69.8655
72.1648
71.6905
73.2043
71.8595
72.0293
71.5626
71.6772
72.1911
73.6695
72.8521
70.8912
72.3102
71.9542
71.4724
70.8013
71.9662
72.7810
72.2806
73.1279
71.6790
72.4011
71.9293
74.1845
74.3718
74.8554
74.7072
73.7187
75.0927
75.5747
75.5181
75.4290
73.9712
72.1310
73.0004
73.6892
73.7564
71.5326
71.2743
71.3080
72.5666
71.7268
72.0127
73.3018
73.4901
71.0661
73.3934
70.2050
70.0266
69.9667
69.8742
70.5409
72.2645
69.8750
68.6364
67.4330
68.0871
69.1043
69.1870
68.7816
68.6070
69.0619
69.7271
68.9517
68.7090
68.9781
67.1040
69.1314
69.1288
70.7946
68.1445
68.0105
67.9208
69.1074
68.3093
67.9897
68.9146
70.3909
69.4684
71.1949
70.3441
70.2393
72.3864
72.0007
72.6440
71.9651
73.4737
71.3027
73.3672
72.1993
71.2713
72.3961
72.5677
74.3896
75.2753
75.6142
73.5938
71.2108
71.5036
72.9637
74.1304
74.6334
73.2063
73.9228
74.6172
73.8817
72.2736
72.1815
73.9471
72.7914
72.0781
73.1847
72.7583
72.9495
73.2110
73.8552
73.9274
72.5607
73.3632
72.0363
72.4504
72.0996
71.4683
72.3313
71.8932
71.7956
73.6781
71.8445
71.7949
72.2694
72.9888
72.0318
71.2027
71.9630
72.0919
72.7700
72.2252
71.4532
68.9903
69.9723
70.1278
71.0670
71.3448
70.9352
71.0078
72.0370
70.8917
71.7074
73.3219
73.4421
73.7650
73.3882
74.4869
72.9900
74.3933
73.6022
73.2108
72.4144
72.1019
73.2515
73.4181
73.6162
73.7908
72.6460
73.5034
72.8814
73.4792
71.7381
73.7341
72.9061
73.9993
74.7143
74.7028
74.2591
75.4484
73.3551
74.0849
72.0141
72.1667
71.0611
71.4367
72.5882
71.8885
72.8557
73.6626
72.7865
72.9969
71.9122
72.0744
73.6157
71.4350
71.6107
69.8834
72.1605
71.8667
72.5601
71.1615
72.0388
72.2825
72.9854
72.5080
72.5785
72.2912
73.1185
72.4703
74.4968
73.9130
73.3935
73.0303
75.0592
75.2939
71.9862
73.6845
73.4880
72.3605
70.5531
71.5903
72.1495
72.2094
73.0884
72.8281
73.6855
72.4234
73.6721
73.4952
72.6194
72.9340
72.7874
74.6000
71.7549
72.5729
73.0420
74.5235
74.1230
75.4376
76.1782
77.1207
74.5548
76.1072
77.0035
77.4293
79.4227
77.5673
76.3674
74.3627
78.1669
75.8737
76.2018
75.1302
74.9576
74.4583
73.5592
74.6656
73.9781
74.8765
75.2465
77.5767
76.0292
77.4576
76.1869
77.0704
76.2681
75.6816
75.4786
75.4945
75.8268
76.2531
76.3757
75.9499
73.5206
75.1449
75.5795
74.9949
75.3950
72.5413
73.9773
75.2151
73.8641
75.5000
75.3680
75.6816
76.2632
76.8694
75.5762
75.3589
76.4381
75.3664
73.6206
75.1118
76.1396
75.8448
74.6447
75.0917
74.9628
75.4997
73.9277
74.1314
73.8160
73.6498
74.9539
74.0244
73.1878
72.7406
73.3907
74.6757
75.5535
74.9922
76.5374
77.1299
78.5430
79.5136
77.1984
77.8329
76.7115
76.6214
77.0763
77.4612
79.2487
77.6628
80.0038
79.4681
77.8952
78.7320
78.9026
80.3015
79.5617
79.9347
78.7356
80.0206
78.5552
79.6127
78.0610
79.0967
79.8034
79.3220
80.4600
79.3352
80.4879
78.9742
80.4168
79.6437
80.2241
78.7825
77.9684
77.5687
77.1724
77.9521
76.8483
77.5631
77.5729
77.3064
77.5588
77.5258
75.4677
74.3958
74.9795
74.7226
74.9029
75.4123
74.9512
73.6106
74.4340
74.6019
74.1184
74.0443
72.7261
74.7919
73.4548
72.5164
73.8020
72.6554
71.9777
74.0453
75.3716
75.6070
75.2226
75.0461
74.7554
74.1578
74.8390
72.3096
73.2144
72.3647
72.0949
71.7761
71.6167
72.2344
73.8591
73.2099
71.8439
72.9330
72.3097
70.9213
72.6082
72.4031
74.1316
74.4275
74.5921
74.0963
72.0505
71.3757
72.6041
74.3003
73.9801
75.9355
74.9011
74.7101
75.9439
75.2266
74.9492
75.2892
74.0791
75.8401
76.1427
75.5643
76.6662
76.8545
76.7571
77.0774
75.9555
77.5092
75.3727
76.5885
75.6755
76.6003
75.8628
74.1525
75.1458
73.2701
74.4216
72.8999
72.2861
72.9069
72.2363
71.4077
71.7693
73.0239
75.0540
73.6245
73.4185
72.7270
74.6236
74.9162
73.6306
75.2739
74.1351
74.9433
76.4991
75.5162
73.9692
74.2629
73.7779
75.3080
73.5183
73.5996
73.3117
73.2952
73.4790
73.3958
69.8053
72.4098
72.7208
70.4647
71.5997
72.3026
71.4594
69.9777
70.4945
70.4036
71.4356
73.4422
73.8179
74.0679
74.9353
75.5480
75.3616
76.1152
77.0090
75.9398
76.1546
75.6012
75.8915
76.4267
74.4363
74.7606
73.8769
76.1566
75.2231
77.2846
75.2533
73.8071
73.2367
73.8507
74.2706
73.5594
73.6072
73.9516
75.0591
73.8754
74.4817
73.1924
74.2157
74.5151
74.2418
73.9244
73.3460
72.8343
71.6003
72.3451
72.8944
71.7752
71.7085
73.4724
74.1453
73.5449
72.1331
72.4267
71.8582
72.4850
71.9312
73.0572
71.9243
72.0930
71.5590
71.0887
70.8295
71.4038
71.4577
72.4800
71.4072
71.3998
72.7607
72.0849
72.5583
72.2885
71.5968
70.3737
70.4452
70.8552
70.6510
70.7875
71.5811
71.3200
71.5649
72.2285
71.2265
70.6753
72.2734
71.6949
72.2445
71.3034
70.0976
71.4530
72.0758
71.1577
70.5023
69.6806
70.7241
73.3199
73.0887
75.2734
74.7784
75.5003
74.0628
74.9599
75.7131
74.8479
74.2012
73.9929
75.5961
77.5276
76.9975
78.1042
79.1419
80.3139
79.0714
78.1307
78.0313
76.5544
74.5404
75.0183
74.1408
73.3656
74.3566
75.4416
73.0278
74.7669
73.8306
76.3891
76.2064
76.6057
75.8058
75.7342
77.0928
78.4714
76.4440
78.3183
78.2452
77.3241
76.0175
77.8931
76.1532
77.7840
76.1040
77.2780
77.2509
75.4406
75.6496
77.3771
77.7775
78.4927
77.7927
77.4422
78.5496
78.4965
77.8875
78.9064
77.1612
77.3840
77.3434
77.2753
78.1948
77.6602
77.1672
77.4913
77.2789
77.1793
79.3653
77.2688
78.6382
78.3773
79.2793
78.0009
78.1375
77.7983
77.4283
78.6610
77.7775
77.9615
77.1327
80.1795
78.2535
77.2621
79.0804
79.3509
79.8227
80.7573
80.2014
77.7824
79.3763
77.2187
77.0471
77.3296
76.6011
78.2444
78.1000
79.1583
78.1683
78.1924
78.5152
81.0591
78.6019
78.7504
79.2316
80.2066
79.6985
80.8994
81.4485
79.6509
80.1137
80.5491
82.6125
82.0353
81.5587
82.1520
80.3066
80.0414
80.5248
79.1889
80.0038
79.1681
80.3555
79.1263
78.7320
79.8642
76.9976
78.1876
78.3593
79.0143
79.2917
78.6112
80.3161
79.3310
78.6222
79.1653
76.4233
75.8357
78.4530
77.1935
79.1774
79.1630
78.4061
77.4454
79.9546
81.2470
78.8906
77.4081
78.9759
78.1637
78.5929
79.1144
77.0066
77.8106
78.6829
78.3495
77.9915
79.6750
78.9255
76.5040
76.7755
76.7565
75.8225
74.5919
75.5438
76.3208
76.2074
77.2244
77.5998
76.0810
74.8519
75.3941
76.9222
78.6018
77.8057
77.0942
76.8892
78.7140
78.7312
79.9698
79.6759
78.9967
78.6435
78.0260
78.9493
78.4076
78.2161
78.6303
79.6499
79.0425
77.3046
79.1920
79.9758
78.5550
80.6906
80.7789
79.2700
79.6227
79.0215
81.5645
80.2346
79.7250
79.3310
79.2374
79.9543
81.3716
79.7789
80.1741
80.9137
82.0260
81.9882
83.9172
82.8877
83.2856
83.4220
84.3435
82.0291
82.0373
84.2667
83.6940
83.8982
85.0446
83.3767
82.2197
83.3162
83.5624
82.7646
82.8682
82.9055
82.8174
83.2760
81.0211
79.7077
81.8632
80.6067
81.6311
81.0576
81.0697
79.8094
78.6889
80.5635
80.5072
80.3237
81.0697
81.0659
81.3605
79.5882
78.6442
79.6943
79.4605
81.4861
80.2025
79.0470
78.1777
79.4376
78.8941
79.6516
79.5939
80.2159
79.5218
78.4914
77.5266
76.5769
77.6770
78.0429
78.6492
77.2062
79.2519
79.8413
77.5492
79.8907
79.8278
80.4247
79.9335
78.7080
77.9595
78.1466
79.1072
80.4970
80.9427
80.6138
79.6095
78.9941
77.6023
78.4164
76.9656
79.8652
78.3590
76.6115
79.8658
79.0714
79.1478
79.4269
78.8972
80.5427
81.3142
82.0448
81.3914
80.9614
80.2888
80.6299
81.7040
82.0469
81.5384
82.2748
82.8625
82.6545
80.8845
81.8487
79.2565
80.5862
81.4483
83.0328
82.9349
85.4843
85.2495
84.9712
84.5682
85.2275
83.6718
85.4338
85.1190
86.8306
84.5692
84.1907
83.5986
82.0254
81.6877
81.0934
80.0835
79.9817
79.3881
78.7816
78.8254
79.3575
78.5870
79.1683
79.8662
81.0814
81.2683
80.3564
78.6957
79.5761
79.9291
78.4134
77.9381
79.5741
79.1131
79.9320
77.3254
78.3219
76.6128
78.2316
77.1801
77.6163
77.2690
78.4586
76.2094
77.2185
78.6997
79.5646
78.5676
79.9309
79.6555
82.2182
81.8169
82.6220
81.6181
81.7771
82.5187
80.9980
82.4365
81.5821
82.5242
83.2501
82.4368
81.8879
81.1051
80.7716
82.1513
82.9425
81.4398
82.2186
81.3242
79.5228
81.8580
80.9593
82.4096
82.4145
84.4283
84.7028
85.0183
85.1148
83.0190
83.4562
83.0403
82.5053
83.0532
84.0986
85.1708
84.9543
85.9524
86.1144
83.8824
85.0219
88.2835
86.5547
87.0909
86.8771
87.5099
87.3204
86.0137
85.9383
85.8464
83.7406
83.3938
84.3814
83.8041
84.0908
83.6877
83.7219
82.8837
83.7600
83.2516
84.0739
84.4957
82.4783
82.6251
83.9992
84.0396
82.7600
83.6725
84.4017
83.8090
83.3090
84.4326
83.2814
81.9036
83.9849
86.4413
85.4362
83.8159
84.7418
84.5892
84.7627
84.6478
85.3559
84.7468
84.7227
83.4419
82.7029
84.1959
84.5709
84.7828
84.0010
81.9857
83.8169
82.0068
81.7692
81.6878
82.9732
82.2274
85.3507
86.1158
84.8268
84.7200
84.1110
84.7419
84.0422
82.0466
83.2092
82.5997
82.9304
82.9788
83.3243
84.1608
84.5150
83.8601
84.4569
85.9529
86.1861
85.6350
86.3952
85.3244
85.8116
85.5240
84.6124
82.8389
84.7555
83.0833
83.5011
83.3302
83.1985
84.0963
83.1924
83.9135
83.3116
82.1505
82.5738
83.6081
82.3514
82.4793
80.9793
82.8634
82.1074
81.8548
80.8827
79.3756
81.5056
80.7703
81.4934
82.9082
82.9477
83.0501
82.7537
81.1060
81.2547
83.1290
82.8739
81.2169
82.5671
80.9187
81.9817
81.4614
81.6660
82.1834
81.0938
81.1567
80.7056
82.1490
83.0324
83.0415
83.6312
82.9033
82.4830
82.8609
82.5453
82.4946
81.4912
81.4688
82.1934
81.2163
81.6572
81.6162
81.5741
83.0170
81.2587
80.5152
81.4508
80.5402
80.8567
79.5730
79.2607
80.9862
81.7157
80.5772
80.4192
81.3052
79.9913
79.8108
80.4583
81.0889
80.6996
82.6746
79.7183
79.8284
79.4252
79.2562
79.9452
80.1179
80.9020
78.0891
79.5551
77.6390
78.8985
79.6480
80.5071
81.6518
82.1310
80.6480
82.1067
81.3699
80.4612
78.5176
77.8654
78.0298
78.5768
78.8747
79.1981
81.0873
81.5004
81.0609
81.2514
81.5922
81.1067
82.5029
82.6650
82.6441
84.0796
83.2981
82.1322
83.3894
83.5973
83.7991
83.7263
83.0743
83.3165
83.4616
84.1280
83.2826
83.3215
83.3440
83.2450
84.0216
84.3221
82.9300
81.7638
82.2493
81.6141
80.9937
80.9824
81.6180
82.7664
83.2215
81.8669
82.9612
82.8033
83.0387
81.5879
80.5356
80.4463
79.7499
79.6482
80.3378
82.8223
82.1211
82.3530
83.0021
83.6784
82.6086
81.2182
80.6995
81.4759
81.7394
80.5993
81.9395
81.5645
80.3525
81.2019
82.3622
81.1082
80.6594
80.2843
79.1429
79.2978
78.0760
79.3002
78.4407
77.5849
75.8966
76.3914
75.9799
78.1272
78.0000
78.8202
77.7861
78.6656
78.8962
78.4182
78.1375
77.4378
76.1944
76.5917
78.1570
77.3733
77.1676
76.5608
77.3185
79.5623
79.6032
80.2271
79.6716
80.5299
80.0741
80.4277
80.9239
80.7157
79.1059
79.8999
80.2419
81.0661
81.0978
82.0104
81.3569
80.2636
80.9790
79.6684
79.4709
80.9283
83.3904
81.2635
81.6116
80.5286
80.4174
81.5926
81.1688
80.4503
80.9978
80.5659
81.1720
79.8498
80.3596
80.6689
79.2889
79.4884
79.7117
80.5707
78.1943
79.6807
78.8384
78.1570
79.4132
78.0769
78.7311
78.3485
79.5680
77.9005
75.7142
77.1874
76.7575
76.4258
77.8024
78.6444
78.6945
77.3514
78.1228
80.9847
81.1587
80.5403
78.6653
79.2282
79.2639
79.5351
80.8601
79.3034
79.5954
80.5059
80.6568
79.8286
81.3022
81.7947
80.5843
78.6244
80.6091
79.4453
79.0133
77.7237
78.0201
76.9934
76.4920
76.6183
76.6238
76.0168
77.4749
76.5396
78.8284
80.5984
78.7818
78.4485
78.6376
80.6198
78.4083
77.8353
77.8677
79.0172
81.6031
81.7789
80.7761
80.7092
79.5702
79.4363
79.4096
80.1093
80.2692
79.1641
77.3784
78.7900
80.1682
79.1614
77.5461
77.1314
76.4709
75.8840
75.9624
75.9761
77.4991
78.1652
78.4889
78.7803
78.6245
79.4180
79.5514
79.5397
82.0819
79.3308
80.4346
78.7688
78.1337
79.4475
78.0069
76.4904
78.8669
77.4485
78.9887
78.2982
79.5717
76.0097
75.9433
74.8670
75.5141
76.3402
75.6037
73.2839
75.1970
75.7901
75.8779
76.5483
76.5478
76.8591
75.7782
77.3290
77.0706
76.0037
75.1672
74.5142
76.1319
76.0726
74.7080
75.2811
76.0183
75.9972
75.1422
76.8457
75.0473
74.3629
74.0623
74.3821
73.1041
76.8083
75.8245
75.6189
75.7322
76.0585
77.6118
78.6130
78.0203
76.9834
79.2002
76.4237
77.5083
77.0496
75.5196
73.0456
73.3866
73.6310
73.9688
72.5151
73.1718
71.3562
72.5921
73.5565
73.9978
74.6000
74.8427
73.5575
71.9301
72.0725
71.1323
73.7042
74.0646
73.7134
71.7902
71.4192
72.0440
70.9489
73.9210
72.2275
71.2016
71.4411
72.4703
73.2991
72.4603
75.5151
74.6440
74.5611
73.1446
73.2185
73.2807
73.1180
72.4849
72.8840
72.4097
71.2795
71.5947
73.1136
72.4549
72.7607
72.6209
72.9531
72.0308
72.2130
72.8070
72.6563
73.4185
73.0955
72.9235
74.4294
74.0896
73.2225
73.0439
71.2265
71.1165
69.8624
71.2109
73.5122
73.0869
72.4713
73.4877
73.8479
74.9377
73.9182
77.0067
76.5873
76.4719
74.7347
75.4858
75.7337
76.7471
76.1123
73.6474
74.1357
76.0906
74.8949
76.9858
78.1377
77.9182
78.5875
77.9741
79.9456
78.5010
78.7894
79.6975
78.9273
79.3854
79.0396
78.8909
79.4750
78.4896
77.5333
75.0334
73.4605
73.7628
73.4343
73.8130
74.4634
72.8631
74.1350
75.8625
75.1587
76.6419
78.3382
77.5765
77.4851
76.9800
75.2539
74.5142
74.0192
72.4042
72.7037
73.5360
73.2951
74.4333
76.7147
76.7662
75.6414
76.1160
77.9287
76.3832
77.5461
78.2325
79.9128
80.1149
79.4359
81.1416
82.2765
80.0109
79.9426
78.0203
78.1395
78.5848
78.1383
77.3879
78.8420
77.1030
76.9141
76.1244
75.9462
77.1854
78.7024
78.2237
77.9607
77.0789
77.0988
77.3685
78.0974
76.3547
75.7712
74.8255
74.3441
73.7948
71.9667
71.2579
69.8509
71.1394
70.3525
71.0170
70.0661
70.5959
70.9818
71.0462
72.3070
72.2006
71.8277
71.7182
70.6150
70.7607
72.4032
73.1090
73.0341
74.4088
72.8194
74.9260
75.5188
74.2760
73.7014
73.8770
75.2748
74.0360
75.2882
74.6943
75.6916
75.9354
73.2932
74.4835
75.1549
74.3995
73.5116
72.2818
71.3053
71.3831
71.9223
72.6931
71.3470
71.8587
71.9844
71.1853
71.0955
71.6839
72.6836
71.9518
73.0556
72.7269
73.9627
74.3381
74.3871
73.1022
73.8399
73.9102
75.4928
74.0819
76.1338
74.1015
74.5401
76.6694
75.1401
76.1924
76.6590
77.5546
77.7454
76.2512
75.0287
76.5804
74.7295
74.2744
75.8689
76.5493
74.3234
75.3758
75.1455
75.0189
74.8109
73.9273
73.3396
73.8171
73.9786
75.7160
75.5435
74.1258
73.2933
73.7810
76.4414
74.2389
73.7156
73.0983
72.5567
73.9011
71.8077
71.5061
70.5274
71.6471
72.2067
72.0561
70.7089
72.5732
73.5424
73.4729
72.9156
73.7335
72.3567
74.7900
72.1478
72.7866
73.4909
72.9818
72.7432
73.5872
73.7330
73.8422
73.1456
74.2952
73.1881
72.5476
74.3213
74.2222
74.8380
74.2454
72.3931
72.9265
73.3277
72.6894
72.0312
71.6509
72.8324
71.6168
71.9864
71.4414
74.2727
73.4432
71.8644
73.2592
72.7305
71.6866
72.9970
70.7927
73.1593
72.9913
71.1392
72.4344
71.7926
72.2707
71.7948
74.8675
73.0505
73.6875
74.4882
73.8788
73.3480
74.1281
74.9550
75.1318
75.3132
75.0498
75.1276
73.8409
75.7070
74.2024
76.5277
74.6505
74.0121
75.2880
74.9755
73.6176
73.5383
73.1178
73.0046
71.9303
71.7066
72.3483
74.3278
73.6186
72.2998
71.5550
72.1019
71.1671
70.6583
71.1271
68.9998
67.7480
68.3558
68.0553
69.3790
69.0114
68.3132
69.5238
68.9363
69.5550
68.3068
67.1086
67.5011
67.9132
69.5994
70.4959
68.7416
68.5727
70.1209
70.1151
69.6616
69.6417
68.9273
69.7343
69.4442
68.9966
67.8284
67.2457
69.3324
68.1296
69.5233
69.3339
66.7149
69.4858
69.7690
70.9375
72.1773
71.7468
68.6439
69.8602
69.5450
68.5694
69.9028
68.8256
69.2848
69.1352
69.9458
68.5691
69.7900
70.3970
69.8226
70.9118
69.6165
70.3471
70.8758
70.7156
69.3348
70.4869
70.7330
70.2015
69.8483
69.5455
69.8409
70.7726
69.0603
68.6881
68.1095
68.4767
67.6514
68.9367
68.4160
67.1584
68.0025
67.3676
70.4173
69.2395
69.6073
71.0319
68.1484
69.3708
70.2542
68.6596
68.3664
68.1804
68.0497
69.4622
66.4311
67.6400
68.5020
69.5395
68.9916
68.3048
70.6243
69.0363
68.1235
68.6617
68.1004
67.4738
67.2617
67.5042
66.2889
66.9926
67.9774
67.0400
67.4956
68.5086
68.7261
69.2058
69.9673
69.1280
69.2528
69.5846
71.3353
70.2839
68.2103
68.3310
67.6939
69.0202
68.8081
68.4005
69.8713
70.5179
69.8507
69.8503
71.5381
70.0685
71.1945
70.9501
70.0578
70.2697
70.7215
69.8023
69.9818
70.2113
69.9865
70.1602
69.0707
69.6244
69.4552
68.0515
68.6177
70.3920
69.7727
69.7711
68.4932
69.3745
68.5283
70.3811
67.9012
67.0520
67.6066
66.8858
67.1608
66.6452
66.8041
63.6539
64.0305
65.6967
64.9161
66.4286
66.1128
66.7043
69.4009
67.6194
68.2759
67.4004
69.5520
67.9282
67.5829
66.6475
65.5366
65.4667
64.5118
64.1618
66.0316
65.9996
65.8926
65.6337
64.8748
64.3418
64.2102
65.8036
65.8890
64.8497
66.2166
66.6595
66.4197
67.9425
66.8349
65.7497
66.3262
65.7524
64.7617
65.2058
66.9654
64.7848
65.7325
66.6781
65.2442
66.4671
67.4880
66.5914
65.1788
65.7185
62.7695
63.7041
64.6969
63.8512
64.7431
65.1714
65.3449
65.4602
64.1248
66.5362
67.0612
65.4215
67.2935
68.4678
68.8801
69.2059
68.4241
69.0628
67.8570
67.0372
68.3468
67.7550
66.6007
68.1401
68.5500
66.7073
67.0189
65.9223
67.1623
67.2567
66.9105
66.3063
65.3260
66.1767
67.7499
67.1625
66.8189
65.8438
65.9633
66.9765
66.9194
66.6589
66.9560
66.9318
66.6240
67.2573
65.3771
63.9931
64.4758
64.5188
64.8917
66.5348
67.9775
67.7291
67.1145
66.6497
67.0692
68.6441
66.5200
66.6098
65.3977
64.5831
66.1320
64.4461
65.9853
65.6940
66.5705
65.5915
63.6591
67.0645
66.3143
65.9202
66.2386
67.3328
66.2349
64.7610
65.3691
64.4537
65.0245
65.0519
67.2355
65.6123
66.1304
66.9734
67.2275
66.3611
66.9539
66.7474
66.4833
66.2184
66.1936
66.0136
66.8054
67.9172
66.1892
66.0868
64.6433
65.6823
65.4968
65.6993
64.5390
65.2950
66.9315
68.5792
67.0102
66.5638
67.8873
67.6088
67.3549
67.7036
68.1142
67.7797
67.5676
67.2898
67.9240
68.8341
67.2441
68.7602
68.9663
70.2212
69.5463
68.7367
70.2261
71.8473
72.3064
72.2399
72.9087
72.1992
73.4030
71.7664
71.9005
71.1825
71.0002
70.9718
71.3373
71.1499
69.7786
69.8383
70.2235
69.3047
70.2305
68.3251
70.0360
69.9787
71.9385
72.3844
72.4102
71.2581
70.3616
70.0106
72.0194
72.2535
71.5864
70.1610
70.6683
73.4857
70.5825
71.1631
71.0016
69.8122
69.8616
69.7261
70.4290
71.8761
71.7323
71.6800
71.2764
72.8580
71.0825
71.7856
72.0890
71.5547
69.9872
71.6745
73.0443
70.9536
70.4384
71.0135
70.6301
73.8165
72.3971
73.6532
71.7359
72.4110
71.8839
71.1479
72.6609
72.7340
72.2111
74.3872
73.6227
72.2130
73.4913
72.9917
72.8470
73.0908
71.9205
70.9506
70.7787
71.9579
70.8161
71.1501
70.9004
70.1656
69.0022
70.5589
72.3879
70.0860
70.1584
70.5990
71.1933
70.4459
70.6384
71.9279
71.7297
72.2317
70.1170
72.8417
71.7689
70.7896
72.0598
71.9591
70.3279
70.1048
70.0675
68.2488
69.0061
68.0028
68.4446
69.8145
66.5489
67.7138
68.7293
69.0234
68.9795
70.1157
68.9285
69.0402
67.3997
67.4022
68.7219
68.5520
66.6047
68.3289
64.9431
66.6076
66.4416
68.4834
67.6010
68.1984
66.9763
68.9750
67.9613
67.4615
67.8529
66.4816
67.4819
67.4513
65.8620
65.4165
64.4558
64.8036
64.1925
66.7498
66.5336
68.4147
68.5681
67.9800
68.9574
68.8693
68.2286
67.1431
67.5295
68.0873
70.7388
69.6263
67.8395
67.9284
69.1352
68.5664
67.9375
68.2418
68.3886
69.1525
68.8029
68.9682
68.0193
68.5435
68.3183
68.5614
68.8502
71.2131
69.4882
67.9814
69.8278
71.5813
70.8376
72.0341
71.3823
71.7354
71.4842
71.6168
71.0945
69.7868
70.2981
68.4050
67.2811
68.3819
70.5019
69.9804
68.8354
68.9508
68.4270
69.5797
68.5762
67.6354
66.2760
66.3720
67.3004
67.2198
68.5260
67.5715
67.0703
67.2400
66.8459
67.7204
67.5942
67.6762
67.9724
67.9215
65.7289
68.7681
68.2576
67.3118
68.9342
69.0311
68.4609
68.5090
68.6892
69.1707
68.5379
68.1535
68.6280
68.8423
67.2770
68.0883
67.1755
66.4134
68.5858
67.7761
67.1258
66.3034
65.6495
67.4909
66.3042
66.2956
64.4230
64.1377
65.3031
64.9261
64.9243
68.0252
66.0086
68.5916
70.0646
69.4965
68.8646
69.6745
69.4220
68.6067
69.2268
69.7776
69.2779
68.7890
68.7758
70.4277
67.8986
69.5201
70.3616
69.1082
68.9177
69.2273
69.6633
68.6119
69.2396
68.3776
68.6673
69.3887
68.5810
69.2316
69.5794
72.9045
71.2887
71.0917
72.3223
69.4763
71.0003
72.5990
71.6433
70.1926
68.8738
68.3890
68.7504
67.7061
67.5996
66.5212
66.3835
66.7111
66.8623
66.0222
67.0724
66.1030
65.7236
65.6869
65.3052
66.5167
65.5802
67.5804
67.9883
67.4916
67.0462
65.8172
66.5899
67.9251
66.2689
65.0397
65.1172
65.0949
66.1953
67.1079
66.2969
67.8005
67.6509
66.7531
66.1218
66.0614
66.3756
67.7922
66.2466
66.9089
65.3388
66.2272
66.6166
66.7223
67.9499
66.9318
66.5081
66.4838
67.2802
67.7670
69.0770
69.0806
65.9332
65.3603
66.8255
67.8998
67.3096
69.3616
67.8189
69.7893
68.7572
68.8337
68.6697
68.8329
67.9762
68.2215
69.2920
67.8789
69.2953
67.9627
67.1372
66.4732
67.3368
67.1257
66.9880
67.4935
67.4494
67.1489
67.8903
66.7619
66.4253
64.4279
65.2034
65.4478
65.8163
65.8226
65.0254
65.3710
67.5910
64.7353
65.7510
64.6419
66.0571
67.0447
68.1150
65.2593
64.5284
65.0322
66.7347
64.1834
65.6430
66.3112
66.7156
65.7394
65.7449
64.7518
64.3737
64.8381
66.3404
65.7484
65.4538
65.0306
65.7938
65.9373
66.5472
65.5300
65.0728
66.8996
67.1263
66.3335
66.1667
66.2051
66.1697
66.5182
67.1869
66.6607
65.8005
66.1781
65.3150
67.0243
66.1456
65.6594
65.3188
64.8510
65.5454
66.3149
66.8441
66.8454
67.3093
68.1984
66.5090
66.3442
66.0946
66.1951
67.2050
69.4773
68.5959
69.1977
68.3272
68.1349
69.5152
69.2789
69.6602
69.5687
71.1447
70.5066
72.7146
70.5766
70.8775
72.0051
71.7556
72.0024
72.4412
71.9155
70.5295
71.7281
70.2766
69.9465
69.7345
70.4955
72.1005
70.6512
69.4788
69.8604
69.7611
67.9462
69.1595
70.0822
69.1240
70.5360
70.2678
71.3746
72.9556
69.8559
69.5426
69.6874
69.9210
70.6439
70.7373
68.8669
68.3149
67.3466
69.1537
69.9106
70.4171
69.3931
67.5918
68.2014
67.5188
67.0722
66.7705
67.0975
67.6744
67.5746
68.4136
68.5561
69.2099
69.3695
68.1900
69.2879
68.6137
69.6045
69.8150
69.5071
70.1426
69.9608
71.4448
70.1759
72.3258
71.4546
70.7109
71.3296
70.3854
69.4834
71.5734
70.7931
69.6253
70.8897
72.0561
72.4766
72.8722
73.2637
73.7103
74.7217
74.2288
74.1573
72.2984
72.3915
73.0450
71.7474
72.8015
72.4977
71.1605
71.8635
72.5117
73.5043
71.5018
72.2084
71.3706
72.3543
71.7707
71.6910
70.5424
71.6284
70.7966
72.0480
72.0217
70.9754
70.5119
72.4750
70.0782
71.2242
73.0537
72.5309
72.7372
71.2630
71.8330
72.0884
72.5649
72.2047
73.1908
71.4708
72.9259
72.4356
72.8422
73.3108
71.9646
72.8600
71.3320
71.3126
70.9299
71.9244
71.8480
71.4853
70.7695
71.0907
69.2872
71.4043
70.9022
70.0989
71.2121
70.8394
71.5297
71.7462
72.3584
72.9653
72.0353
74.7992
74.8142
73.7171
74.1874
73.9317
73.0082
74.1108
70.9051
73.7347
72.2077
72.7852
72.3286
72.2833
73.4412
73.0151
73.8235
73.8749
74.3384
72.2900
70.2853
71.9611
73.3799
73.7403
72.7458
73.4767
72.7615
74.0060
74.5889
73.7066
73.6234
70.6218
71.2981
71.6910
72.1231
72.3869
72.6951
73.3539
72.8165
72.1856
72.5155
72.8897
73.3076
73.8896
75.0137
74.6442
74.9783
73.6951
72.7293
73.0607
73.7177
73.4085
73.7605
72.9977
73.1034
73.3884
73.7611
72.6592
74.3142
73.9698
75.0119
74.6035
74.7850
75.4535
73.7162
73.0092
74.9744
72.2715
71.9395
71.6793
71.5596
71.1239
71.8987
74.0335
73.9452
73.2493
73.0513
74.1397
73.5950
72.8216
73.7643
73.6248
73.1948
75.2794
75.2044
75.0525
76.3845
76.3157
76.4678
76.8961
77.6614
75.9022
73.6113
76.2463
75.1932
75.3784
75.4493
73.3582
73.8594
74.9395
74.7195
74.0458
76.0090
74.8176
75.9835
75.2723
74.7405
75.0411
75.6298
74.7801
73.7502
74.5873
74.8637
75.5526
75.4483
76.9334
76.4981
76.3331
75.2125
73.1895
71.2013
73.8800
72.7230
74.2453
72.0959
73.5909
73.9821
74.6867
74.0001
75.3553
74.0526
74.6916
75.1268
73.1751
73.3383
72.6257
73.3208
75.5445
77.1193
74.8603
74.8485
74.4531
76.2193
77.3892
75.5642
75.6636
75.7467
75.3992
74.6350
75.1546
74.0978
75.5069
76.4510
76.5349
77.7447
76.9419
76.4607
77.9899
78.7158
77.2380
78.5034
78.2034
77.8014
79.9102
78.2798
78.8029
76.9417
78.7514
79.2538
80.6225
81.2223
81.9632
81.7619
83.0159
82.0948
82.5111
80.5850
79.4098
78.5319
80.1664
83.2011
80.5605
80.2333
80.4367
82.6105
82.1290
81.2705
81.1185
82.4205
83.3328
81.4487
82.7616
84.5310
81.8839
82.0168
82.4052
81.6738
81.8117
80.8121
81.4209
81.6661
80.7781
80.7780
81.0077
79.2279
80.6438
81.3889
82.4170
82.7764
81.9355
83.1848
84.1925
82.9693
82.4971
81.6811
81.6731
80.9319
81.6499
82.0958
80.9569
81.2035
80.5783
81.1603
80.4625
79.7945
79.5211
80.4740
80.5232
81.1110
80.4843
79.6833
80.2471
80.2515
79.5010
81.2766
80.0897
81.7048
80.5350
80.8989
80.9600
81.1834
80.8106
78.5497
78.6131
77.5937
77.5776
78.2583
79.1976
78.2972
78.6650
78.8877
77.8659
79.0692
78.1263
78.7053
77.3538
77.4380
77.6977
80.0162
78.8397
79.5147
78.9996
80.1484
77.8503
78.1039
78.1401
79.5654
79.0210
80.3892
81.1605
82.0328
82.1326
83.1568
83.6621
83.0684
82.1581
82.9019
82.5739
83.7027
83.9385
83.9419
82.6278
81.7764
81.4290
82.4319
80.4232
81.3028
81.8452
82.5003
83.0827
84.2109
82.0234
83.2230
84.5008
83.4772
83.4040
83.2809
83.0621
80.9796
81.9529
80.7285
82.8282
81.8293
81.1120
83.3287
83.3588
82.1394
82.0824
82.5914
83.6979
82.4384
82.3327
82.4121
81.8399
83.9593
82.3548
82.3143
82.8849
84.1496
85.5292
83.9800
82.8759
83.0871
83.1303
83.2971
82.6796
81.7864
82.6694
82.2272
82.1301
82.7827
82.7027
84.0731
84.0172
84.3639
85.6649
84.7966
83.3172
81.4001
81.8746
81.1379
80.5807
82.8749
82.0354
80.5579
78.9583
79.4983
79.2602
79.1847
79.5746
79.9723
81.8533
81.3543
81.1444
81.0251
81.1370
81.8797
81.4001
81.0484
81.2217
82.0378
78.8334
80.1192
81.3626
80.6427
81.1387
82.8700
81.3014
81.6724
80.6576
81.4265
80.4871
81.2228
79.2379
80.0607
80.5173
79.5016
79.6358
79.5251
79.2508
80.5010
80.2894
80.1192
80.2308
79.4749
79.5869
79.3805
79.8275
81.0533
81.2602
82.6660
82.3701
81.4023
81.0037
81.1494
81.0850
82.0477
78.9528
78.5888
79.0490
79.5785
78.4605
78.5942
78.4112
77.5151
78.0214
78.0075
77.7363
77.8899
78.4261
78.1078
79.8380
79.8850
78.2823
77.6413
78.9217
79.4838
81.5951
81.3231
79.0920
78.9518
79.6473
80.5213
80.4412
80.5516
80.4053
81.2823
81.4570
80.7668
78.2641
79.1982
79.0827
79.6296
79.9620
80.4965
81.0628
81.4963
80.2668
81.2470
80.8945
80.3775
80.0549
80.7072
79.3783
78.5187
79.6741
79.8924
78.7775
81.5402
81.1051
81.4007
81.5896
81.7675
80.9891
81.4774
80.1438
81.0276
81.4880
82.6818
82.1952
83.7023
82.6834
85.2380
84.1119
86.5443
84.8493
83.2900
82.7392
84.0097
83.9600
83.0516
84.2479
84.9657
84.1341
83.7083
84.2011
85.6447
85.3772
85.6650
85.3301
85.1438
84.1282
84.5287
82.2087
82.7684
83.0686
82.8579
83.4226
85.0580
84.4231
83.9529
85.1466
84.9922
85.5994
84.5556
85.5994
84.3577
85.5249
84.6093
84.5983
85.1707
87.8043
87.7690
86.0143
86.2370
86.7859
86.4928
87.3012
87.2462
87.1078
87.0323
87.9403
87.8131
86.7662
87.7892
88.3644
87.0594
86.2338
86.7040
86.3815
85.8548
86.0398
86.7060
86.3220
86.0878
84.4790
85.2002
85.3089
86.1344
85.0237
86.1079
87.0222
86.3620
86.5039
87.3321
86.6440
86.7976
85.3649
86.9437
85.3713
85.3846
85.2339
83.6120
82.0401
84.4564
85.4887
84.8145
85.6032
85.7368
84.9050
85.3134
86.0898
85.4644
88.1419
88.1974
87.8369
89.4437
90.7963
87.7545
89.7621
90.4188
90.4497
89.9814
88.3450
91.8115
91.7178
91.0862
90.4147
88.6190
89.1935
92.2641
90.5042
90.7331
90.9332
89.6757
88.6378
88.6253
88.4460
88.9726
88.9928
90.2101
89.8240
90.9304
89.1336
89.9540
90.2521
89.4186
88.7692
87.2049
87.7187
88.1490
89.6503
90.4171
91.0382
91.6926
91.3336
92.4041
92.1417
90.6776
91.7145
91.1637
89.5435
89.2423
89.9597
88.3290
88.1842
87.4059
87.4540
87.8438
86.3674
86.8894
85.9200
85.6653
84.5813
87.4522
87.4321
87.4659
88.0071
86.9582
86.1514
85.3543
86.3117
86.9767
88.2873
87.2363
87.2208
86.4872
85.2922
85.4750
85.5384
86.7100
87.0455
85.8226
85.2945
85.8819
85.3461
87.2145
84.9171
84.8296
83.3681
85.8160
85.3239
84.8876
82.9569
84.3790
84.5879
84.1840
83.5447
85.1313
83.9109
84.5721
84.9605
83.7906
83.9512
84.9131
87.1496
87.0823
87.0546
87.8951
88.6736
88.6082
87.1603
86.1413
85.8222
87.1800
88.6973
89.5175
88.2652
89.2884
87.2396
88.7201
88.3929
89.1093
88.3182
89.7421
89.4001
88.3658
89.0562
89.3516
89.3282
90.4277
91.1535
87.6898
87.3581
88.8076
87.5731
87.1524
87.4603
87.2319
88.1942
87.8527
89.5210
88.5637
87.6879
86.9838
86.8102
87.9619
88.0673
87.4612
87.5855
87.8079
89.7178
87.3862
84.8864
85.3070
84.4295
84.8855
86.9231
86.2341
86.7275
87.0253
86.1994
85.6994
85.6840
84.1306
86.2320
86.1175
84.9273
87.4489
87.3199
87.0301
88.2942
86.9368
87.1343
86.9932
86.5633
88.6022
88.2470
88.6876
89.3773
88.2426
88.3380
88.8490
88.7051
87.7471
87.3975
87.9199
87.8279
89.4134
89.5609
88.8288
88.1298
87.8071
89.0037
88.4356
88.4030
88.1144
87.4490
87.0525
85.9120
86.4975
87.8722
86.7466
86.3933
87.3625
88.8240
87.6420
86.9200
89.1114
90.0674
86.8503
86.8110
85.8655
84.3718
83.1095
83.7845
83.9614
84.7903
84.5602
84.0013
83.6043
83.4665
84.7182
86.3002
85.6269
84.1589
84.2507
86.1677
84.4001
84.6609
84.8380
84.3865
84.7975
85.5025
86.1476
85.3090
86.9005
87.9613
87.4645
88.2802
87.7353
87.1213
89.0607
87.6765
86.3415
86.7414
85.2851
84.7251
85.2289
85.8760
87.4563
85.0532
84.7121
85.8765
86.7122
85.7732
86.4410
87.4449
86.8067
87.0362
85.9959
86.2842
86.4309
85.0199
87.0463
86.8543
85.8959
86.5601
88.8375
87.5176
87.6390
86.3470
87.7550
84.1464
85.0535
85.3886
84.1055
85.6289
85.4072
86.1418
85.5740
84.6406
84.5175
84.1142
85.7971
86.0739
85.2409
87.3720
85.8780
86.7334
85.6995
87.1499
88.6404
87.6570
86.4082
86.8216
87.6024
87.0603
87.4773
88.3810
86.9630
88.4569
86.6510
87.5205
87.2661
86.9101
87.1467
86.9324
87.0947
88.7301
88.9617
87.3557
88.8095
87.4669
86.9069
87.2553
87.3143
87.6234
87.4690
88.4083
87.7729
85.3870
85.7790
85.2202
84.9158
85.3295
86.4963
87.0824
88.7952
88.8159
87.7289
89.0260
88.1187
89.4734
87.5044
87.6536
86.6216
86.2562
86.6240
86.7222
87.0937
86.9295
86.9096
86.2434
83.9085
84.2116
84.0863
83.5757
84.7165
85.4616
83.5571
82.8748
81.0087
82.3571
83.6331
84.5590
86.4215
84.6024
86.0373
85.7478
86.7082
84.7931
86.5983
85.7902
85.1657
86.2647
86.6233
87.2760
87.3879
86.5457
86.1936
86.5122
88.0957
88.6718
88.3579
88.7270
88.7929
88.0555
88.5286
88.4625
87.7084
87.0865
86.3328
87.6636
86.1847
87.5501
86.3507
88.0366
87.4887
85.5116
86.6493
86.8283
84.5107
84.1347
84.9461
84.7560
84.4450
85.8152
84.6768
82.8390
84.0758
83.8926
84.7204
85.5526
84.6044
84.0705
85.2121
83.8273
83.8958
84.0134
84.2707
82.8394
83.4807
85.0839
83.5235
85.5593
84.7068
85.5940
86.2546
84.5975
84.0107
83.9416
84.9307
84.1652
84.5253
85.0497
84.3332
85.4944
85.2580
83.6972
84.1764
84.3421
83.5139
84.1115
83.9396
85.4963
85.9676
84.3923
85.1737
84.7919
86.2471
85.5631
86.5642
86.3166
84.4749
87.0858
85.3894
84.7689
84.6563
86.4344
84.6581
85.4686
85.6601
86.4693
87.3522
88.2325
87.5479
87.7285
89.5874
89.0910
89.1474
88.6886
88.6488
89.6717
89.5550
89.9878
89.8209
89.7058
89.6741
89.2499
89.6418
89.4532
88.8997
90.0582
89.6571
89.0036
88.9820
88.7285
90.5325
88.7020
87.9451
88.3289
85.9968
88.8932
87.6073
86.9487
88.4858
89.8774
88.4114
89.0750
90.0925
89.3910
89.1551
88.6626
87.4996
88.6889
88.3018
89.5941
89.3464
89.9866
89.5345
88.4588
90.1720
88.8999
89.2793
90.2675
90.5016
91.4737
89.9380
89.7343
89.6925
90.4041
91.3341
91.2792
92.3861
91.6388
91.1257
92.7227
93.1484
92.6382
91.5254
91.7952
92.6415
91.2081
91.7431
92.8454
92.4403
93.5884
95.1176
92.2056
92.7539
92.4613
91.8179
94.6212
93.9435
92.3078
93.2077
91.9836
91.8170
93.1725
92.2543
91.5248
93.0874
91.8562
93.5668
92.1609
92.8477
94.9232
93.0352
93.9205
92.7318
94.1960
91.4829
90.5402
92.3596
89.8664
89.9258
88.7414
90.3666
91.1963
91.4107
91.2386
89.6816
88.6195
89.5939
88.9377
88.4315
89.0273
89.5953
89.1144
89.4487
88.9314
91.7574
92.6232
90.3597
90.0836
90.6436
90.5993
91.7394
91.3179
92.9917
90.9256
91.0046
91.1092
90.6081
88.6168
87.0791
87.7771
87.5223
89.3188
90.1548
90.0862
89.9965
91.2505
91.1506
91.6361
91.0635
92.0031
91.6741
91.9192
93.0160
91.2947
90.0632
89.9507
90.7601
91.8041
90.2741
90.3756
91.8872
91.8298
92.3218
92.5887
94.7897
94.5279
93.2651
94.8700
96.2412
94.5434
94.1555
94.7825
96.0952
96.5185
94.6102
95.9495
95.6324
95.7879
96.9055
95.5936
97.6700
97.9915
99.0486
98.1866
97.9277
98.5699
96.3011
94.2744
95.1737
96.9056
97.5497
97.7264
95.5262
95.3848
95.3760
95.4519
95.2215
95.1059
97.0746
95.4591
96.1411
95.5960
95.8984
95.4250
95.3478
97.4237
97.5556
97.4063
97.4259
96.8967
97.6288
97.1653
97.9826
96.8248
94.9996
97.4747
96.8125
98.1715
97.5919
97.1009
97.6187
97.4569
99.2808
97.7131
97.3695
97.1652
96.8621
99.0998
98.3272
98.0063
98.9422
99.0943
99.0924
98.6656
98.2375
97.2815
97.4849
96.5997
97.3753
96.9713
94.9171
96.1699
97.5507
97.2922
96.7490
97.5489
98.7041
97.0224
98.1835
99.1306
97.1849
98.4563
100.2500
100.7416
100.4703
101.1693
101.2173
101.6003
101.1128
100.4769
98.4276
97.8725
98.4473
98.4949
98.4576
96.1312
95.9395
98.4446
97.2082
98.6135
98.3686
98.1367
95.2365
97.5217
96.9065
97.6679
96.3761
96.9739
96.6818
95.4774
97.1030
98.6244
100.3614
100.1080
99.9840
99.4941
99.1931
99.7811
97.9138
101.4632
99.7258
100.2114
101.6984
100.9689
99.6262
100.0641
99.2944
99.7722
101.6057
101.0112
100.9841
101.2642
100.2162
99.6799
100.2905
100.8206
99.8243
99.0627
101.7368
100.7373
100.8067
99.7415
99.3946
98.7601
99.7878
100.2073
100.4442
102.1286
101.5381
100.5155
100.8708
101.0356
100.7070
100.6051
100.4951
99.3651
98.7993
102.2714
99.7385
99.1245
98.2491
99.2566
98.8860
100.0389
99.6899
99.4715
98.3476
99.7961
98.3797
98.0801
97.0914
98.4235
99.6438
97.4420
96.6393
98.0533
98.7173
98.4779
100.0126
99.6794
98.7782
100.4074
99.7691
99.2822
99.4105
97.5816
97.7865
97.5494
97.1492
97.4040
97.2517
95.9404
95.6430
94.5331
95.2668
95.8722
95.6932
94.6434
93.9481
97.2088
96.2363
94.1632
94.4878
93.5846
94.0786
92.9748
93.3149
94.0541
93.5319
93.1835
93.3356
92.6200
91.9701
92.3082
92.3187
91.9110
93.0564
92.4812
91.8859
91.6407
92.4577
91.1293
90.0709
90.1623
90.9994
92.0447
92.3885
89.8301
90.5563
90.9989
90.3199
90.6869
92.1008
91.2349
91.3699
90.9310
91.5551
92.2527
91.9098
90.1428
93.1867
92.6201
93.8040
92.7476
91.4690
92.3188
94.1203
91.9147
90.9001
89.7951
90.9031
91.2118
91.0121
92.5118
91.8219
93.8391
92.8325
94.3023
94.0311
96.2759
93.5015
95.2201
93.5126
93.2062
95.5475
94.6649
94.0939
94.1596
95.5835
94.8075
93.3300
92.5099
91.6908
91.2245
90.5590
91.0538
91.8207
91.7715
91.5386
92.2082
91.4632
92.6690
91.2381
93.2491
92.3588
91.1080
92.2107
91.5162
91.5324
91.1833
91.5026
91.6275
91.2050
90.3763
90.3353
89.5214
89.7920
91.8379
89.3915
89.7278
89.0684
88.4166
90.4253
89.7805
90.7916
92.2605
91.2797
91.4956
91.0402
90.5403
92.2858
93.0389
92.1847
91.9954
92.1848
92.2036
93.6732
92.8354
91.7294
92.3816
93.4478
92.9933
92.1184
92.7427
92.3674
93.5038
92.5720
92.3033
93.2416
92.1656
92.8198
91.1328
91.8250
91.7353
91.6326
92.0222
91.5105
92.8061
91.2861
91.9670
91.9276
90.9779
91.8374
90.9212
90.6829
92.3749
91.0332
91.2627
91.0602
94.1329
92.9198
94.3387
92.4287
91.9214
94.3844
93.2368
94.3248
94.8392
92.8193
92.4447
92.1234
92.4786
93.1952
93.2523
93.8280
93.0754
92.4171
93.3850
90.4781
91.2212
92.4903
92.2624
91.6684
91.0803
94.1397
93.6695
92.4934
93.4614
93.4129
94.1122
95.1789
96.1803
95.1207
94.3991
92.5233
94.8652
94.2753
93.2378
92.8958
92.4738
93.2000
93.1875
92.4836
92.5026
91.6886
91.4135
89.9627
90.1935
90.5964
89.8873
90.3238
91.3541
91.6761
89.3871
89.5009
91.1234
90.5890
91.8626
90.1692
91.1623
89.5828
89.1243
89.1399
88.4502
89.0182
86.6388
87.2388
87.6689
87.6151
88.1378
87.8175
88.5224
88.5284
88.6107
89.4988
89.4367
90.2662
89.2756
89.6002
91.1056
90.1056
90.3236
90.6500
92.2110
90.7435
88.4020
89.0625
88.8085
88.3879
89.1330
90.5420
91.7701
91.9434
92.4695
91.2529
90.4389
90.0252
90.4926
89.2462
91.1899
92.0698
89.5777
91.5117
93.2607
93.0797
94.6398
94.9357
94.7679
93.9029
95.2405
94.7581
94.9691
96.4203
93.4308
93.3874
93.8741
94.0995
93.2258
93.8828
92.9155
94.6657
94.1832
96.4173
94.9842
95.8874
96.5917
95.4548
96.7581
96.1095
96.0429
95.9034
93.9255
92.6525
93.2747
94.2926
94.3933
93.5049
92.5284
92.0792
93.2826
93.1940
91.9048
92.5125
92.9017
93.9218
93.1600
92.8901
92.5914
92.7402
92.8751
92.2739
94.1739
94.7434
94.2738
96.4233
95.0750
96.8530
95.7396
95.5835
96.6733
97.1817
94.8837
94.1080
93.2527
91.4390
91.6282
92.9032
93.9184
94.5907
96.4173
95.9964
95.8065
97.0588
95.8747
97.0798
95.1541
94.0719
95.0759
94.4594
95.4833
96.9683
95.1266
94.4281
93.9841
92.9592
92.3333
92.1680
92.7413
92.1016
90.2820
90.5717
91.0836
87.3144
88.0872
90.7577
90.2869
89.9180
90.4969
89.9142
91.1039
89.6878
89.8455
88.4579
87.7390
87.2555
86.3379
87.4587
85.9374
85.9572
87.8022
87.3603
89.5914
88.1601
88.6218
88.8902
89.7823
88.6271
90.1862
88.8782
88.7955
87.8949
91.2145
90.1776
90.4082
89.9920
89.8427
90.7372
90.5694
90.2508
89.9543
89.5865
89.7856
89.8874
90.0878
88.3393
88.6527
89.0283
90.9233
89.5812
89.4466
90.5984
89.9282
87.2552
87.1176
84.5608
84.3611
86.2268
86.3967
85.7426
85.4865
86.2107
85.7593
85.8076
86.8998
87.9357
86.4350
84.8629
84.4617
86.3920
88.2472
87.8569
89.5221
88.6606
86.6467
88.7642
87.0240
89.4517
90.4542
89.6468
89.6196
90.6121
90.0278
90.3169
89.0746
89.8787
92.2342
92.7814
92.2871
91.0038
92.4772
94.0948
91.4630
93.3867
91.3844
92.1853
94.4308
92.4361
93.1548
94.1913
95.5966
93.9124
93.5964
94.2054
93.5677
92.6715
93.6366
94.5579
94.9066
93.5794
92.9527
93.6506
93.6454
92.8343
93.9985
92.6954
94.2183
94.3677
95.8153
96.1504
96.1390
97.3650
96.5126
96.8263
95.7559
96.7514
95.6784
96.0796
97.3116
97.8946
95.8334
96.0365
95.0866
93.8636
95.8796
94.5682
93.1197
94.2083
93.3006
93.9753
94.7873
93.7287
92.2692
91.8685
90.7264
91.6048
92.4667
91.6840
