91.5190
92.0028
92.7431
92.5227
90.3682
93.0479
93.7520
93.2638
93.5548
92.3380
91.5189
92.2411
91.2555
90.7880
90.7693
90.5691
89.7078
89.6930
89.5288
89.6957
89.5389
91.5572
91.8451
89.5300
90.4902
92.0198
91.4788
91.9852
93.1920
92.5976
90.6564
91.5874
89.5509
90.1147
90.5417
90.7110
88.3464
89.6269
88.6893
90.5030
89.6988
89.8649
90.3281
89.8491
91.3922
90.1070
90.1820
88.8789
88.7528
88.1464
88.1869
87.0756
85.6752
85.5744
86.0262
85.5825
84.4235
87.6816
87.4665
87.6612
86.5059
86.7574
86.5614
85.5334
86.0570
84.8054
87.0981
87.1708
87.7716
88.1173
87.6726
86.3761
87.7204
87.7241
87.2998
87.9233
89.0412
88.9284
87.0982
87.3954
88.6372
87.9383
87.8501
87.5227
87.3876
88.0820
88.0055
86.6419
87.2365
89.0078
87.2716
88.5314
89.3608
88.8081
88.2455
88.7660
88.1015
87.2493
87.5666
87.2331
86.2398
86.8084
86.9303
86.2004
87.0998
87.2570
87.4164
86.3712
87.4790
85.6487
86.2610
87.5958
88.3546
89.3036
88.7260
87.6224
88.2630
87.9974
88.5032
87.7055
87.7444
86.1897
86.5299
88.7106
88.4548
89.0015
89.0343
90.1987
89.0711
87.4810
88.7200
87.9150
87.7848
88.2414
88.4299
89.1804
89.4778
89.0329
88.8959
89.7437
88.6372
90.2265
88.8883
88.6185
87.0164
86.8984
86.1565
85.8708
87.3672
86.8699
85.7988
86.0718
84.8747
86.2187
87.2377
87.7195
85.7923
87.1723
86.1257
87.1549
86.6513
85.6997
85.8123
87.1632
87.2491
87.8107
86.9809
87.0951
89.1143
87.6886
86.7872
85.7300
84.5601
86.7285
86.2430
86.3088
84.6372
86.6031
87.4294
86.7621
85.3387
86.4428
86.8633
85.6753
85.3928
86.0624
84.1971
83.5807
82.4818
81.8579
80.8576
82.8979
83.6119
82.4760
81.0734
82.1347
83.8854
83.4883
83.2802
83.2554
84.0890
83.8875
83.2350
83.5263
84.8238
86.7922
86.5999
85.8566
85.8683
85.8146
86.4720
85.3581
85.4090
87.4462
87.8314
88.3900
87.2294
87.0443
87.9716
87.0239
87.7656
86.3731
85.9167
85.3365
86.0802
86.8911
86.9536
86.0642
85.9700
85.3494
84.5893
86.4611
84.9704
85.9800
84.4044
84.1127
84.3529
86.1568
86.0544
87.2109
86.4726
87.2823
87.8855
85.1102
85.3732
84.7745
84.1875
84.9014
85.4459
84.4690
85.7069
85.5189
84.6582
83.9090
85.8929
85.1171
85.5765
85.5034
86.2982
83.5101
85.6798
82.8459
84.6562
83.4729
84.4344
84.2795
84.3527
83.8339
85.8580
84.8692
85.8969
87.2260
86.6973
86.8496
87.3877
87.7369
89.1707
87.4902
88.5239
87.6095
89.5656
89.4669
89.7657
89.4604
88.8847
89.1577
87.4421
88.6916
88.6532
86.4987
84.9742
85.4978
86.9149
87.4261
87.9231
87.3977
87.6662
85.9094
85.0917
85.2953
86.1302
86.3779
87.8629
87.1788
88.0139
86.3439
86.9223
88.1142
88.0856
87.5704
86.8919
88.3210
88.9530
89.4405
89.4461
89.7562
91.3400
90.2363
89.5751
88.0354
88.8224
89.0549
89.6001
88.7905
89.9504
88.9489
90.0091
89.3372
89.2486
89.0743
89.2944
89.5025
90.5588
89.6378
89.4930
90.6150
90.5979
92.3428
90.4360
91.3766
91.2508
91.8157
90.2159
90.5653
90.0587
89.8801
89.9732
88.9631
88.5317
87.4771
88.2321
86.8891
87.5039
87.5869
86.6826
87.3022
86.8408
87.8356
88.1046
86.5630
86.2491
87.0965
87.2992
88.9227
87.8828
88.2264
88.5808
89.9840
90.7495
89.0347
88.8510
89.4467
89.3759
88.8214
87.6193
87.7870
87.9077
88.5665
89.6801
90.0706
90.5237
88.2348
88.7061
88.1563
88.7382
88.5150
87.0531
87.5541
87.2050
86.8103
87.3234
87.0463
86.9809
87.9362
86.3275
86.8864
87.7899
85.6138
87.9871
89.9273
88.5608
88.8260
89.1562
87.5938
87.4410
86.2104
87.3820
86.7795
86.3854
86.8899
85.9136
86.9317
88.3253
89.1223
89.6895
90.3567
89.2574
85.9817
85.7728
85.6821
84.7519
85.4975
84.8824
84.2384
83.0581
82.2752
82.3933
83.9992
81.9338
82.7453
82.2573
82.9593
84.4121
84.8316
85.5223
84.3894
85.0839
85.2970
85.5596
87.5969
88.7195
86.1655
85.6375
84.6314
86.4577
86.3808
86.0851
85.9835
87.1906
88.1304
87.4731
88.6321
87.9789
87.1312
87.2330
87.8856
86.9678
89.9261
88.2731
86.2627
86.3223
87.5745
86.8380
86.2670
85.9827
87.6813
86.8054
85.9677
86.2302
86.0807
84.9331
83.2201
83.7481
84.7292
84.2734
84.5150
83.6878
83.3165
83.6967
82.2813
82.8034
84.5340
85.2248
85.1090
84.7258
85.1778
87.2381
86.7736
86.8712
87.0120
86.0848
87.9845
88.7622
89.0053
88.3085
89.3598
88.7501
88.7215
90.2489
91.1792
90.1255
91.0765
89.3177
90.6629
90.0616
88.6611
87.3246
88.7792
87.8882
89.7378
87.9557
88.5804
87.1198
89.0275
89.3059
90.2343
91.1772
89.9159
90.7074
89.8633
90.5990
88.9712
88.9594
90.2894
90.0456
89.9817
89.7179
89.9380
89.6412
89.5945
89.0566
89.3259
87.5677
87.7577
88.6173
89.1221
88.4660
87.8437
88.2652
89.2698
88.7036
87.9123
89.6442
90.1105
90.1100
90.0854
89.6885
90.5388
91.0365
89.2122
89.1675
89.7039
91.7337
90.3081
89.1857
90.2860
87.5827
87.9832
87.3011
88.7133
87.7408
89.3016
90.6920
89.4226
89.6038
89.6837
90.5153
89.9541
92.3620
90.2452
91.1059
90.0225
89.5430
89.0937
88.3816
87.8514
89.9807
89.3237
90.8568
89.6480
90.3846
89.5996
91.7680
94.3670
92.0700
94.5231
92.5591
91.0800
93.3415
94.7030
95.2723
94.3987
94.2770
94.2677
93.7844
94.9951
94.2799
94.7472
94.1336
93.0099
90.0869
90.7961
88.8836
90.2863
90.2546
92.7241
90.7198
91.3258
91.4003
91.1422
91.6079
89.4831
90.7593
89.5089
90.1233
90.9592
91.7142
91.4434
92.1046
92.4367
91.0946
92.6443
92.5331
90.4876
92.1938
93.9260
93.3826
92.6886
92.6643
92.7405
91.8397
90.2084
90.0322
90.6832
91.6712
92.5006
89.7590
90.4139
92.5151
89.8409
89.7679
90.1901
90.4603
92.5322
93.6398
93.0443
93.4647
94.0465
94.2000
95.3423
91.8754
92.1805
91.4359
91.0962
89.8198
90.9268
92.1514
93.3545
93.9574
92.9413
93.0310
94.4434
94.9002
94.1320
93.1393
91.9234
93.9405
91.9362
92.2832
91.7111
91.9747
93.6140
92.6130
92.9448
92.4454
90.6101
94.0805
94.4706
93.3001
93.7564
92.3701
93.0327
91.8024
91.6145
92.3386
93.2772
93.4372
92.5171
93.4908
91.1622
91.4120
92.0820
91.5407
91.5002
92.1074
91.0890
90.6804
90.3848
90.9324
90.7505
90.2137
90.3040
88.4168
89.3265
89.1496
90.5249
90.8094
89.5544
89.1117
90.3774
89.4989
90.4811
90.5259
89.9794
92.1458
90.3864
91.1789
90.7606
90.6707
91.4688
92.4117
91.3842
91.3999
91.0915
90.2739
91.1022
91.5752
92.1362
92.3283
94.4365
92.9305
93.7507
93.2359
92.0811
91.8381
93.4810
93.6887
92.3804
90.7282
93.1423
92.0408
93.9642
90.7908
92.1398
92.3357
92.7882
91.6387
92.7219
91.3064
92.4382
90.7783
92.4078
90.6148
90.9257
89.4987
91.6784
92.8176
92.0482
91.4473
91.5824
92.4334
89.4401
90.5184
90.7864
93.2587
91.5773
92.7755
93.8761
93.6586
92.2969
93.1773
91.3948
93.2948
92.5886
91.6090
91.6191
91.2748
91.4240
91.8929
91.6788
92.2731
91.5707
92.5469
92.7609
94.0581
93.7595
93.1575
91.7188
92.3198
91.4490
92.0669
90.0569
90.2723
91.0938
91.6493
91.0737
90.3725
89.9829
87.4575
89.0636
88.0355
85.8149
88.2956
87.2120
87.7207
87.7312
88.1116
87.8290
88.3128
90.1267
88.7291
88.5468
88.5563
89.1669
89.5428
90.8872
88.9499
89.0188
89.4625
89.1645
88.9241
87.7215
87.5924
87.1266
86.9611
83.7345
85.1832
85.1007
83.8824
86.5310
86.8976
86.8546
86.3907
86.7518
85.0786
85.7064
85.2530
85.7008
86.1349
85.9395
84.4941
85.8093
86.3788
86.6999
88.0989
86.6071
86.5670
86.5896
88.6846
87.1719
86.7188
87.7431
86.7355
84.6083
84.5014
83.6303
84.4901
84.7885
85.3086
86.4321
84.9178
85.7409
83.6037
84.8276
84.0292
84.7116
84.1350
85.2224
86.1528
88.6273
88.2938
89.4276
89.0658
89.8576
88.3128
88.9023
89.8973
89.5880
88.9209
89.2570
89.7308
88.3098
88.9389
88.9427
87.6057
89.6972
88.3418
87.1911
89.0475
88.4405
87.7564
89.9555
90.3504
91.1244
89.7033
89.8690
89.7407
88.9401
89.9269
89.3134
88.5507
89.0737
90.4171
90.6459
90.3894
88.7458
89.4140
89.9459
88.6408
87.5785
88.2225
89.7847
89.5314
89.8314
90.6512
89.7675
87.9896
87.3282
88.3771
89.6641
86.6567
87.2873
88.6920
88.7867
90.3613
91.7483
90.7063
90.4303
90.1323
88.8387
90.8307
90.2328
89.2261
89.2925
88.2119
89.0902
90.1546
90.2099
91.1881
89.8083
91.5186
91.9764
91.6099
90.6581
90.7786
89.8564
89.7516
90.0914
90.8241
90.8064
90.6277
89.4016
89.0691
88.4516
90.6382
89.3672
88.1468
88.1186
87.4926
86.0305
88.0540
88.9987
90.1233
89.0659
87.0030
87.0597
87.3721
86.9069
86.7173
85.0120
85.3510
84.3828
84.8013
84.8636
84.6193
86.4550
86.5168
87.4913
87.0938
87.4505
86.7412
85.9957
86.8269
86.1869
86.4100
87.5768
87.3959
86.0246
86.2911
86.6674
86.4664
85.7240
86.8533
85.1579
84.8723
84.5892
83.1112
83.6395
82.8386
83.8087
84.3975
84.4846
85.5882
84.9986
84.7322
85.3710
86.0875
85.8602
86.8471
87.1207
86.3432
86.5855
86.2056
87.4113
87.0191
86.8993
87.6250
86.2682
86.7306
84.4749
85.4664
83.9050
84.2697
84.9787
85.3820
88.5266
87.5550
86.6855
86.3570
84.7226
85.8340
86.0454
86.3986
86.7449
85.7814
85.8305
85.3185
86.0469
88.4979
86.1570
87.3757
85.7419
86.7873
86.5625
86.9620
86.0449
86.0407
84.2426
84.9471
85.8356
84.6824
84.4194
85.6558
86.8842
85.3772
87.3561
86.8752
88.3506
87.3004
87.5231
88.3789
88.0453
88.3439
86.9159
87.8326
87.1228
87.4631
87.8512
88.4712
89.4928
88.9210
88.8477
90.4573
87.7925
86.6062
87.0435
88.5496
89.9577
90.9429
88.6111
87.7686
87.3099
86.0851
86.7275
87.2287
87.9751
89.1652
89.2600
86.9476
86.9513
88.1089
87.9135
88.5775
89.5040
88.5871
88.5535
90.0017
89.2659
88.3696
88.3275
89.6375
89.3883
87.0817
85.5759
85.7692
85.6055
85.0911
86.3151
85.8158
85.4845
85.1853
85.6856
87.4613
86.0873
87.4329
86.8482
86.0405
84.6899
86.3060
84.5771
84.6414
84.7097
84.6025
85.8570
84.6138
84.5665
84.0975
83.9383
83.3673
82.8662
82.6718
83.6615
84.8852
83.5155
82.8718
83.1140
81.5539
81.8347
83.5326
83.3654
83.7689
82.8141
83.7949
83.7621
85.4040
84.4290
84.4034
85.2137
86.9155
85.7807
87.0648
87.0826
87.0945
85.7257
86.1788
85.4388
85.3201
85.7250
85.3919
85.4530
84.6479
83.8894
84.9444
85.7744
84.8737
84.7820
84.6621
86.4124
87.9340
87.5967
87.9224
86.3155
86.4519
87.3314
86.1350
85.9582
86.8859
85.2485
85.2457
83.0523
82.8390
84.5219
83.9867
82.4235
83.5622
83.0259
84.3461
85.0686
85.6634
85.6687
86.6810
85.7143
86.7451
87.9749
87.1540
85.6388
86.0661
85.8695
85.7355
86.3420
85.5492
84.6416
85.4852
85.5498
84.7253
82.5385
84.4910
84.1876
84.2189
83.7201
84.6110
83.5329
84.9831
84.6087
84.1385
85.3257
84.6315
84.9318
83.6733
81.9037
81.2938
82.5967
83.3143
83.9459
85.0727
84.4276
84.2883
84.5473
85.8214
86.1762
85.7129
85.4617
84.9584
85.8877
84.8133
83.5438
82.7930
83.3981
82.4513
82.1251
82.8703
82.4887
84.2836
84.5480
82.1338
82.0075
84.2587
84.7161
82.9685
84.1443
83.7985
82.5456
83.5543
82.4533
81.3399
80.9248
81.6277
81.2998
80.9946
79.2793
78.7220
78.3723
79.6185
80.8917
81.1445
80.6122
79.8204
81.9492
82.3260
80.7162
82.2000
82.1744
81.4807
80.9919
82.7019
83.3182
82.8604
81.4889
81.4448
81.8878
82.0392
80.1929
81.2388
80.8884
79.1023
78.0331
78.8293
79.9825
78.4938
79.5404
79.9388
80.3559
80.3151
81.6695
80.7322
81.6435
80.2726
81.5767
83.7798
82.1261
84.6930
83.3357
82.7738
81.7604
82.2159
83.7093
81.7929
82.9741
81.3686
81.1387
78.9346
79.2896
79.2428
79.9842
78.7860
78.1402
78.3847
79.0958
77.4687
77.0050
77.8489
77.1580
77.0882
77.6862
77.3489
77.7293
77.5539
78.0142
78.2756
79.1644
78.7828
79.6386
78.7990
77.2586
79.4446
79.0840
78.9204
78.1538
78.7508
78.7781
78.8301
77.9287
77.1328
79.3881
77.3774
78.3685
79.8827
79.7586
80.2942
80.8450
80.9220
80.7978
80.8016
81.4945
80.8698
80.2051
81.1731
82.3912
80.9298
82.0996
83.0022
82.8997
81.2773
79.6654
81.7200
80.3673
80.5392
80.7542
80.9569
83.2699
81.1572
80.9920
80.5911
82.0126
81.6507
81.9688
81.9665
82.0486
82.9593
84.2102
84.1100
82.5877
84.1930
83.4246
85.2996
84.0357
86.3234
85.9521
85.7162
88.0705
87.0074
85.8078
86.1653
85.5182
85.4976
86.1199
85.6317
85.3326
83.5869
82.8025
83.0844
84.9107
82.7021
84.1391
83.6830
84.5834
83.1318
83.1027
82.1530
81.6431
82.7229
83.4834
83.5676
83.2001
84.4571
83.2983
84.1262
84.1658
85.2582
85.1501
86.7944
85.9159
87.4302
85.6672
85.6422
84.7850
87.8677
87.1534
86.7518
86.8159
87.8792
87.3723
87.3357
88.6582
87.1540
87.6204
85.9489
86.0759
86.5077
85.1071
87.2426
85.0633
85.0919
87.2033
87.5794
87.4431
87.8155
85.8848
85.9482
85.3153
85.4997
84.8945
85.9390
85.7105
87.3398
87.4560
87.6478
86.8361
85.9389
85.0282
85.9692
85.9509
86.0989
85.3985
86.5289
87.4173
88.3347
86.5224
86.3748
85.8573
85.7869
86.0635
86.6464
87.0579
88.0875
88.1091
85.7456
86.0905
86.9875
87.5094
89.7735
89.6982
89.7509
89.7514
89.7903
90.7540
89.1024
90.1190
90.3892
89.7850
90.7097
93.2164
91.3385
92.9768
93.1352
91.3079
90.8064
91.6523
89.5839
89.7626
89.5802
88.9360
89.9064
89.0041
87.9483
88.7819
88.3775
88.2245
91.0665
91.7628
90.2094
91.1091
91.0030
89.9773
88.9782
89.3784
89.4933
90.0648
88.8557
90.1129
89.9447
90.8850
90.0890
89.6476
89.0048
88.7947
90.0309
88.7031
89.3297
88.7915
89.0549
90.0522
89.8900
92.0001
91.9985
90.7399
90.3199
88.7399
88.5297
90.5230
89.2590
89.1608
89.1312
89.6660
89.4894
89.4006
90.1489
91.4549
89.8871
87.9968
89.0423
89.7098
88.5096
89.1796
90.1941
89.5599
88.9869
88.2145
88.0216
87.8219
89.6960
88.5541
89.8642
87.9366
87.7154
88.8290
87.7764
88.1465
87.3929
87.8185
87.3769
86.6186
89.0706
90.2374
90.4041
89.9407
91.1505
91.0812
90.3714
92.7811
92.6986
92.9830
93.0750
95.0269
93.2410
94.7756
93.8304
93.8382
92.7752
92.7490
93.1505
92.6085
92.7072
93.4525
93.8085
93.4232
94.4281
94.1002
95.1312
94.7864
93.0376
91.6640
91.2388
89.8522
90.0147
90.3535
88.8436
91.0060
92.4792
91.9325
93.6481
92.1716
91.8752
92.9101
92.2592
91.7041
93.3884
92.1601
93.3890
93.8416
93.7803
92.9331
91.8119
90.7738
90.7503
90.7871
90.1951
90.7307
89.9807
91.0291
91.0017
91.7037
92.2753
92.6971
91.9992
91.8181
91.1549
92.8194
91.2116
89.7416
91.3289
91.3883
91.4522
89.6718
87.1581
88.5164
87.1458
88.4587
87.8611
90.2845
89.7120
89.5189
90.2844
91.3150
91.9674
89.7291
89.7592
90.1657
89.0497
88.7905
90.2644
91.2365
90.5823
90.6375
91.5875
93.5442
91.1805
91.8285
93.9257
93.5185
94.3958
94.8728
96.1520
95.2492
93.8662
94.2058
92.9180
93.9452
92.6541
93.9359
91.4864
95.6194
95.7686
94.8391
94.2078
95.6945
94.9181
94.1488
96.6683
98.0503
95.4138
95.2636
95.3416
96.4901
98.6692
96.6544
97.2015
97.7797
97.7713
97.5220
97.6564
96.3332
97.8982
96.7377
95.9521
96.9808
96.1308
95.2788
97.3103
97.1532
96.4003
98.4094
97.0107
98.2738
98.5024
97.4682
96.9012
94.5116
95.9488
95.3285
94.6962
95.7567
95.5330
96.0927
96.9786
95.8908
95.2279
94.6763
95.9278
96.4819
96.3081
96.2392
95.5270
95.9873
96.0277
95.7550
95.0088
94.0648
94.9813
94.8279
94.2909
95.2754
93.9885
93.6311
95.6834
94.9578
94.8864
95.5350
94.4521
94.8262
94.4726
95.0472
96.7562
95.2535
95.6599
94.3548
92.7913
94.6916
95.0330
92.1917
93.1722
93.0298
93.1399
91.4847
91.9841
92.8556
91.1875
90.2197
91.4064
93.0790
93.3186
91.6908
93.7629
92.0900
91.0443
91.1865
91.5588
90.5898
91.4908
90.4378
91.9433
90.1077
91.2345
92.4456
90.9294
91.5415
90.0273
91.2868
91.7989
93.2509
94.2283
93.8256
94.3310
95.3676
92.1824
92.3974
92.4038
92.5343
93.0785
93.2059
90.1093
90.5573
91.8634
90.8316
90.5690
90.4119
88.2976
88.7624
89.1312
88.9354
91.4824
91.2174
89.6329
89.9907
91.3586
91.7728
93.6376
94.1250
90.8221
92.1407
91.0304
91.4508
93.3162
93.0861
94.2235
92.8807
93.2181
94.7098
94.9945
94.7751
94.5932
93.7824
94.3130
94.8265
95.6492
95.6883
94.2351
93.9222
95.2160
94.2898
93.9284
94.3209
95.4402
94.5320
95.4948
95.3884
96.9915
97.3794
97.5331
99.3035
98.6283
96.6538
97.4900
96.8948
97.4340
96.5347
96.9599
96.0508
95.3165
92.5248
93.1762
95.8180
95.6934
97.1549
96.1850
97.6840
95.7180
94.9268
94.1533
95.6821
95.0984
94.9320
95.1958
95.7407
95.8163
94.6272
95.6711
94.1869
93.3766
93.9335
94.8131
92.9769
94.5896
94.0534
94.9389
94.6333
94.3263
92.6371
93.4687
95.0597
92.7139
92.3154
92.7045
90.8567
92.0860
92.7315
92.1546
93.1197
94.3608
92.8231
91.8608
92.4272
92.8036
92.7396
92.3841
91.4373
92.0636
91.8030
92.4465
92.9148
91.1163
89.0775
91.7045
92.6352
92.5163
91.4301
90.7091
90.9300
89.2565
90.6510
92.9357
92.2537
92.2250
91.8348
91.5898
91.5421
92.1805
91.9756
90.8503
91.6780
91.1855
92.1564
92.4443
92.8277
93.9731
93.3145
93.4854
92.2098
92.5770
93.4499
94.0937
95.7362
96.3419
96.2729
96.6094
96.4258
96.6952
95.8998
96.3762
95.9551
93.4262
93.3113
92.8516
94.1162
94.5677
92.5827
91.1267
92.5471
91.6526
91.6689
93.3922
92.2842
91.1508
93.1288
94.6962
94.0861
93.2605
94.5470
92.8891
91.4828
91.3315
89.8956
88.3592
89.6822
89.4686
90.4658
91.1202
91.6291
90.0520
90.2113
89.7799
92.3833
92.3280
93.4594
92.1040
92.4799
93.2097
92.9080
92.7535
92.4237
90.8344
90.5999
91.2179
90.7758
91.7508
91.0581
90.8317
92.8328
92.1686
92.8417
91.5840
91.7299
92.8315
92.3507
92.6997
93.3964
91.9887
91.7425
91.6768
90.4348
92.0932
92.9606
92.5035
93.1575
94.1008
95.6378
95.0650
93.3223
93.7809
93.6004
94.6613
91.6986
93.1239
91.2989
90.8236
92.9445
93.8602
92.8311
91.6682
92.5122
91.6850
90.7811
92.8552
91.5937
91.1943
91.0561
90.8568
91.2765
90.4211
90.7438
91.7178
91.2132
92.1086
91.3281
91.4860
93.5812
91.6447
90.9341
90.6984
91.8249
92.7390
91.8612
93.0780
94.1302
93.6516
92.3439
93.2111
93.3423
95.2342
95.3208
93.6165
93.5888
93.4136
92.4584
93.1410
92.0718
91.8051
92.4588
89.7892
90.1489
89.1620
90.2854
90.3940
91.3315
91.5647
90.8988
91.4338
91.1464
90.4494
90.6888
90.3907
88.6615
88.8037
88.5574
88.8433
89.9940
89.3731
89.5198
89.5375
89.1495
89.0213
89.5212
89.4698
89.0626
89.0995
88.7768
89.0287
90.6460
90.5885
91.1506
89.1853
88.4147
88.8766
88.4197
89.2031
90.3272
91.4552
88.7519
88.5752
87.2059
86.3400
87.2849
88.1432
88.4356
89.3242
89.2295
88.5075
88.4362
89.2052
89.4550
90.6769
90.6204
89.3937
89.1399
88.7875
89.4372
88.8633
87.8949
87.3519
86.7853
87.6466
89.4071
88.5745
87.6570
88.1371
87.8376
89.1700
87.8188
88.1217
89.0835
89.9573
88.1383
88.8136
88.5454
88.1938
90.3573
88.7668
88.3253
87.4188
88.5862
86.8791
88.8102
88.6600
87.2712
86.4648
86.5758
86.8155
86.5730
85.3492
86.0653
85.5038
87.8455
87.7580
87.9024
87.4839
87.5531
87.1934
87.5442
88.3508
89.0203
89.5054
90.6033
89.6285
90.2533
88.0291
88.6430
87.4884
87.1852
87.0257
88.5000
87.0818
87.5656
88.9788
88.6654
89.2340
87.3559
85.1318
87.5739
87.2647
87.2389
88.2176
88.2494
88.4370
89.9147
88.9602
88.6668
89.4716
89.2796
88.4025
88.1509
86.9857
87.3908
87.1317
86.8299
88.3382
86.3480
86.1390
87.7263
88.0059
86.7885
85.0327
84.0402
85.0869
83.3065
83.6441
83.1298
84.8364
83.8094
85.1802
84.4267
86.0341
85.6864
87.0195
86.8321
86.5155
85.0084
85.2686
87.5070
85.1200
85.7473
85.9972
84.8463
85.8496
86.3409
85.2962
83.5199
83.5304
84.8615
84.9079
85.8903
86.9998
85.4985
85.2300
82.6266
83.8318
86.0057
85.7018
87.3447
86.7870
87.8642
87.4654
87.4876
87.2187
86.8328
86.9233
87.7355
87.0533
84.7706
88.1304
88.0934
87.2104
86.8300
84.8191
85.7210
84.6635
85.1172
86.4373
86.4422
86.8093
85.6560
84.4124
86.1026
86.0141
86.3783
86.9902
86.4299
86.5642
86.2797
85.8599
84.0191
86.3322
86.5770
86.1853
86.1576
86.5183
85.6624
86.0876
86.3988
87.1593
86.2917
88.5836
88.6201
88.8023
88.2921
89.0693
89.8729
90.2626
90.7352
88.3514
88.7506
87.9373
89.5448
89.9006
89.8172
87.8043
88.7283
90.8878
88.1294
88.0234
88.4771
88.3785
88.6889
89.4227
87.1323
89.3014
90.1553
90.4939
90.0913
89.9743
90.2793
89.7481
87.8822
87.5763
87.2393
88.3927
87.5115
86.6332
85.3735
85.2343
86.1530
85.8838
84.6593
86.5964
85.1708
85.4097
83.5949
83.1857
82.0564
84.0978
85.7472
86.8471
87.3656
86.2136
85.4109
84.6131
85.2850
85.3853
82.1720
83.6446
82.9212
82.7347
82.5192
82.4658
84.1941
85.6402
85.3998
85.5801
86.0942
85.0270
84.8957
85.9078
83.9239
82.8186
84.3720
85.0646
84.2983
84.1601
81.9976
81.6125
81.7724
81.9056
81.4463
81.5756
82.0272
81.3360
82.7224
82.3519
82.9581
83.5688
83.1477
81.7671
82.2147
82.7665
82.7365
82.8683
82.3759
83.1045
83.3738
82.9759
82.6217
82.5786
83.4574
85.5191
83.9223
83.0183
83.2253
81.0741
81.7506
82.3758
82.7633
83.1989
82.6345
82.4850
82.7006
83.9536
83.1769
81.9481
82.6247
82.2888
81.1704
81.2422
80.6845
81.8477
83.3176
82.2513
82.1850
81.7673
81.0527
79.5361
80.7306
80.3690
81.5867
81.3268
81.0665
82.0019
80.9174
80.6299
81.7630
79.7090
80.9629
81.2908
81.5542
80.8464
82.5751
82.4561
81.5691
82.7208
82.4997
82.1088
83.3055
82.7510
82.1500
83.6058
83.2407
83.1044
83.0585
82.3775
81.4601
80.5006
81.3184
80.2754
79.9538
81.0131
83.0227
81.3576
82.6964
82.9890
82.5258
82.8332
83.3496
83.1214
83.2061
82.7036
82.0826
81.2850
80.7770
82.4199
81.3977
82.4219
81.3092
81.5094
82.9484
83.4090
83.4271
84.0254
82.7471
82.5967
81.5530
82.2644
82.1099
83.3837
82.0999
82.6391
82.4561
82.9755
82.8729
83.0705
83.2415
83.3535
82.6169
82.9814
84.0956
84.4122
82.6648
81.9652
83.1775
83.1304
84.0040
84.4742
83.6442
83.8402
82.9191
84.0516
84.3972
85.0408
84.8211
87.2485
85.9266
84.3429
86.6774
84.8701
85.1925
86.9651
85.0842
85.7046
84.9842
85.1823
86.4158
83.4345
84.9606
84.4396
84.9049
84.6134
86.6867
85.5792
84.4524
84.5950
83.2361
82.9276
83.5559
83.2338
83.7008
81.3940
81.9784
81.8404
81.9946
80.8495
82.4148
81.8097
83.7117
84.3805
84.5504
83.1445
81.7471
82.2612
82.2519
81.3373
83.3496
82.8449
81.6203
81.2646
81.1733
82.1631
82.2957
81.2977
83.6004
81.5231
82.1993
82.8494
82.7314
82.0901
83.3690
81.5143
81.7090
81.4672
81.2259
81.1793
80.2280
79.5592
80.1463
81.4247
81.2203
81.9845
82.5049
81.4213
80.4254
80.3496
80.1122
78.4000
80.8620
80.2700
79.9618
80.6258
81.7625
80.8736
79.9240
79.3764
80.3441
81.3252
80.6557
81.1344
79.6797
80.5091
80.8274
79.9950
81.6939
79.2609
80.9730
80.5424
82.0154
83.7104
81.4035
80.8635
80.1200
81.4270
80.4600
79.5548
81.0202
80.0924
80.8974
79.8750
81.2537
80.6522
81.8467
83.6741
81.9388
81.7183
82.2364
81.2101
81.4756
81.5637
80.4801
80.1421
80.6831
81.4069
80.1408
78.8961
78.6903
79.9096
78.1912
79.1806
77.8587
78.0401
79.4469
78.7271
79.5017
78.4994
78.9402
79.7769
79.8460
80.3554
80.3558
80.3822
79.8235
79.3482
78.9736
79.5713
78.5220
80.5980
80.8558
80.5332
80.6807
80.2912
79.6119
80.4666
80.5352
80.8212
79.8267
79.2224
81.0440
80.7767
80.3956
80.3518
81.0345
80.3769
81.3445
80.1152
78.7513
79.3162
80.4268
80.8131
81.2123
79.5024
80.1935
80.6473
80.7461
82.9268
82.3806
80.4187
82.2470
81.7196
81.9796
81.8322
80.9667
82.5730
81.2378
80.2311
80.9628
81.4592
82.4788
79.6448
81.9239
82.5325
81.7584
82.0297
81.4727
82.1961
81.6957
81.9560
81.7334
80.3492
82.7478
82.5842
81.9192
81.2396
82.5576
82.8624
82.7477
81.5460
82.1034
81.2206
82.5359
81.8665
81.7269
81.5199
80.6586
81.4720
79.9945
81.3428
82.4797
81.6209
81.0851
81.6130
81.8863
81.6212
81.2177
82.3823
83.2354
83.1953
81.0864
82.3419
81.8054
82.5599
80.6740
81.4315
80.1925
81.7614
81.7740
82.1403
80.3324
81.5282
82.2544
81.4909
81.7351
80.7651
82.0914
81.3986
80.9771
80.9816
82.2701
81.8506
81.8804
84.0007
83.5395
83.4581
82.4056
83.3214
82.1417
83.3889
81.5674
81.4363
82.3500
83.4520
83.6529
82.3674
83.0520
83.3749
83.1057
82.9334
83.2516
82.7776
81.6081
82.5306
82.0656
83.4213
83.5047
82.5321
81.5450
83.0281
81.7077
81.2514
78.6417
80.5323
81.0071
80.5631
78.7953
79.3508
78.6916
79.7883
78.8762
79.3924
80.7956
78.4745
79.8807
79.2749
80.1289
79.0898
80.3835
81.2188
81.3950
80.7336
80.0308
81.1427
80.7663
81.5783
80.8008
81.3836
82.2705
82.0313
81.0867
80.9010
81.1460
80.1952
80.8907
80.9566
81.0905
81.7136
80.8617
81.1606
78.1425
78.4505
77.1729
78.7430
77.7791
77.1941
78.4505
80.4107
80.5772
79.8895
78.9795
78.6693
80.0342
80.9540
81.7648
81.5702
82.8018
83.0121
85.2878
86.3323
85.8832
85.8700
85.7259
87.1489
87.0701
87.4636
87.8399
87.1410
85.6573
86.8184
87.5620
87.3355
87.8923
87.7299
88.4434
87.8083
88.2015
87.1519
86.9766
86.7987
87.3904
86.8824
89.4434
87.5679
87.0315
86.2254
85.2106
84.9920
85.4065
85.5669
84.9764
84.7477
86.4998
87.8466
87.6312
86.4906
85.4947
85.5528
85.6642
85.5118
85.8580
85.6417
82.7013
83.4387
84.5996
86.2075
86.1296
85.1934
86.3224
87.6005
87.4417
87.8922
88.4618
89.8247
88.9780
88.7987
86.2503
87.0836
85.5375
84.9912
85.5379
84.9434
84.5038
82.9822
83.5135
84.2827
85.0500
85.5169
85.7070
85.5252
83.9339
84.4385
86.5600
84.9212
84.3563
83.1993
84.2913
84.5988
85.1426
84.8230
85.1132
85.4418
85.4045
84.3588
83.4328
83.9518
84.7780
84.9659
83.3937
84.3308
84.9089
84.4844
84.2242
84.0207
84.6875
83.8319
82.2459
82.9713
84.2534
85.2748
83.9890
84.5187
84.1848
83.8802
84.2842
84.9057
83.4243
84.8597
85.5002
83.7635
83.5337
83.5548
84.4285
83.3169
82.5701
84.0872
83.6828
84.1408
83.8255
82.6263
83.8849
85.5018
86.5257
85.8725
83.5554
83.3650
85.4352
84.3939
86.1322
84.4095
82.4882
83.6144
85.0296
84.2359
83.6402
84.1438
84.4982
83.7416
82.9899
85.4267
82.9600
83.5079
83.5373
82.8551
83.6919
85.8013
86.1613
84.5917
83.2584
83.9707
84.4832
84.9010
83.4793
83.6111
85.8330
84.6733
83.5314
83.4421
83.0391
83.3459
81.9988
84.2868
82.8232
83.8637
84.2692
82.8008
83.2784
83.1779
82.1081
82.0867
81.8401
81.3084
81.9962
83.0513
83.7553
84.1217
84.6077
85.4081
84.1074
83.3502
83.0369
82.9863
82.7810
83.7475
83.1126
82.9620
83.3435
83.7549
84.3703
85.8224
83.2839
83.0760
83.1290
84.3527
82.3008
82.8452
83.8550
85.5030
85.5865
85.1180
84.1599
85.9363
83.2158
82.1252
82.4682
82.6064
84.2711
84.5211
82.7571
83.3532
83.0525
83.0233
84.5976
84.5121
84.5030
86.5295
86.3996
87.0858
85.4042
86.5111
87.7074
86.0586
86.6393
85.4846
84.8770
85.5982
84.9851
84.6864
84.1530
84.4062
86.2513
86.3459
86.0272
86.8092
86.0162
87.3643
86.9797
85.9164
85.0599
86.1639
85.0733
84.1908
82.8487
84.1387
83.1029
84.1768
82.8997
84.5212
84.8144
85.7503
85.1546
84.7548
85.5468
86.5417
85.7644
86.4085
85.4661
84.7932
85.8251
85.3665
85.2661
85.4945
85.3493
85.0156
84.8493
85.6607
84.1009
84.9206
86.6052
85.1628
87.2164
87.0651
88.4250
86.3981
88.0077
86.6602
85.5288
88.1311
87.4963
86.7983
87.1360
86.2326
85.7104
84.9090
85.3880
84.7603
84.4685
84.2594
84.9060
84.4011
83.9771
84.8026
85.5550
83.0076
83.0851
85.9716
87.1655
86.0099
85.3403
84.7269
86.8551
87.8881
87.8246
89.3661
87.2432
87.0351
85.7760
86.0303
85.3459
84.7540
84.4196
84.0147
85.6128
85.9020
88.3728
86.4183
85.7086
85.3466
85.6729
85.7054
85.3524
86.2848
85.8856
85.4945
84.8953
85.2357
87.3565
86.9349
87.7558
87.4432
88.5192
88.0035
87.2350
87.9165
89.2871
88.3201
88.6162
89.4032
89.4740
89.1154
88.8222
89.5883
89.6715
90.5438
89.7013
90.5080
90.2946
90.7422
90.7623
90.3163
91.2891
90.4231
90.7886
89.9280
90.1720
91.8458
91.9310
90.9543
90.7701
90.4668
88.9899
90.3237
89.7561
89.7284
88.3512
88.9318
90.5335
90.2771
88.9787
91.6527
90.5620
90.4364
90.6086
87.7012
89.4950
89.4310
89.5068
89.7287
90.0793
90.3834
89.4583
90.3544
89.1735
90.4970
90.9078
90.7682
89.1777
89.8509
91.1710
91.2870
91.2756
90.3174
89.4604
90.6255
89.6764
88.1352
89.1092
90.7233
90.3650
90.4450
90.7103
90.5534
89.8800
90.4624
89.6943
90.2936
88.7876
88.6688
88.5735
86.4355
86.5978
86.8722
86.5966
86.5754
86.7737
86.9604
85.9324
86.9021
84.9327
87.5496
86.1297
85.8984
86.8491
87.7967
87.1293
87.7462
86.3775
86.4415
85.4761
87.6144
85.8594
86.4358
88.3587
89.9594
89.7034
89.5627
88.9899
90.2711
91.8820
91.2021
91.2440
90.0133
89.8653
89.5760
89.6006
88.7305
88.3398
89.7819
86.8374
86.9196
86.5494
85.5849
85.3905
85.3423
85.9628
87.1084
86.0507
86.5960
87.0184
86.8790
87.0306
86.8104
85.0714
83.9715
84.0551
83.9880
84.7378
84.2796
83.4201
83.4341
84.0746
83.9684
82.7686
83.0413
82.6191
83.8594
84.8173
85.3283
84.7815
85.9072
87.2920
87.9516
88.1749
87.8035
86.5670
85.4884
87.0775
86.7262
87.1707
86.7528
87.4727
86.8755
86.2675
86.7588
88.7140
88.4745
89.4741
89.1983
88.7992
88.1416
87.8097
86.6179
88.9711
87.6194
87.7861
88.5922
88.7886
87.9930
88.2946
89.0300
89.8685
89.7585
88.5992
87.5434
88.7135
88.3227
88.7412
88.7338
88.9013
89.2078
87.7543
86.7799
87.8284
85.6537
86.4018
86.3227
86.5321
85.9356
86.2756
85.0200
85.7801
86.2250
86.5308
85.5339
85.8906
84.9818
84.7111
84.9391
84.9682
84.4197
84.1040
83.7724
83.7065
84.0314
83.7435
84.8027
84.1763
83.9543
82.1767
83.8527
85.7733
84.2209
85.3865
85.7807
85.1042
85.5508
85.6474
85.4353
85.0968
84.5201
84.7992
85.0345
85.3777
84.7333
85.4055
84.2030
84.9238
84.0941
85.8059
85.2182
83.9402
84.6441
84.9198
82.9008
83.7394
82.8889
83.8772
84.2150
83.9161
83.5969
83.4672
83.7240
84.7600
83.6513
83.0844
84.6260
84.0379
84.7673
84.6401
85.8096
83.9703
84.1505
83.1418
84.1220
85.0393
84.9806
84.7750
83.7587
83.6319
83.1361
82.2621
83.4489
82.1170
84.4542
85.8721
85.1058
85.2493
85.6404
86.6044
85.7672
85.6030
84.8936
85.7877
84.7255
84.1903
85.8049
87.1438
85.5938
85.3559
84.4319
84.9981
82.3337
82.5599
83.6531
81.5569
82.7911
82.5235
83.1109
82.2023
84.9844
84.8933
84.4808
84.2753
84.4381
85.3150
87.2700
85.9440
87.8890
86.2344
85.2753
85.0005
84.6930
86.4824
85.5217
84.7151
86.7897
86.9733
86.6243
83.9353
82.9936
85.4213
83.4927
84.2063
83.2135
84.5698
85.5452
84.2980
83.7058
83.1612
83.6958
84.3202
84.1924
85.0450
84.9353
83.7642
82.7210
82.5193
84.1351
84.4246
82.2824
82.8321
82.5498
81.9055
80.9196
81.1748
81.6188
81.3568
81.2573
80.8321
80.7856
80.2730
82.4302
82.2597
82.1877
81.4262
83.3952
81.3523
82.6326
82.4010
82.1926
81.7426
82.0798
83.0101
81.4484
80.9260
82.7726
82.4724
81.6014
82.3079
82.3306
83.4383
83.7071
81.8529
83.2674
83.4519
83.1050
83.8816
83.0971
82.8119
85.2079
83.9681
83.4757
83.6166
84.2650
85.3086
83.8890
84.0144
83.3072
82.9653
83.3590
83.4520
82.6764
82.2474
81.8581
82.7551
82.1016
79.8909
81.5577
81.5776
80.6062
81.5533
81.4794
82.2828
81.6555
80.9500
83.4146
82.7058
82.7305
82.2359
82.0618
81.4964
80.4635
82.4170
81.9303
82.2241
84.0528
84.3814
83.8855
83.4375
83.3201
82.5049
83.3808
82.9932
84.7881
83.1642
82.4868
83.2380
83.8085
83.3904
85.2149
85.4446
85.1891
86.2771
86.2603
85.3963
85.4960
87.8269
86.7903
86.3093
86.2592
87.1178
86.8803
86.2151
86.0625
85.0209
87.3777
87.0035
88.7212
88.6815
87.8124
88.4987
87.6246
87.2592
90.1062
89.7895
89.5572
91.8597
91.3501
90.0402
88.8110
89.7991
89.9493
91.9147
89.9299
89.0580
88.2713
90.3230
90.2700
89.9805
91.2846
89.1150
88.2251
88.7184
87.6531
88.3144
89.2846
88.9294
87.4987
89.6497
89.1907
87.9905
87.7910
90.5917
90.5918
90.2010
90.0165
90.0853
90.5569
90.7956
90.1387
92.3759
92.5500
91.5172
92.3268
91.2133
90.9043
90.3756
91.5363
89.6825
89.1614
89.7196
90.4310
89.4285
88.9837
87.6793
87.5994
86.4541
87.9461
86.2607
85.9701
85.9765
85.6884
85.5433
83.0460
83.5711
83.4733
83.7632
84.0938
85.5064
85.4842
87.9352
85.7742
85.0855
86.5000
84.8943
85.5447
86.5102
87.2204
86.9128
86.4305
87.0379
87.7941
85.5687
86.0629
87.7856
85.9613
85.0687
86.8754
86.1802
86.6247
86.9767
86.0983
86.3034
86.1895
86.0061
87.6875
85.6895
85.2944
87.3836
87.1463
87.9796
88.1277
87.5699
86.6787
87.4224
88.1531
88.8193
86.1331
85.8080
86.5905
86.9068
86.4410
87.6768
86.1284
86.5589
87.6914
87.8566
87.4733
87.9720
86.1694
87.8489
87.4346
88.3662
87.5215
86.3694
86.2769
86.8398
87.7129
89.8709
89.1422
88.5880
87.1738
85.9287
88.7724
88.8818
89.0722
88.6155
88.8200
89.3641
88.0776
89.1781
90.6824
91.5709
89.3702
91.0719
93.1760
91.7422
91.4431
91.9099
89.8924
89.7559
90.0168
90.7619
88.7912
87.9332
88.5155
89.2933
89.8647
90.7606
89.6818
89.2382
89.3106
89.6885
89.7054
90.6938
90.2861
90.1421
91.3031
90.8874
91.4594
91.1840
92.2344
89.3864
90.5166
90.8129
92.2782
90.7798
90.7663
88.9798
90.2429
91.2887
91.6019
90.3243
88.9548
89.5780
88.5139
85.7677
87.1422
85.8632
86.6260
87.2594
87.2829
87.7735
87.5651
88.4603
89.2704
88.1369
86.4640
88.3144
89.9557
87.3134
86.5943
87.4694
87.7647
87.7683
87.4768
86.2978
86.3760
86.2011
86.5579
86.1473
86.5479
85.1816
84.6375
85.5551
86.8502
86.8576
87.2311
89.1162
88.3611
90.0323
88.9314
90.0921
87.0251
88.5997
88.4443
88.0381
85.7166
87.3735
86.5248
87.0953
86.9724
85.6715
85.7715
86.2013
87.0170
87.2355
88.6474
87.5870
87.5304
88.2159
88.5661
88.6565
87.6665
87.8282
86.8824
89.8024
88.5487
88.4163
88.9594
88.0530
86.8610
84.7968
84.4074
85.0105
84.7528
85.5398
84.6966
84.2802
83.5063
83.1899
82.7503
82.6864
84.3960
84.9709
84.4786
82.9123
82.3594
83.8364
82.2055
83.7621
84.6050
82.5853
82.9137
82.1123
83.2669
82.5601
82.8835
82.2285
81.6718
81.4312
82.6490
83.8131
83.2115
82.9159
82.1940
84.0253
84.9855
84.4305
84.3230
85.2757
84.6242
85.6083
86.2335
86.4679
86.2567
86.4202
86.1131
82.8882
84.2005
83.9841
84.2590
84.7599
84.3032
84.4664
85.8411
85.7141
86.3584
85.8199
84.6958
84.5422
85.7779
86.1260
86.5368
87.4423
86.8347
85.5915
86.1219
84.5529
86.9056
87.1777
85.9977
86.1073
86.7950
85.7740
86.1990
85.5237
85.1270
84.3665
84.9919
85.0163
84.5167
83.4086
85.9338
85.0888
84.9624
83.0547
83.8424
83.2428
84.8669
83.1343
84.6670
85.6705
85.3991
84.5166
87.5473
86.4623
88.0523
87.6716
86.7549
88.4205
87.1380
86.1402
86.8045
88.2607
87.3992
87.6291
88.0590
87.8460
87.9095
86.6274
85.2104
87.5364
86.9317
85.4953
84.8887
84.6621
84.5072
85.1545
84.0184
83.1811
84.6082
83.3239
84.3626
84.9243
84.1955
83.9276
84.0627
84.3451
84.8642
86.7222
86.7216
87.4910
86.4384
87.6782
88.1500
90.0360
90.4900
88.5376
88.4599
88.1081
86.8092
86.9381
86.0405
86.7588
88.5763
87.7031
87.1653
87.1553
84.9448
86.8077
85.5416
86.7021
88.1854
87.5203
88.2051
87.8053
88.1013
87.5118
88.7830
88.5530
89.5401
87.2041
86.5970
86.4769
86.3559
85.1243
85.3593
84.6395
84.9725
85.7507
84.9581
83.9032
82.3303
82.9622
83.1843
83.1279
82.7382
83.3988
85.6558
85.1970
85.1193
86.1094
83.1393
83.5380
83.6560
84.3326
84.0995
85.4988
85.1924
84.2958
84.0017
84.5005
84.2087
85.0275
83.9269
83.9144
83.3288
85.2583
85.2799
84.1395
84.3271
84.9979
84.1072
84.1957
84.0156
82.7914
85.7810
86.4748
87.1006
87.4633
85.5984
87.3956
87.6983
86.8732
87.0139
86.9999
86.6074
86.5701
85.0161
84.9203
85.8401
87.0873
86.4254
85.6439
85.2116
85.3185
85.4283
86.1549
85.5795
86.8188
87.8071
86.9606
84.9804
87.1280
86.2430
85.5697
84.4885
84.8176
84.1608
83.4157
83.2739
83.7505
83.1611
82.2019
85.6401
83.8219
82.5794
81.8593
82.5466
83.3146
83.4726
84.0377
83.3662
84.7679
84.0148
84.2243
84.1328
81.8059
80.8975
82.6121
83.2952
82.2766
82.7986
82.2919
83.1494
83.1105
84.3629
85.3247
85.3177
84.6662
85.5892
85.1928
85.5098
85.0318
84.3898
85.1899
84.6536
85.4959
85.2699
84.8854
85.5302
85.5473
86.4145
86.9256
87.5745
84.7883
85.6382
87.3026
86.9210
88.2510
88.6899
87.5491
86.5772
86.7141
86.2902
87.8739
86.8840
86.1725
87.1023
87.4724
86.8503
86.7705
88.7191
87.9429
89.0138
87.3558
85.4607
86.9425
87.7302
86.1790
86.4701
87.1236
86.7858
86.5983
87.6653
86.6635
85.9445
87.6350
87.5226
87.8064
88.0059
86.8887
86.5581
88.4408
87.0367
85.0496
85.5867
85.7065
84.5531
84.7603
85.5876
85.5323
85.3550
86.4965
86.5993
86.3625
86.9290
86.3504
85.0109
85.1855
86.8301
86.5609
86.3997
87.1192
86.6605
86.6143
86.5591
87.8949
86.9949
86.5568
86.0640
86.7191
86.2183
86.3102
86.6961
85.6812
86.1070
86.8357
86.7740
85.5199
84.4341
86.5979
86.7189
85.4218
84.1810
86.4306
87.8417
86.7137
85.8589
85.9557
85.6345
85.9474
85.7550
85.8885
86.3688
87.7745
89.1627
86.9295
87.0809
89.0580
89.7396
88.6951
86.7400
87.6121
86.9687
87.3663
87.0625
86.2131
86.1353
85.7378
86.6235
86.2878
86.3907
88.5285
88.9430
88.0978
89.2881
90.0218
88.2494
91.0738
90.2142
89.5610
90.4218
89.7602
88.6361
90.1753
89.4431
89.6522
90.9707
90.4782
89.7748
90.7512
89.5725
89.7532
90.8596
92.7249
91.2651
90.7900
89.2029
89.6125
90.0131
89.5867
89.1720
89.9029
90.2064
89.4308
89.0446
90.4086
91.4177
90.3538
92.2357
91.0473
90.2290
89.9366
90.4422
88.5335
89.6421
89.1007
87.7806
88.7656
89.6504
86.6564
90.1131
91.1014
89.0591
89.1125
88.6351
90.4082
91.2861
91.2020
92.4234
90.3772
89.9845
89.3346
90.4686
90.0357
90.3577
91.3268
91.7675
90.7175
90.2714
89.4324
89.6583
89.2916
88.8980
88.2146
87.4782
88.2158
87.8792
89.1435
89.7529
87.8222
89.3223
89.3082
88.0317
89.0553
87.5465
88.5353
87.1727
88.5136
87.1007
88.8937
88.8512
87.5381
87.3889
87.7332
88.1069
87.7318
88.0199
89.2718
88.2035
86.9872
87.8693
87.8911
89.1952
88.6950
89.1269
88.9006
88.1319
89.4381
90.0927
89.3714
87.7188
88.7677
87.7678
87.8142
89.5177
91.6372
91.0349
90.8468
89.9629
91.3094
89.5345
91.2333
90.8646
90.7878
91.4897
88.8982
90.0921
90.0873
89.9057
89.5179
87.9126
89.6344
88.5357
88.4290
89.7679
90.6658
92.3010
92.0259
90.6881
88.8872
90.9248
91.2077
90.4883
90.2262
90.1081
88.6958
87.2379
89.1102
89.5777
89.0575
88.8383
88.9995
89.1671
89.4501
90.2600
90.1810
90.3874
89.6347
88.8310
88.6993
89.7844
89.1652
88.4763
89.5627
88.8949
90.9031
91.2184
90.3363
89.9184
89.3931
88.7770
90.0859
90.7192
90.5459
88.6041
89.4999
89.5188
90.8558
90.6477
89.3335
89.7411
90.0042
89.3935
89.2741
90.3413
90.6844
89.4411
88.8841
89.2581
90.4745
90.2129
88.4876
88.0305
88.4310
87.9204
87.2486
87.2762
88.0333
86.8332
85.6295
85.1900
87.9960
88.5429
86.7106
86.9621
87.7131
87.6527
88.8734
87.8675
89.2234
90.3264
89.8086
88.6262
86.9838
87.0841
87.5165
87.0714
87.9872
87.9518
87.3844
89.0301
90.2182
88.8735
89.8095
88.3167
87.1818
86.5618
86.2376
88.3995
87.6765
88.3047
88.2229
87.6499
87.2381
87.1373
86.4047
86.7207
85.9305
84.4432
84.2728
83.7092
86.8322
86.6978
88.2135
87.7872
86.7890
88.0480
88.3511
89.2508
90.0774
87.8567
88.9100
87.7013
86.1771
85.4556
85.7734
84.8110
85.7081
84.5389
85.8336
86.6103
87.2014
86.3332
83.5210
84.5999
85.7474
86.3361
85.1349
85.9276
86.0951
86.9437
86.9791
87.4942
86.7859
86.8713
87.3893
86.1943
84.5615
84.6100
86.4402
85.6935
85.6923
84.7529
84.1853
84.4100
85.4058
87.3575
86.7607
88.3220
87.1219
87.6665
88.1797
87.5674
87.2232
87.8908
88.2614
88.3073
90.3622
91.0843
90.1362
91.8977
92.4784
90.0347
91.0530
90.9816
89.5854
90.3651
91.2607
90.7506
89.7792
90.5558
91.5590
91.1681
91.3321
90.4429
90.0934
89.3958
88.6087
90.2754
89.3178
89.9190
90.5373
88.6561
88.6101
88.1227
88.2753
88.2711
88.5307
87.3825
87.6603
89.0184
89.5990
90.2857
88.2460
90.5465
91.4816
90.8470
90.7178
90.0029
89.4232
89.4565
90.9976
90.0744
88.9010
89.2963
88.2073
87.8049
87.5041
88.0834
87.3246
87.2006
86.8292
87.2944
87.2382
88.9363
88.2468
87.6262
88.2292
88.2298
87.8461
87.6904
88.6935
88.3885
86.9567
85.4709
86.7832
86.1515
85.0065
86.8598
87.0818
88.4584
86.1793
87.3118
87.1988
86.9581
86.3337
87.5235
86.6634
85.7866
84.9724
86.6759
84.8090
86.6971
86.2174
87.5793
87.8394
87.9587
86.9179
87.1506
86.4475
87.3952
87.3468
88.1915
89.0851
88.9472
87.2692
87.9243
86.3341
86.8705
84.7367
85.1392
85.8457
87.0070
86.6575
86.2468
86.4710
86.6637
87.2542
87.4890
88.1438
89.0567
91.0325
89.9245
88.5638
88.5499
87.5108
89.0385
88.2115
88.3537
87.8744
87.8051
87.7802
87.9250
89.5569
89.1810
89.9675
90.4110
90.0773
90.7211
89.1620
90.4185
90.3696
89.1343
89.2345
88.6262
88.8085
89.0980
88.7955
89.4645
88.8377
88.9137
89.6654
90.8795
91.6541
89.9478
89.7220
90.8452
90.3392
89.9558
91.5890
92.8055
91.4337
90.6835
90.4333
88.9332
89.9748
90.5757
91.4166
89.3057
88.6855
87.5326
88.4234
86.5298
87.9129
86.3457
87.5195
88.3119
88.3291
87.7581
89.3376
88.5396
88.9798
90.4956
88.5859
89.9557
89.6726
88.6061
87.3461
88.5577
87.9506
87.8526
87.3918
87.8887
89.4584
89.4854
88.4786
89.8646
89.1623
89.3359
87.8422
88.4194
87.3444
88.3182
88.8726
88.2101
88.4767
90.3443
89.7688
90.4742
90.6258
89.1884
90.1486
91.7757
89.6145
91.1757
91.7256
90.9809
89.2387
89.8765
90.6274
91.2803
91.1523
89.8118
89.7977
88.6463
90.0724
90.0937
89.4071
90.3990
90.0959
91.7821
91.3785
91.4022
90.6391
90.6174
91.7602
91.3542
90.1844
89.8589
88.4547
89.0794
90.1908
90.3812
90.0814
89.5607
90.9547
90.2067
88.1014
89.4207
89.2531
88.9172
86.9949
87.9253
89.7902
89.5084
87.6578
87.9669
88.7832
88.8242
89.2589
88.4432
89.7290
90.0971
90.0380
90.1050
90.7944
88.7678
89.3473
87.2497
88.2680
88.4177
87.3114
87.4673
87.1543
87.1826
87.8119
87.9483
86.6586
88.0155
87.7131
86.3201
86.0874
85.6178
86.6025
87.1909
86.8181
86.7591
87.1572
87.3646
87.4287
90.4241
89.6711
90.0581
90.1436
90.9748
92.1090
91.1040
90.6620
89.2850
89.7090
90.4173
91.1258
92.3333
91.8995
89.9295
90.5850
88.9186
90.0854
91.8791
90.4835
91.4203
91.3770
91.5676
91.5288
91.9595
93.5504
92.6664
93.7649
92.6408
94.6973
93.2349
95.3373
93.2934
93.1639
93.6247
93.2568
91.3835
94.6120
93.9699
94.3180
95.0364
95.1125
93.1542
93.7277
92.4279
92.1201
92.5428
91.6414
92.2712
94.7314
92.4904
94.1569
94.8844
93.9665
94.9297
94.5037
93.0764
94.4496
92.4747
94.2062
93.8181
94.0671
93.5188
93.8842
94.2643
94.8147
92.4161
93.1074
92.5221
91.0652
93.0267
92.1206
91.3006
90.8559
90.2906
91.1723
91.3506
90.4118
90.0452
91.8687
91.3559
90.7352
92.0117
91.8805
90.3103
89.0367
91.9279
90.1575
90.5920
91.3672
89.9239
89.2545
90.1662
89.1756
89.2492
90.6821
91.2135
90.1551
89.9772
90.4322
89.2758
90.0508
90.6078
89.9721
89.3316
88.5830
88.5783
87.7962
87.3542
87.7465
89.0940
88.7225
87.7469
88.7554
87.0942
88.0272
88.8756
88.8756
88.0088
87.0325
87.5775
87.8063
87.2206
85.9717
86.4660
88.4221
86.8960
86.5616
88.4231
86.9830
87.4772
88.1559
88.5684
90.1639
90.3810
90.0105
90.4963
89.7237
87.6952
86.7917
87.3190
88.8548
86.7206
87.0921
86.7926
85.9943
85.6558
88.2381
86.2817
88.4103
88.1430
87.5274
86.9355
87.6890
86.6923
87.6798
87.1306
87.7775
