38.5490
38.9732
39.8979
38.6359
38.8161
37.7321
36.7815
36.2916
37.7937
36.3166
36.8217
36.8212
36.0292
37.7641
37.7035
37.9312
38.2560
38.5660
39.1370
38.9478
38.7787
37.5517
37.8367
38.2539
38.3675
38.7782
37.5362
38.1916
37.6538
37.0715
36.1126
36.7557
37.5590
35.7296
35.8748
35.4543
34.7649
35.5057
36.5384
35.8845
35.4478
34.8544
35.3215
36.3536
35.8770
36.3575
35.6239
37.0194
36.3053
37.0886
36.1857
36.7729
36.8401
36.0101
36.8154
36.3788
35.1156
34.5844
34.1506
34.2443
33.3532
34.4736
33.9293
35.2218
34.6194
35.1967
35.2548
34.0559
33.9348
33.7297
33.9654
35.4699
34.6850
35.6075
34.3157
34.3603
34.7510
34.1629
35.1294
34.6915
33.7926
34.5942
33.9476
35.1235
35.4076
34.4605
35.0650
33.2498
31.6409
32.3408
32.1732
33.1083
32.1123
32.0172
32.9268
33.7265
32.5843
32.0365
32.2322
31.9695
32.0348
33.6892
32.6084
32.8103
31.7198
30.9191
31.5153
31.8828
31.9464
32.0448
31.9182
30.1496
30.9361
29.4605
30.6051
31.6144
30.6634
30.6013
30.2579
32.6974
32.3480
31.6846
31.9559
32.7669
33.3011
32.3318
32.0098
32.2254
33.6879
33.8443
34.2533
34.6076
34.4649
34.3323
35.4372
35.3436
36.0083
34.6717
33.5712
33.0061
34.2994
33.5136
32.7930
34.1391
33.0467
31.8944
32.8896
33.5837
33.8912
33.7954
33.7920
34.0102
34.3650
33.6684
34.5451
33.8678
35.3333
35.5285
35.2372
35.6246
34.5569
35.0983
34.7375
35.6791
35.6460
34.9877
36.3914
35.8801
35.0332
35.7770
36.1070
35.5457
36.9192
35.5684
35.2079
35.7233
34.2908
34.9882
34.8819
35.0972
33.6262
34.2849
35.5018
34.7254
34.5250
35.3151
35.4994
35.1530
36.1560
34.0688
34.0285
33.7756
33.8689
33.3266
34.8956
34.6156
34.7696
36.0294
36.6247
35.6993
35.5692
35.0923
34.7715
34.2331
34.6714
35.8218
34.6914
35.3897
35.9085
35.6955
35.7910
36.2126
36.8713
35.7794
37.4280
36.6837
37.0710
36.7187
36.4136
38.1711
37.0935
36.4853
37.0751
37.2712
37.7794
37.1048
37.0932
36.9662
37.3517
37.9762
37.5985
37.8432
37.7941
37.8243
38.4301
37.8009
38.0002
37.8752
37.3987
36.9321
37.3240
36.6668
35.9786
35.7903
37.0999
36.6962
36.3326
36.8025
37.1042
36.7377
37.0426
38.1949
36.9954
36.7033
34.8664
35.4070
36.2186
35.7523
36.1675
35.4260
35.7977
35.8246
35.2609
35.3266
33.9767
34.5391
35.5063
34.7632
35.4998
34.7717
35.1357
35.7757
35.3020
34.6809
34.9270
33.9364
34.7401
35.1656
34.9404
36.1550
35.9096
35.5992
35.9151
34.1263
35.6678
34.2400
33.9024
34.2547
33.9833
33.1801
35.2434
34.3315
33.4802
34.3092
35.0244
35.6024
34.9151
34.3832
33.7338
33.9912
33.2302
33.1860
34.5759
33.2496
33.7380
33.6536
33.5338
33.6816
32.2832
32.7918
34.6254
33.2635
33.1629
34.1481
32.9959
32.1930
32.0470
32.1231
32.9966
31.3549
31.9055
33.0279
33.8914
32.7579
32.6581
32.0611
33.1179
31.1262
32.3524
32.2538
33.1792
32.3697
32.8427
32.9750
33.0090
33.5159
32.0088
31.7833
33.5477
33.1153
32.3155
32.4713
33.5730
32.7919
33.3568
32.0510
32.8104
33.7139
34.6304
31.8089
33.0362
32.9326
32.7255
32.7723
33.2689
32.3949
31.8906
31.3225
32.1293
31.7163
30.9925
31.7163
30.9781
30.6065
29.5783
31.1376
32.5151
33.4889
32.2984
32.6884
32.0370
32.0925
31.9405
32.2270
31.5602
32.0651
31.8049
32.3953
32.7180
33.0087
32.9411
31.7731
32.6677
32.8401
31.8019
32.2922
32.2820
31.3234
32.1357
33.3807
33.8732
33.7110
33.8415
32.9637
32.2578
32.3344
33.4272
32.2345
32.2177
33.0267
32.6791
33.7083
33.3096
32.3926
30.8636
31.4833
31.6068
32.1496
31.9836
30.6653
31.8247
31.5390
31.8284
32.2229
31.0370
30.4853
30.9553
30.0376
30.7400
30.0424
30.9302
30.4879
29.8309
30.7704
30.3547
30.0309
30.0847
31.2341
31.4460
31.3686
32.6215
31.4939
30.4817
31.5400
31.9249
30.9139
31.2270
31.2471
31.4452
29.9496
30.4636
29.5759
29.5202
28.9753
28.9350
30.0594
29.5914
29.6844
28.6107
28.2438
28.8506
29.4804
28.9483
29.3204
29.7674
30.7098
30.0686
29.4215
29.6341
29.6697
29.4260
29.0923
30.1707
29.9299
30.3642
30.7427
30.2874
31.2905
29.8482
29.4694
30.7050
30.1525
30.6363
29.8644
30.1012
29.5671
29.4879
29.1708
28.6501
29.6079
29.1465
30.4753
29.8959
29.2902
29.5981
31.2005
30.3559
30.6717
32.1972
31.4579
30.6979
31.4757
30.8462
30.8327
30.9589
30.4735
30.9170
30.1505
30.8753
31.0601
30.1478
29.7406
30.3531
31.0819
31.0186
29.8081
29.9720
30.5471
29.2641
30.0510
29.5728
29.3614
28.4167
28.4021
28.7013
28.0232
27.0796
28.9559
29.1850
28.7694
28.2663
28.5403
29.7014
28.9979
27.4781
27.8204
27.5368
28.3214
28.3490
28.1725
28.2375
28.8096
27.1230
29.5323
30.5293
30.3439
30.1811
29.3680
28.8117
29.3650
30.4193
30.3056
29.3900
30.0150
29.6792
30.6122
29.3252
30.2734
30.6564
30.0614
29.1433
30.7075
30.0096
30.1138
29.5524
29.2327
29.9311
30.4681
28.8012
30.1918
28.8085
29.6170
29.3789
30.4128
30.1034
29.3372
29.0340
30.9275
29.5473
29.9772
29.9017
31.4586
31.8809
31.4077
30.9477
30.9432
31.3025
31.6788
30.5709
32.3415
30.4344
30.4709
30.6012
30.2915
31.2447
30.5409
29.6308
29.9066
30.4070
30.8336
29.5547
30.4252
30.4282
31.2764
30.4217
30.8757
31.5902
29.8619
30.2804
29.8988
29.7314
29.7742
30.9934
31.7710
30.2990
30.4274
30.7196
31.1489
29.6899
31.7621
30.4771
30.9342
30.9844
31.1390
30.4404
30.4594
31.3167
30.7919
30.8635
32.0806
31.5737
31.4685
31.1552
29.5484
30.7479
32.0076
32.1689
33.9000
33.5183
34.2562
33.4821
33.1752
33.3169
32.0169
32.9930
32.1351
32.5503
33.9327
32.8427
30.9669
32.0872
33.1270
32.4354
30.2400
31.5370
29.9593
32.0949
31.4829
31.6205
31.3698
32.3931
32.0171
32.3700
32.7592
32.0933
31.5625
32.3699
32.7320
33.1671
32.1295
31.8520
33.0997
34.2242
33.2960
34.3677
33.2325
33.7853
33.0890
31.8264
32.8519
31.0735
32.0162
31.5463
33.1121
34.0755
33.4689
33.5153
33.6706
31.4430
32.0701
33.2062
33.2231
32.8065
33.2734
33.5371
32.3297
32.5175
33.1379
34.8411
34.0188
34.3291
32.5034
33.2342
33.5702
33.0645
31.5988
33.4543
32.9614
33.0724
33.4205
34.1240
33.9572
33.1705
33.9369
33.6773
33.8762
33.4839
34.2117
35.9006
35.1181
36.8692
36.6975
36.6654
36.8970
37.6180
37.1750
37.1499
35.6998
35.4513
34.4210
34.1082
33.1687
34.4403
34.9508
35.8403
34.3665
34.6411
34.4424
33.5646
34.2378
32.6443
33.8867
34.0048
34.1466
33.1356
34.3328
34.4211
34.7175
34.4296
34.3211
35.0517
34.3307
34.4416
34.1585
34.7054
34.1514
35.5790
35.7726
33.4052
34.0425
35.1837
35.9684
35.0410
33.8848
34.1965
33.8952
33.5665
34.4902
33.8788
33.7626
34.0276
33.6416
33.8326
34.8398
33.8079
34.2307
32.8084
32.9428
33.8113
32.4467
32.8067
31.6131
32.1188
32.9051
33.1055
32.3217
31.2853
30.8221
31.3373
31.7249
30.8088
30.9754
30.3055
30.8094
31.5781
32.2473
31.4166
31.5596
32.4698
32.4247
32.3823
32.3365
31.7336
33.1406
32.9452
33.5902
34.3258
33.8775
33.5800
34.4499
33.3322
34.0622
33.5705
33.1273
33.6898
33.7160
33.1225
33.8080
33.8941
33.3737
33.6809
33.2671
32.8490
33.6801
34.0365
33.3913
34.1578
32.9988
32.5674
32.5336
34.5071
35.7914
35.0298
34.0800
33.2627
36.0761
34.9472
35.6377
34.2647
34.0566
33.0032
32.5136
33.7612
32.6290
33.7178
33.6603
34.2052
33.7265
33.6804
34.2320
34.5764
33.5389
33.6436
32.3475
33.4408
33.9481
33.9889
33.4390
33.6797
34.1426
33.5760
34.9912
34.6426
34.1364
34.0728
32.9643
33.2653
32.6775
33.7838
33.7625
33.9015
33.7807
35.4840
34.3571
33.8706
34.8683
34.6476
34.3641
32.7999
34.1018
34.6964
33.8892
33.1922
32.3630
31.0428
32.3740
33.0748
34.1422
33.3342
33.6586
34.6609
33.1774
33.2455
32.8369
33.2369
32.7030
32.3696
31.8196
31.8825
32.6387
33.0711
31.0703
30.7412
30.2721
31.1385
31.3877
31.9810
32.7162
32.3782
31.9903
32.1544
31.3022
30.8058
30.5621
31.3119
32.5174
32.0419
31.7532
33.8177
31.2670
31.8826
31.2096
31.4356
30.8549
31.0846
30.8377
31.7676
32.4357
31.6461
32.0906
32.3644
34.3402
32.0788
33.0437
32.3396
31.1439
33.1207
33.5542
35.0474
34.6002
34.2988
33.8502
33.5495
31.5613
32.9884
32.8206
32.2565
32.6763
33.3227
32.7711
33.5584
33.2402
33.6042
33.4764
33.9258
35.1852
34.2697
34.0675
34.4261
33.6585
33.7242
34.8393
34.7049
34.9958
34.0023
34.4539
33.9748
34.0719
34.5195
34.1977
34.3156
35.3683
33.7778
33.0589
33.5226
33.7472
32.4023
33.1280
32.9517
32.6087
31.7400
32.7056
33.0991
31.6629
33.0698
33.1140
31.9003
32.0054
31.7396
32.3727
32.0201
31.5011
33.0575
31.8614
32.2178
31.4180
32.1163
32.9031
31.2267
31.6259
31.2769
32.4152
31.2131
32.9065
32.7802
31.4219
30.1847
30.5122
30.7245
30.9799
30.9064
31.7777
31.3527
31.9331
30.5136
31.2238
31.1403
33.0074
32.9040
31.1534
31.5679
32.1544
30.9806
30.2623
31.3298
30.1582
30.1982
29.8771
30.5634
30.2789
32.2552
31.4309
31.1982
31.4608
30.3040
30.5266
29.9476
31.5312
30.6815
31.9705
31.2063
32.9851
32.2131
32.3951
32.6955
31.7639
32.0914
31.5219
31.5236
30.5638
30.8014
31.9958
31.6982
32.5666
33.2221
31.7389
30.6684
31.0635
30.8838
31.1121
31.8502
30.9225
30.8332
30.0777
32.7154
31.1092
31.8020
30.7530
30.6225
31.6931
31.7416
30.8693
31.3667
30.7239
31.5149
31.6497
31.2923
32.0168
31.9344
31.7734
32.7127
32.8923
32.8481
31.5603
31.2953
31.8643
30.0761
30.5464
32.2787
31.6505
31.2978
30.4662
30.9639
31.1978
32.6768
31.4750
31.5668
31.7336
30.7404
31.6425
32.6574
32.0999
32.3933
31.8740
31.9273
31.3757
32.0342
32.3521
31.8970
32.8241
31.0528
31.1461
31.8231
32.2052
31.6577
31.6007
30.6090
31.6106
31.6793
31.8760
32.4867
31.0738
30.8119
30.6856
31.2374
30.2464
30.5995
31.2072
31.4282
31.0762
30.4522
29.7633
31.7353
31.6492
31.6040
30.9750
32.2707
32.1273
31.3652
31.9775
30.4768
31.5608
32.2521
32.9945
33.1743
32.2758
31.6792
32.0919
32.5991
33.8070
31.4069
31.3210
30.7694
31.8145
32.6284
31.1932
31.5653
30.4985
30.5234
30.6643
31.0522
31.4070
30.8813
31.0449
31.2356
30.6418
30.9461
31.5501
31.0929
31.1433
29.3887
30.1563
31.2704
30.3904
30.9771
32.6735
31.3922
30.3780
31.4673
31.3153
31.9370
32.3791
31.7703
32.4340
32.9399
32.7397
33.9440
33.8498
34.5217
32.9769
32.3575
31.9002
33.4677
34.0927
34.2818
33.1326
34.0755
33.9584
33.9641
33.3560
33.6290
33.1738
33.4044
32.9215
31.2106
31.1879
31.9307
32.6292
33.0991
31.7406
31.3346
30.9635
32.0502
31.8622
30.7310
31.5590
33.3369
33.1613
31.7583
32.2406
32.4127
30.0124
30.8390
32.0860
30.4908
30.2245
30.7494
32.6020
32.2174
31.9399
31.8447
33.0165
32.8196
32.9852
30.9900
31.8047
30.0954
30.3325
30.1872
30.9976
30.3766
30.5792
29.8983
31.0565
29.3670
30.1531
31.1518
30.6313
30.8366
29.2052
30.1187
30.2056
30.0285
29.5663
29.9291
29.5383
30.6945
30.2015
30.4683
29.7432
30.3231
30.4844
30.6911
29.4026
28.4050
28.9543
29.4048
27.9986
27.6728
28.9509
29.6600
29.1892
29.3881
29.3612
28.6761
28.6270
28.7978
29.1687
30.1267
30.1911
28.9699
28.2281
28.6179
28.7928
29.7351
29.5349
28.3162
28.6939
29.3379
29.9324
29.9964
29.0141
29.2620
29.7153
30.2342
30.6312
30.3559
29.8569
28.5309
27.8367
26.8126
27.0978
27.4523
27.0875
26.6817
27.3054
26.3892
28.1344
27.2437
27.3243
26.8795
26.8836
26.7089
27.2342
26.5685
25.5282
26.1022
26.3533
26.4444
25.8912
26.6499
26.6310
27.7478
28.8166
28.0713
27.7274
28.3031
28.6252
28.4325
28.8727
30.3303
31.7308
30.5502
29.9857
29.9714
29.6047
29.1123
28.4992
29.9162
28.7870
29.2577
28.3921
30.0705
29.5627
30.2034
30.6711
31.4454
29.5436
30.9900
31.4458
31.9778
30.1394
30.5684
30.9537
30.7337
32.3171
32.3453
31.2324
32.8792
31.4878
31.7784
31.8495
31.8033
30.8138
30.0421
29.8711
30.3650
29.8140
31.2520
30.9849
30.7043
32.4552
33.2534
32.0406
31.5806
33.4289
32.5494
31.9768
31.6989
29.9236
29.3390
29.3494
29.8943
29.4800
30.0914
31.5954
30.9103
30.5880
29.6959
29.7918
29.3128
30.1155
31.5547
30.2872
30.3097
31.7452
31.1711
30.8356
30.5778
31.2662
30.7264
30.9352
30.9570
31.1519
29.7044
30.7503
30.8799
31.7608
31.2026
32.5659
32.7225
32.8356
32.1831
32.0625
30.8770
32.4108
31.4745
31.9094
31.0859
31.1139
30.9675
30.6169
31.2593
32.8007
31.4785
32.6474
33.4806
33.6961
33.9115
32.5971
32.6362
34.8035
32.2212
33.5915
31.3157
32.3070
32.6983
34.3300
32.6050
30.9422
32.7614
33.5347
32.5870
33.6828
32.9555
34.6017
33.4909
32.7776
32.8280
32.3644
32.4109
32.9029
32.7249
33.2279
32.5151
32.6744
32.1407
32.0682
31.9350
32.7351
32.6418
32.4435
31.0165
31.8730
29.9989
31.3263
31.0594
32.4750
32.3278
32.6217
33.2381
33.8164
32.8166
33.1979
34.1763
32.8899
33.1099
33.1930
32.5409
32.6034
33.2869
33.5021
34.2833
32.6982
34.2157
31.6904
33.1759
32.4534
33.0295
31.8901
31.4019
31.5640
31.5089
31.0134
30.7372
31.8269
31.6689
31.5181
32.6538
31.1738
30.7264
31.3540
30.5859
31.2826
30.9790
31.1953
31.3924
29.9401
31.1241
29.7748
31.0002
30.1782
31.2265
30.2943
30.0583
30.1722
31.1961
31.9293
31.6036
32.0811
32.1171
32.1759
34.3630
34.3106
34.0957
33.4803
32.9282
31.7817
31.4223
33.4499
33.2678
34.5250
34.8772
34.5436
34.7581
34.0478
34.2245
33.7354
35.0057
34.2654
34.0672
35.1818
34.9247
35.5104
34.9165
35.4008
34.7011
35.1878
35.0204
35.3071
34.0114
32.3435
33.5639
32.7730
32.5236
32.2895
32.7955
32.1213
32.1622
31.8202
32.0405
33.1196
32.9409
32.3132
32.8914
32.9233
33.7590
32.0247
32.8959
33.1666
33.2480
32.8935
32.9332
33.2520
32.2906
32.8298
33.2801
31.7232
34.4521
32.9634
33.7421
33.4581
32.6021
33.3106
32.5002
31.9138
32.0128
33.7979
34.2021
33.5850
31.9424
32.1542
33.4894
33.5275
33.2494
32.9929
32.6150
32.0977
31.7532
31.0443
31.0758
31.6453
31.5900
29.9281
30.2999
28.7413
31.0828
31.6152
30.9932
29.7721
29.6110
30.4828
31.5203
31.8786
30.5966
29.8514
30.1084
29.1651
30.7417
30.4506
30.7714
29.5986
30.0563
32.0296
31.7873
30.3994
29.3518
29.7083
31.1197
31.5679
31.1161
30.6982
32.0525
30.6562
30.6140
30.2145
32.3316
32.7846
32.2236
31.6602
31.4702
30.6931
31.3730
31.2183
30.1910
30.7168
30.9004
29.1954
30.3383
30.3124
31.0595
31.7433
30.0993
30.8968
30.9270
30.7399
30.2464
30.1012
29.0418
29.1826
29.1867
28.9099
29.5443
30.2998
32.2374
31.4627
31.5738
31.3107
30.5685
29.7639
30.0341
30.1173
31.4698
30.3360
32.0433
31.9873
31.9153
30.9967
30.7069
29.9721
30.9975
31.5454
30.4557
30.8544
30.8703
31.1247
30.8213
30.7785
30.6622
30.7693
31.0760
31.1768
30.6849
31.6121
33.7836
32.3722
31.2734
31.8015
31.1640
31.7067
32.0911
31.4769
33.3121
32.4116
32.0764
29.2204
30.4344
28.9511
29.3213
29.9037
29.6301
29.7885
30.4558
29.2479
28.3390
29.8073
28.5841
29.8948
29.2252
29.0917
28.7898
27.7844
28.5614
29.6157
29.7093
29.1977
30.0915
29.1838
28.3250
28.1694
28.9417
28.4548
30.1236
28.9459
28.8796
27.4927
27.5551
27.9951
27.6763
26.5638
27.1429
26.8336
26.9493
28.5415
28.5796
28.5104
27.4997
27.0988
27.5481
28.8089
28.2652
29.9401
29.1116
28.4347
28.1728
28.6059
29.4096
27.1231
28.2751
26.4641
28.4788
28.8685
29.4529
29.5139
28.5447
29.7612
29.6598
29.5467
29.5887
28.7832
29.1119
29.4268
29.2501
29.0655
29.7193
29.4029
29.3587
30.0441
30.5032
29.8383
30.0179
29.2831
28.1597
29.1291
29.2778
28.9065
28.5319
27.3790
26.4134
27.4464
28.8286
27.8310
27.1571
27.8888
28.1027
27.4114
28.1738
28.0200
26.6775
27.6264
28.9023
30.2533
30.0832
29.0258
28.5196
27.9290
28.2074
29.1637
29.4550
27.5677
30.2506
29.4003
29.3961
27.9749
29.6237
30.5569
29.2812
28.8051
27.8878
27.7267
27.0666
26.8069
27.2133
26.3672
26.5152
26.5109
26.4042
27.9155
27.4790
27.9035
27.0572
27.4121
28.6191
28.3924
28.6663
27.0159
28.2448
28.0095
27.2551
27.4268
28.3703
27.0330
28.6012
28.3039
29.9261
30.7972
30.5224
30.1850
29.6810
29.2230
29.8345
29.9143
28.3618
28.8913
28.6859
29.3118
29.1547
28.8870
29.0486
28.9856
27.6334
28.3097
28.1197
28.7415
28.0152
30.1825
29.4349
30.5548
30.6063
29.9483
29.2869
29.6061
29.9000
30.6034
30.1055
29.9378
28.8860
28.7247
29.6565
29.3911
27.3584
27.7057
27.4420
28.4468
29.6652
29.4797
28.3265
28.7413
27.8577
28.5284
28.1805
28.9947
28.1366
29.2236
28.0391
28.9326
28.4730
28.3207
27.7778
28.1526
28.4573
27.0148
27.0799
28.8730
29.2870
29.2797
28.1634
28.7836
27.9165
28.3458
27.6591
28.1025
28.0444
28.0666
29.5902
29.6184
29.0464
29.0932
29.5367
29.3391
28.8829
29.5629
29.0101
30.0850
29.5875
28.5875
28.4575
29.6638
28.6912
29.8278
28.4457
28.9360
29.7612
27.2700
28.1167
27.1723
27.4541
26.4786
27.6517
27.2697
27.6966
28.3590
28.1702
29.5015
28.8504
26.8633
26.5310
27.2898
26.5719
27.2204
26.5912
27.6661
27.0193
26.4791
28.3397
26.7954
26.6866
26.2973
27.0323
26.2399
27.5027
27.5911
27.5839
28.5310
27.8716
26.2725
26.7569
26.7811
26.8157
26.8621
25.0537
25.4692
25.9206
25.8270
25.3573
25.4019
26.2528
26.5528
26.2454
26.5665
26.5255
26.6795
26.9026
26.5694
27.1265
26.2907
26.0517
25.9379
25.1591
24.9961
25.4014
24.8136
25.5585
25.1569
26.4205
25.6327
25.6606
25.8634
25.3945
24.7384
26.1306
24.1325
24.5715
23.2574
24.5347
24.5033
24.1411
25.7415
25.8866
25.6994
25.5347
26.2008
25.5532
26.1025
25.0425
25.2014
25.4950
25.4953
25.7967
26.2431
25.3092
25.6674
24.9899
25.6241
24.9596
25.1903
25.4373
24.2882
24.6087
24.7275
25.4606
25.2154
26.0957
26.1760
27.3317
27.5634
26.2120
25.9078
26.7710
26.1907
25.4996
26.3955
25.6654
24.6189
24.8552
25.5017
25.2156
25.0359
26.6047
26.2841
26.6555
26.2225
26.9218
26.4434
26.0979
25.9593
26.2692
26.1084
25.9430
26.6123
26.0187
25.1987
26.5303
26.2934
26.1485
25.8212
26.0464
26.5477
25.7394
25.6785
25.4045
26.2833
26.1840
27.0676
25.4326
25.7173
25.3884
25.0158
25.8722
26.4786
26.0591
26.5492
24.8360
25.2578
25.2275
26.1797
26.1085
25.3496
25.4589
24.5195
26.4268
25.3369
25.4976
26.7247
26.5759
26.7736
26.3896
25.1172
25.6692
26.6834
25.0887
24.6486
25.3507
24.8252
25.3168
25.6564
24.6417
25.6410
25.9702
25.7163
25.0201
25.1307
25.7085
25.4652
25.8216
25.0993
25.5085
24.9751
25.3978
25.8630
25.9840
25.1458
26.0170
24.5869
24.6121
22.9761
25.0560
23.6830
23.6420
24.3592
24.6091
24.3611
24.1047
24.2455
24.2765
24.7890
24.2517
24.0506
24.8340
26.2614
25.5433
24.8247
25.5247
25.7898
25.7946
26.1643
25.0500
25.1062
24.3632
24.2072
24.8140
24.8799
25.4342
23.2918
23.9734
23.1818
23.7737
23.6123
24.4029
24.3721
24.1359
24.6202
24.7843
23.9055
24.5075
25.2838
24.8340
24.9552
24.9102
25.1233
26.5062
25.7207
25.8985
25.5777
25.3510
25.4989
25.9490
25.3611
25.7892
25.1038
25.1112
25.3765
25.3237
26.0320
25.5044
25.9147
26.4772
26.2006
25.9935
25.8555
25.5709
25.9288
26.1442
26.7506
26.7965
25.8169
26.5278
26.0422
25.8542
26.3212
26.2581
26.9799
26.1709
26.1873
25.2969
26.3450
26.5337
24.9410
24.6904
25.4400
25.0070
25.1872
26.1699
25.7488
25.2739
25.1729
24.4936
24.9228
25.4092
24.5301
23.9276
25.5832
25.0217
24.9103
24.3939
24.7138
25.1295
25.5416
24.9980
25.1288
25.3961
24.7725
24.7621
24.7683
24.3434
24.6325
24.5088
25.1472
25.7670
25.5357
24.9530
25.8288
24.4426
25.1918
24.1216
25.0839
25.0548
24.0851
24.4830
23.2269
24.4383
24.4273
24.7108
25.1830
25.4065
24.6195
24.6473
23.8899
24.4130
24.8646
24.5784
25.0209
25.3234
24.8237
25.5956
25.7198
25.2362
25.4190
24.8660
24.2923
23.8814
25.1209
24.9413
26.4200
24.8678
24.7466
24.7234
24.4306
25.3968
24.7409
24.1991
25.1251
24.8185
24.8370
24.8261
24.5496
24.7227
24.1037
24.6681
25.3059
25.4108
25.3250
24.7513
25.2912
26.0387
24.6028
25.7034
24.4864
24.5892
24.8597
24.2786
23.8236
23.4668
23.7212
24.1334
24.3521
23.0763
23.7441
24.8837
24.1457
24.2513
25.2247
25.7234
24.5371
24.3240
24.7727
24.1886
25.2183
24.9604
24.1126
24.7802
23.9833
25.2911
24.4502
23.9193
24.3260
24.5642
24.3492
24.0487
23.9295
24.3500
25.0542
25.4050
23.5211
24.3033
24.8748
24.0781
23.7413
24.1176
24.2582
24.8816
24.1998
24.2041
23.9649
23.8102
24.1947
24.8667
23.9071
23.4672
22.8676
23.8221
23.1305
24.6410
24.0904
23.0504
23.9251
24.2257
23.7200
23.9341
24.0640
23.8700
23.3834
23.7883
23.3824
23.2004
24.9523
24.5691
24.6113
25.1799
25.6650
24.5663
24.5266
25.2645
25.5357
24.8394
23.9440
24.7676
24.5241
24.0659
24.7561
25.9176
24.8484
26.2753
25.0786
24.3307
24.0142
24.5267
24.4438
24.9373
24.6129
24.2910
24.3480
23.6008
24.7465
25.0449
24.2807
24.5321
24.0380
25.0137
23.9102
24.3713
23.9036
23.6025
24.0493
23.6355
24.2801
22.9305
23.5799
23.4333
23.5536
24.0732
24.1472
23.5842
24.1623
24.3163
24.4431
23.7343
23.3359
23.9678
24.4103
23.7869
23.9295
24.4446
24.1645
23.7505
23.5358
23.5291
23.3883
25.2127
22.3956
23.9001
23.8946
23.7508
23.5169
24.1113
23.3882
23.9130
24.5030
23.9966
23.5894
23.8981
23.9563
24.1499
24.0542
24.0675
23.6597
23.0717
23.0118
22.8564
23.3431
23.2827
24.0278
24.1035
23.1429
23.6163
24.4257
23.6492
24.7703
24.3449
24.0245
24.4003
24.7040
25.0538
23.4622
24.1079
25.1477
25.2195
24.4210
23.7733
24.8531
23.3421
24.3720
24.3733
23.8844
25.2940
24.5003
25.0260
25.5734
24.7229
24.0575
24.0876
23.7253
23.1993
23.3026
23.6540
23.3092
23.0368
22.7296
23.1434
22.4706
23.5477
23.6079
23.0015
23.2519
23.7748
23.6021
23.5762
23.4216
24.0387
23.5011
23.5633
22.7684
23.5264
23.9449
23.9581
23.7635
24.3587
24.5681
25.4231
24.3949
24.6312
23.1384
24.1789
24.4230
23.9636
24.5187
25.2381
24.3016
24.8352
25.0655
25.1521
24.1470
24.0269
24.4373
25.1311
24.4100
24.7874
25.5504
24.5364
23.3380
24.1090
24.4785
24.1431
24.8073
23.8784
23.9039
24.2339
24.0795
24.1750
25.1025
23.3068
23.6144
24.0332
24.7360
24.6688
23.1725
23.6569
23.3322
23.9493
23.9975
23.6348
24.0723
24.2605
24.5562
23.5307
23.5370
23.1625
22.8834
22.5054
24.0384
24.1127
23.9884
24.0994
24.0305
23.5316
23.3831
23.0286
23.7770
22.9269
23.8804
23.2046
24.0809
23.9397
24.0346
24.3559
22.9328
22.4289
23.4137
22.7407
23.6092
23.0781
23.4623
23.6641
23.6157
23.7817
23.6753
24.7311
24.0124
23.1772
23.9382
23.0806
23.0809
23.4307
23.0210
22.8185
23.1247
22.8182
22.9440
23.4050
23.0723
23.7128
22.8903
22.0770
22.0554
21.9127
22.7449
22.9038
22.5037
22.2419
21.9730
22.5957
22.1724
21.9036
22.2034
23.0070
23.1881
22.7694
23.9134
22.6227
23.6483
22.4631
22.7750
22.7155
22.8102
23.0575
22.5327
22.5172
23.2518
22.9599
22.6274
23.4311
22.9125
22.8986
22.2771
22.6463
21.5574
22.8398
23.6485
23.6282
23.3704
23.1406
23.1693
23.4806
24.4649
24.0531
23.2812
22.7593
22.1835
22.5178
23.3220
23.1065
22.2080
22.3884
22.3417
21.5944
20.6230
21.5738
20.4552
23.2854
22.1913
22.3786
22.7615
21.9881
21.9009
22.5813
22.0272
22.2818
22.6780
22.2083
22.4288
21.0596
22.3318
21.6922
21.9990
22.2161
21.5370
21.7160
22.1186
22.0963
22.0059
23.3731
21.6321
22.6819
22.5377
21.7974
22.4002
22.5977
22.2225
21.8426
22.1919
21.3975
21.7583
22.1543
22.6680
21.6628
22.0191
21.4337
21.1571
21.5125
21.2124
21.6052
21.3366
21.8289
21.1027
21.6116
22.1152
21.0657
22.5557
22.4531
22.3475
22.8335
22.1090
20.6359
21.0176
21.8603
21.4889
21.6230
21.6465
22.6935
21.8379
22.3476
21.8133
21.5212
21.8224
21.9594
21.7659
21.5724
20.3519
20.6963
21.7221
21.3890
20.5028
21.9370
21.1428
21.5036
21.9082
22.2072
23.0062
22.4669
22.7003
23.4847
23.3631
22.5424
22.7385
21.8309
21.8968
23.1501
22.9892
23.4638
22.3726
22.7240
22.4627
21.3188
23.5254
23.4265
24.9811
24.6549
24.4418
24.6715
24.2960
23.1624
23.2876
24.2478
23.8323
22.8861
22.8739
22.3184
22.0392
21.6724
21.5988
21.7421
22.4306
21.8763
23.2450
22.5888
21.7378
21.9949
22.7099
21.9003
22.4355
23.0611
23.1308
23.1450
22.3596
22.2582
21.2659
21.2433
21.7085
23.5468
21.7263
22.7348
22.3211
21.1830
21.3151
22.3432
21.0523
21.1442
21.6768
21.8204
21.2812
22.1148
22.9829
22.4337
21.8307
21.9197
22.0422
21.8847
22.1011
21.7653
21.3277
21.5014
21.2090
21.6768
22.5943
21.2892
21.8802
21.4918
21.1842
21.5590
22.0445
21.9897
22.7799
21.8424
20.7012
21.7405
21.2992
21.4717
22.1766
20.9727
20.7567
21.1681
20.4610
21.8069
21.0996
20.8595
21.2619
21.7299
22.0580
22.0082
22.4575
22.9209
22.6408
21.7979
21.8795
21.0523
21.3653
21.4194
22.7437
22.3027
22.8469
22.0302
21.3174
21.5289
21.3235
22.1294
23.4174
23.6410
23.6535
22.5641
23.4704
23.1051
22.1083
23.1863
23.4038
23.0060
21.6278
21.9456
22.6159
23.3851
23.2302
23.1455
23.0175
23.0707
24.5111
23.5483
22.7564
22.8819
22.5009
22.6510
22.8454
22.3257
22.5198
23.3914
22.9120
22.3535
22.7248
23.2664
22.9288
22.2256
23.0399
23.6232
22.5046
23.8265
22.7774
23.4706
23.8604
23.1890
24.2587
24.1823
24.0389
24.0085
23.8896
23.8819
25.2574
23.7920
23.4074
23.5744
24.1254
23.3375
23.8551
23.8719
23.4966
24.5951
24.5105
23.9936
23.8980
24.1479
25.3415
23.8966
24.6796
23.6511
22.9544
23.9541
23.5448
22.8310
24.1537
24.6048
24.2800
24.8967
25.2297
25.4446
25.2006
25.0813
24.3007
25.0383
24.8526
24.7256
25.6470
25.8858
25.9112
25.0894
24.9775
24.5981
25.2168
24.8528
24.3835
24.9527
24.5814
24.2413
25.7691
24.5387
24.9002
25.3787
25.3457
24.1622
23.8443
25.0299
25.1658
24.7245
24.9112
25.3816
26.3254
26.1309
25.5504
25.4667
25.3163
24.5658
24.7831
24.8199
23.9640
25.1440
24.7007
24.9320
24.8059
24.7523
24.5942
24.9424
24.6820
23.5782
25.2979
24.0722
23.1238
23.3686
24.1071
25.0907
26.2525
24.5543
24.4709
24.7761
24.4637
24.2184
23.7763
24.6327
24.5829
22.7779
23.0291
23.0757
24.3281
24.6256
25.1245
24.6335
24.6706
23.7887
23.7570
23.9293
23.9460
23.9579
23.8744
23.5125
24.1894
23.7263
23.3785
23.6080
23.8730
23.9053
23.5901
24.1541
23.5482
23.4689
23.5280
24.0466
23.9268
22.5275
24.3167
24.5150
23.6670
23.8338
23.5729
23.7751
24.0375
23.1603
23.8264
23.9545
24.0965
24.1079
24.0173
23.8087
23.7782
24.6927
24.1424
24.5274
24.0328
24.7741
22.6048
23.5161
23.9503
22.8109
23.4445
23.9185
23.1143
23.1777
24.3598
23.6882
23.2141
23.6656
23.6204
23.8209
23.2091
23.7648
23.5647
23.4587
24.5424
23.9931
22.9627
23.3059
22.3452
22.7992
21.9110
23.0897
23.0985
23.2039
23.0194
23.3671
22.6275
21.9437
23.1098
23.7467
23.2527
23.1159
22.8256
22.6530
23.6576
24.0767
22.6928
22.1048
23.0173
23.6382
23.6443
22.9610
22.4304
23.2647
23.7275
23.9419
25.2319
25.6144
25.0137
24.8970
25.0587
23.7320
24.1427
24.0821
24.4113
24.4943
23.1114
23.4291
23.0307
23.1172
23.7863
23.3439
22.3712
22.5279
22.1897
23.1417
23.5009
23.1161
23.0031
22.7741
23.6209
22.7088
23.5469
23.9645
23.9670
22.8682
24.0668
23.4622
23.4976
23.4771
23.1030
23.4465
23.3237
23.9083
24.8131
23.4316
23.0676
23.2949
23.2356
23.1434
24.2696
23.8958
24.1775
23.9697
24.2109
24.5012
23.7298
24.5855
23.7998
23.8595
24.0239
23.6632
24.4985
24.5633
23.8152
23.5777
23.5925
22.9943
23.1622
23.8297
23.6896
23.0211
23.7570
22.7397
23.6468
23.0272
23.5978
24.0198
24.0085
23.9080
23.3561
23.0814
23.8765
23.7277
23.9473
23.7627
23.2567
23.6174
22.7245
22.0207
23.1870
24.0342
23.6271
23.7356
23.7215
23.8659
23.4776
23.1627
22.6704
22.9208
22.4962
22.8750
23.7060
24.1421
23.8084
23.9907
23.7905
23.4972
23.8609
23.3364
23.7856
23.1355
22.9778
23.7506
23.3138
23.8373
23.8745
22.8537
22.9195
22.8949
23.1485
23.2827
23.0804
23.5647
23.5014
23.7922
24.2450
23.3540
23.0266
22.5982
23.1462
23.0514
23.5912
24.0061
24.5017
23.9132
23.6208
23.1656
23.8015
24.2090
22.6560
23.4738
23.1090
23.3394
22.9172
23.0958
23.7484
24.3645
22.4946
23.2639
23.0465
23.4559
23.6760
25.2948
24.1087
25.4040
23.7703
24.9123
24.6086
24.4308
24.1595
23.1480
23.6569
25.0184
24.9784
25.1330
25.4226
24.8889
25.2696
25.9548
25.7538
25.0806
23.8087
25.2741
25.3471
23.8801
24.5068
26.4728
24.9636
24.5100
24.1723
23.7338
23.8775
23.2174
23.8740
25.2629
24.7283
25.1307
24.3435
24.9145
25.1587
25.2909
25.5415
25.2281
24.5575
24.6853
24.4694
24.4933
23.6237
24.8971
25.1843
24.6643
24.2832
24.6426
23.9458
24.7397
23.4793
23.6965
23.8291
23.9884
22.8590
21.5332
22.1685
22.3013
22.9644
21.4048
21.7886
21.8114
21.4357
22.5133
23.4027
21.9558
23.4017
22.3019
21.5748
22.1160
22.3923
22.5247
22.3991
23.0055
23.1888
23.4002
24.5875
22.5173
23.0661
22.3348
23.3284
22.5685
22.7989
22.2335
23.1310
23.4278
22.5118
23.1484
23.6389
23.4427
23.5429
23.8451
23.2744
23.5233
23.9955
23.6887
23.0925
23.0063
22.7749
23.9001
23.6673
24.2940
24.1722
23.9143
24.5026
25.1240
25.0597
24.9513
24.4604
24.0531
24.3003
24.2253
23.5697
23.3110
23.5241
23.5670
22.3145
22.2335
23.6843
23.6003
23.9316
23.7669
22.9158
23.9851
22.6260
22.9333
23.4286
23.8630
24.3798
23.9572
23.4941
23.9218
23.6281
22.6602
23.6302
23.6956
24.4653
23.4054
24.1572
23.9532
23.7897
23.7387
23.6713
22.7196
23.0208
22.8392
22.7924
22.0518
23.5265
23.3306
22.5977
23.3801
22.4361
24.2593
23.8206
23.5996
22.7957
23.4577
22.4135
22.8168
23.2939
23.1367
23.3767
23.0120
22.7279
22.6313
21.8100
21.4903
21.7203
22.8845
22.5901
21.6430
21.9169
20.7792
20.6727
21.7228
21.3866
21.4497
20.5322
21.0220
21.6156
20.8610
21.9519
22.1299
21.5050
22.3498
22.2592
22.4439
21.2862
22.3155
22.8211
21.9857
22.3052
22.5016
21.6361
21.8653
22.4361
22.4760
22.5017
22.1049
22.6867
22.3811
22.0111
23.7860
22.6891
22.8114
23.3120
22.7454
22.2266
23.2385
22.2653
22.9873
22.1783
22.4171
21.9371
22.7570
21.9939
22.5760
22.8044
22.3334
22.6853
22.8183
21.9579
22.0274
22.0719
22.6460
23.0276
22.5930
23.4358
22.4427
23.1077
23.1663
23.2175
22.1112
23.1280
23.1913
22.7859
22.8553
21.9254
22.7179
23.8772
24.0773
23.9589
23.4712
22.9004
23.5102
24.3697
22.9821
22.8342
22.8332
23.0763
24.1031
23.8170
23.4199
22.8569
23.0035
23.2868
23.5599
24.2500
24.0579
24.3029
23.4911
23.4082
23.7302
23.1695
23.0610
22.2602
22.6915
22.8300
23.2610
23.6142
23.7395
22.4843
23.4991
22.5571
23.2642
22.4502
23.7100
23.7128
23.1328
24.1321
23.7113
22.9556
22.4549
22.6462
23.0945
22.9710
23.6006
23.2368
22.8808
24.3046
25.7735
23.6390
24.1480
24.7274
24.6341
25.6407
25.4048
25.1638
25.7543
25.1931
25.4363
25.7271
25.8595
25.2591
25.5160
25.8349
25.5666
25.8537
26.5667
26.2387
26.5973
25.9937
24.8227
25.7120
25.6452
26.0721
26.3374
26.0683
26.3727
27.0965
26.3199
27.3279
27.7235
27.4632
27.4774
27.4076
26.6216
26.2369
25.5003
25.8376
27.0169
25.9991
25.8127
26.8605
25.2862
25.1298
24.0372
24.4734
25.1523
25.8075
25.3800
24.4439
23.8658
24.6169
25.6996
25.1918
25.3742
25.5069
25.7178
25.5774
25.6566
25.9132
26.1134
25.7698
25.7973
25.3262
26.3152
26.6348
26.6365
25.4622
26.5372
24.4406
24.8892
24.7243
25.2402
24.4532
24.3636
25.4638
24.9254
25.4002
25.5088
24.2080
24.8096
23.4532
23.4104
22.6378
23.0699
24.3090
23.1549
24.0493
22.6073
23.6471
23.2461
22.7820
23.0808
23.1579
23.2589
23.2811
23.2659
23.8275
23.9883
23.4089
23.0202
23.3240
24.1653
24.4045
24.5990
25.5924
23.3124
23.4781
23.1009
23.6540
23.0083
23.7710
23.6454
23.7046
22.8104
23.3567
23.9259
24.5829
24.2033
23.8028
22.5051
22.7266
23.1358
23.1298
23.1897
22.7453
22.5712
22.5994
23.4680
23.5884
24.2574
24.1367
22.7279
24.2269
22.8407
24.0701
23.5341
23.6131
22.9260
23.7945
22.8256
22.9857
25.1353
24.0698
23.6986
23.8634
23.5984
23.4769
24.0906
23.6400
23.2130
23.8924
24.6213
23.7613
24.9020
23.6699
23.7461
23.6115
24.5649
23.4045
24.5859
24.8169
24.5772
24.1263
24.7522
24.2700
24.3382
24.0169
24.7792
25.5230
26.0043
25.5613
24.5716
24.9699
24.4101
24.8864
25.5663
25.4418
24.9904
25.1173
25.4760
24.4622
24.0200
24.0506
24.3292
24.1363
24.7723
24.3229
24.2835
24.2341
24.2549
23.9363
24.3406
24.0524
23.2777
23.5007
23.9089
23.3626
24.5178
24.5148
24.2161
24.2730
24.9251
25.1959
24.9873
25.2342
25.4148
24.4405
24.0952
23.5924
24.1513
24.2119
25.5568
23.7017
23.8566
23.8995
24.3805
23.9082
23.6216
23.2495
23.6777
23.9727
24.8656
24.3220
24.9792
24.8661
24.7081
24.7232
24.9290
25.3813
24.6359
25.3873
24.2353
23.9640
24.1285
24.2857
24.1862
23.5343
24.2865
24.6804
25.2590
24.8408
24.8240
24.7658
24.6569
25.5179
24.7013
24.0570
24.5786
25.5555
24.9682
25.7434
24.7868
25.1250
25.5355
25.2018
25.7346
25.5878
25.9807
25.0294
25.5186
24.7358
25.3907
24.6140
25.6292
26.2755
25.9858
25.2470
25.9132
25.5469
26.5291
26.7650
26.6499
27.9611
27.1588
26.4583
25.9037
26.1904
25.7749
26.0916
25.4770
26.2699
25.8851
25.9518
24.9941
25.9718
25.2767
24.3234
25.2357
24.5936
25.0888
25.2043
25.6373
24.5068
25.3548
26.1871
25.9174
25.7165
25.8355
26.2809
25.3679
24.9025
24.1036
24.6941
23.6753
24.2988
24.6598
23.8424
23.5655
24.6928
24.3663
24.2950
23.6203
24.4601
24.6656
24.8503
24.3885
23.7420
25.2899
24.9384
25.1935
25.2325
25.1476
24.2325
25.0568
24.6761
25.0462
24.5368
25.4315
24.7227
24.6366
24.9035
23.6105
24.9821
25.2068
24.4853
24.0142
23.3309
24.3613
23.3794
24.9744
24.8062
23.8013
23.8024
22.8364
23.0837
23.0825
23.3016
23.5283
22.9627
23.1141
23.7847
23.9374
23.6160
23.9721
23.3670
22.7423
22.9148
23.6236
23.6124
23.7035
23.8049
23.4008
23.5333
23.6258
24.1205
23.7183
25.2053
24.6665
25.3891
24.7195
24.3935
23.3635
24.2166
24.5785
24.3200
24.4917
23.4645
23.3925
24.3171
25.5414
24.9654
23.6601
24.1762
24.2832
24.6299
24.2753
24.6170
24.7807
23.9544
24.2678
25.9434
24.4868
24.2876
24.4827
23.3497
23.7679
24.7627
24.7989
25.1740
24.6958
24.3609
23.6687
23.3109
23.5618
23.0994
23.7640
24.0259
24.2734
22.5499
24.3831
24.1939
25.1860
24.5757
24.9358
24.1360
25.1920
23.8288
23.7226
24.0106
23.5695
25.1274
25.5270
24.3655
24.0597
24.7552
24.9054
23.9032
23.9848
23.2231
23.4126
23.1781
24.2397
24.5341
23.4254
24.4902
24.1684
24.1514
23.8912
24.1182
24.0404
24.0199
24.4077
24.7111
24.4318
24.3478
24.0904
24.7274
25.3313
25.8840
24.9291
25.1129
25.5394
25.2127
25.7376
25.6411
26.1578
25.2448
25.6290
25.5304
25.6169
25.6553
25.3831
24.7433
24.2126
24.9932
25.8462
25.1301
25.3837
24.7417
25.3313
25.8178
25.9910
24.9814
23.9317
24.0556
24.7155
24.8466
24.3506
25.1293
25.9460
25.4262
25.5915
25.6157
25.9868
26.2101
25.9831
25.7606
26.4085
25.2722
25.5757
26.1753
25.4164
25.2795
25.8672
25.0445
25.0752
24.6424
25.0768
24.2049
23.7474
24.6615
24.8736
25.1871
25.6897
25.5279
25.0791
26.5080
24.9891
24.4288
25.3373
24.2673
25.6386
24.5709
25.9718
26.6232
25.2851
23.6184
24.4883
24.5089
24.5857
24.6684
24.2676
24.1093
24.9855
24.1825
25.0787
24.8477
24.3965
25.4873
25.3875
24.9121
25.4767
24.0535
24.9688
25.5867
25.7915
25.9647
25.5908
26.0614
26.1682
25.6931
25.6242
25.7431
25.1578
24.7584
24.5783
24.3778
23.9132
24.3004
24.6277
23.7501
23.9979
23.6439
23.6738
24.2478
23.1722
22.9275
24.1710
24.0291
22.5341
24.5618
24.4814
24.6134
23.1761
23.8817
24.9664
24.2520
23.9073
23.2072
23.9137
24.6164
24.3916
24.1715
24.6400
25.4895
23.8245
24.3799
24.5486
24.5941
24.7824
24.1086
24.1913
24.7702
24.2693
24.3945
25.2706
24.6276
24.6989
24.4069
24.4562
24.4707
24.8029
25.4669
25.5401
26.0223
25.2377
25.2296
24.6268
24.3362
24.8443
24.5018
24.9461
25.8450
25.7735
24.8116
25.5787
25.5481
26.1128
24.7215
25.1685
25.1854
25.2681
25.2382
23.9555
24.8700
24.2711
24.5074
24.5393
25.3162
24.0717
24.9168
23.7052
23.2574
23.4815
23.8616
24.3025
24.2900
24.0266
23.7416
24.0137
23.8547
24.3091
24.8852
24.3603
25.0768
24.2169
23.1819
22.9391
23.7125
23.4091
23.5850
23.6139
24.4891
24.1252
24.2018
24.0270
24.9075
24.9542
23.4664
23.7153
23.5791
23.6383
23.0951
23.5543
22.9327
22.6516
22.4776
23.1244
23.4785
24.0433
23.5483
23.6526
22.4779
22.5878
23.6612
23.6226
24.1607
23.7891
24.2245
24.8192
24.4197
25.0517
24.0372
23.3784
23.6945
23.2316
23.9071
23.2684
23.6720
24.1636
23.7561
24.0956
24.5542
24.6330
25.4300
25.2115
25.4098
23.9938
24.3013
23.8866
24.3902
24.7895
24.1605
24.0618
24.1984
23.9767
23.9327
23.3859
23.9273
24.1982
23.9898
25.0699
23.9893
25.0839
24.9914
24.8379
24.9793
25.7557
25.2007
25.2332
25.4023
24.9949
23.5618
24.0848
24.5523
24.1081
25.2402
24.6813
24.6493
24.8346
24.0200
25.1423
24.5487
24.6158
24.1281
24.7160
23.7711
23.6814
23.9374
23.8761
24.6215
24.3019
24.9187
24.0552
24.0269
24.9545
25.4954
26.0650
25.7904
25.2663
25.2695
25.3171
25.2688
25.6986
24.3552
24.3154
24.5684
25.1858
24.8931
24.4923
25.4539
23.0528
24.5251
24.6338
23.9264
25.1929
25.8036
25.5696
23.9680
22.9974
21.8254
23.2346
22.5789
24.2844
23.0360
22.9011
23.2698
23.1474
22.9984
24.1782
22.6894
23.7028
23.3199
23.8045
23.8763
23.6846
24.3179
24.3870
23.8974
23.8109
22.1536
23.0116
24.1526
24.1058
25.2221
24.0896
25.5909
23.9307
22.9007
23.2937
24.1587
22.8310
22.8141
23.3175
23.0782
23.5942
22.7870
24.1362
23.0354
22.8718
22.3001
22.1597
22.9532
24.1606
23.6595
23.3933
23.0738
23.8447
22.8351
23.0512
24.1308
22.8095
22.9593
22.5229
21.9639
22.4114
23.2896
24.0246
23.6920
22.9973
23.3871
23.8880
23.2911
25.0603
24.8285
23.5071
23.2352
24.3017
23.6946
23.0836
22.4959
23.8530
23.9657
24.4249
22.7375
23.0548
22.2654
22.0281
22.6497
22.5279
22.3927
21.7936
21.7911
22.2655
21.8150
22.6006
22.0565
22.1868
22.6633
23.9876
23.3741
24.3963
24.3462
24.3449
23.8719
22.7479
23.6395
23.5003
23.6744
23.3070
23.2042
22.6762
23.4741
23.1033
22.7861
22.3121
22.5999
22.2900
23.0442
22.4517
22.7610
22.9377
22.4550
22.5066
23.7747
22.5019
23.0932
23.5064
23.4045
24.1140
23.7723
22.8653
21.7883
22.7266
22.4540
22.9351
22.7953
22.3756
22.5431
23.2961
23.7792
23.4124
23.9882
23.8289
24.1645
23.9017
24.0423
24.0794
22.9289
23.2261
24.1005
23.2605
22.3657
24.0140
23.5666
24.0537
22.8283
23.6845
23.4920
23.4817
23.4738
23.3030
23.6127
22.2680
23.7205
24.1119
23.8280
23.7172
23.5127
23.4966
23.6974
23.5554
23.4278
22.5896
22.8841
22.0642
23.1172
24.2835
23.0844
23.8603
22.9622
23.0188
22.9322
23.3022
22.0915
23.8566
23.2841
23.0632
22.2623
23.0491
22.7526
23.4721
24.6280
23.5126
23.7090
23.6721
22.8969
22.9740
24.0853
23.2919
23.5082
23.3375
23.9180
23.8546
24.0125
23.5320
25.0164
24.5048
24.8960
24.7533
24.7818
24.8114
23.7765
23.0821
24.2065
24.1092
23.6967
23.8994
24.7950
23.4812
23.2874
23.3726
24.0919
23.3323
22.8574
23.9098
23.6503
23.4434
23.4594
23.7916
22.7717
23.4942
23.1930
24.4200
23.9536
23.9839
23.4129
23.5953
23.7382
24.1578
24.5346
24.0898
24.8874
24.3893
24.4121
24.8761
24.6486
24.2790
24.3549
25.0233
25.3237
25.8108
24.3384
24.4049
22.6649
22.7951
22.8670
22.0074
22.2123
23.7686
23.6451
23.9181
23.2024
24.5558
25.0300
25.1296
24.2380
24.7270
26.1052
24.3953
25.7981
24.2974
25.6322
24.6537
25.7089
25.8573
25.6263
25.4114
24.7434
24.9853
24.3495
24.9394
24.2829
24.6937
24.9097
24.9038
24.5982
25.4905
25.9199
26.2488
25.9643
25.5755
26.7462
27.2423
27.2850
26.7856
27.6241
28.8870
28.7941
27.1062
26.5257
26.8859
27.3207
27.1577
27.7382
26.2806
26.5268
27.9255
27.8828
27.6892
29.0718
28.2526
27.3423
28.1151
28.0213
27.6089
26.2355
26.1237
26.2883
27.2203
28.1901
27.8464
27.2831
27.1577
27.8864
29.1168
28.9215
28.8288
28.4119
28.9961
28.2516
28.1096
27.3665
27.5273
27.4562
27.1874
27.2052
26.9721
26.3775
25.6449
25.7418
25.7088
26.2404
27.1023
26.9607
26.8727
27.5559
25.3723
25.9746
26.1732
25.9756
27.9699
27.5590
28.2295
28.9826
28.2026
27.6584
27.1223
28.0643
27.2512
27.4345
26.5117
26.4820
26.1810
26.0701
26.5364
26.3971
27.0209
27.2232
27.5560
29.1552
28.1326
28.7188
29.0182
29.2784
28.1113
28.9581
28.8805
28.5412
27.0068
29.3163
27.3304
27.5501
28.0907
27.7579
29.0994
28.9600
29.0421
29.1866
28.6765
28.3399
30.5549
28.5072
27.6449
28.3718
29.3307
28.5991
28.4144
27.7275
28.1858
29.4743
30.6679
29.2182
30.4449
30.3784
30.1841
30.5636
30.3191
30.6685
30.9312
30.4206
30.6431
30.0612
28.7494
28.9779
30.0621
28.8801
30.6546
29.2139
29.4159
28.8046
28.1259
28.3375
29.9398
30.7061
28.8705
29.6192
29.2475
28.8102
29.4339
28.9774
28.6082
29.2824
29.9235
29.0982
29.8113
29.3320
29.8035
31.4924
29.7888
31.2872
30.7622
30.7436
31.0188
30.5289
30.6635
30.9188
30.2628
31.0462
30.2809
30.3628
30.4869
30.7087
30.1203
29.6633
29.4055
28.3324
30.1201
29.6286
29.5107
29.8036
29.6889
29.0700
29.0914
29.4336
30.4235
29.0197
29.9304
28.5215
28.6195
27.7641
28.5164
28.3601
29.6081
29.2665
30.0819
29.6109
28.3660
28.4577
30.2180
30.0437
30.3034
29.8428
30.0891
30.3407
29.8395
29.0855
29.2933
29.2811
29.1395
29.5442
29.6405
29.4383
30.3102
28.6719
29.6961
30.2483
28.8371
29.3144
28.8240
28.5869
29.7532
29.3342
29.2963
29.1616
29.6936
29.8378
30.6186
30.3305
29.8592
30.1400
29.6515
29.3620
28.4163
28.0948
28.4939
27.7028
28.4492
30.2724
30.3092
30.2019
31.0382
28.7945
29.6231
29.0919
30.2807
30.2182
30.2876
29.7344
30.9798
31.1873
31.0981
31.6427
32.5129
31.2855
31.1622
30.9148
30.4139
30.8377
30.3829
30.3388
30.5281
30.2907
29.3775
30.7406
30.2593
28.5795
29.3602
29.1618
30.6911
31.2609
31.0285
31.5061
30.7163
29.9641
31.6348
30.2883
29.8697
32.5187
31.1364
31.3983
31.0459
29.9861
30.8536
31.9751
32.3098
31.7581
32.1648
31.3119
32.1346
33.7025
31.8549
30.8553
31.2056
32.7054
31.7246
30.4930
31.4032
31.1512
30.0320
31.0001
30.2283
32.0253
31.1577
31.6770
32.2884
30.9145
31.3923
30.6442
30.9739
32.1901
31.4934
31.5249
32.2443
32.8798
31.3763
31.0965
31.1857
30.2788
29.8755
31.1081
32.2649
31.2945
31.2619
31.2741
31.0842
31.5896
30.1730
31.6281
31.9800
31.5830
31.4092
32.4238
31.8937
31.5035
32.7274
32.4542
31.8558
33.8448
33.2248
32.9870
32.1912
32.4458
32.1225
30.6976
32.0658
31.9902
31.2571
31.6776
30.8466
33.3629
33.5421
32.3278
32.2825
32.8484
32.3512
33.2878
33.3662
32.6509
32.8530
32.7875
31.0646
34.0743
33.2380
33.1647
33.7680
33.2481
32.2964
31.5441
31.4789
32.7567
32.4220
33.5856
34.0237
33.8916
33.9685
34.2742
31.9458
32.3211
32.9398
32.0476
32.1141
31.7779
31.6602
32.9995
32.5566
33.2499
32.9517
32.4078
32.2018
32.4608
32.4402
33.2275
32.1699
32.5577
31.0350
31.8205
32.3784
32.0195
34.0171
33.6617
33.2337
33.7261
33.0202
32.8960
32.4083
32.6680
32.3963
31.3052
30.9388
30.6430
30.8622
30.3425
30.7531
30.7832
30.8508
31.6280
31.8967
32.1047
33.9611
32.8033
31.8038
32.0238
31.6535
32.8134
33.1819
34.2475
33.7765
33.0025
32.5026
34.1699
33.8533
33.3564
32.4856
33.5644
31.9508
32.2091
33.3683
32.7480
32.3966
33.3781
33.2351
33.4305
