0.5469
0.5795
0.8149
0.6686
0.9494
0.6504
0.8587
0.6972
0.8767
0.9607
0.9080
0.6287
0.7120
0.7214
0.7474
0.5299
0.9794
1.1983
1.3554
1.2343
1.0914
1.0327
1.3067
0.9186
1.0220
1.3787
1.2166
0.9682
0.9092
1.0966
1.3990
1.3681
1.2271
0.9480
1.0964
1.0396
0.8596
1.0084
1.0779
0.8371
1.0484
1.1672
1.3239
1.2517
1.2164
1.3435
1.1817
1.1499
0.9591
0.9745
0.8280
0.9558
1.0053
0.8140
0.8631
0.7092
0.8028
0.9664
0.9546
1.2267
0.9042
1.0275
0.9372
1.0357
1.1435
0.8913
1.0747
1.2007
1.3155
1.1586
0.9108
0.9145
1.0034
0.9220
0.9761
0.9588
1.1828
0.8722
0.8853
1.0195
0.9235
1.0056
1.2471
1.1067
1.0974
0.8642
0.8684
1.0783
0.9610
1.1768
1.0992
1.4310
1.2319
1.1001
1.0968
1.0669
0.9049
1.0080
0.8962
1.0774
0.8472
1.0814
1.2006
1.1152
1.3921
1.5126
1.0850
1.3837
1.2671
1.1120
1.4163
1.2685
1.6238
1.6285
1.4696
1.2940
1.2203
1.1789
1.2182
1.3248
1.1639
1.2703
1.2173
1.3183
1.0762
1.1921
0.8862
0.5381
0.9836
0.9815
1.1156
1.0981
0.9495
1.2993
0.9287
1.0652
1.0649
0.9258
1.0269
1.0825
1.4158
1.0296
1.2045
1.1291
0.9217
0.5282
0.8043
0.8770
0.5210
0.8052
0.7021
0.7249
0.7004
0.7579
0.4444
0.8865
0.8350
0.8096
0.9946
0.9357
0.8062
1.2323
1.1302
0.6725
0.7779
0.7878
1.0984
0.9445
0.8878
0.5794
0.8875
1.2449
0.5899
0.5932
1.1345
0.7667
0.7050
1.0360
1.0948
1.0696
1.2329
0.7774
1.0635
0.8347
0.8948
1.0608
0.7913
0.8730
1.0622
0.8377
0.9697
0.9213
1.2898
1.3188
0.9869
1.1196
1.1743
1.4267
1.4881
1.1858
0.9043
0.6568
0.9762
1.3914
1.3701
1.9065
1.4900
1.8087
1.8788
1.7708
1.9921
1.5177
1.3373
1.3864
1.1191
0.8447
0.8817
0.6091
0.8489
1.0790
1.5505
1.7013
1.4377
1.4191
1.3092
1.6325
1.7362
1.7839
1.7703
1.7661
1.5017
1.6292
1.2335
1.1032
0.7798
0.9332
0.7580
1.0349
1.3881
1.2525
1.3293
1.3089
1.3779
1.2621
1.1657
1.4231
0.9551
1.2508
1.1568
1.4236
1.1684
0.9895
1.1806
1.3132
1.3674
1.3674
0.9060
1.0992
0.8488
0.9604
1.0150
1.3406
1.3624
1.4788
1.2952
1.4876
1.3577
1.5494
1.6181
1.5225
0.9948
0.8177
1.1536
1.1873
1.1229
1.8778
1.7963
1.8165
2.0147
1.5681
1.6393
1.7973
2.1984
2.5738
2.1215
1.8079
2.0927
2.1570
2.3942
2.4960
2.2091
2.2718
2.8510
2.7197
2.4368
1.9016
1.7200
1.6663
1.4686
1.7080
1.7056
1.9462
1.4174
1.4167
2.2143
2.1004
1.5322
1.5509
1.5385
1.4303
1.4121
1.6139
1.9016
1.8402
1.6712
1.4349
1.3527
1.1405
1.1879
1.2395
1.5625
1.2402
1.7626
1.6188
1.6298
2.1122
1.9188
2.1071
1.4056
1.6584
1.1169
1.2702
1.4011
0.9046
0.8602
1.0619
1.4362
1.3338
1.3878
1.2897
0.9688
1.4724
1.2986
1.1571
1.0365
0.9261
0.7946
0.9377
1.0462
1.1065
1.0563
1.0250
1.1806
1.0302
1.0244
0.9848
0.9383
0.9822
0.9598
1.0622
0.9265
0.9367
1.0470
1.3299
1.0671
1.1997
1.3684
1.8133
1.3418
1.3686
1.4409
1.4814
1.5536
1.5513
1.3125
1.4665
1.2407
1.5657
1.3141
1.5387
1.3811
1.2538
1.7574
1.7453
1.9492
1.8692
1.9318
1.7978
1.6964
1.9916
1.8793
1.4453
1.1844
1.0270
1.0651
1.3225
1.5210
1.3653
1.2860
1.4926
1.7181
1.5941
1.5312
1.6794
2.0711
2.1601
2.1016
2.5103
1.6764
1.8347
1.5907
1.1035
1.3081
1.1291
1.0096
1.5051
1.3072
1.5507
1.5912
1.5132
0.9631
1.0640
1.3767
1.3368
1.4573
0.8257
1.1905
1.2997
1.2303
1.2116
0.9728
0.7655
0.6416
0.8588
0.8624
1.1997
0.8336
0.8719
1.2408
1.0730
1.2416
0.9333
1.1017
0.8811
0.8327
1.1573
1.1131
1.0572
1.0864
1.0852
1.3082
1.1285
1.0042
1.0855
0.9445
0.9791
0.9471
0.8155
0.7420
1.0255
1.0284
1.3334
1.2663
1.3376
1.4618
1.6181
1.2800
1.5199
1.3334
1.2976
1.1090
1.2408
1.2464
1.6113
1.7980
2.0086
1.8076
1.5292
1.7355
1.6475
1.0970
1.1430
1.0372
0.6957
1.0241
1.2348
0.7505
0.8249
0.9275
1.2114
1.4649
1.4194
1.6285
1.3255
1.3974
1.3555
1.2303
1.4507
1.4645
1.2641
1.1200
1.2269
1.4378
1.1557
1.2832
0.9817
1.0878
1.0445
1.1425
1.2495
1.5042
1.4752
1.1849
1.2129
1.1301
1.2831
1.3956
1.3130
1.1840
1.2556
0.9224
1.1451
0.8877
0.7081
0.6954
0.4843
0.4744
0.9279
0.7560
0.8622
1.0216
0.6170
0.8807
0.8310
0.5658
0.8661
0.7946
0.7381
0.8613
1.0246
0.8318
0.8017
0.7859
0.9377
1.2307
0.7904
0.8606
0.8216
0.9677
0.8274
0.8958
1.1131
0.9279
1.0833
1.2191
1.1102
1.1791
1.0966
1.3439
1.4432
1.4927
1.5886
1.7174
1.8511
1.6357
1.4435
1.7003
1.9118
2.0833
1.6383
1.8901
1.7587
1.6055
1.6077
1.8840
1.8311
2.0581
2.0649
1.8947
1.9931
2.0495
2.1160
2.1367
1.6561
1.7167
1.8878
1.9838
1.9977
1.9331
2.2122
1.7475
1.4352
1.4455
1.3954
1.2901
1.4737
0.9616
1.7313
2.0385
1.8842
1.6523
1.7609
1.6916
1.5605
1.4662
1.6691
1.6577
1.4717
1.3853
1.4926
1.7322
1.8382
1.8938
1.8543
1.7667
1.9925
2.1234
2.2288
2.0688
1.8101
2.3780
2.0530
2.3205
2.4577
2.2051
1.8076
1.6026
1.8603
1.4643
2.0895
0.9617
1.6530
1.7194
1.7944
1.7993
1.7693
1.6790
1.6785
1.1532
1.1575
1.3918
1.5202
1.2453
1.0135
1.1000
1.2913
1.2793
0.9475
1.3614
1.0602
1.0250
1.2702
1.1692
1.2509
1.2148
1.1932
1.3895
1.1961
1.0888
1.0480
1.3019
1.3940
1.6252
1.5142
1.2988
1.2593
1.6737
2.0021
1.6944
1.3057
1.3667
0.9683
1.2671
1.1998
1.2731
1.3445
1.1647
1.1196
1.0749
1.1118
1.3733
1.3892
1.3636
1.7829
1.3085
1.1944
1.3027
1.0906
1.4298
1.3994
1.6809
1.3337
1.3429
1.4346
1.3269
1.1615
1.0493
1.2361
1.1360
1.2755
0.9035
1.3956
1.8168
1.0416
0.9978
0.8980
1.4663
1.3080
0.9988
1.3058
1.1834
1.4610
1.4838
1.5705
1.7807
1.5863
1.8171
1.9698
2.1863
2.6034
1.9693
2.1459
2.1431
1.7364
1.6702
1.6438
1.7582
1.8104
2.0870
1.6661
1.8681
1.9296
2.1268
1.8195
1.7482
1.7484
1.8781
1.5921
1.8328
1.4636
1.6882
1.4089
1.3431
1.0391
1.3188
1.5246
1.5728
1.5400
1.5893
1.4464
1.8095
1.8332
1.5001
1.5719
1.4780
1.4350
1.5153
1.2250
1.3266
1.6140
1.4986
1.7219
1.6718
1.5257
1.7660
1.5830
1.4932
1.2860
1.4169
1.8796
1.7128
1.6729
1.7720
2.1292
1.9725
1.8162
1.3512
1.6811
1.6546
1.7367
1.8374
2.0947
1.5303
1.3944
1.0489
0.9936
0.9898
1.0907
1.2450
1.4724
1.6713
1.6850
1.4966
2.0752
1.9383
1.6452
1.7822
2.1268
1.9858
1.8364
2.0549
2.1958
2.1489
2.1259
2.2639
2.0666
1.9773
1.8509
1.7166
1.5882
1.4475
0.9773
0.9906
1.2798
1.1062
1.4333
1.1721
1.3848
1.2452
1.5096
1.1935
1.1378
1.0751
0.9305
0.9764
0.9140
1.0655
0.6737
0.7517
0.7837
0.7591
0.8509
0.9467
1.0769
1.0417
1.1578
0.8157
0.9216
0.9881
0.7805
0.9449
0.7473
0.8504
0.7417
0.6575
0.7832
0.7372
0.8249
0.9586
1.0644
0.6734
0.5139
0.7137
0.8228
0.9954
1.1580
0.7810
0.8615
1.2071
1.1348
1.4432
1.4527
1.3668
1.2531
1.4049
1.4341
1.0472
1.0909
1.2490
1.3569
1.0897
1.2052
1.1380
1.1946
1.3669
1.3902
1.0321
0.7298
0.6356
1.1004
1.0610
0.9837
1.2138
1.2515
1.1302
1.1397
1.2905
1.2035
1.2043
1.0730
0.8705
1.1582
1.2138
1.5255
1.5406
1.5863
1.6531
1.8436
1.5853
1.6105
1.2806
1.1481
1.2113
1.5253
1.7560
1.2753
1.2806
1.0644
0.9800
1.0364
1.0581
1.3220
1.2751
1.4179
1.3079
1.1967
1.2757
1.3689
0.9275
1.5901
1.4040
1.3779
1.2245
0.8406
1.3624
1.6021
1.4545
1.3238
1.2982
1.1875
1.2981
1.4633
1.4665
1.6822
1.3576
1.7408
1.4789
1.5275
1.1363
1.5705
1.4521
1.5309
1.4691
1.8584
1.4136
1.9528
1.3412
1.4622
1.7298
1.2683
1.2797
1.1977
1.1464
0.9781
1.0865
1.1265
1.3176
1.2812
1.1502
1.0825
0.7588
0.6128
0.6366
0.8266
0.8015
0.9055
1.2100
1.1361
0.9072
1.1102
0.9569
0.9901
1.2139
1.4327
1.2763
1.4231
1.3355
1.0922
0.9750
0.8661
0.9599
0.8817
1.0050
1.0915
1.2556
1.0678
1.3371
1.0955
1.3973
1.6218
1.2403
1.3248
1.4653
1.1417
1.0235
1.1492
0.9689
0.8875
1.1251
1.1092
1.1069
1.1625
1.4197
1.0320
1.1797
1.1183
0.8427
1.0541
0.8914
0.9639
1.2295
1.3032
0.7577
0.9688
1.0615
0.9983
1.2888
0.9646
0.7827
1.2108
1.3005
1.0985
1.1614
1.0924
0.9097
0.6682
1.0015
0.7295
1.2020
0.8971
0.8871
0.6238
0.7403
0.8785
0.9187
1.4412
1.0519
0.7103
0.7401
0.7186
1.2022
0.7371
0.7278
0.7279
0.9637
0.7555
0.7714
0.9815
0.9680
0.9438
0.8381
0.9742
0.7803
0.5657
0.7807
0.8049
0.9463
0.6322
0.6577
0.7124
0.9045
0.7181
1.0579
1.2720
0.8615
0.8038
0.8607
0.9854
0.9837
0.7415
0.6587
0.9316
1.1861
1.5342
1.4441
1.3004
1.4762
1.5869
1.6898
1.5540
1.5485
1.6275
1.1864
1.6236
1.6168
1.3339
1.3633
1.0723
1.1842
1.0988
1.2202
1.0561
1.1479
0.9949
1.2493
0.8860
0.9180
0.8736
0.5443
0.7843
0.5666
0.7468
1.0623
1.1676
0.6988
0.7923
1.0023
0.9777
0.9270
0.6868
0.8827
0.8246
1.0748
1.3862
1.3274
1.3231
1.2692
1.3414
1.0392
1.3242
1.0505
1.1871
0.9085
0.8832
1.1908
0.8936
1.2591
1.0160
0.8599
1.0401
0.7123
0.5346
0.7094
0.7763
0.8024
0.7580
0.7710
0.6014
0.7606
0.5449
1.1072
1.1125
1.1608
1.1489
0.8262
0.9235
0.8331
0.8089
0.8917
0.7214
0.8103
0.9800
0.8855
0.5974
0.7333
0.6899
0.8432
1.0827
0.8851
0.6328
0.5759
0.7360
0.7326
0.5938
0.9419
0.8292
0.5554
0.6005
0.7123
0.8324
0.6039
1.0021
0.9779
0.7329
0.7462
0.5461
0.5584
0.5857
0.8969
0.6842
0.7423
0.7694
0.8097
0.8298
1.1041
0.6999
0.6684
0.6520
0.6137
0.6907
0.7648
0.6940
0.8485
0.8016
0.7840
0.9188
0.6819
0.9705
0.7271
0.7639
0.7272
0.8066
0.9129
0.8438
0.7633
0.9457
0.6788
0.6984
0.6261
0.7572
0.6646
0.7580
0.8042
1.1680
0.8717
1.0817
0.8390
0.7182
0.7542
0.8464
1.0173
0.8425
1.0648
0.9615
0.7961
0.6782
0.5854
0.7417
0.8164
0.5719
0.9465
0.6957
1.0252
1.1807
1.0278
0.7744
0.7755
0.8043
0.9296
0.6717
0.7173
0.7291
1.0540
0.8442
0.8069
0.6915
0.6282
0.7312
1.0123
0.6916
0.7328
0.8197
0.7403
1.0963
0.8356
0.7442
0.7018
0.8418
0.8758
0.7011
0.7910
0.8348
0.6150
0.8361
0.8464
1.0392
0.8448
0.8305
0.7603
0.9624
0.8269
0.6067
0.5873
0.6163
0.5990
0.8603
0.6669
0.5066
0.7113
1.1378
0.5640
0.5477
0.9638
0.8414
0.7571
0.6349
0.6560
0.5276
0.7356
0.5933
0.9210
0.8508
0.8775
0.6655
0.9083
1.2368
1.0611
0.9649
0.7602
0.8155
0.6292
0.7469
0.7167
0.8244
0.7349
0.8967
0.8556
0.7051
0.9011
0.7973
0.7431
0.5716
0.9481
0.8066
0.7756
0.6208
0.9386
0.8852
0.8799
0.8736
0.8245
0.9264
0.6839
0.8264
0.6034
0.6781
0.4669
0.4427
1.0766
0.6812
0.7139
0.6618
0.6983
0.6255
0.6910
0.6190
0.6802
0.5811
1.3684
0.8359
0.6684
1.0873
0.9907
1.0904
1.0871
0.8448
0.9032
1.0412
1.5241
1.0021
0.9064
0.9632
1.2510
1.1657
1.1263
0.9572
1.1075
0.7191
0.7803
0.7022
0.9629
1.0800
0.9083
0.9559
1.0831
0.8599
0.6484
0.8401
1.0462
1.1217
1.0988
1.1411
0.9853
0.9919
0.9726
0.8290
0.9886
0.8393
1.0311
0.8661
0.7085
0.7800
0.7283
1.3181
1.1443
0.8661
1.2666
0.9716
0.8264
1.4719
1.3524
1.2760
1.1535
1.1650
1.3446
1.0127
1.1566
0.8721
1.4679
1.0261
1.5455
1.6095
1.2553
1.2984
1.4278
1.3634
1.0928
1.0345
1.1451
1.3014
1.6351
1.7154
1.9374
1.7848
1.2589
1.2182
1.5388
1.3442
1.1946
1.4015
1.5605
1.2277
1.7949
1.6415
1.5502
1.9628
1.5536
1.3708
1.0231
1.2511
1.7159
1.3006
1.2238
1.5993
1.2470
1.2910
1.5246
1.3267
1.3417
1.5060
1.5204
1.3576
1.4946
1.4771
1.5519
1.2862
1.3019
1.1705
1.6370
1.0869
1.2134
1.3147
1.3751
1.3717
1.2531
1.2022
1.4160
1.3563
1.4840
1.0555
1.1452
1.2999
1.5419
0.9339
1.3679
0.9779
0.8502
1.0568
1.2233
0.9922
1.3168
1.3614
1.0353
0.9425
1.1186
1.0168
0.8111
0.9668
0.8092
0.8481
0.8037
1.4035
1.0945
1.0827
1.3642
1.1818
1.1242
1.5231
1.4573
1.4517
1.1964
1.1826
1.3569
1.2904
1.3000
1.4962
1.0572
1.1234
1.0200
1.3208
1.4366
1.4979
1.0067
1.0984
1.0057
1.0616
1.2086
0.9373
0.7353
0.5990
0.8726
0.6753
0.7360
0.7030
0.6586
0.4142
0.5274
0.7349
0.7133
0.7246
1.0520
0.7741
0.6675
0.6909
0.5867
0.8292
0.8446
1.1149
0.9573
0.9510
0.8323
0.9924
0.7036
0.7929
0.8991
0.8645
0.8914
0.9638
0.7994
0.9217
0.8024
0.7796
0.9773
0.8025
1.0561
1.1441
0.9421
1.1493
0.7956
1.0019
1.1052
1.0252
0.8613
1.0743
1.2712
0.9963
1.0589
1.1843
0.6820
0.7341
1.0292
0.9506
0.9259
1.1923
0.9443
1.0839
0.8293
0.7755
0.7853
1.0899
0.9053
1.4414
0.9267
1.3665
1.2525
1.0893
1.5409
1.1651
1.0068
0.8560
0.7988
0.7468
0.7417
0.7900
0.7940
1.1825
1.2154
1.0292
1.0483
0.9337
0.7439
0.6432
1.0576
1.4623
1.1949
0.9390
1.2781
1.2987
1.2541
1.2791
1.1489
1.3401
1.4741
1.3344
1.4484
1.3852
1.4602
1.0319
1.3576
1.0384
0.9325
0.9688
1.1171
1.1221
0.9450
1.1077
1.3169
0.9551
0.7254
0.9642
1.3284
1.1222
1.3827
1.1958
1.2300
1.4664
1.4567
1.6212
1.4804
1.4377
1.3757
0.7890
0.7638
0.5432
0.8592
0.7766
0.8913
0.8916
0.6606
0.7843
1.1521
0.6707
0.9461
0.8836
0.8625
0.8800
0.9159
1.0986
0.7914
0.9207
0.8443
1.0013
0.7467
0.7143
0.7336
0.7510
0.7168
0.8633
0.7034
0.6759
0.7601
1.0791
1.2119
0.6383
0.7364
0.8427
1.0176
1.0486
1.3745
1.3279
1.0358
1.0586
0.8789
1.1737
0.9112
0.7623
1.2758
1.2973
1.2322
1.1542
1.0926
1.0462
1.5009
1.5403
1.3704
0.8661
1.2782
1.3270
0.9164
0.9914
0.7679
0.8755
0.7982
0.8947
0.7898
0.8517
0.7364
0.8899
1.0243
0.9661
0.8597
0.5352
0.6227
0.8132
1.0722
0.9777
0.9023
0.8689
0.6642
0.6215
0.6277
0.7756
0.7175
0.7239
0.7711
1.0056
1.2882
1.1117
0.9034
0.6289
0.6845
0.8960
1.1293
0.9774
1.0234
1.0098
1.1376
0.5429
1.0801
0.7539
0.9545
0.9341
1.0573
1.3343
1.1545
1.2832
1.0537
0.7589
1.0453
1.2444
1.0929
1.2821
1.0607
0.8636
0.7713
0.8144
0.7054
0.7175
1.0394
0.7688
1.1122
1.2422
0.8022
1.1352
1.2172
1.1307
1.3498
1.0355
0.6897
0.8989
0.6760
0.8700
0.6202
0.6335
0.6245
0.6814
0.5042
0.7243
0.8433
0.8486
0.8564
0.9599
1.0309
1.3370
1.3204
1.5728
1.5027
1.3296
1.1068
0.9169
0.9468
0.9856
1.0355
1.0479
1.2519
1.1904
0.9084
1.1580
0.9882
1.1577
1.0244
0.8921
0.8393
0.7849
0.8489
0.7330
0.8929
0.9878
1.0679
1.3898
1.1379
1.1263
1.2444
0.6979
1.1309
1.1292
1.1668
0.8250
0.8079
0.9991
1.1434
1.0694
1.2773
1.0140
1.0377
0.8244
0.8359
0.7686
1.0125
0.8232
0.8050
0.7373
1.0038
1.0646
1.2488
1.0693
0.8832
1.2003
1.0991
0.8497
1.0937
0.9934
1.2409
1.2433
0.9925
1.1012
0.7804
1.0653
0.8736
0.9115
0.7971
0.8762
0.8576
1.1711
1.1414
1.3226
1.0239
1.2654
1.0201
0.9742
1.2798
1.1520
1.2999
0.8539
1.1809
1.0853
0.9082
1.2065
1.0110
1.0091
1.0373
1.0665
1.2135
1.2259
1.1810
1.0473
0.9821
0.9441
0.7412
0.7564
0.8761
1.0066
0.8033
0.5928
0.5930
0.8468
0.7558
0.6995
0.7068
0.7088
0.7647
0.8124
0.7565
1.0864
1.2029
0.9193
1.2210
0.9148
1.3213
0.7006
0.8283
0.8993
0.9361
0.6314
0.7474
0.8228
0.5532
0.6660
0.8253
0.7885
0.7400
0.6103
0.7802
0.7593
0.9024
0.6993
0.8952
0.8048
0.9280
1.0849
1.0657
0.9023
1.0847
0.8513
0.7063
0.7222
0.8282
0.8651
0.7078
0.6930
0.6198
0.9328
0.6515
0.5757
0.6817
0.8571
0.7672
0.8040
0.7808
0.8228
0.7058
0.7972
0.8688
1.1214
0.7155
0.9003
1.2364
1.2173
1.2594
0.6743
0.5914
0.6766
0.8956
1.2308
1.2551
0.9645
0.7293
0.8586
0.5930
0.8848
0.9988
1.0629
0.7183
0.9243
0.7162
0.5133
0.7388
0.7901
0.7299
0.9576
0.6188
0.5392
0.6317
0.7638
1.1066
1.1198
1.0349
1.0989
0.7864
0.9145
0.9974
0.8346
1.1348
1.3276
1.0826
1.1232
1.4799
1.3416
1.1317
0.9896
0.9370
0.9009
0.9493
0.9561
0.8340
0.9786
0.9928
0.9661
0.5874
0.7859
1.1523
0.8844
1.2855
1.5250
1.2867
1.5523
1.2070
1.4182
1.2070
1.2740
1.2583
1.3127
1.1619
1.5567
1.6463
1.2991
1.2551
1.2928
1.1840
1.1496
1.2328
1.3097
1.5203
1.5147
1.3843
1.3948
1.4531
1.4914
1.1270
1.2439
1.1693
1.2494
1.2808
1.8183
1.5766
1.4950
1.2887
0.7587
1.0943
0.9481
0.9209
0.9178
1.1558
1.2375
1.0777
1.5642
1.4429
1.7587
1.7632
1.7581
1.7155
1.9434
1.9899
2.1961
2.1543
1.9972
1.7355
1.8559
1.9475
1.7682
0.9526
1.8255
1.9860
1.6973
2.0911
1.5461
0.9720
0.9100
1.1558
1.2721
1.1650
1.4531
1.3789
1.4254
1.4898
1.2443
1.0375
1.2125
1.2218
0.9955
1.2016
0.7228
0.9764
0.9577
0.7032
0.8263
0.7264
0.5824
0.5240
0.8329
0.9436
0.4252
0.5993
0.8275
0.9000
0.8550
0.6373
0.6789
0.7395
0.6182
0.9368
0.7784
0.6168
0.5663
0.8202
0.7164
0.7992
0.5288
0.6814
0.5897
0.5325
0.5294
0.5259
0.7642
0.7486
0.6592
0.5872
0.5550
0.7920
0.8405
0.7584
0.9268
0.8836
0.9033
0.9882
1.1034
1.2547
0.8279
0.6741
0.6159
0.6480
0.8301
0.5496
0.8309
1.0103
1.1173
1.0167
1.3158
1.0953
1.1700
1.1587
0.8177
0.7955
0.7757
0.8920
0.8806
0.7965
0.6907
0.8024
0.6815
0.7021
0.7817
0.8979
1.0783
0.9148
0.9835
0.7197
0.8388
1.1608
0.4905
0.6116
0.6547
0.6330
0.5868
0.6430
0.6815
0.7628
0.7801
0.6004
0.7664
0.6655
0.7974
1.0866
0.9082
0.9827
1.3337
0.9958
1.0006
1.2089
1.0130
1.0225
0.9959
1.1454
0.9189
0.8575
1.0732
1.2222
0.8276
1.1121
0.9758
0.9396
0.8419
0.7057
0.9292
0.4952
0.9412
0.5462
0.9010
0.8787
1.0465
1.0684
1.0236
0.9814
1.4806
0.8672
0.9485
1.1165
0.7538
1.0124
0.9950
1.1789
1.4811
1.2752
1.2090
0.9233
0.9475
0.8986
1.0340
0.6879
0.6440
0.7058
0.8253
0.9186
1.0534
0.9681
0.9271
0.9020
1.1977
1.3842
1.0317
1.1328
1.1466
1.2885
1.5730
1.2545
1.0540
0.8752
1.0776
1.0991
1.1009
1.2570
1.2048
1.2063
0.8607
1.2094
1.2678
0.9537
0.8621
0.9219
0.8419
1.0725
1.3307
1.0484
0.8230
1.2795
0.9760
1.2760
1.0661
0.9786
0.9954
1.0980
0.9673
0.9787
0.7200
0.8972
1.1643
1.1526
1.2298
1.1900
0.8050
0.9016
0.7620
1.5196
1.1813
0.6334
0.8422
0.8336
0.7419
0.9580
1.0144
0.8487
0.7411
0.8577
0.7206
0.7681
1.1709
1.1824
0.8157
0.9477
0.6620
0.6789
1.1747
0.9470
0.8239
0.7561
0.9660
1.1127
1.1620
1.3681
1.4010
1.0815
1.3006
1.2744
1.2043
1.1079
1.1829
0.9511
1.0072
0.5542
0.9364
1.0375
0.8421
0.9541
0.5745
0.7948
0.8607
1.2187
1.2777
1.1930
0.9188
0.9616
1.0120
1.3441
1.1016
0.8585
1.0554
1.2988
1.3696
1.3238
1.1136
0.9931
0.7973
0.9001
0.8623
0.7888
1.2470
0.9624
1.1909
1.0652
1.3470
0.8005
0.9609
1.1514
1.3648
0.9769
0.9481
1.2171
1.2605
1.0089
1.0125
1.0984
1.1051
0.9017
0.9126
1.1018
0.6754
0.9921
0.7986
0.8642
1.2303
1.0347
1.0529
1.0805
1.4838
1.4888
1.4678
1.8959
1.7066
1.8923
1.8007
1.6069
1.4467
1.6182
1.7076
2.0198
1.4685
1.6260
1.3358
1.7908
1.3993
1.3450
1.2429
1.4009
1.3980
1.5390
1.4139
1.5953
1.4976
1.3067
1.0742
1.4071
1.6011
1.1389
1.2506
1.4458
1.6022
1.5598
1.3265
1.5737
1.9957
1.7422
1.4066
1.2357
1.2871
1.4776
1.6613
1.2705
1.3324
1.2115
1.0156
0.7506
0.8178
0.6519
1.0005
1.5777
1.3161
1.3120
1.3440
1.2031
1.2020
1.1757
0.7525
0.6557
1.1013
0.9138
0.9582
0.8231
0.8763
0.9817
1.2380
1.5251
0.8811
0.6786
0.8741
1.0397
0.8295
0.8295
1.1894
0.9356
1.3778
1.4846
1.2851
1.0302
0.9973
1.0315
0.8502
0.7610
0.8350
0.8616
1.0107
0.7041
1.0020
0.7132
1.2256
1.1852
0.8320
0.6940
1.1275
1.0334
1.0812
0.7642
0.8531
0.7290
0.5894
0.8121
0.6729
0.5266
0.9004
0.9472
0.9832
0.6620
1.3098
1.1429
0.9968
1.1120
1.0563
0.8976
0.9469
0.7403
0.9990
0.7450
0.9592
1.0579
0.9320
1.1857
1.0819
0.9227
0.8057
0.9752
0.5874
0.9186
0.7218
1.0195
0.8243
0.5928
0.5954
0.7679
0.5429
0.6660
0.7020
0.7320
0.6979
0.5771
0.6179
0.5325
0.6660
0.9696
0.7784
0.7890
0.6329
1.0113
0.8397
0.6532
0.7837
0.5366
0.8194
0.7176
0.8115
0.8421
1.1488
0.7106
1.2810
0.6782
0.6983
1.2022
0.7007
0.9308
0.9388
0.8997
1.0037
0.6969
0.6586
0.9175
0.5827
0.4774
0.9230
0.8236
0.7778
1.0331
0.7267
0.7641
0.6676
0.8500
0.6368
0.6831
0.7560
0.8846
0.8260
0.8758
1.0117
1.2473
1.2004
1.1097
1.0290
1.0158
0.9628
0.9610
1.1749
1.0330
1.0754
0.8559
0.7411
1.1384
1.1436
1.3973
1.1802
1.4539
1.8478
1.4852
1.3115
1.4586
1.2776
1.0243
1.1660
1.2967
1.1222
1.5439
1.6770
1.6416
1.5575
1.5483
1.7832
1.4337
1.3635
1.3308
1.3738
1.4048
1.5128
1.1899
1.3104
1.2544
1.2295
1.6702
1.2455
1.4656
1.3300
1.0984
1.0990
1.3231
1.4491
1.2051
1.2247
1.3621
1.2379
1.2233
1.8219
1.7051
1.5832
1.4552
1.4188
1.5356
1.6364
1.5833
1.2116
1.1891
1.3547
1.3880
1.2336
1.2053
1.4783
1.8245
1.6701
1.3230
1.8405
2.1335
1.8465
2.1976
2.0664
1.6567
2.0761
1.5605
1.4023
1.7321
1.7701
1.5102
1.3515
1.6019
1.4248
1.2993
1.3390
1.5103
1.5883
1.7420
2.0435
1.8544
1.8487
1.7274
1.6863
1.6722
1.6499
1.6430
1.9851
1.6372
1.5036
1.3770
1.7771
1.4950
1.3029
1.2422
1.2280
1.5710
1.3871
1.3571
1.5825
1.0745
1.0129
1.3410
1.3292
1.3313
1.1447
1.1422
1.5098
0.7169
0.9487
1.1779
1.1073
0.8420
0.9688
0.7906
0.9148
0.8573
1.1234
0.9092
1.0728
1.1247
1.0051
1.1044
1.1226
1.0993
0.8279
1.2335
1.1463
0.8736
0.9668
0.9991
1.0843
0.8941
0.7200
0.6736
0.9291
0.9617
0.8057
0.7756
0.7739
1.1052
1.3878
0.9394
1.0420
0.7342
0.7799
1.0568
0.9234
0.9064
1.0039
0.6779
0.6252
0.6341
0.6587
0.7011
0.8067
0.6288
0.7449
0.9334
1.4202
1.1384
1.5016
1.3121
1.1230
1.4187
1.3641
1.2994
1.1495
1.2741
1.3887
1.2688
1.3577
1.0715
1.3272
1.3306
1.3318
1.5254
1.3534
1.2810
1.2831
1.6112
1.2404
1.3529
1.6476
1.4603
1.3001
1.0854
1.4015
1.4700
1.4887
0.9941
1.6536
1.6865
1.6754
1.7882
1.4566
1.7169
1.7279
1.6910
1.9961
1.7895
1.8990
1.6586
1.4320
1.4206
1.4589
1.3398
1.3094
1.2835
1.3050
1.2578
1.3458
1.5819
1.6101
1.4263
1.1283
1.0668
1.1225
1.2004
1.3776
1.6266
1.2973
1.1279
1.1694
1.2290
1.1242
1.1666
1.2245
1.0658
1.3389
1.6120
1.3516
0.9783
1.2095
1.5123
1.4413
1.2123
1.3117
1.2555
1.5920
1.3229
1.5345
1.4681
1.6367
1.5611
1.3850
1.4047
1.3227
1.3812
1.3847
1.3417
1.2771
1.0427
0.7848
1.0268
1.0209
1.7450
1.4803
1.4452
1.6660
1.7032
2.0182
1.8762
1.3021
0.8918
1.1213
1.2546
0.9944
1.2147
1.0872
1.0877
1.0009
0.7492
0.8656
1.1673
1.0438
1.2605
1.1601
1.1696
1.0807
1.0811
0.8353
1.3359
1.1628
1.0536
1.3277
0.9997
1.7225
1.4363
1.3223
1.4322
1.2495
1.6185
1.6170
1.0042
0.9705
1.0044
1.2200
1.4082
1.5587
1.4736
1.1243
1.2448
1.0166
1.0054
0.9689
1.0301
0.9655
1.2969
0.8098
1.0000
1.1237
1.0720
1.3198
1.2299
1.0524
1.2163
1.1619
1.1789
1.0671
0.8981
0.9280
0.9442
0.9785
1.0223
0.7818
1.4005
1.0792
0.8706
1.0363
0.7895
0.8509
1.2669
1.0449
1.2251
1.4371
1.2014
1.4664
1.0932
1.4555
1.4351
1.3122
1.2567
1.2211
1.4979
1.3347
1.4234
1.3100
1.6244
1.2766
1.5149
1.2816
1.1909
1.5980
1.8978
1.6532
1.6208
1.4563
2.0796
1.6751
1.5745
1.6530
1.4523
1.6519
1.8538
1.3895
1.4191
1.6221
1.4821
1.3333
1.4447
1.5356
1.5442
1.5230
1.4209
1.2488
1.2353
1.2446
1.7127
1.5337
1.2177
0.9732
1.2160
1.4001
1.5408
1.5454
1.2246
1.8142
1.5789
1.3767
1.1315
1.1106
1.3665
1.3974
1.3162
1.5165
1.3362
1.7770
1.8966
1.4973
1.5540
1.5211
1.4515
1.3243
1.0218
1.0507
1.5304
1.4513
1.2933
1.3300
1.4880
1.4139
1.3677
1.4128
1.4627
1.7546
1.4815
1.3810
1.1461
1.5896
1.4284
1.5010
1.5564
1.5871
1.8389
1.3198
1.1937
1.3183
1.0506
1.2015
1.4888
1.4451
1.5737
1.3536
0.9769
1.2318
1.2410
1.4951
0.9499
1.2633
1.5789
1.3664
1.6439
1.9130
1.6772
1.7122
1.8541
1.6708
1.5617
1.6876
1.8337
1.1775
1.6084
1.5469
1.8138
1.9903
1.9092
1.8887
1.4711
1.3561
1.2579
1.1508
1.2032
1.0294
1.2724
1.7202
1.4993
1.5331
1.6009
1.7834
1.3946
1.3309
1.2951
1.2740
1.2603
1.4760
0.9710
1.1642
1.2716
1.3790
1.4603
1.2634
1.6859
1.5972
1.5220
1.6373
1.5041
1.4773
1.4981
1.6514
1.7286
1.2926
1.3956
1.7009
1.4961
1.4137
1.5198
1.6119
1.5266
1.9047
2.0102
1.8052
1.7951
1.8369
1.7653
1.5121
1.6099
1.6858
1.3070
1.4583
1.4202
1.4448
1.8456
2.0061
1.7666
2.1274
1.6355
1.6433
1.6774
1.6490
1.5329
1.3006
1.7027
1.3846
1.4172
1.4623
1.2914
1.1575
1.8693
1.5823
1.4235
1.2300
1.7767
1.4568
1.5647
1.8748
1.1510
1.2936
1.2995
1.3752
1.4864
1.4749
1.2748
0.9385
1.2075
1.1592
0.8996
1.0264
1.8087
1.3262
1.2999
1.4955
1.3072
1.1855
1.1013
1.1155
1.4131
1.3612
1.3516
1.4038
1.3568
1.4101
1.7145
1.3473
1.2347
1.1433
1.2876
1.6090
1.6200
1.3487
1.2246
1.3691
1.4823
1.7995
1.6213
1.7149
1.4052
1.4181
1.2553
1.1424
1.2624
1.4705
1.0406
1.1995
1.2040
1.4855
1.1260
1.1965
1.3236
1.5779
1.8017
1.4934
1.5098
1.6732
1.5292
1.9311
2.0241
1.5960
1.4887
1.5254
1.2952
1.2961
1.5962
1.6152
1.6015
1.0443
1.1459
1.4864
1.3981
1.3833
1.4438
1.5730
1.8123
1.5355
1.8816
1.9657
1.6363
1.7123
1.6967
1.6608
1.5237
1.6995
1.4241
1.1029
1.0788
1.1331
1.0007
0.9728
1.1302
1.0399
1.0520
1.1589
1.4920
1.3655
1.1245
1.4899
1.5469
1.6111
1.4272
1.2602
1.0721
1.0250
1.1332
1.5631
1.4664
1.5604
1.5077
1.3339
1.0809
1.5369
1.6983
1.4864
1.2642
1.3416
1.2582
1.1722
1.0530
1.2374
1.1647
1.2454
1.2732
1.1289
1.4408
1.0702
1.3256
1.2276
1.4093
1.0864
1.1491
1.3855
1.2589
1.2750
1.4501
1.2277
1.1312
1.3436
1.3217
1.5913
1.4658
1.4320
1.4357
1.1739
1.4873
1.7740
1.6727
1.7624
1.8562
1.6944
1.5185
1.2608
1.7904
1.9685
1.5844
1.9123
1.8011
1.6860
1.5136
1.6145
1.5991
1.4923
1.6221
1.6069
1.5870
1.5208
2.1072
1.4943
1.1433
1.5576
1.4914
1.3062
1.5499
1.3884
1.6186
1.7453
1.7640
1.6444
1.3113
1.5543
1.7781
1.6517
1.7681
1.6096
1.3149
1.6096
1.1478
1.2129
1.3353
1.3046
1.4557
1.2476
1.3030
1.6052
1.2849
1.4872
1.1620
1.1360
1.1920
1.2149
1.0177
1.3215
1.2171
1.5458
1.3949
1.3549
1.5130
1.4947
1.8257
1.3737
1.3485
1.2916
1.5181
1.5768
1.6219
1.3768
1.2073
1.2656
1.1059
1.2370
1.1418
1.3339
1.3154
1.6729
1.4958
1.4079
1.6251
1.5158
1.6039
0.9972
1.4123
1.5820
1.1129
1.3246
1.3618
1.4069
1.5674
1.6413
1.4423
1.5762
1.3113
1.6342
1.3533
1.1119
0.8484
0.7012
0.8694
0.9048
0.9414
0.9384
1.1551
1.1039
1.1286
1.2264
1.4474
1.9046
1.3565
1.4919
1.4435
1.4418
1.3348
1.4788
1.5009
1.9163
1.6497
1.6445
1.4567
1.2248
1.3934
1.2087
1.1063
1.1859
1.1522
1.3494
1.4181
1.3735
1.6071
1.7453
1.4613
1.3949
1.4072
1.2921
1.5707
1.5713
1.4720
1.5788
1.6111
1.3754
1.1609
1.0834
1.2124
1.7189
1.3903
1.5154
1.4321
1.3357
1.5237
1.2310
1.1798
1.2725
1.1562
1.3715
1.4761
1.2959
0.9700
1.1835
0.9454
1.4430
1.3498
0.9339
1.1094
1.1818
0.9052
1.2146
1.2456
1.3516
1.4314
1.0543
1.3011
1.4193
1.2523
1.5739
1.6112
1.8342
1.3912
1.4971
1.7598
1.7443
1.7484
1.8273
2.2592
1.8088
2.2245
2.1511
1.8867
1.6516
1.3495
1.6719
1.4438
1.4870
1.5156
1.2872
1.5856
1.4838
1.3168
1.6093
1.4335
1.6391
1.6643
1.3945
1.6105
1.3837
1.2742
1.3045
1.2611
1.1851
1.2061
1.3290
1.1725
1.3298
1.6298
1.5022
1.3711
1.4987
1.4694
1.3971
1.6181
1.2414
1.1199
0.9145
1.2930
1.5035
1.6426
1.4941
1.7438
1.5472
1.6192
1.5536
1.7512
1.6014
1.3609
1.2953
1.3248
1.3108
1.2720
1.4927
1.5160
1.8891
1.8016
1.8873
1.3314
1.2630
1.2124
1.2831
1.3021
1.2328
1.4799
1.6698
1.3961
1.1932
1.3245
1.3869
1.1361
1.0824
1.3555
1.6629
1.3854
1.7097
1.6940
2.1562
1.9836
1.7854
1.8407
1.8223
1.4902
1.1199
1.5603
1.7797
1.3947
1.5312
1.5983
1.3959
1.0484
1.2848
1.5321
1.7101
1.2873
0.8100
1.1918
0.8747
1.8470
1.5934
1.6159
1.5003
1.9416
1.7232
1.4935
1.6385
1.8942
2.0358
2.2591
2.4246
2.1586
1.9997
2.5162
2.4626
2.6891
2.9167
2.5867
2.2859
2.6036
2.9716
2.1696
1.8466
2.1701
2.4555
2.0698
1.5989
1.6521
1.4804
1.2569
0.9672
1.6759
1.9282
1.4648
1.5800
1.7495
1.9017
1.7368
2.1063
1.6439
1.5498
1.8680
2.0071
1.8379
1.8938
1.7111
1.7366
1.5462
1.5666
1.3190
1.8278
1.9812
2.0421
2.0072
2.1944
1.9822
1.9633
2.0669
1.8162
1.8715
1.6883
1.8114
1.8172
1.5429
1.4559
1.4026
1.5441
1.8620
1.9254
2.0042
2.0004
1.8666
1.6484
1.5965
1.4282
1.8247
1.9273
1.4611
1.5514
1.3882
1.3320
1.4732
1.4595
1.7496
1.6144
1.6526
1.5911
1.3217
1.2794
1.5202
1.5645
1.5946
1.0461
1.2373
1.7942
1.7067
1.5224
1.5443
1.3635
1.2685
1.4308
1.3922
1.2832
1.0280
0.9538
1.2084
1.0113
1.4811
1.2972
1.5167
1.5424
1.6141
1.7590
1.4470
1.2896
1.3616
1.2820
1.2987
1.7875
0.9354
1.2124
1.4652
1.5121
1.7095
1.3894
1.7816
1.9245
2.1848
1.7373
1.5898
1.7672
1.7201
1.6942
1.6515
1.5639
1.3177
1.1612
1.1831
1.3434
1.6023
1.3161
1.3033
1.3374
1.4374
1.3854
1.2139
1.0311
1.3649
1.2538
1.3292
1.7742
1.6761
1.4116
1.5999
1.8203
1.4590
1.5865
1.4958
1.2128
1.4799
1.9082
1.6044
1.4941
1.6182
1.7837
1.4457
1.6023
1.7149
1.8727
1.8907
1.5623
1.6872
1.3452
1.4614
1.4770
1.5540
1.8860
1.7489
1.5023
1.4256
1.3816
1.5936
1.4018
1.7403
1.1993
1.5033
1.5865
2.1219
1.8504
1.9739
1.8501
1.5458
1.6025
1.9000
1.8156
1.5119
1.6130
1.5091
1.4867
1.3144
1.8155
1.5708
1.3887
1.2780
1.5670
1.2696
1.2653
1.2996
1.4562
1.4292
1.4245
1.4509
1.2123
1.1837
1.1081
1.2504
1.1160
1.0149
1.7188
1.2539
1.1664
1.6427
1.4375
1.4060
2.0777
1.5016
1.5039
1.8018
1.5802
2.0780
1.6800
1.5449
1.3417
1.6069
1.4256
1.7877
1.3691
1.6214
1.8457
1.7971
1.7725
1.9288
1.7454
1.8750
1.6694
1.8323
1.3056
1.1834
1.0584
1.4158
1.3457
1.3542
1.4282
1.5163
1.3781
1.4484
1.3130
1.2101
1.8658
1.8004
1.6479
1.7313
1.8060
1.6429
1.6034
1.6701
1.6684
1.6459
1.7043
1.7030
1.9443
2.0689
1.8552
1.6651
2.0969
1.9321
1.8802
2.1382
1.7889
2.0080
1.5776
1.8562
1.8840
1.5722
1.7289
1.5348
1.8026
1.6827
1.6018
1.6907
1.5407
1.9504
2.1259
1.7791
1.6971
1.5768
1.6141
1.3545
1.4184
1.6520
1.5275
1.7626
1.5266
1.2567
1.6851
1.6568
1.9830
1.9569
1.7870
1.9099
1.2879
1.3284
0.9850
1.3392
1.4863
1.3509
1.4508
1.4775
1.4658
1.5947
1.1692
1.0599
1.1926
1.1683
1.1832
1.3073
1.4137
1.6197
1.4733
1.5703
2.1692
1.7546
1.5882
1.8646
1.7018
1.5070
1.6406
1.4727
1.3430
1.4535
1.2513
1.4894
1.0938
1.2009
1.3218
1.2567
1.4641
1.2413
1.3284
1.2816
1.2798
1.2704
1.2430
1.4651
0.9395
0.7210
1.1395
1.5008
1.3124
1.2370
1.5848
1.4492
1.3998
1.6744
1.6887
1.5385
1.7277
1.9470
1.8330
1.9086
2.0944
1.6822
1.8678
1.6764
1.8359
1.8490
1.8504
1.7343
1.7104
1.3279
1.5032
1.6574
1.9407
1.5556
1.2470
1.4104
1.3157
1.2318
1.2611
1.3077
1.3015
1.2951
1.5181
1.6959
1.4999
1.6962
1.3841
1.6438
1.7000
1.5573
1.7238
1.4752
1.5580
1.6375
1.5347
1.4609
1.5530
1.5047
1.2026
1.3072
1.1150
1.0845
0.9353
1.1878
1.5141
1.4658
1.5057
1.4843
1.7338
1.4699
1.5780
1.7840
1.6439
1.8507
1.7101
1.6620
1.5369
1.5603
1.6170
1.7950
1.6562
1.4089
1.5207
1.3790
1.2790
0.9596
1.4358
1.5775
1.8413
1.6039
1.6221
1.7432
2.0172
1.8386
2.3883
2.1303
2.2763
2.4457
2.2801
1.9436
1.8434
1.8118
1.9920
1.9264
2.0897
2.0285
2.0828
2.2157
2.0624
1.9334
2.2284
2.1557
2.1327
2.2120
2.1294
1.6949
1.9025
2.0469
1.9140
2.2680
2.1520
1.8550
2.2735
1.7217
1.6714
1.9731
1.7387
2.0397
1.7073
1.7450
1.6343
1.7705
1.6275
1.6139
1.8869
2.1153
1.7793
2.0207
2.0583
2.2909
2.2702
2.4326
3.1275
2.7312
3.0038
3.0651
3.2324
2.8660
2.7635
2.3609
2.3351
2.0393
2.3922
2.4730
2.4785
2.4389
2.3946
2.5155
2.5153
2.3611
2.3832
2.4914
2.6882
2.4996
2.9093
2.8014
2.7331
2.6215
2.6342
2.8208
3.1321
3.1610
2.7248
2.3481
2.7441
2.9827
2.4537
2.7950
2.7026
2.5990
2.5281
2.5191
2.2485
2.2334
2.2722
2.0469
2.0379
2.1049
1.6996
1.8159
1.6904
1.8390
1.9814
2.3623
2.4000
1.8738
1.7079
1.5783
2.0097
2.1167
2.0344
2.3505
2.6079
2.3783
2.4319
2.2599
2.7956
2.8880
2.3905
2.2133
2.3090
2.0587
2.0702
2.2330
2.2561
2.4415
2.4613
2.1507
2.0645
1.8664
1.8231
2.1207
1.8728
2.0207
2.1730
1.7734
1.9307
1.9578
2.0081
1.8940
1.6959
1.6540
1.5278
1.4265
1.6260
1.5376
1.5006
1.8648
1.8193
1.8796
1.8193
1.9918
1.6717
1.8527
1.9176
2.0289
2.2181
2.1674
2.2272
2.1521
2.3883
2.0672
2.0504
2.1057
1.9139
1.8305
1.9506
1.8907
1.9794
1.8771
1.8274
2.2118
2.1364
1.9379
1.8641
2.4668
2.5148
2.4174
2.6390
2.4795
2.3773
2.5598
2.5072
2.2109
2.2441
1.9526
1.9961
2.1210
2.2733
2.4978
1.9085
2.0774
2.1998
2.3210
2.2032
2.3858
2.2929
1.9286
2.2872
2.1627
1.7446
1.8476
1.7645
1.7196
1.7858
1.4803
1.6180
1.3548
1.5407
1.7881
1.3961
1.5961
1.9351
1.6921
1.4671
1.4985
1.7997
1.3475
1.5697
1.9012
1.7035
1.9004
1.7191
1.5641
1.7206
1.5494
0.9850
1.3717
0.9053
1.3098
1.1056
1.4371
1.2751
1.2121
1.4272
1.1820
1.3954
1.5306
1.4328
1.5987
1.8891
1.7986
1.8037
1.5990
1.8247
1.4069
1.6387
1.5376
1.6634
1.7209
1.6454
1.8638
1.7392
1.5644
1.7036
1.4161
1.4536
1.6594
1.4986
1.5843
1.2717
1.2882
1.1261
0.6201
0.9366
1.3444
1.1301
1.3265
1.0941
1.5458
1.5788
1.4319
1.4155
1.3646
1.1065
0.9833
1.1511
1.2010
1.2558
1.1472
1.4099
1.2071
1.4031
1.2199
1.6745
1.3400
1.4191
1.3245
1.4319
1.3956
1.5307
1.6581
1.3996
1.4493
1.3215
1.5522
1.3724
1.4745
1.5302
0.9867
1.0785
1.6498
1.9492
1.4697
1.3631
1.4343
1.4962
1.0174
1.0195
1.0393
1.1612
0.9431
1.0373
1.0578
1.4351
1.6002
1.0860
1.2208
1.1390
1.4033
1.0463
1.3314
1.2221
1.4465
0.9348
1.0118
1.3313
1.4302
1.4286
1.2556
1.1991
1.2770
1.2568
1.1717
1.0086
1.3936
1.2012
0.9255
0.9211
1.0408
1.2857
0.9897
0.8281
1.2090
1.2046
1.4529
1.0963
1.0324
1.0172
1.4086
1.5364
1.3115
1.4595
1.3172
1.3133
0.8395
0.8157
1.2749
1.1146
1.0427
0.7168
1.0816
1.1789
1.3513
0.7565
0.7046
0.7966
0.9355
0.8700
1.1419
1.0073
0.7347
0.6521
1.1078
0.8163
0.8243
1.2553
1.5824
1.3912
1.1547
1.3550
1.2842
1.1899
1.3743
1.1674
1.3824
1.0652
1.1289
1.6870
1.3330
1.3957
1.1548
0.8409
0.8159
0.6846
0.9670
0.5575
0.7994
0.9479
0.9738
0.7802
0.8375
0.8245
0.8421
0.7647
1.0312
1.1962
0.9862
1.0243
0.7688
0.7593
0.7991
0.8878
1.0742
0.9994
0.8910
0.6790
0.6947
0.9234
0.7343
0.8795
0.8728
0.7639
1.1065
0.9039
0.9642
0.9210
0.9703
1.0781
1.3837
1.5005
1.2189
1.2094
1.1179
0.8084
0.6429
0.7817
0.8165
1.2129
0.6452
0.7614
1.1026
0.9584
0.7435
0.8793
0.6026
0.6126
0.6112
0.7186
0.9705
1.0425
0.8994
0.8348
0.8071
0.7465
0.6513
0.6045
0.7276
1.0160
1.5387
1.5136
1.6531
1.3804
1.1196
1.2284
0.8298
0.6939
0.7656
0.7944
1.0042
1.2033
1.1703
1.1608
1.4586
1.5586
1.1580
0.8350
1.1859
1.0276
0.9845
1.0560
1.2838
0.9902
0.8088
1.0500
1.0131
0.9061
1.3373
1.2842
1.0495
0.9919
1.2862
1.3210
1.0902
1.0458
0.8477
1.2520
0.8000
0.9546
1.4443
1.0225
0.8721
1.0343
0.8761
1.2442
1.5313
1.2637
0.9851
0.9620
1.0856
1.2875
1.0901
0.9124
0.8148
0.9257
0.8390
1.0878
0.8249
0.8319
1.0279
1.0604
1.2567
1.2487
1.4263
1.4170
1.4192
1.0860
1.5525
1.5677
1.2397
1.0582
1.2511
0.8490
0.9564
0.9402
1.0406
0.7572
0.8139
1.1836
1.1863
1.2367
1.3150
1.2626
1.1118
0.8443
1.1110
0.8503
0.6820
0.6917
0.7488
0.8918
0.8775
1.5549
0.7440
0.7101
1.0451
1.1035
1.0958
1.0367
1.1962
1.8136
1.8368
1.4469
1.5213
1.3830
1.2408
1.3402
1.3277
1.2772
1.4184
1.0771
1.0782
1.3891
1.2021
1.0018
0.9074
0.6498
1.1280
1.1995
1.1302
1.7092
1.5108
1.7002
1.6543
1.3676
1.3929
1.1821
1.1277
1.0802
1.0380
1.0956
1.0387
1.0448
0.8858
1.0577
1.0446
0.9349
0.9410
0.9185
1.1167
1.0982
0.9145
1.0933
1.1943
0.8631
0.9167
0.9004
1.0062
1.2655
0.8281
1.2139
1.0766
0.8825
1.0345
0.6987
1.0476
0.7869
1.3396
1.2164
1.0290
0.8961
0.8459
1.0608
1.5299
1.4425
1.2845
1.5614
1.6248
1.8885
1.5149
1.7204
1.6658
1.2319
1.2013
1.2783
1.5275
1.3901
0.9767
1.2295
1.1628
1.2118
1.6670
1.6607
2.0059
1.4873
1.4406
1.2722
1.4804
2.1650
2.0805
1.6053
1.6091
1.4628
1.1335
1.5151
1.6924
1.6728
1.9253
1.9005
1.8215
2.0315
1.7478
1.5925
1.6847
1.9339
1.4982
1.6134
1.5466
1.7537
1.7495
1.6729
1.4148
1.3408
1.5074
1.4087
1.3198
1.4711
1.5134
1.9013
1.7247
1.4803
1.4185
1.2870
1.8127
1.4622
1.3443
1.3376
1.4351
1.8051
1.4766
1.7421
2.0420
2.0892
2.1161
1.9230
1.8564
1.5682
1.6194
1.7918
1.7554
1.4720
1.1374
1.2113
1.3637
1.3320
1.2426
1.2321
1.2388
1.0963
1.5074
1.2979
1.8234
2.0564
1.6455
1.6830
1.7973
1.8179
1.8687
1.5380
1.4603
1.2612
1.4457
1.2553
1.4206
1.1769
1.0920
1.0370
1.0231
1.3939
1.5083
1.3593
1.5444
1.1708
1.3750
1.3843
0.9131
1.0886
1.5556
1.6202
1.5584
2.0581
1.0401
1.3113
1.4820
1.2299
1.5168
1.6075
1.6587
1.6078
1.4847
1.6814
1.3362
1.3997
1.2135
1.0797
1.0438
1.0034
0.9025
0.9975
1.2180
1.0532
1.2767
1.4945
1.3577
1.1421
1.1512
0.8562
1.2417
1.3726
0.9855
0.8096
0.8466
0.9224
1.0224
0.9654
1.0232
1.2758
1.0272
1.1360
1.0175
1.0863
1.0438
0.9635
1.1542
1.1720
1.1270
1.2905
1.3078
1.3528
1.3858
1.3877
1.0565
1.1874
1.3920
1.3214
1.3748
1.4171
1.4126
1.5067
1.6266
1.2674
1.5938
1.5914
1.2009
1.3298
1.2514
1.2163
1.0567
1.1139
1.2512
1.0697
0.9933
1.0040
1.1301
1.2109
1.0336
1.0497
1.2584
1.4028
1.3595
1.3033
1.0209
1.2968
1.0205
1.2553
0.9760
0.8568
1.1238
1.2768
1.1104
1.0790
1.0752
1.2598
1.2556
1.3135
1.4311
1.5893
1.7220
1.2798
1.2682
0.8392
0.9608
1.1774
1.0525
1.3266
1.1214
1.0661
1.0703
0.7823
1.1473
1.2745
1.2812
1.1946
1.4099
1.5213
1.1377
0.9081
0.9177
1.2386
1.0549
1.0915
1.1397
1.0453
1.0495
1.0373
1.2168
1.0544
1.0626
0.9471
1.3955
1.1862
1.2740
1.2632
1.5482
1.5520
1.4968
1.1519
1.1066
0.9113
1.1021
1.0156
0.9007
0.5048
0.6433
0.8537
0.6647
0.7871
0.9419
0.8822
1.4081
0.7512
0.9555
0.8208
0.6508
0.7725
0.7682
1.0293
1.0347
0.9522
0.9229
0.9859
0.9443
0.6396
0.6089
0.7494
0.5583
0.8655
0.9450
0.8609
0.8567
0.7599
0.5825
0.8221
0.8497
0.6871
0.7411
0.9679
1.0475
0.8437
1.0303
1.0488
1.1106
1.0396
1.1260
1.2156
1.1359
1.0112
0.8200
0.9236
0.9541
0.9493
0.8852
0.6511
0.5455
0.6957
0.6756
0.7110
1.1987
1.5351
1.7032
1.4764
1.7563
1.5171
1.6201
1.7033
1.6903
1.6936
1.6688
1.2841
1.4347
1.2059
1.1846
1.0184
0.7505
1.1215
0.8815
1.0841
1.1200
1.2729
1.1154
0.8740
1.1598
1.3138
1.1848
1.0621
1.1001
1.0840
1.4494
1.2634
1.3403
1.3631
1.1554
1.2923
1.1653
1.1170
1.4125
1.5902
1.1930
1.3108
1.2613
0.7364
0.6914
0.7438
0.6235
0.9839
1.2715
1.0644
0.8830
1.3522
1.4178
1.3480
1.1555
1.3467
1.9691
1.3471
1.4476
1.3903
1.0784
1.2589
1.4850
1.4100
1.0141
1.4529
1.5507
1.4151
1.3289
1.2999
1.2317
1.4447
1.9490
1.5168
1.8013
1.5665
1.2263
1.6343
1.7218
1.5701
1.3691
1.2864
1.3571
1.1585
1.0167
1.1074
1.4346
1.4178
1.4402
1.1739
1.3624
1.3259
1.0586
1.1292
1.1343
1.1479
1.4648
1.3427
1.9557
2.0643
