1.7023
1.7357
1.6846
2.0932
1.5704
1.9512
2.0425
1.7461
2.0097
1.6688
1.7740
1.8629
1.4109
1.9908
1.8828
1.7106
1.4811
1.6821
2.0074
1.9097
1.8339
1.7683
1.7374
2.0372
1.9562
2.0800
1.9213
1.9861
2.0906
2.2160
2.2906
2.3253
2.0135
1.9027
1.6650
1.6729
1.7684
1.8379
2.2177
2.6088
2.4283
2.8220
2.8857
2.6268
2.5290
2.6939
2.9321
2.6994
2.5474
2.3855
2.4004
2.3817
2.1732
2.4705
2.4840
2.0637
2.4906
2.0924
2.1064
2.0343
1.9135
2.1405
2.0732
2.2449
2.3633
2.0157
2.0404
2.2925
2.3855
2.1899
2.1667
2.3651
2.4946
2.3258
2.4244
2.3974
2.3829
2.5742
2.1443
2.4054
2.2459
2.1280
2.3293
1.9222
2.1214
2.1300
2.3815
2.4384
2.3595
2.0407
2.0183
2.1224
2.0085
2.2444
2.0302
2.0072
2.1900
2.1607
1.9393
2.1486
2.5660
2.1352
2.5007
2.3499
2.2316
2.1903
2.5084
2.5732
2.7186
2.3540
2.3925
2.0633
2.3623
2.3405
2.1776
2.4005
2.1845
2.1963
2.5283
2.1834
2.4922
2.5275
2.5682
2.3735
2.3572
2.3335
2.5751
2.3724
2.4890
2.4139
2.6510
2.6559
2.9096
2.8850
2.7039
2.9506
2.9820
3.1578
2.5823
2.6161
2.5886
2.5711
2.5987
2.9359
2.7373
2.6688
2.9818
2.9530
2.6054
2.7675
2.4945
2.6177
2.5340
2.4188
2.7018
2.7037
2.5032
2.8147
2.5263
2.4268
2.8537
2.7069
2.4828
2.6705
2.5229
2.4883
2.7146
2.3728
2.7453
2.8903
2.6993
2.5763
2.7464
2.7708
2.7232
2.5083
2.4721
2.7462
2.7705
2.6996
2.4891
2.4525
2.6266
2.8217
2.6999
2.7483
2.6524
2.5175
2.5279
2.5036
2.6012
2.5126
2.6942
2.6170
2.4880
2.4924
2.3428
2.3088
2.1299
2.6056
2.5290
2.6367
2.4177
2.7000
2.4744
2.4619
2.4018
2.4525
2.5311
2.2961
2.6252
2.4614
2.4741
2.7127
2.4363
2.4114
2.5523
2.7024
2.6929
2.7111
2.3325
2.9909
2.8302
2.7818
2.7438
2.8313
2.6288
2.6465
2.3738
2.8988
2.5545
2.8015
2.5616
2.5950
2.4060
2.5148
2.0390
2.1252
2.3447
2.2424
2.8610
2.8211
2.1220
2.3550
2.1726
2.2272
2.1991
1.9122
2.2836
2.2629
2.5751
2.4495
2.7327
2.2874
2.3088
2.4002
2.6431
2.6333
2.4485
2.3782
2.5106
2.4389
2.6937
2.5729
2.3246
2.2416
2.6021
2.5339
2.2838
2.4831
2.2698
2.5909
2.4774
2.3725
2.7681
2.6973
2.3840
2.3615
2.6132
2.6308
2.7775
2.5541
2.2756
2.5012
2.5213
2.5861
2.4697
2.3685
2.5466
2.2349
2.4496
2.2848
2.6847
2.1065
2.3055
2.1068
2.0615
2.1484
2.2078
2.0907
1.9187
1.9495
2.0150
1.7896
2.2247
1.9628
1.8572
1.8369
1.6148
2.0335
2.0955
1.9148
1.8002
1.9878
1.8894
2.0666
1.7556
2.0541
1.9493
2.0184
1.8694
1.8022
1.8680
2.1049
1.8143
1.6609
2.2775
2.1304
2.1242
2.0881
2.1113
2.2499
2.1352
2.1250
2.1727
2.1594
2.2372
2.2980
2.5021
2.5183
2.2178
2.3533
2.4058
2.3950
2.2220
2.1360
2.3225
1.8973
1.9435
2.1041
2.3365
2.2604
2.4995
2.3186
2.1251
1.9385
2.1109
2.0696
2.1650
2.3274
2.3153
2.2503
2.6502
2.3080
2.4455
2.1691
2.7142
2.2914
2.4587
2.0062
2.0529
2.1876
1.9854
2.0345
2.3348
2.1276
1.8440
1.9940
1.9244
2.3283
2.0409
1.9014
1.6685
1.7549
1.8167
2.0270
2.0920
2.2928
2.3553
2.3513
2.0815
2.3317
2.2417
2.3127
2.1395
2.6434
2.3576
2.4151
2.0558
2.3528
2.5779
2.4839
2.7285
2.2949
2.4412
2.6152
2.6144
2.1627
2.4719
2.2217
2.3920
2.3320
2.3716
2.0048
2.4622
2.2843
2.2928
2.0002
2.1516
2.2787
2.3338
2.6083
2.5625
2.7292
2.5998
1.9949
2.3907
2.2613
2.4876
2.2244
2.1783
2.2229
1.9468
2.2395
2.4619
2.1511
2.4893
2.3736
2.0595
1.7982
2.1020
2.2208
2.0394
2.2542
2.2956
2.4209
1.8318
2.0169
2.2837
1.8723
1.4274
1.7192
1.5137
1.8062
1.7697
1.7077
1.8808
1.5685
1.3332
1.5683
1.4628
1.5346
1.3714
1.6263
1.6501
1.6674
2.1250
1.8936
1.9212
1.8720
1.8440
1.6898
2.0025
1.8820
1.7190
1.6516
1.6838
2.0549
1.7081
2.1720
2.1791
1.7854
1.6478
1.8464
1.7712
1.7748
2.0756
2.1212
2.2030
1.8802
1.7440
1.5508
1.4504
1.7039
1.8581
1.6668
1.7382
1.3228
1.8042
1.5803
1.7045
1.6007
1.8192
1.7184
1.5641
2.0639
2.5013
2.2030
2.2862
1.9323
1.9228
1.8782
2.0825
2.3404
2.1544
1.9380
1.9394
2.0446
2.0446
1.7825
1.9163
1.7501
1.8687
2.0173
2.0644
2.0322
1.9281
1.9121
1.6696
2.0045
2.0488
1.9392
2.0660
1.9962
1.9709
1.7650
2.1282
1.7047
1.8900
1.7866
1.8842
1.6065
1.8590
1.6407
1.8678
1.8477
1.8190
1.8303
2.2940
2.2528
2.0826
1.8504
1.9043
1.6791
1.5024
1.5319
1.6592
1.6953
1.7970
2.1737
1.8469
1.8605
2.0974
1.7698
2.1243
2.2180
2.1089
2.0969
2.1746
2.2322
1.8962
1.6247
1.6283
1.7483
2.0850
1.6171
1.6850
1.8454
1.3914
1.5537
1.4234
1.8272
2.1576
2.2708
1.8676
1.7774
1.8238
1.9119
1.7636
1.6841
1.6862
1.8760
1.8051
1.5210
1.6374
1.6559
1.7702
1.8209
1.5195
1.7992
1.6897
1.8559
1.8357
1.7565
1.6489
1.6793
1.7881
1.9402
1.7482
1.4813
1.6589
1.6435
1.7943
1.9222
1.7588
1.7700
1.6652
1.6151
2.1559
2.3561
1.8374
2.0146
2.1191
1.8556
1.7573
1.9568
1.7816
1.9681
1.7847
1.7348
1.9628
1.6652
1.8216
1.9775
2.0674
2.0422
1.8187
1.7687
2.0416
2.1128
1.9140
2.1386
2.1429
2.2354
2.0963
1.8036
2.0758
2.3510
1.7428
1.7715
1.6992
1.7414
2.2187
1.6662
1.5633
1.4934
1.8392
1.9323
1.9019
1.9896
1.8331
1.7659
1.8152
1.8950
1.8819
1.6969
2.2291
2.1911
1.9205
1.9226
1.7266
2.0710
2.0609
1.7497
1.7184
2.1076
1.7191
2.0101
2.3898
2.0306
1.9036
1.9328
1.9618
1.9868
1.7365
1.9722
1.7981
1.6852
1.9564
1.6107
1.7778
1.8270
1.8010
1.8535
1.6849
1.8513
1.7235
1.7281
1.8089
1.8587
1.9883
1.8856
1.6329
1.9141
1.7276
1.8171
1.8833
1.7250
1.8421
1.9792
1.9277
1.9303
2.2229
2.0422
1.7564
1.7878
1.6682
1.9810
1.5432
1.6373
1.8076
2.0495
1.8319
1.6994
1.9209
1.7519
1.5476
1.8133
1.7781
1.8677
1.9324
1.7042
1.8725
1.6715
1.8514
1.6466
1.9058
1.5523
1.9293
1.9521
1.7614
1.8695
1.7679
1.8611
1.7109
2.0628
1.9308
1.7824
1.9007
1.7948
1.6998
1.5246
1.6772
1.7553
1.6743
1.9220
1.7056
1.6375
1.7478
1.8761
2.1208
1.8014
1.7750
1.5391
1.8201
1.7465
1.8986
1.9121
1.7732
1.8190
1.7597
2.0847
1.7507
1.6644
1.7375
1.8446
1.6276
1.7198
1.7033
1.7682
1.5792
1.7591
1.8933
1.4947
1.7510
1.7093
1.8328
1.5372
1.7383
1.6803
1.6494
1.8832
1.7833
1.8147
1.6027
1.4514
1.8308
1.8221
1.5983
1.7267
1.8410
1.8246
1.6168
1.7039
1.6525
1.6280
1.6783
1.7228
1.6882
1.9932
1.6715
2.0099
1.8945
1.7523
1.8016
2.0471
1.9967
1.9376
1.8479
1.8910
1.9568
1.9238
1.7166
1.6878
1.8164
1.7974
1.8641
1.8641
1.7552
2.0348
1.8862
1.8609
2.0418
1.8801
1.9770
1.9970
1.9843
1.8702
2.1692
1.9223
2.0988
2.0243
1.9304
1.8022
1.8303
1.9412
2.0584
1.8625
1.9818
1.6224
1.7531
1.5570
1.6706
1.9934
1.8089
1.7370
1.5892
2.0552
1.8892
1.8484
1.7684
1.8451
1.7004
1.8844
1.7051
1.6159
1.7988
1.9042
1.6573
1.8070
1.9949
1.9779
1.8665
1.9107
1.8944
2.1188
1.8946
1.8844
2.1898
2.1174
1.9270
1.7147
2.1265
2.0767
1.9269
2.1099
2.0313
2.2728
1.8236
2.0548
1.9181
1.8570
1.9944
2.1957
1.9919
2.1512
2.1355
1.9712
2.0761
2.0465
2.0991
1.9210
1.9161
2.2137
2.2075
1.7344
2.0710
2.1415
1.8825
2.0068
2.0022
2.0400
1.7452
1.9887
2.1522
1.8520
1.7841
1.8892
1.8840
1.7870
1.7687
2.0519
1.8049
1.8808
1.8451
1.7549
1.7965
1.9353
1.7365
1.7133
1.7296
1.8707
1.6000
1.8206
1.9315
1.7688
1.8303
2.0519
2.0329
1.8901
1.7828
1.6712
2.1924
1.8774
1.8623
1.7210
1.6415
1.6947
1.9520
1.6672
1.8316
2.0666
2.0999
1.9583
1.8248
1.7761
1.9937
1.7109
2.0219
1.6440
1.7209
1.4461
1.6488
1.7882
1.6782
1.8577
1.8986
1.5673
1.8797
1.9723
2.1045
1.7612
1.9785
2.0804
1.6783
2.0058
1.8696
2.0405
1.9610
1.8914
2.0693
1.8736
1.7708
1.7657
1.9475
1.7115
1.6369
1.9400
1.9212
1.8926
1.8113
1.6404
1.6906
1.7922
1.8298
1.7924
1.7074
1.7912
1.8186
1.6309
1.8726
2.0961
2.1046
1.9847
1.8607
1.8639
1.7292
2.0191
2.3805
1.9915
2.0924
1.7697
1.8976
2.0694
2.6595
2.4201
2.4149
1.9683
2.0485
1.9732
2.0377
1.6426
2.1130
1.6875
1.9137
1.8017
1.7546
1.9090
1.8282
1.9676
2.1779
2.1451
1.9609
2.3568
1.7640
1.8652
1.8075
1.9243
1.6167
1.7518
1.8088
1.8434
1.8778
2.0317
1.7409
1.6369
1.7989
1.6616
1.6623
1.9092
1.9268
1.7673
1.9223
1.7750
1.9138
1.8466
1.6334
1.9855
2.0923
2.0210
1.8179
1.9788
1.7325
1.8558
1.5794
1.7830
1.7261
1.7378
1.7492
1.6759
1.5433
1.7128
1.7152
1.6485
1.8154
1.6696
1.7532
1.6800
1.8585
1.6230
1.7025
1.8010
1.6116
1.6098
1.9268
1.7612
1.6942
1.7735
1.6346
1.7358
1.7824
1.7133
1.6844
1.8270
2.0916
2.0234
1.8284
1.5898
1.7186
1.7657
1.6278
2.0158
1.6568
1.8224
1.9616
2.0142
1.9799
1.7398
1.8756
1.7901
1.4665
1.7642
1.8371
1.8474
1.9512
1.9815
1.7571
1.7744
1.8511
1.7238
1.8564
1.9591
1.8949
1.9618
1.8459
1.8790
2.0156
2.1296
1.7895
1.9860
2.0458
1.9119
2.0136
2.0576
1.7366
1.7000
1.7828
1.7549
1.8195
1.7375
1.8864
1.6561
1.6956
1.7151
1.7623
2.0549
1.6612
1.7625
1.9053
1.5697
1.6176
1.8096
1.8475
1.7080
1.7969
1.8049
1.7451
2.1565
1.8444
1.7249
1.9776
1.8092
1.9697
2.1762
1.9354
1.8372
1.9085
1.9634
2.0165
2.3723
2.0789
2.0566
1.8590
2.0281
1.8055
2.1403
1.6148
1.7766
1.8017
2.0313
1.7004
2.0085
2.1799
2.0357
1.7758
1.9630
2.0295
2.0008
1.9072
1.9832
2.0313
2.2185
2.4460
2.1906
1.9497
2.0537
2.1707
2.0730
1.9404
1.6444
1.7472
1.8782
2.2514
1.7563
1.7415
1.7188
1.8711
2.0379
1.8683
2.1721
2.3400
1.9470
2.0094
2.0957
1.8216
1.9373
2.0095
1.5407
1.8016
1.5958
1.8328
1.7268
1.7763
1.3263
1.6972
1.4987
1.5865
1.5444
1.8832
1.9703
1.8255
1.9212
1.9628
1.6932
1.8451
1.6582
1.5596
1.7218
1.8814
1.9362
1.9339
1.8621
1.8200
1.8598
1.7903
1.9450
2.0784
1.9248
1.7517
1.7094
1.8566
1.6980
1.9065
1.8142
2.2648
1.9368
2.4135
2.2988
1.9830
1.7233
1.7523
1.6232
1.7667
2.0643
2.1825
1.9816
1.7575
1.9302
1.6810
2.1126
1.7063
1.7346
1.6984
1.5605
1.6550
1.6755
1.7353
1.7465
1.6343
1.7784
1.7281
1.8775
1.8272
1.8714
1.7528
1.8810
1.8454
1.5888
2.1245
1.7537
1.7876
1.8317
1.8677
1.6520
1.9544
1.8995
1.8928
1.8011
1.6187
1.9691
1.6596
1.5312
1.6254
1.2856
1.6466
1.8501
1.7544
1.8469
1.8254
1.8616
1.8646
1.8312
1.7529
1.9533
1.8842
1.9519
1.9532
2.0577
1.6598
1.6357
1.6466
1.7776
1.7132
1.6114
1.9171
1.5745
1.8875
1.5834
1.6490
1.8932
1.5503
1.5057
1.8543
1.6147
1.3135
1.3482
1.4636
1.5632
1.8516
1.8469
1.8963
1.5425
1.5388
1.8881
1.7126
1.5111
1.4920
1.8419
1.7429
1.6354
1.6169
1.8653
1.6307
1.8560
1.8933
1.8679
1.7914
1.4408
1.5639
1.6862
1.7834
1.7105
1.9256
1.5550
1.6851
1.5671
1.4676
1.5779
1.7146
1.4989
1.6603
1.6553
1.4790
1.2980
1.6790
1.8533
1.6580
1.5729
1.5558
1.4802
1.6451
1.5149
1.5429
1.5522
1.5389
1.4916
1.7415
1.5522
1.8843
1.7093
1.6234
1.4742
1.2713
1.4469
1.5207
1.7102
1.5519
1.7869
1.6427
1.8573
1.6117
1.4641
1.5083
1.4436
1.6018
1.6876
1.5436
1.3666
1.2807
1.5194
1.4841
1.6238
1.6220
1.7525
1.6036
1.5986
1.3759
1.4913
1.7906
1.6828
1.6515
1.5743
1.5563
1.7211
1.8301
2.1254
1.8566
2.2197
2.0425
1.8992
1.8530
1.5293
1.4619
1.6883
2.0097
1.6432
1.6671
1.5839
1.6690
1.7005
1.6464
1.6703
1.8090
2.0705
1.8023
1.8439
1.6089
1.7585
1.7275
1.6713
1.4088
1.6548
1.7043
1.6917
2.0524
2.0422
1.9014
1.8506
1.8986
2.2253
1.8412
1.8513
1.6212
1.4685
1.4909
1.6724
1.4861
1.7485
1.6203
1.7681
1.7838
1.8226
1.9348
2.0079
2.2683
2.1730
2.0311
2.3660
1.7224
1.9445
2.0078
1.7459
1.5508
1.8414
1.4361
1.4849
1.8300
1.9043
2.1924
2.1495
2.0959
2.1668
1.9151
2.0071
2.3517
2.1333
2.1095
2.2048
2.1227
2.1040
2.3971
1.8842
1.9237
1.8956
2.1134
2.0395
2.0191
1.7737
1.8384
1.8170
1.6489
1.7387
1.6784
1.8640
1.9004
1.7888
1.7981
1.6513
1.8836
1.6342
1.8623
1.6949
1.8307
1.6154
1.6819
1.5699
1.7965
1.6599
1.9320
1.6158
1.7825
1.7480
1.6882
1.6026
1.7061
1.4882
1.5318
1.3854
1.6134
1.7232
1.5695
1.7498
1.8277
2.1695
1.9510
1.8478
1.8190
1.9005
1.7066
1.6817
1.8193
1.8922
1.7359
1.7853
1.6505
1.8923
1.8187
1.8156
1.9382
1.9607
2.1261
2.0948
1.9225
2.2293
2.3231
2.1476
2.3263
2.0143
2.1367
2.3558
2.5158
2.3798
2.3591
2.1550
2.6476
2.3624
2.2323
2.3842
2.3820
2.1600
2.1059
2.2323
2.3887
2.2765
1.9627
2.1224
2.0396
2.3313
2.1042
1.9902
2.0371
1.9637
2.0422
2.2781
2.3877
1.9356
2.0302
2.1012
1.8027
2.1859
2.0787
2.1518
2.3313
2.6216
2.6148
2.0043
1.9812
2.2081
2.0961
2.0643
2.1331
1.8557
2.1590
2.0221
1.9789
2.0032
1.8249
1.9866
2.2715
2.3088
2.2939
2.1276
2.4190
2.5031
2.2214
2.2020
2.0313
2.1769
2.5079
2.0537
2.2040
2.0213
2.0785
2.2000
2.2719
2.1149
1.7891
1.8871
1.5933
1.5008
1.6181
1.7327
1.2249
1.7585
1.7663
1.9073
2.0989
1.8019
1.9099
2.1229
1.7836
1.7780
1.6243
1.8066
1.7857
1.9021
1.6115
1.9078
1.8645
1.9398
1.6436
1.8993
1.9561
1.8647
2.0149
1.7762
1.9688
2.0902
1.8956
1.8434
1.8300
2.1320
1.8425
2.1619
1.9371
2.0153
1.7600
1.6806
1.8805
1.7944
1.3843
1.6917
1.5282
1.6265
1.5488
1.8113
1.6892
1.7148
1.8788
1.9941
1.9565
2.0122
1.6120
1.7675
2.0430
1.7026
1.7540
1.7188
2.0354
2.0386
1.6225
1.6809
1.7380
1.6994
1.8353
1.7008
1.8127
1.5765
1.7878
1.8570
1.8619
1.5845
1.6621
2.0107
1.8289
1.8640
1.8734
1.9050
1.9896
2.1121
2.2435
1.9788
2.0995
2.0448
1.8533
2.1941
2.1701
2.2670
2.1489
2.0999
2.1918
2.1125
2.3734
1.9040
2.0128
1.8559
1.8389
1.7990
1.8521
1.8458
1.9147
1.9420
1.8326
1.9558
1.8943
2.1810
2.0257
1.7661
1.9656
1.6956
1.6484
1.8791
1.6274
1.9049
1.9219
1.4686
1.6890
1.7689
1.6253
1.5007
1.5818
1.7588
1.5598
1.5925
1.7066
1.9101
1.7290
1.6851
1.8288
1.8405
1.7421
1.9323
1.7139
1.8299
1.3729
1.8253
1.7649
1.5478
1.9367
1.9926
2.2445
1.9106
1.9713
1.9698
1.8262
1.9027
1.8767
1.8361
1.7902
1.6696
1.8202
2.0037
1.8551
2.0845
1.7657
2.0206
2.3553
2.3335
2.3743
2.7643
2.4867
1.8260
1.7658
1.6664
2.1251
1.8968
2.1005
1.6958
1.9890
1.7856
2.0933
1.8175
1.7043
1.6442
1.7757
1.9081
1.9277
1.9602
1.5794
1.7205
1.8590
1.9764
1.6134
1.8275
1.8976
1.8390
1.7451
1.9020
2.1047
2.1541
2.4853
1.7426
1.8146
2.4751
1.7841
1.8034
2.0179
1.9736
2.2337
2.4470
2.3437
2.0318
2.1484
2.0052
1.9342
1.9415
1.8940
2.4574
2.2900
2.3024
2.1237
2.1867
2.3104
2.2522
1.9445
2.0123
1.8928
1.9630
2.2425
1.9778
2.0583
2.5853
2.2263
2.1795
2.3837
2.3046
1.8783
1.9747
2.3186
2.0288
1.9462
2.0678
1.8750
1.9056
2.2095
2.1876
2.1402
2.2277
2.1268
2.1085
2.0099
2.0534
2.3700
2.3375
2.0493
1.9667
1.8834
1.8740
2.1668
2.2344
2.2179
2.1513
1.6583
1.8235
1.6389
1.6450
1.4725
1.5580
1.5268
1.5542
1.7671
1.6382
1.4358
1.4802
1.5859
1.6223
1.9607
1.8278
1.8400
1.8197
1.8294
1.8395
1.6982
1.8514
1.8551
1.8528
1.8926
1.6197
1.5550
1.8001
1.7634
1.6974
1.8169
2.0369
1.8412
1.8022
1.9568
1.7350
1.6664
2.3060
1.9148
1.6210
1.9109
2.0186
1.7229
2.0955
2.0006
1.7225
1.5930
1.7985
1.8430
2.2784
2.1671
1.8615
1.9965
1.9708
2.1875
1.9873
1.9872
2.0641
2.1722
1.8386
1.6964
1.9089
1.7989
1.9051
1.6732
1.7130
1.5276
1.6366
1.7776
1.7695
1.9662
2.0675
1.9008
1.8370
1.9056
1.8660
1.7647
1.7620
1.6188
1.8979
1.7708
1.6518
1.9678
1.7237
1.6548
1.7495
1.7380
1.8670
2.0079
1.5311
1.7407
1.8895
2.3093
2.1152
1.9900
1.8276
1.7098
1.7448
1.7284
1.8758
1.8306
2.0866
2.1982
2.1915
2.4103
2.3807
2.2835
1.9011
2.0057
2.4815
2.6076
2.1627
2.0757
2.2642
2.2978
2.5020
2.0649
2.1169
2.1595
1.8197
1.9199
1.7520
1.6165
1.5982
1.6374
1.3639
1.6783
1.6346
1.5887
1.5368
1.4366
1.6299
1.6772
1.6272
1.5783
1.5968
1.5061
1.7607
1.8648
1.6337
1.6165
1.5520
1.8764
1.9104
2.1180
2.1384
1.8894
1.8765
1.9836
1.7757
1.8469
1.9894
1.9370
1.8706
1.7940
1.9275
2.5185
2.0378
2.0763
2.0747
2.3030
2.0116
1.7677
1.7533
2.1915
1.9209
1.7322
1.9029
1.5626
1.6463
1.7357
1.8381
1.8679
2.1075
1.9656
2.0372
2.0660
1.9258
2.4717
1.8518
1.7452
1.7415
2.0151
2.2063
2.1343
1.7710
1.7382
1.5581
1.4642
1.8065
1.9554
1.8586
1.4130
1.7664
1.5710
1.5403
1.3605
1.3291
1.5333
1.8775
1.4232
1.7396
1.4638
1.7966
1.8110
1.9450
1.6218
1.4890
1.6029
1.7507
1.7042
1.5196
1.4914
1.6563
1.8545
1.7777
1.4937
1.8524
1.7420
1.7951
1.8598
1.7544
2.0532
2.2368
1.8264
2.4075
2.2274
2.4561
2.3341
2.1815
2.4406
2.3981
2.5745
2.4658
2.3166
2.5625
2.1729
2.0917
2.3269
2.4654
2.7482
2.5542
2.3856
2.2982
2.2543
2.2101
2.1600
2.2675
2.1565
2.3788
2.6060
2.3371
2.0322
2.0777
2.1968
2.3945
2.2342
2.1140
2.2128
2.3116
2.3956
2.2301
2.3981
2.0888
2.5692
2.6121
2.3559
2.4286
2.3120
2.4672
2.1626
2.3931
1.8277
2.0734
2.2059
2.2464
2.5514
2.4834
2.1954
2.1032
2.2505
1.8952
2.1702
2.1854
2.4327
2.4273
2.1885
2.4444
2.2332
2.4292
2.4761
2.3658
2.1253
2.5518
2.5238
2.3917
2.2364
2.7173
2.3881
2.0957
2.0000
1.9457
2.1617
1.8834
2.1079
1.8039
1.3341
1.7142
1.9990
1.6150
1.8180
1.6929
1.6816
1.8871
2.0125
2.2804
2.3663
2.2555
2.1473
2.0482
1.9238
2.2396
1.9503
2.0058
2.2225
1.8016
2.1717
2.0827
2.1768
2.0376
2.3001
2.0279
2.0732
1.8295
1.9812
1.9951
2.0674
2.0648
1.8266
2.2617
2.4969
2.3332
1.9005
1.8622
1.9184
2.0181
1.9185
1.7299
1.9165
2.0664
1.8641
2.1177
1.8860
2.1022
2.1488
1.9183
1.9478
1.9581
2.1979
2.2362
1.8857
2.4646
1.9111
2.2614
1.9209
1.7855
1.6760
2.0928
2.0138
2.2230
1.9451
1.9056
2.6778
2.0528
1.9586
1.8393
1.8641
2.4418
2.3714
2.2744
2.0448
2.5117
2.1720
1.9916
1.9344
1.9137
2.0385
2.1289
2.0926
2.1127
1.6587
1.8153
1.7287
1.6625
1.8229
1.9656
2.0948
1.8980
2.1467
2.1123
1.9871
1.9400
1.8922
2.0082
2.0332
2.1447
1.7872
1.9238
2.0547
1.8366
2.0071
1.7250
1.7849
1.9386
2.4221
2.0630
1.9773
1.8693
2.2509
2.0393
1.6210
1.7096
1.6416
2.0082
1.8485
1.6895
1.7923
1.8319
2.1309
1.8805
1.9837
1.9562
2.0811
2.1398
2.2142
1.9698
2.0622
2.1271
2.2859
2.1087
2.4629
1.9270
2.2224
2.0570
2.1995
1.8352
2.1767
1.7847
2.1015
1.7939
1.8923
1.9859
2.1248
1.8329
1.9498
2.2555
2.0695
1.9497
1.9918
2.0497
2.2251
1.8415
2.0557
2.2828
1.8582
2.0023
1.9231
2.3299
2.2064
2.4354
2.4343
2.2324
2.5672
2.2367
2.5180
2.3947
2.4139
2.5735
2.5211
2.5320
2.2903
2.3557
2.4546
2.1088
2.2895
2.1701
2.4419
2.2823
2.1949
2.3976
2.3768
2.8125
2.6226
2.6935
2.5239
2.1380
2.3521
2.1109
2.6392
2.4955
2.5414
1.9809
2.9419
2.2739
2.4835
2.5164
2.8727
2.9399
2.4296
2.3764
2.1053
2.4090
2.1424
2.1691
2.3710
2.4942
2.3114
2.3298
2.4486
2.2143
2.5809
2.6092
2.5884
2.9210
2.6722
2.5413
2.9575
2.6155
2.5639
2.5939
2.4836
2.5685
2.3128
2.3138
2.5301
2.2092
2.6505
2.6921
2.4547
2.5908
2.7156
2.4653
2.4485
2.5008
2.6493
2.2296
2.6288
2.6519
2.4164
2.3950
2.1796
2.1463
2.6274
2.6651
2.4614
2.8743
3.0003
2.4796
2.3546
2.4416
2.4556
2.4130
2.5019
2.6772
2.5280
2.4296
2.3984
2.3469
2.3907
2.8124
2.5762
2.5979
2.6525
2.5858
2.6357
2.3769
2.6502
2.5608
2.5523
2.4713
2.1927
2.4400
2.5006
2.5322
2.5962
2.1823
2.2132
1.6402
1.7912
2.2515
2.4190
2.1660
2.2071
2.1008
2.2088
2.5039
1.8930
2.0155
2.4676
2.3823
2.1021
1.8477
1.9860
2.1748
2.1860
2.1628
2.2709
2.1480
1.9872
2.1348
2.2952
2.6237
2.5623
2.6023
2.5322
2.4765
2.5563
2.3354
2.3151
2.6670
2.5600
2.3569
2.3368
2.4622
1.9286
2.1777
2.1645
2.2746
2.1793
2.2612
2.3005
2.0331
2.2019
2.1954
2.2812
2.3324
2.2588
2.4281
2.5607
2.2178
2.2043
1.7519
2.3331
2.1731
2.1169
1.6294
1.9372
1.7962
1.9669
2.2043
1.9929
2.2894
2.1053
1.9080
2.2659
2.2711
2.1324
1.8837
1.9735
1.5965
2.2457
2.2634
2.0691
2.0175
2.1568
2.1062
2.3769
1.9588
2.1987
2.0179
2.0073
1.9433
2.1189
2.1847
2.2062
2.4095
2.0151
2.2538
2.4759
2.2784
2.3621
2.3853
2.1155
2.2324
1.9246
2.0507
1.9576
1.9293
2.1264
1.9405
2.1962
2.7032
2.7217
2.3784
2.4862
2.2734
1.6347
1.9177
2.2943
2.3943
2.5000
2.3102
2.2273
2.4596
2.1098
2.3081
2.1811
2.4734
2.6864
2.8053
2.4795
2.6235
2.6837
2.2459
2.6679
2.7209
2.4061
2.4881
2.2211
2.3342
2.3412
1.9462
2.3176
2.7895
2.9311
2.5156
2.2613
2.7279
2.4694
2.1427
1.9527
1.9454
2.0953
1.7964
2.1381
2.2244
1.7981
2.0100
1.5462
1.8374
1.8923
1.9618
2.0517
1.9397
1.3746
1.1986
1.7856
1.9048
2.0030
2.1837
1.5070
1.4817
1.6751
1.9628
1.9596
1.9025
2.0531
2.1455
1.9546
2.3563
2.2406
2.1903
2.0746
2.2690
2.3747
2.3825
2.6705
2.4108
2.5182
2.2183
2.2006
2.3210
2.3771
2.0693
2.7413
2.3181
2.5906
2.2021
2.1375
2.0973
2.2289
2.1674
1.9334
2.0315
2.4328
2.4427
2.6375
2.1403
2.2495
2.1020
2.1574
1.9737
2.1854
2.0438
1.9146
2.6294
2.6699
2.4692
2.8232
2.5072
2.4635
2.5393
2.5992
2.2722
2.2859
2.2367
2.4447
2.0856
2.1994
2.5031
2.3330
2.4019
2.8014
2.7638
2.3506
2.5154
2.5818
2.6552
2.5501
2.4404
2.7082
2.6197
2.7966
2.7053
2.8000
2.5965
2.2657
2.4231
2.3637
2.1150
1.9210
2.2403
2.5872
2.5308
2.6958
2.5753
2.6505
2.9633
3.0550
2.4827
2.1183
2.2205
2.1591
2.0086
2.1969
2.3010
2.2052
2.3759
2.2276
2.0957
1.9924
1.6166
1.7999
1.8580
2.1220
2.2380
2.1541
2.1958
2.4808
2.1757
1.7721
2.2028
2.2629
2.0403
2.1545
1.8797
1.9291
1.8983
2.1557
2.1072
2.1461
2.1716
2.6344
2.1364
2.0205
2.0380
2.2506
2.1937
2.3550
2.1536
1.9907
2.0122
2.2870
2.0302
2.0965
2.0197
1.9206
2.0597
2.2585
2.1744
2.2079
1.8665
2.1645
2.2288
2.3864
2.1536
2.4633
2.2589
2.3546
2.3446
2.7621
2.5511
2.7211
2.6058
2.1828
2.3332
2.2973
2.6317
2.2842
1.9652
2.1873
2.2851
2.3476
2.1344
2.3743
2.4510
2.1984
1.9780
2.3339
2.6935
2.1924
2.5307
2.6259
2.4743
2.4000
2.7818
2.3144
2.4880
2.3989
2.3402
2.5952
2.5915
2.4532
2.5076
2.5280
2.3160
2.6774
2.6153
2.6363
2.7603
2.5069
2.4389
2.7391
2.6657
2.3488
2.4746
2.7426
2.2559
2.5867
2.7967
2.9915
2.6696
2.7555
2.0968
2.4664
2.4291
2.4270
2.1256
2.5293
2.4924
2.6387
2.7950
2.5836
2.4513
2.6441
2.7894
2.4097
2.6238
2.7656
3.4234
3.2211
3.1746
3.0499
2.8018
2.8504
2.8393
2.3415
2.0491
2.3832
2.6080
2.5375
2.7138
2.6387
2.5831
2.8528
2.8663
2.5571
2.4552
2.4087
2.7066
2.5673
2.9230
2.9584
2.7012
2.8576
2.7824
2.6336
2.4796
2.5017
2.4969
2.5127
2.2456
1.9792
2.3795
2.3040
2.3046
2.4642
2.2762
2.6000
1.9731
2.4848
2.4215
2.1675
2.5743
2.3945
3.2940
2.6597
2.8765
2.8176
3.2699
3.0646
2.7211
2.4633
2.6606
2.5964
2.3713
2.6691
2.5818
2.3079
2.3426
2.2830
2.6948
2.5417
2.8990
2.4827
2.6356
2.3443
2.5401
2.2169
2.1827
2.1655
2.2954
2.2195
2.4279
2.2304
2.3878
2.4010
2.2147
2.6071
2.4137
2.2504
2.0389
2.2655
2.6973
2.5034
2.2287
2.4605
1.9212
2.3180
2.2336
2.6115
2.4803
2.6054
3.0449
2.6647
2.7120
2.4308
2.4001
2.4760
2.2205
2.1540
2.7464
2.5946
2.5659
2.6739
2.3194
2.2425
2.4090
1.9381
2.2895
2.2973
2.0011
2.2377
2.7827
2.5054
2.0296
2.4790
2.8453
2.7386
2.1636
2.3577
2.0599
1.9524
2.1633
2.2910
2.3644
2.4361
1.9194
2.2109
2.2477
2.2716
2.1756
2.6177
2.2271
2.1799
2.1249
2.1518
2.1647
2.1170
1.9808
1.9225
1.8146
1.6260
1.9807
1.4212
2.0972
1.8424
1.9614
1.9889
1.7612
1.9496
1.7917
1.9839
1.9523
2.0493
2.1093
1.8090
1.8619
1.7752
1.7686
1.6420
1.9077
1.9556
1.9835
1.8355
2.0037
1.6474
1.7812
2.0613
2.3352
1.9926
2.0684
1.9675
2.0395
2.1242
2.1897
2.1477
2.0432
2.2311
1.9893
1.8618
1.9403
2.0434
1.7063
2.0093
1.9858
2.1320
2.3408
2.6148
2.3316
2.2451
2.0742
2.6042
1.9698
2.1886
1.9588
1.9245
1.7730
1.9299
1.9868
1.7518
2.1671
1.9949
1.8121
1.6005
1.7646
2.2597
1.8119
1.8054
1.9451
1.9944
1.9499
2.3226
2.4931
2.3236
2.6960
2.3343
2.1959
2.0016
2.1379
2.4353
2.2656
2.0971
1.7979
2.2675
2.0734
2.3179
1.7866
1.9872
1.9751
1.9905
2.3959
2.5945
2.1342
2.2488
2.1137
2.7168
2.1698
2.1820
1.9523
1.7922
2.1163
2.1845
2.1844
2.1159
2.1192
2.0257
1.7980
2.1115
1.9973
2.0610
1.8894
2.1929
2.2643
1.7524
2.3622
2.1962
1.9130
2.3595
2.0045
2.2468
2.1359
2.2910
2.2180
2.4398
2.1711
2.3844
2.4220
2.5286
2.5470
2.4154
2.5674
2.6995
2.3551
2.7360
2.6071
2.7436
2.5201
2.6164
2.5545
2.2471
2.5713
2.3890
2.3034
2.7313
2.5069
2.3153
2.0857
2.5949
2.3324
2.6322
1.9950
2.3979
2.4587
2.5016
2.5329
2.3001
2.5825
1.9076
2.5266
2.1423
2.5440
2.6016
2.3970
2.2267
2.5316
2.4501
2.4895
2.1325
2.1149
2.5413
2.1500
2.2802
2.0330
2.2764
2.1431
2.3696
2.1832
2.1979
2.3866
2.2239
2.2921
2.5100
2.1646
2.0815
2.1769
2.1721
2.3912
2.3871
2.2566
2.0526
2.0331
2.0200
2.0775
2.1673
2.0822
2.0842
2.3944
2.6545
2.5539
2.5138
2.6244
2.2098
2.5172
2.3322
2.4246
2.5422
2.3255
2.1633
2.3440
2.0433
2.1655
2.2841
2.2713
2.1471
2.2691
2.2706
2.4258
2.2075
2.3656
2.5534
2.5862
2.3883
2.4853
2.3720
2.7779
2.4837
2.3184
2.4482
2.3995
2.3041
2.1083
1.8706
1.8773
2.0865
1.9862
2.1872
1.9815
2.2249
2.5493
1.9425
2.0924
2.4008
2.0715
2.3152
2.1141
2.3627
2.2989
2.2902
2.1492
1.7968
1.9563
1.9193
1.9483
1.7196
1.9426
1.8098
1.8302
1.8998
2.0818
2.0533
1.7087
1.7026
1.9351
2.0456
1.9614
2.0647
1.9307
2.0996
2.1322
2.1190
2.2396
2.2470
1.8110
1.9417
2.0981
1.8924
2.1287
2.3997
2.3459
1.9946
1.9450
2.0385
2.1729
2.1095
1.9994
1.7502
2.0555
2.1220
2.2440
2.2945
2.2327
2.1641
2.0208
2.2857
1.9505
2.1151
2.4204
2.7538
2.1774
1.5221
2.2489
2.2419
2.2330
2.1855
2.0526
2.0504
1.9494
2.1152
1.7429
2.4815
2.0197
2.0181
2.1091
1.9643
2.0309
2.1501
2.4147
2.0898
2.1844
2.0960
1.9730
2.0001
2.1682
2.4797
2.3614
2.1208
2.2569
2.2572
2.6833
2.6635
2.2922
2.3167
2.4262
2.1522
2.8233
2.6629
2.3440
1.9709
1.9588
1.8442
1.9953
2.2562
2.2074
1.9035
2.1816
2.1063
1.8619
1.9960
2.0421
1.8428
2.0523
2.0074
2.0547
2.0214
2.2004
1.8505
1.9826
1.8368
2.2741
2.4009
1.9066
2.1628
1.9130
1.7632
2.1914
2.4973
2.0035
2.1241
2.6148
2.4923
2.2217
2.4552
1.9743
2.2332
2.4659
2.0065
2.4434
2.5926
2.1057
2.0585
2.1371
2.2459
1.8485
2.2473
2.3670
2.0120
2.2821
2.4475
1.9338
2.3441
2.1196
2.5772
2.4074
2.7666
2.3097
2.4099
2.2556
2.1024
2.0643
2.5091
2.5777
2.8566
2.1740
2.5758
2.7137
2.8701
2.6597
2.5186
2.8225
2.4863
2.4096
2.1938
2.2060
2.4838
1.7375
1.8870
2.1726
1.7397
1.6098
1.6962
1.9615
1.7622
1.8104
2.3329
1.8972
2.3482
2.1821
2.3179
2.3912
1.8174
1.9598
1.8610
2.0308
1.8343
2.0010
1.8137
1.8749
2.1164
2.1321
2.0484
2.4858
2.0697
2.2987
2.2511
2.3644
2.5723
2.3109
2.4889
2.6830
2.9129
2.7771
2.5568
2.5917
2.3345
1.8377
2.3423
1.8478
1.9654
2.2850
2.1069
1.8518
1.9068
1.8867
2.2214
1.9147
2.0568
2.0894
1.8655
1.9487
1.8548
2.1890
2.0890
2.0918
2.0225
2.1315
2.0936
2.2667
2.3640
2.1660
2.0043
1.7912
2.0235
1.9284
1.9575
2.2794
1.8437
1.6837
1.7009
1.7966
1.5454
1.6910
1.6951
1.6338
1.5789
1.7668
1.8358
1.5984
1.9496
1.5319
1.7524
1.7246
1.7670
1.7454
2.1036
2.0101
1.4823
2.1018
1.6194
1.6676
1.5613
2.1607
2.3031
2.2147
1.5240
1.7775
1.8814
2.0340
1.7403
1.6320
2.1952
1.8646
2.3616
2.2894
2.1506
2.5056
2.2109
2.0325
1.9066
2.0819
2.2703
1.8362
2.2384
2.3190
2.1572
1.7527
1.8923
1.8152
2.0360
1.9090
2.1848
2.0036
1.5597
1.4150
1.7486
1.9984
1.7273
1.7717
1.5866
1.5879
1.8462
1.8840
1.6908
1.8103
1.7548
2.0389
1.9298
2.0392
1.8349
1.9575
1.7259
2.2023
2.1179
2.0145
1.7753
1.9933
2.0272
1.8264
2.1429
1.9926
1.6785
1.6725
2.0193
2.2523
2.2231
1.8178
1.6780
1.8165
2.0420
1.8322
1.9163
1.5796
2.0117
1.5744
1.8418
1.7686
1.9772
2.0078
2.0084
1.5985
1.6257
1.8475
1.7312
1.7220
1.6831
1.6095
1.7341
1.6968
1.8707
1.9256
1.7959
1.7920
1.6111
2.1156
1.9452
2.0568
1.5893
1.7467
2.1593
2.0663
2.4441
2.4231
2.5760
2.3574
2.0495
1.9713
2.0592
1.9011
1.7171
1.8996
2.1639
2.0313
2.6713
2.2175
2.1381
2.0666
2.0171
1.7517
1.9075
1.9031
1.8630
1.7919
1.6094
1.7727
1.8525
1.7310
1.7382
1.5978
1.3416
1.8190
1.8070
1.7301
1.7483
2.0820
1.7969
1.6302
1.8673
1.4595
1.4756
1.6031
1.5611
1.6947
1.5656
1.5576
1.7391
1.6961
1.8976
1.3301
1.5866
1.6161
1.5875
1.4419
1.6296
1.3895
1.4532
1.7043
1.7119
1.7779
1.6470
1.8465
1.7293
2.0263
1.5729
1.6523
1.8169
1.5696
1.8794
1.7281
1.6036
1.6544
1.5509
1.3164
1.4562
1.4967
1.6441
1.6100
1.5029
1.4354
1.6634
1.6791
1.7164
1.5625
1.7285
1.8760
1.8858
1.6317
1.7753
1.5653
1.8992
1.7254
1.7368
1.5576
1.4869
1.3088
1.5888
1.5254
1.6574
1.3711
1.4749
1.6369
1.6117
1.4998
1.5758
1.7740
1.7773
1.6632
1.8938
1.7087
1.8132
1.8182
1.8610
1.9469
1.8013
1.7405
1.9930
1.8850
1.5937
1.7272
1.8471
1.7979
1.7697
1.4982
1.6713
1.5069
1.4375
1.5400
1.7992
1.3833
1.4173
1.3051
1.3987
1.4405
1.7126
1.9504
1.6192
1.5301
1.6010
1.6579
1.6005
1.6182
1.6425
1.8654
1.5592
1.5099
1.6460
1.9997
1.4157
1.8382
1.6538
1.7085
1.5254
1.5434
1.7502
1.7189
1.7616
1.6084
1.7491
1.4681
1.6944
1.5992
1.4199
1.8044
1.7083
1.5693
1.4728
1.1831
1.7920
1.7159
1.5802
1.6241
1.5051
1.6671
1.5818
1.4588
1.3773
1.2667
1.4491
1.4232
1.3910
1.5064
1.3001
1.3157
1.5926
1.2390
1.3224
1.5465
1.5647
1.3050
1.6304
1.3469
1.4051
1.4743
1.6988
1.5678
1.3370
1.6367
1.4521
1.5328
1.3001
1.3866
1.5194
1.7661
1.5706
1.3499
1.4987
1.4847
1.4552
1.4367
1.4591
1.5758
1.5888
1.4577
1.2961
1.5248
1.3371
1.6632
1.3731
1.5540
1.4927
1.5413
1.4703
1.5996
1.8323
1.6006
1.6652
1.5929
1.6559
1.4517
1.5485
1.6461
1.8646
1.3799
1.4328
1.1882
1.6180
1.4375
1.5517
1.3625
1.2499
1.5853
1.6912
1.3822
1.4905
1.5141
1.5872
1.7302
1.8953
1.7072
1.4354
1.6308
1.4675
1.8397
1.7066
1.8373
1.7620
1.8028
1.7797
1.4432
1.6792
1.6078
1.6511
1.7180
1.5589
1.5485
1.5056
1.5047
1.6631
1.4035
1.6276
1.4667
1.5286
1.5137
1.5193
1.4728
1.7830
1.8291
1.3911
1.7253
1.3318
1.5465
1.5726
1.4493
1.8872
1.6356
1.4923
1.6245
1.3207
1.4196
1.3077
1.4956
1.3555
1.4119
1.5478
1.5063
1.1934
1.2159
1.5337
1.4032
1.0666
1.1292
1.6646
1.5316
1.8693
1.4091
1.1896
1.7116
1.7706
1.2706
1.5655
1.5852
1.5119
1.6721
1.6900
1.6353
1.5730
1.5340
1.6624
1.5293
1.6040
1.9008
1.3945
1.2025
1.5747
1.8461
1.4314
1.7203
1.6225
1.7196
1.7483
1.8563
1.7767
1.7774
1.8707
1.7461
1.6931
1.6852
1.7953
1.8684
1.7299
1.7889
1.9311
1.7988
1.6288
1.7532
1.9819
1.9691
2.0410
1.8969
1.8394
1.7933
1.8876
2.1074
2.1315
1.8668
2.1594
1.8257
2.2317
1.9745
1.8356
1.7878
1.7607
1.7459
1.7229
1.6673
1.7959
1.9519
1.8533
1.7032
1.6598
1.5540
1.5862
1.6746
1.7334
1.6234
1.8390
1.8533
1.8552
1.9695
1.6556
1.8341
1.7939
1.9337
1.5588
1.5780
1.7203
1.8210
1.6889
1.5998
1.5414
1.4348
1.6712
1.2826
1.8928
1.4338
1.6610
1.6008
1.4752
1.9826
1.8067
1.6890
1.6506
1.5627
1.6241
1.6623
1.7600
1.8588
1.6477
1.8835
2.1417
1.7163
1.5481
1.5985
1.6314
1.8293
1.9294
2.1177
1.8792
1.7790
1.4162
1.6344
1.7039
1.5228
1.6782
1.7412
1.5255
1.4898
1.5432
1.7167
1.8518
1.3907
1.6377
1.4589
1.4360
1.5959
1.9300
1.6206
1.6776
1.5365
1.7036
1.3739
1.4646
1.6746
1.4621
1.3955
1.2959
1.2107
1.2632
1.2279
1.4262
1.2217
1.3035
1.3611
1.2106
1.4277
1.4104
1.4950
1.2861
1.5015
1.6337
1.5416
1.5472
1.4870
1.3285
1.3419
1.4945
1.5397
1.4124
1.2174
1.6042
1.0170
1.1913
1.1182
1.0506
1.3948
1.3541
1.8417
1.4532
1.4707
1.7222
1.4631
1.5713
1.5351
1.4782
1.5184
1.3941
1.5323
1.3634
1.5494
1.4943
1.5729
1.5268
1.5541
1.5550
1.2772
1.4799
1.6716
1.5015
1.5965
1.7338
1.7206
1.7770
1.6655
1.9791
1.9698
1.8966
1.7133
1.8910
2.0636
1.9979
1.8877
1.9807
1.9070
2.1687
2.2069
2.1595
1.9655
2.1788
2.2914
1.9807
2.1780
2.0422
2.1940
2.1422
2.0581
2.1123
1.8955
1.8699
1.9878
2.1892
2.2065
2.0058
2.2426
1.9754
2.1918
2.1178
1.6969
2.0437
2.1697
1.9635
2.1111
2.0156
2.1057
1.7680
1.9411
1.9999
1.9097
1.7354
2.1081
1.7309
1.9687
2.0110
1.9151
2.0038
1.8873
2.0001
1.8155
1.9279
2.1624
2.1042
1.5890
2.1612
1.7879
1.9865
1.8613
2.1620
2.0209
2.2349
2.1566
2.2740
2.3805
1.9825
1.8352
1.6347
1.7573
1.4849
1.9322
1.9352
1.8526
1.9712
1.9123
1.8785
1.7773
1.8114
1.5704
1.7577
1.9161
1.7761
1.7786
2.1188
1.8236
1.6306
1.5823
1.6528
1.7471
1.6032
1.8277
1.7992
1.5400
1.5096
1.6490
1.6512
1.5091
1.4400
1.6366
1.6893
1.6631
1.4460
1.6320
1.4193
1.5144
1.4360
1.5366
1.3378
1.3178
1.0719
1.4790
1.3975
1.4571
1.5027
1.6274
1.4749
1.7532
1.4743
1.3634
1.5219
1.6814
1.4363
1.3257
1.2740
1.6765
1.4013
1.7372
1.6980
1.4303
1.4289
1.4911
1.6758
1.5845
1.2949
1.7435
1.3035
1.3013
1.1459
1.3813
1.2974
1.3752
1.6354
1.4315
1.4902
1.3389
1.6360
1.5346
1.2793
1.0784
1.4397
1.2435
1.4573
1.9189
1.5701
1.3894
1.1596
1.4701
1.2834
1.2753
1.3265
1.4731
1.3617
1.3553
1.5883
1.2514
1.5180
1.0947
1.3988
1.7753
1.6583
1.4556
1.6003
1.7053
1.3938
1.4337
1.4482
1.2167
1.3422
1.4100
1.4130
1.5240
1.7211
1.4568
1.8716
2.0213
1.7570
1.6333
1.8226
1.7867
1.5812
1.5137
1.4307
1.5406
1.7754
1.6030
1.5768
1.5533
1.6276
1.6905
1.9266
1.8816
1.9460
1.6782
1.7343
1.5781
1.4427
1.8814
2.0432
2.0663
1.8588
2.3385
1.8686
2.2126
1.4523
1.9517
1.5587
1.8205
1.8861
1.9516
2.0957
2.0952
1.7453
1.7420
1.7376
1.9047
2.0102
1.4792
1.7644
2.2864
2.2232
2.2581
2.3297
2.0243
1.9616
1.8479
1.8150
1.8260
2.0416
2.2171
2.1806
2.0459
1.4637
1.8448
1.7405
2.1571
1.5465
1.6615
2.2027
2.0392
2.0337
2.3724
2.2098
1.8999
2.0235
1.9213
1.7650
1.5924
2.2274
2.0424
1.7976
1.6813
1.7995
1.8735
2.1401
1.9945
2.1797
1.7339
1.4677
1.4155
1.5134
1.6644
1.7090
1.7202
1.7588
1.6901
1.5608
1.2449
1.2058
1.2785
1.0939
1.3667
1.4776
1.6953
1.5805
1.7906
1.8943
1.9348
1.6394
1.5726
1.4307
1.7398
1.8955
1.8371
2.1692
1.9970
1.7970
2.1252
1.8078
1.6152
2.3850
2.2676
2.3643
1.8138
2.0107
1.8707
2.1745
2.2734
1.9851
2.3695
1.7287
1.8631
1.6925
1.6600
1.8979
1.8632
1.9141
1.8769
1.7923
1.6870
1.9305
1.8027
1.8675
2.0374
2.1116
2.0320
1.8280
1.7809
1.7579
1.7426
2.0346
1.8095
1.7660
1.7928
1.7605
2.0196
1.8886
2.1300
1.7158
2.2572
2.2499
1.9517
1.8198
2.0773
1.8804
1.9753
1.8179
1.9695
2.1045
2.1963
1.9430
1.9474
2.0187
1.8390
2.1015
1.8813
1.8110
1.9283
2.1520
2.1451
2.0920
2.1730
2.0078
2.1406
1.8980
1.7400
1.8862
1.8189
1.7413
1.8364
1.9961
1.8004
1.7818
2.1196
2.0155
1.9804
2.1367
2.2981
1.9756
1.6905
2.0460
2.0356
1.9993
1.7179
1.8472
2.0546
1.9659
1.6789
1.7923
1.7836
1.7628
1.5400
1.8939
2.1869
2.1595
2.1068
1.8650
1.5089
1.7118
1.7113
1.6721
1.5479
1.7536
1.5627
1.3393
1.4061
1.3840
1.6998
1.6213
1.4350
1.8272
1.6746
1.6732
1.4025
1.3229
1.4511
1.4443
1.3372
1.4333
1.6318
1.5973
1.4772
1.4124
1.2291
1.5202
1.5755
1.7453
1.7379
1.4819
1.4433
1.5251
1.4831
1.7390
1.6127
1.8237
1.7811
1.2722
1.7041
1.8127
1.7298
1.5704
1.6827
1.6403
1.6951
1.9337
1.9362
1.7088
1.9683
1.7936
1.6354
1.7582
1.9026
1.6986
1.7537
1.7373
1.6258
1.7884
1.6406
1.7703
1.7297
1.8877
2.0593
1.7994
1.9042
1.7018
2.2235
1.9882
2.0046
1.6885
1.5819
1.5989
1.6163
1.5624
1.4703
1.4838
1.5877
1.6816
1.5460
1.4184
1.3588
1.7066
1.5574
1.6621
1.6226
1.6897
1.6916
1.9943
1.8751
1.9500
1.9059
1.4219
1.6656
1.3522
1.3052
1.4947
1.5824
1.4147
1.9008
1.5960
1.7128
1.5983
1.6741
1.8298
1.8506
1.9362
1.9792
1.6755
1.6248
1.6306
1.6528
1.7847
1.6741
1.4580
1.5573
1.5219
1.6930
1.4194
1.7921
1.4903
1.7949
1.9376
1.6498
1.4924
1.6894
1.4167
1.4415
1.7799
1.7368
1.6975
2.1077
1.9182
1.6422
1.7665
1.9253
2.0201
1.8328
1.9476
2.3289
2.2359
2.1357
2.1181
2.2326
2.0114
1.9545
1.8446
2.5603
2.5475
2.1390
2.1569
2.1023
2.1060
2.0828
2.2534
1.9124
2.3336
2.0832
1.8090
1.9447
1.9359
1.7101
1.9672
1.9443
2.2490
2.0697
2.6750
2.5977
2.1761
1.9036
1.9681
1.9073
1.8059
2.0180
1.9457
2.4842
1.9773
2.2729
1.9987
2.1033
1.8517
2.0615
1.9403
2.0407
1.9197
1.6564
1.7765
1.9843
1.6112
1.8451
1.9369
2.2846
2.3243
2.1750
1.8642
1.8156
1.8669
1.9065
2.3218
1.8440
1.7431
2.0570
1.6870
2.3317
2.1453
1.9194
2.2438
2.1603
1.9908
2.0023
1.8584
2.2128
2.0348
2.1336
1.8130
2.0065
1.9980
1.9509
1.7984
1.7169
1.7864
1.9825
1.9119
2.1111
1.9284
2.1363
1.5146
1.8859
1.6053
2.0914
2.1486
2.6797
1.9550
2.2311
2.3913
2.1781
1.9195
1.7473
2.0004
2.0164
1.9069
1.8943
2.1860
2.3931
2.5722
2.1775
2.1432
1.9847
2.0632
1.8081
2.0149
2.1850
2.2047
2.2274
2.0161
1.9611
2.0435
1.9025
2.0095
2.0764
1.4892
1.7364
1.9018
1.9726
2.1254
1.7555
2.0680
2.0322
1.6616
1.6532
1.5893
1.7104
2.0816
1.7906
1.8187
1.5644
1.6740
1.7561
1.6533
1.7805
1.6749
1.6810
1.8261
1.6566
1.5131
1.5465
1.6260
1.6843
1.8407
1.6683
1.4576
1.7133
1.8621
1.8913
1.5645
1.6745
1.5452
1.8058
1.9076
1.9219
1.8213
2.0785
1.8241
2.2154
1.6774
1.9980
1.8017
1.8935
1.9434
2.2387
1.9917
2.1563
1.9221
2.1796
2.2903
2.1878
2.2934
2.5033
2.4154
2.2477
1.9293
1.8175
1.9280
2.2629
2.2349
1.8379
2.0619
2.0237
1.8485
1.7084
1.6402
1.6744
1.6165
1.8951
2.0281
1.8580
2.0904
1.8150
1.7394
1.8920
1.9477
1.9553
1.8793
2.0567
2.0950
2.4179
2.1907
2.0648
2.0686
2.1854
2.0576
2.2786
2.0727
1.9735
1.7147
1.7912
1.6713
1.8048
2.0266
1.8180
2.0691
2.0844
1.9959
1.9713
2.0646
1.8596
1.9155
2.0055
1.7972
2.1519
1.9441
2.1009
1.8993
2.0903
1.9760
2.0221
1.9637
1.8656
1.8555
1.8277
1.7023
2.0234
1.7672
1.9945
2.1568
2.0715
2.0839
1.6547
2.1092
2.3843
1.9493
2.1182
1.9266
2.0407
2.2746
1.9605
2.1140
2.0751
1.9733
1.9217
1.4663
1.8049
1.6988
1.7865
1.9219
1.8404
1.7825
1.7433
1.6915
1.6787
1.5465
1.7727
1.8332
1.8474
2.3600
1.8628
2.0126
2.1455
2.1653
2.1229
1.8313
1.9258
1.9919
1.9019
2.2215
2.1050
2.1560
2.0703
2.2742
2.1529
2.1716
1.7683
1.3862
1.6203
1.7354
2.0133
2.3737
2.0850
2.1530
1.8551
1.8178
1.9525
1.9055
1.9202
1.5690
1.7392
1.7969
1.8343
1.9323
1.5962
1.7458
1.7901
1.9710
1.8848
1.9232
1.8589
2.0483
1.3961
1.7211
1.5497
1.9964
1.7873
1.7894
1.8659
1.9090
1.9208
2.2107
2.3862
2.1451
1.9738
1.8516
2.1909
2.5292
2.2276
2.4505
1.9616
2.0938
2.0253
2.1514
2.3278
2.1043
1.9784
2.0736
1.9189
2.1447
2.5090
