2.0731
1.8909
1.7146
1.7596
1.5460
1.6054
1.2842
1.6400
1.3489
1.3069
1.6146
1.4936
1.7888
1.7128
1.4937
1.8173
2.0868
2.2462
1.9820
1.7626
1.6626
1.9129
2.2792
2.3261
2.1126
2.2944
2.1016
1.8574
1.9106
1.8994
1.9756
1.6308
1.9020
2.0119
2.3068
1.9437
1.8783
2.2225
2.0138
1.9453
2.3891
2.3292
1.9530
2.1952
1.9873
2.1082
1.8857
2.0538
1.8401
2.1297
2.0120
2.0437
2.1458
1.9421
2.0233
1.7832
2.0609
1.7714
1.8944
1.8052
1.7856
1.9264
1.7779
1.6074
1.9513
1.8166
2.4978
2.4641
2.1408
2.0029
2.1717
1.7429
2.0708
2.0878
1.8463
2.0746
1.9674
2.1301
1.8859
1.8882
2.3141
2.0714
2.3777
2.4590
2.3096
2.1177
2.4463
2.2318
2.2963
2.1464
2.0996
2.4904
1.7269
1.9216
1.8689
1.8853
2.0424
1.8906
1.8466
1.5537
1.7258
2.1742
2.0417
1.8596
1.7973
1.8721
1.7874
1.9266
2.0049
1.9682
2.1669
1.8197
1.9411
2.0282
2.2083
2.1349
2.4420
2.2866
1.9154
2.1041
2.2645
1.8638
1.6161
1.7298
1.7411
2.0126
1.7685
1.5537
1.6891
1.7470
1.9752
2.0160
2.0182
1.7656
1.8633
1.6419
1.6642
1.8377
1.7442
1.8811
2.0261
2.0101
1.9589
2.0665
1.7207
2.1218
1.9770
2.0196
2.0277
2.0285
1.7725
2.1744
2.3345
2.2374
2.0288
2.2018
2.0235
1.9820
2.1478
2.1983
1.9232
2.1744
1.7407
2.0790
1.9473
2.1463
2.0779
2.0230
2.0058
1.9438
2.0539
2.1537
2.1703
1.8801
2.0641
1.9528
2.0686
1.9072
2.2705
2.1008
2.2128
1.8022
1.7584
1.9589
2.0252
1.8821
2.0302
2.2176
2.1155
2.1536
2.3102
2.3278
2.1396
2.2486
1.9272
2.2100
2.4470
2.5397
2.4018
2.5533
2.7619
2.5464
2.0876
2.3818
2.4452
2.5305
2.2345
2.4919
2.2010
2.4118
2.4738
2.3172
2.5808
2.0624
2.1595
2.1857
2.1637
2.2106
2.1182
2.5473
3.0732
2.3494
2.3264
2.5216
2.3312
2.6254
2.3058
2.5446
2.2064
2.0437
2.3220
1.9905
2.1943
2.0806
2.1593
2.4762
2.3934
2.4435
2.6135
2.4325
2.9860
2.6597
2.6826
2.8199
2.8761
2.8030
2.2450
2.4399
2.7014
2.3483
2.5085
2.3078
3.0456
2.9747
3.3162
3.0491
3.2182
3.0764
2.6988
3.0194
3.4237
3.1573
3.4019
3.6786
3.4312
3.5714
3.7495
3.3610
3.7337
3.5808
3.7518
3.5451
3.6566
3.5342
3.3753
3.2065
3.4379
3.0711
3.0793
3.5734
3.2343
2.8197
3.2864
3.0380
2.8879
2.8883
3.0479
3.0079
2.6226
2.7114
2.6761
2.6431
2.6109
2.8618
2.9924
2.7649
2.6970
2.9175
2.9138
2.6482
2.5380
2.6890
2.5606
2.7739
2.5430
2.9015
3.0188
2.6227
3.2245
2.8047
3.0937
2.6589
2.5807
2.5560
2.6514
2.7439
2.9364
2.9402
2.5110
2.6315
2.8073
2.7425
2.5149
2.5967
2.9148
2.5779
2.5487
2.9431
2.5362
2.4184
2.6354
2.7786
2.6444
2.8316
2.5226
2.9223
2.9927
3.0168
2.6154
3.1853
2.9379
2.9491
2.7030
2.9892
2.7609
2.7024
2.2419
2.1029
2.6643
2.5835
2.6089
2.3789
2.2550
2.3026
2.2607
2.6454
2.6134
2.8627
2.3886
2.3247
2.1646
2.3226
2.2782
2.3260
2.5570
2.6442
2.5937
2.3872
2.4495
2.6977
2.5605
2.3980
2.2596
2.6163
2.7801
2.6079
2.6173
2.2386
2.2278
2.3437
2.5372
2.7729
2.1880
2.4322
2.5788
3.3409
2.4667
2.4684
2.6186
2.5145
2.9678
2.6347
2.6302
2.2833
2.2388
2.0431
2.5424
2.6519
2.3900
2.6426
2.3644
2.2349
2.1913
2.2233
2.3714
2.2923
2.3027
2.5084
2.3271
2.3270
2.6361
2.0769
1.9792
2.3984
1.7229
2.2273
1.9512
1.9570
2.0984
2.0554
1.8317
2.2270
1.8638
1.9053
1.7764
2.1499
2.1123
2.1157
1.6947
2.0095
1.7152
1.9661
2.0468
1.7866
1.9990
1.7833
2.0230
2.0525
2.4521
2.1953
2.2303
2.3528
2.2000
2.5116
1.9204
2.5442
2.4839
2.2180
2.3475
2.1999
1.6958
2.2872
2.1001
1.9442
2.0792
2.2176
2.3830
2.0261
2.0759
2.3032
2.2747
2.1250
1.9092
1.9490
1.8999
1.9770
1.9838
2.0133
2.0853
1.9330
2.2249
2.1613
2.4001
2.0643
2.3853
2.9155
2.4463
2.8679
3.2533
2.4913
2.7112
2.6949
2.3951
2.4681
2.3843
2.2308
2.7274
2.4379
2.1306
2.9100
2.5860
2.9397
2.6932
2.4653
2.3612
2.5981
2.8059
2.5129
2.5377
2.5025
2.9859
2.9314
2.7572
2.7347
2.9938
2.8775
2.6203
2.1892
2.5583
2.7244
2.5680
2.0441
2.0771
2.4704
2.8398
2.5797
2.3596
2.2531
2.2359
2.2868
2.2577
2.4147
2.1249
2.2242
2.2920
2.6133
2.5326
2.6055
2.3874
2.3895
2.4449
2.5823
2.2914
2.2473
1.9153
2.0573
1.9987
2.2801
2.2363
2.2517
2.3278
2.0569
2.1168
2.2641
2.1516
2.1309
2.2870
2.3123
2.3171
2.1659
2.4091
2.7199
2.4024
2.4584
2.6220
2.4161
2.6180
1.9347
2.3873
2.5083
2.7837
2.3815
2.8236
2.4303
2.4199
2.1870
2.5925
2.6980
2.6975
2.3479
3.0511
2.4440
2.3784
2.6516
2.7334
2.0880
2.4083
2.6972
2.5149
2.9724
2.3366
2.6585
2.8405
2.4585
2.6562
2.2756
1.9846
2.4625
2.2533
2.1172
2.6358
2.5667
2.4036
2.1572
2.3144
2.5820
2.7386
2.6975
2.2406
2.2620
2.2379
2.9269
2.5490
2.5981
2.4272
2.4653
2.4945
1.9631
2.2212
1.9065
2.0441
2.0300
1.9021
2.3024
2.2789
2.0613
2.0965
2.2511
2.1180
2.1265
2.1101
2.3339
2.0321
1.9068
2.0137
2.0198
1.8508
2.1634
1.9985
2.3091
2.3996
2.6528
2.3922
2.5557
3.0499
2.9612
3.1257
2.7894
3.2455
3.0343
3.1433
2.7910
2.7045
2.6317
2.8538
2.6748
2.9192
2.3718
2.5288
2.2735
2.1743
2.1051
2.3568
2.3460
2.0230
2.3510
2.0961
2.3126
2.1976
2.2515
1.7195
1.9960
2.2999
2.2636
2.1846
2.0484
2.5488
1.9920
2.2939
2.5612
2.8289
2.8336
2.7054
2.3857
2.2202
2.0153
1.9315
2.3189
1.9614
2.0822
2.1719
2.3005
2.1580
2.0635
2.3749
2.6468
2.3953
2.0061
2.0560
2.3812
1.8936
2.3964
2.0308
2.1739
2.0377
2.0025
2.3291
2.2093
1.9956
2.2940
2.1925
1.9718
2.1116
2.0982
1.7010
1.5603
1.9689
1.8770
2.1976
2.0807
2.1009
2.4227
2.1027
1.8517
1.8331
2.2515
2.1780
2.3124
2.1672
2.5121
2.2868
2.1362
2.2592
2.1507
2.1632
2.1256
1.9600
2.2389
2.3511
1.9389
1.9763
2.3605
1.9023
2.0480
1.7923
1.8085
2.1452
2.4890
2.0622
2.2778
2.2605
1.9280
2.1024
2.0046
2.0583
2.1414
2.5197
2.3214
2.1489
2.3074
2.4085
2.1036
1.8579
2.0799
2.1913
2.1524
2.1505
2.1715
2.0117
1.8920
1.9804
1.8922
2.5878
2.1562
2.3735
2.5943
2.5983
2.7650
2.4119
2.5668
2.3812
2.7774
2.0291
1.7761
1.9084
1.9054
1.8201
1.8515
1.8896
2.2578
2.1255
2.4959
2.1571
2.0394
2.1832
2.0636
2.1870
2.3464
2.2023
2.1602
2.0061
1.7669
1.9091
1.8950
2.2145
2.4290
2.4348
2.6901
2.1730
1.9791
1.9522
1.9367
2.1538
1.9284
2.0209
1.9738
1.8908
2.0991
2.2270
2.3206
2.3232
2.2677
2.1399
2.1080
2.1588
2.0887
1.9443
2.2120
2.1718
1.8191
2.1297
2.1538
1.8131
1.8875
1.8073
2.0046
1.9927
2.0461
1.9497
2.0403
2.1681
2.2893
1.9956
1.9443
2.0885
2.1126
2.1139
1.7855
1.9154
1.8525
2.1704
1.9398
1.8562
1.8117
1.6210
1.4345
2.0140
1.9156
1.7259
1.4992
1.7235
1.6808
1.9970
1.7562
1.8135
1.7995
1.9441
1.6684
1.9168
1.5822
1.7855
1.5968
1.8695
1.7121
1.6352
1.8782
1.9797
1.5353
2.0001
2.0084
1.6610
1.5084
1.6367
1.7670
1.9776
1.8909
1.5744
1.6432
1.8162
1.6645
1.7209
1.8630
2.1167
1.9176
1.8723
1.8254
1.9825
1.8049
1.8986
2.0627
1.8867
1.9681
2.2439
2.2447
2.1825
1.7299
1.9380
2.1445
1.8791
2.0179
1.9873
1.8050
1.7612
1.8414
1.8709
2.3595
2.4100
2.1580
2.2551
2.0036
2.0506
1.9642
1.9043
2.0623
2.0027
2.2514
2.0343
2.0297
1.8471
1.6213
1.7747
1.6490
1.7996
2.0230
1.7212
2.2364
1.6845
2.1458
2.2090
1.8805
1.7338
1.8555
2.0458
1.9842
1.8687
1.7778
1.8583
2.1693
2.3013
2.1578
2.4694
2.1406
2.1349
2.0165
2.0437
1.9587
1.8685
1.8600
1.9189
2.3732
2.0670
2.0694
1.9685
2.0130
2.0974
2.1677
1.8922
2.3105
1.8583
1.9323
1.7308
1.8441
1.9749
2.1645
1.9804
1.8177
2.2210
1.8411
1.9141
1.9871
1.8438
1.9275
1.9694
2.2058
2.3329
2.0031
2.2592
2.1963
2.0987
2.2948
1.9267
1.7026
1.8630
2.1039
1.9327
2.2664
1.9767
2.1201
1.9665
2.1650
2.0100
2.2882
2.0383
2.2413
2.2865
2.4623
2.6189
2.2806
2.3419
2.5184
1.9441
2.5244
2.0926
2.7177
2.4553
2.8981
2.4148
2.4458
2.2009
2.4314
2.5217
2.0984
2.4582
2.0905
2.2057
2.0004
2.3951
2.2304
2.4146
2.4282
2.5117
2.4134
2.4248
2.1027
2.1931
2.3484
2.2221
2.0517
2.0177
2.3071
2.5351
2.6898
2.1238
1.9220
1.4840
2.2450
1.8478
1.7618
2.3191
2.2525
2.0427
2.3076
2.3334
2.4987
2.4183
2.7528
2.8130
2.2531
1.9057
2.2286
2.5645
2.2398
2.6327
2.4665
2.4792
2.9948
2.9181
2.7874
3.1812
2.7404
2.2148
2.6899
2.6693
2.5765
2.8431
2.5896
2.5179
2.0598
2.3369
2.4853
2.7913
2.4787
2.8378
2.6320
2.4818
2.3546
2.8796
2.4716
2.4444
2.4941
2.3324
2.6782
2.7295
2.6687
2.3474
2.7544
2.4414
2.7945
2.3820
2.1757
2.3643
2.4741
2.5239
2.3784
2.4162
2.4794
2.4861
2.5922
2.6355
2.4705
2.8602
2.4239
2.1366
2.5503
2.4447
2.3867
2.2630
2.5453
2.2839
2.5165
2.1519
2.5192
2.6182
2.4308
2.6097
2.8235
2.6994
2.4652
2.5813
2.2188
2.4381
2.2015
2.5939
2.3435
2.3595
2.1803
2.4087
2.4560
2.3863
2.7107
2.2822
2.6150
2.2700
2.8519
2.3510
2.4623
2.3564
2.3818
2.1891
2.4203
2.5139
2.3840
2.7063
2.2257
2.2929
2.1707
2.3515
1.9122
2.2620
1.9115
2.4447
2.0367
1.9586
2.1203
2.2021
2.1948
2.4050
2.5658
2.4234
2.1963
2.0974
2.3296
2.3081
2.5084
2.3660
2.5986
2.2962
2.2682
2.3113
2.5836
2.1914
2.1124
2.4339
2.4584
2.5785
2.2487
2.2749
2.2157
1.9430
2.0601
2.4385
2.6567
2.0797
2.1647
2.1918
2.1629
2.0124
2.4360
2.5504
2.4631
2.7645
2.1601
2.1505
2.0661
2.3404
2.3291
2.3013
2.1399
2.5616
2.4805
2.2432
1.9756
2.2782
1.9986
2.2812
2.1248
1.9071
2.3019
2.3044
2.1640
2.3401
2.4288
2.4385
2.2165
2.3300
2.0944
2.2677
2.4087
2.6575
2.4425
2.1392
1.9169
2.0884
2.1330
2.4116
2.4432
2.2962
1.8877
2.1333
2.1217
1.9191
2.2877
2.3137
1.8240
2.0575
2.2234
1.9966
2.3372
2.2010
2.1194
2.1195
2.5550
2.3759
2.0688
2.6075
3.0546
2.5816
3.0400
2.8979
2.2116
2.3733
2.4234
2.7163
2.2250
2.0415
1.9548
2.4084
2.4280
2.2274
2.3082
2.5059
1.9585
2.2428
2.1301
2.3303
2.6598
2.5450
2.4250
2.1969
2.5879
2.1673
2.5106
2.1969
2.2437
2.1257
2.3510
1.8333
1.8780
1.8125
1.9152
2.0608
2.4569
2.8287
2.3595
2.2507
2.6902
1.9499
2.2200
2.2130
1.9533
2.0445
2.3934
2.1858
1.9948
2.3234
2.2523
2.6589
2.2955
2.4409
1.9846
1.9724
1.8544
2.3643
1.8725
2.4020
2.6212
2.8419
2.6164
3.0141
2.9101
3.0375
2.9416
2.6718
2.3991
2.1818
2.5000
2.2324
2.2587
2.3467
2.5857
3.0055
2.5079
2.2678
2.4721
2.9098
2.4092
2.5871
2.2467
2.5322
2.6992
2.8475
2.6019
2.9771
2.6932
3.0288
2.6953
2.4041
2.4770
2.8504
2.1417
2.4924
2.1850
2.1908
2.0146
2.3720
2.2808
2.5306
2.3806
2.6446
2.3140
2.4586
2.4706
2.6751
2.2351
2.2885
2.5270
2.6691
2.3293
2.6260
2.3775
2.2533
2.4974
2.3842
2.1987
2.5458
2.3596
2.2909
2.4795
2.5317
2.3234
2.2881
2.0705
2.3093
2.0723
2.3029
1.9970
2.1193
1.9367
2.2810
2.3312
2.3428
2.3753
2.4575
2.3173
1.9882
2.0982
2.4122
2.2854
1.8176
1.8514
2.2094
2.1240
2.1091
2.2295
2.4291
2.1884
1.9152
1.9828
2.4427
2.0338
2.5040
2.3536
2.6779
2.3837
2.2207
2.4654
1.7923
2.2279
2.6100
2.4310
2.3966
2.5605
2.6817
2.6250
2.2351
2.3376
2.3003
2.4282
2.5758
2.6242
2.4668
3.2518
2.6362
2.7686
2.7721
2.5662
2.3738
2.3883
2.4463
2.4388
2.5398
2.9284
2.5334
3.0163
2.6041
2.2913
2.5918
2.1305
2.7157
2.7033
2.9353
2.4556
2.6750
2.5911
2.7034
2.3464
2.7781
2.3396
2.3439
2.4177
1.9386
2.2848
2.5217
2.4014
2.3823
2.4437
2.4020
2.0796
1.9119
1.8410
2.0380
2.0986
2.0494
2.0383
2.2398
2.2012
2.3559
2.3883
2.3487
2.1751
2.2735
2.3132
2.8012
2.5011
2.2898
2.1629
2.2696
2.3794
2.3007
2.1884
2.0907
2.1672
2.5652
2.5137
2.4214
2.5184
1.7416
2.4345
1.8599
2.1583
2.1548
2.0149
1.9256
1.9861
2.3455
1.7854
2.0189
1.6857
2.0292
2.2172
1.9828
1.7612
1.9413
1.6643
1.8948
1.7582
1.8503
1.9014
2.0270
2.0598
1.8531
2.0573
1.9823
2.2414
1.7822
1.8118
1.7776
1.8911
2.0207
2.4719
2.2629
1.5112
2.2264
1.9455
1.9700
2.4547
2.1570
1.8753
2.6060
2.6470
2.0752
2.5347
2.3266
1.9969
2.1018
2.2960
2.5792
2.4257
2.3178
2.9817
2.1235
2.0633
2.1704
1.9651
2.4576
2.2538
2.1606
2.3903
2.1603
2.0085
2.4346
2.2213
1.9015
1.9658
1.9984
1.9910
2.1106
2.1617
2.2317
1.9567
1.9749
2.2347
2.0469
2.3303
2.2718
2.3140
2.2337
1.9476
2.3352
2.4258
2.2007
2.2074
1.9360
2.4245
2.4864
2.2182
2.3837
2.0258
2.0711
2.1661
2.1125
2.2278
2.0723
1.6632
1.3664
2.0217
1.9865
1.7840
2.4563
2.7322
2.5186
2.5538
2.9115
2.5306
2.5232
2.3942
2.1896
2.3149
2.5151
2.8081
2.8507
2.9932
2.7756
2.8925
2.5897
2.7735
3.1714
2.9893
2.6421
2.6813
2.6785
2.5969
2.4983
2.4961
2.4588
2.1782
2.3341
2.3239
2.5111
2.7370
2.4462
2.0554
2.1213
2.2470
2.0118
2.2525
2.1957
2.1242
2.3240
2.2628
2.2217
2.3032
2.1005
2.1354
2.1240
2.7154
2.3318
2.1406
2.3074
2.2583
2.0567
2.3288
2.3866
2.1393
2.2331
2.3506
2.2990
2.0886
2.2433
2.1184
1.8057
2.0444
1.9307
2.6116
2.3893
1.8720
1.8795
2.4270
2.6863
2.4077
2.5264
2.6170
2.7887
2.2563
2.5298
2.1191
2.2018
2.6071
2.1897
2.4757
2.4118
2.2806
2.1544
2.4544
2.3364
2.2103
2.0277
2.4006
2.7647
2.4718
2.5725
2.5413
2.2983
2.0919
2.4659
2.7326
2.4821
1.9435
2.3893
2.2937
2.2937
2.2124
2.2951
2.3243
2.1664
2.7364
2.5247
2.1603
2.3528
2.2971
2.7331
2.5382
2.4261
2.5034
2.2020
2.3238
2.4302
2.3825
2.2072
2.4828
2.6637
2.0879
2.3742
2.4319
2.4507
2.7492
2.4579
2.2616
2.2612
2.3158
2.2637
2.1954
1.8985
2.0850
2.3689
2.1621
1.9568
2.0471
2.2492
2.5525
2.4723
2.2097
2.5029
2.3059
2.6497
2.3089
2.5595
2.6046
2.3302
2.6710
2.8171
2.5515
2.5153
2.5995
2.8435
2.7177
2.6572
3.1448
3.1992
2.9867
3.0835
2.8012
2.7142
2.4281
2.6361
2.4180
2.1982
2.6734
2.6668
2.9532
2.7848
2.5924
2.5899
2.6464
2.5936
2.8302
2.8427
2.5473
2.6526
2.8957
2.5338
2.7713
2.9036
2.7188
2.9721
2.8057
2.7680
2.8214
2.7796
2.5420
2.7155
2.8936
2.6668
2.5793
2.6831
2.5779
2.5811
2.7943
2.3553
2.4134
2.3770
2.2921
2.4592
2.0059
2.1302
2.0804
2.3874
2.2495
2.1806
2.0747
2.3946
2.2690
2.5184
2.2411
2.5074
2.5692
2.4579
2.7099
2.2603
2.1581
2.2525
2.5922
2.4908
2.0113
2.0643
1.9041
2.2083
2.0451
1.9818
2.2012
2.4697
2.5397
2.4584
2.2258
2.3744
2.5531
2.3082
2.4223
2.2721
2.4373
2.1799
2.4476
2.5124
2.0497
2.2723
2.0388
2.5544
2.1597
2.0611
2.2863
2.3204
1.9388
2.5314
2.3351
2.3986
2.3343
2.0556
2.1503
2.1993
2.1802
2.1346
1.9448
1.8831
1.9609
2.0750
1.9649
2.0737
2.3797
2.2517
2.5650
2.3515
2.4713
2.2571
2.1774
1.9089
2.0998
1.9321
2.3497
2.1102
2.1266
2.6615
2.0761
2.4122
2.4533
2.3874
2.3290
2.3801
2.2087
2.1948
2.1547
2.4645
2.7454
2.5647
2.6056
2.5701
2.2467
2.6802
2.4658
2.4148
2.3365
2.4726
2.4555
2.7619
2.5950
2.3246
2.5201
2.4527
2.2475
2.5990
2.3446
2.3193
2.5364
2.5118
2.2742
2.4800
2.8056
2.6614
2.1678
2.5724
2.5842
2.2180
2.1884
2.3296
2.5536
2.4248
2.3812
2.5568
2.2370
2.7662
2.9333
2.4256
2.3628
2.4957
2.6386
2.6132
2.3456
2.1332
2.1485
2.1346
2.4446
2.6011
2.4313
2.6394
2.3721
2.0310
2.2830
1.9504
2.2160
2.2925
2.3210
2.3376
2.3785
2.2498
1.9360
1.9887
2.0789
2.1126
1.9512
1.9760
1.8979
2.3615
2.3052
2.5816
1.9659
1.6961
2.2203
2.1410
2.1127
2.0354
1.8151
1.8974
1.9846
1.9249
2.4211
2.4409
2.2163
2.1892
2.2220
2.0352
2.1121
2.2726
1.9317
1.8649
1.8640
1.9602
2.0854
2.0297
1.9440
2.1382
2.2932
2.3051
2.3135
1.9749
2.1876
2.1624
2.3558
2.7493
2.3337
2.4484
2.8371
2.1354
2.1019
2.3649
2.2434
2.4423
2.1513
2.2678
2.3428
2.2793
2.1820
2.8564
2.2590
2.2728
2.2637
2.6369
2.6025
2.6024
2.7710
2.4491
2.6714
2.6755
2.5840
2.6744
2.8302
2.5102
2.5398
2.6249
2.7321
2.4718
2.5291
2.7020
2.4057
2.4418
2.6770
2.4074
2.3966
2.6491
2.3710
2.5505
2.4698
2.7399
2.3475
2.4145
2.3557
2.2726
2.4122
2.7390
2.4810
2.5121
2.4281
2.4942
2.6036
2.3743
2.5557
2.1684
2.4778
2.3799
1.9272
2.2960
2.1132
2.1975
2.3100
2.2729
1.9711
2.2319
2.3779
2.4737
2.8574
2.1510
2.2419
2.3910
2.5094
2.5406
2.4783
2.4712
2.6402
2.4009
2.4069
2.3032
2.5884
2.5490
2.5844
2.1536
2.0147
2.4185
2.3586
2.6230
2.2981
2.3811
2.2579
2.4246
2.5045
2.0366
2.6037
2.6388
2.5324
2.4735
2.5341
2.3650
2.3726
2.7315
2.5778
3.0839
2.7721
3.1305
2.7198
2.7543
2.5824
2.7020
2.3174
2.7744
2.6792
2.2561
2.6995
2.5135
2.2531
2.3145
2.2708
2.4303
2.4564
2.5349
2.6577
2.9161
2.6584
2.6803
2.8304
2.5519
2.5590
2.5936
2.6593
2.4338
2.3494
2.9764
2.8680
2.7029
2.8057
2.4654
2.8457
2.8459
2.7604
2.4831
2.2684
2.3855
2.4517
2.7043
2.5756
2.7588
1.9435
2.6752
2.2745
2.3823
2.3976
2.2990
1.8743
2.4031
2.2255
2.6241
2.5203
2.3892
2.2531
2.2245
2.6169
2.4610
2.4536
2.4101
2.1401
2.4798
3.2351
3.0143
3.1487
2.8410
2.8808
2.5352
2.7414
2.8365
2.4201
2.9833
2.8644
2.6607
2.5475
2.8381
2.8715
2.7495
2.9403
2.5933
2.7328
2.7978
2.5923
2.4425
2.7188
3.2501
2.9069
3.3610
2.7146
3.1267
3.0610
2.8077
3.0759
3.0726
2.8785
3.0459
3.4622
2.8084
2.7714
3.2248
3.2972
3.0878
2.8313
2.7547
2.6364
2.7565
2.7627
2.6976
2.7792
2.5080
2.9543
2.9773
2.9576
3.4561
3.1091
2.8742
2.8710
2.7810
2.8713
2.9630
2.7090
3.0681
2.3597
2.6331
2.2298
2.2098
1.9046
2.2999
2.3832
2.3683
2.1596
2.6400
2.4939
2.4037
2.1762
2.7576
2.3828
2.4224
2.7457
2.2022
2.3755
2.3586
2.6521
2.6892
2.4069
2.3753
2.6150
2.4738
2.5595
2.8376
2.5228
2.3195
2.3382
2.4119
2.6332
2.6613
2.4098
2.6654
2.5014
2.5874
2.4055
2.6835
2.1796
2.1207
1.9885
2.1334
2.3914
2.6060
2.6999
2.7595
2.0727
2.4165
2.5372
2.6731
2.2588
2.3246
2.1739
2.0957
2.4100
2.0142
2.5328
2.2946
2.3019
2.1463
1.9802
1.9992
2.1447
2.1535
2.3550
2.1929
2.1320
2.2886
2.4608
2.1831
2.6902
2.3094
2.3854
2.0871
2.4849
3.0104
2.6533
2.7022
2.4179
2.4469
2.4079
2.0762
2.3132
2.2027
2.5421
2.5789
2.3135
2.7908
2.8125
2.6086
2.3756
2.3872
2.5885
2.3851
2.0548
2.0565
2.2702
2.4398
2.4291
2.5542
2.1115
2.1466
2.0336
2.0408
2.3118
2.2489
2.4881
1.8896
1.9726
2.2725
2.2289
2.0567
2.2046
2.2767
2.5029
2.6721
2.4858
2.5390
1.7451
2.2581
2.2292
2.4922
2.5112
2.4368
2.3793
2.2678
2.5136
2.7754
2.1723
2.5475
2.3365
2.4623
2.2296
2.2007
1.8864
2.5297
2.3838
2.4957
2.5387
1.9067
2.1542
2.6273
2.6169
2.1046
2.4966
2.1877
2.6780
2.8379
2.6746
2.5859
2.3830
2.5472
2.6707
2.7314
2.1163
2.5349
2.1180
2.3494
2.4119
2.3910
2.9741
2.4193
2.8777
2.4595
2.6098
2.3884
2.7224
2.1916
2.1148
2.5739
2.7180
2.4929
2.2995
2.4881
2.6317
2.6117
2.3082
2.5822
2.5968
2.4648
2.5486
2.4742
2.6940
3.2592
2.9527
2.6631
2.3981
2.5012
2.9012
2.6621
3.0035
3.1013
3.2011
3.1213
2.3615
2.5615
2.8686
3.0644
2.7279
3.1446
2.9845
3.0637
3.2673
3.2408
3.5169
3.3037
2.8338
2.8862
3.1385
2.8019
2.9051
2.8782
3.6279
3.0034
2.6082
2.5270
2.5414
2.5840
2.4400
2.3636
2.3817
2.0755
1.9809
2.4243
2.4473
2.3617
2.6019
2.3855
2.8565
1.7962
1.8030
2.0903
2.0055
2.0159
2.3110
2.2520
2.5023
2.0781
2.4747
2.1638
2.4692
2.6900
2.5107
2.3438
2.1324
2.1900
1.9030
2.0505
2.0549
2.5849
2.8391
2.9511
2.6570
2.7653
2.1892
2.1554
2.1557
2.2176
2.1137
2.3059
2.1642
2.2051
2.4443
2.1300
2.2991
2.2031
1.7642
2.6022
2.2847
2.5717
2.2848
2.7017
2.5564
2.8196
2.6943
2.5200
2.5647
2.6432
2.3064
1.8292
2.5744
2.2369
2.3528
2.4938
2.3845
2.4812
2.3249
3.1293
2.5916
2.6393
2.7788
2.4555
2.2223
2.2981
2.4989
2.6939
2.6106
2.4882
2.4321
2.1432
2.4372
2.1912
1.8961
2.1500
2.1150
2.3272
2.0181
2.3604
2.2195
2.0614
2.1052
2.5581
2.2553
2.2981
2.3392
2.4776
2.5737
2.6557
2.1434
1.6916
1.6795
2.1523
2.0359
2.3017
1.9179
1.9149
2.0717
1.8621
2.1687
2.3778
1.9620
2.4326
2.1940
2.5712
2.3118
2.2266
1.7996
1.9242
2.3568
2.3726
2.4890
2.6915
2.4909
2.5106
2.8363
3.0332
2.4551
2.9591
2.3221
2.1584
2.1110
1.9720
2.3155
2.3653
2.3389
2.3670
2.4575
2.2705
2.2488
2.0986
2.1406
2.2032
2.6312
2.5927
2.2145
2.3550
1.6461
1.7817
2.0010
2.5097
2.2517
2.5423
1.9213
2.0256
2.4176
2.3366
2.2864
2.3037
1.8478
1.9672
2.0356
2.6562
2.0763
1.9913
2.1348
2.2028
2.3173
2.3997
2.3371
2.1078
1.9983
2.3141
2.0388
2.1917
2.2924
2.5322
1.8918
2.2085
2.1514
2.4279
2.3281
2.3136
2.4277
2.9183
2.8857
2.1918
2.6321
2.7995
2.5366
2.5103
2.6680
2.8677
2.6785
2.9466
2.6345
3.0954
2.9860
3.0581
2.9256
2.8241
2.8886
2.7387
2.6639
2.5409
2.8765
2.5184
2.6915
2.3553
2.4097
2.2806
2.4273
2.3101
2.4869
2.6350
1.9492
1.9630
2.2097
2.3498
2.1838
2.1113
2.0487
2.0913
2.0733
2.3229
1.9120
2.2907
2.2335
2.2387
2.0487
1.9099
1.8575
2.2625
2.2126
1.9907
2.0348
2.1431
2.0956
2.2304
2.2924
1.9988
2.1510
2.2800
1.9271
2.0683
1.7621
2.2219
2.2678
2.1828
1.7838
2.1467
1.9977
2.1893
2.3601
2.3004
1.9607
1.7286
1.8710
2.1528
2.1647
2.0372
1.9527
2.2254
2.2016
2.2891
2.6340
2.5762
2.2044
2.2637
2.2973
2.1311
2.1759
2.4956
2.0745
1.9976
2.1648
1.8449
2.1184
2.2142
1.9767
2.2068
2.5977
2.6306
2.6295
2.5394
2.4435
2.3621
2.1744
1.8846
2.3206
2.2883
2.3931
2.0749
1.9698
2.4683
2.2179
2.2177
2.3839
2.2056
2.4210
2.5523
2.2523
2.3320
1.8251
2.1831
2.3984
2.2619
2.4500
2.3187
2.2590
2.1344
2.0731
2.1729
2.3755
1.8204
2.2577
1.8564
2.3105
2.1528
2.1624
2.2370
2.2499
2.3308
2.1719
1.9415
1.9560
2.3829
2.4689
2.2085
2.4499
2.4532
2.5326
2.6938
2.2246
2.5259
2.0012
2.3292
2.2675
1.9089
1.9891
2.3647
2.1888
2.2684
2.2360
2.2977
2.1157
2.3501
1.9655
2.0886
2.1088
2.1906
2.1601
2.1518
2.4685
2.4790
2.3435
2.2057
2.2952
2.2523
2.4973
2.2821
2.6052
2.3199
2.2366
2.4282
2.3118
2.5030
2.3170
2.3707
2.2402
2.1253
1.8006
2.1442
1.9789
2.0941
2.2472
2.5013
2.5077
2.0701
2.1080
2.7697
2.2311
2.4201
2.2397
2.7334
2.7341
3.1670
2.8774
2.5651
2.8227
2.1835
2.2347
2.1871
2.5386
2.6133
2.9734
2.4629
2.4323
2.5347
2.7014
3.0039
2.7361
2.4293
2.7545
2.6657
2.7317
2.8343
2.3273
2.4193
2.3035
2.1769
2.3225
2.4806
2.5616
2.5770
2.5512
2.4397
2.4725
2.4065
2.5224
2.6067
2.2660
2.2854
2.0631
2.7258
2.2852
2.3942
2.8227
2.6952
2.3894
2.1186
2.3009
2.1978
2.2936
2.1277
2.5010
1.8912
2.2980
2.1308
1.9339
2.0344
2.3018
2.2971
2.0906
1.9554
1.9973
1.5287
1.9952
2.1822
2.0969
2.2010
2.0726
2.2554
1.8223
1.8397
2.2215
2.3075
2.3078
2.1486
2.2444
2.2521
2.0808
2.0779
1.6586
1.9128
1.8668
1.7114
2.2016
2.0557
1.9871
2.1413
2.2218
2.0612
1.9800
2.1792
2.0637
2.0330
2.2002
2.1415
2.3423
2.2701
2.3607
2.4503
1.6658
2.0966
2.3052
2.3156
2.3316
2.0611
1.7291
1.6750
1.9653
1.9968
2.0157
1.8580
1.9812
2.1007
2.2762
2.3765
2.2683
2.2846
2.2327
2.4130
2.3248
2.5725
2.5485
2.0519
2.3797
1.9723
2.8177
2.4198
2.6960
2.4873
2.0542
2.4939
2.5717
2.7785
2.3455
2.6237
3.1220
2.5775
2.8887
2.3656
2.6947
2.4860
2.5833
2.4569
2.3798
2.5149
2.5943
2.0323
1.8343
2.1339
2.0384
1.8774
1.9538
1.9587
2.1906
2.0699
2.3198
2.3921
1.9657
2.1469
2.4727
2.2048
1.8168
2.2481
2.2079
2.2265
2.5591
2.2790
1.8335
2.4126
2.0226
2.0405
1.7279
2.4008
2.3585
2.3818
2.2950
2.1133
2.2640
2.5596
2.3399
2.5807
2.7551
2.5814
2.4107
2.3826
2.1297
2.1472
2.1124
2.2866
1.9628
1.9625
2.4084
2.6525
2.6108
2.5105
2.7414
2.9888
2.7942
2.9243
2.5019
2.3687
2.6491
2.8284
2.8605
2.7273
3.0176
2.6289
2.3510
2.2096
2.1199
2.7072
2.4997
2.4849
2.5451
2.4384
2.3425
2.3384
2.5249
2.4487
2.1489
2.1009
2.6148
2.4938
2.3430
2.5196
2.6226
2.7869
2.4856
2.3341
2.7756
2.7862
2.7607
2.3084
2.7067
2.7312
2.5042
2.6968
2.4370
2.3513
2.3984
2.4914
2.3996
2.7749
2.2937
2.6697
2.4307
2.4189
2.1672
2.2325
2.4189
2.6515
2.4301
2.3357
1.8637
2.3316
2.3414
2.3073
2.4922
2.5575
2.2040
2.5492
2.3459
2.4939
2.4283
2.2408
2.5647
2.5258
2.3563
2.1314
2.6023
2.0983
2.3179
2.6748
2.2102
2.2145
2.2455
2.0227
2.3261
2.1836
1.4674
1.7894
1.9280
1.7308
2.2628
2.0682
1.7827
1.8225
2.2455
2.1994
2.0129
2.1493
2.1167
1.8831
1.9590
1.8979
1.8190
1.9236
1.6625
2.0704
1.8165
2.0744
1.8637
2.1445
2.5454
2.2032
1.8116
2.1754
2.0336
2.1282
2.0455
2.1971
1.8155
2.4003
2.1511
2.3362
1.8343
2.0664
1.9320
2.1831
2.0514
2.2361
2.1428
2.5049
2.2624
2.5273
2.2261
2.1422
2.1017
2.0233
1.9260
1.8747
2.0620
1.8849
2.0072
2.3309
2.2960
2.3387
2.2166
2.2641
2.1305
2.4459
1.8125
2.1367
1.9296
1.9669
1.8527
1.9316
1.8079
1.8549
2.2886
1.9860
2.1704
2.2637
2.4906
2.1246
2.4578
2.5163
2.1684
2.1690
2.4879
2.2075
1.8524
1.9594
2.0340
2.0194
2.2186
1.8519
1.8531
1.9372
1.7984
1.9391
1.7588
2.0378
1.9128
2.0678
2.1237
1.9251
1.9255
1.9240
2.1133
2.0131
2.3958
2.1159
2.3453
2.0448
2.7240
2.0892
1.9614
2.0429
1.9007
2.1043
2.2490
2.1275
1.9800
1.9940
1.9935
1.8532
1.9622
2.1889
2.2994
2.2255
2.1202
2.2649
2.1522
1.8237
2.1834
1.9443
2.2830
1.7366
2.2959
2.1632
2.3783
1.8775
2.2556
1.9361
2.1443
2.3229
2.2791
2.3344
2.1225
2.3488
2.0494
2.0119
2.2082
2.0380
2.2846
2.2522
2.5729
2.4361
2.9132
2.3361
2.1698
2.3329
2.3442
2.4370
2.3297
2.8870
2.4599
2.4635
2.3045
1.7985
1.9339
2.4326
2.5582
2.2042
2.2135
2.2686
2.6638
2.4217
2.2878
2.3550
2.2193
2.4026
2.4706
2.4591
2.7622
2.5490
2.2224
2.2806
2.2776
2.2850
2.6115
2.2450
2.5906
2.8136
2.5577
2.5943
2.2938
2.4881
2.2856
1.9281
2.0308
2.2253
2.0991
1.6281
2.1460
2.1360
2.4742
1.9302
2.2907
1.8866
2.4760
2.3204
2.5240
2.5685
1.8583
2.0909
2.0817
2.3427
2.0689
2.2263
2.0847
2.0164
2.2374
2.0529
1.9816
2.0265
1.7363
2.1230
1.8450
2.2583
2.2537
2.4751
2.3270
2.3869
2.1785
2.2178
2.1087
2.2653
2.1035
2.3307
2.8076
2.3320
2.3160
2.4168
2.3915
2.3331
2.3137
2.2978
1.9039
2.5625
2.2709
2.4278
2.2010
2.1676
2.3230
2.2193
2.3196
2.1945
2.0271
2.2307
2.1771
1.9825
1.8540
2.0183
2.1942
2.3311
2.3086
2.3618
2.4753
2.2497
2.1954
2.4152
2.1639
2.1535
2.1167
1.7935
2.0384
2.0447
1.9886
2.1203
2.0844
2.4426
2.4575
2.2556
2.2082
2.3803
2.2008
2.2383
2.4118
2.1464
2.2996
1.9065
2.1926
2.4894
2.2446
1.9590
2.2368
2.5254
1.9728
2.0043
1.7309
2.2100
1.9320
1.7029
2.1126
1.9196
1.6818
1.7686
2.1236
2.1569
2.1063
2.6082
2.6288
2.1818
2.1480
2.1147
2.1374
2.1392
2.5831
2.4124
2.1872
1.9960
2.1574
1.9444
2.0235
2.0647
2.0890
2.2408
2.2872
2.1964
2.2518
2.2136
2.4857
2.5740
2.0500
2.3605
2.0752
2.1212
2.1939
2.0239
2.4188
1.8880
2.1534
2.0811
1.9514
2.5525
2.2941
2.1346
2.0675
2.5901
2.5467
2.2379
2.4092
2.4376
2.3257
2.1922
2.2626
2.4582
2.6519
2.4661
2.5146
2.7688
2.6562
2.4958
2.1536
2.2472
2.4279
2.2906
2.2482
2.4346
2.0850
2.0695
1.7409
2.2193
2.0739
2.2793
2.4502
2.0070
2.2383
1.9874
2.1108
1.8974
2.0928
2.0122
2.2165
2.3041
2.1658
2.0218
2.1617
2.0489
2.2598
1.9730
1.8124
1.9430
1.6563
1.9923
2.2299
2.0959
2.5864
2.3737
2.2706
2.0852
1.9474
2.1339
1.6359
2.0782
2.3516
2.2395
2.2723
2.3470
2.5245
2.4385
2.7249
1.9917
2.4031
2.1859
2.2699
1.8190
2.3457
2.1945
2.5113
2.1221
2.0665
2.2064
2.3841
2.5428
2.5901
2.2482
2.1791
1.8851
1.8205
1.6530
2.2459
1.9904
1.8652
1.7648
2.1934
2.1312
2.0592
2.4012
2.0266
2.2535
2.6106
2.2380
2.0577
1.9218
2.2456
2.3361
2.1728
2.3961
2.0472
2.0654
1.9761
2.0009
1.8664
2.3058
2.2464
1.8801
2.4949
2.2280
1.9962
2.0483
2.2786
2.3516
2.4519
2.1571
2.4939
2.6189
2.2852
2.2310
2.2815
2.8195
2.3334
2.3104
2.4871
2.3782
2.6680
2.6481
2.6282
2.3323
2.2966
2.5829
2.6574
2.6408
2.3523
2.4880
2.1173
2.5204
2.8150
2.2595
2.3310
2.4186
2.4917
2.3836
1.7896
2.2384
1.9345
2.0900
2.0589
2.2761
2.1964
2.5272
2.1288
2.1053
1.6100
2.3118
2.1165
1.8049
2.0792
2.2334
1.9975
2.1164
1.9398
2.7186
2.5313
2.3958
2.5984
2.4060
2.3430
2.5516
2.1240
2.1330
2.2670
2.2691
2.0367
2.1033
1.8136
1.7127
2.0130
1.8940
1.7780
1.8179
2.5119
2.4158
2.1062
2.2459
2.2445
2.2993
2.0243
2.0422
1.9495
1.7921
2.4268
1.9825
2.1343
2.0633
2.3935
1.9129
2.2813
2.3512
2.2891
2.5585
1.8400
2.1047
2.6094
2.1890
2.1647
2.2928
2.0667
2.4197
2.4491
2.8213
2.2404
2.0960
1.8916
1.9049
1.9584
1.8160
1.9604
1.9974
2.0547
2.2503
1.9468
1.6101
1.8731
2.1014
2.0032
2.0477
2.0377
1.8973
2.2719
2.2758
2.1278
1.9821
2.4683
2.6003
2.1828
2.2508
2.3195
2.1181
1.9519
2.5101
2.4075
2.1438
2.0784
2.2603
1.9715
2.4219
2.0424
1.9371
1.8246
1.9951
2.0683
2.1414
2.0296
2.3470
2.3097
2.2206
2.5892
2.0417
2.4139
2.1994
2.4514
2.1757
2.0886
2.4899
2.3355
2.0420
2.0816
2.2140
1.8376
2.2046
2.1207
2.0624
1.9466
2.4085
2.2783
2.4043
2.0245
2.0664
1.8209
2.1502
2.0882
1.9753
2.1670
1.7937
1.9794
1.8167
1.8841
1.9549
2.1377
2.4532
1.9228
1.9009
1.9392
1.8993
2.1417
2.2213
2.0228
2.0136
1.8419
1.9007
2.0270
1.8752
1.7172
1.8643
1.7964
1.7539
1.8251
1.8595
1.8446
1.9469
1.7910
1.7133
1.8642
1.9677
1.8957
2.3123
2.0204
1.8175
1.7306
1.9238
1.9015
2.1322
1.9509
2.3404
2.1336
2.3498
2.1270
2.1203
1.8946
1.9503
2.0000
2.0266
1.9714
2.2374
2.3918
2.0507
2.3105
1.9808
1.8174
1.6879
2.2664
1.7601
2.0333
1.9270
1.5748
2.0789
2.4791
2.1093
1.6875
2.1722
2.0982
2.1224
2.0773
2.1793
2.4713
2.2489
2.0833
2.0699
2.1436
2.0980
1.9482
1.9450
1.5261
1.9517
1.7186
2.0577
1.7535
2.0732
2.1606
1.6980
2.1293
1.7186
2.1182
2.0848
2.1577
2.1491
2.7311
1.9231
2.1810
2.0085
1.9492
1.9560
1.8154
1.8495
1.7220
1.8638
1.8858
1.7612
1.8921
1.7610
1.8901
1.9239
2.0228
1.8858
2.0749
2.1055
2.7941
2.3187
2.5863
2.2697
2.2275
2.3358
1.8663
1.9916
2.5592
2.0607
2.3945
2.1022
2.1113
2.2944
2.1259
2.1404
2.4773
2.0276
2.4214
2.3863
2.6136
2.5451
2.6568
2.0008
1.8495
2.2093
2.1609
1.9899
2.1077
2.2688
2.2860
2.5415
2.1323
2.0820
2.5792
2.4393
2.5401
2.7682
2.5262
2.2756
2.5436
2.3030
1.9618
2.2749
2.4884
2.6444
2.4901
2.6954
2.5524
2.2845
3.1035
2.9419
3.0507
2.8065
2.4843
2.5292
2.5961
2.5316
2.6181
2.4815
2.1466
2.8030
2.1946
2.4120
2.4071
2.3946
2.3273
2.3067
2.3548
2.2724
2.3855
2.5218
2.7005
2.3423
2.4927
2.6880
2.8243
2.7790
2.6665
2.5128
2.7425
2.6206
2.5646
2.4374
2.1544
2.3038
2.2691
2.2302
2.4149
2.6184
2.5594
2.4071
2.4262
2.0896
2.6747
1.9255
2.1839
2.0085
1.9536
2.1821
2.0816
2.2220
2.1127
2.0942
2.3430
2.1366
2.0511
2.3151
2.0556
2.1174
2.1983
1.9414
2.6786
2.3310
2.8586
2.6879
2.7353
2.6562
2.6226
2.5128
2.4549
2.3655
2.1496
2.7418
2.3189
1.9346
2.1602
2.3108
2.3340
2.0680
2.3341
2.2715
2.1990
2.0903
1.9826
2.2634
2.1910
2.2013
2.1998
2.1487
2.3352
2.2943
2.7567
2.6029
2.9675
2.6770
2.5795
2.3479
2.2324
2.0194
2.1579
1.9190
1.9825
1.8972
1.9368
2.0460
1.7565
2.0796
2.3578
2.4507
2.8173
2.2996
2.5059
2.0090
2.3383
2.1861
1.9961
2.7315
1.9734
1.7915
2.2788
1.9987
2.0638
1.9516
2.4953
2.1214
2.0521
2.4566
2.1017
2.0144
1.9231
1.8593
1.9765
1.9612
2.0933
2.2288
2.2366
1.9034
2.4809
2.1039
2.0343
1.9832
2.0264
2.0332
1.9761
1.8926
2.2345
2.0981
1.9479
1.9047
2.2111
2.2822
1.9962
2.1786
2.1135
2.4282
2.1186
2.2331
2.1642
1.8889
2.0948
1.8932
2.2644
2.0011
2.4105
2.7493
2.6153
2.5926
2.4062
2.2804
2.3236
2.4304
1.9622
2.4463
2.4449
2.5012
1.9528
2.0356
2.1039
2.0219
1.8572
1.7923
2.2394
2.3278
2.3608
2.7045
2.5544
2.5256
2.4644
2.3714
2.3684
2.5031
2.7427
2.7311
2.6441
2.2421
2.1083
2.1402
2.0596
2.2667
2.0979
2.1095
2.3277
1.9752
2.0842
1.9721
2.1114
2.1732
2.4175
2.0679
2.8969
2.4185
1.9273
2.2502
1.9178
2.4354
2.3826
2.0036
1.9818
2.2650
2.3452
2.3435
2.0866
2.1678
2.1013
2.3446
2.4343
1.6372
2.0012
1.9092
2.4895
2.0362
2.1492
2.0822
2.4916
2.2074
1.9883
2.1026
2.0813
2.2318
2.2190
2.6610
2.3894
2.2751
2.1716
2.6478
2.4564
3.1310
2.5895
2.5441
2.0009
2.2563
2.1117
2.3960
2.0331
2.5530
1.9463
2.0681
2.1881
2.2090
2.2172
2.1191
2.2695
2.3771
1.9285
1.7919
1.9283
1.8276
2.0512
1.9071
1.9652
2.0547
2.0752
2.1179
1.7402
1.9210
2.0745
2.0562
2.0144
2.3870
2.4529
2.4267
2.2020
2.1985
2.3870
2.1175
2.5723
2.3683
2.3515
2.4678
2.3628
2.3474
1.8277
2.0803
2.3417
1.9452
2.0473
2.1637
1.7070
1.7151
1.7787
1.8089
1.9304
2.0304
2.0078
1.8957
2.0864
2.2049
2.0837
2.2215
2.1550
2.5611
2.3666
2.1192
2.3227
2.0915
1.8236
2.1926
1.8750
1.9273
1.9911
2.1836
2.1508
2.1048
1.8830
2.2743
2.1226
2.2729
2.5859
2.2147
2.3028
2.3126
2.2858
1.6985
2.2137
2.0943
1.8515
2.1647
2.4126
2.3597
2.3318
2.1940
1.7358
1.9346
2.0555
2.7531
2.0579
2.1992
2.0431
2.1444
2.1155
2.1779
2.4466
2.8185
2.7250
2.4738
2.1572
2.4064
2.0538
2.0028
2.2082
1.8429
2.5133
2.1063
2.3587
2.6141
2.2348
2.1915
2.2908
2.2537
2.3943
2.1327
2.0208
1.8146
1.9973
2.1354
2.2571
2.3706
1.8735
1.7647
1.8108
2.4011
1.9263
2.0817
2.1609
1.9530
1.9097
1.7229
1.7934
1.8008
2.2448
2.1645
1.9061
2.2629
2.0000
2.1504
2.0945
2.2782
2.2048
2.0338
2.2498
2.4583
2.5369
2.5492
2.8258
3.1015
2.9744
3.1244
3.1921
2.3561
2.4993
2.2622
2.7597
2.4315
2.6600
2.3024
2.4645
1.9585
2.1410
2.0394
1.9509
1.9060
2.0504
2.2444
2.0322
2.0563
2.0319
1.9169
2.0015
2.1572
2.1947
2.1765
2.3025
1.9523
1.8282
1.7905
2.2495
2.2201
2.1251
1.8598
2.2221
2.3450
1.9456
1.9231
1.7618
2.1264
2.1324
2.3968
2.4090
2.6479
2.7014
2.2676
2.6763
2.2354
2.3768
2.2158
2.3382
2.7260
2.8797
2.7727
2.6941
2.6606
2.3283
1.5004
1.9715
1.8112
2.2445
2.0852
2.6886
1.4346
2.2664
1.9542
2.2425
2.4719
2.3742
2.3935
2.2469
2.4292
2.4096
2.2448
2.1244
2.3061
2.1351
1.9042
2.2043
2.5012
2.1502
2.1759
1.9036
2.1747
2.2200
1.8839
2.0082
2.3750
2.1119
2.2815
2.1592
2.1705
2.5197
2.1211
2.3182
2.3398
2.1260
2.8864
2.7103
2.4326
2.4385
2.3092
2.2951
2.4896
1.8916
2.2728
2.4959
2.5028
2.4964
1.9024
2.3909
2.3599
2.3862
2.4699
2.3618
2.0061
2.1064
2.2987
2.4907
2.3348
2.0652
1.9109
1.7745
1.9171
1.8791
1.7402
1.7395
2.1893
2.2607
2.2052
2.3667
2.1413
2.3615
1.9609
2.1303
2.1820
2.5259
2.5844
2.5151
2.1432
1.9993
2.0652
2.2610
2.0992
2.1549
2.0088
2.3100
2.0337
2.0213
1.8652
2.2397
2.0277
2.2129
1.9139
2.3509
2.0915
2.0832
1.9812
1.9111
2.1459
2.1004
2.3589
2.1921
2.3001
2.2484
2.4070
2.0154
2.5340
2.2753
2.4384
1.9549
1.9184
1.9466
2.0070
2.0400
2.0622
2.2671
1.8777
2.0716
1.9533
2.1699
2.0777
1.9584
1.9030
1.6578
2.0984
2.0551
2.1562
1.9278
2.0487
2.0115
2.0670
1.9132
2.1327
1.9076
2.0827
2.2939
2.1208
2.1234
2.4035
1.9678
2.4635
2.1656
2.2740
2.2260
2.2588
2.4185
2.6386
2.2111
2.0959
2.2809
2.0439
2.2592
2.2599
2.4361
2.3528
1.9165
1.9230
1.9456
2.5239
2.3279
2.2955
2.5574
2.3370
2.2611
2.3697
2.5360
2.0788
2.0503
2.3017
2.0538
2.1364
2.1946
1.9332
1.8290
2.2145
2.3034
2.0592
2.2181
2.1583
2.2778
2.0816
2.2560
1.8352
1.9421
1.9902
2.2927
2.2151
2.2616
2.4199
2.3345
2.1789
2.1530
2.0449
1.9674
2.3078
2.2550
2.5038
2.5722
2.3370
2.1899
1.8906
2.2412
2.1220
1.7898
2.1963
1.8781
2.0298
1.9218
2.1001
2.0740
1.9341
2.0267
2.2100
2.2239
2.3607
2.4134
2.0743
2.1687
2.4158
2.2668
2.1899
2.1052
2.4643
2.4100
2.2592
2.3865
2.3739
2.3413
2.5152
2.2615
2.1499
1.9936
2.0114
2.2508
2.1788
2.1376
2.1534
2.0014
1.9168
2.1659
2.3799
2.3869
2.1113
2.2457
1.9768
1.8980
1.9387
1.8482
2.4992
2.1625
2.2196
1.9471
1.8732
1.7249
1.8890
2.0462
1.8792
1.8196
1.6717
1.8321
1.9489
1.7261
2.0788
1.9581
2.0117
1.8862
1.9657
1.9397
1.8737
1.5702
1.5654
1.9318
1.8248
2.0431
1.9542
1.6230
1.7877
1.6885
2.1674
1.8437
2.0922
1.8945
1.6269
1.9295
2.3879
1.9107
2.0305
2.1262
1.9537
2.1215
2.3006
2.4238
2.1813
2.2417
2.2114
2.5372
2.4609
2.3030
2.3588
2.5225
2.1964
2.4143
2.2775
2.3458
1.9957
1.9407
2.0428
2.1500
2.3874
2.4394
1.9318
1.9136
1.9206
2.0628
2.0471
2.1453
2.1868
1.8412
2.0521
2.1977
2.1037
1.9432
2.1819
2.1041
2.2603
2.0834
1.8422
2.1662
2.0323
2.0462
1.8390
1.8637
1.5054
1.8184
1.9591
1.7831
1.9653
2.1212
1.8621
1.5763
1.6559
1.7898
1.8376
1.7839
1.6735
2.0379
2.0555
2.1045
2.3199
2.2463
1.9580
2.1609
1.9382
2.0681
1.9523
1.9815
1.8829
2.0382
1.7004
1.7382
2.2692
1.9804
1.9575
1.8411
1.7792
1.9868
2.1678
1.9308
1.9043
2.0839
2.3027
2.2991
2.3188
2.3249
2.2170
2.0063
2.0427
1.8619
1.9087
2.0063
2.1598
1.8079
1.9674
1.7640
1.6978
1.6692
1.6116
1.9387
1.6750
1.6478
2.0071
1.9186
1.8942
1.8807
1.8035
2.1012
1.7589
1.8867
1.6878
1.5675
1.8611
1.6310
2.0556
2.1090
1.8155
1.7787
2.1977
1.8518
2.0259
1.8147
1.6968
1.8460
1.8614
1.9297
1.7714
1.7019
1.7638
1.9921
1.8188
1.5635
1.6528
1.7864
1.9237
1.7520
1.7507
1.9789
1.8296
2.1193
1.8915
1.7216
1.8923
1.9310
1.9086
1.8016
1.6520
2.0121
1.9153
1.6215
1.8049
1.7982
1.8429
2.0893
1.8408
2.1132
1.8847
2.0094
2.0775
1.9132
2.0332
1.8835
1.8979
1.8622
1.7689
1.7986
1.9995
2.0365
2.0051
1.8920
2.1547
2.0523
1.8745
2.3643
2.0154
1.8691
1.9789
1.8661
1.8818
1.9988
1.7636
1.8582
1.9213
1.9926
2.0825
2.0300
2.1070
1.6029
1.7693
1.9803
1.5959
1.7633
1.8352
2.2923
1.8138
1.8399
1.8864
1.8910
1.8412
1.8407
1.5405
1.4826
1.6272
1.5488
1.8568
1.5002
1.5740
1.7513
1.8450
1.6817
1.7091
1.6732
1.9279
1.4888
1.7657
1.8611
1.8747
1.5935
1.8701
1.9483
1.8369
2.0092
2.1054
1.7549
1.8556
2.3049
1.9271
1.7886
2.2061
1.7933
2.0846
2.0280
2.0097
1.8157
1.9053
1.8388
2.0160
1.7449
2.1052
2.1849
1.7816
2.4070
1.9511
1.9067
2.1562
2.1082
2.1553
1.9563
2.0204
2.0660
2.2131
2.2060
1.7658
2.0369
2.0777
2.1830
1.8771
1.9601
1.9869
2.0476
1.9696
1.9052
2.1638
2.2120
2.2091
1.9210
2.3986
2.0205
1.8475
2.0085
2.0645
2.4341
2.1520
2.4306
2.4833
2.4727
2.5732
2.5882
2.2541
1.6765
2.2439
1.8553
2.0083
2.4420
2.1881
2.1230
2.8881
2.3423
2.2464
2.1164
2.1025
2.1777
2.5934
2.6021
2.5100
2.4081
2.2502
1.9427
2.4385
2.5672
2.2302
2.5928
2.3687
2.1411
2.6336
2.3956
2.5318
2.4596
2.2659
2.1441
2.0393
1.9802
2.3283
1.9846
1.7180
2.2885
2.0378
2.0619
2.5404
2.5078
2.2709
2.4789
2.3206
1.7654
1.8640
2.1444
1.8362
1.8636
2.2491
2.1269
2.3237
2.2182
1.9561
2.4370
2.4207
2.0160
2.1962
2.2786
2.2065
1.7620
1.9541
1.8049
2.2460
1.9533
2.1331
2.2947
2.0783
2.1116
2.7670
2.1438
1.8471
2.0778
2.0673
2.1974
