79.9337
79.7937
78.2665
79.0393
79.5811
79.2759
77.6490
79.1604
78.8267
79.8231
79.5189
78.9277
78.5430
78.1405
78.4087
79.1772
80.2608
79.1202
80.6574
80.0431
77.8564
78.5715
80.1597
79.7501
78.5220
79.2086
78.9349
79.7172
80.1686
80.1485
81.0986
79.5387
78.4482
77.6733
76.6435
77.5778
77.9293
77.3533
78.5299
79.6169
80.4290
80.6805
79.6592
79.7887
80.0617
81.0161
79.3736
80.4956
78.4454
80.4821
79.3555
79.8150
79.9425
79.9375
78.9461
81.1584
81.6913
79.7957
79.9789
79.9965
80.5047
80.9617
81.1762
79.1766
79.5249
81.9034
80.9971
81.1312
80.1493
80.2236
81.3724
81.7039
82.2250
81.3263
81.7434
81.6553
81.2568
81.4755
81.6713
81.4894
82.5392
81.6681
80.7257
79.7743
79.3317
81.1602
79.5222
82.0053
80.9192
81.4576
82.4910
82.5763
81.1885
80.0356
80.4322
80.2772
81.7892
81.3561
82.0788
82.0104
82.8375
83.5120
82.0788
81.0198
79.7476
79.4724
79.9082
80.0475
79.0688
79.3641
79.2333
80.4148
79.8943
79.2890
79.5151
80.9297
80.9534
81.9822
82.1508
81.7152
80.9195
80.9234
82.1929
82.8774
86.3857
85.2796
85.4444
84.2835
84.0511
84.2729
85.2871
85.2611
85.7765
86.4895
83.4589
83.4940
84.2536
83.7681
84.1836
84.0875
82.8205
84.6138
83.9485
85.0802
85.1243
85.7649
84.1789
83.8506
85.2163
85.4130
84.6755
84.0554
83.6090
84.8948
83.2938
85.1877
85.8413
85.5438
83.9410
85.1454
84.0190
82.2022
82.8879
84.6164
83.7653
85.7145
84.9258
84.5342
83.8386
85.5518
85.7098
83.3410
84.6602
82.1747
81.5704
81.3655
81.4703
82.6864
82.7071
81.8609
81.7576
81.6289
79.7715
81.4862
83.1090
83.4921
82.5638
82.9815
83.7917
83.5826
83.0260
83.8382
83.3904
82.8281
81.6300
81.5129
82.1220
82.3413
82.9241
84.1925
85.5333
84.4014
83.7472
84.6536
86.3629
83.8791
83.5555
82.7732
83.0523
82.6082
81.8685
81.9872
82.1271
81.4573
81.7493
81.3375
81.7252
81.2022
82.3109
82.4828
82.7786
83.8059
83.5327
83.0624
83.4273
85.2050
82.7109
84.1185
82.5720
83.1526
82.4877
82.5525
83.2315
82.3663
83.8478
82.7322
81.6514
80.9286
83.2658
82.7689
81.6461
81.5021
81.2897
81.0711
81.4548
79.5287
81.7677
81.2537
80.3925
81.5220
83.2780
84.4230
84.6763
85.9687
84.1901
85.5839
83.5700
83.8775
84.4669
83.5017
83.4762
83.1586
84.1372
83.0380
84.2368
84.3238
84.5133
84.2673
84.4225
84.7665
85.0143
86.9464
84.9004
84.2534
83.3643
82.8499
83.0001
83.6077
85.8150
83.0633
82.4018
83.4276
83.8206
83.1378
83.8056
84.1429
84.9989
84.2620
83.5312
82.5138
81.3748
81.6113
79.9674
80.6646
81.4532
83.4040
80.7529
81.4151
82.9277
81.9857
83.5989
82.6601
82.7920
81.5345
80.8264
81.7701
82.8453
82.3812
83.0831
81.6995
82.7438
83.2433
81.9630
83.9161
85.1859
83.2763
84.0074
84.6262
84.7538
85.9585
85.8433
85.7680
86.7007
87.5634
86.6312
86.4309
86.1020
83.8587
84.9953
84.9965
85.9620
85.2203
85.6893
84.3677
84.1071
83.6684
82.9905
84.3932
83.6497
83.4607
83.5374
82.8943
84.4991
83.7567
82.8609
83.1963
82.6568
83.4288
82.0793
82.5774
81.8980
81.3588
83.1610
82.4441
82.2502
83.5373
84.0619
82.1642
84.0021
83.8144
84.1701
84.9307
82.6061
83.4055
82.0667
82.8016
82.0119
82.2137
82.0453
81.0613
82.4834
82.2747
81.5577
81.6483
81.2363
80.2321
81.3339
81.4297
80.6706
82.4263
82.7244
82.6949
82.8683
83.7816
83.9992
84.5909
84.6877
83.1170
83.2487
82.0046
82.8308
83.0770
83.1122
82.4678
81.9721
81.3407
81.5434
82.6221
85.2693
84.2709
82.6174
82.6794
83.0759
82.2381
84.8637
84.8337
83.3521
83.8968
85.9168
84.4765
84.6699
85.5827
84.7333
84.5404
84.4930
83.9243
83.2592
84.3085
82.2087
84.3561
83.9106
85.2941
85.3512
84.2982
84.5566
84.6684
83.3984
83.5853
84.9132
84.7595
82.8378
81.6146
83.1984
83.1192
83.9734
84.2320
83.0688
82.9439
84.4724
83.4607
82.6666
84.0955
85.2909
86.3061
84.5945
86.2756
83.9293
87.0485
86.6143
85.0027
87.1062
85.8989
85.1913
85.9256
85.2755
87.7811
86.3093
86.3101
88.0368
87.4529
86.6611
85.8806
87.4945
88.0168
86.6712
87.6963
86.8135
87.2495
84.6875
86.5682
87.3489
86.9387
87.4053
87.5439
84.8787
84.3575
84.3419
85.2328
84.7817
83.9182
85.0064
84.9560
83.7015
83.1303
83.8477
84.7783
83.1558
82.9358
82.7906
83.2647
83.1073
82.4140
82.9671
83.2496
83.4110
83.1794
83.2790
82.9950
83.4467
83.0241
83.5935
82.8079
80.9315
81.7612
82.5411
82.1577
81.4345
82.6972
82.4795
81.6759
81.1711
82.8731
83.5634
84.1712
82.2019
83.9601
84.0394
82.9494
84.3971
85.6091
85.3532
83.7306
84.2551
84.4923
82.2290
82.1785
80.7442
81.9723
80.9629
82.4855
81.8913
82.5805
84.0772
81.5121
80.7255
83.1021
81.0774
80.8451
81.9277
81.9320
81.6708
81.4728
79.6418
80.4779
79.8702
79.8364
81.6965
81.4304
81.9221
82.5759
83.4008
82.8482
84.3759
83.8271
84.4945
85.4714
84.8328
83.7911
84.4255
84.0966
82.3224
82.7787
85.9318
82.4018
81.1549
82.3092
83.2116
83.2349
83.2576
80.6076
80.1311
78.7746
79.0298
79.3723
79.6547
79.6969
80.3317
81.4698
81.9707
81.7782
81.3298
82.8408
82.1780
81.0440
82.6719
80.7436
82.4796
82.0137
81.8371
82.3415
82.3713
81.0373
81.8270
82.1849
80.8287
81.3115
81.9637
80.5111
79.0635
79.6168
79.0426
80.1432
81.0968
82.5687
81.3721
79.3593
80.5001
81.2223
80.7624
79.6661
79.9364
79.8341
79.0586
81.3535
80.7026
79.8669
80.3566
81.6011
82.4375
82.6767
80.8991
82.6105
82.5246
81.3676
81.5767
80.6841
81.1855
82.2636
81.1675
82.3803
81.7214
81.0177
79.6799
80.9205
80.6756
79.5911
79.4898
78.4131
77.7428
78.4742
77.6676
77.2470
77.5429
78.6121
78.8534
80.6382
79.2604
79.7028
78.5996
82.0600
83.5219
80.6348
81.2467
80.3429
81.2469
82.5376
81.0381
80.8673
81.0003
81.3141
82.3153
82.3488
82.2414
81.7958
83.5124
81.5175
82.5390
82.5431
82.9826
82.6167
83.8700
81.9817
83.0032
83.2163
84.2806
83.5108
83.1334
82.0200
82.5640
82.1850
83.4271
84.7789
83.0522
83.9597
85.3976
83.3241
84.8204
84.2235
84.1075
83.2722
82.8997
81.4268
81.6602
82.6897
84.1170
85.0188
84.1931
84.9500
83.9100
83.5654
84.0082
84.5748
83.4629
82.4339
84.2622
83.0024
82.0013
81.1726
81.0243
80.4704
80.3976
81.0649
80.8114
80.9038
81.8871
81.9328
81.0012
80.9876
81.7554
83.0969
82.3490
82.8911
84.2459
83.2998
82.1003
81.3809
80.7184
81.3175
81.1055
79.8672
80.1276
79.8459
79.4857
79.7215
80.1807
80.9047
80.0934
79.0029
79.9118
80.8771
80.6135
79.6831
81.7389
82.4390
81.9805
81.5038
81.6012
82.3733
81.0181
82.0955
82.6746
81.8425
82.9833
82.8615
83.4271
80.2990
82.6564
82.0364
81.5483
81.4025
80.8386
80.8269
80.8219
81.5299
82.1015
82.2346
81.9424
82.3818
82.2494
83.0275
83.1090
83.7178
81.3986
81.6814
82.1902
81.4780
81.0847
81.6020
81.4686
80.8069
81.7287
81.3465
81.4687
82.0807
83.2527
81.6639
81.2271
82.7416
81.6458
81.0929
81.3421
81.2684
80.7632
82.1793
83.7219
82.4577
82.0852
83.2860
84.1351
84.6553
85.6925
84.1349
85.0251
83.8726
82.2917
82.6502
83.1380
81.4268
81.1444
80.3301
80.0262
80.4684
81.4425
80.8655
80.6577
80.1112
79.0177
79.8374
79.3936
80.5981
82.4221
79.1354
79.8129
79.0508
79.2783
79.8186
80.7614
80.3664
81.7631
82.8404
80.1195
80.8718
79.2166
81.4554
81.6061
81.4346
79.5825
79.3297
81.5075
81.4889
80.5053
80.1938
80.0149
79.9060
79.2962
81.0496
81.6448
80.5994
78.3086
78.8497
80.4260
80.6096
79.5613
80.6253
81.2871
81.3661
81.1952
82.0312
82.1202
82.4312
81.3847
81.1488
80.3451
80.8604
80.9104
81.3973
82.4300
82.5197
83.4834
83.3474
83.6183
83.6502
82.8498
83.2986
82.4324
83.6991
82.1843
81.7823
83.2121
84.1220
83.0732
83.5918
84.9687
83.6271
81.7642
83.6149
82.5299
81.5291
82.3396
82.4727
80.9980
82.7080
82.6090
81.8533
80.6299
81.7133
79.5976
80.0514
79.1529
79.9070
78.8975
79.5654
80.1195
78.7241
78.5289
77.4831
77.2564
76.6593
76.6673
76.7051
78.0807
77.7571
79.0462
79.1754
77.3140
76.7169
77.6540
78.6515
78.2996
77.9008
78.1102
79.3793
77.9826
78.2617
78.1079
78.6575
78.2570
77.9137
78.7237
78.9256
79.4102
80.9735
78.0651
79.3843
79.4265
79.4601
79.4642
78.9644
76.6256
77.3821
77.0296
77.5854
77.4451
78.2949
77.2350
78.2519
79.0565
78.8185
78.3768
78.1039
79.5068
79.3212
80.8898
81.1844
79.8665
79.8915
78.4992
79.0634
78.2628
78.8524
79.8695
77.2036
77.6630
77.9744
77.3046
77.8432
79.9506
78.7939
78.5017
78.5856
77.1407
76.8897
76.8717
77.2577
76.8997
77.1292
77.9745
76.4569
78.1134
77.9742
77.0012
77.3982
77.1290
77.0728
77.9701
78.1443
79.0184
79.7065
80.9792
80.6485
80.5418
79.9894
80.0440
80.1278
79.5092
79.8036
77.5309
79.2766
78.9440
78.9347
80.3213
79.9070
80.5715
79.1027
79.3710
79.9841
81.0130
80.0382
79.9134
81.1289
79.1454
81.0267
80.6199
80.4174
81.7578
80.1801
80.9172
80.1965
81.8546
81.9117
82.6376
82.0425
80.9024
80.7866
82.1177
82.0188
81.0771
82.2040
82.5539
82.5472
81.1993
80.1294
79.3522
80.3911
80.8659
80.3944
79.6283
78.8255
78.6913
78.9742
77.3912
78.8867
78.6136
78.4466
78.6772
78.1917
78.9427
78.0504
79.4623
81.2222
79.8599
80.3636
80.5266
81.1819
80.1806
80.8265
80.4487
79.5093
78.3180
80.2636
78.6423
80.8533
78.7497
79.9194
80.4343
81.1431
79.5209
79.2963
79.7710
81.0142
80.4533
80.1852
79.5520
79.1673
78.8311
78.4434
79.6751
80.4987
80.8110
80.1624
79.4933
81.0770
80.9680
80.4707
80.6917
80.1006
79.8252
79.2340
78.8581
77.3906
77.0413
76.5499
77.9868
78.9249
79.9623
81.1772
79.4922
77.9059
77.5110
78.1196
77.1632
78.3563
76.4836
77.6322
77.9194
78.7208
77.8245
79.5029
80.4247
80.5049
80.4166
79.6016
80.8818
80.9084
79.2552
80.3749
80.8358
80.9206
80.4452
79.9584
81.9125
81.6562
82.4797
82.0850
81.4698
79.5161
78.8813
80.7859
80.0261
79.5605
78.1649
78.9412
78.9181
78.7332
79.8603
80.5486
80.0621
80.4815
80.2413
81.1573
82.2458
82.1106
81.4232
81.1809
81.1705
80.8197
81.0992
80.3365
79.3135
79.4010
78.0909
80.7110
80.8414
78.5522
79.5735
79.1580
79.0969
78.3092
80.1814
81.3203
81.3112
80.3759
81.0141
80.0656
80.7942
79.5631
79.5878
79.0487
78.2388
79.7298
78.5993
79.5042
78.9718
79.9499
78.9271
79.1955
80.6226
79.4676
79.9240
82.4199
81.0037
81.2398
79.2159
79.4018
80.4690
79.9304
79.4533
78.3144
77.8050
77.3937
78.0387
81.0433
80.2804
79.4260
79.1851
77.9745
78.0187
78.4172
77.7979
77.1837
78.1483
77.8712
76.9095
77.4084
78.9814
78.5002
79.2870
79.8710
81.5833
80.6628
81.6098
79.4778
78.0791
77.1545
77.4547
78.2914
78.2226
77.9007
76.4768
77.6050
78.8283
78.9293
79.0320
77.2782
76.2792
77.3784
77.1420
76.0120
75.9776
76.5200
76.8037
76.2726
77.6105
78.4720
75.6397
77.1613
77.3407
75.1270
77.9339
77.7789
77.0675
76.7601
76.7738
77.3540
76.8655
77.2096
76.9805
76.2861
74.9326
75.9807
76.8053
76.2467
75.4494
76.2068
75.7692
75.7551
76.3825
76.6305
75.7030
75.2821
74.8858
74.7356
74.8716
76.0055
74.9056
74.5915
76.4385
74.8347
73.2393
74.8143
73.1578
73.1880
72.6152
71.5721
70.9703
70.2647
71.0929
70.5438
71.3651
71.1975
72.1590
71.5153
70.2844
71.8483
71.2706
71.7994
71.5217
72.2198
72.8327
73.7891
73.1258
74.3354
74.1408
75.9255
74.6473
74.0000
72.1665
74.0380
73.4391
74.4879
74.1197
74.3951
74.7267
73.9127
73.7894
74.2538
74.2149
74.9489
74.8039
75.4691
74.2793
75.2320
74.7682
75.4733
76.3230
75.0616
75.1524
74.0742
76.4664
75.0208
76.0287
76.8230
75.5016
76.3586
74.6763
74.9036
74.7751
75.3211
74.8767
75.5304
75.0864
75.4946
74.4113
75.0622
75.4144
75.4008
75.1236
75.3117
77.4258
77.5617
76.8823
77.1680
75.9076
76.2014
77.9378
77.2142
76.7313
76.9374
76.9420
77.9225
77.2029
75.7167
75.9947
75.1866
75.3349
74.9630
75.5237
74.6172
74.8129
72.7610
74.0363
73.0359
74.1552
74.6482
73.0467
74.3362
74.8084
74.4574
74.7104
75.2483
76.4798
74.8343
76.1730
74.9290
75.3541
74.8849
75.1243
74.4438
73.6936
74.3551
74.2021
73.9825
74.3954
76.0330
75.8513
74.8943
75.3818
76.6531
77.0999
75.5386
74.7028
75.8307
76.2774
75.2619
75.4078
75.9780
74.8081
74.0000
75.4581
73.7895
74.3703
75.9253
76.6928
75.2280
73.5171
73.7728
73.9983
73.0715
73.0147
72.1823
71.5622
72.9721
70.8271
70.9660
71.5392
71.6276
71.4722
69.6750
72.6190
69.8319
68.4846
69.8932
70.4742
69.7854
69.4176
71.9969
72.0060
72.8659
74.1214
72.9783
71.5367
71.0177
69.8803
71.5953
72.1695
73.3463
73.1619
73.2366
73.7392
73.6311
73.6466
72.4659
73.0467
73.3498
73.3928
74.2657
74.0246
75.0278
72.0177
73.6118
73.3847
72.9524
72.8584
72.7562
72.9834
74.1684
74.6863
74.2497
73.6555
72.5812
72.9390
72.5193
73.5199
71.9757
71.5004
72.2420
71.9573
72.0460
71.2371
71.6758
71.9041
70.6533
71.6425
71.2859
71.2465
71.6461
70.7277
71.5354
70.5333
71.3324
70.7710
71.6140
73.5311
72.6218
73.0814
72.8106
71.6817
71.8751
71.7324
70.7613
70.6934
70.1459
71.6563
71.2187
72.1573
71.7907
71.4734
73.3973
72.6790
72.6612
71.5151
72.1548
73.1558
72.3235
71.7218
73.3884
72.9453
71.7674
73.2941
72.6910
72.9859
72.7186
73.8759
73.1109
72.4369
74.0860
75.1817
74.7283
75.1853
73.0298
73.6431
73.3053
73.0323
73.3339
74.0081
73.8738
74.0455
74.6831
76.4826
75.7123
75.3390
75.3754
75.9296
75.3838
75.6146
74.6964
75.7130
75.6723
74.7518
72.2255
73.3290
72.8233
72.7134
71.5487
72.5079
72.4239
72.7877
72.9135
71.7008
72.2750
72.0920
74.4454
74.5299
72.9685
74.5773
72.7231
75.2329
75.5123
75.6159
74.5195
74.4027
73.0052
73.0841
74.0277
74.4996
74.1599
73.4771
72.9410
74.6228
74.5382
74.8902
74.0190
75.1613
75.0122
73.2699
75.0859
74.1422
74.0843
72.8826
73.4982
73.7330
74.6869
75.6929
73.6733
72.9273
73.1412
72.1151
73.8689
72.7413
72.8311
73.9820
73.5229
74.0482
73.4180
71.5280
72.2261
71.8214
72.9695
71.7539
72.7344
71.4945
69.9524
72.2611
71.6002
71.2919
71.2593
70.0143
70.1437
71.6029
71.9782
71.0686
69.3061
72.0432
71.6267
70.8268
70.6058
71.0564
72.6300
72.9824
72.7535
71.6737
72.2151
72.9458
71.9945
72.0151
73.5504
72.3888
70.9187
71.6098
72.2570
71.2133
71.6342
72.0640
70.0462
71.9122
72.9293
72.0630
72.3064
73.1104
72.9375
72.7244
71.9147
72.2992
71.2515
71.4740
72.9479
73.9461
73.2035
73.6839
72.9596
75.1807
74.3556
74.6223
73.4653
73.6653
74.4328
71.8753
72.9260
74.1365
72.6663
74.1149
71.6703
73.1027
72.5152
74.6187
76.0826
74.4192
72.6190
72.2588
74.2729
74.9238
74.0490
72.7193
73.3876
72.5930
72.7813
72.9477
72.8621
73.9185
72.7865
74.3399
73.9339
73.8031
72.4244
72.8811
73.0151
72.8487
72.8835
73.4817
72.4296
71.3842
72.5885
71.6491
71.8103
70.8894
71.3669
71.0549
70.0935
71.0217
70.9317
71.2087
70.2778
71.3225
70.4735
71.8972
71.3933
71.9719
71.6206
71.1825
71.8813
72.6181
72.6049
74.2872
72.5852
72.6470
72.0500
72.7307
73.0391
72.1469
71.8622
72.9860
73.4368
71.9874
71.9106
71.1193
70.1620
69.9899
69.9170
71.1139
69.7717
71.0666
71.2843
72.0055
71.7760
71.8095
71.0568
70.8551
70.3569
71.2005
71.5181
70.8649
71.0904
71.0045
70.2353
69.9070
70.5322
72.8890
71.6176
71.4367
71.6551
69.5019
71.2137
70.6958
70.8982
71.5451
71.3174
70.6628
70.6899
70.8331
71.1131
68.8299
69.6095
68.7332
68.4098
68.5278
68.0898
69.5016
70.3268
70.3632
69.4495
70.7062
70.2928
69.5935
69.9967
70.3783
68.4045
70.4602
70.8706
68.8194
69.9439
68.3924
67.9238
67.1894
68.0006
68.9169
68.4525
67.1954
67.8448
67.5868
68.0231
68.9754
69.2866
69.4140
68.0305
68.8283
69.8930
71.2434
70.1392
68.6095
68.2199
68.8420
69.1187
68.6151
69.9179
68.6521
68.3151
69.0324
69.5372
70.4821
68.5238
69.3948
68.9456
68.9338
69.3405
68.9104
68.1212
68.6519
68.4716
65.6895
67.3027
67.1993
67.2636
67.3583
68.1414
68.6371
69.7804
70.1547
71.3023
70.6136
70.4977
70.5132
70.8873
69.3906
68.7695
68.9674
70.2357
68.7220
67.6851
69.3962
69.9883
68.8492
67.7985
68.9356
68.6810
69.0238
68.6524
69.6717
68.7867
69.0284
69.8745
70.8327
69.9379
69.2184
70.9902
71.6984
70.5842
70.0128
69.8675
68.3268
68.2784
69.7128
69.1180
69.6509
69.5881
69.7448
71.3353
72.0728
71.9410
71.6975
70.1968
71.3229
71.0258
71.4919
71.4470
70.9169
70.5366
71.3934
71.1470
70.7401
69.7370
69.9048
70.6116
69.6836
68.9827
69.4458
70.2927
72.0259
72.0432
70.9072
71.1558
71.9990
72.8358
71.5322
71.0171
70.6152
71.4388
72.0088
72.8320
70.6866
71.1245
71.4819
71.3233
72.1512
72.4477
71.7615
71.3006
72.2812
70.6887
69.3363
71.0080
70.8028
71.6455
70.8046
71.4146
71.1166
71.1412
71.1694
71.9558
72.9810
71.2381
71.0291
71.9253
72.2343
72.8932
73.0665
72.6045
72.0581
73.0687
73.1241
73.1256
72.0183
72.8909
73.1452
73.1892
70.9587
71.8820
71.4865
72.4874
72.6703
72.7502
72.9207
71.7007
72.5686
72.0967
72.1484
71.1832
72.0447
72.1693
71.9771
71.6037
71.9998
72.1377
71.2054
71.0698
71.7876
72.6119
72.4206
73.5717
73.1920
71.7416
70.9237
71.0404
69.5775
70.2361
70.3022
69.7479
71.0198
69.0808
68.4161
69.2529
69.3339
68.5916
68.7028
69.6715
70.7913
70.3493
70.3034
68.9781
68.7031
68.4939
68.4991
68.3278
70.1734
70.4714
70.6220
70.1905
70.8868
69.1325
70.9025
69.6050
69.8848
71.7279
72.5864
72.2681
72.8174
71.7527
72.2586
72.1436
72.2734
70.6928
69.7612
69.8034
68.7122
68.9203
68.4743
67.0282
67.2696
66.6494
67.8520
66.7295
68.0036
68.6352
69.1809
69.3997
68.0618
69.7674
68.5212
67.6215
67.0073
67.5292
68.6410
67.5819
67.0473
67.6062
67.9902
68.2689
67.5002
67.2047
68.2139
66.2395
66.2471
67.3954
65.7739
66.4070
67.9482
68.0856
66.2986
67.4653
67.0891
66.6409
67.8692
68.8288
68.7718
68.9986
67.0300
67.7844
66.6007
67.9166
68.7244
68.9972
67.3153
66.9441
68.7310
68.4861
68.2581
68.4612
68.5363
70.9121
70.5645
70.1286
70.3846
71.2669
69.8016
70.6125
70.2800
70.9073
72.1905
70.5245
68.4989
68.2263
68.4430
69.8599
70.2626
69.0359
69.9515
71.4110
70.4286
70.3749
69.4825
70.5609
70.4856
70.8880
69.8223
70.6016
69.4296
69.0169
69.7765
70.5842
70.5145
70.2354
71.2262
68.0417
69.3650
68.5849
68.8892
69.9314
69.9084
70.4412
69.7817
69.5920
67.8495
68.8177
68.7396
71.0741
70.1647
71.6150
70.4397
70.7521
69.7544
69.6904
68.2799
67.8879
68.2319
66.8070
67.1459
67.3263
66.1884
66.1140
65.8275
64.2977
66.9734
67.0486
67.3432
68.0598
67.4047
67.7349
67.4263
66.9196
67.2497
66.3707
66.9938
65.9678
65.4853
66.7810
65.4083
64.9239
65.2388
64.5440
64.7170
65.2750
65.1746
64.7097
64.4100
65.3687
65.5154
64.7904
65.5393
65.2966
65.9260
65.4843
65.1906
65.0828
65.3216
64.7302
65.6995
65.5241
66.6552
65.1883
65.3790
66.4746
65.0751
66.4996
65.0178
65.3623
65.7593
67.8713
69.3973
67.1790
66.9330
67.2140
67.8941
66.5492
65.8906
64.5829
65.6893
64.6470
65.0261
65.4273
65.7144
65.0858
64.6758
63.4585
61.7073
63.8414
64.2158
64.0259
63.7083
64.0557
63.4233
64.1404
64.3411
65.3670
65.2373
63.5535
63.6561
62.8738
63.6569
63.1289
64.1821
63.0105
63.3656
64.0584
62.2143
63.3386
63.6811
61.8906
62.5946
61.5651
62.1880
62.4404
63.6325
60.9281
60.7229
61.4472
61.6339
62.4755
62.9403
63.2696
63.0601
61.6524
61.8812
60.6708
62.8563
62.9729
63.1347
63.9528
63.6664
63.8700
63.9872
62.3968
62.4983
63.3334
62.3697
63.1639
63.4408
63.9457
64.1772
64.1573
63.2855
63.4755
63.2435
63.0806
63.8294
63.3043
63.2663
64.4368
64.2708
65.5026
64.0022
64.3427
63.7295
63.8628
62.1367
63.7392
62.5395
64.7115
64.2967
63.9896
64.0416
63.3088
62.9034
63.2538
62.3863
62.9726
63.1719
62.8520
61.2357
61.6376
61.6735
61.7019
61.9646
61.2941
60.4622
60.9562
61.5527
62.0003
62.0866
61.1588
60.9058
61.3546
62.7717
62.6848
63.2787
62.7522
63.4162
62.4442
62.4495
63.0345
63.1374
64.0608
62.6280
61.0160
61.2143
61.2493
60.7935
62.5810
62.5461
61.8117
62.2012
62.0457
61.4194
61.8072
62.0182
63.0954
62.4090
62.3887
61.8248
62.8630
61.7750
61.9437
62.1859
62.9695
61.8937
62.2895
62.7481
62.2504
61.1076
61.6151
60.9510
62.8363
62.9593
62.6289
63.8635
63.5758
64.1371
63.2682
63.7511
63.8223
62.4655
62.1021
63.0797
63.2934
63.1951
61.4669
61.6340
61.7148
62.5178
63.0064
63.2307
61.9720
61.9002
61.6494
61.7893
62.3439
62.6667
62.9286
62.5959
63.4498
63.0846
62.7332
62.5033
62.5038
62.6512
63.0921
63.1847
61.8480
62.8081
63.5533
65.4047
63.9553
63.1803
62.1803
62.2579
61.8099
61.5928
61.7070
62.3484
61.4704
61.0508
61.0828
61.9185
61.8779
61.5946
59.7400
61.5752
61.3227
59.6631
59.8341
59.6067
59.4966
60.9706
61.2442
61.9729
62.9061
61.5597
61.0318
60.3930
62.5436
61.2681
62.2133
61.5580
59.7470
61.1254
59.3556
61.6346
61.4978
61.5407
62.4822
61.7546
60.4538
60.4246
59.4298
59.5354
60.6284
61.3115
59.7908
59.7651
61.3075
59.7453
60.2413
59.1077
60.1208
59.9518
60.2687
61.7254
61.2967
60.9284
61.9623
61.4060
60.8688
60.5077
59.4233
59.9723
58.7480
59.9774
60.1535
60.7041
60.1613
61.8893
61.0546
62.9175
63.0022
61.7880
61.8505
63.8578
64.0974
61.0684
61.6844
61.7589
61.2714
63.2962
62.0597
62.7623
61.9074
62.0315
60.8997
59.6153
62.2638
62.3549
60.5054
62.1113
60.9587
61.5350
61.7194
62.3524
61.2745
60.1268
60.5637
61.7657
60.7634
61.3400
60.5340
61.2401
61.6551
59.7745
60.9750
60.0399
60.1019
60.5809
61.5337
60.6726
60.8946
60.4105
61.2631
61.4095
60.8144
60.9046
60.6624
61.3499
61.7126
62.0736
62.5582
62.3533
62.0239
61.3014
61.9169
61.4740
62.3009
62.2469
63.2995
62.6544
62.3791
62.1802
62.9286
62.7705
62.5355
63.2557
62.6603
62.9758
63.0094
63.7392
64.3339
63.9728
62.7796
62.9457
62.2548
63.2825
63.2870
63.2194
64.3802
63.9400
63.8613
63.6092
63.4144
63.9305
63.8069
64.0621
65.4420
65.7260
66.0988
64.6159
63.1118
63.0663
64.0895
62.8442
63.4320
63.2117
62.4720
64.1419
63.4485
62.8506
62.9640
62.7809
62.1967
63.4069
64.8335
64.8288
64.9995
66.1008
65.2954
65.9751
65.3687
65.0011
65.8982
66.7530
64.7507
65.9525
65.8208
64.3208
65.9619
65.7139
65.2340
65.8561
65.3205
64.6330
65.0204
63.5104
63.7323
64.9473
63.3717
64.8553
63.8763
64.5353
65.2773
65.1517
65.4221
65.5502
64.8169
63.8018
64.1715
64.6072
65.6199
64.8141
63.7905
64.1338
63.8221
65.0036
64.6890
65.7102
65.5626
64.6172
64.5427
63.1767
64.2803
63.5203
64.5394
64.0505
64.8337
64.2478
64.1520
63.5404
64.8116
65.8661
66.1815
65.8054
63.8082
64.7304
64.1981
63.6014
64.4917
64.2345
63.7597
64.5975
65.9245
64.4726
66.2006
65.5871
66.1948
63.9223
64.3489
65.4378
67.2623
67.3010
66.5320
64.7238
65.7852
66.5228
65.0822
65.2156
65.6583
66.7191
65.9280
66.3586
67.3338
65.9678
66.2658
66.4387
66.1464
65.4288
65.2774
65.8508
66.9748
65.6624
67.0282
68.1909
65.9060
65.8251
64.7832
68.1502
68.7358
69.2746
66.9287
67.4520
68.4149
68.7140
68.1833
67.4629
67.2431
67.8317
65.1466
65.6221
66.3136
66.4864
66.4032
67.2791
67.8197
68.2332
68.0827
67.6270
67.1701
67.7150
67.7963
67.1282
66.7263
67.2369
67.7263
67.5573
68.5330
66.7884
67.2547
67.1065
67.9569
67.7348
67.3553
67.8787
68.0205
67.7909
66.6780
67.3785
66.6331
67.0956
68.3791
69.6812
68.1940
68.7283
67.9497
68.3987
68.6018
68.5603
69.2054
68.1950
67.6738
67.3470
67.7088
67.7244
66.3666
66.0606
67.2591
67.3373
66.6988
66.8217
65.9984
65.7898
65.8629
65.3489
65.5684
65.3142
65.2253
64.4085
63.3226
64.5104
64.7494
64.7790
64.0355
65.0820
65.6399
66.1896
66.4686
66.6249
66.4414
66.5010
66.4115
65.7861
65.7655
65.3058
64.8214
65.2863
65.9612
64.3025
66.0005
66.0927
67.0819
65.8120
66.1655
65.2881
65.6890
64.9374
66.2187
66.0628
65.9507
65.7371
65.8227
64.4328
63.5353
63.0508
64.5590
63.6028
65.5088
62.6699
62.7200
62.9499
63.4634
63.1740
63.8259
63.7699
63.6968
62.7046
63.7147
63.7491
63.7050
64.8357
64.1627
64.7023
62.4681
63.1075
64.8312
64.2965
64.4816
63.5742
64.0067
63.9144
63.7640
64.1917
64.6169
63.6592
63.2858
63.2468
62.8312
63.6002
63.0984
62.1993
62.2414
63.5016
63.7543
62.9483
63.3281
63.7173
63.5322
62.5701
62.5432
62.4595
62.5802
62.6611
61.6720
61.5580
61.5167
62.7370
63.4429
62.8797
63.2909
62.7123
62.3738
62.3192
62.3208
62.8467
62.6090
62.5566
61.5422
61.9694
61.3271
62.0187
63.6870
62.9624
62.8114
63.2213
62.0454
63.9944
61.8057
61.7756
62.6970
62.7719
63.2786
62.3844
63.5845
63.6282
64.1871
63.2230
63.3215
62.3380
64.1809
63.7364
61.3265
61.1181
62.6305
61.1697
63.2790
61.5890
62.2077
61.6068
62.0339
63.1343
64.4438
63.7046
62.7767
63.1602
63.9889
64.5105
65.3956
64.7317
63.9805
64.5802
63.8409
62.4962
62.4135
61.2029
61.4893
61.0788
60.5235
61.1081
60.7023
61.4033
62.2586
60.4844
62.1721
62.8660
62.7515
60.7008
61.1043
60.7634
61.9801
61.5543
60.4825
60.5777
61.1923
60.8750
61.6364
61.0007
61.3147
60.9743
60.5032
61.3260
60.5337
61.7338
61.1050
61.5000
62.4561
61.7855
62.2514
61.4440
62.7264
61.1187
61.6718
61.6563
61.6983
60.6987
61.8069
61.6265
63.2488
62.7371
64.4422
63.6160
63.6485
65.4343
66.0979
65.7469
65.6869
65.2621
64.8409
63.5610
62.8052
64.6284
63.0976
63.1386
63.7416
63.6199
63.3055
62.9426
63.7644
63.7727
63.5373
64.6659
64.2240
63.7640
63.8365
63.8112
64.8481
64.3027
63.6958
64.2941
65.8814
64.2401
63.5590
64.5620
64.6174
65.1237
65.0596
63.9038
63.5723
63.5627
64.5963
65.0587
63.6293
64.3824
64.9537
63.5105
65.9224
65.5191
65.9624
64.2790
65.3661
65.5538
65.7491
66.3792
65.0858
65.4642
66.2323
66.3439
65.9855
65.7766
65.8684
66.4862
66.5236
66.6542
66.5264
66.4095
68.5869
68.8100
67.9405
68.5356
67.5691
68.5091
68.0277
67.2202
68.2884
66.8865
67.8871
68.1155
68.3076
68.9281
67.9769
68.9412
68.3292
66.7298
67.4704
67.6990
68.3271
67.8024
66.5482
65.8798
66.6645
67.4124
66.9144
65.5627
65.7076
65.8744
64.6626
64.8793
64.4669
63.4627
64.1074
65.4446
65.2483
65.0775
63.8735
64.3464
64.6333
65.5679
64.5653
63.9286
64.5814
64.9313
64.0357
64.3176
64.2288
64.4948
65.0727
63.8810
63.9209
64.7884
65.3878
64.4786
65.3042
66.0156
65.0037
65.2212
65.9062
66.3153
66.2441
65.7317
65.2909
65.8619
65.3691
65.4746
65.8946
65.4175
66.0235
66.4164
66.6441
66.3848
66.5195
66.5271
64.7918
64.6156
65.5882
66.7768
66.2745
66.6848
66.2541
67.0177
67.3769
68.1512
68.5903
67.9430
66.8993
67.2891
68.5533
67.5013
68.0498
68.1529
67.3482
65.2825
66.7157
65.7568
65.4177
66.6909
67.6281
67.6867
67.3749
67.3058
67.3345
66.9491
69.8154
68.4976
67.7760
66.4868
66.9379
66.2857
65.3992
65.5327
66.1233
65.0005
65.0383
65.3261
65.6249
65.6111
66.0331
65.7691
65.5867
65.2105
64.7721
66.9342
66.6390
66.6002
67.1486
66.4575
66.9083
66.2122
67.3699
67.2062
67.5928
66.4150
67.2547
68.4187
67.5354
67.9608
67.7835
67.2245
66.9938
67.4189
67.5633
67.3739
65.9836
65.8977
66.9007
68.0212
67.1850
64.9544
67.5259
66.9774
66.6719
67.6375
64.9322
66.4804
64.4312
65.7396
65.9925
65.6244
65.5504
66.5563
65.8574
66.6642
67.0366
66.8216
66.2567
65.8619
67.4340
66.8919
67.1870
66.3248
64.3890
65.9985
64.6567
65.6529
66.2759
65.7607
64.3929
63.7625
65.3639
64.5575
65.2170
66.1970
65.9822
65.7658
67.0106
65.5875
66.7226
65.7150
65.3422
63.7720
63.1673
62.4224
62.5928
63.5254
63.9542
62.6948
62.6974
63.5470
63.0947
62.2842
61.6314
63.3410
61.9913
61.4731
60.7833
60.2733
60.4839
59.9320
60.6476
61.4201
61.9215
62.8329
62.7910
61.8018
61.1615
61.4798
61.9891
61.6649
61.6049
60.8004
61.9408
63.2124
62.5710
63.7368
64.9220
64.0470
65.2149
64.6740
64.2638
62.1578
62.8169
62.8468
62.4109
62.1131
61.6131
62.4114
62.1787
62.0414
61.7823
62.7922
62.8842
62.8575
63.1198
61.3987
62.5360
63.1228
62.8842
61.7812
62.1327
62.0074
61.8630
60.2007
60.4355
61.4767
60.2031
59.4475
59.5282
61.8216
60.7954
62.6429
63.9255
63.4594
61.9203
61.5103
60.5746
62.0525
61.2315
61.6068
60.5364
60.8623
60.6591
61.5637
61.7138
61.9720
61.3800
60.5931
61.3947
62.8700
61.5629
62.2478
61.9589
62.2450
61.9939
63.9880
63.2599
63.9248
64.8776
63.8913
64.1425
65.6260
65.6532
66.8624
66.3892
67.0362
66.2392
66.0499
65.0612
65.2786
64.0123
66.2908
65.6045
67.0901
65.4386
67.0367
65.4804
64.3052
65.5594
66.9176
64.3636
64.3380
65.6227
64.4934
64.2764
64.3555
61.7156
62.9989
64.3216
64.5534
64.6733
65.0559
65.7688
64.8612
64.4746
63.6493
63.3787
64.4735
64.4452
64.9508
63.5332
63.3920
62.4949
62.3770
63.7632
63.7138
63.5619
64.8566
65.6762
65.3974
64.4170
63.9454
65.5165
65.4787
65.7561
65.5045
64.8868
67.2562
65.7191
65.6198
66.7385
67.5995
67.6910
67.1703
66.6303
67.8007
66.1492
67.1256
65.7695
66.3409
66.6739
65.5081
66.5912
67.2993
65.8208
66.7908
67.8235
67.4742
67.5836
66.7600
66.5653
65.4274
65.0558
66.0183
67.6111
67.0766
66.5173
66.8417
68.2390
66.5273
67.5962
67.3653
67.3570
68.7579
69.6332
70.2416
70.1406
67.9969
67.9590
68.2574
67.2127
68.9954
68.6524
69.3086
68.6200
69.1808
69.6288
70.7303
71.8418
70.4121
70.3932
69.8392
69.8146
68.5999
69.8426
69.1619
69.4344
69.7696
68.4871
68.8223
68.6886
69.7722
68.4935
69.5555
69.3201
71.9134
71.7724
70.5993
71.0987
71.2973
70.9168
69.8876
71.8542
69.1285
71.1744
71.1156
71.1885
70.6715
70.0465
69.3603
69.1478
68.6707
69.0844
68.7547
68.7344
69.7044
71.3799
71.8596
70.6197
72.1744
71.0793
71.8304
72.2652
73.3482
72.4330
71.4309
71.6442
70.8756
70.9255
70.0424
70.4181
70.6795
71.6264
73.7450
72.1008
74.1136
72.0891
74.0886
71.7755
72.8276
73.7580
73.5084
71.9638
71.6219
71.7236
70.7978
71.3898
71.5682
73.5319
72.4056
72.0822
73.4294
71.6894
71.2130
71.4356
71.2086
72.0413
72.5834
73.3783
73.9238
71.1771
71.2810
71.4837
72.3644
73.9362
74.2059
73.7009
74.0048
73.4369
75.3313
73.2808
75.0453
73.5897
74.4060
73.2168
72.9241
75.5044
74.2244
75.1044
72.9383
72.0381
71.9414
72.5643
72.4066
73.0447
73.3234
71.9254
72.0243
71.4367
71.0974
70.0388
70.6973
72.6799
71.1012
73.1677
72.3676
71.9430
72.8950
72.4081
72.4156
74.6827
73.6987
72.8322
72.7637
72.8240
72.6723
73.5770
73.5309
72.6093
74.7616
75.5640
75.6033
74.2182
74.3308
72.8530
74.2984
73.7197
74.3760
72.2664
73.2479
72.6995
72.4937
71.7985
72.5152
73.8122
72.9397
73.4701
74.1436
73.6050
73.7906
74.1197
74.4638
72.7517
72.7977
73.2170
73.3853
73.0283
73.4866
74.1898
73.6153
75.1106
76.0354
76.8408
75.5647
77.8040
76.4664
76.0012
76.1603
77.8115
76.7913
76.8114
77.0332
76.6846
75.7156
76.3186
76.7853
77.1459
76.3849
75.1627
75.3721
73.9365
75.4986
75.3610
74.9365
75.8227
76.0986
75.8053
76.3425
75.1627
74.0818
76.6267
76.1997
75.3865
76.6221
76.2043
76.1755
76.8194
75.8302
75.8511
77.1492
75.4909
75.4284
77.0678
75.7395
76.3672
76.0093
75.4990
74.5376
76.0714
75.7134
74.7803
75.2334
74.5313
73.9035
73.6167
75.6266
74.0191
74.4040
76.1080
74.5191
74.8125
74.8833
75.7604
75.6984
75.9733
76.3632
76.3067
75.4168
74.4205
74.7927
74.8592
75.1047
74.0926
73.8521
73.9043
73.5995
72.4075
72.7083
71.8995
72.3776
72.6076
73.4275
73.4296
71.8513
72.8925
72.4249
71.9597
71.8843
72.1209
72.9826
73.5475
73.0020
72.1523
72.5499
72.9767
72.9534
72.9536
73.1096
72.7317
73.5446
73.6558
73.9817
73.9359
73.5841
73.2544
73.7360
73.9448
73.4487
74.3185
72.7766
74.2021
72.8003
72.7819
70.9969
70.7699
74.0637
74.2745
74.3803
73.2528
75.1208
74.2747
74.5626
74.7143
75.1438
75.7823
76.1014
76.2496
75.7281
75.1770
75.1471
77.6702
76.6883
76.1608
76.3920
76.0872
76.8497
77.5196
77.3722
77.4706
76.7257
77.9723
78.0147
78.5573
78.8924
77.9997
78.5110
77.9888
78.6676
77.7157
77.0757
77.3826
77.8592
77.3034
76.6630
77.2134
75.9981
76.2309
75.3475
75.6135
76.6088
75.5172
75.9986
76.8690
76.3938
76.8472
78.4071
77.9957
77.8138
77.4973
77.6227
76.5600
76.5063
77.4436
76.7789
77.1036
77.4023
77.6843
78.2664
78.5574
77.6590
79.0667
79.4267
78.8224
79.0915
78.3546
78.9604
78.8093
79.2059
78.2099
76.5911
77.6845
79.8686
79.1623
78.1926
78.3657
78.5601
79.1775
77.1091
77.9194
79.1157
78.0064
77.3095
78.5660
79.2346
79.0626
78.9669
77.8225
79.3106
79.3808
78.4925
78.4497
79.5569
79.1402
79.4267
78.1844
79.1217
77.9280
77.0992
78.5267
78.0296
77.4394
78.9050
75.6517
75.8196
76.0397
76.1299
77.2175
76.9508
77.8423
77.2917
75.7068
78.6210
77.2259
75.7644
76.1391
75.9058
77.1022
76.0602
76.6506
77.4187
76.3174
77.4772
79.4011
76.9713
75.9047
76.4802
76.0992
77.4720
78.3316
77.0744
76.8793
78.2666
76.6069
75.5702
75.2896
75.0476
75.6468
75.2973
76.1286
75.5815
76.9880
75.8487
76.6875
77.5933
76.7388
76.3677
75.8507
76.9715
76.2876
77.9959
79.6429
79.4434
80.5874
79.0165
77.9349
78.1833
78.4219
78.8663
80.3302
81.1905
82.7933
80.7591
80.3172
80.2922
80.4138
78.6266
78.7763
78.2600
77.1951
78.0217
79.0991
77.9058
79.0362
79.1709
79.7655
79.2547
78.8396
77.5773
78.1938
78.3919
77.8114
77.7331
78.0098
79.1387
79.5958
79.2157
78.9126
78.7074
80.9090
80.5775
82.2750
81.6106
81.4965
80.9173
80.6833
80.8218
79.6258
78.9022
79.2051
77.1417
79.3905
78.5485
79.5089
79.1201
79.3015
78.3421
76.9328
78.8024
78.1257
77.6418
78.1845
78.5309
79.4945
79.0266
78.8540
78.5524
80.5116
79.6913
79.7419
79.1384
80.5917
80.8251
81.0397
82.3159
82.0778
82.0919
81.9785
81.7034
80.9697
81.8484
81.3244
81.7838
80.4793
79.2146
79.5782
78.7021
79.8705
79.7098
78.9635
80.2671
80.8204
80.8493
80.5322
81.2181
82.1377
81.2149
81.0115
81.5160
82.0125
81.5361
82.6844
81.6059
80.5906
81.2056
82.1235
82.5324
82.7037
82.3441
82.2608
81.5416
80.4185
79.4390
79.8167
81.1157
81.0783
81.2973
81.7173
82.7369
82.5241
81.6471
83.3390
81.6274
82.9413
82.0544
83.3533
83.2226
82.6591
82.1458
81.9789
82.4608
81.5407
81.0926
81.6289
81.9192
81.7171
82.6583
83.5460
83.4551
82.3866
82.8642
83.4382
84.1948
82.4155
82.4838
81.7444
83.4823
84.0876
83.3909
83.7054
83.0609
83.4851
83.2466
81.9799
83.5632
82.9966
82.6433
82.1308
82.3252
81.7961
81.9115
82.1479
81.5436
81.9769
82.5950
83.1329
82.0974
81.9723
82.6511
82.4561
81.1447
81.1680
80.9364
81.9907
81.1696
80.6838
80.2332
80.7894
81.7413
82.7640
81.0196
81.4728
79.6224
80.0728
81.6468
79.2693
80.7570
79.6968
80.1414
80.0773
81.7415
81.2102
81.7321
81.9371
82.0905
81.7081
80.2976
79.6816
81.9865
79.4928
80.8035
80.4132
80.6054
81.3293
80.5397
80.2987
78.8465
79.2523
78.8540
79.8095
79.7577
80.1060
80.3130
80.6910
80.1989
80.8554
79.5173
78.8847
79.2947
79.1644
79.4011
77.0615
77.8650
78.2661
79.0233
77.3434
78.2131
77.6285
76.1311
75.7193
76.2633
76.9989
77.3574
77.0287
77.5891
76.7977
77.1301
77.8691
76.6738
77.4672
77.6817
76.5901
77.8900
78.1264
76.6733
76.0338
75.9629
76.6894
78.5391
76.1491
76.3243
77.5516
78.9177
78.6798
79.0412
78.8113
77.5583
77.3144
78.9461
78.9561
78.2104
78.7590
79.3357
77.9484
77.5607
78.5142
78.6563
77.6941
76.9680
76.2854
76.7896
76.3336
78.2129
78.6348
77.5090
76.6415
76.4806
74.1359
74.2805
74.8184
75.3821
74.4641
73.4245
73.6395
73.6126
75.5025
73.6464
75.3411
75.6367
76.7031
76.9205
76.5958
74.8348
74.0845
75.2022
75.2549
76.5106
74.4727
76.1592
75.7990
74.9747
75.3334
74.0174
74.5783
73.6363
75.7562
75.4627
75.2561
74.8152
75.4709
76.1802
75.7814
75.9183
75.1673
75.8001
76.8626
75.5075
75.1819
75.2386
76.9391
76.3504
75.0460
74.3940
74.0311
72.9239
74.7690
74.3832
74.6186
73.8353
73.2767
74.8629
73.8229
72.6938
73.8761
73.8968
74.0957
73.6954
74.7774
74.0133
74.3920
73.9241
74.1975
73.5004
72.9179
73.3641
73.7692
73.1474
73.8603
73.2049
74.1737
73.8220
73.9511
70.8430
72.4026
72.8750
73.8860
72.6752
71.4245
72.1079
73.0955
73.1838
72.8320
73.0092
72.2494
74.0455
71.9307
72.2666
72.3743
71.3937
70.8144
71.1168
70.8046
71.4499
71.8388
73.1890
74.0282
73.2484
72.6538
73.6511
72.8293
71.3477
72.6031
71.8892
73.3786
73.5572
73.1193
73.2842
72.8462
72.7136
71.7168
72.9017
70.8718
73.1366
72.3804
73.6580
72.2291
73.3013
71.9292
72.4804
71.9411
70.8076
71.8489
72.1322
72.9364
72.7333
73.0437
73.4103
74.2538
73.2831
73.8656
73.1159
72.7361
71.8901
73.0858
72.3369
73.4527
74.2167
72.3956
72.0517
73.0348
71.6734
71.5005
71.7483
72.6729
72.5317
73.9288
73.4938
74.0938
73.9582
73.1916
74.7426
74.3935
74.1112
74.4732
75.3333
75.8943
76.0468
76.6838
75.5399
75.8542
75.4034
74.4003
74.4851
74.9199
74.1841
74.6222
75.3547
75.0517
76.4018
75.6104
75.0794
75.3860
74.1593
75.5343
74.2630
73.4122
73.9180
74.1552
73.3084
73.6572
73.0030
73.9819
76.3227
74.6584
75.8331
75.3050
73.6077
74.5828
74.5091
73.3258
75.2588
73.1446
74.0726
74.9424
73.8825
74.8908
75.1339
74.8797
75.3521
74.3993
74.5191
74.6153
73.9683
73.8853
75.0554
74.8166
75.2737
77.0684
75.7126
76.3928
76.4576
77.4914
75.8170
75.9853
74.2620
76.1021
77.3023
75.3401
75.4908
75.2162
75.4496
75.9469
75.5677
77.2898
74.9828
76.3580
77.1997
76.6569
76.3090
77.1777
77.5229
78.7623
79.0085
77.4988
77.6795
77.0662
77.8748
78.3632
78.1170
77.9198
77.2365
78.8380
77.7777
78.1522
79.5928
79.0714
79.4630
79.1533
77.3678
78.4416
77.8011
77.0849
78.0234
77.3727
77.6702
78.7504
78.4082
77.7494
78.3878
78.8192
78.5104
78.9396
78.7052
78.9257
78.0645
77.5681
78.6643
78.0725
78.7604
77.9665
77.3148
78.1729
78.0318
77.5259
76.5617
76.6996
77.2750
75.9023
78.0368
77.1496
78.0438
78.7429
77.8117
77.2521
77.2732
77.5545
77.4718
77.0290
78.0800
76.6622
76.6827
77.1322
76.8839
77.6515
77.4944
77.6884
76.0691
77.5830
77.7032
78.0122
78.9853
80.0176
80.2593
78.5298
78.1276
76.3658
77.2294
77.5621
77.1763
75.3174
76.1801
75.2049
76.3523
75.2080
74.1611
75.3581
74.2195
74.1681
74.2356
73.2296
74.3612
72.3554
73.9553
73.1202
72.3410
74.6943
73.3288
73.8231
73.6496
73.1291
73.3028
71.6874
73.5778
73.4863
73.0427
72.4621
72.1915
71.1982
70.5208
70.2991
70.9744
70.4976
73.8532
74.6897
73.4293
73.0936
73.4589
74.0231
71.8065
71.8454
70.9057
72.0688
72.3387
73.0031
72.8720
72.3663
72.3444
71.4609
69.6379
70.4706
71.6608
70.8975
70.8296
71.8547
70.3002
69.2249
68.3497
68.6383
68.5175
67.8086
68.3328
67.9566
67.0860
67.1941
68.3854
68.6592
67.9043
68.3942
67.7703
67.3883
68.7349
67.6166
67.8283
68.3395
67.6364
67.8984
67.4648
67.6081
68.7863
68.0608
67.1620
67.1567
66.5660
67.8967
69.4234
68.9112
68.4815
67.1100
68.4104
67.6819
68.0077
67.8369
68.5016
67.5072
67.1194
66.7289
66.0778
66.1487
65.8257
66.0957
66.7303
66.9862
65.8827
66.9019
67.9279
68.5580
67.3078
66.7762
67.2858
66.6716
67.1644
67.0392
67.7663
69.1685
69.2852
69.1008
69.2115
68.3987
68.0608
69.5484
70.1082
69.3742
70.0902
70.2525
72.6640
71.4215
71.9389
72.8589
71.7400
72.5901
73.3012
73.7940
74.6313
73.4610
74.3411
74.8513
76.1610
75.6311
74.8548
75.2145
75.1092
75.0408
75.5836
74.9293
74.4393
74.4121
74.0636
75.7226
75.0369
73.9682
74.5085
72.8915
71.1809
73.3142
74.0561
73.6685
73.2618
72.4106
72.5947
72.1459
71.3535
70.6475
69.9661
68.9579
71.0281
69.6979
70.7376
68.5883
70.0884
70.8893
69.0493
68.4427
69.9719
69.1950
69.2254
68.5522
67.3656
68.1971
69.6220
70.8066
69.4955
68.8583
68.7482
69.3035
67.4578
68.2014
66.4337
66.7722
67.7985
67.1618
67.0651
66.3786
65.9364
66.1055
66.7398
67.0156
66.6945
65.1364
67.1577
65.6723
66.8521
66.7964
65.9644
64.8903
65.2448
66.6691
65.6377
65.6408
64.2573
64.5824
64.7519
64.6047
64.5584
64.1644
62.8278
61.9266
62.8817
62.5048
62.1903
62.6449
61.8264
61.5029
62.6204
61.4424
61.5666
62.6377
62.7298
60.8129
61.5879
61.0637
62.9673
64.6470
63.2322
65.2896
62.8181
63.2398
61.6407
62.5164
65.2254
65.7842
65.5336
64.0696
64.8158
63.9280
65.1187
64.2001
64.3120
63.5447
63.4269
64.6313
65.1451
66.1999
64.9175
64.2177
64.3730
65.3909
67.2956
65.7753
65.4836
65.6290
65.6815
64.7573
65.0918
66.1767
64.7554
66.0020
66.1903
65.9819
64.7281
64.6209
64.6643
64.9451
67.8225
66.0075
65.6172
66.5397
64.7920
66.0911
65.5143
66.7823
66.6173
66.7789
67.4460
67.1106
66.9088
65.9690
67.2995
68.3908
69.9000
68.4443
68.7261
67.9281
67.1535
66.7453
68.3544
66.8607
67.4934
67.2768
66.9363
66.4567
65.5304
64.9386
64.7369
67.0115
67.6565
67.9850
69.0102
67.4329
68.2305
68.1880
67.6027
66.9454
66.3751
66.2210
66.1195
67.6567
66.4424
66.6604
65.4002
67.6834
66.4216
64.6985
65.5345
66.8057
67.3088
67.8372
67.8049
67.1728
67.3531
66.9572
65.5284
65.0720
66.6948
65.7719
65.1002
63.9709
65.1066
64.7215
65.6966
65.9599
66.7993
65.6516
67.9109
67.0377
67.1927
67.1378
68.5018
68.6581
67.5868
67.5859
68.3597
66.9335
66.7278
68.2608
68.5244
68.1773
69.2492
69.1335
69.2739
69.5697
68.6369
68.2682
66.5992
67.6923
66.6485
67.7819
67.6220
67.6545
66.2198
66.3549
67.1762
68.3746
67.1505
67.5554
66.6667
65.9419
66.4250
66.7149
66.4009
65.3806
66.1261
66.1789
66.9601
67.5499
66.7853
66.7280
67.8438
68.7509
68.4181
67.5355
66.7096
67.0945
66.7645
66.8880
67.9843
68.3166
68.6090
68.0073
68.2926
69.5431
68.3515
68.7505
68.7115
69.8528
69.1935
70.2368
70.1468
69.3184
70.5636
69.9980
69.8838
71.2696
70.6073
71.3781
71.5884
71.3411
71.7010
71.2870
69.7565
69.5964
71.0256
72.5948
71.4709
71.4424
73.0960
72.5188
73.3551
72.4271
72.8150
71.1918
70.8497
70.3834
69.0354
69.0317
69.8972
70.1495
71.6856
71.6648
71.7536
72.1709
73.0199
74.2302
74.0177
73.7176
72.0227
71.7846
72.0535
70.8556
71.0752
70.2672
69.6818
70.2577
70.4060
70.1048
69.8864
69.3480
71.7741
71.1180
71.4447
71.0501
72.9575
74.1881
72.2361
71.3592
71.7926
70.5703
71.7785
71.8364
71.0522
70.6218
71.0425
71.4611
71.0337
71.3718
70.0176
69.7687
71.0472
69.6838
70.0014
68.7876
68.1990
69.5221
67.2205
69.0132
68.4895
70.3384
70.1712
69.4268
69.0556
68.9989
68.9984
69.5461
68.4227
70.1454
69.3372
69.5494
70.5442
68.8484
70.1835
70.0461
69.9981
71.0359
69.6098
70.7608
70.9217
71.1755
73.1922
72.0417
72.4676
71.3853
70.3221
70.3566
71.3962
70.6102
71.0740
70.7888
70.4482
70.1714
70.2133
69.2716
68.3535
68.4924
68.7615
67.2837
67.5379
66.9813
67.2060
69.6929
69.4650
68.7533
68.9574
69.6218
68.8254
68.9480
69.1929
69.0188
69.5433
70.4765
70.6449
71.0177
71.1649
70.7027
71.3222
74.6133
74.6535
73.5628
73.2923
73.6751
74.3453
73.9218
73.7865
73.6384
75.2709
72.9846
72.5181
73.1874
74.6692
72.8578
74.2509
72.9435
72.2969
72.4211
72.9572
72.4720
72.3021
72.0273
70.6121
70.5005
71.7367
72.2459
69.8349
70.5234
71.0745
70.7153
72.2321
72.8272
70.7536
69.9103
71.4195
71.0592
70.4883
70.8080
69.5038
69.2246
68.3741
67.9821
68.7755
67.5283
69.0700
68.2456
68.1029
68.2863
68.3145
70.3730
71.4526
71.7258
70.4753
69.6177
70.2920
71.4626
71.3579
72.1962
71.9285
71.4171
70.9551
70.6992
70.9919
70.0587
70.0636
71.6387
70.8164
72.2380
72.0315
71.3877
