31.7174
31.5571
30.4001
30.8409
32.3897
33.5496
33.0673
33.5356
32.7168
33.0526
33.0457
32.3605
32.8162
32.4483
32.1094
32.4427
32.7212
33.1080
35.1018
32.4685
32.0363
32.5744
34.4981
35.7580
34.4847
35.4463
35.1842
35.7502
35.5313
34.7554
36.0145
35.2990
35.1398
36.7681
35.9499
35.4928
36.3461
36.0644
36.5278
34.7606
35.4994
35.3590
35.8080
36.2316
37.2240
36.7177
36.2542
37.6981
37.8621
39.2743
38.2478
37.7981
38.3935
37.0384
37.3536
36.3683
35.4154
36.2214
37.1282
36.4744
36.7248
36.6418
37.3733
37.0859
35.5535
36.9051
37.7693
37.6063
37.7970
36.5764
37.4850
37.5554
38.2120
35.1203
35.8163
35.1004
36.2252
36.1057
36.9300
37.7784
36.0791
37.2929
37.4460
37.0404
37.6865
36.4152
37.5243
37.2224
37.3007
38.1747
38.0051
37.8765
37.5692
38.0788
36.8574
37.3483
36.9576
37.2553
38.0183
37.4327
38.5870
37.7421
38.1917
37.9072
38.9585
38.3724
37.6728
37.2891
36.2907
36.4989
35.8753
35.1048
35.9189
35.0627
36.7078
36.4622
35.2274
36.2891
35.8755
37.1559
37.3205
36.6930
37.5263
38.1507
37.1643
36.8250
38.2702
37.2526
37.5445
37.8005
36.2396
36.7998
37.0023
37.8465
38.3288
38.0241
38.6575
38.0623
39.7322
38.4557
37.5618
39.1308
39.9831
38.5339
38.3157
37.3913
37.5616
37.2395
38.0087
38.0251
37.7752
36.8151
37.2447
38.5805
37.7524
38.2359
37.7336
37.7344
37.9295
35.8064
36.0974
37.6812
38.0039
38.0638
37.6227
37.8406
38.0811
38.9656
36.7530
36.3203
36.5040
36.9496
37.1268
37.7388
39.1004
37.8850
38.5368
38.4076
38.4295
37.9504
38.8746
38.4276
37.5639
37.6067
37.7940
38.6453
36.7286
37.7733
39.7308
39.6476
38.7020
38.2257
38.4029
38.5598
37.9804
38.4542
38.5418
38.3188
39.2940
38.7388
39.0233
39.1865
38.9143
38.9269
37.4871
37.0551
36.1798
35.5996
35.9093
34.8956
35.8699
35.8476
36.9204
36.3313
35.4358
36.9214
36.8777
35.5302
35.8641
36.8273
35.2429
35.0200
36.2563
36.2912
36.7726
36.5322
37.1394
35.7106
36.0790
35.3344
35.3337
36.3893
35.2792
36.2350
35.5732
35.2656
35.3077
35.3575
32.6667
33.8600
34.1803
34.1306
34.5948
34.2911
33.6399
35.7165
35.1611
34.3197
32.6157
32.1369
32.4630
33.4941
32.8455
33.4338
33.1736
32.5153
33.7969
33.4740
31.6397
32.7827
33.1225
32.4576
32.7422
31.1242
30.9931
31.2150
30.9632
31.3899
30.8908
32.2008
31.9351
30.7070
30.9449
30.9756
30.6492
30.1403
29.5872
29.5767
30.6159
29.6969
29.9854
30.0842
31.4362
31.8621
31.9256
31.9180
32.2946
31.7154
31.2736
31.7357
31.1341
30.1301
30.8076
31.4717
31.3448
30.3620
30.0094
31.3069
32.1633
32.2320
33.3442
31.9744
33.3723
32.7779
32.1868
32.7534
32.4755
33.3520
33.4736
31.1709
31.2627
31.9517
31.9125
32.2542
31.9627
31.4842
31.5228
33.1107
31.9753
32.0220
32.2918
32.7126
33.9507
33.1659
33.0971
34.2465
33.4265
33.9176
34.2747
34.6553
34.7742
35.1157
35.4038
34.2169
33.2836
34.0535
35.6283
35.1158
34.7828
34.7500
35.1158
35.7681
34.9591
36.3323
36.2058
35.5244
35.4283
36.8952
35.9238
34.7240
35.8309
34.9862
34.3281
35.0857
33.4603
34.5855
34.6744
34.9023
35.2108
34.3557
35.4172
34.3828
33.8283
36.2417
35.8927
34.5067
35.5199
35.3801
35.7439
35.3024
34.4568
35.5281
35.5671
35.0928
35.2038
36.2003
35.9562
35.2881
35.0667
35.6734
34.9098
32.9804
33.4896
34.7761
34.3018
34.5578
34.2832
35.3736
35.2274
35.4029
35.0843
35.1928
34.9417
34.9006
33.4751
35.0813
34.7000
34.6277
35.4510
35.5939
34.5266
35.3419
36.3754
36.3011
35.2703
34.6577
33.5606
33.2520
33.4964
34.1730
33.1492
33.0173
32.1721
32.9703
34.2001
33.8342
33.8628
32.7394
32.4547
32.0863
32.2937
32.2719
32.3348
34.0081
34.2470
34.7386
33.9359
32.8888
34.3214
33.1783
33.1517
33.7496
34.4766
33.4333
34.0372
33.6552
34.1916
34.1558
35.6738
33.2910
33.9542
34.2592
32.4667
32.1489
31.4642
32.8945
31.7841
32.0254
32.4594
32.4916
31.9832
32.4969
32.8068
32.4344
31.1876
31.5447
32.7106
30.7649
32.6091
30.7706
31.5902
32.5112
32.6265
32.4240
31.4388
32.5481
32.1899
33.3821
33.3520
34.7282
34.3938
34.0433
34.6981
32.8218
33.1120
33.1420
33.3825
33.4055
32.5468
32.2151
31.2203
31.2515
31.0333
31.6238
30.2441
30.7117
30.6648
29.8777
31.6527
30.4491
31.7074
32.1029
33.3909
33.1474
32.4595
32.4672
31.1401
32.3481
32.1782
31.6265
30.7785
31.4028
31.5291
31.8456
31.5270
32.3952
31.6580
31.7668
30.2580
30.1637
31.1717
30.0039
30.9109
30.6264
29.5968
29.0632
29.0762
29.3439
28.4358
29.5082
29.5843
30.3081
29.5563
29.5393
29.5444
27.6612
28.6362
27.7513
28.6528
28.4031
28.4038
29.6524
26.9112
28.1856
27.0964
27.2555
25.7654
26.8640
26.4176
26.4073
25.9154
27.2491
26.5473
26.2468
26.6378
26.5128
26.3726
25.0489
26.4810
26.4027
26.1974
26.1193
25.7457
25.7192
25.3077
25.1884
26.5623
26.0815
25.1034
24.5991
25.7746
24.9341
25.4551
26.6046
26.5455
25.4733
26.2810
25.2015
25.5841
25.3061
25.2981
24.3253
24.1798
24.9653
23.4963
26.0165
24.3167
24.2695
24.6972
23.7764
24.1289
23.9764
24.6739
25.8485
26.8704
26.0448
25.6199
24.2618
25.3176
26.0521
26.0422
25.8412
26.5342
26.7419
26.7114
26.4348
27.1151
26.2729
25.9369
24.8088
25.6628
25.5467
25.8160
25.7017
25.9576
26.3075
26.7510
26.9530
26.2911
26.1500
25.5506
25.9975
28.0470
27.8812
28.1387
28.2337
27.5464
27.5109
26.5370
26.5198
26.7989
27.0963
27.1925
28.2982
28.1110
26.2425
26.8479
26.6921
26.1292
25.8774
25.7549
25.2608
25.3660
25.1170
25.2825
24.9136
26.3153
24.8232
25.0409
25.3164
25.8311
26.2097
27.2405
25.9075
26.5694
26.0825
25.8624
25.4075
23.5979
24.6814
25.2133
24.7602
25.1557
24.5358
24.7344
25.6228
24.6173
24.8027
25.2094
24.6829
25.3752
24.4937
24.5249
24.2170
24.4325
24.3928
24.7905
24.7802
25.1998
23.4262
25.0050
24.1034
24.3151
24.0224
24.1953
23.2948
23.6776
24.0294
23.3521
24.8707
25.8072
25.6322
25.8611
25.1607
25.0575
25.2795
24.0806
24.4915
24.3583
23.7667
23.2971
24.0032
23.4571
23.2231
22.8187
23.0613
23.1956
22.5172
22.7713
21.9959
23.0854
24.0126
24.3711
24.6977
24.0789
25.4620
24.0799
25.1150
24.4437
24.2497
23.7932
22.9250
22.7654
22.2400
25.2840
24.0984
25.0744
25.3833
25.0373
25.0431
24.2327
24.2408
23.8400
24.3301
23.9569
24.3514
24.7158
25.6501
24.6376
24.1176
24.3773
26.3224
27.1855
27.3830
26.9160
25.7254
26.1468
25.5347
24.8594
24.2226
23.9691
24.7320
25.1678
25.2159
25.6270
26.1274
26.8858
25.9552
24.7679
24.7290
25.7018
26.1529
25.3215
25.9776
24.9389
25.4700
25.5490
25.4791
24.7516
25.6380
25.3600
24.1098
25.7572
25.2395
25.5443
25.6709
26.1309
25.5704
25.2211
26.1466
25.0451
23.4267
24.5802
25.4826
24.7776
24.3547
24.5008
24.2578
24.6608
24.2406
24.8758
23.7363
23.8315
24.7063
23.0514
22.3023
21.8112
22.1996
21.7976
21.7598
21.9287
23.8121
23.3246
23.7690
22.1220
22.6726
23.0054
22.9988
23.6760
23.2414
23.1103
22.4962
22.1986
22.4414
22.9545
22.8674
22.7097
20.6073
20.9214
21.3757
20.8919
20.7250
21.3855
21.0772
21.9450
22.5177
22.6503
22.0317
23.2863
21.3311
22.0988
21.3186
20.8290
22.4580
21.6215
21.3683
21.1504
21.3096
20.9122
20.6117
19.9534
19.2064
19.5341
20.7681
20.2437
19.7631
21.2266
19.8129
20.2068
22.2706
22.3146
21.8102
22.4219
22.7438
23.1192
22.4260
22.1980
22.7844
22.2456
23.9645
24.4249
23.5748
23.5712
23.6349
23.9236
23.2314
23.3811
22.9442
23.0503
23.8572
23.9861
22.7538
23.0312
24.3390
23.6710
23.2479
23.2044
24.0427
23.6639
22.5068
23.1460
22.3006
22.2291
21.7597
22.6896
22.5604
21.5093
19.8403
20.0162
21.4638
21.7389
21.9810
21.3216
20.8815
20.7757
20.1539
20.6357
22.4901
21.7474
21.1319
21.8287
22.6538
22.0852
22.0780
22.4665
22.3710
23.2867
22.5304
22.6732
22.3188
23.1771
23.5562
22.3158
22.8312
23.5419
23.4334
23.5002
23.5557
23.2892
22.1192
23.8364
24.3931
24.3748
24.7218
23.2981
23.3188
24.5331
23.1357
23.2470
24.1025
23.3432
23.2928
23.2990
23.0050
22.6268
23.4130
23.4688
23.5835
23.0140
23.0145
23.0038
24.1489
24.5255
23.4365
24.0276
24.2180
23.1471
23.2338
24.1271
23.6861
22.5892
23.9223
22.2869
21.5805
22.6988
22.2316
22.7671
22.5221
23.6241
24.0040
23.1579
22.8458
24.3934
23.7199
23.3546
22.5521
22.6092
23.3214
22.5781
21.8986
22.8485
21.5899
22.6423
22.4380
23.4985
24.3454
23.5650
22.0202
22.7949
24.0663
23.9820
24.1916
23.5708
24.1002
23.5706
25.2113
23.1012
23.1123
23.0338
23.9619
22.9046
22.7875
23.6410
23.7307
24.6841
23.9359
23.7244
24.9232
24.0351
24.7038
24.4636
23.6709
24.4347
22.9594
23.9035
24.5190
24.4558
23.5931
23.6471
23.1994
22.4838
22.5902
22.3848
22.9527
22.5010
24.0740
24.2621
23.7886
24.1622
24.6391
23.3978
22.6895
24.5020
24.0107
25.1413
23.4449
23.0191
22.2097
23.1878
23.3681
24.1897
23.5509
23.7645
23.2974
23.8619
23.7303
23.5074
23.8911
23.4521
24.4936
24.5360
24.4182
24.0471
22.6702
23.2343
22.1881
22.1174
23.5264
21.6848
22.8467
22.5603
21.3442
20.9119
21.6716
22.1127
21.1459
20.5949
20.5391
21.0464
21.6636
21.2005
21.4782
20.9684
21.2178
20.4734
20.9725
18.6823
20.6016
19.7689
19.5292
19.3014
18.8448
19.7943
18.7684
19.6619
19.6168
20.3178
20.2869
19.1076
19.6527
19.9196
21.0673
19.8491
20.0132
20.4947
19.5951
19.5286
19.0162
18.9129
18.9082
18.4645
18.9292
20.0764
19.8056
19.3002
19.3899
19.7366
19.4945
19.0086
19.5790
20.5189
20.3551
19.5441
19.6708
19.6115
20.6912
20.4362
21.0500
19.1902
19.1595
20.6165
20.2806
20.8641
19.5224
18.8355
20.0388
19.4305
20.2386
20.3743
20.5535
19.9481
20.2837
20.0829
20.3843
20.0428
19.9273
20.7692
20.0659
19.9547
18.8157
20.2675
19.3235
19.8018
20.3140
19.8291
20.2184
18.0652
18.8883
18.8399
18.5098
19.9198
18.4729
18.5771
18.3425
19.8015
19.7207
18.7059
17.9316
18.9090
18.3041
17.9644
18.7394
19.6530
18.7322
17.8644
18.2703
18.8347
18.3747
17.6807
18.4054
17.3923
18.0540
18.3819
17.5212
17.8816
17.8642
18.9935
18.3278
17.8749
18.6457
18.3192
17.6853
17.3156
17.9197
18.0932
18.5958
18.2239
18.2458
18.5643
18.2007
18.4409
18.7433
18.7670
19.3220
18.0170
17.8571
18.0441
18.3130
19.1412
19.1976
18.5861
19.3864
19.0205
19.3815
18.9450
17.8885
18.2303
18.3004
17.6747
18.3201
17.9993
17.5872
17.5447
17.6960
17.5420
16.8430
18.0559
17.8416
18.5086
17.8633
16.9072
17.5392
17.8846
17.4788
18.6450
18.3158
18.0404
17.5942
16.8130
16.6682
18.3917
18.1073
17.8590
17.5799
17.9547
18.1804
18.2958
18.1342
16.9647
19.1455
18.3245
18.0280
17.9309
18.2947
19.2775
18.3035
19.0279
18.6077
17.9861
17.8755
16.9685
16.9496
17.5065
18.1918
17.4613
17.3603
17.4354
17.7496
17.6289
17.7953
18.3392
17.0836
17.5414
17.1677
17.4388
17.1087
17.1867
17.2659
16.4075
17.3111
17.2663
15.9940
16.4043
16.8919
17.0179
17.2807
17.4428
17.3620
17.9610
18.4272
17.2772
18.1641
17.6233
17.3971
18.8000
17.9815
17.9276
17.2741
17.7753
16.9923
17.6435
18.3368
17.7275
18.7530
18.1571
17.6148
17.5836
18.0471
17.0607
17.9618
17.3948
17.2817
19.0664
18.4632
18.4380
17.3233
17.2034
17.2793
17.2505
17.0432
16.8742
16.8689
16.7124
15.9707
17.9162
16.3624
16.9178
17.7378
16.9594
17.5714
17.3602
17.7350
17.2384
19.2587
18.0277
17.8452
17.9849
19.1417
18.0070
17.7342
18.6380
18.2148
17.5496
18.2896
18.4092
18.4642
18.0905
18.5677
17.5969
17.2553
16.8767
17.3887
17.0767
17.4467
18.2633
18.3240
18.8517
18.4188
18.5665
19.3341
19.4499
18.5146
17.4168
16.9801
17.7838
18.0983
16.8905
16.5152
17.4087
16.9612
17.5698
17.4141
18.6148
17.3187
17.3617
17.7283
17.5434
17.2223
17.5827
18.2034
17.8871
16.4782
17.8018
16.9935
18.2417
16.7992
17.4296
17.3686
17.3274
17.5079
17.1681
16.4981
16.9483
17.2355
17.4873
17.9825
18.0086
18.5289
17.7879
17.2895
16.7538
17.2968
16.9301
17.6575
17.4846
18.1356
17.5711
17.5619
17.5930
18.1866
17.2601
17.3369
17.9759
17.8919
17.9280
16.8703
17.8868
17.6141
17.4110
17.1994
17.3298
17.8081
17.8415
18.5476
17.3260
17.1787
16.5285
17.0072
16.8359
16.2712
17.4043
18.0770
17.4352
18.0251
17.8934
18.1066
17.9689
18.3034
17.8026
18.2694
17.6256
17.1601
17.9357
17.5549
18.2557
17.8855
18.6809
17.6087
17.9324
18.3232
17.6674
18.0855
18.1958
18.1267
17.5379
17.7536
18.0031
18.1340
18.8862
18.6126
18.8808
17.3424
17.6364
19.2714
19.0962
18.5349
18.3061
20.1762
19.3002
19.9859
20.2497
18.4531
20.6610
19.0974
19.1643
20.1726
19.4269
21.0832
19.1834
18.5271
18.8310
19.7548
19.3771
18.7057
19.9528
19.2349
18.7620
18.7782
18.5209
18.3875
17.9097
18.9282
19.3676
18.3668
17.9802
18.4842
18.3057
18.7560
18.6545
18.8301
19.1985
19.3325
19.5396
20.1420
19.6553
18.3726
19.8535
20.1054
19.6257
20.6740
20.4738
19.8849
20.5602
19.9653
19.4277
18.5557
19.1487
18.7378
18.9075
19.0967
18.9045
19.0761
18.9024
19.3111
18.6191
18.8924
19.0300
19.9600
19.7982
18.8673
18.5863
18.2567
19.4727
19.8274
20.4469
20.6192
20.0615
20.6587
19.6292
18.8426
19.6356
19.4730
17.7556
18.8583
17.9422
18.6959
18.1889
18.1581
17.9012
18.7103
18.6537
19.0352
18.8967
19.4554
17.8616
17.8707
18.6941
18.2608
18.9260
18.7641
19.4433
18.3054
18.2906
18.5863
17.5486
17.1839
17.7413
17.8043
17.6663
18.4215
17.6426
17.1748
17.7796
18.2528
19.6610
18.6045
20.1299
19.5634
17.8579
17.7221
18.8899
18.1672
18.1979
17.8721
17.4768
17.5022
17.6289
17.1858
17.6270
17.9145
17.1785
17.6053
17.5946
17.3490
17.3611
18.1021
17.5215
18.1379
16.6091
16.4006
16.0130
16.6074
17.3975
16.9223
16.8834
17.6061
16.5354
16.8522
17.3254
17.4703
17.1449
17.0865
17.6985
17.3438
18.4125
18.9027
17.9285
18.5286
18.8375
18.5373
17.9957
17.9908
17.7699
19.0012
17.6587
17.7674
18.1461
17.3570
18.9544
18.7758
19.3249
18.3338
18.8364
17.9395
17.7344
17.8918
17.7597
17.8948
18.5330
19.2973
19.3710
19.3286
18.8721
18.0769
18.8113
18.6070
17.9623
17.6065
17.8037
18.2780
19.9372
19.1503
19.8684
18.4100
18.8112
19.3615
19.1245
18.9808
18.2661
18.4380
18.8579
18.7668
18.2389
18.9447
18.2001
18.0872
17.8244
18.0221
17.6893
16.7742
17.1711
17.7137
17.5019
17.5060
17.8071
17.1800
17.7003
18.0719
17.3143
16.7854
17.2198
17.2127
17.9722
18.1173
18.1647
17.4745
16.5577
16.7880
17.4342
16.9177
17.5296
17.3939
16.9725
16.7290
17.6440
17.1711
17.5233
18.1570
17.4817
17.1888
17.2136
16.8584
16.5273
16.5679
17.4101
17.2191
18.2387
16.7019
18.1567
16.8141
16.9955
17.4760
17.5535
16.5517
17.5237
19.0675
18.3891
17.1515
17.2603
17.5663
17.3160
16.8929
17.2606
17.7339
17.7751
16.1992
16.6301
16.2694
17.2429
16.3984
16.1065
16.5856
17.1746
17.0998
16.8896
16.7997
16.9403
16.7121
16.5272
17.0873
16.8775
17.2294
17.3548
17.8912
17.3637
17.3314
17.6035
16.7900
16.2996
17.2092
17.3390
16.8791
16.3184
16.3629
16.5563
16.6605
16.9939
17.1518
17.2201
17.5650
16.7551
15.9655
17.9093
16.6188
16.9376
17.1090
17.7258
16.7912
16.6543
16.3268
17.5250
16.3612
17.2919
17.4652
16.8963
17.0842
16.2210
16.2256
16.7954
17.3433
17.0923
17.4287
16.5705
17.5278
17.1206
17.3200
17.3498
17.6633
17.6361
17.5362
16.7174
17.8216
17.0517
16.3732
16.0840
16.3853
15.9332
16.1686
15.9457
17.0539
16.6297
17.1066
16.5991
17.7538
17.3858
16.9629
16.9393
16.2960
16.4463
16.4025
17.4402
17.0536
17.4585
17.8493
15.8814
17.8155
17.9923
17.7647
18.4169
17.8342
17.2967
17.5086
17.7526
17.0003
16.7362
16.8328
17.2895
16.9967
17.4383
17.3309
17.7342
17.6026
17.6240
17.5727
17.4773
17.0662
16.8112
16.6158
16.8825
17.2268
16.8952
16.5189
17.1456
18.1339
17.9535
18.0487
18.0369
18.0264
18.0062
17.9549
17.2952
17.3297
16.6751
17.2626
16.5642
17.2265
17.7733
18.0571
17.9769
18.0661
16.5297
16.3878
16.2240
16.3044
17.0576
16.4886
16.5650
16.8845
16.9935
16.2270
16.7649
16.7039
16.9531
17.2393
17.0806
16.8848
16.8974
16.9247
16.8690
17.6033
17.7157
17.3524
16.9106
17.6788
16.6112
17.2714
17.1179
17.3844
17.5932
17.6290
16.5953
17.1865
16.2645
15.6819
15.8624
16.2705
16.4487
17.0498
16.7600
17.6130
17.1203
17.4161
16.7840
17.3439
16.5679
17.2328
17.7543
17.6587
17.3700
18.8912
17.2215
17.5767
17.6222
17.6722
17.7440
17.9021
17.6216
17.9594
16.8989
17.1631
17.2166
17.0487
16.3376
17.6268
18.0849
17.7591
17.2758
18.4832
17.8143
18.3944
18.7687
18.6531
17.7512
17.8560
17.3320
17.6053
17.5366
17.2857
17.0684
17.2907
16.9135
16.7941
16.6716
17.8036
17.1195
18.0925
17.1013
17.1645
17.2836
17.2072
17.2840
17.4316
17.6488
17.9745
17.7884
18.9055
18.2667
18.1432
18.5205
18.4952
18.6161
17.9756
17.5927
17.7057
18.7162
18.1438
17.9290
17.9468
18.2122
17.5144
18.1487
17.1676
18.0032
17.5446
18.4475
18.2309
17.2681
17.4658
17.5625
18.3282
17.7778
17.5703
18.3724
16.9641
19.1684
18.1534
18.2057
18.4289
18.7050
17.6208
18.7235
16.9941
18.3384
18.9658
19.3808
18.5949
19.1883
18.9195
18.2201
18.5061
18.3881
18.7718
18.1598
17.7766
17.9205
18.3612
17.4172
17.0592
17.6057
17.3309
17.3163
18.7248
18.6772
17.3244
17.8548
17.6061
17.2435
17.1298
17.4543
18.2647
17.8671
18.2751
17.7899
18.1716
18.4316
18.9086
17.9664
18.6421
17.9235
18.5096
18.1652
18.8151
19.0038
18.5423
19.5441
19.2420
19.1511
19.3509
18.9544
18.9758
18.8622
19.0221
18.9632
18.2441
18.3408
18.3337
18.4062
19.3746
18.3921
19.2449
18.4136
18.6936
18.3704
17.9609
19.5648
18.2711
18.3168
18.6498
16.7090
18.1309
18.4708
17.3936
17.3750
17.7725
17.3945
17.5867
17.4179
16.7900
17.0736
17.0116
16.7413
17.1819
16.5963
17.1543
16.9656
17.2168
16.8575
16.7686
17.9283
17.7383
17.8803
18.3497
18.3968
17.8689
18.2243
18.0593
17.1621
18.1890
18.7417
17.8627
18.0529
18.3422
18.8514
18.5696
18.7265
18.3449
18.0181
18.1933
18.1398
17.7004
18.0283
17.4487
17.6260
17.4250
18.0245
17.4661
17.6206
17.6518
17.9612
18.5399
18.7617
17.8892
17.4556
17.4508
18.0318
17.7171
18.6934
18.1519
19.0555
18.6288
20.5510
19.0812
19.8771
18.8919
17.6237
17.8032
18.1081
17.9030
17.7163
18.9184
17.6687
17.8730
17.0448
17.7900
17.7781
17.6813
17.4312
17.4811
18.1257
17.5346
17.5075
17.8790
17.9795
18.2458
18.4098
19.2081
17.9217
18.6397
17.6282
19.4289
18.7667
18.9638
18.1764
18.7043
18.7511
17.7445
18.0115
17.5628
17.8936
17.8299
16.9412
18.4260
17.3258
18.0838
17.4441
17.1998
17.4810
17.8117
18.3357
18.1105
17.6059
17.7881
17.7620
19.7647
18.8438
18.9359
17.4170
17.9714
18.1132
18.5297
18.1243
17.7818
18.6359
18.2323
17.7013
17.4251
17.8931
18.8097
18.4924
18.9220
18.8418
18.8108
18.0463
18.3797
17.8784
18.8759
18.0989
18.4942
18.0808
17.3892
18.0359
18.4208
18.4596
18.0733
18.5406
18.5314
18.9244
19.1124
18.0144
18.2242
18.1902
18.2344
18.2789
17.0932
17.3457
18.3676
18.6149
17.8912
18.6422
18.2124
17.7053
17.7511
18.8040
18.6941
19.0398
19.1090
19.3031
18.8058
17.8076
17.9091
18.7353
18.1061
18.2384
17.1750
18.5459
17.8540
18.5448
18.3542
18.5517
18.6609
18.8407
18.1266
19.2298
18.4416
19.0295
19.1160
18.9247
18.3234
19.4827
19.0784
18.3336
17.7407
17.4864
18.5499
17.7015
18.3542
18.7008
18.8409
17.9925
18.3277
17.0977
17.5959
18.3236
18.6593
17.6853
17.3866
18.3873
17.7535
17.6176
17.2872
18.3687
17.8824
17.5863
17.6790
17.8431
18.4248
18.6426
18.3912
17.3999
17.0110
17.7807
18.9143
18.0539
18.1348
18.1388
17.5312
18.4044
17.9896
18.3107
18.0424
17.8011
17.2643
17.0889
17.1675
16.9552
17.2536
18.2233
17.1772
17.4935
17.1902
17.5275
17.8653
18.3462
18.2983
18.1889
18.0393
18.5674
17.9488
17.4974
18.8450
18.4230
18.3630
18.2642
18.5118
17.4717
17.9312
18.4095
18.5389
18.8543
18.1898
19.2917
18.8440
18.7322
18.8970
17.3760
18.1188
18.0442
17.2326
17.2658
17.6664
17.7287
18.3362
18.3037
17.8345
18.1231
17.7236
18.1874
17.6386
17.6201
18.6562
17.5697
17.7952
17.6122
17.1323
17.6288
18.1191
18.7032
17.7752
17.7393
18.5165
18.6408
17.6948
18.1771
18.1724
17.9799
18.4688
18.7708
18.7214
18.7792
18.1073
17.8938
19.9699
18.7563
19.0122
19.3578
19.7277
17.4354
19.0715
18.9626
19.5173
19.0295
18.8256
17.6633
18.5688
18.9070
18.7611
19.3579
19.3378
18.2400
18.2238
18.5433
18.5543
18.5661
18.7892
18.4953
17.5647
18.9172
18.7030
17.5108
18.0967
18.4714
17.8964
16.8471
17.9990
17.4735
16.7936
17.2005
17.7825
18.3442
18.4179
18.3226
18.4532
17.5334
17.8063
17.7588
17.9061
16.7780
17.6788
17.8225
17.9570
17.8617
17.9264
18.4024
18.3621
17.9649
18.6724
18.3235
17.4634
18.3206
18.1610
18.6395
17.5893
19.0375
17.6483
18.1069
18.4503
17.3345
17.5556
17.0442
18.6077
17.7351
17.8279
17.1173
18.1461
17.5272
17.5842
18.4271
17.7564
17.6815
18.5215
17.7135
17.3346
18.1847
17.5109
18.1750
17.6389
17.1047
17.4472
18.2103
17.7238
17.8632
18.2197
18.5769
17.5926
17.9025
17.8311
18.2305
19.3012
18.8724
18.3585
17.9017
18.7264
18.7867
17.5972
17.8635
17.9617
18.4738
18.0036
17.4937
19.1717
19.2023
18.6455
18.8441
18.2702
18.6674
19.5190
18.2275
18.1228
18.0851
18.2389
17.5362
17.3597
18.9142
18.3209
18.1740
18.1413
18.8150
18.9278
18.8399
18.5901
19.4485
19.0433
17.6190
19.4998
19.0106
17.3688
18.2016
19.0203
19.0094
18.8336
19.1341
18.8417
18.9276
19.1589
19.2675
19.4432
19.4605
19.2617
18.6616
18.6252
18.9429
17.7625
18.1146
17.8823
18.2960
18.6594
18.1530
17.5179
17.9985
18.0256
18.0838
18.2282
17.9471
18.2474
17.8319
17.4534
17.2586
17.3614
17.8661
17.8777
17.1673
17.9000
16.8228
17.5554
18.2322
17.8932
17.6907
17.6676
17.8325
18.1906
18.6397
18.3408
18.3079
18.6829
18.4356
17.5748
18.3638
17.4383
17.7228
17.2128
17.6724
17.9438
17.8414
18.1480
18.9073
18.4687
17.9789
18.7546
18.1244
17.9541
18.7353
17.9577
18.8598
18.5905
19.1381
18.6821
18.0094
17.7169
18.1189
17.7274
17.0518
17.7100
16.7584
17.7872
17.7005
17.6993
18.0026
18.8297
18.6505
17.8732
17.7536
17.5465
17.7386
17.5029
18.5486
18.5635
18.9776
19.0194
18.4164
18.5884
19.0989
17.6683
18.7997
18.7821
18.4568
18.2466
17.7855
18.1582
18.4360
18.1398
17.8446
17.9552
17.6105
17.6817
17.0965
17.9099
16.8891
18.6169
19.1429
18.5773
18.2571
17.5747
17.0383
18.0058
17.9324
17.5219
18.1557
19.0540
19.1500
17.6750
17.6258
17.4218
17.3364
17.5017
18.1463
18.0643
17.5596
18.1410
17.9512
19.0812
18.4648
18.0127
17.8777
18.4947
18.1972
17.9697
18.6779
18.0434
17.8094
18.4338
18.5001
18.3132
18.7306
17.4426
16.9564
18.3236
18.5608
18.2752
18.1650
17.8647
17.2850
18.4753
17.6269
17.6439
18.6475
18.5393
18.2861
18.3809
17.9966
18.4190
18.1899
16.3948
17.7687
17.1011
17.2229
17.9165
17.0446
16.7327
17.2484
18.4162
17.7882
16.3001
16.5035
16.4410
16.0688
16.3261
15.9597
16.3095
16.5947
16.4216
16.1980
16.5569
16.6618
16.9566
17.5593
17.2548
17.8389
18.2660
18.4475
18.2852
17.8135
17.6875
17.4730
16.8702
17.8818
17.3141
17.3680
17.8284
18.2239
17.3116
17.9014
17.2485
17.4563
17.5385
17.2491
17.8613
17.8193
17.2082
18.4806
17.1022
17.1909
17.7524
17.4670
17.0063
16.9768
17.1795
17.8829
17.7298
17.6826
18.5006
18.7188
17.5642
18.8403
17.5195
17.7973
16.5989
17.1177
17.1587
17.5989
17.1182
17.1915
17.1731
17.1561
17.0440
17.3563
17.1410
17.5274
17.3055
17.2019
16.8396
17.1961
17.5333
17.6714
17.9419
17.6668
17.2415
17.0582
17.3631
18.0487
17.3551
17.3034
17.7142
18.0450
17.5023
18.6003
17.7703
17.9021
17.0895
18.1421
17.1172
17.3636
18.0475
17.3755
17.7158
17.2912
17.3534
16.7387
16.5082
16.0875
16.8338
16.8504
16.4321
16.3278
16.5859
17.0666
16.9592
16.8265
17.7291
16.8959
17.0533
17.0671
17.5257
16.7830
16.4172
16.7824
16.3740
17.0662
16.5726
17.0122
16.7656
16.0854
16.6423
16.7766
16.4953
16.1854
16.6499
16.5866
17.2758
17.9311
16.5461
16.8030
16.9193
17.2542
17.4446
18.9464
18.3432
18.7426
18.2377
17.6104
18.1919
17.7185
17.6352
17.4782
17.4933
17.1240
17.3642
17.6876
18.4450
17.7776
18.2481
17.7191
17.8869
18.1701
17.3331
17.1136
17.0236
17.6488
16.8152
16.9189
17.3079
18.0052
18.1780
18.0020
17.3162
16.9770
17.1148
17.9758
18.0481
18.2654
18.4820
17.7980
18.5509
17.3576
16.8274
17.0278
17.0028
16.9467
17.2968
17.2461
16.4146
17.1231
16.8187
16.9180
17.2574
16.9540
17.3801
16.5005
16.2910
16.5240
16.5098
16.7831
16.6264
17.0814
17.1085
16.7592
17.2873
16.6391
16.8667
16.6599
17.0694
16.8863
16.7689
17.0523
16.7232
16.7330
17.4543
17.7989
17.6400
16.3857
16.7728
17.1843
16.7108
17.3488
17.4362
16.7512
17.0125
17.5807
16.7415
17.0274
17.3409
16.8402
17.6900
16.6328
17.2448
17.4815
16.9580
18.0363
17.2988
18.1369
17.6734
17.7702
17.7556
18.9980
19.1185
17.5649
18.1746
17.2305
17.7551
17.9041
17.3941
17.6598
17.8382
16.9342
18.4038
17.1357
17.7721
17.7252
17.6653
17.1377
17.3849
16.7645
16.4595
16.6826
17.1442
17.2190
17.8775
17.7568
17.8171
17.3915
17.9183
17.8938
17.8489
16.7384
17.1416
16.7341
17.1438
18.8197
16.9909
18.1034
17.8460
17.5715
17.3237
18.1179
18.3587
17.2881
17.5957
17.8222
18.0100
17.8989
17.8268
18.2536
17.7128
18.0060
17.7278
18.1734
17.1863
17.6653
17.4727
17.9688
18.3818
18.5724
17.1742
17.1634
16.6599
17.0068
17.5004
17.7000
17.0958
17.5467
17.8127
16.1535
16.9703
16.5637
17.0639
16.6350
17.7206
17.4574
17.3531
18.1145
17.6625
17.8461
17.3861
17.9121
18.3012
18.2856
17.7396
17.2823
17.8583
17.8810
18.2477
18.1466
17.6904
17.4956
18.1670
17.5240
17.4721
17.7275
18.1722
17.2122
16.5983
17.6877
17.2327
17.3616
17.4913
17.5997
17.8969
17.8246
17.8288
17.9156
18.4326
17.8183
17.7673
18.2528
16.9127
17.6953
17.4984
17.5821
17.9626
18.1259
17.8017
17.9898
18.3695
18.6013
17.7821
18.4709
18.2571
17.5056
17.7592
18.4400
17.7188
17.7453
17.0741
16.9647
17.7233
18.2802
17.3753
17.3335
17.9517
18.0412
17.8840
18.6750
18.2925
18.0556
18.3512
17.7149
17.0675
18.3985
18.9796
18.4610
18.7593
17.5380
18.1660
17.9317
17.8687
18.3062
17.9170
18.4195
18.8940
19.2353
18.2687
18.7726
18.0040
18.8263
17.9879
17.5804
17.8287
17.8387
17.8904
18.1485
18.2143
18.0909
18.1193
17.2432
18.2496
17.2470
17.5785
17.7591
17.4929
17.0718
17.1368
17.5032
17.5091
17.4033
17.0686
17.3133
17.0446
18.6769
17.4743
17.3515
18.4080
17.3736
18.2926
17.2443
17.2629
17.9926
18.2055
17.6608
18.1418
18.2776
18.3986
18.7068
17.6239
18.5586
18.6215
18.1732
18.3074
18.4069
18.0494
19.7780
19.5988
19.0817
18.2864
17.9905
18.6866
18.7625
18.0888
19.7673
18.6865
18.6400
18.6077
18.7576
17.7681
18.8239
18.2114
18.3642
18.7382
20.0498
18.8704
18.1630
18.3761
18.8059
18.1933
18.0812
19.0686
18.7517
18.6971
18.2494
18.1020
17.9932
17.3115
17.2859
17.1448
18.1148
17.2581
16.7790
17.6992
17.7259
17.2124
17.2600
18.4693
17.5307
17.8495
17.9805
17.1476
17.2385
17.8616
17.9233
17.1743
18.4872
17.3239
17.2114
17.6933
18.6354
18.9195
18.1711
17.5850
17.4607
17.7117
18.2267
17.6851
17.4707
17.5911
17.1943
17.3999
17.4469
17.9613
16.7942
18.1529
18.9467
18.0365
17.3016
17.9695
18.7382
17.8400
19.4351
18.5118
18.2836
17.6953
17.5506
17.9902
18.2028
17.2333
18.5113
17.9936
17.7028
17.7241
17.3999
18.2913
17.7521
17.8756
17.3611
17.6983
16.5883
16.8780
17.6155
17.7572
17.2461
17.5778
17.2510
17.3040
17.4996
17.3801
17.8216
17.9502
17.8080
17.7510
16.8263
17.8734
18.0385
17.8619
17.9528
17.7571
18.4760
18.6506
17.7886
18.1323
19.4012
18.6115
18.4551
18.3200
18.6882
18.2150
17.5824
17.7552
17.6156
18.3241
17.9063
18.6150
18.1950
17.5277
17.1556
18.0675
18.4426
18.1016
18.1744
17.4004
18.1820
17.9446
17.8810
18.2269
18.0102
17.8556
18.3042
17.3820
18.3344
18.4970
17.6452
18.4297
19.4877
17.7835
17.8743
17.6825
17.6534
18.0731
18.7621
17.0690
17.9362
17.3509
17.5494
18.0071
18.3908
18.1067
18.0225
18.1849
18.1272
18.3006
17.8232
18.3363
17.7542
17.6744
17.7411
18.9911
18.6882
17.1545
17.1091
16.9648
18.0290
17.3104
18.3255
17.9894
17.5149
16.7567
17.9029
17.6231
17.0162
17.7652
17.8088
17.7373
18.1588
17.9330
17.5869
19.2289
17.7469
17.9877
17.9838
18.2472
18.6209
18.1590
18.5230
17.7742
17.7824
18.0140
18.1066
17.9791
19.1777
18.5064
18.7947
18.5886
18.8710
18.3149
17.1589
17.5786
17.7299
19.0310
18.6393
17.9055
18.5123
17.5467
18.2538
18.5926
18.5714
18.0624
18.0115
17.4406
18.0721
18.4128
18.2106
19.2185
19.1170
17.8665
17.6297
17.5450
17.4752
18.4968
18.7738
17.9218
17.9988
17.2511
17.4506
17.8913
18.4235
17.7818
17.8797
17.2489
17.4842
17.6253
19.0975
17.7966
18.1572
18.6718
18.7396
18.7173
17.9660
18.7556
18.4069
18.0393
18.8857
17.9618
17.6191
17.4654
18.4754
18.5906
17.4594
18.5085
17.6789
17.7725
18.5280
17.6156
18.0104
17.5658
17.7658
17.9386
17.7552
18.0042
17.8838
17.7542
17.7634
18.4841
18.4815
19.4403
19.1634
19.9820
19.4683
19.3345
19.2804
18.8538
19.2107
18.8140
18.2398
18.7161
18.9442
18.9594
18.4628
18.7113
19.1572
18.1173
19.8319
18.5731
17.9769
18.3426
17.4445
17.1699
17.5422
17.4399
18.2818
18.4159
18.2326
18.7574
17.9148
18.5271
18.4502
18.0326
17.5162
19.0997
19.2032
18.6166
18.7750
17.9612
18.5949
18.9343
18.7976
18.9305
19.1828
19.0572
18.5172
18.5058
18.5637
18.7567
18.2867
18.9954
19.0152
19.1732
19.3379
19.8183
19.4489
18.6772
18.7338
18.6804
18.7279
18.7727
19.1807
18.6226
19.3294
18.9554
19.2963
18.0219
18.3029
18.2689
18.6007
17.5226
17.8789
17.6080
18.7334
18.5017
18.8395
17.7580
18.3816
19.0285
17.8330
17.6965
19.0273
18.2361
17.8067
18.9615
18.4696
18.8497
18.9523
18.5648
18.8321
18.8454
17.9765
18.5582
18.0636
19.4141
19.4702
19.0737
19.6895
18.7445
18.2061
18.7573
17.9075
18.0608
18.6249
18.9230
18.7480
18.9910
18.2461
17.5695
18.7213
18.8565
18.5490
18.1972
18.4934
18.3414
18.3097
19.0485
18.6494
18.1519
18.6617
19.0361
19.0122
18.8821
18.1934
17.8866
17.9960
17.9388
17.7002
17.3594
17.9891
17.7439
17.7505
19.0891
18.4349
17.7513
18.2832
17.6848
18.2504
17.6219
17.7822
17.6587
17.7610
17.6800
17.9127
16.5463
17.1248
17.0463
17.2623
17.4309
17.1881
16.2656
17.3246
16.8296
16.9075
17.1081
16.7931
17.5860
16.3089
17.3965
16.7958
17.3919
16.9351
16.8540
16.6713
17.0844
16.5984
16.3523
16.6760
16.7605
16.8017
17.6315
17.4603
17.8439
17.4157
17.2536
17.5064
17.3314
16.9003
18.3167
18.3350
17.8115
18.5496
18.0560
18.7863
17.6145
17.8981
19.2429
18.1816
18.8716
18.1907
17.6302
18.1286
18.6101
17.8868
17.3149
18.8087
17.8975
18.1651
18.5118
17.8634
17.9413
18.1753
18.1826
17.5026
18.8445
18.4797
19.5933
18.9773
18.7660
18.8507
18.9258
18.9132
18.8759
18.4404
19.3448
18.8597
18.8155
18.6655
18.0191
17.9282
18.1247
17.3555
18.3723
17.9577
18.1394
18.5938
17.9592
17.5843
18.1317
18.2602
18.8149
18.2736
18.7906
18.4861
18.4698
18.5536
19.1554
18.2544
18.8201
19.3398
18.8154
18.6687
18.5478
19.2312
19.0837
19.6404
19.4670
19.1695
19.0173
18.8809
18.8470
18.4185
18.8919
18.6644
17.7954
18.4600
18.6552
17.3012
17.9219
17.5586
17.7764
18.3040
17.5748
17.0967
17.5374
17.7031
17.6814
18.8950
17.8289
19.1189
17.9259
18.0601
19.2032
18.0866
18.7088
19.3725
19.2155
19.0100
19.3530
18.0560
19.5104
18.5430
18.1930
19.4086
19.1500
18.1069
18.7365
19.4575
18.4646
19.0970
18.0168
19.2110
18.3744
17.5080
18.9512
19.3151
18.0466
17.9165
18.1293
18.5689
18.8410
18.0218
18.6670
18.1945
19.1300
18.9109
19.2042
18.3370
18.2543
18.5443
18.8261
18.2676
18.2208
18.5531
18.7679
18.3188
18.1528
17.3877
17.6931
19.1217
18.2949
17.6004
18.4568
18.1294
17.6040
17.3615
18.3592
19.2303
18.9999
18.2187
18.1235
18.1999
18.9180
18.8607
19.1041
18.9095
19.7585
19.2122
18.9599
18.4430
18.2587
18.1332
18.1615
18.4588
18.3794
19.7257
19.4441
18.8431
18.1278
18.3834
18.2420
18.6793
18.6461
18.6220
18.3471
17.9891
17.3013
18.3925
18.1024
16.9626
17.8550
18.2508
17.5134
17.4199
16.9742
17.9738
17.9666
17.5815
18.1728
17.8648
18.0854
18.1258
17.9938
17.5138
18.8285
18.1698
18.3669
17.9053
18.3407
18.8335
18.5519
17.7401
17.8938
18.1110
17.9811
17.6693
18.1268
18.3098
18.1429
18.2280
18.9245
18.6949
18.1351
18.7767
18.1589
18.3885
18.5430
18.9309
19.1082
19.0485
19.2634
18.7025
18.4773
18.9747
19.0688
19.1051
18.8559
18.9142
18.9865
19.1392
18.2868
18.6310
19.9917
18.5536
18.7677
18.3278
19.2312
18.1030
18.5111
17.7200
19.2415
17.9324
18.1417
18.4964
19.7208
19.3565
18.8366
18.7162
18.1198
18.9257
19.6288
19.6387
19.3827
17.6678
19.3463
17.9786
18.4454
17.4756
17.9783
17.7704
18.1075
18.7080
18.2561
18.6816
19.5568
18.6499
18.5212
17.8756
18.2958
18.1479
17.5600
18.7193
18.9735
18.7551
18.2235
19.0044
18.9756
19.4569
18.9808
18.6975
19.0608
17.6407
18.3769
18.2776
18.4651
18.7385
18.3951
17.9185
19.2571
18.7458
18.8445
18.6924
17.5706
18.7683
18.6485
18.0282
18.4010
17.5996
18.3989
17.6684
18.7409
19.0190
19.4575
18.6925
18.7872
19.1822
19.1589
19.3423
19.6202
19.1775
19.3728
20.1123
19.4436
19.3815
18.8466
19.2792
19.3679
18.9910
18.9334
18.4594
19.5371
19.0316
19.2800
19.4622
18.5301
19.6032
19.7679
20.0967
19.5047
19.1459
18.8199
19.1367
19.6640
18.9164
19.7354
21.3229
21.2766
19.5074
20.0228
19.5060
20.2729
20.2371
19.0441
20.1799
20.9549
21.0626
19.8916
19.8560
19.5704
20.0494
19.4264
19.2922
18.6254
19.7924
20.2104
19.7521
18.9677
19.0845
18.2755
18.6291
19.1760
18.3289
19.3487
19.4344
19.4674
18.6636
18.5796
19.3982
19.2378
18.5614
18.4364
18.8737
18.8794
18.5228
18.6419
18.7350
19.4458
18.2979
18.1805
18.2013
18.1542
18.5639
18.4427
19.0350
18.3004
19.3180
19.1496
19.3092
19.8700
19.1988
18.1919
19.4525
18.6985
18.4427
18.0379
17.8795
18.9607
20.3155
18.8621
19.4991
19.2342
19.6250
18.5115
17.9928
19.3672
20.2321
19.4054
18.9279
18.9679
19.0543
19.4166
19.8603
19.7220
19.3011
19.6643
19.8661
19.5852
19.9562
19.8924
19.6246
18.9288
19.6695
19.8825
19.3351
18.7930
20.0013
18.9556
19.5035
18.9532
19.2918
19.2166
18.7317
18.5281
19.0668
18.6274
17.8836
19.2663
18.9846
19.3151
19.6092
18.7971
19.4121
19.4290
19.1157
18.5513
19.5014
19.1888
20.0970
18.9474
19.2478
19.9579
19.0661
19.5055
19.0498
17.9180
19.2975
19.5286
19.4379
19.1851
19.2892
19.6189
19.5176
20.4601
19.4972
18.6283
18.5650
18.3493
19.6763
18.6505
19.2597
19.8049
19.1010
18.4722
19.0440
20.1768
19.0807
17.6567
17.9631
18.4442
18.8675
18.9014
18.9044
19.5676
18.8511
20.0719
19.3341
18.9590
19.4163
19.6625
20.5681
19.1660
19.8249
20.0447
17.9794
18.4991
19.4184
19.1134
19.3534
19.6364
20.1058
19.1547
18.7753
19.2138
18.5053
18.6916
20.1359
18.6590
18.5713
19.3315
19.1327
19.4393
19.1502
18.8081
19.0142
18.8455
19.3247
19.0366
18.9324
19.2168
18.0739
19.3789
18.7411
19.5128
19.2061
19.2609
18.5726
18.8379
19.6817
19.1000
20.2068
19.2950
20.1822
19.5712
18.1045
18.8207
18.7543
19.0666
19.3467
19.8991
19.8461
20.1842
18.6365
18.9939
18.7872
19.4379
18.3198
19.2652
19.0295
19.9307
19.6419
19.2595
19.3926
20.0062
18.8966
18.2102
19.3260
18.6732
18.5019
19.6680
18.4460
20.0203
19.3397
19.8340
20.1991
19.0480
18.7601
18.4495
18.7257
19.0504
18.9779
18.8097
19.0042
19.5539
18.9094
19.0424
19.5779
19.0432
19.2721
18.8599
19.1770
18.4250
19.4793
19.0955
19.1529
18.8575
19.5153
19.2012
18.6856
19.0026
18.4531
18.9670
19.0431
18.7829
18.1424
18.6709
19.1096
18.5495
18.7621
18.8715
18.6272
19.1801
19.6618
19.3330
18.0890
19.6248
19.6084
19.3501
18.8217
19.4397
18.4159
17.9323
18.4131
18.7733
18.9278
18.7921
18.3110
18.5283
19.0126
19.0297
18.0903
18.8950
19.2861
18.8496
18.3167
18.4420
18.7059
19.2578
19.0443
19.5022
19.0057
19.2409
19.3184
19.4136
18.2096
18.4828
19.1502
18.8133
19.8208
18.5148
19.0016
19.0157
18.9630
18.9517
19.4378
19.0457
18.8420
19.5891
20.1057
19.6088
19.0545
18.4779
18.6439
18.5826
18.4820
18.5733
18.1433
19.1330
19.3155
18.4833
19.0819
18.5097
19.7065
19.5284
19.0099
18.8505
19.7530
19.7855
19.8104
19.9160
19.2952
19.6951
18.2593
19.3805
19.5688
19.0000
19.2949
18.4788
18.4127
18.7704
18.5984
18.8002
18.8912
19.7099
18.5746
18.9698
19.4609
18.8877
17.8362
19.0371
19.5533
19.4190
19.3626
19.2699
19.5943
19.0240
19.9367
18.5743
18.9797
19.6852
18.7138
19.0755
18.7268
18.6260
19.0857
19.3862
19.3681
19.3462
19.1029
19.4486
19.8964
19.6548
20.4556
20.1554
19.3071
19.7698
19.4251
18.8225
18.2382
18.5915
18.7864
17.4615
18.1143
18.2834
18.8960
18.9781
18.5702
19.2959
18.1778
19.7180
18.2486
18.1946
18.7946
17.6657
17.9178
18.2760
17.8115
18.0628
18.4527
17.6969
18.9042
18.4427
18.4611
18.4919
18.9774
19.0641
19.0605
18.0903
18.2049
17.7613
18.0208
18.9843
18.4763
19.0541
18.7216
18.7939
17.8547
18.6463
18.8604
19.0995
19.4299
19.6339
18.8295
18.5908
18.6174
19.6561
19.0408
19.3494
19.2925
18.8222
18.7570
18.4857
18.1011
19.2464
18.5844
17.9461
18.1899
18.6440
19.4849
18.7697
18.6979
19.0795
19.4557
19.1355
19.4588
19.0358
19.2292
18.9032
19.6428
20.6228
19.7642
19.9751
20.0123
19.5598
20.1501
19.3961
20.0415
19.7729
20.4402
20.0744
19.6609
20.1099
20.2239
20.5305
19.6070
19.3322
19.1134
18.7277
18.5193
19.8491
19.8283
18.5095
19.4814
19.1974
19.5724
18.3437
19.4236
18.6542
18.6311
18.5022
18.6561
17.9687
19.2989
20.4988
20.3363
19.6736
19.5332
19.5907
19.9219
19.8757
19.6697
19.4841
19.3416
20.1586
20.7669
18.5954
19.4785
19.5015
19.4851
19.5936
19.3608
19.5185
19.1563
19.8912
19.1026
19.9951
19.5043
19.7604
19.4617
19.4295
18.6747
20.0544
19.2036
19.2421
19.0740
18.8087
18.7346
18.6961
18.7004
19.1180
18.7319
19.6619
19.0111
19.0946
19.0722
19.8166
19.8289
20.0833
20.1427
20.1683
19.6235
19.2255
19.0217
20.0990
19.3442
19.2519
19.1994
20.5562
19.5533
18.8187
19.5660
20.1059
19.5597
19.0842
19.4658
19.1305
18.3480
19.3272
19.3577
18.9990
19.0281
20.0276
19.2917
19.4137
19.3641
18.9687
18.3718
19.8815
19.5500
19.6419
18.4826
18.7983
18.4391
18.2923
18.7702
18.8917
18.8224
19.2168
18.5750
19.2694
19.0149
18.3147
19.9201
19.2423
21.2495
20.5588
20.3849
20.8866
19.4987
18.8805
20.0775
19.3682
18.9503
19.4089
19.8489
20.0874
19.9674
20.4293
20.7289
19.1847
19.3112
19.3757
20.1281
20.1561
20.2457
19.9799
19.8734
19.1631
18.6948
19.3175
20.3949
19.1384
18.6234
18.8463
18.4880
18.9486
18.3933
18.1314
18.8540
17.9774
17.9625
19.5756
18.7101
17.6408
18.6713
19.1533
19.0145
19.0317
20.4258
19.2996
18.4116
19.8247
20.4084
19.2852
18.8969
18.7503
19.3302
18.8172
18.3230
18.9058
19.2065
20.0112
19.5855
19.0315
19.2736
19.8081
19.0916
18.9464
19.2034
18.6583
18.8080
19.1810
19.0686
18.8395
18.8725
18.1486
18.0005
18.2770
18.9918
18.9079
18.6153
19.9248
18.3763
19.1648
18.1075
19.9489
19.2101
18.6264
18.3303
19.1780
17.6451
18.5529
18.6624
18.6088
17.8503
17.9687
18.3964
19.5706
18.2368
18.3926
18.8787
18.3843
19.6861
19.5823
19.2383
19.3648
19.7052
18.7129
19.1442
18.3265
18.0001
18.6000
19.0632
17.8275
19.4414
18.4736
18.8019
19.2628
18.9089
17.9587
18.6702
18.4881
19.0690
19.9165
19.8775
19.6028
19.3631
19.1103
19.7234
18.8902
18.9566
19.6387
18.9587
19.3045
19.6828
19.1765
19.6994
18.5307
19.1553
19.3161
19.1465
19.2128
18.4475
18.6352
18.7015
19.7382
20.0205
19.5252
19.7040
19.3012
19.1464
19.5610
20.1109
20.0401
19.6436
19.1328
18.8241
18.7513
18.2305
19.2890
20.0978
19.9656
19.2528
19.4032
20.2686
20.2609
19.4539
19.4883
20.2807
20.0131
19.8359
18.8953
18.9577
19.1524
18.6019
19.5600
19.1729
19.3338
19.0200
19.1409
19.4472
18.5379
19.1682
19.4119
19.4690
18.9797
18.7018
19.1238
19.1745
18.8923
18.9717
19.4045
18.7786
18.6117
18.7620
18.5003
18.5175
18.7310
18.6189
18.5056
17.9171
19.0853
19.0174
18.8245
18.5212
19.7907
19.1638
18.8318
19.2588
18.6556
18.7020
18.6363
18.7676
18.6058
19.0719
19.3189
20.0430
19.6228
18.9177
19.4063
19.2632
18.4367
18.6884
18.5274
19.1229
18.7921
19.6737
18.8166
19.7098
19.7512
19.6651
19.2071
19.3064
17.9181
19.2560
19.7588
19.6038
20.0513
19.8533
19.1168
18.7653
18.7380
19.1762
19.5478
18.2603
17.8927
19.7330
19.1897
19.7356
19.3559
19.4078
19.4519
18.9034
19.1319
19.5113
19.1462
19.8547
18.8135
19.8492
19.0201
19.5188
18.9583
19.7594
20.3655
20.0592
19.8071
19.8647
20.6709
20.0221
20.0563
21.0609
19.7412
20.2106
19.4842
20.6879
20.2024
20.2299
20.6860
20.2274
21.0751
20.1737
20.2731
20.1626
18.8199
19.2172
19.2618
19.0752
19.5867
19.4753
19.4489
19.9791
20.1239
19.2270
19.6869
19.8055
20.1823
19.3983
18.8734
19.8702
19.8709
19.1892
18.8268
19.2547
18.6437
18.2851
18.2617
19.0884
18.5094
18.1604
18.3537
17.6225
19.0065
18.9711
19.1051
18.9192
18.3816
19.1619
18.4741
18.5243
17.7565
17.9963
18.0426
19.1163
18.4818
18.5012
18.6373
18.2898
17.8020
19.0700
18.4410
19.0138
18.4283
18.9052
19.1363
19.0221
18.4168
18.1729
18.3092
17.9833
17.7163
18.0214
17.4354
18.5869
17.8033
18.0446
17.9295
18.5399
17.8007
18.3151
18.0443
18.4205
18.5656
18.0974
18.1664
18.1521
18.0980
18.4413
18.4170
19.3723
18.6616
19.7026
18.6591
18.2577
19.3701
19.5805
18.4549
19.2200
18.7213
19.1015
19.0092
18.7001
19.4128
18.5563
19.8986
20.1562
19.5322
18.9075
19.6748
19.2694
19.8165
19.6478
20.1195
20.2814
19.3062
18.1305
19.3350
20.0758
20.3509
20.2756
18.9965
19.1201
19.0122
20.5156
18.8202
20.3466
20.3600
19.8271
19.9530
20.1247
19.7126
19.4876
19.5711
19.9639
20.0034
19.7283
18.9399
19.2177
20.1532
19.4814
18.4099
18.8491
19.2302
19.4648
19.5523
19.8966
19.8916
19.8390
19.5735
18.1651
19.1953
19.2908
18.9195
19.3252
18.4917
19.7251
19.3186
20.2273
19.9411
19.2789
19.1554
18.9403
20.1518
19.7416
18.4893
19.8972
18.8155
19.1291
19.1704
19.2852
20.1797
19.9297
20.0607
19.8021
19.2118
19.4311
19.5788
19.2800
19.3155
19.5808
20.6707
19.9787
20.2954
20.0893
20.1695
19.4141
19.8806
20.0195
19.3674
19.5423
20.1677
20.1028
19.9893
20.0879
20.3212
21.3904
20.3211
20.1924
19.3722
19.1238
18.7680
19.0994
19.2498
18.4507
19.0950
18.9359
19.4310
19.5676
19.4342
18.9662
18.9233
18.7177
19.0558
18.3883
18.8295
19.5097
19.5367
19.5025
20.6401
19.6118
19.8108
19.7802
18.7672
18.7451
19.0575
19.2133
19.8032
19.5866
19.5642
18.7098
18.7471
18.6297
18.9782
19.2670
19.3579
19.1512
17.9188
19.4569
19.0390
20.0588
19.6777
20.0947
19.5061
19.7558
19.1478
19.3177
18.2913
17.2337
18.5303
19.0070
17.9436
18.3465
18.7747
18.1982
19.1398
20.1848
18.9754
19.2236
19.6455
19.3960
19.2908
18.2363
18.3691
18.7188
18.4542
18.8089
19.3427
17.4224
17.9472
18.7321
17.7813
17.7791
18.3776
18.3779
18.5044
18.7016
18.8407
19.2009
19.3958
18.7395
18.9456
18.7407
17.9391
