138.8347
137.9258
139.4478
136.7034
137.1947
138.3346
136.5538
136.9463
133.2481
135.4163
135.1604
136.4870
134.9888
134.7116
134.5208
135.5593
137.0067
137.5618
135.9327
135.7097
135.6228
137.4602
135.4004
134.7988
133.8473
134.4027
134.8422
133.1123
132.9448
133.0590
134.8234
134.7127
134.7792
132.9241
133.7955
132.5783
132.8528
132.2913
132.8472
131.4092
129.4822
131.4600
129.2592
130.3737
128.1430
129.5044
127.8992
130.0555
130.1522
130.8740
131.7027
134.7148
134.9315
133.5143
135.1979
135.5922
138.2935
137.2135
135.3565
137.2623
134.8480
134.8008
133.3032
133.3720
133.4903
133.2211
134.6977
134.3836
134.0045
136.4198
133.8221
136.7794
136.3206
134.0064
134.4758
135.4285
134.2717
135.2437
134.3115
135.2339
136.7284
135.0038
133.3962
132.5836
132.5985
133.5112
134.4606
131.5941
131.4913
131.4838
132.4466
131.9966
133.2153
132.2513
132.8365
133.2696
134.4069
135.1493
136.0837
133.4006
134.5964
134.0590
134.1725
131.2011
132.3919
129.8453
132.4414
132.7237
132.1001
131.5913
130.8356
132.7746
135.0647
132.4229
134.6331
136.4531
137.1477
135.8091
136.2683
135.3772
133.8048
135.8569
135.7035
133.9681
133.4136
133.5846
133.0554
135.0767
133.4176
132.2551
134.5921
134.0721
131.5427
131.5268
132.2759
131.6237
132.0755
130.7682
131.0577
130.5135
129.6544
129.2192
130.7986
130.2736
132.4627
130.7722
132.8934
131.5680
134.7078
134.5484
134.3912
132.9342
130.9979
130.9492
131.7705
134.1716
132.8829
135.1467
133.5025
130.9131
131.6066
132.8138
133.8914
131.8809
133.1284
133.2204
134.8223
133.7723
133.1551
132.2216
133.6394
133.0846
133.9229
132.9181
132.4435
131.2002
132.2142
132.5214
133.4987
133.3580
135.6956
136.9484
135.6988
137.3561
137.3332
137.6184
137.5712
134.4744
133.9383
132.2669
131.8415
132.8830
134.0781
133.7906
134.9117
133.3447
133.2414
134.3030
132.1006
134.7847
133.7651
131.7137
133.7635
134.5610
135.1627
135.3646
135.0836
133.9606
135.2566
134.8151
135.3217
136.8491
135.6976
134.6383
135.6416
135.9075
136.2378
135.2890
133.7643
134.6704
133.6275
136.8495
137.5379
136.3142
138.3859
136.1987
136.4125
136.9208
137.0782
136.9005
135.6773
136.0038
135.6356
136.4105
135.2172
134.3077
133.1876
133.6171
131.0754
132.9697
132.3008
132.0479
136.1237
134.4757
135.3387
134.3346
135.4518
135.9200
135.0826
136.3982
135.1972
134.9427
134.9541
135.0882
134.6545
135.9859
135.5846
136.5214
138.9345
136.1513
135.9366
136.9241
134.6380
134.0338
136.2763
136.6232
137.4266
137.3347
139.7105
137.5768
140.4228
138.9301
137.7639
140.3522
139.6352
138.1519
136.6410
136.0606
136.1699
136.7540
136.7957
138.3865
137.7598
137.2345
137.9676
137.2662
137.7477
138.6368
142.0667
139.1641
139.6162
139.4808
139.8374
138.8684
139.2392
138.6637
137.5586
137.9054
139.4818
143.5226
141.5756
141.1770
139.5740
140.3262
140.1923
140.4121
141.8184
142.6839
144.0216
143.9369
143.0351
142.3153
141.3237
141.5156
140.8912
140.1581
141.0273
142.3165
142.6376
142.4278
143.5299
144.1575
143.5787
141.1727
144.4984
144.8609
146.8219
149.8135
149.5263
149.1105
149.4979
151.5156
149.7172
150.4203
145.5657
148.5525
150.4223
151.1998
150.8972
148.8062
149.3226
148.4224
150.2785
150.6799
152.3042
150.6269
148.5866
146.8804
145.4698
145.3175
146.2584
146.3247
145.6151
145.2693
145.7233
147.9516
146.6198
146.2272
145.1825
145.4511
145.0127
144.2206
141.7618
144.0130
144.7874
145.6671
146.3560
147.5894
147.9234
149.0093
145.9456
148.2784
149.2474
147.9744
148.1115
149.6032
149.1163
149.0454
150.9941
148.2434
147.4345
149.4022
149.8234
147.9790
150.4990
146.8373
148.4730
150.2330
150.0839
150.3775
150.6731
151.3806
151.6590
148.8253
149.6512
148.6941
147.8845
149.8873
151.6947
149.8577
148.5326
147.7517
148.8489
147.4810
147.5650
147.4896
146.8863
148.0750
148.3552
147.4372
145.9978
146.4283
145.0144
145.3825
146.1528
146.1043
146.4368
145.9245
145.6717
146.2168
145.3162
144.3471
143.7579
143.8092
142.0994
144.5537
144.3101
145.8803
146.8213
145.0735
144.2766
145.1885
146.7129
147.5682
145.5586
145.2751
145.0467
147.3735
147.2725
148.1705
148.5599
148.2969
148.7430
150.3242
151.0985
149.3184
149.7388
152.1863
151.7257
151.2898
151.5034
151.2540
151.9291
151.5743
150.3360
148.1958
149.4419
149.2420
153.0359
153.7849
152.6328
154.0944
152.5499
152.3215
151.5296
151.9228
149.4321
150.6003
152.5873
153.4784
155.0175
153.7124
154.2302
154.4448
155.5335
153.8394
153.8659
154.0854
152.1134
153.5079
155.1811
156.9300
153.2470
156.4027
155.7555
154.2478
153.2401
155.1492
155.4168
155.5034
155.9265
155.6575
155.1361
153.7025
154.3248
153.6608
153.8285
155.4921
154.1706
154.9407
155.3505
154.9791
156.3684
154.4727
154.2051
155.2993
154.5780
153.1682
152.6758
149.7264
150.5441
151.1569
152.0348
153.1633
152.9604
152.0668
150.2734
153.6103
151.7765
151.1199
152.3169
149.4815
149.4999
148.6532
148.7257
147.8947
148.3478
147.2007
145.4581
145.5441
147.6059
149.4711
150.5208
147.8405
147.3283
146.5313
146.6742
148.4072
148.1713
148.1831
149.1341
147.4259
147.4860
146.7279
146.5616
145.1482
144.5556
144.6890
146.3983
144.6547
145.2663
145.7716
145.4612
145.9620
145.5140
146.3140
146.8762
146.9967
146.8528
146.6191
146.2279
147.2306
145.5817
144.6813
145.4985
146.0443
147.0321
146.9503
147.2214
148.9445
148.4664
149.7047
148.0734
147.8390
145.9768
145.5616
145.3265
146.0157
144.9969
145.5454
145.4769
146.9966
148.4905
147.6458
148.4212
145.5079
148.2592
149.4919
147.7732
146.0106
145.1083
146.0335
145.0182
145.6385
145.6779
145.2177
145.0366
145.4986
146.2392
146.2377
147.1028
144.6251
146.0191
145.5912
145.1247
145.2335
149.4722
146.1625
145.0623
145.9592
147.1187
146.8824
147.4959
147.9307
148.7210
149.4898
149.8174
147.9979
147.0275
147.5460
147.0666
147.2047
146.1617
146.1421
146.2514
146.2253
145.6253
146.8270
145.7497
146.6357
147.1314
148.7499
147.7597
149.4739
147.4127
148.2434
147.4663
147.9512
147.5377
146.4709
145.6507
147.1057
146.8072
146.2236
147.6963
146.6006
144.8451
144.4100
147.4145
145.5846
147.2132
148.1798
147.6413
148.7237
148.5235
147.4383
147.5864
148.6562
148.8664
147.6982
148.6716
148.5953
146.7973
147.2891
147.7585
146.5599
146.2156
144.7167
144.1150
145.4581
144.1400
145.6380
144.9854
145.9555
146.3135
145.8239
146.0264
147.1028
148.0697
146.4409
148.2461
144.8647
145.3677
146.2041
146.1115
143.4704
141.4951
142.3804
143.6475
144.0838
141.6188
142.5994
141.2643
140.7796
140.1317
143.0984
142.2871
143.1998
142.1659
143.9742
144.8363
141.8416
141.5776
139.9170
140.9393
140.6810
140.3731
140.9702
139.9970
139.0193
138.0959
138.7728
138.6793
138.5655
141.1283
140.3221
139.1814
138.3865
141.4701
141.8899
141.7513
142.0915
142.7717
144.4127
142.9612
145.6738
145.4218
144.7505
146.8971
145.3638
145.5354
146.3668
146.0051
147.0083
146.0121
146.9019
145.3703
145.8313
146.9969
147.4750
146.8138
149.8351
149.0440
147.2768
148.9233
149.8639
148.3269
148.1816
147.9960
147.1684
145.7733
145.6401
144.6585
145.5532
145.7146
143.8507
146.4686
146.8873
145.2657
145.1268
145.1902
145.9774
144.9277
144.6886
142.5607
141.0271
143.5760
143.2262
141.2144
140.0744
141.5082
142.8195
142.5381
141.4845
141.2508
141.7156
141.7494
141.2179
140.6090
139.1262
138.9409
139.7818
138.8602
140.1312
140.1116
141.3253
141.4973
143.0332
141.3524
141.0939
139.3652
141.3853
140.3909
139.5589
141.5597
143.4216
141.3334
141.4926
141.1307
140.4862
142.7137
142.4514
141.2978
143.1508
140.0675
141.3280
141.0822
143.6157
143.9791
143.3919
145.4479
146.2638
146.0130
145.4370
144.6724
146.8904
146.1985
145.0030
144.6067
144.6578
143.9162
144.1718
144.2404
144.4353
141.8457
140.0034
140.4102
139.7465
141.1477
141.5807
141.5068
140.4670
140.0275
138.3885
138.6719
137.6221
136.0113
138.8635
136.6578
138.0362
139.1791
141.6185
142.7438
141.8022
142.3407
142.4216
142.7673
143.1081
144.2105
142.0513
142.2617
143.9039
144.3103
145.8601
149.1698
149.4216
148.9129
149.2898
146.4681
147.9457
146.9208
146.6641
148.6626
146.4160
147.7812
149.3081
150.0056
149.4928
149.6869
146.5562
147.6929
145.7847
145.3678
145.0014
145.0414
146.8528
146.6244
147.1480
148.2181
146.5170
147.0136
147.2819
146.7083
147.2832
146.6927
147.8263
148.9476
148.9764
148.8034
148.1606
146.5438
147.5275
148.5966
145.2415
146.3589
147.7586
148.2616
146.6825
147.0229
148.7842
149.3241
147.6511
146.2743
147.4940
147.7870
151.0042
147.9493
146.4314
148.3375
147.1285
149.1593
150.7755
149.0539
149.6972
149.7997
149.6713
147.8402
149.3348
148.6354
147.0734
150.6938
151.5507
150.5144
150.8886
150.8156
148.4423
149.5208
148.4557
149.4345
147.8476
146.0171
148.1596
147.5249
150.9620
150.2771
148.6777
148.8900
149.3696
149.3195
150.1508
148.2386
146.8565
146.7587
148.9587
146.7860
146.7411
144.6005
144.2677
145.7091
145.5714
142.5590
144.7565
144.7345
146.1703
147.8134
147.7036
147.3521
147.4976
149.1892
146.8906
145.6447
144.3001
146.0806
145.6175
145.0513
145.3882
145.7726
145.4152
143.1368
145.0967
145.9301
144.7403
145.5827
145.8007
144.5265
144.8835
144.4486
144.9253
146.2113
144.3913
144.7169
144.2846
142.8309
144.4297
143.2677
142.8223
142.9122
142.8687
144.8330
144.7976
148.1349
146.6833
146.4162
146.8396
145.2166
144.5882
144.5644
144.9780
145.3302
145.8787
144.2058
144.4259
148.0854
147.6525
147.3929
147.9391
146.9769
146.4763
147.5710
147.0607
147.5366
148.5255
148.7173
148.1439
147.6362
146.0333
148.3685
148.0733
145.7386
146.6298
147.4062
146.2741
146.0431
147.0005
146.9159
147.8303
145.7622
146.0034
147.6412
145.7170
145.1786
145.5927
145.8154
144.9242
147.5047
146.5256
144.4040
145.5938
146.3845
147.3910
149.2629
149.5068
146.6436
146.4897
148.2318
146.8119
147.0030
148.1957
148.0371
146.4865
147.3131
147.9422
147.1856
150.0363
150.3864
149.7095
149.3018
149.7054
149.0587
150.3664
150.3059
150.6260
150.6844
148.8267
148.8281
150.3160
148.5003
149.1721
147.8824
149.9386
152.7958
151.2727
149.5472
153.1220
154.5907
153.2445
152.4033
153.4766
156.1027
155.1812
151.9739
152.2343
151.3214
151.2908
153.0734
152.7151
154.7377
153.1793
151.7820
151.3241
150.5987
150.5368
149.3821
149.0384
149.3400
147.7149
149.1370
151.7867
149.4402
149.6288
148.8745
148.1045
146.3252
147.1749
147.1968
145.9739
145.6139
143.1309
144.5240
142.5199
143.3914
143.2789
143.3768
142.4060
141.5588
142.0259
141.4773
142.3467
143.7519
142.7041
143.1102
143.3112
144.8192
144.0661
142.2171
144.2143
143.5564
143.3619
143.8404
145.1959
142.9761
143.4395
143.3873
142.9290
143.3423
143.2768
144.6278
142.4378
144.8413
142.7453
143.6641
143.1459
142.7771
142.1424
143.9528
144.4213
142.1337
140.2103
141.5485
140.1690
141.9332
143.2490
142.3776
140.9340
140.5410
141.2173
141.1707
141.1227
142.4667
140.1255
140.6932
140.4416
141.7034
143.1126
141.7885
143.1539
144.5016
145.2382
147.4861
147.4737
148.7728
150.6444
150.0451
151.5266
147.9730
148.0798
148.0465
148.8137
150.1383
149.0247
148.1452
148.2293
149.7702
149.3244
147.2778
148.6568
151.6032
148.5132
149.1614
148.6905
148.3427
147.5093
147.6737
146.1753
144.4926
146.3812
145.1397
145.8813
146.4711
148.5081
147.3666
148.4764
145.3798
145.6466
149.3112
148.1913
146.9088
148.1801
147.8190
147.5609
149.9114
150.0317
146.8997
147.6764
145.5336
146.2685
146.8074
147.2760
148.2213
148.6607
148.9123
148.3419
148.1405
147.9622
147.0068
149.0375
150.4427
149.0836
148.4128
146.7929
148.2980
151.1049
151.6519
151.6413
152.5814
149.2688
148.2190
151.3866
148.4712
149.7559
150.7654
148.0114
148.4607
147.5340
147.4337
147.7579
147.2351
144.8844
146.1184
146.1536
146.9675
147.6101
148.1806
148.7994
150.0970
150.6479
150.2035
149.5679
149.8285
151.3981
151.7590
151.7155
150.6586
150.9539
150.8808
152.0850
151.6794
153.4393
153.9344
151.8804
150.8588
150.4146
150.5494
152.0308
151.8316
151.6075
152.5342
151.1262
153.0541
153.3433
153.1284
150.9005
155.4706
153.4694
151.7512
151.7849
150.9425
152.8056
152.4073
153.3233
153.1281
152.4474
151.2028
153.6257
153.5486
154.4562
153.6542
152.9115
153.0657
152.8821
151.9591
153.4358
152.6820
152.4434
151.7189
150.5738
152.6484
152.4543
153.1021
151.8945
152.4349
151.6059
151.0857
152.5454
151.6877
152.1533
153.5208
152.6637
153.2779
149.7291
151.6176
151.9540
152.0346
153.4693
153.9278
152.5203
151.7309
152.6538
152.7022
152.8773
154.7106
151.3447
152.0592
151.2270
150.6710
150.6664
152.6100
151.9796
152.5556
150.9300
153.0774
153.2080
151.5485
152.7038
154.1047
153.6710
153.2024
151.0197
152.3775
149.4908
149.4826
151.0070
151.4586
150.8415
152.4286
152.3029
153.3671
153.9770
151.9136
152.4828
152.7455
152.9593
152.6981
153.6898
154.0311
155.0178
154.4710
155.3408
155.7172
155.6842
154.9422
156.0571
154.8783
157.8214
157.5326
156.2209
156.7747
156.8853
156.2897
155.7045
157.0954
157.8645
157.1746
157.1186
155.4178
155.5981
155.8591
156.6824
157.7050
156.9284
153.9401
155.6306
156.3800
159.0546
155.6848
155.5759
154.6569
157.0066
157.2988
156.3360
156.1098
158.6885
156.8563
156.0807
155.1460
156.0711
156.1421
157.8166
156.3882
156.4730
157.4867
156.8068
156.1024
156.9144
156.4226
157.9650
157.8813
157.3915
158.4868
158.4369
158.4980
159.0060
158.8011
159.0968
156.2491
155.9822
155.7773
156.2424
156.2383
156.8361
154.8244
157.3350
157.8500
156.2113
157.7085
159.4371
156.4618
155.4760
155.5666
154.1168
152.7021
153.1291
155.5960
156.5285
156.4818
157.3373
156.2565
156.0751
156.2274
155.0958
155.5213
155.8361
156.5879
156.4040
154.8684
153.6471
153.3278
153.9189
154.3870
153.9527
153.6991
154.7504
156.7003
154.3827
154.5914
153.8443
153.3790
155.7653
156.0799
156.0327
156.0486
153.4772
154.2298
151.8570
150.8332
149.3954
150.4226
150.0792
150.5353
150.2609
149.9368
149.1037
149.3403
151.5716
150.2646
150.5275
151.0762
150.3245
150.9201
153.5202
154.0896
152.0371
150.2344
150.9138
153.1880
151.9076
151.2839
152.6182
150.8031
150.7578
149.7611
150.6743
150.7566
149.3705
151.1399
151.7142
152.7327
153.1235
151.7446
151.2913
150.6682
148.8740
149.9261
148.6916
151.7611
149.5573
151.9097
150.2000
149.2402
150.9253
152.6696
152.0422
150.2754
151.1740
151.0372
150.9664
152.6017
151.5258
150.4044
152.4177
151.6141
152.1458
153.6374
154.1197
154.3109
152.7700
152.1415
152.7159
153.0429
154.6744
156.5945
153.8904
153.0110
153.1559
152.3391
152.2954
152.6311
154.6885
156.2342
156.1925
154.9357
154.6692
153.0155
153.5395
153.9375
152.8686
152.3663
152.8527
152.3232
150.6358
151.6568
151.6372
155.3067
154.8144
153.3404
152.0332
151.5761
151.8653
153.5052
154.2324
153.7738
155.4792
154.4385
153.7920
152.3834
153.6460
155.5848
154.9537
158.6805
157.1424
155.9147
154.1827
155.4784
156.6219
155.7537
155.7776
154.4692
155.4548
157.3188
156.1652
157.2869
157.6778
158.0031
156.5315
156.1191
154.9711
154.4185
154.6367
153.4371
154.0493
152.6586
153.1745
151.5649
151.9389
151.0042
152.8119
152.5640
152.4416
154.3897
154.8942
154.4083
155.8045
155.5017
154.4288
154.3655
154.3803
156.9774
156.4769
155.6832
158.0677
160.2764
159.4131
158.6438
158.9425
157.5010
157.6677
156.3303
156.4808
158.5007
157.4089
158.9923
157.5545
159.3011
157.2884
159.0136
155.7627
155.5851
155.0887
154.0120
153.4260
153.9326
154.8878
154.9751
154.5773
158.1123
155.2116
156.5891
158.2465
155.3144
154.2797
155.3901
157.7606
159.9513
157.8400
157.5338
156.9670
157.1877
156.7047
155.5817
156.8815
155.3649
153.8619
154.8906
155.9667
156.0893
156.5585
158.7213
159.0802
160.0585
158.7069
157.3998
158.4206
156.4905
155.4949
156.7489
154.6511
152.5131
155.1084
156.3439
157.4680
157.9620
157.6516
157.5620
154.6572
155.3664
154.8852
157.3606
155.1267
156.9895
153.8490
153.0175
153.7878
151.3287
150.1021
152.5716
152.3020
152.2401
152.2712
154.0266
152.8131
152.7754
154.6316
155.6036
155.2566
154.7527
154.0792
155.1780
154.9114
154.5568
152.4714
152.5289
150.6509
150.6081
151.4032
149.2486
150.4454
149.1867
150.2529
151.3905
149.6975
147.9485
149.6383
147.9943
147.1395
145.9185
146.4456
143.5763
144.5864
146.2014
145.8611
144.4624
146.5696
148.2950
147.0479
147.6408
146.8631
146.6154
147.1818
145.5507
146.4038
144.6937
145.0551
144.7572
144.4859
144.1509
144.4975
144.5159
145.1786
145.7350
145.7267
147.6872
148.2993
147.7930
147.9551
147.3981
146.2278
145.9862
148.0043
147.0980
148.2706
146.5115
147.2264
150.0140
148.9628
149.1061
149.5458
149.8417
147.9109
147.5573
147.0587
147.9483
147.3157
147.3962
147.2412
147.6250
146.3586
146.6983
147.6963
145.0972
147.8989
145.1401
146.3771
145.5794
146.7425
148.3979
147.6614
146.2840
145.6616
146.8520
147.5961
147.2582
144.9348
146.6794
144.6604
145.6043
144.9352
145.1726
146.2117
147.1191
145.5146
144.6346
144.4955
144.2081
142.4830
144.7550
142.6326
144.1041
142.1476
143.3797
141.6200
141.0899
141.8858
139.7743
140.1352
140.9416
141.4592
142.1921
140.2978
140.7961
139.2317
139.3289
139.4820
138.3590
138.7873
140.2118
141.2357
139.9781
141.9090
141.8643
144.0307
145.0350
143.0659
145.6859
146.2310
144.4261
144.0838
142.6500
141.8920
139.4231
140.4764
141.5547
140.4266
140.8028
142.4646
141.9588
142.2063
144.3529
142.1801
143.3243
142.2593
143.3415
144.8690
144.1481
143.8745
144.0477
144.4441
145.2739
143.5580
143.9730
146.5462
147.2698
146.3737
147.7860
145.7532
144.4381
144.2699
144.7842
145.1631
148.6907
147.0371
148.0827
147.2796
146.6808
148.1438
146.9785
145.9221
145.5127
145.9341
144.8408
147.4281
146.9460
147.0264
145.1325
145.0185
145.9231
145.3680
144.5557
143.4046
142.2880
142.3559
145.6472
147.3778
144.4755
145.3476
144.0239
146.3351
145.8817
144.9749
146.0790
145.7140
147.0071
145.9801
145.4830
145.7476
146.1296
147.4321
147.5308
150.7681
150.6041
150.0100
149.3748
149.4987
150.1402
149.2872
148.1736
150.9837
149.1857
150.1669
148.5624
147.7995
147.7239
148.2993
147.3851
146.4227
145.1888
145.8424
146.9763
146.6573
147.6583
147.2335
147.4900
148.2683
149.1417
148.7969
148.4145
150.4156
149.5322
150.6505
150.6518
150.3096
151.6205
152.0721
152.7217
153.5615
152.5568
150.8957
151.5465
152.2106
154.6646
154.8569
154.3178
152.2207
152.8184
152.5072
154.1093
153.7852
152.1832
151.1749
153.7324
153.9403
152.2010
152.5961
154.8442
154.1698
154.4303
154.9888
154.5034
154.0319
154.0002
153.5178
153.5742
154.3582
152.4673
152.3996
151.8493
151.7307
149.9156
148.9376
152.9685
152.2103
151.1780
151.3037
153.6743
154.8444
152.5562
151.1653
153.0482
151.6685
152.7173
153.1886
151.4229
150.8719
153.3936
152.3453
151.6879
152.0270
152.0220
151.4600
149.4230
147.2352
146.2670
147.9727
146.6001
147.1269
146.8108
145.3467
146.9163
147.5685
148.8317
148.7685
146.2657
145.3509
146.1504
147.1200
147.7232
147.8382
144.0702
145.6907
145.4717
145.6845
146.7948
147.2265
146.1256
146.9061
146.5079
144.9630
145.3508
145.0090
146.7862
146.2284
146.5214
143.7910
143.2755
142.6954
144.8338
141.9868
141.2139
142.5992
143.4006
143.4352
144.1409
145.2485
146.0844
144.3821
146.1719
146.9407
145.0835
146.5816
145.9787
143.6086
143.0037
143.8255
143.0864
144.7102
144.4790
144.6403
144.8286
143.5250
144.0145
143.6981
142.4497
141.5721
142.5845
142.0719
141.1384
142.8943
143.3172
143.9335
142.4707
142.2005
142.2540
143.5726
143.2461
144.1739
142.7205
143.8698
142.9383
144.1101
144.4801
145.4322
145.8474
146.1647
146.7976
148.7494
149.4318
147.0735
146.0868
145.9046
146.0761
145.7236
147.1381
147.1341
145.4479
146.7809
146.6933
146.4537
145.9419
148.2263
146.2291
146.0867
144.9599
146.6692
146.2957
144.8150
146.3293
145.6548
145.0812
147.7485
146.9824
148.2954
148.8768
147.9200
147.0924
146.7664
144.2678
143.9593
146.5779
146.6787
147.5640
148.4667
149.8115
148.2990
149.9831
150.0673
147.1405
146.0077
144.8831
146.9967
149.8355
148.5572
150.1612
148.2091
150.0747
149.5651
150.5038
149.9304
150.8111
151.4467
150.0084
150.3267
150.2899
151.4230
149.8551
148.5202
149.4122
150.0300
148.3018
148.2920
147.3708
149.0027
147.9234
149.0004
148.7351
145.7628
146.2022
146.8122
148.2802
148.4152
146.9731
148.0555
149.1158
149.4749
151.2580
148.7767
149.5637
151.6580
150.6198
151.2248
151.6480
148.8335
149.0734
148.2507
148.8738
148.7634
148.8175
148.6584
147.1712
147.1452
148.2926
148.7176
148.5517
148.6280
148.7687
148.2120
147.1813
148.5045
148.3055
148.7905
148.4528
148.1130
147.2550
147.8909
147.8213
147.2999
146.0891
147.2138
145.9422
144.9382
145.2205
145.6817
146.1772
142.5342
144.8407
145.6171
144.2555
147.9560
147.0470
146.7992
148.0146
146.0595
145.2056
146.8781
147.6010
146.2565
147.0257
146.4663
145.6953
146.3880
147.3686
145.2548
143.6362
142.8566
144.1416
144.4739
145.5928
144.2966
144.7567
145.5464
142.6592
143.2781
142.9129
143.6181
147.2176
147.2748
146.4001
144.1108
142.8505
146.1954
144.9031
145.4338
144.2693
143.7184
145.0297
145.6821
145.6867
145.2017
143.2368
142.9475
142.9799
143.0413
146.4645
144.1624
144.1811
141.9607
143.2544
143.4429
144.5929
145.0563
144.3675
144.8369
143.2441
144.1071
145.2403
144.7318
144.6879
145.0342
146.4166
146.9951
145.6748
145.8797
146.2594
144.6584
143.4306
144.4359
145.8942
145.8402
146.4486
146.8286
146.2251
145.1831
146.1647
142.3068
143.2857
147.6098
147.5448
146.8166
147.2680
147.3794
148.5195
147.5609
147.2187
147.4765
147.3455
147.8747
147.1820
147.7646
149.8408
147.7232
147.2914
147.3067
147.2055
145.1584
145.9578
146.5911
146.5541
143.7887
144.0500
142.5616
143.8953
146.2203
146.0760
147.8257
146.9215
148.4785
149.7097
148.1363
147.5441
146.7391
145.2468
146.1048
146.8708
145.1526
143.5558
147.3846
147.4649
146.0456
144.8056
145.5097
147.2164
143.6866
145.5019
144.9436
143.4856
143.9338
145.0722
142.7731
144.2565
145.5252
145.2332
146.8767
147.2400
149.7345
149.6187
147.5272
147.0296
146.3501
146.2461
145.3569
145.4419
148.8411
147.1543
148.1283
147.2806
150.4891
150.9552
147.7178
146.4691
147.3713
146.5753
148.9632
147.5433
147.8351
147.0280
145.8861
146.1796
147.0768
145.0209
144.7099
142.8547
143.9739
143.4816
143.5768
144.6432
142.7298
142.0476
143.9086
142.5727
139.9595
139.7496
141.9914
141.8712
141.6168
142.5475
145.2880
145.6278
146.2409
145.4371
144.3332
145.1255
144.0536
144.4913
144.7893
145.2353
141.7446
143.2484
142.9976
144.6886
143.4417
145.8624
146.4463
146.1237
147.8902
148.4933
147.7602
148.4306
148.9503
145.5773
146.0402
145.3066
145.2554
145.5315
146.9459
147.4618
145.5407
145.7056
145.7827
146.8470
144.7415
142.9614
144.5608
144.0326
143.8957
144.4284
145.9917
147.7700
147.3433
146.3070
147.5785
145.5622
145.5289
147.7612
147.8293
148.6600
148.3716
148.5304
147.9181
148.3352
149.2275
148.3797
147.6506
147.7621
149.0388
148.2905
149.4719
148.1933
147.3513
145.1201
147.4021
146.4523
146.8339
146.7716
147.9199
148.1008
146.4774
148.6039
148.6588
146.0689
148.7481
145.9735
145.6456
145.0786
144.7288
145.4646
148.6895
148.5209
147.5389
147.8924
148.0427
148.0420
145.4829
146.3128
147.0773
147.9367
147.6137
148.4158
151.0716
151.6135
150.7611
150.7517
149.1526
150.3814
151.8345
151.1642
149.7813
148.6903
149.6662
149.0508
147.6563
147.6898
146.8701
147.3875
147.5727
149.0727
149.6103
149.3311
150.4350
152.7685
152.3504
149.5617
150.1447
151.0622
152.5863
151.2296
151.6048
150.4549
148.8074
149.9702
148.5079
147.5874
148.7534
148.9593
150.6534
151.7129
151.1585
153.4625
153.2848
152.5286
153.2367
154.0864
152.9724
151.9040
151.8548
151.9128
152.2761
154.2235
151.6737
151.0362
150.2053
149.9110
148.7112
150.1322
149.4384
149.2836
149.6426
150.2483
150.6540
148.6492
148.1236
149.0943
150.4213
150.5837
152.4246
151.5442
151.6876
151.0140
148.8775
147.6659
147.6000
147.2212
148.6446
149.5992
149.7303
149.6880
150.0452
150.0334
148.6832
147.9591
149.8984
149.8147
149.8923
150.3800
149.1020
150.2477
151.1016
151.3317
151.1245
151.0639
149.8095
149.3973
150.0173
150.2337
150.0229
152.1328
150.8584
151.2781
151.3809
151.3336
151.0115
151.3842
153.1848
151.3147
152.4475
152.0143
149.4775
151.2081
150.9633
150.1925
148.4367
149.6873
149.4021
148.0800
148.4919
148.9787
149.1015
149.4680
151.3018
152.2120
149.7343
151.1961
151.4518
152.8224
151.5638
149.7607
151.8264
151.0848
153.0001
152.3937
152.3185
152.2523
153.7341
152.5124
154.9179
154.7060
156.1959
156.6330
157.3560
155.8489
157.2641
155.7965
157.0273
154.9683
156.5237
156.7532
157.4127
155.7896
154.4590
154.2362
153.7597
154.5768
154.1421
153.9443
154.4975
156.0634
152.4429
153.6700
155.1409
153.0412
154.3613
153.0901
152.9392
154.4643
155.3102
155.4771
154.0206
154.6518
152.9529
154.6270
152.1248
152.4220
154.6392
152.4407
152.2604
155.2644
153.4796
156.8833
155.1913
156.7393
156.2947
156.5432
156.0274
158.2425
159.2805
158.7775
156.3211
157.0334
157.5994
157.4325
157.5598
155.5267
154.5529
153.7824
152.7535
152.7390
151.9826
152.1584
152.6734
153.4400
152.8837
152.4507
155.2048
153.0878
151.4852
152.1583
152.5789
149.6447
151.3707
153.3422
151.7527
155.3793
154.6746
154.6113
152.3275
152.4498
154.3820
154.2731
152.7048
152.7290
151.5043
153.4078
153.8290
153.0830
153.6183
152.6127
152.4989
155.1740
153.3265
154.7967
154.2099
154.9963
155.1228
156.8416
156.7506
155.1020
156.8916
156.4739
154.3703
156.6982
159.1289
158.1529
158.2425
158.0981
156.4716
155.3572
155.1545
154.3257
155.9868
153.0917
154.6615
155.9769
155.1165
157.0479
157.3186
157.9550
157.0896
154.4915
154.1337
154.0491
155.9323
157.2720
158.3076
158.9497
158.0071
157.0547
157.2474
157.8379
155.8969
153.6901
155.5199
155.5121
156.0069
153.9403
153.6954
154.6987
154.0732
156.3484
156.8792
155.9953
157.3520
156.8746
158.0647
157.9697
157.3146
155.6958
156.8836
155.8885
156.8809
155.4972
158.3667
159.1425
159.4410
159.7289
160.6412
158.7163
159.0643
158.4694
158.2071
159.0522
159.1536
159.1853
158.6555
159.1609
159.8827
159.2115
161.2258
159.5797
159.7919
161.0343
160.8546
160.2737
161.8447
159.6093
159.1138
159.1645
157.0080
159.1993
156.3283
154.4619
155.6595
155.8007
156.2596
154.1404
155.3307
156.7616
154.6574
156.3563
157.2789
156.7385
155.7307
154.4068
152.3754
153.3758
154.3001
154.4137
155.0350
153.9732
154.1803
153.6988
154.3976
156.7427
154.9241
153.7131
153.1111
151.6034
153.7926
152.4480
151.8389
151.6162
153.8139
153.2508
151.7313
152.7059
152.0126
153.2804
150.3756
149.7744
151.3316
150.9573
149.8159
149.3982
151.2425
148.9304
149.3470
151.0915
150.2745
151.0986
151.9009
151.9084
151.7331
150.4410
149.3690
150.0119
150.8155
150.6529
151.1860
152.7838
153.2635
152.2810
151.8373
153.6319
153.7831
154.8151
154.6856
154.6979
154.3862
156.4303
154.8811
153.4444
153.6478
154.4035
153.7291
156.8610
154.4748
153.9545
155.1972
155.0158
156.0471
155.5369
155.1424
156.2642
156.7091
157.0381
158.1578
155.7981
155.0567
155.2350
156.3723
156.3757
155.1573
156.1196
153.9159
155.4081
156.3495
153.5763
154.2686
153.1442
153.8077
153.1670
153.3193
154.2861
152.7761
153.2821
155.3594
155.4095
155.9405
154.5733
153.1603
153.2586
154.7110
154.9156
156.5810
157.8888
158.2030
159.9775
159.2952
158.3996
156.7298
156.9546
155.9666
157.1088
155.9769
156.4161
156.3590
155.8627
158.2150
157.8016
156.5969
155.3109
154.7887
156.5330
156.0639
154.2147
156.3358
157.7502
156.3579
157.7625
157.7966
157.3963
160.8511
158.9170
156.2008
156.1081
156.3035
155.4438
155.7412
155.8821
153.5021
154.4624
153.8357
150.0378
149.5746
151.8643
153.9583
152.4775
155.7864
155.0207
151.4828
151.3544
152.0131
150.5831
151.5953
152.3695
153.2818
152.3603
152.5179
151.9901
154.0677
155.1004
153.8829
153.2963
155.9757
157.1211
156.6574
155.4923
155.5622
154.3548
155.7149
152.8298
154.4648
155.3878
155.8424
153.6019
154.3256
153.2676
152.5600
150.6452
151.3449
149.5652
149.7964
152.4621
153.6451
154.1417
152.8037
154.7300
154.6217
153.3115
151.7626
153.6361
151.4123
150.1452
148.8969
149.0660
150.4431
149.9970
150.6993
152.4265
150.0905
152.2343
151.5981
150.7980
150.3402
151.7649
153.6914
153.4526
151.3227
151.2585
149.7250
149.6778
150.1777
150.1359
151.0278
149.7760
149.5845
151.5230
151.0883
150.4073
150.8786
151.0629
149.4250
149.7989
149.6517
149.7559
148.7301
151.3472
151.8705
152.5563
149.6761
148.8875
149.7118
152.4625
150.4271
152.1058
150.5384
152.2227
152.6450
151.3497
153.3319
153.7657
153.1696
154.1973
151.4554
155.6372
154.3288
152.4303
151.7456
152.1676
152.8213
153.8440
153.6260
152.9066
154.5111
152.1638
153.8711
153.2289
151.6482
153.4762
153.1160
152.6692
150.6289
149.8847
150.6734
150.3334
151.8786
148.8594
149.8142
149.9672
148.3511
150.9684
151.3436
150.4541
150.9081
151.1735
153.2061
154.6852
154.1216
153.6402
152.6682
155.4291
153.6613
153.7619
153.0286
153.0583
153.6012
153.4046
148.8000
151.5880
151.6086
153.6194
153.3756
151.5545
152.0501
150.2939
152.8562
153.6881
154.5312
153.0476
154.3537
154.6406
154.0587
152.5608
151.6595
152.0414
152.2409
155.1906
153.1486
151.6439
152.2226
153.2094
152.8356
152.6043
153.7369
153.2981
152.3785
152.4705
154.2981
153.8565
154.1087
154.5638
154.7986
153.1621
155.1139
153.2604
151.5765
151.3908
154.2223
153.7962
154.0037
154.6015
152.3428
151.6118
151.5917
151.1088
153.2032
152.5508
151.7148
151.2726
152.1397
151.9897
151.7854
151.1147
150.5825
152.0015
149.7236
151.1158
152.2326
151.0591
150.0068
151.3502
151.6964
151.6890
150.2621
149.8150
149.5539
151.0719
151.0903
151.6822
153.2866
151.1486
152.6121
152.6559
152.8816
152.0702
151.8855
150.7482
151.1955
150.9912
152.5685
151.7093
151.6828
151.2598
153.7146
152.1473
152.0432
152.1908
153.4085
152.1717
151.8827
152.0266
153.0385
151.8628
152.9771
154.4334
154.6554
153.5442
154.5928
155.1574
156.3141
153.4996
152.3063
152.5099
154.2811
153.5525
152.6673
154.7920
154.6174
156.0015
155.1425
154.5472
152.7546
154.5824
153.1335
155.3715
154.3452
152.2941
153.5621
154.3119
154.5742
155.5672
154.8380
154.4599
154.3300
155.0250
155.4471
155.6012
156.1094
155.6489
154.2619
155.9842
154.6563
154.4996
154.7637
155.5474
153.9784
154.5613
155.6905
157.7235
153.8676
156.7938
154.7575
152.5451
151.3473
152.2266
152.4444
153.4398
153.9353
154.4350
154.6265
151.7601
151.1868
152.2694
152.3473
152.4606
151.6633
150.9092
149.6485
149.3171
151.8830
150.5495
151.4551
151.9481
150.8581
152.7135
151.9303
150.1647
149.2104
147.1595
145.6769
145.4492
146.3030
148.4194
147.5275
147.8036
146.6151
150.2232
151.7410
150.7451
149.8441
150.7967
149.9108
151.1138
149.3742
149.7431
151.0544
151.8017
153.9674
152.2147
152.9361
150.9387
151.1809
151.7948
152.8918
150.0913
151.8764
153.6983
154.8926
155.2589
155.6511
155.7848
156.9665
155.1371
154.7725
155.5094
154.7527
156.3553
153.8451
152.7854
153.1563
152.6211
151.9348
153.3127
154.5641
154.5830
153.8867
153.8301
154.9046
153.3255
153.2182
151.8707
150.5848
151.3436
151.7689
151.9989
153.7310
153.9816
155.7386
156.2647
154.1051
152.9498
154.3988
153.5792
153.3576
155.6220
155.8267
155.0740
157.4772
155.5145
157.4795
157.9342
159.2710
157.7410
155.8613
157.1912
156.7785
158.1124
155.7834
151.8445
153.9352
154.0054
152.3942
152.4066
153.2407
151.5014
149.5748
150.3769
152.3864
151.8438
151.7335
152.7544
151.4109
154.1180
152.8664
152.0676
152.0343
155.3782
153.7360
154.7998
154.9766
155.0009
155.1505
153.6412
156.4978
154.7735
154.9504
155.9004
156.0745
157.7127
156.3841
158.5128
157.4755
157.0204
157.1090
156.7057
156.0082
155.6442
152.5912
154.3294
154.2713
154.7186
154.8964
153.9697
155.4679
155.3475
156.9505
158.0186
157.2383
156.3754
156.3857
156.6378
156.6093
157.0888
158.0168
155.3982
157.4416
159.0714
158.0932
158.7441
158.5102
156.5854
154.4245
155.9387
155.1984
157.0849
156.8589
157.2496
156.9279
156.3768
156.5007
157.8833
156.8907
155.7497
154.7762
156.0129
156.8802
157.0213
156.9608
157.7173
156.9702
158.4430
158.5237
157.7508
158.0138
156.4454
154.2660
155.7446
156.9444
157.9313
158.7885
155.3135
155.3241
155.2026
157.3123
155.8681
154.8574
155.7842
156.1018
155.3914
156.7649
156.9936
154.8435
154.9133
155.6335
156.1914
154.7913
155.4588
154.8581
157.3658
157.4462
156.0143
156.8895
155.8134
156.8823
158.0981
157.4450
158.7009
159.4946
158.7719
159.1429
159.5269
159.6760
160.1784
161.1657
160.3030
160.4656
161.8209
161.4355
159.2974
161.2576
158.7893
158.7155
160.2859
160.6161
161.1832
160.6806
158.7226
157.5293
158.8275
160.9389
158.6972
160.2801
160.2557
159.9568
159.3992
161.7081
159.6893
159.9123
161.4536
158.3520
160.3124
159.2252
158.6813
157.5670
159.0776
158.1308
159.1262
158.2994
160.5606
158.9405
159.6027
159.6511
158.2727
158.8621
159.1398
156.8934
157.8628
158.6700
157.4511
157.0988
157.1295
158.5742
159.2595
158.6290
157.5909
160.2890
158.3857
160.6063
159.9250
158.5149
159.6314
159.0376
158.4119
157.6834
157.2721
158.3023
159.4955
158.3631
160.0433
157.7585
158.4631
158.9347
159.6378
158.5402
157.9190
157.6005
158.3027
157.5202
158.3460
158.5439
157.3961
158.9446
156.9878
159.0821
159.8773
160.7381
160.4805
161.4188
161.6587
159.5667
158.8093
158.9514
161.7891
162.2563
160.3421
160.2603
160.7622
161.7971
160.4210
161.5239
159.8386
161.5423
161.9898
160.2925
159.5535
160.3779
160.3288
160.4330
159.8867
160.5173
161.2402
160.5224
157.9139
159.2854
160.8366
160.2916
158.7086
157.6028
159.2099
158.9516
158.5596
158.0566
160.0966
159.4367
158.2338
158.3856
157.6775
159.7260
158.2970
157.4515
157.4322
158.5815
156.3600
158.1467
157.5166
158.0625
159.8450
157.7362
156.7153
156.8177
155.1293
156.5920
156.8821
156.7450
156.3029
156.5292
157.8438
156.7226
157.7267
158.8600
158.3272
157.9304
158.0939
155.0115
155.8197
156.1299
157.0335
159.5965
158.8058
158.1216
158.4105
158.3469
157.1865
157.2039
155.3912
155.6399
154.7035
156.0241
157.4125
156.9521
157.1046
159.0002
157.9104
159.9060
158.2196
157.5812
157.6264
157.0317
159.1676
160.7931
158.5611
157.0854
155.8215
157.6371
158.3054
156.2570
157.2539
154.7194
155.9543
155.1956
155.7832
154.6615
156.5188
156.5801
158.5031
158.2712
158.2834
157.0430
156.1563
157.2506
154.2547
153.5071
154.0995
153.8634
153.1536
155.6008
155.3694
155.4320
156.0120
155.3756
152.7392
153.2273
154.5155
155.1438
156.4708
156.5148
156.6666
158.2841
157.9001
159.2839
158.5127
158.0512
158.2863
156.3230
158.3371
155.8080
154.3275
157.6135
157.1102
157.4142
156.6871
157.5501
157.3129
157.5473
155.6182
155.3995
156.0300
154.3367
153.4519
155.3008
154.7229
153.4161
151.5544
153.8946
154.5271
156.5961
158.8907
157.3008
156.1606
156.5325
157.2949
156.4896
154.8433
154.2167
155.4479
155.3033
152.7379
154.0495
154.7146
155.6968
155.0228
155.5868
155.3724
155.3716
155.6401
154.1170
155.8914
157.7903
155.9355
153.8066
155.8283
154.9315
154.7553
154.5852
151.9227
154.9315
152.7299
152.5374
152.4308
149.2636
151.0635
151.6884
152.1364
150.4911
150.4866
151.8931
150.4520
150.9125
149.6647
150.8269
150.0816
151.1112
151.8199
150.0761
149.8407
149.0449
149.9516
149.3891
147.9271
148.5030
149.7820
147.2273
148.2308
150.7869
151.3393
149.9219
149.3477
151.2087
151.5330
149.9166
150.8139
153.0183
151.1102
151.9367
150.4935
149.4330
147.2811
149.3461
151.0072
148.9164
148.5112
148.1014
148.8259
149.8058
149.2018
148.5678
151.2264
151.9989
151.6245
151.8098
151.7982
151.6537
152.6659
153.4089
152.7489
154.7000
153.3516
150.9842
152.1115
151.1599
150.3480
151.6316
151.0515
153.1273
151.8900
152.0029
150.8352
149.7335
149.1948
150.7277
149.3291
147.7235
148.5821
146.6948
149.0070
150.1712
151.7511
150.3674
147.9024
149.7694
153.5556
152.7794
154.5574
153.0569
154.8327
154.3357
151.4118
148.7208
150.7121
150.4621
149.6934
150.9125
151.1255
148.9193
149.7349
150.9762
150.2401
149.0862
148.9739
149.1778
149.1751
147.5012
148.8770
148.8638
150.1655
149.5251
147.9139
150.5616
150.1095
152.0725
149.8197
150.6990
151.7506
150.3256
148.4563
149.3119
150.3538
148.0484
147.3439
148.7376
150.3715
146.8992
150.5167
148.4690
152.0522
151.6995
152.4122
152.6364
152.5379
154.6625
154.4634
151.9571
152.8432
155.0742
153.8393
154.9381
155.1035
153.0331
152.9331
153.8060
152.7453
154.7166
155.3025
153.3240
151.5260
153.2170
153.2542
153.4047
152.0218
152.9894
150.9665
151.1337
153.2184
151.2574
151.0637
151.9195
152.8473
155.2896
154.3241
154.7888
152.4579
152.7910
151.6658
152.4380
152.2297
153.8644
152.0053
151.2851
151.4346
153.4548
153.3052
150.0399
150.8365
151.3219
152.3620
152.6563
150.7189
150.4524
149.9345
149.4806
149.4758
151.6233
149.6222
148.1921
152.1553
150.4115
151.8011
150.4751
151.2282
151.5619
151.9388
153.1112
151.8354
152.2798
153.2894
150.7652
151.1724
150.6795
147.5260
149.7208
151.1899
146.6744
146.5245
146.7943
148.8987
149.5168
149.8429
148.5682
144.9802
146.9870
148.8167
150.1274
149.4891
150.7482
149.0911
148.7985
149.2986
149.0680
147.5519
146.5565
147.3510
148.4862
148.1936
149.4997
148.3402
147.9646
148.6092
146.9925
148.3710
148.6894
147.5984
149.3134
149.0495
147.5069
147.8600
148.2847
149.7776
147.7390
147.9063
149.0162
147.5740
145.4247
148.2507
147.3777
145.9967
145.9562
147.8621
147.7293
147.5293
146.3371
147.8047
146.5312
148.9062
149.4844
147.5002
147.1107
147.7172
145.8722
146.8098
143.5362
143.3361
145.7031
146.3281
144.1604
143.9924
144.8677
144.8715
144.6267
142.4233
143.9580
145.5639
145.5387
145.9673
145.7270
147.7374
150.1119
150.1288
151.7273
148.2474
148.6494
148.2089
150.1833
150.1782
149.0688
146.8790
146.4686
147.3419
146.5322
147.3950
147.0750
148.5462
147.3093
147.8654
146.0590
146.9591
148.3188
146.2819
147.2072
145.7449
147.7375
147.9523
147.8185
148.3998
148.3138
149.7175
148.8274
149.5961
148.1380
151.3396
151.3921
150.7301
150.7232
149.8258
149.3732
147.7984
146.7093
147.4979
149.0691
148.0665
145.9969
145.4796
147.3090
146.4310
147.4352
149.4844
146.7956
148.4651
150.0780
149.1344
151.3283
150.3836
149.2545
149.9034
149.7476
150.2772
151.9607
152.0397
152.8789
151.8163
151.3473
152.6865
150.3308
150.4828
150.4975
151.2625
151.4866
148.9953
148.9308
149.8418
150.4786
150.8062
152.4845
151.6028
151.9354
150.8121
148.0420
150.5651
150.4342
149.3897
148.7385
149.8304
149.3130
150.2861
150.1755
149.8658
148.6891
146.9526
147.0178
147.3607
148.2469
148.7944
149.5671
149.1194
146.4802
147.3897
148.1276
148.6512
149.1672
150.1281
146.8441
145.5720
147.2276
146.8275
147.3054
145.9562
145.9580
145.8666
145.5962
145.0303
145.5727
144.1761
146.5238
146.7494
147.3061
150.1542
147.9901
150.5549
148.8741
149.0375
148.0354
147.0422
147.7855
145.1903
144.9542
143.8195
145.8982
148.1779
147.2226
144.8592
145.6931
145.2148
145.3759
144.7264
145.0567
143.2317
144.4728
145.4633
145.6753
146.5051
146.4598
146.3913
147.6834
145.8705
147.2419
145.5323
145.5789
145.1693
146.8325
146.5523
147.8450
147.5058
147.8177
147.9834
146.3205
145.6900
144.9379
146.9183
144.4449
144.5799
144.8174
145.4554
147.7012
145.9415
145.6224
144.3682
147.1343
147.4194
146.9843
146.0449
145.8740
146.6928
147.8898
146.3148
145.9091
146.3847
145.8859
145.6959
146.2448
145.5135
146.3808
145.9361
145.6488
143.3669
143.3501
143.2138
143.1250
142.5327
142.4506
144.0318
145.2366
145.5101
144.8402
144.5407
143.4769
144.3264
143.9259
143.0957
144.8647
146.5050
145.8195
145.5064
146.6394
147.9710
147.2326
147.2636
145.5904
143.0155
142.7341
144.2299
143.9295
141.1947
141.7923
142.6294
142.4699
143.2029
142.3483
143.7207
143.3304
142.5867
143.1231
142.3618
144.0963
145.2314
142.3753
143.5164
142.7900
141.7475
141.6279
143.4884
143.7451
140.8001
143.1283
144.3878
144.4005
145.4988
142.6337
144.3603
145.2404
142.1135
140.9881
140.5644
140.5112
140.6426
140.0886
138.5819
141.4413
138.0638
139.4195
139.2057
139.1820
140.9627
140.7931
139.2638
141.7546
143.3135
142.1557
141.1287
140.2359
141.2135
141.5868
140.3014
138.6017
141.7491
139.4114
140.0998
137.7101
136.9810
138.4261
136.4724
138.3235
136.6444
138.7956
138.5770
138.6089
138.2671
138.8305
140.8330
141.6984
140.8779
141.1165
139.3594
139.0992
138.8537
140.1490
139.9762
140.1782
142.3558
141.5223
141.4395
142.7765
139.9103
138.7761
141.2999
137.8649
139.7611
139.2241
141.0213
139.2101
140.1279
141.0535
141.0530
142.9162
143.0784
144.5777
141.2715
143.3169
143.6160
144.3495
143.8462
145.6803
143.8263
144.4239
144.1581
145.0077
144.9754
145.3236
147.0202
145.6479
146.9397
148.8980
145.8428
149.7287
148.1363
145.8803
145.3999
147.9149
145.4727
147.2803
146.9736
145.7919
147.7917
144.6237
147.2302
146.0130
147.0243
147.3983
150.6815
151.2953
152.8095
151.3625
150.1882
149.6917
149.2585
149.6501
150.2068
148.1343
147.4998
146.7880
146.9749
148.0232
148.9557
149.0112
149.5007
150.3834
149.2778
151.8690
151.3852
152.9907
152.7253
152.7671
152.8666
151.9344
152.4011
151.0869
150.7232
149.8199
148.1637
148.2050
145.6464
148.0196
148.1608
148.1001
146.2745
145.7325
147.5986
145.3838
144.4116
143.9901
145.4694
144.8000
143.5643
144.5077
144.6939
143.6987
143.2609
142.4720
142.4487
141.7451
143.0965
143.6074
142.2024
144.6793
143.2792
146.0777
145.5336
146.7857
147.9794
149.7999
149.2940
147.6303
148.1683
145.7252
147.3701
150.1093
147.5671
149.0063
146.9750
148.3482
146.6067
146.4864
146.3147
147.6835
145.2394
147.3128
146.8856
146.5300
147.1056
148.0777
149.2579
148.7629
147.7480
145.8322
146.5417
146.5417
146.2986
145.7329
145.9529
146.2980
144.1720
144.2082
143.4343
145.7227
145.4119
145.7359
145.6379
148.6628
148.2161
147.9889
148.1782
148.9624
148.9945
149.3111
150.0030
148.7243
151.4501
149.0603
150.9067
152.6852
149.4506
148.5122
148.2406
147.5730
148.6475
148.9783
147.7134
147.4532
144.5988
144.4073
142.2428
143.4108
144.4922
143.3092
143.2864
142.7503
143.4571
141.3802
142.2954
143.1610
146.0124
144.7683
145.3666
144.4921
144.3863
146.7580
150.2510
149.2330
149.0028
146.5109
145.0045
145.1598
145.6229
146.8913
145.9154
146.1667
147.8239
146.4905
146.1262
146.4602
146.5262
145.6977
148.0099
146.3410
146.0814
145.0474
145.2106
146.6334
145.8254
146.6662
147.9238
146.8432
148.9517
148.2171
146.6855
144.9543
146.5485
145.2973
145.4626
148.0316
146.8298
147.8813
150.3958
149.6861
150.2888
149.7697
146.4100
147.8853
147.7100
149.9163
149.1330
147.8485
151.6459
151.4112
152.0501
152.9644
153.5071
151.9861
152.0826
152.1663
149.7733
147.0205
146.9431
148.4729
147.9197
146.0089
147.4700
147.4977
147.9796
150.8913
147.9456
148.2930
148.2139
146.7890
147.6038
147.0580
147.5898
148.6389
149.3577
148.7346
150.7064
151.1869
149.6296
149.5642
150.6479
151.2041
152.6761
152.2042
152.0027
152.7110
151.5816
153.7549
156.0057
157.1326
155.3167
156.9658
156.4704
156.2755
154.1273
154.3514
155.7786
154.0987
154.5416
153.0935
152.8611
154.2156
154.2147
154.0164
154.6515
153.7210
155.1156
154.6602
155.4657
154.5942
153.0989
153.1398
151.8047
151.8234
151.6043
152.6375
152.8209
153.7499
152.7989
153.9041
154.3721
152.1289
154.2934
152.3923
154.7367
155.8980
157.0560
156.3573
155.1306
159.0845
158.0506
158.7607
157.8145
157.6120
156.6003
154.7974
152.2181
152.6563
151.4109
151.6768
152.0792
151.2958
152.6106
153.1642
155.6068
153.4014
154.5516
155.0912
156.2161
156.3628
156.5256
157.4430
156.3164
156.2913
152.5060
154.7385
155.2774
156.2069
154.2652
153.6932
155.0433
155.5671
156.4936
155.1246
154.5115
155.4734
156.0825
154.2380
156.8640
155.7772
157.4938
155.9970
154.7701
156.4542
156.7693
155.9553
154.1076
154.2496
153.4559
151.7264
154.0907
154.1573
154.1036
155.1584
155.9211
155.2169
153.6232
152.9908
152.4052
153.1133
152.5866
152.1238
151.3886
151.4670
150.6395
151.9008
151.5586
149.3073
148.9509
150.3396
150.1101
149.0906
150.6757
150.4874
150.9888
149.0934
147.7096
147.7702
147.6813
147.5454
150.8013
149.6117
149.6748
149.4484
147.7230
150.3082
151.2538
151.4632
150.3747
150.8822
152.8118
151.2486
150.9162
150.6895
149.7276
147.9015
149.9935
150.9932
151.7725
150.9949
150.8029
152.5787
152.3283
150.9104
149.5446
149.2079
150.0600
151.1493
153.1606
151.2681
151.7708
153.1999
153.4701
154.0410
153.5269
153.3690
151.9256
152.7640
152.0311
152.7316
152.1162
152.4906
152.3267
149.8466
152.3043
151.1974
150.9137
151.7585
150.2213
152.9132
151.6992
152.4862
149.3231
148.7407
149.5650
148.4378
148.1191
146.6717
148.7354
148.9439
151.6399
151.1295
150.2974
151.4052
152.0210
150.9868
151.3522
150.7921
150.6190
151.1891
150.6498
152.1599
152.5098
150.2101
149.8804
150.0442
150.3958
149.7417
150.5861
151.1886
151.2451
148.6330
148.1798
148.1733
146.5639
149.0555
147.6362
146.8579
149.1519
146.7882
147.2711
145.2090
147.2782
148.8938
149.0892
148.4424
147.8051
147.8119
148.4729
149.1780
151.2432
149.3100
150.1824
147.2070
149.1368
147.1620
146.6158
147.5503
148.5711
146.6798
146.4820
147.0763
148.0693
147.1453
147.0233
148.9396
147.4275
148.9082
148.9431
149.4747
148.3530
150.5549
148.3133
149.3590
148.1028
147.5463
148.2990
147.4783
149.1923
147.1135
147.8038
150.1312
148.6613
148.7467
149.3646
150.5330
150.0478
150.4985
151.8858
151.1191
148.5200
147.2679
146.4109
148.0154
148.0137
146.7433
148.4354
149.3771
148.0065
147.0248
148.2334
146.9835
148.2481
147.4958
149.6561
149.2677
149.1744
150.0391
147.4268
148.9298
151.1946
150.2340
149.8889
150.8656
149.8251
151.6781
152.7875
153.4775
152.2539
152.3503
151.4013
149.7576
151.1418
152.7053
153.4884
154.7261
153.9959
154.9015
155.4921
156.8403
159.1866
156.5826
157.6142
158.1151
158.6651
157.1412
158.3783
158.6334
158.0061
157.1799
160.3239
160.2268
160.6494
162.0826
161.4979
162.3433
161.1015
162.1343
159.4363
160.4762
159.7090
159.0927
160.5348
160.9946
161.6981
160.6811
160.8519
159.3848
159.4671
159.9250
154.7139
156.8796
157.0427
158.2730
157.1421
153.8978
154.8816
154.8659
154.1058
154.9355
158.1172
157.2615
155.6700
154.4797
151.5179
152.4478
153.2624
154.5431
153.5564
152.7647
152.0231
151.6642
152.4014
151.8065
150.1289
150.4267
151.7966
150.1996
151.1279
152.5627
153.1040
153.5863
155.5319
154.3950
154.2670
152.8189
151.6409
152.1335
154.1119
153.1824
151.5778
153.6546
152.9072
154.4098
155.7370
152.9311
152.3177
153.1359
153.4632
152.9077
154.2645
153.3225
152.7257
152.0605
151.6594
151.6825
149.9847
149.2243
147.3575
149.3358
148.8378
148.3731
151.4454
149.9168
149.0127
149.8372
150.1866
150.5766
152.2777
151.7600
151.3075
150.3641
151.0700
151.2736
151.5881
150.8305
152.8790
151.2895
150.7450
149.4032
148.7564
148.8006
