131.8766
130.8251
131.6974
131.9289
131.4991
130.9590
133.0060
132.5967
133.2136
133.8390
132.2281
131.7727
130.3609
132.1369
130.8240
131.4793
130.4223
129.5307
128.7619
126.4958
129.4777
130.6754
130.1301
130.6066
130.9685
129.0301
129.0687
128.0314
131.0854
129.3297
129.6319
126.5442
128.4483
128.8221
128.5663
128.8928
128.5001
129.0734
127.7851
126.4436
124.0907
126.4286
126.0621
127.4397
129.6731
129.9556
127.9337
126.2300
129.7582
129.3789
126.4238
126.5268
125.8458
127.6101
126.4485
128.0460
125.5812
129.8829
127.5550
128.8269
127.9909
127.7800
124.2715
125.7662
127.2708
124.7760
125.7687
126.2078
126.4768
126.9247
128.2268
129.9791
129.4703
127.7188
126.5902
126.1522
125.4165
125.5700
126.9766
128.2449
128.4500
129.0727
128.2892
128.5539
128.3915
127.4604
125.4759
125.9932
126.3170
124.8824
126.1430
126.1424
124.7503
123.9643
124.2840
123.4115
122.8848
123.6565
125.0925
125.3542
124.8928
126.1173
125.8588
125.7344
125.9615
125.4315
125.8068
123.8245
124.1584
123.8535
125.0716
125.1859
128.3619
127.3685
126.6965
127.8775
128.1269
127.3546
127.4827
128.7744
126.8007
126.6545
125.5448
127.2284
126.3508
127.9146
127.1937
125.9003
125.1229
124.0153
124.1251
126.4571
125.1230
125.4436
126.7520
127.7440
129.9883
129.0847
128.3302
127.1930
126.3662
127.5228
127.0719
126.1336
128.1275
127.9138
128.8733
126.9217
128.6359
129.1714
130.8057
130.3047
131.0411
129.4682
129.2730
131.2147
131.1453
131.4273
131.4719
130.7509
131.2980
133.4510
132.3448
129.9722
126.9350
127.7398
129.9266
130.1762
130.4267
129.0801
131.3307
129.4414
129.1247
130.6764
129.0639
128.0776
128.3310
128.1265
131.2224
132.1706
131.1268
130.9537
131.7541
130.3729
131.7641
133.0200
131.3655
132.3683
131.7677
131.7836
131.8736
131.5311
134.1610
132.7420
134.5883
134.6931
135.2660
134.6804
135.0394
133.6092
133.4850
135.5210
133.6369
134.0171
133.6939
134.0424
134.6324
133.5696
134.3865
135.3339
135.1608
134.3146
134.5803
134.7436
133.4866
132.4952
134.4031
134.0551
134.0659
131.9226
131.9465
132.1141
131.6994
134.7344
133.7089
132.7766
131.4698
133.5402
133.9242
133.4492
132.7389
133.6970
132.5474
134.2113
133.9265
132.5245
131.9385
131.3354
132.4645
133.4330
132.9315
131.5860
130.6434
131.5355
130.7808
131.1024
130.7184
130.3731
134.2804
132.3294
133.2026
132.9245
131.3465
131.9416
132.2193
131.3029
130.6212
130.0293
129.2947
130.7069
130.8815
127.8539
129.1131
130.9744
132.0751
130.1477
130.5120
130.1268
133.2691
131.4914
131.5462
130.0799
131.4154
130.2287
129.8962
129.1839
129.9700
130.8504
131.2222
131.3682
130.7819
130.1954
129.9614
131.4200
132.7029
132.2025
133.1046
133.0148
131.7134
131.4569
131.9919
132.6620
132.0257
132.2601
134.7271
135.5369
135.4549
134.3025
133.4181
132.3268
132.4556
132.5514
133.7235
133.7199
133.7074
134.2826
132.2732
128.5173
130.1362
131.5501
130.1105
129.1073
128.6691
128.5415
128.7878
129.7704
129.1749
127.5277
127.0801
125.5713
125.8663
126.7587
124.9160
125.7605
124.8313
123.0822
122.9276
122.3661
123.1263
122.7617
123.0012
122.7929
124.8626
123.0485
123.1728
122.3108
121.6847
121.6357
123.2963
123.5297
121.1520
121.4563
120.1637
119.9183
118.0138
120.3419
120.1773
119.7559
121.8010
121.0149
120.3798
119.8909
121.9929
120.4869
120.6006
120.1384
120.4473
119.1132
118.6635
118.1321
117.4213
118.9867
119.2401
119.5050
118.8835
120.1874
120.8459
120.4114
119.2001
118.0213
119.7052
120.7190
121.7982
122.6014
121.3953
121.9161
120.7777
120.4907
122.5921
121.6696
121.8301
123.6059
122.6573
124.6486
123.0858
122.5332
122.4394
124.4248
124.2194
124.3566
125.5219
124.6956
124.6914
124.8499
126.9982
127.4251
126.8509
126.7030
124.5873
120.9082
121.1537
120.9811
123.3294
123.3644
124.3011
124.1802
122.0982
122.6500
124.2012
124.3498
123.7277
124.1189
125.2004
123.1669
126.5199
127.7091
128.9995
129.0100
129.2002
129.6833
128.3633
128.9482
128.3459
130.7415
131.4204
132.1271
132.7292
129.8503
130.3175
129.8448
130.4913
129.6972
129.6657
129.1731
130.0585
128.2195
129.1258
132.2351
129.3265
130.8976
130.2034
131.5689
129.7565
129.3010
131.6878
130.9056
130.3221
130.4744
129.1072
128.5419
130.2440
129.9573
129.7673
131.1362
132.1798
130.9821
133.5345
131.9804
133.6982
133.9821
134.3129
133.0466
132.3468
134.7192
134.3652
132.9841
133.1307
131.7494
132.4778
131.4510
132.1574
132.8659
132.8886
134.5281
133.7536
131.9622
133.9871
135.5334
134.2781
135.2951
134.8159
135.5339
135.2691
134.0678
132.1506
133.3693
133.0056
131.1831
130.7924
131.1744
130.5138
130.9745
132.5455
130.7250
129.8812
128.8012
128.5642
130.3523
129.6915
128.9194
129.2921
129.0829
128.8178
129.2487
130.8105
130.9456
131.7507
131.6054
130.4425
131.4470
130.6667
130.2073
131.6745
131.9189
131.4077
132.7802
130.3089
132.4081
131.4334
130.6886
132.7431
132.4298
133.4656
132.9405
131.0188
132.8515
130.5745
131.3779
129.3010
130.1446
128.9388
130.4338
131.0299
133.1954
132.9222
135.1128
132.7609
133.9109
131.4161
132.2770
131.8331
130.5108
130.3386
131.0915
131.2400
131.0377
132.0687
133.6185
133.7383
133.9881
134.1449
135.2467
131.5919
132.0788
132.0334
131.9276
133.6546
133.7087
131.8887
133.7159
133.2206
134.1970
132.1440
131.7945
132.1735
131.9989
133.0233
132.4418
131.1839
130.8203
129.5352
129.8565
130.2470
129.5701
131.4811
131.7854
131.8232
130.6706
132.6620
133.0926
133.0650
132.2745
134.2589
133.4031
131.7284
132.4210
130.8140
131.1117
130.0269
130.4973
130.1381
131.0624
128.9388
130.7804
129.9081
130.8856
130.6361
130.0935
131.2753
129.3862
129.7371
129.0811
128.9726
128.5619
127.6714
128.8372
130.5217
130.6303
129.7958
127.6128
129.2203
128.2171
127.5050
128.4357
129.4804
129.8653
130.0220
129.4248
130.0719
129.3162
128.3785
128.2433
128.0213
127.2518
129.2404
128.1950
128.0608
127.6991
129.2376
131.6496
130.2406
129.5936
130.4859
128.7970
128.1039
128.5529
127.3385
126.8010
124.9367
124.5963
125.6537
127.2475
124.9304
126.5007
126.0581
123.5561
124.4509
122.7984
122.4322
121.6491
122.9419
124.2083
123.2240
123.6894
123.9272
124.8457
123.8341
123.8258
125.1079
126.1944
123.6502
125.5783
123.9363
123.5208
122.8578
123.8059
122.9951
123.1367
122.5025
121.8305
121.1051
120.4639
119.5555
119.9291
119.1718
120.3944
120.3523
121.6977
121.2603
121.0872
120.1105
119.0076
119.4822
118.7801
120.3427
121.1528
121.6207
119.8693
119.3845
118.7955
119.6719
118.9285
121.1665
121.9076
122.6927
121.3110
120.1711
119.7916
121.1720
119.9052
119.9776
120.2199
118.9580
117.1872
117.5463
119.4203
121.2096
121.0291
121.9517
119.8602
122.2644
120.8915
120.9771
121.9056
123.5042
124.4639
121.9129
123.9287
126.8264
125.5201
124.4691
124.9561
125.7121
124.4615
124.9903
123.9052
124.1388
123.6677
123.4461
121.6462
122.0341
120.3937
120.3449
121.2359
123.0282
120.5523
120.7567
122.7099
123.1728
122.3273
122.0648
122.0471
122.1802
123.6248
123.3570
122.6512
123.7929
126.0944
126.1096
124.9026
125.0302
126.3360
125.6240
123.8151
124.5487
125.6797
126.4334
125.5724
125.6313
125.7495
125.4682
126.9571
124.8983
126.2526
125.1240
126.3366
126.5734
125.3257
126.0123
124.7748
123.2982
125.4099
124.8934
123.6514
125.3199
123.6320
126.3652
126.0561
127.1649
126.4772
128.1777
129.4459
127.9813
126.8560
127.9150
127.5635
127.5036
125.9672
124.8157
124.9772
126.7673
125.8776
126.8239
125.4604
125.4671
125.8340
125.5532
124.8764
127.0695
128.5178
127.6236
127.9886
128.5157
126.9741
127.2988
128.4240
128.1106
125.9176
127.2907
126.4645
127.4754
127.9170
129.5709
130.3772
129.4438
129.3090
131.0201
131.0704
130.4849
130.7563
131.1701
128.3002
130.1808
130.6525
130.8407
131.5377
130.8471
129.5369
130.2997
131.7667
131.3292
129.5226
130.9917
129.4511
130.1798
131.1086
133.0615
132.1997
132.6844
132.7374
131.0181
132.7522
131.0935
132.7827
132.7321
134.0059
135.0845
137.4849
134.5748
136.8193
136.6282
136.9368
136.1018
136.9261
134.9051
135.5839
132.3172
133.1965
132.5111
133.6456
131.0802
131.6443
134.9355
133.1924
134.1080
130.4416
130.5412
130.6711
130.7013
130.1072
130.8972
130.3746
128.9912
129.6137
128.5001
129.3276
129.7934
129.9850
130.5708
131.6559
130.4487
130.0731
130.1264
129.8420
130.0575
130.0811
133.0233
132.6895
133.5171
135.4915
134.5431
135.3391
135.4102
137.3156
137.1112
136.0132
136.2141
135.7704
134.5101
134.3196
134.6436
134.9589
133.7209
133.8460
132.8560
132.8595
132.8174
134.2750
134.1879
134.8847
134.0612
134.5316
135.5372
134.5206
134.0018
134.6615
135.1148
136.0726
135.8123
136.3803
137.0369
136.2040
135.7617
136.4770
135.5085
135.0737
135.3656
134.5598
136.3799
137.6553
138.6895
135.7597
137.4694
136.9772
139.1513
137.4683
137.4182
136.7866
137.6845
138.5580
138.1516
139.5810
137.4864
137.3021
137.1848
136.9964
137.4355
137.9860
138.3731
138.6127
135.7344
133.3222
134.2521
134.5842
135.3250
135.2840
136.1526
136.2429
134.5301
135.7605
134.1923
134.2412
136.0302
135.1232
134.0318
134.0785
133.4412
133.4425
136.6684
137.1270
138.3545
136.8017
136.4303
137.9742
138.1530
137.2987
136.3310
136.6823
136.9052
137.6703
137.6229
136.3143
138.5664
138.0762
138.2566
138.5075
137.3269
139.0255
136.5643
135.9855
134.3088
133.4443
134.8365
133.2588
133.3853
134.3621
134.1609
132.2054
134.8749
136.4882
135.6144
135.7973
137.0540
135.3388
136.0038
133.6979
134.7568
131.2575
132.2570
134.9500
135.4858
136.5740
135.4944
136.9904
136.0356
135.1001
137.1324
136.9847
137.5382
138.8698
137.2959
138.8109
137.5110
138.3829
139.7311
140.5268
139.7095
140.8045
139.6529
142.2869
141.8384
139.8303
137.3023
136.8250
136.7455
137.0772
135.7453
135.3729
136.3065
135.9743
134.7980
136.4895
135.7123
134.0538
133.8109
134.8166
134.0515
133.3818
132.4528
133.3193
135.1967
135.6473
133.7147
133.7482
133.6228
135.6757
133.5589
131.9210
133.4296
134.7572
135.1487
136.1055
136.4972
136.8074
135.7951
135.4406
135.3617
135.2155
135.8183
134.9140
134.9897
134.5047
134.9571
134.5535
132.2949
132.8123
132.8002
133.0991
132.8820
132.1801
130.0586
129.1920
130.4678
130.8417
130.8025
128.0345
129.2988
128.6223
128.0038
127.7914
128.5405
127.8765
127.1165
125.2256
127.1755
126.8062
125.3791
125.1191
125.6207
125.3243
127.1876
125.3756
125.2536
124.5085
124.1564
125.0304
124.2311
125.3108
123.4862
124.2352
123.2814
121.6957
120.8203
122.4502
123.2049
124.4447
124.3935
123.9755
122.8269
122.7022
122.4433
122.0331
122.2123
121.9848
118.4577
119.1379
119.4026
118.8689
118.8294
116.4200
117.3773
116.6572
116.0042
116.7816
118.9445
120.3219
119.6627
120.8505
120.1726
120.7557
120.6595
120.4845
119.4237
119.1111
118.7378
120.2380
121.0651
119.8835
120.8776
120.3065
118.1787
119.3083
119.8456
120.0051
120.3188
118.5274
119.7542
120.1396
120.5318
122.4659
122.5418
123.0192
122.2777
124.1843
123.5947
124.1407
124.3975
123.9971
123.5326
123.2935
123.9503
124.8599
124.3192
125.0818
125.7979
127.2941
126.6143
125.3362
128.3177
124.9138
124.6919
127.1329
126.4555
128.3713
128.2102
129.9097
129.8702
127.3754
125.7783
126.2168
126.3418
127.5710
126.0505
125.7951
124.3952
124.9675
125.4984
125.5110
124.9234
126.0154
128.7223
129.5601
128.8466
130.6775
131.0417
131.4655
130.5888
132.4517
129.9821
131.6875
132.4516
133.1636
134.2195
132.4737
132.5247
132.9640
130.8833
130.9980
132.2401
131.8738
130.6562
130.9517
130.0885
127.7926
129.7737
130.7183
128.6398
129.2031
128.5257
127.8988
130.3188
129.6644
127.8029
126.2994
126.2748
126.9237
125.3832
126.8837
128.5727
127.0612
127.1036
124.3912
128.3945
128.1993
126.5992
128.3315
127.4803
128.1351
126.7521
128.2895
125.0128
125.4652
125.7636
125.8188
126.6247
126.7192
125.9054
125.9610
123.2244
125.3432
123.7388
125.2752
124.1591
124.6830
125.7158
123.7687
123.8624
125.0564
126.3936
123.3578
123.2933
125.0908
125.5800
125.8626
125.3988
124.7861
123.2367
124.3095
124.2774
125.4657
124.1523
127.2760
128.6216
129.1829
128.0440
128.3441
129.9487
128.6056
128.0191
126.8954
128.1606
129.0349
128.9622
127.7003
126.4841
126.4038
125.4422
126.1248
125.6971
124.9988
125.8995
124.9581
124.5838
123.8277
125.8811
126.9514
127.2743
127.1886
128.3451
127.4355
127.2222
126.9348
125.1961
127.0985
126.1442
127.5229
127.1921
128.6135
129.3896
128.6585
126.2921
126.8953
125.5826
128.1930
126.4744
125.9902
127.5595
125.9352
127.2136
126.1822
126.7371
125.1847
124.2898
124.2949
123.9423
124.9219
124.6523
125.7973
124.8832
124.2199
125.8526
126.9685
127.0143
123.3012
125.1707
125.1920
124.5871
124.1703
124.2532
122.6654
124.5264
121.9388
124.9238
123.8964
124.6024
124.8378
123.9493
125.5146
126.4547
125.5325
126.1572
124.8617
126.8776
125.0109
126.3118
126.9122
126.3127
125.5192
126.2777
125.8332
127.8393
128.0362
126.9779
125.6101
124.2993
125.2863
126.3681
126.9964
125.6127
127.2922
125.6494
125.0698
125.1452
124.1106
125.2907
125.5731
125.1859
124.5368
125.4549
124.3985
122.9447
122.4580
121.6670
123.6722
124.9308
124.0259
124.7555
124.4837
125.5057
126.8917
126.4477
127.9389
126.6682
128.3336
129.2821
129.3541
127.3272
128.3579
128.3876
129.6414
128.9379
129.6746
128.8946
131.1711
127.7407
128.8678
130.5452
127.2670
128.1136
126.3441
125.9428
126.5727
126.8567
128.5512
126.6027
125.9372
125.2784
126.1743
126.7313
125.3628
127.5325
127.4258
127.2414
125.8161
127.3022
130.5200
129.6784
128.3724
131.1325
128.5454
129.7711
128.8365
128.0160
128.8002
130.0071
129.8013
128.4164
130.6521
129.7813
128.3843
127.6779
127.5918
128.1309
127.3992
126.2958
126.8547
126.7711
127.4630
127.5387
126.7609
125.3809
125.8736
127.0253
128.3264
127.8272
127.4616
129.0391
129.5473
128.4499
127.0824
129.4571
126.7809
127.1926
126.0059
125.0262
125.2005
124.3810
125.0073
125.3974
125.0420
124.1146
125.9493
127.1616
127.2563
125.3725
125.5609
127.3726
126.9965
128.6349
128.9899
127.6970
126.3886
127.7296
126.7225
126.8595
124.3409
123.5707
125.1201
125.3284
122.5699
122.1193
121.9459
122.2401
123.5779
123.4489
123.8937
121.6454
120.8643
122.3737
121.9470
122.6848
122.2444
123.6229
121.5361
121.4610
120.1164
120.2604
122.0728
121.8613
119.8181
120.7279
118.5737
118.8470
120.5223
120.9208
120.5694
119.2451
119.1250
119.7190
118.9312
116.6868
116.6435
117.0112
117.4482
117.1956
117.8650
116.7697
116.5114
117.6369
115.0874
116.9810
117.1328
114.9666
117.1466
117.1790
118.0033
117.6616
118.6317
118.1715
119.2276
118.6014
119.3040
118.4853
116.8116
117.6110
117.1532
117.2445
115.0904
115.3599
114.7009
113.7448
115.1428
115.9965
113.9885
114.6812
114.7703
118.0293
118.7837
118.0930
120.1251
118.3942
118.6489
116.3577
116.6328
114.8639
116.0262
116.1210
112.2235
110.2482
110.0419
109.4794
112.0691
113.0527
110.8702
109.1564
108.4594
111.3931
110.0326
111.6752
110.2028
108.8815
109.7893
108.3004
108.3985
107.8789
108.6690
109.9658
108.8693
111.4710
111.3681
110.6853
110.8526
110.3700
110.0241
110.1952
111.2234
111.7831
111.3155
113.2603
110.9000
110.6784
109.5400
109.3585
110.7099
111.5299
112.2498
111.6643
112.7188
112.8690
112.8415
114.6941
114.2725
113.7336
113.1943
114.6650
113.7788
114.4583
115.2077
115.7919
117.5142
119.4806
117.5390
116.2456
115.0704
116.5305
115.8356
115.7803
117.3583
117.9191
118.0805
118.9342
118.2801
116.6048
115.3343
116.3846
117.4992
117.4835
118.7173
118.7112
117.4499
119.4414
118.3953
119.0035
119.9331
117.7011
119.5793
121.6089
121.2098
121.5070
123.0848
122.9548
121.8038
122.8802
121.9458
122.8006
123.7128
121.9699
120.3644
121.5906
120.9814
121.4792
122.2739
121.0929
121.8306
123.4791
125.5630
123.1757
124.2013
124.4291
123.6367
126.3018
126.2995
126.3263
126.1030
128.3629
128.7524
128.6143
128.3160
128.4835
129.4614
128.3875
131.6458
132.4235
131.1439
132.1167
130.0229
128.8950
128.8977
129.4214
130.1342
131.3092
131.0245
130.5959
129.3443
127.5222
127.5976
130.2389
130.9178
130.2761
130.9273
130.6576
131.8083
131.4532
129.0963
130.7041
131.5850
129.8181
130.2251
129.6733
127.4857
126.1498
125.5452
125.3127
126.0972
126.2184
126.6744
125.7836
123.8450
124.7037
125.8238
125.5996
127.8206
128.5368
128.5037
129.8570
127.2154
127.2560
125.9607
127.9130
127.4439
125.5829
124.8072
127.2410
126.7277
126.8519
123.7654
123.2576
123.0896
122.7476
124.1796
126.3582
129.2678
130.0657
129.1233
127.9358
126.7684
126.9727
123.6096
123.0241
124.6570
125.8481
126.0171
128.8050
128.6395
128.9018
128.6908
127.9492
129.7525
127.7745
127.0928
128.8412
129.9254
129.4624
129.9765
132.4725
130.2397
130.1972
128.4036
130.3276
126.5788
128.0555
126.9543
127.9339
128.9075
129.4915
129.0607
130.3660
129.3522
131.4983
127.9010
129.0843
130.3755
128.5902
128.1661
129.6646
130.9696
130.9619
129.4653
130.6129
130.8704
127.5535
128.3587
130.6846
130.4115
129.3987
129.6803
131.4290
131.4137
131.7306
129.7890
131.0262
129.2455
129.7500
129.5148
130.2728
130.4234
129.7089
131.2095
132.9671
133.2718
133.2050
133.7729
131.5361
131.7810
131.1408
131.8798
133.3275
132.5690
131.9437
133.5194
133.7425
132.3513
131.9777
129.8395
128.6140
128.7217
129.3317
129.6128
130.6994
129.2786
130.8163
129.7798
129.7881
128.3529
129.6804
130.6463
133.1061
132.4832
130.1288
129.0026
128.8002
129.9595
131.0049
128.8899
131.5181
130.6766
130.3917
130.1629
132.3238
131.9850
132.9503
131.2640
131.3579
129.7000
129.8313
129.3472
129.3233
129.9997
131.1116
130.7100
131.6780
129.9109
128.9902
129.3191
127.0659
127.0076
128.8174
129.0849
128.5775
130.1668
127.1019
126.5838
127.5343
128.3147
128.5423
126.7698
128.9209
129.4384
129.9380
129.0098
129.7336
129.9243
130.3925
129.8941
127.8134
126.9861
128.7001
126.4090
126.2898
123.9625
123.9757
123.5050
123.1051
122.4086
123.2413
122.8454
123.6071
122.1607
122.5604
122.1158
122.7936
122.5751
123.0426
122.6545
121.1840
119.3818
118.1909
118.5358
119.3405
119.1203
119.2960
120.2896
118.0857
119.6755
119.9916
120.8759
118.3209
119.8115
120.0276
120.7785
120.3921
118.6971
118.8849
118.0406
116.7371
117.7627
118.9350
118.6058
118.8462
119.9225
119.7897
120.0698
118.4852
116.8309
118.7283
120.1578
119.7506
120.6093
119.9973
117.3134
118.7279
118.0782
117.9242
120.1708
118.5963
118.8442
119.8139
118.4377
117.3988
117.2469
119.4210
117.3256
116.7562
118.5843
118.6312
118.4590
121.0121
119.1768
119.8422
120.5934
120.0190
120.3305
118.9678
117.5274
119.4841
119.7733
118.7645
119.3422
119.9818
120.3631
120.7983
121.1315
119.1540
119.3273
119.4672
118.6189
117.2465
119.0771
117.5189
118.7611
119.2092
120.6737
120.5195
120.0971
120.1496
119.7062
117.9582
116.3855
116.8413
118.4890
117.1873
118.0213
117.9823
118.4520
117.7028
118.3574
117.0954
117.6495
117.2276
116.9322
117.1069
116.6209
115.4194
118.6215
116.8845
116.1939
114.6267
114.7485
116.6000
115.6316
116.1130
117.0180
117.3444
116.8069
115.6774
115.4244
115.5400
116.2730
117.0631
115.5894
114.9054
114.9275
113.6369
113.1369
112.9761
111.9255
111.7781
111.3108
110.7365
112.9500
113.7748
113.8941
112.7706
112.6494
114.8465
113.8080
113.4101
113.6110
114.3558
114.7016
112.0579
111.8564
110.6736
110.7700
111.0988
111.0928
112.3747
110.9988
112.4299
113.1571
112.6063
112.8185
114.4819
113.0966
113.4968
113.2582
114.1911
113.6878
113.4744
112.1250
111.1279
112.8363
111.8311
111.9084
111.3245
112.4262
111.4241
110.0436
110.3445
110.9223
112.4305
112.7935
113.0172
113.6118
112.1296
112.5829
112.7014
112.5269
110.9349
110.0536
112.2235
114.0484
112.3432
113.7089
113.1393
113.5148
113.6829
112.5888
111.9862
114.3107
113.3741
112.1470
112.2430
112.9078
113.7258
111.9397
112.8680
114.2262
111.8945
113.8317
114.8221
113.9440
113.6150
112.0153
111.9637
110.9113
112.7299
112.3504
114.1367
113.8083
113.7309
114.1462
115.3114
114.8195
115.1180
114.9198
116.6846
115.1464
115.9979
116.4206
115.2397
116.2004
116.6735
118.5822
115.1668
113.8518
115.3577
117.5510
115.0986
116.5723
116.0831
116.4083
116.2094
115.8407
116.8119
118.3236
118.1845
116.1820
116.2141
116.4994
116.9108
116.2060
115.8372
114.3758
114.8924
114.5171
114.9135
117.7420
116.1981
116.8098
116.5844
115.0273
116.3165
116.9253
116.3904
117.7592
118.3357
117.9373
116.7352
115.5100
116.4273
116.2390
114.3790
113.9006
113.5821
113.6395
113.7432
113.9819
112.3445
113.1221
112.3576
112.1054
113.1830
112.8058
113.1817
116.3981
113.8639
113.7078
116.0044
116.9504
116.5104
117.5173
115.8625
116.5690
116.9468
116.7457
116.9120
117.2169
116.5477
116.4216
114.7802
116.7270
116.8138
116.4514
113.5803
114.9817
115.6694
117.7862
116.8543
114.8677
114.6406
112.9082
111.2967
113.5178
113.2271
114.3930
115.4868
115.1530
115.3452
117.0794
116.2873
117.6307
117.8454
116.3475
117.6491
117.8925
117.7622
117.3787
117.9206
119.1197
118.7014
118.4417
119.0988
120.8797
118.8031
119.4847
119.5048
119.7967
120.6479
120.0342
117.7970
118.3678
117.6264
117.3448
117.8646
116.6168
117.3693
116.2816
114.5354
114.6605
114.9468
114.2906
114.4904
114.8663
115.9704
117.3226
117.7622
117.0606
119.1183
118.8965
119.1609
120.3990
120.8413
119.3330
120.4480
119.0977
118.7510
120.5600
120.7151
120.5797
122.2747
120.6244
119.1883
120.5839
120.7519
120.8054
117.5681
119.5596
121.3040
122.4462
121.2308
122.0489
122.3287
121.9645
122.4527
122.8379
123.4711
123.6586
121.7086
122.7295
122.4605
122.8941
122.0740
122.4255
121.3308
122.7776
120.1998
119.4627
120.7904
119.1058
117.4197
118.6018
119.1168
118.9186
116.7510
120.2917
119.9482
120.9270
120.0165
119.3247
120.4193
120.5139
119.9096
118.8869
119.5259
121.6509
121.4783
122.3283
119.9698
120.5024
118.7319
119.2194
118.9252
121.4523
121.5926
120.6343
118.9160
119.8993
121.6839
120.4158
122.3413
121.6051
122.1545
124.6718
125.2902
125.3579
125.8390
128.8903
127.2394
128.2152
126.3116
125.7186
126.0020
125.7859
126.4023
126.0588
125.7075
124.6243
123.7833
124.6081
124.3617
124.3485
126.3394
124.4706
124.8179
127.1508
127.1937
126.4865
124.4965
124.4227
122.6346
124.5870
126.4543
127.6152
128.4091
124.4726
126.0291
125.9041
125.3746
125.1793
125.0848
125.0591
124.9573
122.3403
123.4715
123.2975
123.8866
124.1731
124.2887
122.3783
123.9523
123.2167
123.1019
123.8941
121.6255
120.8795
117.8065
119.6834
120.2998
119.9708
120.3472
120.3701
120.7884
122.7549
122.6196
122.4171
121.8373
119.6718
120.9972
123.0998
123.4751
123.5302
122.0524
123.6628
124.5608
127.2368
125.5913
127.6970
127.3509
126.2801
125.1028
124.2685
123.3640
123.6818
122.5346
123.7700
125.3258
127.1291
127.4628
126.4447
124.7909
123.4551
126.5460
124.5688
124.2453
121.9830
122.9290
125.2995
126.0093
126.1319
127.4231
129.5326
129.9660
129.2471
128.3147
126.9754
127.8783
128.3599
128.9131
128.0045
129.3998
129.0448
127.8250
128.4788
130.0329
130.1380
131.3782
131.2498
130.0800
130.2695
131.4830
129.5607
128.1023
127.3004
127.9817
127.9297
129.3342
128.2099
130.4114
128.3279
131.3545
129.9103
128.7325
131.4869
131.1851
129.2040
130.1863
131.5668
130.9815
131.0264
132.6440
133.3813
130.9459
131.5201
132.2577
132.9004
132.0703
131.8053
133.9298
134.6074
134.6298
134.7236
132.8815
130.9952
131.9618
132.2761
130.8522
130.3492
132.6719
132.6885
132.2587
132.0239
132.6672
131.2113
132.0292
131.7482
129.0333
130.4725
128.7816
129.8920
129.6594
130.8982
132.0096
132.5118
132.5048
133.3817
134.3606
134.6498
135.1235
136.2086
135.9097
135.0927
135.2813
135.3887
135.3098
135.0368
134.3656
132.5350
132.4977
132.9396
134.4740
136.2006
134.6957
133.9073
133.5181
132.9214
132.8663
133.6081
132.0320
133.3012
134.7758
132.6630
133.8023
132.9302
132.3243
132.1193
131.1520
131.6287
130.2328
131.2008
132.7580
134.7184
133.0967
131.6748
131.4807
131.9667
131.9421
133.2282
134.4114
134.8395
132.2970
132.6827
133.6631
132.8195
134.4718
133.0828
133.3490
135.6371
134.2621
132.0439
132.9715
133.1201
132.7979
134.6395
133.2536
135.3971
136.5959
134.6417
136.8649
135.7262
137.0775
133.9858
133.1764
133.1598
133.1256
133.1976
132.4505
132.4807
130.5353
134.3159
133.6559
134.8855
132.9100
134.2125
134.2695
133.8778
134.6504
132.6385
128.9453
127.3570
126.3065
125.6157
124.7206
124.4549
126.0283
126.5963
127.0676
125.8099
125.4171
125.7550
125.4453
126.3213
125.8240
124.8339
125.5849
127.2455
127.6425
125.1609
126.4080
125.9192
126.8736
128.8853
128.0268
126.5757
127.0957
128.4942
127.0865
125.0755
125.6914
126.1586
126.4907
125.9886
124.3635
125.0644
125.2418
125.3265
126.1735
126.9060
127.1792
129.8359
129.7769
129.9585
129.3354
129.6656
131.3166
130.9379
130.6856
131.0607
129.5855
130.6977
130.0295
130.9648
131.3181
130.3544
130.8865
131.6365
132.4112
134.3902
132.7367
133.2112
132.2407
131.7402
131.3234
131.5223
130.6582
132.8656
131.8146
131.1173
131.5365
130.0744
127.6210
129.0151
126.3258
127.9435
126.7937
126.9575
127.3026
126.7937
126.0497
127.2724
128.6371
130.1087
131.1978
131.9778
131.2533
131.0936
133.0756
132.8369
132.9243
135.6612
134.3856
134.8991
135.2139
135.2115
134.3883
134.7762
135.1424
135.0782
134.2331
134.2603
135.2685
135.5472
137.2491
135.7827
135.8264
135.9881
137.6556
135.2199
134.3822
134.8971
135.1977
135.2842
134.2863
134.7994
137.3115
137.8188
135.6595
135.4141
136.1030
135.0963
135.4251
138.1482
137.5833
137.4381
138.0953
136.1678
136.2646
136.6498
134.6339
134.1930
135.4720
136.0413
134.4008
135.3037
135.2143
134.7517
135.4606
136.4246
134.2822
135.5280
135.2654
135.2914
135.3263
133.5143
133.3893
131.8532
132.7922
133.2965
133.6810
134.0358
134.8746
136.8155
135.6301
134.0630
133.7274
133.3663
133.3400
132.2037
134.1372
132.5571
132.6874
133.5432
134.2623
134.3631
133.9973
133.4927
135.6609
133.1224
135.0210
133.5997
134.7825
134.6597
134.8583
133.7265
134.5710
136.8478
135.8041
135.4844
135.3840
134.8459
133.8287
136.8266
136.4754
137.0703
138.5887
137.3094
136.8246
136.3617
137.5404
138.2296
136.6903
136.2008
135.5702
135.5874
135.1366
135.0619
136.3408
135.5794
135.3764
134.0265
135.2544
134.9326
136.0602
135.1196
134.4249
135.6516
135.7151
133.2555
133.8492
133.5907
131.8696
134.9297
135.3478
134.6975
134.5508
134.5766
133.9452
131.9182
131.8624
133.7554
133.4570
132.4230
131.7892
132.4376
130.4337
131.1737
130.9918
133.1517
132.9593
131.9820
132.7984
131.5983
131.9964
130.4139
131.3881
127.4672
128.8716
129.4454
130.1814
131.0610
130.8724
131.2345
130.8798
131.8458
132.1478
132.9868
129.8798
128.3913
130.5463
128.8658
129.2051
127.7241
127.1653
127.7566
129.5730
129.0445
129.1293
128.4173
127.8481
128.2538
128.0388
128.1173
128.3724
130.3266
130.5386
129.1784
129.4883
130.4949
131.0387
131.3889
132.2843
131.0408
130.6827
132.4325
131.1554
132.0639
130.8254
131.0652
133.2059
134.2698
134.0434
132.8514
133.0179
133.2401
132.6211
134.3439
135.0214
133.5430
133.8625
135.2603
133.6870
131.6383
131.3354
131.0924
131.1581
130.9317
132.3800
132.2234
131.1049
129.5517
131.1644
130.3404
129.8823
130.4078
130.7380
131.6553
129.0914
130.7703
130.1607
130.4410
129.3758
128.9089
130.7275
130.8903
133.1196
133.1218
132.6422
131.9058
133.9252
134.8554
134.2815
133.8622
133.0403
133.1761
130.7474
132.9132
131.7410
130.4463
130.7487
130.6964
130.8491
130.0841
130.4248
130.7165
132.9168
130.5878
132.0093
131.2070
131.3194
131.5625
130.8211
130.4032
131.1664
131.5862
131.6297
128.6631
129.9299
129.0690
127.2440
129.5788
131.2657
131.5504
129.6448
130.3849
132.9669
133.5111
132.4679
132.8426
131.4251
131.6874
130.7355
128.0221
131.5046
131.6190
131.5840
130.9702
132.1124
133.5080
132.4154
130.9267
132.2219
132.1564
129.9358
129.4705
130.2456
130.5078
132.0896
130.5317
132.4829
130.4911
130.2985
130.5128
132.1174
133.6400
132.1557
131.9469
131.2397
131.9486
133.0856
131.6987
130.5611
130.3683
132.0615
130.7428
131.1401
131.1825
132.1009
130.3913
129.8810
129.0817
128.4292
129.8186
129.9126
129.2752
128.1472
129.9223
128.5202
128.9327
128.3876
130.3158
129.7338
128.6822
128.3098
126.5659
126.5899
129.3412
129.2756
128.1241
130.3417
130.7490
127.5854
129.3103
128.7149
130.8476
130.6123
130.0332
129.3932
128.9554
131.1989
129.6174
129.9756
128.8567
130.2389
131.1821
131.2345
132.7691
130.4057
130.9394
132.0508
132.3442
132.4617
133.0706
131.0251
131.4563
129.9557
130.8018
130.7686
130.5738
129.6757
129.2482
129.9390
130.4804
130.4817
129.9074
129.9387
131.0188
130.2262
129.1852
129.9800
129.3724
129.9162
128.1646
129.8743
129.6063
129.4738
130.1915
129.8692
130.1423
130.2495
130.8526
131.8607
131.6212
130.7877
132.0959
130.0456
131.1646
130.7651
132.1332
131.5031
130.9534
130.9873
127.5514
128.1021
128.5230
128.6925
128.5711
127.8805
129.5812
127.2114
127.9485
127.0517
127.3089
126.9987
126.5448
127.5375
128.4753
129.0582
129.4670
129.6934
129.6094
127.7850
127.9378
126.9125
129.0247
128.3560
127.4419
127.1217
126.3784
127.8275
127.4479
126.5871
127.5400
130.3211
130.4651
131.1549
131.4624
130.7482
130.8564
131.1113
130.1460
129.5524
127.7100
130.5244
130.8335
128.8832
128.2679
128.9450
130.2173
130.6465
129.9805
129.0235
128.6120
128.3263
130.6320
130.9433
130.9718
131.6728
131.9101
131.2268
130.7983
129.2547
129.5954
127.6135
128.4615
127.1367
129.2679
129.5288
127.6425
128.3484
128.2670
129.1207
127.3958
128.5320
129.2049
128.2954
127.6337
128.3989
128.2708
128.1639
129.9796
130.1749
128.6489
127.9006
127.7583
129.1761
130.9334
130.2581
131.1938
129.2431
130.5449
128.7451
130.6541
131.5046
129.6706
130.0076
131.6314
130.9421
130.4513
129.6844
130.3670
131.3736
129.7870
129.3616
128.7925
131.9220
131.3479
130.7997
128.0258
128.7577
128.1926
127.1762
127.3277
128.3113
128.7853
125.8065
125.5037
126.7674
126.4904
125.3025
125.5290
125.1806
125.2335
126.4039
126.1964
126.0912
124.9798
125.4857
123.1066
122.5912
123.9506
122.3481
123.8502
123.5628
123.4950
124.6097
125.8871
127.5153
127.3609
126.4322
125.4932
127.0541
126.5520
125.0638
125.7846
128.0676
125.1042
126.0077
125.8641
127.6235
126.3340
126.3673
125.9652
127.5701
130.3198
129.4415
128.6122
128.4769
129.1551
129.4480
128.6528
131.1555
131.4094
130.5974
129.5451
130.3285
129.7655
128.8451
129.3980
128.2058
127.9071
128.1848
126.1264
125.2392
128.2839
129.1313
127.8360
127.5819
128.6025
127.7086
129.0382
130.1329
129.1315
130.2785
130.8834
132.5772
130.6439
129.0719
127.9520
128.4857
129.2914
127.9090
127.7849
129.6087
129.8044
129.1625
130.5931
129.6477
130.9911
130.6675
132.4527
129.7169
130.9643
132.8865
132.8565
132.1119
132.7931
132.3027
131.9229
131.1357
130.7093
131.0671
130.6197
130.9402
132.0405
132.7249
133.8400
133.3946
132.1725
132.3334
133.0249
134.3861
132.2177
133.7506
133.1227
132.5866
131.1959
132.1573
132.3372
131.7709
132.3996
133.9114
133.3851
134.2100
135.2454
135.5343
134.5719
134.1800
132.4825
134.9229
135.3159
135.5024
136.9413
134.2855
134.5959
137.8749
135.9894
135.1328
134.7176
134.9268
133.1220
137.4109
137.8152
135.6674
134.5428
133.9852
134.9440
135.9722
136.6187
134.1816
134.8220
134.1760
135.8671
133.6955
133.3657
133.3419
133.4030
133.7499
135.2447
135.1390
137.8477
138.8443
139.6270
138.2245
136.5115
136.8455
137.0200
136.6160
137.6231
137.1922
137.3864
139.4194
137.3742
137.5751
137.1511
136.5289
136.4020
137.5702
136.6229
137.3959
136.9492
136.4131
137.3925
138.1916
136.6286
135.5722
138.2038
137.9848
138.9373
138.5689
137.8721
138.9799
139.3954
138.4136
139.1456
139.8180
138.9545
137.2313
137.3508
138.1481
137.8068
137.1217
138.0107
138.5696
138.1123
140.7483
141.0899
141.5113
140.6995
139.8445
139.1890
137.5291
137.2336
138.2223
136.6221
136.5136
136.3549
136.8505
135.5470
137.1865
137.2869
134.9530
133.4238
136.1715
134.7083
136.0489
133.7625
135.5877
136.2560
135.5263
135.1612
132.8537
133.3468
134.7894
133.3672
132.0538
133.1469
135.2308
134.2734
135.2062
134.3147
133.4530
134.7115
133.8502
133.5594
132.6923
133.8883
134.2834
135.1924
136.8118
134.0371
133.6758
134.2332
132.4294
131.6050
132.5706
132.6033
135.6360
135.9019
136.1054
136.4592
137.1350
137.3932
139.3289
138.1656
136.7624
139.2756
139.6149
139.2385
139.3570
140.1548
141.2624
139.2819
138.8053
139.5990
139.2846
135.5692
136.3446
134.9098
137.0327
137.3750
138.2514
139.7772
139.1025
139.5886
136.2320
137.5798
136.7550
136.7205
135.9187
136.5605
134.8547
133.7279
135.0174
136.4711
135.6383
137.8557
134.9617
135.9183
136.8034
136.1810
137.0716
138.5369
139.2188
135.4413
136.3971
135.2128
133.5471
134.4714
134.3470
134.0399
133.1637
132.1769
134.5379
133.1285
133.7496
132.9515
133.0135
133.5352
134.7180
131.5946
131.8718
132.5920
132.1366
131.7442
131.2467
132.2455
130.2048
133.9274
134.5129
133.9337
132.9474
133.7865
133.6079
134.3581
132.7437
131.8871
131.9217
130.5970
130.8901
131.4535
132.6755
136.2610
134.2132
134.2743
135.0974
134.7996
131.3388
132.1896
132.2627
132.4392
132.9644
134.8693
132.8062
135.2214
135.4548
133.2919
133.3059
133.4585
133.6803
133.1263
133.7357
133.1016
132.8795
133.5404
133.5959
134.0541
134.0569
134.3295
135.7918
134.0084
132.1239
130.9934
130.9088
131.8012
129.5533
128.1527
129.4619
127.6285
128.4035
128.9298
129.6932
128.6057
129.0903
130.0731
130.1519
130.8369
130.9576
132.6195
133.4233
132.8413
134.4118
132.7520
133.6312
133.2805
132.8997
132.4477
132.6723
132.2948
133.3423
133.7116
133.8357
131.8211
130.7540
131.7241
131.0868
133.4360
132.9672
132.8596
132.6849
133.8237
132.4746
132.5561
134.1174
132.7323
133.1844
132.5669
134.8053
133.7105
132.9501
132.8426
132.4141
133.5953
134.3886
133.5635
132.2287
131.3757
132.3944
134.2122
132.3962
132.1954
133.1179
132.8242
132.7345
132.2164
131.0754
132.6612
130.2844
131.3677
130.4871
129.9617
129.9451
130.8611
131.2429
133.0659
132.1736
130.8087
129.8256
130.4705
130.0084
130.4224
131.4562
132.2068
128.9023
129.5741
131.1057
130.7145
130.1536
131.1512
129.7804
132.6897
131.8510
129.8655
130.1790
128.7978
128.8512
129.3116
129.3537
127.7637
128.8123
128.1302
127.6125
128.6092
129.2113
130.4998
128.8500
129.6068
130.0018
131.7405
130.4606
129.8079
130.1108
129.7297
130.2041
128.9866
128.3334
127.4551
127.6799
127.5831
127.2483
126.6493
127.2225
127.5469
127.9455
127.6950
126.6366
125.6095
124.0230
127.3865
125.2208
124.2734
126.0749
124.9273
126.2261
125.3542
125.4653
125.7050
127.1911
128.5645
128.3663
129.2976
128.5904
127.7125
124.8046
127.1243
125.8046
125.4244
123.1155
125.8986
123.8491
124.9498
125.1953
123.9217
123.2410
123.0241
123.6000
124.1341
123.5259
125.7497
126.0093
125.0924
121.9046
123.6428
125.7990
125.5122
124.4263
125.2212
124.9758
123.5235
124.9479
126.4141
124.8114
126.1662
124.7709
122.4907
122.6335
121.7904
122.3730
118.2454
121.4331
121.3808
122.2719
122.0053
120.7159
121.4992
122.1030
121.7947
122.4140
120.7445
120.7907
119.9734
119.5403
119.7233
119.9363
118.7274
118.8565
121.8152
120.0100
119.8744
119.9611
118.9802
117.0336
118.4448
118.6859
118.8541
118.4799
118.1788
118.3984
120.5317
119.2522
118.6447
118.5450
119.1434
118.4517
118.7590
116.5272
117.4762
116.2762
117.6082
117.9061
117.4967
118.8328
118.0946
116.3395
116.1676
115.9434
116.0119
114.2118
113.9683
111.1867
113.4132
115.7495
116.3341
117.2642
115.7814
117.2987
118.7787
120.1666
120.3080
120.0161
118.9232
118.1762
116.5374
116.2314
116.2665
116.1044
117.5513
117.1607
117.2780
115.3764
118.3225
117.1846
117.2294
119.1284
120.7471
122.6995
121.9680
120.2836
119.8655
119.7228
118.5037
120.3896
121.1511
118.8570
119.0583
117.9097
117.1666
117.8691
116.8609
115.6976
117.7265
116.3348
119.3042
117.5453
118.6028
116.0113
117.7386
117.5707
118.2819
118.2246
118.5333
119.1734
116.3874
118.1749
118.7620
118.7927
116.7946
117.9603
118.9437
118.0513
119.0184
118.8709
118.9673
119.8312
120.8106
121.5412
120.6334
123.4304
122.2276
121.2390
123.1511
120.4879
121.6744
120.1042
119.6087
120.9676
120.9599
118.7667
119.4575
120.4635
121.5403
122.7911
120.6018
121.5007
120.9082
119.8891
121.7801
120.9457
118.8360
120.6242
121.2535
119.6003
120.9647
120.6024
122.6127
121.2829
121.3954
120.4718
122.2038
120.2798
122.2484
119.1507
120.3248
121.6400
119.6073
119.7551
118.6873
120.0208
119.1756
120.2453
120.6220
120.9041
119.1628
120.7487
119.8362
120.3019
120.3196
120.3588
120.3954
119.4131
118.3525
120.0598
116.6089
117.9972
118.2598
117.7530
117.5584
116.9076
116.5097
115.9585
116.8472
115.9715
116.0530
117.0907
117.2446
116.9417
116.2104
116.4618
117.3387
118.8322
117.6971
119.2851
118.3929
118.5067
118.5577
119.8881
118.3206
117.4665
118.6083
117.6701
118.0497
119.1376
116.2235
115.8190
116.7137
118.8148
116.0041
117.8421
117.5324
119.0210
118.8223
120.2289
120.6948
119.6735
119.0844
117.9998
118.7787
116.5076
114.9654
114.7276
113.8607
114.7114
115.9158
117.2582
116.1523
115.4733
116.2362
116.6972
119.5008
117.3680
117.0044
117.2500
115.4713
116.9119
116.0008
114.8679
117.6201
116.1609
116.5807
118.4469
118.2922
120.1089
119.7294
120.1240
121.7611
122.2687
121.2976
124.2623
126.4045
126.8782
124.9153
126.4299
127.5270
128.4264
125.8150
126.9230
127.2245
126.0850
125.8376
124.2575
121.9685
122.8906
124.3934
123.5065
125.5340
124.5904
122.9688
123.8678
125.2952
125.3582
126.5004
125.7632
123.2735
123.5677
122.5754
122.2156
122.0855
120.9939
121.7684
122.2249
121.4967
120.0002
121.0441
120.5736
123.3616
123.9347
121.5914
122.0553
122.0065
121.3996
121.2418
117.0668
117.1807
117.4930
117.9753
116.6015
118.2473
118.9924
118.3092
118.6983
118.0635
118.3074
119.5018
118.6920
118.5048
121.4032
118.8732
119.5229
118.8296
117.6984
116.9522
115.0656
114.9839
115.9001
117.6797
118.9837
120.5310
120.8681
124.4667
123.6782
123.9756
123.1740
124.3101
125.6708
122.7591
121.6552
119.9178
121.2799
122.1296
122.3799
122.3069
122.5419
123.8872
123.6994
121.1826
116.9799
119.0990
118.1490
116.4070
118.8309
120.4753
118.4539
118.6401
119.4342
120.4673
121.1289
120.3620
119.0428
115.3026
115.8820
115.8860
115.9893
116.4912
114.7771
115.8422
117.8901
118.4388
117.1719
117.5468
118.2342
117.2692
116.7032
115.0178
116.6634
115.6927
116.8472
114.6312
115.0018
113.5362
115.7350
115.9759
117.3152
116.1208
115.4886
115.7243
116.4312
115.1278
113.3387
116.1061
113.5358
116.4886
116.4851
115.4918
116.1663
116.4903
116.7155
118.1902
118.5205
118.9846
117.6593
117.8368
118.6878
117.6404
116.1249
115.5131
115.5768
116.4862
117.9747
115.9122
116.5014
116.5782
116.3662
116.6954
115.8374
116.4394
117.8712
118.4596
118.1430
118.7512
119.5144
119.0552
120.6871
120.1105
118.9604
119.0759
119.5422
119.3841
121.7807
122.8308
122.8604
121.6463
122.1808
122.7510
121.1645
120.4242
121.0116
122.6312
122.3505
123.9302
123.6670
124.3589
123.2096
125.1356
124.3681
123.5017
125.2199
124.3752
124.4094
123.1217
124.2175
124.8416
123.5033
124.5972
122.0804
122.8747
123.6442
125.0318
122.9288
125.2008
123.4678
124.0358
123.6936
121.9568
121.4918
125.3916
126.0748
124.6644
124.5225
126.8455
125.3227
124.7370
124.2909
123.0340
126.8807
127.2106
127.8942
127.5442
125.1587
126.4685
124.9792
125.0580
125.6609
125.8027
126.1596
125.2276
123.6983
125.1952
124.5377
121.7977
123.0825
125.4953
124.7449
124.2256
122.8456
124.0391
124.5974
122.7642
121.5883
120.1837
121.3099
120.6847
121.6974
121.8772
120.1533
120.8658
121.0553
119.7011
120.0933
120.1608
119.8070
121.4914
122.0223
121.4664
121.0559
119.3944
118.9758
117.7329
117.0959
117.5673
117.3836
119.6584
119.6261
118.8005
120.4965
120.1912
119.2424
120.1174
120.5029
120.6398
121.2773
122.5866
121.9276
122.8258
122.9870
123.4211
122.5657
121.5047
120.5171
123.0992
120.8701
121.1191
120.1790
122.8359
124.0015
124.9360
124.7448
124.0130
126.7894
125.0863
125.0322
123.2202
122.2104
122.6438
120.8593
123.4773
124.3089
121.9294
122.2856
123.6441
122.5472
122.0038
122.1062
124.7506
123.8155
122.2853
123.7384
123.3438
125.2012
123.8690
124.6459
124.8323
123.7162
123.3708
125.8457
123.6281
123.3260
123.1630
123.3569
124.5220
123.1756
123.6362
121.3582
121.0260
122.4080
121.2871
121.7608
122.2340
122.6680
121.5862
123.9215
123.7627
123.6296
122.5514
122.4898
120.9832
119.0943
119.4558
120.6471
119.9626
121.4730
120.3533
120.1849
118.4001
118.2581
118.6095
117.7651
117.1651
116.4550
116.0738
114.6200
117.2500
118.0966
116.8887
116.5028
115.3488
115.7022
117.0745
117.2325
117.5206
118.4467
119.7030
120.1524
118.8319
118.1741
118.8220
120.9701
119.8455
121.4419
121.3919
122.2105
121.7960
122.1620
121.8547
121.6269
122.2957
120.4674
119.6553
119.8564
120.5345
118.2009
121.4657
120.1487
121.6480
122.2781
121.8250
120.2105
120.3300
121.7153
121.9722
121.3525
119.6086
119.6952
119.7724
119.7345
121.4543
119.6895
120.3076
118.1583
118.6613
118.2442
117.6054
119.2585
118.9812
117.5365
117.7511
115.0310
113.9867
113.3090
113.4542
113.6767
112.3274
112.3117
114.5769
114.7015
114.7418
115.0486
115.3921
115.1310
115.9225
116.6361
117.3807
116.6141
114.6883
115.3996
117.2430
118.1598
116.9132
117.1680
117.0510
115.9595
117.8292
119.4731
119.1544
119.9026
119.1067
119.8754
119.7252
118.7624
116.5383
119.3214
116.6379
118.6784
119.1726
118.5073
118.4709
117.2746
115.7154
116.8724
117.6328
115.9383
117.7356
116.7120
115.7206
114.2469
115.8448
116.6760
116.2510
117.1600
115.7488
116.1832
117.0862
119.4351
115.3841
115.5619
116.6780
116.2709
115.3268
113.9858
116.9629
117.0071
116.9894
116.8036
117.0941
116.7740
116.4373
117.9501
116.6891
116.5636
116.8655
116.0623
116.7374
115.8455
116.2363
115.7871
118.0591
118.3874
118.5502
118.5436
117.1489
117.5593
119.9780
122.0073
121.6587
120.1645
122.7840
122.4747
121.7811
120.4418
120.4349
123.2873
122.6129
121.1003
122.6434
123.8954
122.6624
120.5045
120.2687
119.9054
122.7722
123.0786
123.7095
124.0619
124.0439
123.5320
123.5631
120.6907
123.7405
122.8571
121.8762
123.2127
123.4241
124.2470
124.1991
123.2409
124.5434
121.6573
121.7776
121.8694
121.0712
121.6149
121.5900
123.0219
124.2523
124.2594
123.0080
123.0917
123.2045
124.2201
125.3114
124.3515
124.3720
121.9099
123.3371
121.3855
123.0556
121.8124
122.5222
123.0990
123.3925
124.8827
123.4974
123.7674
122.9170
122.1122
122.2349
122.2489
122.3705
122.0997
123.5037
122.3541
121.1407
121.9187
123.0118
123.1763
122.1476
120.2836
118.7277
121.0304
120.4147
122.2926
124.0084
120.8890
122.5382
121.1678
119.7902
120.8660
119.7591
121.0747
119.9667
120.1139
118.8217
118.8512
119.9967
117.6425
118.3223
116.9154
116.4282
115.8107
117.5263
116.5652
117.4438
116.3484
118.6952
117.9656
117.6616
119.3045
116.9333
115.7118
115.2829
117.2757
116.2646
116.7759
115.4574
116.2027
116.9081
117.8046
117.9986
117.5349
116.7531
117.2673
115.5261
117.2811
116.6459
117.3836
115.5367
118.3138
117.9424
117.4419
117.9453
119.6879
119.6320
121.0310
120.0545
119.0697
120.1839
119.8621
117.6173
118.3936
118.8348
117.7385
118.8544
118.4326
120.1419
118.6690
118.6838
119.9630
117.6452
117.4235
116.5895
117.0954
116.6948
117.5483
117.6152
116.8299
116.8610
116.3263
114.5364
115.9192
115.2674
113.3966
114.5797
112.9659
111.6394
111.6737
111.7980
113.0043
113.1373
110.8785
112.1356
110.6508
110.8253
111.1311
113.9309
115.4142
117.6434
119.4904
120.1043
119.6967
119.6914
117.1854
119.1579
118.3218
118.4999
117.0728
118.7227
119.2068
120.4874
118.9686
119.3416
121.5424
120.3654
120.1279
119.6805
119.8429
118.6980
117.5133
117.7640
118.9582
118.3460
117.1004
120.2121
119.4645
118.1600
118.1734
119.1664
121.4907
121.4803
122.0962
119.1678
118.4336
117.7391
118.5459
116.3519
117.1482
117.1465
118.4167
117.6679
116.0058
116.0673
115.1174
117.3267
116.3574
115.9520
117.0333
116.1846
114.5154
113.1993
114.8625
114.8983
114.7828
115.7240
115.5201
116.8255
115.1210
117.3144
116.1496
114.8371
117.3339
116.1701
116.1812
116.6409
114.3511
112.8926
115.0819
114.8875
114.8428
114.8397
114.2180
113.6810
114.7508
115.7771
117.1528
114.3859
116.1952
116.2262
116.3396
118.2220
118.6371
117.0724
119.0608
116.3299
116.9784
116.6314
117.1131
117.6758
118.6208
116.9303
117.8448
117.7728
119.0334
119.1928
119.7986
119.5089
120.4448
120.1711
121.7123
121.0266
120.1335
121.4815
122.1242
119.8671
118.6755
119.6153
117.8656
119.1791
118.4468
120.4742
121.6664
123.8098
119.9994
121.3678
119.9383
120.8932
120.7953
119.6598
120.4476
120.0885
120.0082
119.5290
120.3446
120.8073
121.9060
122.0494
121.8185
121.2812
120.6720
121.6880
121.8815
122.4623
120.8641
121.6459
123.5022
121.1317
123.0675
120.9066
120.6894
119.8350
119.0382
120.5853
123.2232
122.3040
123.3919
123.1369
123.6379
122.5261
123.8997
123.7292
123.0657
121.9460
122.4321
124.9473
124.0192
123.8361
124.4583
125.0136
124.6450
122.8521
123.6807
124.7298
124.2742
124.7609
123.1239
122.4693
122.5516
121.8082
119.0012
120.3751
120.8899
120.8667
120.4232
120.8921
120.4988
120.2397
120.0888
120.7513
121.4319
121.2545
119.8739
121.2290
121.7406
121.6387
120.0513
119.7436
120.3448
119.8455
118.3771
116.7154
118.0471
118.3978
118.8942
116.4566
117.3958
114.3311
115.9444
116.3143
114.6470
114.5221
113.7860
113.2108
113.1964
113.8087
114.1926
113.1910
115.9457
113.0916
112.3810
115.7081
115.7261
115.2024
115.9053
114.6935
115.5027
115.1602
114.8960
115.4824
113.4099
114.9996
112.8791
111.5137
112.7338
112.1003
112.1597
112.9017
113.4969
113.8556
112.9325
113.3445
112.1921
113.2321
111.9116
112.3410
113.7644
115.4471
114.4041
115.7512
113.4629
115.3270
116.1459
115.0032
113.5453
113.6738
114.1155
114.4567
116.3737
116.2544
116.3854
114.5895
114.2431
113.6488
116.3078
115.1232
116.4633
116.3396
116.8474
117.0960
116.5334
115.6057
115.6243
117.7931
118.4341
116.3596
116.0332
117.0885
117.4570
119.0329
116.7685
115.3972
116.4310
116.5229
117.2082
117.5281
118.6324
118.0905
118.4026
117.8504
117.9506
118.7520
118.8044
117.7294
118.5751
115.4166
114.3110
114.8808
115.1233
114.3125
115.0337
114.6124
115.0457
115.0624
117.0914
115.2470
115.9372
117.4590
115.7334
114.6860
115.2944
114.9823
113.0703
115.3238
114.5839
114.5255
113.1768
113.2005
112.4008
111.1684
109.1375
110.1929
108.3022
110.2913
110.8429
108.7177
109.4032
110.5776
110.2104
112.1937
113.2857
112.7111
112.9905
112.1318
110.7622
109.4698
109.8178
110.0657
110.6656
111.4433
110.3230
111.0818
109.8969
110.3654
109.7939
108.2077
109.1303
108.3219
107.7446
107.7426
107.2247
107.4251
107.3554
106.3240
107.4248
106.9003
105.4630
104.3208
104.6329
106.7671
107.2063
107.8616
107.7563
106.6442
107.2891
106.3374
