2.1633
1.8916
2.2562
1.9658
2.2795
2.0872
2.0072
2.1931
2.0542
1.9380
2.1131
2.0195
1.6103
1.8935
1.7812
2.2153
1.8817
2.0040
1.7940
2.0072
1.9535
2.1673
2.0411
1.9057
2.3313
1.7325
1.9895
2.0770
1.9627
1.8918
2.0740
2.2889
1.9541
1.8873
2.0784
2.0198
1.8408
2.1067
2.4763
2.3894
2.1932
2.4176
2.3294
2.0688
1.8056
2.1163
2.1132
2.2279
2.3078
2.4669
2.3851
2.4756
2.3175
2.1407
2.1642
1.8587
1.9037
1.9128
1.7185
2.1730
2.0978
2.2255
2.0309
2.0772
2.2727
2.0722
2.1757
2.0768
2.2156
1.9625
2.4500
2.5476
2.3393
2.2991
2.2137
2.1332
2.0746
2.2553
2.6662
2.3786
2.2707
2.2923
2.1867
2.0688
2.2560
2.3002
2.5029
2.5353
2.4585
2.4193
2.6385
2.1708
2.4611
2.2065
2.3408
1.9520
2.1034
2.1918
1.9859
2.4380
2.1457
2.3897
2.2622
2.5007
2.3426
2.1029
2.0639
1.9702
2.3416
2.3185
2.3752
2.2406
2.2157
2.4334
2.5409
2.4206
2.6075
2.7304
2.5204
2.4867
2.8525
2.6445
2.6607
2.2175
2.5684
2.4625
2.4676
2.3992
2.3246
2.6469
2.4269
2.3929
2.6718
2.5694
2.2465
2.3132
2.1220
2.5838
2.2268
2.1991
2.7393
2.4449
2.3141
2.7015
2.2187
2.0961
2.3660
2.2758
2.1496
2.4479
2.1728
2.3578
2.4768
2.1259
2.0106
2.1013
2.2752
1.9592
1.9543
2.1858
2.1400
2.5165
2.1326
2.3753
2.5921
2.4518
2.2348
2.3338
2.1263
2.0312
2.1844
2.4180
2.3651
2.2781
2.2641
2.6777
2.5464
2.3338
2.2968
2.6374
2.1153
2.0092
1.7612
1.9941
2.2772
2.1164
2.3588
2.3703
2.1704
2.2139
2.4505
2.1850
2.0723
2.3109
1.9198
2.0634
1.8236
1.9478
2.0303
1.7273
1.9434
1.6425
1.8279
1.8552
1.7201
1.7602
1.8830
1.5999
1.9470
1.6467
1.7673
1.7483
1.6519
1.8131
1.9595
1.7693
1.8105
1.6560
1.8563
1.7731
1.6708
1.6005
1.7208
1.5377
1.8195
1.6173
1.8300
1.4792
1.9356
1.7262
2.0206
1.9694
1.7963
1.8419
1.4149
1.6603
1.4705
1.7741
1.8632
1.7956
1.6985
1.6642
1.9563
1.8542
1.8972
1.7465
1.5880
1.6052
1.7297
1.6963
1.8585
1.6904
1.9765
1.8915
1.7734
1.8418
1.7632
1.6902
1.8734
1.6859
1.7955
1.9443
1.6621
1.5551
1.6686
1.9471
1.7316
1.6337
1.6828
1.6695
1.6238
1.7786
1.8276
1.8967
1.8050
1.8017
2.0644
1.9572
1.8450
1.7757
1.9886
1.9972
2.2237
1.9359
2.2434
1.9256
1.8272
1.9706
2.3120
1.9444
1.7347
1.8503
1.8125
2.0150
2.0060
1.8974
1.8843
1.7591
1.8622
2.1515
2.0554
1.9171
2.1290
1.9775
1.6340
1.6915
1.8340
1.9049
2.0757
1.6601
1.5271
1.7501
2.0581
1.8681
1.7986
1.8099
1.9134
1.8695
1.4198
1.6297
1.9227
1.6584
1.6165
2.0968
1.7504
1.7759
1.7247
1.9441
1.8110
1.9724
1.6045
1.8267
1.7108
1.7695
1.5372
1.8946
1.6989
1.8828
1.6158
1.5744
1.4723
1.6858
1.5465
1.6073
1.5491
1.5467
1.8512
1.5936
1.6692
1.7175
1.7945
2.1665
2.0691
2.0352
1.8541
2.1749
2.1188
2.1277
2.0762
2.2648
2.1044
2.1489
1.9233
1.8277
1.7706
1.9364
2.0589
1.8421
2.0088
2.3446
1.9796
2.1668
1.8320
2.0355
1.9432
1.9406
2.3007
2.0736
1.8357
1.9959
1.7347
1.8483
2.0589
1.9456
1.9918
1.7536
2.0296
1.8530
1.8869
1.9631
1.9260
2.0408
2.0347
1.9089
2.0701
1.6781
1.7601
1.7713
1.7938
1.8985
1.9156
1.6240
1.8039
2.0197
2.1047
1.9686
1.8005
2.0257
2.0611
1.9150
1.9746
2.1881
1.9641
2.0733
2.0171
1.9439
1.8966
1.8868
1.9373
1.7691
1.9202
1.9348
1.9812
2.1170
2.2833
2.2877
2.2536
2.2468
2.3528
2.1757
1.9827
1.9592
2.1014
2.1143
2.0038
2.1558
2.1919
2.2434
1.8992
2.2513
2.0242
2.2778
2.0328
1.8637
1.8829
1.8369
1.9385
2.2973
2.0307
2.1651
2.0480
2.1618
2.1140
1.8951
2.1424
2.3428
2.2157
2.0492
2.2916
2.0648
2.0644
2.0099
2.0216
1.8468
2.1279
1.9420
1.9868
1.9885
2.2422
2.1932
2.1829
2.1441
2.0670
2.1178
1.9496
2.2102
1.8084
1.6263
1.6560
1.7135
1.8617
1.9487
1.8834
2.0578
1.8589
1.9145
2.0683
1.8023
1.9680
2.1801
2.0341
2.0077
1.9711
1.8804
1.9605
1.9830
2.0167
1.6112
1.9653
2.1064
2.0725
2.1014
2.2912
2.0539
1.8172
2.1283
2.0290
2.0261
1.9951
2.2644
2.0225
2.2313
1.9044
2.0435
1.9460
2.1037
1.9816
1.9900
2.0112
2.0806
2.2747
2.2895
2.1189
1.8416
1.7381
1.8258
1.9631
2.0713
1.9374
2.2125
1.8645
2.3041
2.7536
2.1726
2.4198
1.9699
2.2996
1.8902
2.4129
1.9193
1.7575
2.0994
1.8081
1.8435
1.4683
1.9102
2.1465
2.0974
1.6362
1.8881
1.9520
1.8828
1.8949
1.8900
1.8238
1.9183
1.5695
1.6616
1.7915
1.8698
1.9081
1.5241
1.5466
2.0222
1.5068
1.7116
2.0022
1.7165
1.5813
1.7271
1.9669
1.6860
1.8244
1.7912
2.1827
2.0785
1.8489
1.9152
1.8069
1.6896
1.5843
1.6670
2.0253
1.7648
1.6629
1.3486
1.6570
1.9232
1.8157
1.9119
1.8285
1.8251
2.0935
1.7966
2.0050
2.1133
2.1030
2.1419
2.1887
2.3210
2.1451
1.9351
2.7707
2.0923
2.4512
2.3896
2.3987
1.9141
2.2738
2.4685
2.1117
2.1240
1.5595
1.6662
1.7005
1.9398
2.1502
2.2691
1.9645
2.1583
2.1277
2.5396
2.2571
2.3067
2.3981
2.2852
2.3157
2.2959
2.0876
2.1452
1.9085
2.1879
2.1191
2.0463
1.8613
1.8633
1.9567
2.2624
2.4423
2.2716
2.2553
2.0437
2.0990
2.0450
2.0174
2.0180
2.0282
2.0903
2.0260
1.7272
1.9069
2.1469
2.2504
2.3137
2.2603
2.1561
2.2423
2.0597
2.2573
1.9653
2.1352
1.8079
2.0925
2.0509
1.9946
1.7241
1.9887
1.7253
1.7425
1.9061
2.0639
2.0236
2.0962
2.0716
1.7551
2.1629
1.9633
2.2398
2.0196
2.3576
2.2804
2.1570
2.2569
1.9178
1.8091
1.8854
1.9544
1.9060
2.0631
1.9193
1.9435
1.7348
1.6517
1.5717
1.9540
1.7157
1.6424
1.6840
1.8222
1.5697
1.8098
1.6049
1.6343
1.8405
2.1747
2.4287
2.1631
1.8770
1.8363
2.0209
1.6966
1.8394
1.9034
2.0472
1.9385
1.9162
1.6578
1.8365
1.9204
1.6925
1.7778
1.6183
1.7625
1.9476
1.9532
1.9640
1.9907
1.8295
1.9406
1.8397
2.0828
1.7249
1.9549
1.8455
1.7615
1.8055
2.0002
2.1838
2.1778
1.6411
2.1307
1.6576
1.7099
1.7535
2.0406
1.7286
1.9590
1.7595
2.1524
2.1202
2.0772
2.0544
2.2950
2.1972
1.9202
1.7503
1.7924
1.7692
1.7856
2.0694
1.7927
1.9591
2.0583
1.9450
1.8701
2.1127
1.9495
2.0812
1.8759
1.7399
2.0258
1.7555
2.1386
2.0931
1.8743
2.0045
2.2602
1.8903
1.8167
1.8715
1.9327
1.9557
1.9356
1.8254
1.7746
1.8291
2.0628
1.8582
2.0782
1.8379
2.2267
2.4591
2.4672
2.2874
1.8886
1.7427
2.3078
2.0739
2.0737
2.1333
1.9288
1.9991
2.3081
1.8586
2.0112
1.8577
2.0634
2.4522
1.8572
2.3613
2.0850
1.8842
1.6999
1.9171
1.8435
1.7158
1.7303
1.7621
1.9053
1.8131
1.9139
1.8480
1.8040
1.7452
1.7282
1.3983
1.5371
1.5360
1.7508
1.7190
1.6535
1.7607
1.8942
1.9280
1.7347
1.7508
1.8875
1.8355
1.5261
1.7029
1.6024
1.7496
1.5629
1.6280
1.7640
1.6291
1.8993
2.0738
1.5772
1.6326
1.6450
1.6958
1.9142
1.9421
1.6819
1.8746
2.0428
1.8788
1.9145
1.9840
1.8243
1.8870
1.7844
1.7268
1.8157
2.0920
1.9212
2.1028
2.2073
2.2918
2.3939
1.9889
1.9113
1.6892
1.9755
1.8580
1.9012
2.1565
1.8461
1.8340
1.8229
2.0314
1.9159
1.9281
2.3253
2.2409
1.7786
2.1648
2.0616
1.9012
1.9672
2.0367
2.0756
1.7744
1.8634
1.7286
1.9276
2.3056
2.1305
2.2727
2.0428
2.1926
2.0240
2.2980
1.8576
2.0053
1.7933
2.1688
1.7401
2.3521
2.0281
2.3300
2.2986
2.2988
2.0188
1.8469
1.7564
1.9823
1.9496
1.7102
1.5804
1.6047
2.1415
1.9428
1.8833
1.6979
1.9938
1.9138
2.3012
2.0582
2.1354
2.1833
1.6948
1.5019
1.7933
1.7989
2.1606
2.2424
2.2141
2.2341
2.4690
2.1177
2.3731
2.1439
2.1108
1.9494
2.0338
2.2193
2.1465
2.0853
2.1365
2.0279
1.9763
1.9683
2.2033
2.1663
2.1684
2.1185
2.3915
2.0908
2.1201
2.0092
1.6336
1.6446
1.6379
1.8849
1.8276
2.0138
1.5785
1.7043
1.7175
1.8161
1.8422
1.8496
1.5063
1.8785
1.6013
1.6588
1.9838
1.8931
1.8120
1.9876
1.7359
1.7669
1.8869
2.0484
1.9136
1.6737
1.8789
1.9637
2.0678
2.0213
2.0734
2.1880
2.2322
2.0687
2.0286
1.8731
1.7773
1.6862
1.7321
1.4404
1.5317
1.7290
1.5507
1.7224
1.9822
1.7234
1.7730
2.0553
1.6950
1.8224
2.0826
1.8380
1.9750
1.5757
1.7402
1.6734
1.7207
1.7064
1.7404
1.6987
1.6322
1.6288
1.8371
2.1206
1.8360
1.7054
1.4470
1.7169
1.5564
1.4058
1.5650
1.5706
1.6546
1.6359
1.7500
1.5828
1.6989
1.7451
2.0683
2.2099
1.6865
1.9286
1.8293
1.8703
2.1395
1.9923
2.1307
2.4019
2.1758
2.2442
2.2345
2.4816
2.1379
2.1431
2.2450
2.2004
2.2463
2.0538
2.1849
1.8406
2.1307
1.8015
2.1442
1.7309
2.0977
1.9178
2.4710
2.1287
2.0289
1.9687
1.8880
1.9432
1.6425
1.9239
1.7862
1.7754
2.0720
2.0720
1.7016
1.9027
1.5504
1.7470
1.5872
1.6701
1.8700
1.5814
1.5221
1.7660
1.6818
1.5575
1.7764
1.7439
1.9279
1.8784
1.7678
1.8922
1.9494
1.8704
2.1145
1.7867
1.7957
1.7410
1.8361
1.8013
1.6338
1.9320
1.7613
1.6724
1.8234
1.9852
2.0925
1.8420
1.8713
1.8761
1.8654
1.7016
1.7649
2.0234
1.8534
1.6031
2.0182
1.8115
1.8541
1.9182
1.9953
2.1416
1.7213
1.9120
2.4721
2.1510
1.8791
1.9382
1.4817
1.6722
1.5988
1.7006
1.5739
1.4922
1.7153
1.7864
1.7772
2.1107
1.9459
1.8576
2.0225
1.9160
1.8997
1.8253
1.9937
1.8804
2.0891
2.1233
2.1190
2.1599
2.1758
1.9378
1.9619
2.1477
1.8564
2.1189
2.0585
2.1680
2.1677
2.1108
2.0034
2.1655
2.1860
2.0564
2.0486
2.2556
2.3205
2.2999
2.2525
2.1668
2.0207
2.1910
2.2102
1.8818
2.0343
1.9364
2.0970
2.1148
2.0109
2.0512
1.8986
1.8883
2.0127
2.0362
2.2667
2.2160
2.3171
2.2829
2.1487
2.1515
2.2178
2.4180
2.5065
2.4268
2.3112
1.9735
2.1011
2.0928
1.8727
2.0228
2.0024
2.2238
2.1265
1.8505
1.8208
2.1430
1.9177
1.9883
1.9023
1.8407
2.0430
1.8640
1.9850
1.8514
1.6443
2.2122
1.8019
1.8420
1.9245
1.9548
1.7649
1.8093
1.8434
2.1554
2.0137
1.8330
2.1814
1.7871
1.9572
2.1441
2.0116
2.1007
1.8600
2.0900
1.7616
1.7041
1.7727
1.7226
1.7227
1.7058
1.6195
1.6517
1.6615
1.9141
1.8878
1.7415
1.9137
1.5970
1.5733
1.6041
1.7514
1.9302
2.1583
1.7882
2.1013
1.8215
2.1373
1.8749
1.7653
2.0101
1.8639
1.8030
1.7500
1.9561
1.8481
2.1165
2.1626
1.9404
1.9811
1.7914
1.7005
1.9592
1.8268
2.0318
1.9191
1.7928
1.7863
1.8568
2.1673
2.2405
2.1692
1.9717
1.7945
1.9382
1.9560
1.8390
1.6909
1.9067
2.0592
2.0485
2.0009
1.6217
1.9287
1.7164
1.7505
1.9484
1.9371
2.1803
1.9976
1.7636
1.7125
1.7914
1.6889
1.7513
1.7841
1.6933
1.6021
1.8382
1.9813
2.1136
1.9564
2.0552
1.8083
1.8578
1.7462
1.6573
1.5864
1.7492
2.1028
1.7194
1.7196
1.8638
1.8941
1.9748
1.9045
1.7387
1.7563
1.9363
1.7803
1.9642
1.9024
1.9571
2.0661
1.7763
1.7437
1.9760
1.9034
1.9981
1.9279
1.9559
1.6210
1.6090
1.8134
1.9035
1.8482
2.1729
1.8177
1.8206
1.9819
1.4898
1.9144
1.6248
1.8128
1.7664
1.9360
1.7481
1.8158
1.8991
1.8216
1.9183
2.0489
1.8266
1.7290
1.8751
2.1567
2.0456
2.4055
2.2415
2.1568
2.2136
2.2132
2.1088
2.0604
1.9706
2.2590
1.8261
1.8675
1.7718
1.8604
1.8735
1.5645
1.8154
2.0025
1.7265
1.8228
1.5227
1.6599
1.6858
1.7186
1.7699
1.8110
1.8427
1.6299
1.8181
1.6346
1.7691
1.9288
1.8776
1.7150
1.7192
1.6716
1.7235
1.8360
1.6801
1.6816
1.9030
1.7503
1.7456
1.9187
1.8969
1.8473
1.7720
1.5013
1.6625
1.6056
1.7172
1.4670
1.6179
1.7302
1.6182
1.7880
1.6244
1.8477
1.8287
1.6689
1.4968
1.7057
1.6861
1.7655
1.4403
1.7091
1.6929
1.4752
1.7000
1.6111
1.6626
1.5912
1.6123
1.8110
1.9118
2.1384
2.1260
1.9489
1.7615
1.6900
1.9829
1.9547
2.0062
2.0039
1.8825
1.8207
1.6122
1.9072
2.0182
2.0310
2.1677
1.6596
1.9668
1.8110
1.8152
1.8186
1.8176
2.1915
2.2812
1.8517
1.8424
1.7126
1.6804
2.0989
1.8871
2.0448
1.9423
1.8105
1.7636
1.9107
1.7306
2.1154
1.8562
2.0852
1.7867
1.7973
2.0509
1.9162
1.9564
2.0945
1.9064
1.7386
2.0195
2.0622
1.9166
1.6816
1.9372
1.8496
2.1744
2.1433
1.9804
2.2359
1.8494
1.6652
1.6320
1.7822
1.8793
1.7330
1.7168
1.7331
1.8930
1.6309
1.7516
1.7406
2.1039
1.7526
1.6818
2.0527
1.8714
1.7114
1.8695
2.1839
1.8841
1.9986
1.7517
1.8202
1.9321
1.7922
1.9410
2.0466
1.8317
1.7411
1.8427
1.7212
1.4089
1.5632
1.9947
1.7413
1.5686
1.6476
1.7686
1.6074
1.9375
1.8122
1.7778
1.7664
1.7437
1.7986
2.1194
1.9111
1.8992
1.8981
1.9886
1.8674
1.9144
1.8674
1.8648
1.7453
2.1405
1.8836
1.9887
1.7083
1.6330
1.6659
1.6308
1.9216
1.7743
1.8299
1.7553
1.6523
1.6648
1.8065
1.5824
1.7222
1.7655
1.4882
1.8828
1.6835
1.7757
1.7655
1.9150
1.8011
1.6453
1.7680
1.7746
1.7531
1.7825
1.6016
1.9370
1.6281
1.6094
1.6257
1.5679
1.7972
1.7366
1.6596
1.6910
1.8155
1.7670
1.5356
1.9451
1.7282
1.7666
1.5771
1.6560
1.7325
1.7800
1.8396
1.6274
1.5398
1.6744
1.7034
1.6761
1.6941
1.6249
1.8041
2.0051
1.9417
1.8061
1.6318
1.8806
1.6504
1.7637
1.7572
1.7447
1.7451
1.6635
1.5628
1.7649
1.5821
1.7556
1.8421
1.5624
1.6047
1.6325
1.6003
1.4916
1.4774
1.6931
1.5081
1.6061
1.4223
1.7736
1.5338
1.7172
1.8294
1.9118
1.7620
1.7314
1.7165
1.6788
1.6902
1.7860
1.6571
1.7364
1.6052
1.7580
1.6454
1.8144
1.7403
1.6395
1.5863
1.5335
1.6970
1.6924
1.9986
1.9113
1.6451
1.8649
1.7270
1.7251
1.6088
1.9068
1.7805
1.9451
1.7924
1.6797
1.7960
1.9240
1.8365
1.9465
1.8637
1.2086
1.7398
1.6601
2.0508
1.6626
1.7198
1.8809
1.6482
1.7517
1.7303
1.7211
1.7084
1.8019
1.8840
1.7246
1.6700
1.8397
1.6525
1.7130
1.5262
1.8996
2.2147
2.2445
1.8244
1.7014
1.8867
2.0198
2.0740
2.0985
1.9659
1.9743
2.0610
2.1960
2.0745
2.1660
2.0143
1.8680
2.1265
2.0515
2.1156
2.1301
2.2470
2.5574
2.2691
2.3580
2.0136
2.1677
2.1700
2.0297
1.8042
1.9610
2.1479
2.1267
2.1023
1.9835
1.9722
2.0187
1.9177
2.0160
2.0093
2.1428
1.9715
1.9876
1.9056
1.8950
1.8826
2.0444
1.8589
1.6397
1.7466
1.9989
1.6602
1.6784
2.1289
2.2575
2.0844
2.1763
2.0890
1.7577
1.3894
1.7539
1.6253
1.7020
1.8286
1.8535
1.6694
1.8777
1.8094
1.6511
1.7677
1.8041
1.6701
1.6716
2.0209
1.9964
1.9122
1.9144
1.9221
2.0120
1.9499
1.8839
1.7638
2.3487
2.3853
2.3093
2.1928
1.9713
1.8354
1.9694
1.7409
1.7542
1.7685
1.8958
2.0713
1.8036
1.7186
1.5881
1.9482
1.8884
1.8250
2.0421
1.8970
1.8354
1.7810
1.5327
1.5732
1.6580
1.8868
1.8097
1.8636
2.1183
1.7928
1.7867
1.9558
2.0785
1.7224
1.7487
2.0725
1.7763
1.9949
2.0185
1.9969
1.8646
1.7733
1.7793
1.9456
1.9039
1.9413
1.9686
1.8162
1.9642
1.7631
1.9813
1.8025
1.8901
1.9166
1.8193
1.6640
1.8719
1.8350
2.1032
2.0236
1.9859
2.0481
1.6600
1.7882
1.9247
2.0087
1.7748
1.7425
1.9472
1.6973
1.8024
1.7586
1.7136
1.7972
2.0386
1.8244
1.6204
1.7020
1.7635
1.8209
1.8522
1.7605
1.7206
1.7193
1.6268
1.6255
1.7947
1.8948
1.6878
1.7612
1.7054
1.8881
2.0600
1.9292
1.6193
1.8758
1.8307
1.8568
1.8507
2.1949
2.0004
2.0051
1.8381
1.8436
1.7254
1.9217
1.8059
2.1088
1.7447
1.6758
1.9058
1.8224
1.9135
1.8922
1.7624
1.5273
1.6545
1.8413
1.6368
1.7573
1.7336
1.8463
1.7018
1.7761
1.7399
1.8636
1.9217
1.7236
1.8181
1.7167
1.7056
1.8134
2.0277
1.9230
1.8790
1.7212
2.0681
1.8157
2.0143
2.0658
1.7463
1.9343
1.6729
1.6076
1.7494
1.8684
1.6693
1.9562
1.9819
2.0307
2.0681
1.9786
2.0042
1.8218
1.8941
1.8558
1.9500
1.8268
2.0037
2.1038
1.8630
1.9565
2.0148
1.8076
2.1098
1.9711
1.9828
1.8633
1.9663
1.7581
1.7206
1.5753
1.9845
1.9153
1.7138
1.9337
1.7742
1.7952
1.9118
1.8726
1.9319
2.0176
1.6911
1.5510
1.7572
1.9010
1.8530
2.0381
1.8662
1.7888
2.1147
1.9448
1.8835
1.8436
1.8645
1.9532
1.8572
1.6782
1.8615
1.7908
1.9819
1.8766
1.6143
1.7588
1.7754
1.8007
1.8552
2.0509
2.0423
1.9464
1.8312
1.7781
1.9664
2.1194
1.8340
1.7349
1.9048
1.9083
1.8010
1.8131
1.7032
1.8181
1.6516
1.7862
1.5208
1.9460
1.8622
1.8469
1.9379
1.5547
1.5612
1.7165
1.8792
1.8796
1.8958
1.8489
2.0428
1.8874
2.1399
1.9433
1.7090
1.7979
1.7795
1.8205
1.6017
1.9035
1.9265
1.8715
1.8249
1.8714
1.8452
1.9729
1.7242
1.8629
1.9324
2.1004
1.8712
2.0333
1.9090
1.8222
1.8906
1.9545
1.9430
2.1700
2.2547
2.2413
1.9751
2.2359
1.8054
1.8637
2.0434
1.8634
1.9655
1.9165
1.8553
1.8090
1.6113
1.7293
1.9285
2.0929
2.0737
1.6252
2.0060
1.6053
1.6902
1.8236
1.5661
1.8624
1.8319
1.7592
2.0561
1.8357
1.6157
1.9342
2.0913
1.8321
1.6709
2.1019
1.7203
1.5189
1.5188
1.6746
1.7549
1.4869
1.4740
1.4230
1.5237
1.6167
1.8115
1.6733
1.5325
1.4931
1.4968
1.5405
1.7132
1.5138
1.4544
1.5799
1.5709
1.6090
1.4549
1.4682
1.6765
1.7095
1.6844
1.5630
1.8480
1.7557
1.7942
1.7286
1.7080
1.8966
1.7816
1.8109
2.1798
1.7703
1.8730
1.6271
1.9975
1.9586
1.7239
1.7671
1.8987
1.7226
1.8989
1.9698
1.9619
1.6721
2.4278
1.8842
1.7334
1.6141
1.8504
1.8891
2.1412
1.6372
1.9376
2.0628
1.5690
1.5035
1.4516
2.0677
1.5080
1.6269
1.5491
1.7317
1.5817
1.9393
1.7882
1.9139
1.6762
1.7876
1.6977
1.9277
1.6845
1.6512
1.6885
2.1089
1.9065
1.7406
1.9623
2.0242
1.9051
1.5242
1.8203
1.7096
1.6244
1.5397
1.5305
1.8818
1.5703
1.6590
1.8260
1.6080
1.5920
1.7103
1.5990
1.6036
1.3428
1.5742
1.5410
1.8357
1.9216
1.6979
1.5669
1.7630
1.6184
1.6560
1.5810
1.5792
1.8325
1.7462
1.4291
1.6718
1.8797
1.8684
1.9198
1.6794
1.5712
1.8234
1.5155
1.8732
1.7622
1.5019
1.5187
1.6433
1.6024
1.5398
1.4548
1.6496
1.5078
1.6408
1.8444
1.5757
1.5892
1.7640
1.9254
1.7922
1.6994
1.6557
1.5683
1.5638
1.4492
1.6519
1.6116
1.7046
1.5941
1.5836
1.7812
1.5574
1.6720
1.6622
1.4679
1.7696
1.9076
1.7718
1.6941
1.8588
1.6457
2.2382
1.9345
1.6971
1.6965
1.8298
1.7096
1.8816
1.8758
1.5032
1.5811
1.8468
1.9111
1.8959
2.0343
1.7223
1.8939
1.5340
1.6447
1.6675
1.6373
1.8164
1.8787
1.8794
1.7461
1.7926
1.9712
2.0500
1.7575
2.1105
1.8936
1.7018
2.0067
1.9451
2.0520
2.0537
1.8762
1.5479
1.9619
1.8869
1.6872
1.6343
1.4804
1.5594
1.8056
1.6427
1.9350
1.9005
1.7981
2.0112
2.3825
2.1002
2.1740
1.9242
2.1052
2.4131
1.9945
2.3231
2.3886
2.0682
1.7471
1.7771
1.7942
1.8989
1.8624
1.9072
1.9061
1.8557
1.9594
1.9747
1.5124
1.6475
1.8545
1.8289
1.8182
1.7524
1.6123
1.9983
1.7733
1.6059
1.5657
1.7369
2.1690
2.3017
2.0388
1.7461
1.6435
1.9813
1.7871
1.8650
1.6243
1.6038
1.7359
1.6969
1.6997
1.5976
1.5571
1.8869
1.5892
1.5953
1.7119
1.5826
1.6339
1.6997
1.6386
1.9995
2.1399
1.5612
1.7255
1.6913
1.8634
1.8579
1.9376
1.6822
1.9287
1.9858
1.8691
1.9405
2.2057
1.7757
1.5153
1.6005
1.7895
1.9163
2.2466
2.5221
2.4892
2.2854
2.3113
1.9599
2.1011
2.1624
1.9883
1.9361
2.0949
2.0890
2.2208
1.9807
1.6492
1.4987
1.7772
1.8230
1.8291
2.2090
2.3827
2.1776
1.9183
2.2268
2.2898
2.3287
2.2611
1.7623
2.2754
2.0719
1.8781
1.7144
1.6534
1.5320
1.6027
1.6069
2.1463
1.8163
1.6252
1.6614
1.7618
1.6786
1.6278
1.6614
1.8574
1.5996
1.8290
1.9720
2.1520
1.9005
1.6250
1.5940
1.6531
1.9526
2.0906
1.8708
1.8545
2.0635
2.1032
1.5695
1.7428
1.3654
1.5135
1.5919
1.4631
1.4810
1.4763
1.5831
1.5515
1.7227
1.8768
1.3563
1.7454
1.6748
1.8165
1.5882
1.6883
1.6539
2.0823
1.8862
1.9542
1.7411
2.1010
1.9885
2.2047
1.8494
2.2798
2.1200
2.0711
1.9491
1.8233
1.8778
1.7546
2.0382
1.9473
2.1902
1.8039
2.1156
1.6256
1.5419
1.9763
1.7993
1.7271
1.9981
2.0334
1.6136
1.6677
1.2983
1.5980
1.4380
1.6325
1.5865
1.6363
1.5929
1.5046
1.4867
1.5031
1.5906
1.4898
1.4538
1.6372
1.5452
1.5678
1.7440
1.5393
1.4533
1.5226
1.4904
1.4087
1.6828
1.5376
1.7918
1.7740
1.6995
1.5846
1.6737
1.4539
1.7589
1.5670
1.8092
1.6834
1.5029
1.4205
1.4321
1.5108
1.7798
1.6632
1.4920
1.5872
1.5832
1.5421
1.6849
1.5583
1.5595
1.6639
1.8101
1.6114
1.7552
1.8466
2.0193
1.9079
1.9297
2.3479
1.8480
2.2018
2.0527
1.6462
1.6856
1.6595
1.7385
2.0461
2.0060
1.8804
2.2508
2.2248
2.2381
1.9974
1.8682
1.7233
2.0101
2.3706
2.2407
2.1661
1.7318
1.7512
2.2026
1.8960
1.6862
1.7811
1.6850
1.9386
1.5738
1.7401
1.7102
1.5763
1.5524
1.5654
1.6720
1.7591
1.6619
1.6205
1.6289
1.8840
1.4355
1.7022
1.9101
2.1026
1.6846
1.9253
1.4361
1.5168
1.9417
2.1277
2.4389
2.1984
2.2733
2.1535
2.1007
2.1208
2.0959
2.3352
2.1504
2.5162
2.2470
2.1243
2.0957
1.9269
1.9078
1.6567
2.0642
2.2933
1.8566
1.9394
1.8074
2.0206
1.5351
2.2383
1.9653
1.9580
1.7430
1.8044
2.1095
1.6851
1.8177
1.4914
1.5527
1.6345
1.9336
1.7665
1.6803
1.6996
1.9114
1.7444
1.9065
1.6255
1.9513
1.8157
1.6172
1.5724
1.6176
1.6094
1.7414
1.7949
1.6802
1.8988
1.8309
1.7133
1.7110
1.7871
1.7806
1.8366
1.9903
1.7655
1.9002
1.7285
2.1448
1.8484
1.7411
1.7655
2.0064
1.8829
1.6502
1.8283
2.0662
2.0727
2.0760
1.9503
2.0743
1.8698
1.9264
1.6409
1.4312
1.6020
1.7595
1.8625
1.5443
1.6195
1.7480
1.4525
1.7243
1.8249
1.5502
1.7544
2.1442
2.0369
1.7991
1.8733
1.8643
1.8113
1.8955
1.3834
1.5945
1.9045
1.8115
1.6785
1.5218
1.8200
1.8551
1.9447
1.8534
1.8326
1.5936
1.7092
2.0438
1.9659
1.6111
1.7659
1.6751
1.6992
1.8064
1.6661
1.5963
1.6180
1.6926
1.8050
1.9166
1.9672
1.9729
2.2534
2.0002
1.9988
1.7327
1.9362
1.9540
2.1368
2.0294
1.8680
1.8173
1.7341
1.7099
1.8607
1.8382
1.9739
2.1709
1.8964
1.8719
1.7447
1.8037
1.9729
2.0896
1.8032
1.8587
1.9435
1.8497
1.8233
1.5720
1.6660
1.7289
1.7611
1.9180
1.9601
1.7799
1.8000
1.8021
1.5963
1.9020
1.8275
1.7209
1.9351
2.0550
2.1687
1.7840
1.7492
1.6416
1.7122
1.6281
1.7720
1.8174
1.8111
1.7631
1.5368
1.5856
1.7517
1.9717
1.9683
2.0307
1.6716
1.7131
1.8847
1.6315
1.7505
1.9573
1.8137
1.8037
1.6435
1.6225
1.8443
1.7530
1.6919
1.8176
1.8383
1.9442
1.6102
1.8730
1.7494
1.4475
1.5740
1.7710
1.5567
1.7713
1.6148
1.9395
1.8304
1.5631
1.6330
1.6214
1.7438
1.7199
1.6086
1.6346
1.5995
1.5859
1.7480
1.6886
1.9835
1.7863
1.6928
1.6625
1.7061
1.6093
1.6260
1.7827
1.7642
1.8477
1.5491
1.4832
1.9472
1.5602
1.7641
1.9490
1.9090
1.7239
1.9778
1.6073
1.9963
2.0892
1.9430
1.9233
2.2808
2.1209
1.9107
2.1026
2.0145
1.7209
1.7468
1.9626
1.9932
2.0349
1.9030
2.0353
2.1507
1.9880
2.1537
2.2176
2.1825
1.7360
1.8273
1.8685
1.8031
1.7769
1.4516
1.6255
1.7260
1.6904
1.5745
1.6397
1.7331
1.5820
1.7860
1.6425
1.8288
1.5602
1.5657
1.5806
1.6543
1.6093
1.3545
1.1307
1.4148
1.4777
1.5953
1.5422
1.6809
1.5520
1.8320
1.6870
1.7323
1.4038
1.7515
1.7243
1.5957
1.9895
1.7369
1.9775
1.4862
1.8989
1.8629
1.5628
1.6427
1.9376
1.8795
1.8375
1.8884
2.0043
1.8342
1.8046
1.9270
2.0280
1.5738
1.9558
1.8757
2.2352
2.0760
2.3714
2.4916
1.8687
2.4663
2.4837
2.5521
2.1952
2.0625
2.1753
2.0578
1.8419
1.9023
1.8491
2.7267
2.7150
2.4062
2.3875
2.1629
1.9287
2.1511
2.1775
2.2022
2.2564
1.8345
1.9173
2.3162
1.9111
1.9116
1.8886
1.8453
2.0871
1.9239
1.8868
2.2463
1.9028
2.3725
1.7931
2.1104
2.0246
1.9663
2.1457
1.8624
1.6851
1.7464
1.9418
1.8258
2.0249
1.9746
1.9103
1.7680
1.7635
1.9566
1.9470
2.1295
2.0054
2.0560
1.9678
1.8842
1.9366
1.9914
2.1567
2.1495
1.9824
2.0225
1.7177
1.9775
1.8793
2.0001
1.7710
1.7928
1.8206
1.9975
1.6902
1.5968
1.7366
2.0496
1.6772
1.9364
2.1420
1.7150
1.7873
2.1373
1.9273
1.6604
1.9861
2.0236
2.1224
2.1736
2.1283
2.0272
1.7538
1.6336
1.8038
2.0634
1.9205
2.2485
2.2082
2.1448
1.7787
2.0650
1.9940
2.0247
1.6700
2.1056
1.8508
1.6294
1.8921
1.6241
1.8410
1.5559
1.3423
1.6563
1.7483
2.0612
2.0789
1.6508
2.1110
1.8480
1.6922
1.9164
1.9625
1.9965
1.6725
1.8831
1.7292
1.7372
1.4330
1.2924
1.3714
1.4392
1.1507
1.2311
1.1680
1.4173
1.2618
1.3944
1.4253
1.3739
1.2417
1.3573
1.4442
1.3218
1.3141
1.4681
1.2546
1.5679
1.4622
1.4203
1.8048
1.8260
1.9527
1.7405
1.9949
1.8169
1.8432
1.9730
1.5001
1.8241
1.5657
1.5251
1.9706
1.9321
1.8367
1.5886
1.6965
1.8415
1.9490
1.6404
1.7797
1.8836
1.5777
2.1614
2.0816
1.8622
1.8444
2.0728
1.8096
1.6839
1.8211
1.6908
1.8784
1.6520
1.7847
1.5635
1.6587
1.4723
1.5059
1.4693
1.5624
1.6308
1.8271
1.6006
1.5166
1.9761
1.7113
1.6104
1.6446
1.5279
1.6022
1.3395
1.5989
1.6497
1.5658
1.8124
1.7487
1.7669
1.6635
1.7467
1.7576
1.9999
1.8266
1.7624
1.3256
1.2051
1.3061
1.6037
1.5650
1.6660
1.9270
2.0880
2.2687
2.3307
2.3336
2.3177
2.4682
2.6099
2.2928
2.2225
2.2037
2.8262
2.5685
2.4220
2.2439
2.1068
2.2359
2.2188
1.9967
2.4483
2.0926
2.6046
2.3805
2.5383
2.4869
2.7926
2.3112
2.3636
2.7115
2.3535
2.5815
2.0702
2.4175
2.0932
1.7677
1.7861
1.8211
1.6088
1.8802
1.6715
1.9210
2.2179
1.5845
2.1852
2.0200
2.3725
2.3727
2.0950
2.4291
2.5186
2.1369
2.3184
2.3974
2.3602
2.5316
2.4530
2.3339
2.6223
1.8708
2.2828
2.0097
2.3873
1.8266
1.9934
1.9761
1.9269
2.0040
2.0131
2.2869
2.1908
2.7456
2.4108
2.1094
2.2446
2.0982
2.1206
2.2684
2.1540
2.4827
2.2753
2.2156
2.3142
2.1987
2.1507
2.0077
2.0706
1.5934
1.6315
1.6680
1.7585
1.8505
1.5157
1.5934
1.4376
1.6922
1.7081
1.6095
1.8840
1.4010
1.5816
1.6208
1.8522
1.6902
1.8922
1.7193
1.6734
1.8501
1.6916
1.8554
1.5739
1.6044
1.5047
1.8643
1.6463
1.6802
1.8550
1.7331
1.6744
1.7275
1.6477
1.9550
1.8960
1.6850
1.5080
2.0134
1.8018
1.7699
1.7931
1.8022
2.1061
1.8987
2.1854
2.0240
1.8070
1.6008
1.6126
1.7050
1.7588
1.7465
1.8118
1.6422
1.6839
1.8311
1.8716
1.8325
1.6497
1.8956
1.6272
1.8131
1.6095
1.5384
1.9905
1.5114
1.6863
1.7446
1.6136
1.4827
1.7027
1.6125
1.8134
1.6064
1.8663
1.5926
1.9160
1.8800
1.7129
1.7362
1.6371
1.8474
1.5202
1.4571
1.5460
1.4233
1.5070
1.5017
1.8482
1.5137
1.7439
1.6036
1.5182
1.5481
1.6646
1.5122
1.7477
1.6422
1.8321
1.8215
1.5529
1.6978
1.5282
1.6641
1.7305
1.9456
1.6769
1.5559
1.5668
1.5762
1.7092
1.6595
1.6995
1.4726
1.8491
1.7929
1.6492
1.7726
1.6822
1.5691
1.4867
1.5813
1.5730
1.3974
1.8412
1.8806
1.7138
1.7379
1.5137
1.5527
1.4512
1.7390
1.4044
1.5538
1.6470
1.5354
1.4721
1.5209
1.6332
1.7466
1.7503
1.6991
1.5684
1.6898
1.7512
1.3692
1.5058
1.7464
1.4822
1.5268
1.6954
1.6414
1.5389
1.5543
1.7628
1.6011
1.6742
1.6471
1.5542
1.5928
1.4951
1.7366
1.8254
1.8781
1.6891
1.5818
1.5385
1.5102
1.5301
1.5081
1.5703
1.7245
1.5767
1.7647
1.7277
1.6643
1.6833
1.6974
1.6474
1.4614
1.6319
1.7007
1.6748
1.3626
1.6221
1.6507
1.8330
1.6382
1.5570
1.7224
1.8406
1.7075
1.3798
1.6628
1.6179
1.8405
1.8342
1.7566
1.7315
1.3435
1.5297
1.3889
1.4586
1.2981
1.3571
1.5053
1.5598
1.4423
1.6450
1.3913
1.5946
1.7266
1.2886
1.6600
1.6139
1.7230
1.4831
1.5867
1.9359
1.9229
2.1629
1.7808
2.2522
2.6110
1.9036
1.7350
1.6485
1.7198
1.9916
1.9926
1.9837
1.9161
1.4437
2.2742
2.0289
1.8368
2.2772
1.7160
1.8284
1.7592
2.1498
1.9847
1.5520
1.2444
1.6740
1.4002
1.4154
1.4396
1.7796
1.7213
1.8538
2.1868
2.1564
1.8186
1.7569
1.8132
1.8964
1.9549
2.0635
2.5732
2.3401
2.0278
1.8053
2.0899
2.6211
2.0995
1.7487
1.9583
2.0954
1.9758
2.6076
1.9857
2.4483
2.4529
2.3710
2.4932
2.4712
2.1125
1.9519
2.1420
2.1746
1.8781
1.8201
2.3332
1.9363
2.0982
2.2159
2.0931
2.3436
2.3470
2.0668
1.9703
1.8650
2.0823
1.8729
1.8093
2.0519
2.3424
2.5138
2.4444
2.4141
1.9483
1.9399
1.5477
2.5284
2.3794
2.6844
2.0589
2.3096
2.5343
1.9360
1.8624
2.1603
2.0205
1.8492
2.1177
1.7625
1.9675
1.9610
1.9197
2.5575
2.3237
2.0582
2.0608
1.9170
2.1563
1.9727
2.0131
1.9043
2.0491
2.2402
2.3018
1.7433
2.2051
1.7758
1.6372
2.1373
1.8289
2.1682
2.1753
1.9959
1.9533
1.9980
1.8929
1.9364
2.0419
1.8825
2.2692
1.8719
1.9289
1.9452
2.0974
2.2904
1.9724
2.0253
1.8192
2.2585
2.2439
2.0433
1.8995
2.3008
2.0292
2.3644
2.1803
2.3253
2.2037
2.1833
1.9755
1.9192
2.2323
2.2614
2.3114
2.2986
2.2125
2.4022
2.0596
1.7975
2.1521
2.4129
2.9764
2.1565
1.8811
1.8806
1.9735
1.6069
1.9414
1.7904
1.8168
2.0750
1.8477
2.1868
1.7155
1.7295
2.0410
1.9982
1.9439
2.0154
1.8650
1.9843
2.3677
1.8683
1.9149
1.9924
2.2993
1.8530
1.9308
2.1820
2.0303
2.1120
1.8894
1.9361
2.0852
1.9316
1.7558
1.6888
1.9742
1.8408
2.1116
1.9703
1.7326
1.7620
1.9213
2.1092
1.9915
1.8650
1.9178
2.0983
1.8046
1.8375
1.8817
1.7602
1.7715
1.7496
1.7241
1.8987
2.1233
1.8643
1.6771
1.8201
1.7426
1.9058
2.1755
1.9114
2.3232
1.7099
1.9402
1.8663
2.0214
1.8962
2.0381
2.1088
1.7567
1.9322
1.9188
1.7918
2.2453
2.2559
2.0976
1.8761
2.0490
2.1497
2.0602
1.7794
1.9471
1.8951
1.9006
1.6650
1.8425
1.7409
1.8370
1.8513
1.9094
1.9623
1.7549
1.6954
1.8960
1.7562
1.8693
2.0293
1.7050
1.8917
1.8632
2.2430
1.9035
1.6539
1.8454
1.6472
1.5317
2.1606
1.9410
2.0285
1.8158
2.3021
2.1058
1.9569
1.9659
1.9108
1.8507
2.2431
2.1093
2.2062
1.9986
1.8199
1.6398
1.6707
1.9132
2.0862
1.9917
2.0998
1.8605
1.9238
1.8967
1.9316
1.6238
1.5259
1.9649
1.7281
2.0000
2.0550
1.7622
1.8071
1.6711
2.0211
1.8956
1.8191
1.3510
1.8432
2.1754
2.2567
1.6615
1.8010
1.8314
1.9793
1.9188
1.7074
1.8443
1.9661
2.1708
2.6134
1.8725
2.0521
2.2579
1.5826
1.8018
1.7288
2.3036
2.0980
2.1576
2.0349
2.0609
2.1410
2.0435
1.9234
2.1990
1.9586
2.2203
2.0662
2.1776
2.4758
2.2402
2.0398
2.1166
2.5049
2.8448
2.7827
2.6334
2.4906
2.5774
2.2481
2.3876
2.1609
2.3645
2.2683
2.1678
2.1463
2.1810
2.3321
2.4797
2.4856
2.3246
2.1359
2.4680
2.6504
2.0912
2.1710
2.2607
2.2353
2.2603
2.5878
2.1894
2.4169
2.4226
1.9906
1.6532
1.8153
2.0911
2.2108
2.1185
2.0028
1.9201
2.0608
2.1720
2.6070
2.2481
2.4230
2.2085
1.9078
2.0847
2.4399
2.1003
2.1739
2.3544
2.2801
2.2402
2.2015
2.0147
2.1658
2.2093
2.2480
2.5112
2.2415
2.4038
2.1115
2.2519
2.0536
2.0630
2.3819
2.1239
2.2555
2.1675
2.0254
2.3136
2.1769
2.4245
2.2887
1.8256
2.4472
2.0304
2.1240
2.3934
1.9735
1.8321
2.2167
2.0520
2.2359
1.7226
1.7868
2.0713
1.8452
1.8847
1.9073
1.7471
1.7570
1.6820
1.6945
1.5539
1.7025
2.2166
2.0349
2.1236
2.0143
1.8036
1.9291
2.0229
1.9139
2.2430
2.2935
2.2476
2.3219
2.6059
2.2692
2.0045
1.6463
2.0095
1.9219
1.9047
2.1710
2.1501
1.9829
1.5593
1.7660
1.9561
1.7870
1.8775
1.8963
1.9646
1.8528
2.2417
2.0482
2.0564
2.2054
2.1578
2.1822
2.1603
1.9863
2.4690
2.4828
2.0261
1.9768
1.8395
2.1972
2.1978
1.7570
2.0185
1.9548
1.9764
2.0774
2.3910
1.8098
2.0850
1.9519
1.9643
1.9111
1.6283
1.8642
1.7865
2.0190
2.0451
1.9065
2.0605
1.6893
1.9023
1.8638
1.8308
1.6420
1.7683
1.9025
1.7353
1.9519
1.6098
1.8307
1.8774
1.9392
1.9920
1.9581
2.0618
2.0602
1.8715
1.8379
1.7531
1.9854
1.6516
2.0206
1.8287
1.6120
1.8005
1.7983
1.7470
1.9624
1.6832
1.8630
1.5453
1.7989
1.8810
1.7011
1.8022
1.9629
1.8027
2.1511
2.2427
1.9504
1.8354
1.9580
1.7496
1.8080
2.0753
2.2336
2.1683
2.1589
1.7549
1.7688
1.7985
2.1392
2.0339
1.9504
2.1225
2.2975
2.2266
2.0125
1.8563
1.8222
1.8665
2.0906
2.2967
1.8244
1.8923
1.8785
1.8954
1.9201
2.2051
2.2610
2.0954
2.2409
2.2152
2.2093
2.2488
1.9811
1.7959
2.0229
2.0548
2.3358
1.9660
1.9167
2.1048
1.7863
1.7619
1.9198
2.0774
1.9710
1.8963
1.7078
1.8461
1.8800
1.4704
1.8203
2.0748
2.1302
2.0774
2.1674
2.0635
2.2435
2.4637
2.2926
2.2494
2.4225
2.7526
2.4467
2.2922
2.3729
2.2366
2.3692
1.9743
2.3549
2.3172
2.0596
1.9868
2.2433
2.0005
2.1980
2.0670
1.9715
2.0466
1.9156
1.8087
1.7837
1.8187
1.9655
2.0296
2.3239
2.5281
2.0445
2.1100
2.3236
1.9040
1.9869
2.0089
2.5403
2.1893
2.2050
2.1108
1.9112
1.7774
2.1207
1.9483
1.7545
1.8107
1.6727
1.8379
1.8812
2.3238
2.0623
2.0211
1.8310
2.1878
1.9191
2.2208
2.1107
2.0920
1.8110
1.8571
2.1417
2.1671
1.8551
1.8619
2.0681
2.0938
2.1102
2.1117
2.1064
1.9841
1.8712
2.4342
2.2321
2.3190
2.0173
2.1781
1.9180
1.8832
1.8412
2.1350
1.8407
1.8003
2.0964
2.0224
2.2776
2.2236
1.9309
2.0157
2.2766
2.1865
1.9165
2.0375
2.1068
2.1200
1.9694
1.8764
2.2578
2.0701
1.6087
2.0258
2.0774
1.8832
2.0634
2.2093
2.3552
2.1146
2.0493
2.0633
2.1434
1.9877
1.9930
2.0885
2.0861
2.1464
2.3285
2.0543
1.7759
2.0110
2.2408
1.9255
2.3240
2.4524
2.1815
2.5500
2.3897
1.9577
2.1859
1.9313
2.3492
2.1518
2.2497
2.1411
1.9123
2.1322
2.4294
2.4369
2.1581
2.1109
2.0382
1.9257
2.2075
2.2045
2.0745
2.3730
2.5781
2.0217
2.2140
2.0223
1.7928
1.6765
1.8179
1.5309
1.4987
1.9047
1.7044
1.7620
1.7674
1.9759
2.0080
1.9257
2.2961
2.2579
2.3008
1.8066
2.2272
2.3378
2.0533
2.4415
2.3933
2.3626
2.2685
1.8204
1.6621
2.5194
1.8618
1.7237
2.1094
2.2584
2.1364
1.9088
1.7423
2.3293
2.3902
2.4772
1.7704
2.1497
1.7653
2.0300
2.1394
1.6642
1.8461
1.9387
2.1011
2.1689
1.7567
1.8700
1.6458
1.9331
2.1971
1.8629
1.7862
1.7238
2.1103
1.9882
2.0627
2.0816
1.9642
2.1763
1.9708
2.0448
2.0903
1.9480
1.7426
1.7436
1.6393
2.1030
2.0939
1.7062
1.8709
1.7186
2.0010
1.8559
2.0359
1.9107
2.0343
1.7505
2.1528
1.5838
1.9210
1.8314
1.9125
1.5570
1.7326
1.9914
1.9201
1.6272
1.5672
1.8358
1.7336
2.1990
2.1612
1.8186
1.8046
2.0581
1.8665
2.2337
1.7755
1.9357
1.9906
1.9542
1.9478
1.6646
1.9394
1.9260
1.9831
1.9521
1.8651
1.9059
1.7292
1.9852
2.0442
2.0435
1.9063
1.9679
2.0098
1.7757
2.0148
1.9913
2.0940
1.9515
1.6711
2.0203
2.2301
1.9994
1.8942
1.9864
2.2637
2.1243
2.0276
1.9819
2.1776
2.1606
2.0459
1.7675
1.7619
2.2372
1.9769
2.2136
2.2334
2.5492
1.9887
2.2349
1.8906
1.9491
1.8946
2.1465
1.9489
2.1120
2.2687
2.0686
2.2540
2.1076
2.1704
2.5090
1.8437
2.0671
2.0334
2.2054
1.9720
1.9107
1.7616
2.1484
1.8812
1.7779
1.9789
2.0119
2.1424
2.3811
2.2851
2.2751
1.9444
1.9629
2.2767
2.0829
2.3144
2.4095
2.1947
1.8693
2.4723
2.0141
1.9360
1.9823
2.1790
2.3220
1.8942
2.2087
1.7843
1.7683
1.7674
2.0090
1.8972
1.9756
2.1784
1.8240
1.8166
1.8814
2.0512
1.8235
2.1377
2.1428
2.2131
1.9498
2.1505
2.2432
2.4612
2.3601
2.2488
2.1644
1.9225
2.2140
2.0720
2.3740
2.0367
2.3446
1.7936
2.1840
2.0503
2.1895
2.4640
1.8417
2.0974
1.9822
1.8993
1.7741
2.2473
2.3728
1.8284
2.0552
2.1441
2.1473
1.7584
2.0922
1.6680
1.7982
1.8577
1.9982
2.0723
1.9364
2.1522
2.0578
2.3173
2.2944
2.8938
2.2029
2.5473
2.4370
2.2946
2.7169
2.2815
2.8145
2.0964
2.2550
2.4065
2.4605
2.3477
2.4478
2.4382
2.0989
1.9584
2.2438
1.9322
2.0965
2.2999
2.0337
2.3118
2.4464
2.0333
2.2411
2.1731
1.8534
1.9407
1.9918
1.7658
2.1878
1.9238
2.3197
2.2415
2.1087
1.8707
1.9444
2.1452
1.9944
1.8412
2.1531
2.0697
2.4018
1.9914
2.0841
1.9984
2.1813
2.0292
1.8930
2.3469
2.1826
2.5295
2.1898
2.4853
1.9285
2.1480
2.2545
2.2652
2.1045
2.3681
1.9063
2.1761
1.8418
1.8221
2.0391
2.1304
1.9031
1.7577
1.9493
1.9032
1.6342
1.7864
2.1909
2.1081
2.1136
1.9370
1.8943
2.0966
1.7088
1.8883
1.9590
1.6507
1.9328
1.9152
2.1043
2.2706
1.7810
2.1874
2.0142
1.8922
1.9772
1.8938
1.8661
2.1049
1.9996
2.1108
2.4082
2.5471
2.1425
2.0962
1.9514
2.0534
2.0045
1.9509
1.9977
2.0171
1.9790
1.8981
1.8085
2.0157
1.9917
1.9010
2.0104
1.7618
1.8272
1.7670
1.5719
1.9004
1.6325
1.6005
1.8676
1.9939
1.7805
1.6299
2.0366
2.0363
2.0349
1.7959
2.2348
1.9527
2.1194
2.2599
1.9946
2.0932
2.1330
1.8744
1.9122
1.7007
1.6554
1.7991
1.9348
1.7490
2.0420
2.1734
2.0394
2.0155
1.9572
1.9125
2.1747
1.8608
1.8585
1.9914
2.4708
2.4097
2.0756
1.8432
1.7581
1.7470
1.9859
1.8746
2.0963
2.0658
2.2976
2.0557
1.9677
2.0504
2.6198
2.2793
2.3257
2.0076
2.4292
1.8556
2.1291
2.4134
2.3829
2.1311
1.9500
1.8512
1.9457
1.9202
2.2600
1.5949
2.0492
1.8251
1.9160
1.9590
1.7984
1.7652
1.9549
1.9295
2.0249
2.0855
1.9007
1.9953
2.0588
1.8657
1.7668
1.8094
2.0669
1.9435
2.0846
2.0863
2.1106
2.0838
2.0836
2.0372
1.9516
1.8985
2.1022
1.7890
2.1444
1.8970
1.9948
2.1728
2.1117
2.0159
2.1726
2.1318
2.3252
2.1640
1.7001
2.0682
2.0389
1.9183
2.2008
2.2560
2.2584
2.0232
1.7895
1.6743
2.2712
1.6487
1.9022
2.0193
1.6745
1.9947
2.1055
2.0614
2.2687
1.7762
2.0339
1.8379
1.9093
2.1793
1.7390
1.8800
1.6528
1.7461
1.7925
2.0351
1.8326
1.8620
1.7658
1.7138
1.8240
1.9480
2.2536
1.9176
1.8946
1.9140
1.8583
2.1908
2.3513
1.8039
1.9765
2.0776
2.4296
2.0672
2.4089
1.8987
1.8120
2.0135
2.1012
2.1285
1.9942
1.9884
2.0229
2.1573
2.1010
2.1656
1.8990
1.8124
2.1079
2.2435
2.2006
2.1313
2.2310
2.2998
2.3546
2.4094
2.1336
2.5217
2.0553
2.4853
2.0582
2.3072
2.4362
2.2515
2.4026
2.1989
2.1333
1.7504
1.9197
2.1901
2.2144
1.7477
1.7162
1.9912
2.0035
1.9812
2.1014
1.6399
1.5258
1.6002
1.6690
1.5811
1.6813
1.6356
1.5645
1.8377
1.5976
1.7155
1.5775
2.0059
1.9803
2.2386
1.9445
1.9555
1.4921
2.2309
2.0474
1.9791
2.0756
1.8831
1.9318
2.1645
1.8500
1.8666
1.7204
2.0304
2.1044
1.8765
1.8847
2.1897
1.7786
2.0060
1.8061
2.0513
2.0694
1.9296
1.7676
1.7347
1.8380
1.7338
1.7415
1.9234
2.0043
1.7929
1.6819
1.8172
2.1975
2.2190
1.5744
1.7419
1.6919
1.8778
1.7954
1.9868
2.0241
2.2702
1.9702
2.3284
1.7107
2.0386
2.1250
1.7537
1.9496
2.1843
1.8941
2.1159
2.2385
2.4680
2.0616
2.3965
2.1474
2.0772
1.8322
2.3916
1.6199
1.8836
2.4622
1.8079
2.0700
2.2935
2.3763
2.2307
2.0967
2.6037
2.0042
1.9871
2.0710
2.2865
1.4870
2.0012
1.8454
2.3546
1.9847
1.7279
2.3804
2.7161
2.1459
2.1059
1.8888
1.6240
1.5425
1.7212
2.0424
1.9739
2.3073
2.5814
2.0787
2.2592
1.8966
2.1834
1.7524
1.7675
1.8381
1.9679
1.7168
1.7749
1.8416
1.9569
1.9065
1.8986
1.7034
1.8555
2.0157
1.9267
1.6789
1.7565
2.1070
2.0119
2.0463
1.8425
1.8819
1.8061
1.9094
1.8470
2.0568
1.6643
1.6656
1.8846
2.0823
1.9819
1.9589
1.8592
1.8996
1.6544
1.9321
1.9281
1.9736
2.0585
1.9298
2.0264
1.9679
2.1441
1.7918
2.0232
1.8083
1.9330
1.7346
1.7853
1.9596
1.7053
2.0681
1.9170
2.0050
2.2036
2.1659
2.1093
1.9759
2.1032
2.2255
1.8517
1.6657
2.0022
2.0631
1.8970
1.6668
1.8305
1.7116
2.0382
2.1327
2.1040
1.8183
1.7852
2.4526
2.3240
2.3164
2.3003
2.2209
1.9717
2.0604
2.6030
2.0738
1.8569
2.0353
1.7039
1.9015
1.8735
1.7568
2.0660
2.0077
1.8592
1.9572
2.1109
1.9941
2.0194
2.1083
1.9199
2.2630
2.1621
1.8958
1.9557
1.8019
1.7916
2.0478
2.0160
1.8647
1.8246
1.8483
1.9423
1.6636
1.9079
2.1706
1.7837
1.8664
2.1399
1.8591
2.0296
1.7685
1.9064
1.9056
2.0674
1.8510
2.0389
1.9038
2.0044
1.9764
1.6297
1.7393
1.7067
1.9786
1.7676
1.9893
2.2735
1.9966
2.5280
2.5447
1.8018
1.8728
1.8680
1.9736
1.9786
1.8374
2.0717
2.3937
2.2122
1.8725
2.1512
1.8527
1.9947
2.1037
1.8054
2.1544
1.8577
1.9900
1.9268
1.9498
1.7580
1.8011
1.7835
