87.5371
86.7137
88.5903
88.6312
88.9247
89.2994
88.6891
89.3325
89.4694
91.3838
90.3260
88.9571
89.4549
89.3664
88.2840
88.3567
88.6008
86.9517
87.7651
88.3131
90.4512
90.3683
89.7658
88.8377
88.3681
88.6853
90.2669
88.5628
89.3057
90.8051
92.4105
91.1018
91.4409
89.7006
89.6188
89.0128
90.0630
89.6668
88.7522
88.5831
89.7572
89.1494
91.0506
89.2924
89.9326
88.2456
88.2526
87.5095
88.7049
87.4032
89.2338
91.0089
89.4496
88.8327
89.4032
88.4583
86.8617
85.5625
88.6922
88.3252
88.3757
87.6231
86.5066
86.1423
86.6694
87.3089
85.6045
84.9508
83.5353
82.7607
83.1165
83.5590
84.9047
84.5386
84.2753
85.5257
85.6278
86.1960
86.1359
86.1168
84.9139
83.6953
82.8453
83.1746
83.2162
83.4696
84.3662
84.4465
84.1303
84.3883
81.5944
82.1695
83.8342
83.1759
83.3183
82.6824
82.0855
80.7508
80.4918
81.5837
82.1401
79.8395
79.6780
80.6851
79.6732
80.2558
79.6323
80.2712
79.6724
79.3623
80.7646
80.0593
78.8281
79.7826
80.2968
79.8330
79.6165
80.1684
81.5254
80.4023
81.0062
81.7122
81.5738
82.2918
81.2942
83.2129
82.5178
82.9922
82.1130
83.3106
83.3110
82.2582
82.5641
83.4815
84.4036
85.0697
84.0701
83.3144
83.2287
82.2753
83.4249
82.8216
81.9792
84.3267
83.6428
82.0254
82.9477
83.3022
82.5016
83.8180
85.2946
85.7720
86.7665
86.2759
85.2713
86.0975
86.3349
85.5083
87.2478
88.7421
87.2078
86.4927
88.5444
88.0962
85.6994
85.8598
88.1390
85.1820
85.2507
84.7879
86.6835
87.0367
87.0525
87.9170
88.7078
87.2598
88.6195
86.9308
86.2210
85.4624
87.5394
88.5318
88.8415
91.5442
90.5978
89.3062
88.5312
87.9170
88.8694
89.2288
90.6834
90.5296
89.7194
89.5491
90.2350
91.4279
91.0869
90.9347
89.8368
91.8168
91.7955
92.2193
93.2036
91.3643
90.4603
92.0397
92.8639
91.2768
92.1579
93.7372
93.4610
93.4759
92.4026
95.1592
94.5278
94.6255
93.5514
94.8612
94.1598
93.3243
92.2601
92.4187
94.5655
94.2860
93.7971
93.6078
92.5097
91.6689
92.0023
92.9914
91.7213
91.9362
90.0533
90.4744
89.8002
89.7758
92.5180
93.1416
94.4682
93.6062
94.4538
95.0618
92.8289
92.4655
90.7047
90.9606
91.4122
90.2580
91.0177
91.6354
91.0347
93.2177
91.7208
94.3406
93.4452
94.2461
93.2547
95.1168
94.6538
94.8135
95.6966
97.4166
98.0232
96.8339
95.2334
96.2146
97.0190
94.8568
94.9481
94.2088
93.0285
93.0763
92.3161
92.4894
92.4848
93.3200
93.3695
91.2551
90.9857
88.8781
89.3016
89.1597
89.3762
89.2383
89.5166
89.9928
90.6377
90.0573
90.2159
90.5909
89.9984
89.0904
89.4841
89.9978
90.2436
91.1345
90.3942
90.2903
89.8141
90.3674
86.9707
89.1404
90.0275
89.7134
90.2123
90.2778
90.3606
92.3001
91.9005
91.2576
89.2915
88.5894
89.6335
91.4126
91.7445
93.1235
92.1403
92.1119
91.0811
91.2883
91.8642
91.0558
91.4078
92.0403
93.1102
91.3693
89.7201
90.4332
91.0075
91.5457
92.4857
91.5150
91.8399
93.0755
92.7583
93.6155
92.6485
91.8689
92.1433
91.2025
90.7204
90.5451
90.0899
90.3497
91.5918
90.7531
90.2441
89.6321
88.7117
90.2842
88.3049
87.9641
88.7654
86.0213
86.8412
87.4614
88.8929
86.9712
86.9184
88.3457
87.2440
87.9633
88.5537
90.1870
89.8635
88.5387
89.6102
88.5612
87.5354
87.4662
88.6424
88.9207
87.5189
87.6013
88.2554
88.9508
87.3610
89.0456
90.1042
89.4273
89.0308
92.2990
91.7121
91.0411
91.8156
92.7546
92.9925
92.6701
91.6667
92.2628
93.4479
92.3858
92.5486
91.6801
90.7865
89.6438
90.0794
89.2132
90.0665
91.2740
91.3679
91.7568
90.7255
90.8808
90.8790
91.4611
91.7012
92.2160
92.0938
92.5115
94.0513
94.5029
93.4967
92.0346
92.5143
92.2097
91.8752
91.6334
91.6649
92.7325
92.8168
92.8644
92.1307
93.9955
93.8224
94.5670
92.3011
93.0572
92.9954
94.2016
93.5056
92.4217
93.3743
91.9868
92.7398
92.0439
91.8292
93.0354
92.8535
90.9436
91.8795
92.2364
91.4968
92.5487
92.0732
91.5154
90.0990
92.4692
92.5658
91.1908
91.0478
91.6953
90.3430
92.1438
93.1441
91.0665
91.0212
90.1349
89.9598
89.6132
89.3446
90.1067
88.5106
91.1452
90.4530
88.8709
88.9696
90.6553
89.7865
90.4097
91.2081
89.6251
89.8296
89.2043
88.6230
88.8498
88.0874
88.8303
86.8236
88.2967
86.8556
86.5565
86.8827
86.2285
86.7495
85.9168
84.7655
86.0888
87.5158
86.9647
84.8868
87.0386
88.9635
88.0007
88.3362
88.3342
89.6815
90.0065
89.0050
89.3391
89.0761
89.8572
89.8433
90.4738
89.4985
90.5568
91.9589
89.4039
89.3532
90.1988
88.2132
88.7996
90.3628
89.8606
90.6476
90.1528
90.1511
89.8123
90.3023
90.2346
90.0469
91.1651
89.6503
89.4012
91.4294
93.7886
91.5163
92.4811
90.9580
90.6243
90.7523
92.4724
90.7374
90.3076
89.3677
89.6786
89.1309
91.1265
91.3537
93.9338
93.7348
93.8703
94.7503
95.0093
92.5720
92.8736
92.6749
93.4774
92.5536
92.5547
92.3433
92.8949
91.6190
90.8939
92.2076
92.1259
93.0547
92.3530
92.0522
91.4084
89.2177
89.8935
91.2198
92.5550
92.5599
93.0098
92.9549
94.0294
93.0572
92.0501
89.8780
90.0350
90.3219
90.4505
90.2825
92.0648
89.8949
89.5013
90.2699
90.7750
89.7268
90.1010
89.4412
88.8537
89.4209
90.7093
91.1796
91.1805
90.9144
89.7706
91.9032
92.4571
91.7576
93.3156
93.2990
91.9251
93.0052
94.2441
94.6845
95.0933
94.2833
93.9255
93.5740
92.7233
92.9436
93.2786
94.6210
95.9051
95.2096
94.7118
94.8627
95.1115
96.3197
95.2083
94.2914
93.7015
94.0603
96.2794
96.4661
94.4460
94.6032
92.1629
92.4272
93.2681
94.6510
94.0469
94.9572
93.3146
93.7252
94.8639
94.4127
94.3182
93.3551
93.8281
96.7711
95.7026
96.4033
95.8119
96.8880
97.0788
97.0561
96.2584
95.7163
94.7563
95.3896
95.6756
95.6029
94.4946
93.9080
94.1827
93.5834
92.1220
92.3356
93.2505
94.0680
93.3330
94.0200
94.5984
93.8381
93.9886
95.2160
94.5210
93.5574
93.1667
92.9979
93.6312
93.9943
91.9040
93.4479
94.4513
92.6391
93.9034
93.7058
94.8133
94.5838
93.7359
94.3496
92.4430
90.6145
91.6912
91.4480
91.4737
92.0978
91.5540
91.7853
92.0985
92.5725
91.6651
92.3660
91.7750
93.3748
95.2193
96.4597
94.4877
95.5163
95.1537
95.3272
95.9646
95.2666
96.3964
94.7844
96.5064
95.4637
95.2909
94.0814
94.3155
96.2326
95.2701
95.1804
97.0186
95.9973
95.7740
95.1363
95.5236
96.4737
95.8865
97.0062
94.4977
95.3508
95.8568
95.3506
95.9223
97.1432
98.6934
98.1612
99.0309
98.8961
97.2153
99.1239
99.4465
98.6616
99.5553
101.1136
99.6873
101.7250
101.7660
100.1392
102.4139
101.6257
100.5065
99.6758
100.2784
100.1303
99.4520
101.6650
98.1768
97.5445
95.5868
95.8681
97.7380
98.5448
99.1286
98.6986
99.4589
99.8321
100.2612
100.7748
100.1279
98.0732
100.9766
100.4579
101.2085
100.9205
100.3336
99.7749
99.9267
101.1292
101.1963
101.2236
100.7377
99.2946
98.6522
101.1068
100.3587
98.9720
98.8791
100.4834
97.6045
97.0709
97.4462
98.4922
99.9734
100.8630
98.8822
99.4574
99.1498
99.9750
98.8451
100.6770
100.9035
102.0311
100.9154
99.7909
98.9578
99.1608
98.8253
98.4394
99.4916
99.5461
97.4013
97.0531
98.4497
97.8170
98.0942
98.7110
100.2407
99.9331
98.4467
98.1787
98.2049
96.6276
96.5525
98.6346
97.8524
98.4552
99.5890
97.7134
98.7443
97.3771
98.1343
99.6992
100.6015
99.3406
98.3840
100.2488
99.7747
99.5357
98.2084
98.3830
97.4021
98.0989
98.3469
97.9880
97.7548
98.9764
97.3236
97.0251
94.9161
93.7908
94.8698
95.0054
96.4280
96.3234
95.8991
95.6250
93.9227
93.8170
95.0928
95.0390
97.1805
95.7953
97.9328
96.4931
98.3936
98.4126
101.1396
99.5629
99.2464
99.2238
99.0695
96.9559
99.3952
98.6144
97.2170
95.5969
96.2782
97.1332
96.0325
97.1617
96.1738
96.7236
95.8574
98.6296
97.3941
97.4704
96.6268
94.8381
94.7938
95.4029
94.7107
93.3232
94.2743
95.2942
95.4785
96.7300
96.7177
96.4892
96.2721
94.3766
93.5341
95.7561
95.0818
93.4492
94.2496
93.9238
93.4198
95.2380
95.8878
94.6656
94.1495
93.9050
93.3659
93.6816
94.3158
93.8012
92.6086
94.9107
95.6711
96.8004
96.6818
96.5438
98.2492
95.3924
96.9789
96.6180
96.7906
94.4223
94.1221
94.7274
95.8712
96.2578
94.9655
94.9825
95.6021
96.3749
95.7198
95.3681
96.9605
94.3400
96.4070
95.3883
93.9289
93.9084
95.1264
94.6633
96.9442
96.4810
96.5458
97.4379
96.0689
97.2034
97.9356
97.0483
95.7453
96.3976
95.4285
95.3962
96.4334
95.6484
95.6652
94.3813
94.2608
93.6113
93.1479
94.6272
93.9128
94.6484
95.8691
96.2170
96.7326
97.7172
97.5525
97.8639
96.6298
97.1064
99.3922
100.3921
100.5787
98.3947
97.6649
96.3990
96.4038
95.3263
92.9719
93.6954
94.9372
94.8899
94.6859
93.8351
95.1002
96.5416
96.1285
94.7381
94.1309
94.9474
94.4991
93.4252
93.8476
95.3823
96.0465
95.1180
94.2158
94.0905
94.9996
96.8003
97.1421
97.0721
95.6800
96.0150
96.8095
97.0959
97.8975
97.5464
97.2963
98.8680
98.3780
98.4438
98.7966
99.7290
97.9621
99.2600
99.0916
98.3732
97.2932
97.4314
98.1946
97.9076
97.5164
96.4329
96.5871
96.5417
99.7721
99.9933
99.3651
97.4477
96.7421
96.7774
96.3609
96.3159
95.8668
95.6125
96.2404
96.8164
97.2566
98.0300
97.9759
98.4882
96.8559
97.6106
96.6021
99.8502
98.9188
96.5877
99.0330
96.9260
97.6156
99.8208
98.8644
99.3988
98.8287
97.7670
97.5883
99.1345
99.7199
98.9151
101.6653
100.7125
100.0929
100.1914
100.4836
99.6049
99.8199
99.3455
96.9220
97.7499
97.0490
99.1288
98.8128
99.4868
97.9064
97.2422
95.3667
96.4495
97.7133
96.8118
97.8782
98.5807
97.8345
100.5236
99.5308
97.5963
97.9251
97.1905
98.5949
99.1238
98.0811
98.2429
97.5996
98.5816
99.3516
98.2464
99.2620
98.8545
98.8444
100.0567
100.2216
99.1822
101.2114
100.4667
99.3584
101.7473
99.5363
100.8712
103.2720
103.4956
101.1643
101.2273
100.3181
99.8635
97.3621
97.2444
97.8252
97.8062
96.7497
98.0547
99.4022
98.8918
98.9726
98.6672
97.7090
98.8258
97.2068
98.8847
100.1304
99.6908
100.0454
99.1421
97.9225
97.3488
96.6138
97.2338
98.7019
99.5652
97.0179
96.8769
95.9837
94.1231
95.0930
96.1954
96.1114
96.7138
95.7423
94.7269
95.7164
95.3277
95.3998
94.5591
95.4539
94.7844
94.9506
94.1237
94.0486
96.4992
96.6326
97.0537
96.9495
96.1357
95.5425
96.9357
96.6057
97.0528
97.3038
98.7249
98.3018
99.3694
99.4914
97.9606
98.3912
98.7772
101.2053
101.1343
102.1984
100.7441
100.5327
98.4950
97.9010
98.3335
101.2149
101.8523
100.8575
102.3341
101.8671
101.7846
101.1711
99.9517
102.8212
103.0782
102.0319
103.6269
104.1072
102.8213
102.4320
103.1624
101.5095
103.2515
104.0491
104.8097
103.7796
105.9436
102.9866
102.7165
104.2320
104.7247
106.1546
106.8345
106.0575
105.6135
104.6515
103.3798
103.8024
102.6024
103.4959
104.4410
104.5181
103.3784
103.1558
103.2841
102.3350
99.6372
100.3205
99.5134
97.4993
98.8399
98.2485
98.8566
99.3791
98.9749
99.0621
97.6566
98.7867
100.5984
101.3928
100.1706
102.7419
99.9166
101.7060
102.9098
102.3141
102.3862
103.1455
103.5188
102.4866
103.5718
102.2508
102.7954
101.8813
101.0550
101.1394
99.1512
99.3114
99.3263
98.5286
96.3000
96.1677
94.7445
95.2661
94.9362
93.9299
97.0854
94.8594
96.2557
94.9727
95.7552
96.5627
95.6757
95.4751
96.4840
96.3980
96.8029
96.2802
96.1052
95.9760
95.6416
95.5277
96.2978
97.0220
97.1885
95.8157
95.7165
95.1169
96.0422
96.1362
99.0721
98.1078
97.7957
97.5144
97.5218
96.9795
97.6376
96.5184
97.1462
97.1745
99.8170
99.3618
99.1614
99.4553
101.4152
100.7666
101.4760
101.7725
103.2588
104.0871
101.5863
101.3924
101.6768
99.9734
101.1286
99.9600
98.4478
96.9624
97.7431
97.8573
98.2272
97.8987
98.7332
98.8721
99.5476
99.0928
100.1676
99.2157
100.5248
99.3698
99.7510
100.9275
99.9376
98.8784
98.8586
99.6348
98.2649
99.2014
98.7475
98.9370
99.4384
100.2080
99.8618
101.8979
100.6370
100.2232
100.7106
101.5737
100.8092
100.8234
101.7734
101.8580
99.1865
101.6661
100.8786
101.1530
101.7889
104.1782
103.1481
103.0729
103.3912
106.3995
107.4149
106.0954
105.8241
106.4374
103.3811
104.5614
104.3202
103.9813
103.7748
103.3382
103.7000
104.8216
102.9895
103.3528
104.4224
103.5755
103.9724
104.3861
105.9428
105.5966
106.6086
105.8801
105.6683
105.7518
106.1029
104.9251
103.8912
104.7948
104.6281
102.7676
102.7592
101.9928
101.4737
102.0953
101.4535
102.8095
100.6885
101.6976
102.7003
102.7754
101.0231
100.8439
99.4678
100.0031
102.2493
102.2806
102.8870
102.4831
103.7636
104.0280
102.8972
104.6569
103.8367
104.3978
104.4058
104.2546
105.1828
104.1871
103.9492
103.1817
102.9017
103.1735
103.3787
102.1542
104.3624
104.1588
102.8089
102.4684
102.1025
101.4853
105.2894
104.8025
105.4634
102.6267
102.1667
102.2276
101.8529
102.7535
104.1673
104.9475
103.3548
102.8256
103.1447
103.7451
103.1826
101.9292
102.6542
100.1737
102.1734
103.2762
104.5665
102.6415
102.1106
100.1901
99.9855
99.4671
100.3841
100.4780
100.8635
101.2606
100.6423
102.0252
100.3945
100.2139
101.3649
102.6853
102.1506
102.4883
99.7540
100.7284
99.9027
99.1962
99.3697
101.5524
100.3025
100.7989
102.4778
101.2168
102.9077
101.6077
102.2511
100.4106
100.9677
99.2064
100.6072
100.0640
99.6827
97.2083
97.2579
98.6274
98.0442
97.2639
99.2601
98.4161
100.4387
100.2796
100.3615
98.9620
98.5797
99.7965
100.9299
102.6170
103.2052
101.1885
99.9847
102.0299
101.0925
102.4014
101.6945
101.4604
103.3276
102.0045
103.5191
104.4053
104.5261
104.2173
101.8163
102.4761
103.1123
103.1089
104.1084
103.7394
102.2458
100.5763
100.2979
100.3725
100.9925
102.5213
102.0164
101.8706
102.6745
102.5805
102.8405
101.5063
102.0251
102.9079
103.0415
102.5898
102.4332
103.1190
103.2296
102.3817
104.1156
103.8080
105.1808
105.2268
106.3402
105.0335
105.2003
104.5876
103.7233
104.0909
104.3004
104.0348
102.0599
102.5211
103.5968
102.6512
102.8929
101.9817
102.0876
101.5704
101.8943
100.6940
102.0626
102.1409
102.1195
102.3723
105.0370
103.5806
105.3649
105.8295
105.7881
105.0138
106.8710
104.5259
104.3019
104.9703
103.4537
104.3859
100.6582
100.5099
100.0832
101.1236
102.9898
101.3184
101.0558
101.1685
101.7144
100.0228
100.6166
101.4637
102.9342
103.4755
100.6228
100.7044
102.0049
102.1020
102.5321
101.5985
104.7993
104.9647
104.2121
104.4577
103.6703
103.2683
104.6122
104.5565
107.6220
104.9921
105.8742
103.0780
102.4468
103.9057
104.4602
103.4650
102.4844
101.0241
102.2002
103.6229
102.8993
103.1850
103.9502
104.3170
104.8871
105.0613
105.7280
107.5450
106.3712
106.6644
106.7038
106.5042
107.2188
105.3764
104.6365
104.3205
102.8446
105.1295
105.7711
103.5094
105.9250
103.9660
103.8301
103.9510
103.3945
102.1664
103.3193
103.1348
103.6762
103.2392
104.7731
104.7368
104.1006
104.8494
104.3191
103.8805
103.9624
102.1251
103.3457
102.4845
105.0848
102.5791
102.9630
104.0670
103.7383
102.8230
102.4775
103.1664
102.7464
101.6236
102.8521
103.6245
102.4562
102.4190
102.9645
103.8782
103.0558
104.4738
105.0132
104.5039
104.2910
105.4146
103.5073
104.2669
103.6963
105.1622
105.1605
105.9371
105.1558
104.8355
104.2035
105.5758
105.1933
104.7021
103.0856
105.7748
102.8119
102.2551
103.2518
102.9251
102.8293
103.0010
102.6747
105.3523
104.0964
106.3981
107.0522
106.5493
106.4047
105.9809
106.0936
103.5577
103.7427
105.3447
104.5493
103.9222
103.4859
104.3935
103.4284
103.9957
102.5105
103.1398
103.1787
103.8675
102.5759
104.4659
102.3983
101.2979
101.1196
100.0511
100.9658
100.8016
99.8416
100.1273
101.8920
100.7437
102.6580
101.0163
100.0621
98.0365
99.0019
100.3221
99.9747
99.2171
100.6400
102.1332
103.1019
101.3687
101.9878
104.3033
102.8374
102.1772
102.7682
102.3630
101.6146
101.0885
102.7699
102.1409
103.3468
102.7095
102.8021
102.1319
101.8724
100.2020
101.9874
101.1067
101.6708
103.6587
102.1142
100.8683
102.5018
103.8204
103.7758
104.5732
104.2449
102.2686
102.1301
103.6627
103.3815
102.9162
103.3283
103.2084
104.3257
104.7799
104.0305
106.3628
107.4436
107.2503
107.4294
106.6802
106.9792
107.5886
106.1898
107.5259
106.7347
103.9782
104.2855
103.3032
102.8252
102.6508
105.3113
105.4518
106.5273
105.0428
106.0271
106.7098
103.9987
103.6257
104.6441
102.1437
100.8657
101.1820
102.3714
101.8772
101.4510
101.4582
101.4442
100.8346
103.3512
102.9014
103.5569
102.9190
102.2350
101.2979
102.5996
101.1983
101.5899
101.8632
102.4241
101.7672
101.9779
102.3868
104.1846
103.9496
104.1679
104.2140
103.8839
102.9284
103.3128
102.8525
103.1424
102.0542
103.0955
102.7887
103.9117
102.0760
103.6841
103.1555
103.4967
105.1629
105.8629
106.0424
104.3938
104.5609
104.2345
102.0001
105.6114
105.5828
105.0217
104.3216
104.6255
103.8250
103.7740
103.1023
99.7508
102.3948
102.3343
100.9218
102.0182
101.2549
101.7044
101.9639
101.0306
101.1098
102.3804
103.8962
103.0843
101.9810
101.2881
101.0143
100.3066
100.3204
100.8725
99.7595
100.4128
100.7223
100.6739
102.1372
99.9352
101.1182
102.0309
102.5528
103.2338
102.5081
103.7768
101.8958
102.2410
102.1579
100.8131
100.6533
100.9793
101.7687
99.6176
98.4243
98.9264
98.9649
98.8759
98.2640
98.9937
98.9875
99.1226
97.3041
97.0682
97.4581
97.0623
96.7848
97.0054
97.7391
96.2275
95.0869
95.0006
97.5622
98.2834
97.9958
96.6473
96.2288
96.8841
95.5291
97.3414
97.1741
97.7272
96.8844
96.1954
98.0502
97.4433
98.6153
100.2660
99.3439
98.9147
100.9342
99.5085
99.6109
98.3528
99.5681
97.8643
97.3921
99.1747
98.7736
98.2030
98.7762
97.8929
98.4737
97.5282
97.0136
97.4138
97.7903
95.7362
96.6974
96.1896
95.5587
95.9425
97.1894
96.4459
96.0271
97.5128
97.5525
97.5921
97.5111
98.0376
98.4532
97.5735
97.3698
97.1959
96.8387
97.5312
97.7757
98.0646
97.3916
97.7158
96.8248
98.0744
96.3235
98.0325
96.8309
96.2519
95.6635
94.0747
94.2501
95.2349
95.9767
95.3195
95.1627
95.1123
96.5811
97.7875
96.8869
97.5370
97.2292
97.9495
98.8564
95.7619
96.1262
97.1676
98.6783
96.5564
96.6425
97.3940
97.2398
96.3578
96.2955
96.9978
96.4605
96.0772
96.6378
96.7985
96.7620
94.8068
95.0738
95.7155
94.5797
95.4656
96.0166
96.0482
95.3524
96.7236
96.0497
95.7406
95.3911
98.1796
99.2906
97.7766
96.0803
96.0004
96.4784
95.2012
96.6397
95.9253
97.0563
97.2771
97.3023
97.9325
97.6514
98.3058
97.3848
97.5702
96.4275
96.7581
95.1295
95.1054
94.9346
97.1628
98.5549
99.0747
98.4738
96.8533
97.1379
96.7975
96.9842
96.6692
96.0258
97.0698
94.9387
97.2767
96.0964
97.5279
97.6426
96.9452
97.2551
97.3198
98.3805
98.1989
96.9141
98.0301
95.0495
94.5980
96.0438
95.7233
96.9620
96.7829
98.3191
98.2977
97.2948
96.6146
96.8021
97.0769
96.1191
96.8069
96.2385
96.3082
96.0482
95.0485
95.0682
94.9950
95.1553
94.7841
95.5693
94.4510
95.1528
93.6186
93.5941
94.2952
93.6507
93.6607
94.1181
94.9221
97.0058
96.0336
97.7362
96.9397
95.6223
95.0563
96.7268
97.4380
98.1320
96.9907
97.2850
96.0533
96.9602
98.3062
96.2293
94.2973
96.4560
96.3021
94.0245
94.6485
93.0979
94.2371
94.4433
94.7159
96.6116
95.9555
97.3901
95.9210
97.2670
97.4589
98.7405
99.0073
99.9422
98.0443
98.4084
96.9924
96.3669
96.8079
96.8126
97.2422
97.1210
96.3845
97.3924
95.7649
96.5355
97.6248
95.6258
94.6462
94.1786
96.9184
96.2669
94.1435
95.8169
95.1168
95.2614
95.2891
95.8166
93.9947
94.5447
94.3670
95.4901
96.5351
97.7840
96.2767
97.2729
97.2465
97.5565
97.2989
98.0251
96.1572
95.7096
94.1940
96.2125
96.8050
96.9352
96.0956
94.8547
95.5704
94.6270
96.6921
95.0897
95.5732
95.1898
94.7214
96.5644
97.0466
96.4847
96.3181
96.1066
96.2332
95.8950
95.7696
95.5127
94.7396
95.1903
96.2445
95.2712
98.5852
98.6807
96.6043
96.9810
96.8164
95.8196
96.1989
95.4404
95.5958
96.8740
96.6943
95.9802
96.0458
97.4929
96.5740
96.4884
96.2771
97.2751
97.3805
99.1758
98.3079
98.7047
98.4962
98.7091
100.0946
100.7964
100.2913
98.5746
98.4075
97.0566
95.9044
97.8063
97.9703
98.8518
96.7808
96.6892
96.6074
98.1833
98.5748
97.4848
99.2297
99.4314
99.0132
99.9462
98.9831
96.6394
97.5965
96.6113
97.8406
97.2209
98.6519
98.5656
97.4517
96.8287
97.5226
99.0698
97.9878
96.8832
95.9006
96.2482
97.6399
97.6369
95.9102
96.2264
97.5760
98.1795
97.2383
97.5234
97.1570
98.2268
97.9068
97.7433
99.7544
97.8513
98.5756
99.2326
98.8482
98.6837
98.1287
98.8539
98.4449
97.5547
97.2804
97.1543
95.4388
94.0441
93.3736
94.2474
92.6738
95.1037
95.0521
94.8766
94.2715
93.4303
96.0195
94.6677
94.1144
94.7703
95.8351
95.9866
98.3910
97.3090
98.2985
97.0236
99.2057
98.9245
97.3962
95.8998
97.0128
95.5919
96.1761
96.6102
96.1895
97.8107
97.9499
98.7934
95.0840
94.8910
95.4561
95.3338
96.7851
95.5023
95.7646
95.2875
94.4660
92.8389
94.2392
93.0963
92.8292
93.3013
92.0604
92.6831
91.5946
91.8674
92.6636
89.6654
90.9269
90.3094
91.7268
91.0314
91.7130
89.8652
90.0618
91.7633
93.0203
92.0217
91.6572
91.7454
94.2497
94.5239
93.6323
93.4479
94.4086
92.2522
91.1670
91.4830
91.3209
93.1389
92.4952
92.2979
93.8975
94.5890
96.9395
96.0625
94.6414
94.2928
95.1720
95.7520
95.3370
96.1947
95.9522
96.4528
95.2244
95.0665
94.2918
93.7536
94.1992
93.9720
95.4000
94.1238
94.6649
93.3230
94.2966
92.9767
93.7391
95.6224
95.6724
96.8807
96.5291
95.4135
96.6037
96.0761
95.8417
94.9762
94.5712
96.3746
95.7963
94.1117
95.4369
94.8901
94.8977
94.5257
93.9565
96.0029
95.5056
95.2576
95.3349
96.7012
95.0849
96.4080
94.6070
94.0605
96.2946
95.7716
95.3370
95.7160
96.3146
98.0297
95.4111
94.7595
96.7381
98.1503
98.4679
98.2071
97.8300
97.7923
98.4755
98.9199
97.9327
98.4697
98.4922
97.4975
97.3812
98.4174
96.9977
97.8144
96.4974
96.0110
94.5690
95.3122
96.0816
97.6352
97.6156
97.8188
97.4008
98.7611
97.1680
96.6560
97.6553
97.6442
96.5639
96.7966
96.0231
95.0272
97.3217
99.6351
98.2809
98.7662
99.2660
99.3703
97.3214
97.6293
97.2395
97.3018
98.7724
97.0654
97.1385
98.2285
96.9098
97.0063
95.7891
97.7291
99.2223
97.8889
97.2916
98.8513
98.4898
96.5938
97.3816
99.1115
96.7792
98.0967
95.9122
96.2708
95.2215
97.0587
97.3625
96.3993
95.7657
96.1973
97.4734
96.9897
95.0372
94.5918
94.3455
93.7780
92.0880
93.8202
95.1830
94.0725
93.9664
92.6174
93.9659
92.9279
93.2691
95.3428
95.2327
96.5129
94.5869
95.8540
95.8923
94.8804
93.6303
94.1743
95.1596
95.0850
96.7294
94.1977
95.0726
94.8028
93.9314
94.3487
95.7179
94.5802
94.6070
94.0831
94.2001
92.8337
92.9330
93.8815
94.1755
93.2999
92.5517
93.5698
94.3287
93.3707
93.5519
94.2443
93.9218
93.4786
94.3120
93.8955
93.6871
94.2535
94.5471
93.8230
91.9146
93.8009
92.4528
94.8432
94.1997
92.5043
91.9795
92.9091
92.0859
92.1706
91.2251
91.9051
93.0929
95.0221
94.3022
94.5265
93.8339
92.7143
93.9459
94.0447
93.8072
94.5064
91.7009
92.0970
92.2277
93.2125
91.3266
92.9787
93.2478
92.9775
91.0227
90.6434
89.9348
89.0336
90.1804
89.8743
90.8199
90.4096
90.6011
87.7399
90.3100
90.0114
91.5386
91.5049
92.3588
93.5353
93.6832
93.9741
93.9585
94.2873
92.3961
93.0593
93.3394
92.4741
91.8273
92.2171
92.4295
92.6028
93.5298
93.1122
93.8912
94.6397
94.5357
92.4506
93.3201
94.3554
94.7045
94.6408
97.0002
95.0480
94.1079
92.9275
95.7598
93.8435
94.3979
92.6625
93.1514
92.5285
92.2277
93.6551
92.5724
92.8346
91.8699
91.0311
92.3901
92.6848
93.0926
91.3074
93.8514
93.2531
94.9825
94.2655
92.8596
92.4459
94.8427
92.8265
94.2365
93.8070
95.5616
94.0394
94.0905
92.7862
93.5031
92.4404
92.2021
93.2819
92.9510
92.8877
94.1075
93.3752
93.9313
94.7187
96.2694
94.6586
95.4023
94.3404
93.7162
95.8817
95.1863
93.6649
94.3312
93.5028
93.9623
93.9276
93.1804
94.4848
96.0814
95.4967
95.9748
96.0647
96.2507
98.8792
99.4591
99.0001
98.5286
96.7011
97.7970
97.5203
97.9631
98.6206
96.9614
97.6160
98.0371
97.1264
96.9497
97.6229
95.0284
95.0396
94.8750
94.0371
93.8585
93.0799
91.1301
90.9751
93.8002
94.7515
93.9451
93.4053
93.7045
95.0052
96.1134
95.1053
95.1755
94.7110
93.9765
94.0258
93.2712
91.9420
92.1328
94.0249
93.6734
93.8159
93.6337
92.5200
93.0373
94.3008
92.8549
93.0908
95.2126
94.3740
94.7322
93.4423
96.1046
94.1522
96.3592
95.0726
95.5521
95.1887
97.0422
95.7181
95.9780
94.1214
94.5433
96.4579
96.2951
95.1117
94.8245
95.7330
94.9280
94.9909
94.9524
96.6976
96.2996
96.8805
96.0929
96.6786
95.4338
95.3683
94.3791
94.7886
95.9601
95.7693
96.9150
95.9852
94.6021
95.8587
95.6092
93.7482
94.8802
94.6624
94.3385
95.8637
95.9388
94.3999
95.2634
96.2857
95.9120
95.4292
95.8476
95.2116
93.8810
94.8403
94.5989
95.6598
94.0474
94.2665
93.7827
94.2292
94.7072
93.1253
93.5265
93.4081
93.7999
93.5418
91.5174
90.7150
91.8279
91.5563
92.6491
94.3898
94.6935
97.0291
95.5311
96.6972
96.4784
97.3910
96.4224
95.1351
94.4921
95.4263
93.7001
94.6170
95.6724
95.2808
96.1039
96.2087
96.1959
95.3679
95.7931
95.9774
95.9282
96.7465
95.8614
94.1791
94.2556
95.3387
93.5878
94.7255
94.4739
94.4390
94.9872
93.5010
94.3071
94.0991
96.1181
93.3481
93.3033
95.4810
93.5779
94.0142
94.2933
95.1586
97.0884
96.3901
96.3635
96.9820
95.9509
96.3085
97.3097
97.1878
96.9318
97.6971
95.8445
98.2170
98.1414
99.0537
96.1840
97.6685
97.2343
96.4191
95.9176
96.1500
95.9428
95.2459
94.2328
93.2669
94.5166
93.9560
96.2321
94.4308
95.4859
95.8811
96.7923
95.0950
95.3455
95.3668
96.7038
95.2670
94.6879
92.9032
92.8000
93.0540
93.1380
94.8048
92.9033
92.6422
93.3003
92.5932
93.7394
94.9941
96.3758
98.1404
96.3554
94.6603
93.5424
94.2743
94.1218
94.7263
93.9098
95.3381
94.1781
93.4514
91.9621
90.2692
90.1670
90.3550
91.3313
90.7191
91.1338
90.0138
90.6302
89.4409
91.5613
89.3132
92.0881
92.2849
91.3965
90.0556
91.6575
92.1204
91.9343
91.6570
93.0187
91.4279
92.2001
92.4681
92.9833
91.2932
91.3886
91.6090
92.1077
90.8948
92.5462
92.0838
92.5092
90.6488
93.0400
93.4961
92.5074
93.1767
93.3523
93.4806
91.7461
92.4373
92.8563
94.5368
93.2307
93.4398
92.6551
92.9950
93.6252
94.2500
95.6775
94.8841
93.6545
93.0328
92.3813
94.8102
94.0324
93.5859
92.7660
94.3307
94.0850
94.2679
94.2846
93.5819
93.2603
94.0951
92.5362
92.8763
94.6498
95.6298
96.1078
94.3410
96.0898
96.4771
96.3981
95.7534
95.0845
95.2877
96.4299
95.5722
94.6941
94.7829
95.6869
96.3906
96.9555
98.0937
98.2736
98.5637
97.6194
97.2328
97.0150
95.8521
95.5231
95.3874
94.5257
96.1329
94.4730
92.8350
93.8346
93.5593
94.8411
95.6774
96.7832
95.0954
94.4951
91.6248
94.5308
93.8814
92.5572
90.7240
91.4715
93.3510
93.9502
95.0535
95.1865
95.5900
96.6830
94.7325
93.8072
94.7320
95.4205
95.5989
95.3993
96.9582
96.5831
96.0865
95.5831
95.6146
96.4572
95.7136
97.7394
97.7651
96.8501
98.4878
98.0142
97.5876
98.8668
98.2164
98.9795
99.2266
98.6819
98.3009
97.8060
98.3902
98.1131
95.2834
93.7706
94.4899
94.3677
95.6025
94.0070
95.3545
96.7638
97.8137
95.9371
95.5858
96.6764
96.7853
97.1782
95.3872
96.4745
97.2505
96.2919
95.3803
95.5297
96.8433
96.3054
97.7664
96.4791
98.2995
99.1343
98.7065
97.9941
98.5298
97.8041
95.0526
96.4560
95.4853
96.9777
97.2161
97.2900
97.1964
99.6739
97.5175
96.2117
96.7081
96.5962
96.1189
95.8585
95.6881
95.3433
93.4045
95.6775
93.8321
95.3511
94.8035
94.4854
94.5199
93.8626
93.4503
93.1868
93.3736
93.1617
93.4599
93.0307
93.0889
93.7481
92.8093
92.3184
92.1886
91.6507
90.5390
91.0715
92.9599
91.7658
91.0449
90.8314
92.1150
91.5075
93.3314
93.9725
92.1030
93.3653
94.5062
93.6719
93.3894
93.9764
93.8840
95.3185
95.0500
94.8330
95.1733
96.1716
97.0791
95.0131
95.4478
95.3733
94.2464
94.0208
94.0951
93.6903
93.8832
93.8415
94.5722
92.6275
93.5488
93.4483
92.4137
92.0678
92.0681
92.7427
90.5423
91.2086
89.9509
90.3144
89.8835
92.0795
91.0793
90.2654
90.3228
92.2434
92.3749
91.9542
91.0284
90.5274
91.7580
92.7330
90.4598
90.7267
92.3056
92.6969
92.8838
92.9629
92.9156
93.2470
92.6584
93.8285
92.9538
91.5470
92.9673
94.2795
92.0079
92.1863
92.7620
91.1786
91.5751
92.4165
93.9244
95.0766
93.4095
93.1237
93.5443
92.8946
92.7597
91.1330
92.4390
91.2636
93.7572
95.6689
96.0208
94.8772
93.9719
94.9111
94.1988
94.9460
95.6571
95.5578
95.1506
95.3619
93.7024
96.1402
94.8879
94.4280
95.5842
96.1516
95.2780
94.7768
96.7544
95.5319
94.8570
95.9581
95.5369
95.0347
98.7667
96.0439
95.7899
95.8705
94.2184
96.1100
96.5320
94.3720
96.0568
94.8504
94.9260
96.5091
96.2794
94.8766
92.8779
94.3141
94.3897
95.2908
94.7969
95.3165
93.8336
93.5065
93.6180
94.7728
94.4407
95.0001
92.9731
94.4027
93.5117
93.8098
92.9829
93.1555
93.7837
93.1100
94.4697
94.1071
93.3521
93.2370
93.3520
90.8107
92.4872
92.9349
93.7840
94.3430
94.4707
93.9223
93.8356
94.5990
92.3485
93.8414
93.2195
92.7009
93.6842
93.6483
92.7223
92.4963
92.3677
91.7215
93.0259
93.1552
93.2958
92.6188
92.4193
92.5892
91.4779
92.5287
92.9380
92.7579
90.0172
92.0075
91.5735
89.6774
92.0510
90.5020
90.0512
89.5938
89.4011
88.3779
89.4998
89.5850
88.2481
88.3849
89.4960
90.2540
89.6521
89.7237
90.5878
91.4899
91.2449
91.6234
92.0145
92.2534
91.4196
89.9905
92.0186
91.8783
91.1403
91.3315
91.3291
92.3976
92.3650
91.8438
91.3105
91.6357
90.4711
91.3287
90.4169
92.2131
93.9540
95.1661
92.9630
90.6814
91.4258
91.4657
90.4378
92.3259
91.1268
92.8668
92.2115
92.0977
92.7247
94.3689
92.2382
93.6126
94.2275
95.2415
91.5465
93.1238
94.7721
92.2292
92.1499
92.2874
90.4975
91.9488
91.7968
91.7387
91.1961
90.5450
89.8274
91.4855
90.7669
90.9197
92.2996
92.6311
94.4675
93.7170
94.7754
95.8229
94.3449
93.8762
93.6743
94.8185
93.7161
92.7453
92.6946
93.8337
92.4714
93.6672
94.6052
94.0958
93.6069
93.3974
92.9365
94.9929
95.7896
94.1559
93.3289
93.8555
94.1383
93.7125
94.6962
94.6862
95.0926
93.0280
92.1600
93.7352
93.4669
92.1440
93.0048
92.4581
91.7535
90.9675
92.4566
91.5032
92.6171
92.8755
94.5483
95.0270
93.3060
91.1719
91.4653
92.3099
93.4948
92.5581
91.9179
92.1191
91.8634
92.7673
93.1272
93.3693
91.5466
91.8094
92.3207
93.2724
92.0384
91.5470
90.6199
90.4816
90.9343
90.3178
89.3023
88.9302
89.2315
88.3023
89.1349
89.4930
89.1838
89.5822
90.7665
90.3752
89.2370
89.4141
88.6970
88.1716
87.5543
88.7757
89.8329
89.8589
89.9211
90.9972
91.5056
90.9178
91.6315
90.0844
90.5891
93.2036
92.3019
91.4075
91.3661
91.0853
91.3516
91.4014
91.5373
90.5510
91.5147
90.4038
90.9836
89.8747
88.1577
89.1628
90.6309
91.4219
90.7100
90.2961
90.9367
90.9506
90.6250
92.1055
94.5017
92.9265
92.5827
94.8879
94.6389
94.0011
92.0992
92.5103
93.4493
92.0436
93.5700
94.0426
92.7745
94.4055
93.1713
93.7321
94.5468
95.9207
95.7098
95.0424
95.0292
95.7361
94.7885
95.2356
94.2698
95.8251
94.3661
95.0698
93.6907
94.0361
94.3423
93.4365
95.2564
94.2903
96.0383
94.4338
95.8866
95.3422
95.9615
97.9665
97.7199
93.9705
94.7176
95.0894
95.7509
96.3640
95.2970
94.8728
94.1959
93.3634
92.7597
93.5573
93.0600
93.6137
92.5216
92.4165
93.5188
91.2654
91.1935
92.8701
92.7747
92.1848
92.6420
92.0701
93.1831
93.1667
91.1678
91.0040
91.3383
91.8746
92.8255
92.3021
92.5209
92.9949
93.1066
93.6276
92.9522
94.1680
92.5233
94.2351
93.4941
92.8375
93.3265
93.9361
93.6554
94.5122
95.6773
95.6229
94.5675
95.0154
93.9139
95.4304
94.4602
93.8395
95.1986
94.7064
94.3822
95.2360
95.0903
95.8932
94.8153
94.5397
94.5637
94.1998
93.1118
93.8358
93.5119
92.4677
91.7139
93.2616
93.6778
95.7279
95.7488
95.4399
94.4044
94.3518
93.8451
94.6097
94.0988
93.3165
94.7956
94.4450
96.3981
96.4884
97.1519
96.1497
96.8491
95.7813
95.1319
94.8477
95.8267
95.7196
93.9918
94.9056
95.5868
95.7525
95.1592
96.1866
96.8145
95.3320
94.9811
94.6614
94.7988
94.4494
94.0757
92.1175
95.4175
94.1313
93.6636
93.9427
92.1312
92.8041
93.6894
94.4535
93.5380
93.2029
93.0673
93.2002
93.1045
94.1180
92.6408
93.3907
94.7350
91.6947
92.5119
93.5268
92.7583
92.0467
91.3318
91.9816
92.2219
92.0901
91.7710
90.9489
90.5364
90.2887
90.4290
90.0413
91.5049
91.2272
92.1543
91.2208
91.8305
92.8924
93.2610
93.6718
93.5172
93.2348
94.1047
93.5800
91.9124
93.1944
92.3848
91.5061
90.1140
91.5785
91.1720
91.6105
91.7183
92.4797
91.8103
91.7815
91.1885
89.0590
89.6154
89.9801
89.7154
90.1891
89.5849
89.8366
87.4583
88.3774
87.6815
88.2066
87.1788
88.2275
87.3576
89.9031
88.9542
88.6700
87.7286
87.6361
88.3284
88.2463
87.0584
88.8243
88.9943
89.2828
88.4692
89.0847
89.1176
88.5464
88.8052
90.2208
89.3826
90.0724
91.9787
92.0915
90.9728
90.5589
92.1763
91.6877
91.7509
92.3663
91.0125
89.8903
88.9857
88.4359
88.9610
86.1208
87.4752
87.1004
87.6846
88.2564
87.3909
87.1227
86.8064
86.6441
86.4298
85.4730
85.4777
85.2115
85.1551
86.2820
85.6485
87.2490
86.0000
87.6383
87.4912
86.8655
87.8865
86.0017
88.0509
86.7914
86.7138
88.3725
86.2562
86.6476
88.7911
88.9652
88.9309
89.9817
89.3292
88.6169
91.3347
90.6886
92.2043
92.3022
90.2380
91.3685
89.9123
89.5834
89.7470
92.3011
92.5388
92.2758
91.4098
90.9092
91.7197
90.6070
90.6155
92.6387
92.7790
93.2440
92.6277
92.2529
91.6491
90.5153
92.9840
91.8273
92.7313
92.5796
92.3769
92.8387
90.8116
90.7914
90.0271
89.5646
91.4622
91.8290
92.7195
91.5702
90.9244
90.6975
90.5144
90.5532
91.0150
91.9973
91.4264
92.1011
90.7825
91.2321
92.7148
92.2103
92.7786
93.8400
92.6745
93.9562
93.7296
91.4801
92.5610
93.3148
93.9580
93.5191
94.0069
94.7464
94.7639
94.0305
93.5944
93.8102
93.9094
94.7733
95.9596
94.8410
96.0366
96.3529
96.9739
97.4040
97.0989
95.7841
93.8004
93.8701
95.8338
92.8127
92.4098
90.7501
91.8093
92.7807
92.6127
93.7687
94.3983
92.1409
95.4149
93.7100
94.2609
95.7021
95.2401
95.1281
94.2645
93.9567
92.4181
94.4858
93.3821
92.7642
94.2577
92.5894
91.7581
91.7240
91.3111
92.1407
92.2201
92.8805
94.4375
94.3589
95.0964
94.4862
94.6036
93.3113
94.0002
95.3758
94.3424
92.8028
96.6119
95.3502
94.6287
94.3898
94.7589
93.5857
93.5343
93.3232
93.2883
92.3986
90.6597
92.0569
91.7239
93.9538
94.2436
93.2255
93.5021
93.0370
93.1120
93.9419
95.2808
93.6353
92.4183
91.9928
92.5855
92.0023
92.4177
92.7979
91.6692
92.7236
93.6121
93.1569
93.3768
94.5195
92.7616
92.3838
92.4340
92.9596
92.5943
94.4847
94.6435
93.6580
93.7469
93.4307
92.9526
93.5278
93.5510
92.7076
93.2869
94.1932
93.7042
93.2674
93.3139
94.2222
93.3588
94.3166
95.5176
95.9185
96.6630
96.2919
97.5432
96.1191
97.5351
94.9876
96.0871
95.1397
94.3574
93.2928
91.9145
93.1105
92.0972
94.2393
94.1912
94.8017
95.1464
95.2050
96.2682
96.2627
94.0970
94.0061
94.1565
92.8608
93.3203
93.9709
92.7363
92.3836
94.4472
94.3762
91.5244
91.9753
91.5532
92.2102
91.5830
93.0455
92.1836
93.3851
94.2405
92.7703
94.2538
94.1700
90.9767
91.2824
92.0975
91.5785
91.9731
93.1955
92.3896
93.8730
93.6046
93.7173
92.4596
92.7178
93.4486
94.5623
92.3173
92.1284
91.8404
91.6534
92.9371
93.7664
95.3047
96.1280
96.1396
96.0324
95.8636
96.5404
98.0653
97.7640
99.5652
98.9418
97.8658
97.5155
96.1824
94.6343
95.6486
93.4547
94.4426
92.7978
93.3290
92.8817
92.3242
93.6087
94.0199
93.4518
92.4450
93.4653
92.8183
90.8518
91.1841
92.6176
92.0532
91.4394
91.3259
90.9279
90.8388
91.0005
89.8874
89.4697
88.1221
89.3298
91.7209
90.6534
90.3415
91.6851
90.3092
90.3210
92.3808
91.6264
89.7627
91.5591
92.0853
91.8278
91.5198
92.6939
92.2829
91.6902
93.1399
93.6703
93.3010
93.9923
92.3820
92.0561
91.7702
94.0337
92.6964
92.1713
91.4882
93.0540
93.3315
91.1561
91.8300
92.1170
92.2052
92.7988
91.6948
90.9530
90.3304
90.2003
90.6923
91.7287
91.8448
91.1830
90.6189
91.0247
92.1300
92.6848
91.1693
92.1820
91.4014
91.3668
92.1161
91.4615
92.2735
92.2781
92.4511
91.6463
92.6835
93.1109
94.4862
91.5857
91.4651
92.1442
94.6575
94.1667
94.4891
91.9463
92.9768
93.0100
92.7813
93.4257
94.2725
93.4822
92.9101
95.0042
94.9756
94.2569
95.5967
95.5753
93.8218
93.1284
94.4622
92.3551
93.6233
93.3617
94.4379
91.0225
92.6499
94.3293
93.9016
91.8139
93.0218
93.0643
93.3593
94.1569
93.6464
93.8928
93.4083
91.8174
92.5964
91.5323
92.5692
93.4236
94.2166
94.5426
93.6401
93.5770
93.7179
92.9596
94.7683
94.6693
93.3050
94.6985
92.7648
91.3621
92.5582
91.4047
92.0249
91.5784
91.0050
90.9546
89.4937
89.3714
88.3230
87.8163
89.2453
88.3401
88.0888
88.7816
89.6346
90.0279
88.3871
89.8176
90.1036
90.7812
89.3843
90.8327
89.3911
89.0144
89.7475
90.2425
89.6511
90.7287
91.0500
91.0200
90.7512
89.8214
90.3536
90.8259
91.6440
91.8451
90.1695
90.9178
89.3915
90.4854
90.3565
91.4204
90.5969
91.9116
90.0006
91.7014
91.3068
90.2010
89.0702
90.3806
90.3617
90.8866
90.6235
89.9849
88.6475
91.2626
89.0733
90.8887
88.0787
88.6762
88.1956
87.8768
87.5053
88.2382
88.1524
87.9820
85.7775
87.0681
87.4343
88.5642
88.3619
88.5882
91.1805
88.8991
88.6610
89.0074
87.6055
90.0083
88.8245
88.6214
88.9657
89.1878
87.3266
88.4098
87.9432
88.3866
88.2685
87.1665
88.7198
87.1078
88.1035
89.2581
88.8878
87.7802
86.9886
87.3276
86.5842
87.8648
88.8786
88.5060
88.2589
88.1771
88.4340
88.0744
90.2597
89.3795
87.6630
88.5066
88.1434
88.4070
87.1637
89.2373
89.5553
89.8573
88.6411
88.4241
89.1441
90.0053
90.0945
88.7481
88.2678
89.1013
88.0510
87.5790
87.5647
87.0862
87.9202
87.5336
86.7650
88.8792
88.0931
87.0721
87.4398
86.2630
86.1450
87.7285
88.0006
88.5963
89.1565
88.8211
90.0713
89.4362
88.0253
87.6398
89.0589
88.6643
90.0809
89.4820
87.5965
87.2806
87.3868
88.4566
87.5173
88.0217
88.1711
87.8252
88.6231
89.9183
89.3452
88.0385
88.4684
89.5341
88.9385
87.9208
89.5324
89.3511
87.7549
88.4605
87.8366
87.4239
87.0730
87.8937
87.5370
89.7174
89.9602
88.9468
88.8180
90.4700
88.8828
89.8994
88.4558
91.4997
90.4386
88.9026
89.6122
88.9894
89.8184
90.8617
90.5650
92.7745
92.8628
91.3496
91.8680
92.8129
91.5016
91.0204
93.5307
93.9797
93.7364
95.0868
95.4615
95.2548
95.4836
92.2973
93.2414
91.3266
89.8880
90.8699
92.4325
90.0976
90.9490
89.9265
90.4966
90.1714
89.3475
92.2137
90.9772
89.5651
91.9357
91.6749
90.2576
90.8003
90.1155
92.2166
91.0851
89.5664
91.2116
91.9319
90.4609
89.2893
89.7670
90.7884
89.1788
88.1906
88.0862
87.7100
89.1670
89.2714
89.7035
88.5453
88.7526
89.3712
89.6091
89.7007
90.1017
89.6843
89.5515
90.7603
92.9487
92.7983
91.4319
90.2205
92.2901
91.3548
90.6303
89.9213
89.2938
89.4234
90.3132
91.8899
91.9703
92.2664
92.7252
93.0870
92.7405
93.5534
92.0705
91.9408
92.1821
91.9409
92.4406
90.4784
90.2572
92.5777
92.9030
92.3919
92.9383
92.7105
92.5527
91.8713
91.7764
93.5663
91.0932
92.7644
93.4461
94.8186
94.0600
93.2294
91.4168
91.3712
92.2415
91.5637
91.8939
93.0050
92.6777
93.5776
91.0830
91.1244
91.3959
91.5368
91.7931
90.9722
91.5486
89.8230
91.5257
92.7235
90.3031
88.3854
91.6096
88.7182
89.4277
90.1578
86.9954
87.6426
87.1097
85.9457
88.0900
88.1721
89.6824
89.0831
89.0427
89.6540
89.6321
90.3950
92.4766
91.8481
92.8219
91.6705
92.9857
94.2169
93.8586
95.3740
94.0832
93.5258
94.6510
94.3641
96.3613
96.0899
95.1950
95.1297
95.3372
95.3294
95.3826
95.1507
94.8346
93.7047
95.5904
95.5170
94.0455
94.2285
93.6640
96.2203
95.6484
94.7268
94.8170
94.8457
94.0451
94.1379
92.2233
94.1261
94.9078
95.4076
97.3547
94.9108
94.6860
93.5459
92.7358
93.6583
93.8252
93.8709
93.2125
95.1689
92.8727
92.1604
91.8623
91.5005
90.0117
92.5948
92.5678
93.7509
92.3390
91.9601
92.1095
92.7580
92.9033
91.7939
92.3265
91.2430
92.2393
91.6603
91.7083
93.7831
93.2235
91.6304
93.7993
95.7095
93.6769
95.5698
95.2325
95.2212
94.7881
92.9957
95.0315
95.9772
93.9730
93.4199
92.8874
93.1280
93.5297
93.6712
91.6160
92.7264
91.5205
91.9716
91.2266
90.4970
90.5008
90.9009
92.4439
91.3374
90.1957
89.9358
88.6973
88.4380
88.2096
88.7334
89.8914
90.0619
89.5113
89.3799
91.3201
90.6024
91.3739
90.6382
90.9743
91.5024
91.1972
92.1356
92.4134
95.4035
97.7575
95.6361
93.9399
91.1609
90.0858
88.8851
88.8563
89.8221
90.0044
91.3441
91.6016
91.3233
89.9943
90.6488
90.6878
88.7345
90.4415
91.6618
89.8906
90.2903
90.2085
89.0928
88.7713
90.0222
88.7926
90.4641
91.1282
91.5614
91.1571
90.5844
90.5341
91.7099
91.6615
91.5204
94.1429
92.9177
93.1416
94.3314
92.3008
92.3529
89.8435
88.8244
90.6850
90.9029
90.8548
91.7919
90.4595
91.1066
91.8895
88.9303
91.1214
89.9415
89.2920
88.2800
89.7028
88.5451
87.6273
87.9096
89.7338
88.2137
90.2853
89.1040
88.5248
90.2528
87.4044
87.1020
86.2714
87.0536
86.6149
86.6296
86.7753
87.2703
86.5571
88.0629
88.5083
89.1785
86.5559
88.9052
90.1606
88.6299
89.0836
90.1348
90.0510
90.1731
88.8462
88.3853
89.1560
89.6327
88.1706
89.0597
91.1207
88.8496
89.6702
90.2480
88.3689
88.7613
88.8202
87.8468
89.1628
89.1147
89.0109
87.0723
86.5820
88.4142
87.8161
88.1099
88.5155
89.5170
89.2897
88.0417
87.9381
89.1431
87.6245
84.5626
85.6291
84.5584
85.6084
85.4345
85.3838
86.5058
87.2291
86.8663
86.9365
86.2846
85.3858
86.3694
87.0068
86.4296
88.4116
89.2019
89.8415
89.1406
87.7917
86.1933
86.3487
86.1186
86.5326
87.2031
89.0792
89.0677
88.5039
88.1899
87.0036
86.8757
87.2122
87.4797
86.0505
87.3394
89.2411
89.9609
89.0750
88.7761
88.7280
89.3511
88.0238
87.5929
88.4679
89.2437
88.0440
88.0476
88.5233
87.6396
89.1172
87.7774
90.4173
90.3453
88.7769
89.0721
89.3013
89.8846
90.0064
90.2898
92.3545
91.8567
90.9604
90.3754
90.9813
91.8934
92.1369
90.8793
90.9428
90.2945
91.9044
90.7360
91.5647
92.3293
92.0711
90.2004
91.9669
92.0782
91.7580
91.9031
91.3680
91.0939
91.0974
92.9451
92.7470
93.7854
93.1511
93.0992
94.1450
94.6157
93.4799
91.7188
91.0246
91.0004
90.6194
92.2260
91.2273
89.7671
89.8332
88.9364
89.8249
89.8343
90.3375
89.3803
89.0267
89.7163
89.0016
90.7065
90.6099
90.7133
89.2450
89.9199
91.2577
90.6242
88.4882
89.5524
89.6018
90.1291
90.6407
90.7173
89.1232
89.2492
91.4775
88.8555
89.0397
90.0468
89.3870
90.6034
89.4063
90.3702
91.6774
91.3484
92.1192
91.0000
90.9656
90.6174
91.9012
91.9855
92.2445
89.5751
91.3858
91.6631
92.8101
90.6932
91.4978
90.6523
91.5155
90.4370
91.1366
91.3705
90.4506
91.5206
89.0996
89.3219
89.5545
89.7586
88.5133
90.1254
89.0990
89.4158
89.4031
89.0619
89.1925
87.2688
88.4354
86.4604
87.3359
87.9227
88.6433
88.3364
89.3368
89.9220
89.7030
89.6491
89.0283
88.7472
89.0448
90.4586
88.8230
90.4882
89.8117
89.6994
90.9455
90.6154
92.4988
91.2308
91.7790
90.6317
89.7927
89.2129
88.8153
90.3416
90.6079
90.7884
92.1585
90.2492
89.8194
90.2892
89.5747
88.7491
90.0929
88.9781
88.0836
90.7251
90.9571
91.9030
89.8493
89.5396
89.1441
89.6726
91.2530
89.4845
88.9518
91.2241
89.6462
89.0234
89.9815
89.0605
89.9222
91.9402
91.2930
93.9374
93.0786
93.6147
92.8915
92.4503
94.0821
93.2324
92.7819
92.5790
92.6986
92.3271
93.0423
94.0423
93.3014
95.1702
94.2891
92.7816
92.2345
93.8561
94.3846
91.5678
92.3762
92.2220
92.3936
92.0945
92.2714
92.9653
93.4030
93.5092
92.7155
91.6214
92.3182
93.5728
94.0069
94.2429
93.1451
93.8689
93.7344
94.0261
94.7593
94.0714
94.8089
94.2795
94.5101
92.3891
93.5046
93.3840
92.8366
93.2496
92.0704
93.0440
91.7354
92.5700
91.7147
92.2006
89.9557
88.2177
89.6334
90.5059
90.5695
91.0618
93.6339
93.2863
93.8690
93.6957
93.5219
94.5386
93.6808
93.3604
93.2692
92.8181
94.5502
94.1589
94.9000
96.6557
95.7495
