8.3673
8.4717
8.5682
8.7655
8.7443
8.7397
8.2635
8.2428
8.4115
8.2087
8.1690
7.9846
8.1793
8.2251
7.9540
8.0254
8.1048
8.1561
8.1005
8.1969
8.4571
8.0659
8.7048
8.2090
8.4737
8.4600
8.4863
8.4259
8.0092
8.1940
8.5270
8.3446
8.1433
8.1874
8.2754
8.4478
8.4071
8.6277
8.3881
8.5292
8.2717
7.9887
8.2532
7.9552
7.7998
7.8578
7.9095
7.8683
7.8406
7.8006
7.9347
8.0846
8.2200
8.3100
8.2501
8.4905
8.3953
8.1578
8.1869
7.9794
7.9007
8.1678
8.0195
8.1615
8.3565
8.0883
8.1302
7.7577
8.0114
7.9600
8.0078
7.6737
7.8592
7.9244
8.0288
7.8965
7.7762
8.1859
7.8482
8.2010
8.2434
8.0065
8.1249
8.1184
8.0114
8.0120
8.0467
7.8667
8.0557
7.9950
8.0218
7.9112
7.7414
7.9142
8.1405
8.2726
8.0097
8.0961
7.8279
7.6037
7.7037
7.9338
7.8033
7.9088
7.8805
7.8527
7.9453
7.7953
7.9504
7.8496
7.7472
7.7482
8.0305
7.9415
7.7765
7.8129
7.9468
8.1264
8.2195
7.9686
8.0658
8.1803
8.3698
8.0970
7.8311
7.8153
7.9375
7.8628
8.1256
8.0650
8.1719
8.3678
8.0568
7.8219
7.8859
7.9117
7.8835
8.1466
7.9633
8.2141
8.1789
7.8485
7.9480
8.2390
8.2463
8.1005
8.1115
7.8846
8.1273
7.9508
7.8147
8.0702
8.0946
8.0158
8.1253
7.9701
7.8079
7.8335
7.7421
7.7877
7.6965
7.5156
7.8243
7.9573
7.8070
7.8322
7.8701
8.1662
8.0851
7.8881
7.6413
7.8520
7.8516
7.8212
7.9699
7.7538
7.7131
7.9059
8.0091
8.0442
8.0212
7.8895
7.9193
7.7499
7.6252
7.9148
7.6993
7.7509
7.7813
7.7134
8.0790
8.1827
8.2909
8.0033
8.1461
8.2418
7.9832
7.9760
8.1013
8.0689
7.8720
7.9248
7.9359
7.7819
7.9531
7.7631
7.8108
8.0949
7.8927
7.8744
7.8949
7.7144
8.1328
8.3096
7.9547
8.2120
8.1857
8.0040
7.9047
7.9961
7.9684
7.9194
7.9705
7.7884
7.9416
7.9320
8.0054
7.9433
7.8604
8.0376
8.0208
7.7165
8.0435
7.9219
8.0090
7.7589
7.7736
7.8296
7.8626
7.8215
7.7549
7.7583
7.3971
7.7469
7.7007
7.7130
7.5870
7.5627
7.4873
7.3190
7.3343
7.3257
7.4719
7.7108
7.3196
7.3453
7.1668
7.0909
7.1615
7.3395
7.3981
7.2452
7.2587
7.5058
7.6290
7.4088
7.5549
7.4547
7.3891
7.3159
7.1836
7.5403
7.3607
7.3674
7.5662
7.5074
7.5039
7.8920
7.6595
7.6512
7.3176
7.2647
7.2447
7.4470
7.4993
7.3819
7.4884
7.3679
7.2862
7.4806
7.3965
7.4745
7.3182
7.3844
7.4283
7.3848
7.4889
7.3450
7.5561
7.4108
7.4303
7.7902
7.4704
7.6973
7.6317
7.6572
7.4590
7.5066
7.4497
7.4186
7.3234
7.2989
7.3772
7.3034
7.4239
7.4386
7.4745
7.5230
7.5277
7.3008
7.1959
7.3970
7.4467
7.3083
7.4085
7.5826
7.3745
7.3152
7.2931
7.3280
7.2916
7.2815
7.2517
7.5125
7.3222
7.6192
7.4877
7.5453
7.4594
7.4442
7.5805
7.2667
7.2409
7.5645
7.3865
7.2683
7.1314
7.2511
7.2334
7.2603
7.3064
7.1339
7.0995
7.3424
7.6292
7.6981
7.8380
7.8405
7.5931
7.3698
7.4696
7.3882
7.1961
7.4268
7.3651
7.3349
7.6978
7.5904
7.4652
7.3904
7.4052
7.6154
7.3971
7.5316
7.5267
7.4990
7.5799
8.0820
7.9229
7.8874
8.1162
7.8180
7.8276
7.8594
7.7008
7.3917
7.5229
7.5613
7.6235
7.3137
7.6674
7.6589
7.5530
7.5592
7.5305
7.5455
7.6362
7.5976
7.7003
7.1950
7.3770
7.4277
7.5958
7.4005
7.4295
7.4605
7.5064
7.1839
7.2786
7.5225
7.6377
7.6429
7.7092
7.4343
7.5981
7.6023
7.4623
7.2096
7.4669
7.4835
7.6754
7.4901
7.5941
7.5440
7.3068
7.4292
7.1853
7.4354
7.4562
7.3475
7.2472
7.4210
7.3589
7.4768
7.1268
7.2344
7.1610
7.1880
7.1294
7.2594
7.4271
7.0013
7.2343
7.0464
7.1823
7.1497
7.2279
6.9428
7.0728
7.3575
7.1040
6.8306
7.1822
6.9739
7.2116
7.3310
7.2692
7.3852
7.1571
6.9579
7.2176
7.1579
7.1577
7.3903
7.1991
7.1469
7.2537
7.1093
7.1043
7.0702
7.1799
7.0611
6.9410
7.0277
6.9778
7.0097
6.8449
7.0733
7.2871
7.4362
7.3706
7.2517
7.2230
7.4526
7.5087
7.4149
7.2006
7.2788
7.2422
7.4576
7.2342
7.3967
7.0378
7.2015
6.9315
7.0296
7.1195
7.2365
7.0090
7.0642
7.1882
7.0592
7.0921
7.0914
7.1826
7.1487
7.2109
7.1930
7.1538
7.1486
7.2246
7.2179
7.4783
7.4715
7.4621
7.2396
7.2357
7.1699
7.0367
7.0370
7.1086
7.0095
7.0769
7.1032
7.1903
6.7935
6.9007
6.9629
6.9611
6.9096
6.9291
7.0463
6.9374
6.9915
7.0099
6.8620
6.9612
7.1665
6.8591
6.8832
7.1209
7.1005
7.1163
7.0211
6.9973
6.9755
6.9682
7.1679
7.0445
7.0087
6.8024
6.6879
6.6782
6.7388
6.7479
6.7907
6.7793
6.7307
6.7591
6.6897
7.0088
7.2299
7.1466
7.6333
7.7347
7.7598
7.5359
7.5500
7.7713
7.5917
7.6501
7.5534
7.4129
7.4728
7.4378
7.7335
7.7984
7.7053
7.6604
7.4896
7.3582
7.6718
7.4790
7.4005
7.7262
7.8932
7.4447
7.6964
7.6274
7.5185
7.5856
7.9501
7.6055
7.9328
7.6109
7.6698
7.6092
7.5530
7.4726
7.4273
7.2813
7.4529
7.4535
7.2031
7.4112
7.2523
7.4096
7.4062
7.2854
7.7177
7.6402
7.5128
7.4728
7.5224
7.6532
7.6489
7.5131
7.5252
7.5477
7.7439
7.8377
7.7168
7.5454
7.5120
7.3599
7.5299
7.5770
7.7220
7.9228
7.5758
7.6177
7.7211
7.6494
7.3210
7.0452
7.1001
7.4755
7.6263
7.1684
7.1869
7.4445
7.1193
7.3852
7.3648
7.3093
7.4737
7.1462
7.2658
7.1180
7.2480
7.1478
7.3422
7.4844
7.6528
7.6336
7.4815
7.4646
7.7635
7.3741
7.4678
7.3475
7.6088
7.3067
7.2410
7.1002
7.4610
7.3863
7.5635
7.4792
7.5925
7.5464
7.4674
7.5559
7.5622
7.7539
7.2501
7.2816
7.0356
7.1960
7.3340
7.4182
7.4297
7.3560
7.2034
7.1244
7.1688
7.2821
7.2651
7.3300
7.3125
7.4208
7.3555
7.4264
7.5084
7.6964
7.3422
7.2087
7.3636
7.4684
7.1949
7.1131
7.1277
7.1069
7.4425
7.3763
7.2888
7.2726
7.2819
7.3153
7.4617
7.0480
7.4315
7.2919
6.6790
7.2142
7.2220
7.3102
7.6224
7.5553
7.4130
7.5329
7.3889
7.3424
7.3715
7.4026
7.4325
7.4180
7.4104
7.4636
7.7624
7.5420
7.4342
7.5035
7.4021
7.5940
7.5033
7.8073
7.4365
7.1889
7.4244
7.4899
7.3460
7.5514
7.4290
7.1994
7.3197
7.3120
7.5911
7.5455
7.4467
7.6417
7.3670
7.4271
7.5476
7.3380
7.4491
7.0939
7.4014
7.3645
7.3512
7.2595
7.5965
7.7632
7.6075
7.9951
8.0908
7.7802
7.8170
7.5817
7.9144
7.8046
7.7372
7.6524
7.6500
7.4671
7.8053
7.9291
7.7645
7.8961
7.8479
7.7869
7.8240
7.8395
8.0124
8.0127
8.0309
7.9042
7.9653
7.9033
7.9099
8.0448
8.1805
8.2232
7.9695
8.1617
8.2820
8.3212
8.3565
8.2156
7.8684
7.6038
7.7762
7.9265
7.9141
7.8589
7.6956
7.4355
7.5551
7.4198
7.6356
7.5649
7.8352
7.8312
7.6175
7.4559
7.4680
7.5674
7.6937
7.4832
7.6659
7.4976
7.7063
7.8538
7.6421
7.4165
7.5436
7.5793
7.4940
7.5665
7.2882
7.6664
7.4270
7.6815
7.5340
7.4915
7.3430
7.3527
7.4045
7.4190
7.7760
8.2474
7.9698
7.7678
7.7920
7.8287
7.6304
7.8444
7.6201
7.6868
7.5167
7.5539
7.6163
7.4509
7.3434
7.5460
7.5641
7.1404
7.0373
7.4042
7.2224
7.1792
7.3708
7.3687
7.4150
7.6083
7.4918
7.9265
7.7319
7.7051
7.7741
7.8281
7.7828
7.6192
7.4937
7.8095
7.7615
7.4536
7.3872
7.4655
7.6254
7.6262
7.6566
7.4477
7.7024
7.4461
7.6117
7.6334
7.3825
7.4935
7.5128
7.4425
7.4723
7.6458
7.5749
7.3949
7.1108
7.3651
7.3973
7.8116
7.4731
7.6088
7.2251
7.2687
7.2833
7.3084
7.1357
7.3409
7.4904
7.4032
7.5863
7.4654
7.4148
7.2545
7.3187
7.4684
7.2315
7.5678
7.5089
7.8185
7.7061
7.7942
7.7797
7.6262
7.4525
7.6214
7.5174
7.4264
7.6569
7.5773
7.7476
7.8040
7.7931
7.2868
7.3700
7.3096
7.0436
7.1470
7.2385
7.3706
7.2602
7.2272
7.3691
7.1708
7.8888
7.6734
7.6280
7.4056
7.1748
7.2291
7.3352
7.4176
7.1588
7.5910
7.6799
7.6432
7.8063
7.9156
7.7287
7.4449
7.3205
7.4804
7.4502
7.3634
7.4976
7.2510
7.2611
7.1308
7.3902
7.4305
7.3170
7.3246
6.9614
7.2457
7.2169
7.0852
6.9926
7.0279
7.2647
7.2219
6.9580
7.2113
7.2256
7.2060
7.0903
7.3396
7.1067
7.1517
7.2647
7.3466
7.2579
7.3340
6.9813
7.2769
7.2047
7.0287
7.4129
7.4258
7.3954
7.4470
7.3233
7.2164
7.2445
7.4498
7.3091
7.3272
7.5250
7.4005
7.1362
7.0309
7.1002
7.3312
7.1384
7.2263
7.2565
7.2657
7.2887
7.0908
7.2149
6.9910
7.3973
7.2654
7.1804
7.1155
7.4159
7.6508
7.2335
7.3491
7.3578
7.2677
7.4450
7.7223
7.3691
7.4777
7.5635
7.5303
7.4086
7.5128
7.3634
7.4216
7.5540
7.4875
7.3958
7.4725
7.3962
7.5119
7.4004
7.5616
7.7270
7.5188
7.2828
7.4623
7.4533
7.2572
7.4246
7.4012
7.4202
7.3158
7.3745
7.1556
7.1885
7.2945
7.0652
6.9961
7.0698
6.9303
6.7961
7.0881
7.0450
6.8571
6.8405
6.8587
6.8576
7.0744
6.6261
6.6856
6.7576
7.0455
7.0269
6.8983
7.1178
7.0400
6.8223
6.9280
7.0917
7.1720
7.2874
6.9530
7.3285
7.1948
6.8072
7.0690
7.1760
7.0227
7.0235
7.0544
7.0452
6.9417
7.2751
7.3182
7.1519
7.0615
7.0977
7.1404
6.9113
6.7950
6.9888
7.1085
7.0033
7.1775
7.3607
7.3354
6.8472
6.8938
6.8446
6.9161
7.0368
6.8294
6.8317
6.9235
6.9381
7.0300
6.8894
6.8816
6.7968
6.9017
7.1227
7.3530
7.1294
7.0521
6.5585
6.4994
6.5019
6.5407
6.3668
6.5334
6.3261
6.6427
6.8281
6.3595
6.6323
7.0426
6.9183
6.9829
6.9628
6.9069
6.7267
6.6239
6.8338
6.8075
7.1118
6.6859
6.8628
6.8115
7.1452
7.1713
7.2665
7.0916
7.2910
7.4926
7.3511
7.4668
7.3324
7.3582
7.4908
7.4527
7.4304
7.6703
7.3925
7.2676
6.9956
6.9934
7.2082
7.3310
7.2137
7.2569
7.1984
7.3798
7.3657
7.4432
7.2503
7.1241
7.0772
7.1173
7.0204
6.7605
6.9294
7.0555
7.2245
7.2088
7.1077
7.2510
7.1352
7.2472
7.0271
6.9471
7.0560
6.8218
6.9621
7.1426
7.2162
7.2080
7.1711
7.5287
7.4975
7.2012
7.0733
7.2533
7.1840
7.1762
6.9838
7.1907
7.2614
7.0675
6.9622
7.1839
7.1341
7.2061
7.0104
6.8894
6.7359
7.3813
7.2414
7.2214
6.9551
6.9219
6.7594
6.8341
6.7478
7.0527
7.2130
7.3466
7.3027
7.5760
7.7198
7.3961
7.4012
7.7199
7.5938
7.1692
7.4428
7.3507
7.5647
7.5750
7.4548
7.4064
7.1661
7.1869
7.3931
7.1820
7.3677
7.1653
7.3593
6.9302
7.5012
7.3605
7.7163
7.6297
7.7009
7.7260
7.2796
7.2678
7.4182
7.3495
7.4898
7.4805
7.7835
7.2264
7.5374
7.6342
7.7743
7.6438
7.7474
7.9104
7.9258
7.5299
7.6674
7.7022
7.7619
7.3790
7.4000
7.3799
7.4788
7.3573
7.4573
7.6562
7.0078
7.6609
7.3793
7.2367
7.1587
7.3469
7.1314
7.4213
7.6644
7.4172
7.3855
7.3752
7.5811
7.4783
7.6847
7.4642
7.3548
7.4321
7.3230
7.4068
7.3822
7.4225
7.4431
7.3177
7.2766
7.3152
7.5428
7.1554
7.0716
7.1548
7.4111
7.1808
7.1584
7.0428
7.4504
7.4014
7.4057
7.3148
7.2260
7.0597
7.1862
7.4023
7.2520
7.3644
7.1871
7.2592
7.0389
7.2592
7.2153
7.4877
7.4339
7.3360
7.4094
7.4183
7.3440
7.0386
7.2071
7.0972
7.1941
7.3211
7.0947
7.2549
7.2677
7.2374
7.1417
7.3713
7.0928
7.0288
7.1366
7.1173
7.2084
7.3108
7.1203
7.3974
7.2945
7.2581
7.4627
7.2517
7.3409
7.5113
7.3394
7.5401
7.6086
7.3112
7.5330
7.2284
6.9352
7.1428
6.9540
7.1270
7.1603
6.8283
7.1411
7.2359
7.1846
7.3206
7.1661
7.0472
7.0571
7.0070
7.4141
6.9056
7.4806
7.2258
7.2757
7.3291
7.3416
7.3125
7.1504
7.1017
7.1897
7.1865
7.2022
7.2018
7.0825
6.9548
6.9620
6.9910
7.1615
7.2174
7.1756
7.0463
7.3085
7.3534
7.5248
7.3413
7.2504
7.4951
7.1567
7.3351
7.2649
7.2150
7.2860
7.1167
7.0794
6.9750
6.8781
6.9123
7.0901
6.8806
6.8067
6.8775
7.0954
6.9382
7.0430
6.9659
6.8529
7.1767
7.3839
7.2565
7.4669
7.2492
7.2309
7.1541
7.3529
7.1836
7.5713
7.2368
7.3725
7.3560
7.1724
7.1503
7.2968
7.4365
7.1252
7.3469
7.2667
7.0793
7.1253
7.2605
7.0260
7.1239
7.2005
7.1595
7.2871
6.9688
6.8719
7.1013
7.0425
7.1228
7.3902
7.3344
7.1840
6.9881
7.3484
7.3638
7.1639
7.3112
7.4207
7.3324
7.1628
7.0826
7.0318
7.2024
7.1260
7.1992
7.3468
7.1385
6.9864
7.0398
7.0266
7.0775
7.0537
6.8908
6.8463
6.7008
7.0731
7.1460
6.9014
6.8233
7.1058
7.0384
7.1909
7.1173
7.0015
7.0674
7.4776
7.2716
7.1410
7.5760
7.6146
7.4467
7.4168
7.4099
7.2974
7.1770
6.9544
7.3417
7.3985
7.3725
7.4928
7.7184
7.1471
7.1217
7.4523
7.2124
7.3389
7.4027
7.3622
7.0009
7.2297
7.3597
7.4525
7.4289
7.2596
7.3421
7.1421
7.2616
7.2437
7.2110
6.7358
7.2501
6.9519
7.0230
7.0945
6.8491
7.0630
7.0976
7.4360
7.0320
6.9674
6.9645
7.0190
7.3575
7.2473
7.1102
7.2312
7.2938
7.0024
6.9094
7.2581
6.9766
7.3005
7.3287
7.5994
7.4201
7.4489
7.3575
7.5037
7.2571
7.1765
7.5140
7.5654
7.4650
7.7339
7.2892
7.4206
7.5520
7.9781
7.8723
7.4094
7.7080
7.8335
7.6343
7.4559
7.9091
7.7884
7.7741
7.8642
7.6466
7.5933
7.5573
7.3926
7.3419
7.4160
7.4728
7.3073
7.3541
7.2081
7.4580
7.6217
7.6257
7.7742
7.6578
7.5968
7.3419
7.2335
7.3837
7.2284
7.4993
7.5922
7.4062
7.5555
7.6945
7.4458
7.7213
7.5393
7.3184
7.5435
7.5986
7.6107
7.7812
7.8487
7.7769
7.9201
7.9013
7.6844
7.8383
7.6999
7.6327
7.4285
7.4936
7.4166
7.6942
7.9570
7.6820
7.2431
7.1007
7.1903
7.0376
7.1913
7.1962
7.6756
7.5053
7.4179
7.3269
7.4239
7.4834
7.2226
7.1537
7.1653
7.4950
7.3378
7.3400
7.5388
7.6336
7.2951
7.2028
7.2988
7.3425
7.3270
7.1204
7.6091
7.5163
7.5706
7.4568
7.5022
7.3336
7.2238
7.1349
7.3427
7.6435
7.3530
7.6420
7.5501
7.4830
7.4793
7.4948
7.4077
7.1985
7.2042
7.2582
7.2044
7.3233
7.3229
7.3286
7.5246
7.2768
6.9844
7.2277
7.1886
7.1203
7.2305
7.3408
7.5004
7.4298
7.2831
7.3786
7.3931
7.5227
7.2676
7.2747
7.2023
7.3686
7.1023
7.3456
7.5148
7.1819
7.3889
7.4144
7.6803
7.5908
7.4879
7.6442
7.6174
7.4014
7.4236
7.4846
7.7020
7.2153
7.1480
7.6692
7.5696
7.4517
7.5209
7.7515
7.5530
7.4563
7.6536
7.5263
7.5279
7.4729
7.4668
7.3613
7.1923
7.2398
7.4293
7.3688
7.6205
7.5530
7.6064
7.5344
7.6797
7.3804
7.2301
7.3324
7.3173
7.2941
7.3171
7.4329
7.1250
7.6891
7.5061
7.4342
7.1099
7.2729
7.5168
7.1332
7.3558
7.6366
7.4139
7.3949
7.4797
7.3705
7.3801
7.3471
7.4244
7.2383
7.1914
7.3604
7.4438
7.3442
7.4928
7.4520
7.4600
7.3157
7.7157
7.6833
7.7810
7.8487
7.5758
7.2286
7.4884
7.7662
7.4915
7.3809
7.6318
7.4204
7.5248
7.4251
7.6906
7.6670
7.3876
7.6005
7.7175
7.6465
7.7670
7.7773
7.9739
7.8024
7.6311
7.8885
7.9952
7.7477
8.1072
8.0575
8.1432
8.0684
8.0854
8.1775
8.0672
8.0595
7.8358
7.7494
7.8621
7.4728
7.7311
7.5656
7.7216
7.7179
7.6422
7.7139
7.9503
7.8063
7.8811
7.6824
7.6609
7.4243
7.6895
7.9295
7.8815
8.0943
8.2981
8.0063
7.7994
7.7731
8.0372
8.0763
7.9435
7.9470
7.6372
7.7437
7.7667
8.0910
7.8606
8.0120
7.8697
7.9184
7.7668
7.6841
7.6516
7.8140
7.4949
7.5886
7.2989
7.6877
7.5787
7.7507
7.6208
7.7909
7.8098
7.6660
7.8469
7.8118
7.7179
7.6719
7.5440
7.8803
7.6867
7.4386
7.7138
7.4851
7.4816
7.6394
7.6380
7.4076
7.3461
7.3302
7.2712
7.1429
7.0607
6.8035
7.0767
6.7788
6.8439
7.0272
7.2797
6.9145
7.2446
7.1292
7.1563
7.1226
7.1698
7.2851
7.4904
7.1843
7.2637
7.3785
7.3991
7.3069
7.4013
7.4913
7.4944
7.3161
7.0961
7.4142
7.3547
6.9676
6.9953
6.8084
7.0136
7.1640
7.3537
7.4329
7.3477
7.2684
7.7366
7.5526
7.4177
7.6026
7.2183
7.7609
7.6312
7.3645
7.4749
7.4321
7.4050
7.5035
7.4695
7.4305
7.2912
7.4986
7.3349
7.1145
7.2786
6.9394
7.2281
6.9970
7.0194
6.6454
7.1629
7.1070
6.9255
7.0489
7.0343
7.3330
7.2922
7.2143
7.1982
7.0497
6.9487
6.8376
6.8344
6.8372
6.7883
6.8916
7.1325
7.1536
6.8883
7.1171
7.4221
7.2893
7.2689
7.3546
7.3259
7.3826
7.3300
7.5040
7.5621
7.5871
7.9438
7.8924
7.3766
7.3606
7.4320
7.8292
7.7296
7.6326
7.8450
7.6480
7.8803
7.7011
7.6260
7.9274
7.6802
7.9389
7.7250
7.7177
7.5203
7.5828
7.5582
7.6995
7.5263
7.4948
7.3960
7.8660
7.5863
7.4821
7.6815
7.6242
7.9356
7.7232
7.6607
7.9732
7.7490
7.6316
7.7309
7.6662
7.7161
7.7085
7.7163
7.7428
7.7710
7.6976
7.8376
7.6480
7.5153
7.6806
7.6226
7.7373
7.8328
7.7428
7.8238
7.5323
7.5804
7.8901
7.7988
7.7097
7.5823
7.5482
7.3720
7.1446
7.1795
7.6267
7.3498
7.5855
7.3511
7.5519
7.6893
7.6188
7.1186
7.2368
7.0489
7.1891
7.1807
6.9757
7.1848
7.1058
6.9065
7.0862
7.0755
7.0434
7.2648
7.3192
7.4796
7.3090
7.4195
7.0850
7.1771
7.0386
7.6192
7.2338
7.0630
7.2100
7.2430
7.4606
7.5937
7.2569
7.3243
7.4079
7.5164
7.3549
7.6697
7.3631
7.5412
7.3321
7.5379
7.6960
7.8850
7.8916
8.0801
7.7797
8.0833
7.7942
8.0302
7.5743
7.6531
7.6360
7.4898
7.5318
7.4821
7.3533
7.2080
7.3838
7.2341
7.2288
7.1985
7.3532
7.4736
7.1980
7.4531
7.4918
7.3988
7.2639
7.3491
7.1162
7.1667
7.0212
7.2930
7.3689
7.3258
7.5223
7.3610
7.3647
7.2962
7.7998
7.7454
7.5873
7.5985
7.8350
7.5785
7.7895
7.7139
7.9289
7.9657
7.6485
7.7890
7.5016
7.3479
7.5856
7.6477
7.7336
7.7756
7.4380
7.5918
7.6870
7.5221
7.3800
7.2550
6.9920
7.4976
7.3874
7.3378
7.3562
7.6710
7.5244
7.2962
7.0446
7.3659
7.2071
7.3267
7.3037
7.1374
6.9308
7.0267
7.1410
6.9670
7.1400
7.5126
7.5164
7.0929
7.2341
7.1097
7.1082
7.3813
7.3535
7.2667
7.4882
7.8267
7.7126
7.7286
7.4987
7.4904
7.4900
7.6403
7.9062
7.8571
7.6766
7.6915
7.3653
7.5857
7.7322
7.5916
7.6233
7.6973
7.8065
7.7403
7.8766
7.6450
7.7935
7.7128
7.5352
7.3737
7.6022
7.4686
7.5710
7.5042
7.5538
7.6569
7.6966
7.5630
7.6364
7.7971
7.4267
7.4055
7.4531
7.4512
7.6837
7.5412
7.4705
7.3960
7.3170
7.1614
7.3792
7.6386
7.5409
7.6257
7.7195
7.4029
7.5421
7.5960
7.7740
7.3201
7.0463
7.1598
7.3083
7.5756
7.7112
7.8975
7.7102
7.4543
7.6220
7.3850
7.4735
7.4896
7.3376
7.5151
7.4524
7.5876
7.7489
7.7842
7.9516
7.6099
7.9215
7.3468
7.4318
7.4827
7.6914
7.6294
7.3081
7.5316
7.5722
7.6425
7.6681
7.6742
7.7782
7.4285
7.9406
7.8535
7.7599
7.6006
7.5471
7.5513
7.5512
7.6611
7.7355
7.8984
7.6057
7.6459
7.8232
7.6045
7.7691
7.5709
7.4968
7.4230
7.4268
7.4515
7.5517
7.3921
7.3344
7.4719
7.4443
7.5333
7.4116
7.6504
7.6843
7.5766
7.2737
7.1394
7.5018
7.2015
7.2740
7.1972
7.1657
6.9873
7.4214
7.2966
7.3031
7.2986
7.2334
7.2665
7.6708
7.4665
7.5166
7.5350
7.7922
7.3749
7.7010
7.3180
7.4408
7.4223
7.4763
7.3654
7.3544
7.2437
7.1888
6.9505
6.9813
7.1659
7.1307
6.8565
7.2618
7.5787
7.2053
7.4335
7.3799
7.6040
7.0516
7.1418
7.2312
7.3182
6.9577
6.9783
7.2788
7.1537
7.0986
6.6824
6.9305
7.0930
6.8801
7.0624
6.9427
6.8854
7.2480
7.1931
7.0209
7.1326
6.9291
6.8202
6.8046
6.6632
6.8376
6.8435
6.9528
7.2932
7.2729
7.1018
7.1456
7.3956
7.4341
7.5381
7.3836
7.3167
7.2312
7.2927
7.1070
7.0771
6.7228
6.8068
6.9268
7.0981
7.0449
7.1508
7.4099
6.9832
7.3300
7.1429
7.1119
7.1568
7.0784
7.2533
7.1150
7.2659
7.3382
7.0980
7.0575
6.8262
6.9341
6.9434
7.4961
7.2216
7.2955
7.4875
7.3646
7.2434
7.2333
7.3568
7.1207
7.1260
6.9384
6.9973
6.7353
7.1104
7.0209
6.9885
7.3509
7.1898
7.0996
7.4988
7.3699
7.2217
7.3007
7.3547
7.2042
7.1048
6.8192
7.1150
7.1408
6.7059
6.9891
6.8418
7.0346
6.9396
6.7479
7.0073
6.7579
6.8394
6.9865
7.1357
6.8378
6.8388
7.0206
7.0546
6.8841
7.0956
7.1384
6.9733
6.9239
6.8128
7.0112
6.8666
6.5782
6.6945
6.8905
6.6840
7.0100
6.8614
7.1631
7.0399
7.4078
7.0265
7.1794
7.1926
7.4340
7.1531
7.2009
7.4052
7.0598
7.0498
6.9108
6.9772
7.1009
6.8847
6.7927
6.7634
6.8824
7.1252
6.9228
7.0621
7.3212
7.3501
7.6181
7.0155
7.2827
7.0958
6.9184
7.0269
7.0833
7.3300
7.3064
7.5826
7.4299
7.5571
7.3640
7.6567
7.3572
7.4888
7.1156
7.1213
6.8850
6.9315
7.0663
6.9168
7.1971
7.3034
7.4007
7.0838
6.9987
6.7999
7.0651
6.5378
6.5603
6.4257
6.8882
7.2028
6.9758
6.9559
7.3530
6.9618
7.0250
7.1902
6.9613
7.2231
7.1906
7.2877
7.3359
7.1301
6.9999
7.0376
7.1044
7.0438
7.1955
7.2204
7.0329
7.2652
7.3866
7.1829
7.2317
7.0135
7.2031
7.3274
7.3315
7.2776
7.3343
7.3255
7.2088
7.4577
7.2755
7.2233
7.3207
7.3785
7.4255
7.3755
7.3226
7.4499
7.2821
7.3377
7.0107
7.3067
7.2588
7.0643
7.2939
6.8500
6.9461
7.2068
6.9966
7.1759
6.9442
6.7180
6.4024
6.6964
6.5312
6.7825
6.6590
6.9194
6.8309
6.4681
6.3773
6.5220
6.4393
6.5622
6.6626
6.6715
6.6326
6.4579
6.6640
6.6619
6.6150
6.6944
6.7173
6.8470
7.1379
7.2235
7.1767
7.3613
7.1022
7.5995
7.2586
7.2400
7.2875
7.0224
7.0091
6.9758
7.0112
7.0499
6.6181
6.7260
6.6013
6.7454
6.5846
6.7080
6.7917
6.9067
6.7989
6.7810
7.0013
6.9246
6.9137
6.9067
6.6144
6.8553
6.5818
6.5211
6.6460
6.7065
6.6465
6.6157
6.4524
6.3858
6.6525
6.4739
6.5253
6.7909
6.6629
6.7662
6.8264
6.5873
6.8984
6.8211
6.7321
6.6485
6.5526
6.4227
6.4216
6.5038
6.6686
6.5525
6.6932
6.5090
6.8466
6.8117
6.9531
6.8939
7.0697
7.1069
6.9643
6.9935
6.9444
7.0219
7.1970
6.9791
7.2202
6.7065
6.9332
6.8667
6.8871
6.7396
6.7703
6.9585
7.0729
7.0337
6.8682
6.9843
7.2348
7.3656
7.2748
7.1706
7.1693
7.3094
6.9985
7.3677
7.3139
7.3656
7.2352
7.0232
6.7410
6.8971
6.8363
6.9440
6.9954
7.0120
7.2218
7.0801
7.1200
7.4261
7.1974
6.9767
7.1260
6.9712
7.1579
6.9504
6.8258
6.8504
7.1946
7.2166
7.1468
7.1569
7.0011
7.0994
7.2627
7.3060
7.0471
7.1269
6.9318
7.0160
6.9777
7.2294
6.9499
6.9954
6.7457
6.6284
6.8558
7.0389
6.9726
7.0943
6.8937
6.7088
6.9081
6.7698
6.7909
6.8060
6.9659
7.1782
6.9906
6.9870
6.7676
6.8249
6.7485
6.7874
6.6442
6.7083
6.6440
6.8991
6.6682
6.7844
6.8197
6.8339
7.2258
6.9862
7.1313
6.9865
6.8830
6.9330
6.9147
7.0711
7.1139
6.9088
6.8983
6.8587
6.8224
6.5261
6.8211
6.9547
6.8906
6.8921
6.8362
6.7425
6.6405
6.7011
6.6251
6.7302
6.5844
6.4678
6.5089
6.7855
6.6126
6.7155
6.6641
6.7088
6.7991
6.6141
6.4844
6.4910
6.7565
6.8563
6.9919
7.0335
6.7689
6.5940
6.4525
6.6878
6.6883
6.5641
6.6735
6.6750
7.0987
6.8003
7.0252
6.7507
7.0836
6.9093
6.6023
6.5905
6.6129
6.7519
6.8951
6.8742
6.8645
6.9222
6.8359
7.0390
6.7972
6.8910
6.8634
6.6438
6.7266
6.6338
6.3768
6.7193
6.7916
7.0266
7.2795
7.1988
7.2571
6.8829
6.9177
7.0373
7.0155
7.1399
6.7349
7.2692
6.9464
6.9544
7.0783
6.9322
6.8624
6.8784
6.5121
7.0028
7.1653
7.0935
6.7393
6.6615
7.2006
7.1092
7.1728
7.3047
7.1315
7.1696
6.8109
7.0404
6.9056
6.9422
6.8140
6.7104
6.4621
6.5983
6.8095
6.7003
7.0961
6.9357
6.6673
7.0914
6.9897
7.1446
7.4535
7.3118
7.2835
7.0570
6.8001
7.2720
7.2703
7.1416
7.1093
7.0932
7.2060
7.2854
7.6856
7.2531
7.0160
6.8456
6.9087
6.8432
7.0540
7.3367
6.8124
6.8895
7.1525
7.0351
7.1999
7.1618
7.0895
6.9821
7.1898
7.0520
6.7822
6.8507
6.7450
6.9728
6.8138
6.8069
6.9076
6.8398
6.9301
6.8383
6.8599
7.0260
7.0191
7.0807
6.8530
6.7668
6.8622
6.9083
6.8884
7.0847
6.9953
7.0156
6.6380
6.8670
7.0348
6.8704
6.6125
6.9233
6.6855
6.6612
6.7063
6.7042
6.5894
6.7858
6.8630
6.9033
6.8850
6.9800
6.9386
6.9840
6.9549
6.9717
6.8902
7.1442
7.1135
6.7156
6.9954
6.7653
6.7990
6.7236
6.6916
6.7895
7.0805
6.9939
6.9361
6.8906
7.0548
7.2499
7.2641
7.2296
7.1293
7.0879
6.7563
6.7579
6.6795
6.7727
6.5665
6.7509
6.8003
6.8578
7.0551
7.0418
6.8868
6.9178
6.8421
6.8029
6.7067
6.9876
6.9454
6.7498
6.8305
6.8914
6.7464
6.6976
6.8307
6.8237
7.1032
6.8668
6.8856
6.7576
6.9499
6.6644
6.4561
6.3520
6.4514
6.6570
6.8069
6.9240
6.9563
6.7944
6.8121
7.1341
6.6755
6.5018
6.5527
6.6541
6.8836
6.8386
6.8878
6.8509
6.8758
6.9730
6.8714
6.6476
6.5990
6.8772
7.0780
7.0890
7.1918
6.8660
7.2241
7.2732
6.8407
7.0536
6.9795
7.0780
6.8870
7.0257
6.8053
7.1432
7.1740
7.0319
6.7937
6.5444
6.8603
6.8979
6.9258
6.8377
7.0602
7.3352
7.3100
7.2502
7.0538
7.0442
6.9976
7.2474
7.4053
7.1954
7.5462
7.2400
7.3212
7.1823
7.0098
7.2111
7.2497
7.1264
7.0217
7.2560
7.0156
6.7815
7.0604
6.8048
7.1347
6.8513
6.7951
6.8461
7.0463
6.9075
7.0511
6.8622
6.9117
6.8898
6.8440
6.7559
6.8668
6.8369
6.9211
6.9424
7.0466
7.0119
7.4668
7.2683
7.3430
7.4276
7.3368
7.0059
6.7583
7.3482
7.1673
6.9563
7.2281
7.5052
7.1313
7.2852
7.3241
7.0840
6.9437
7.0683
7.1878
6.9315
6.8287
6.8880
6.8894
7.1211
7.0343
6.9936
6.8992
6.9172
6.5217
6.7781
6.7582
6.9820
6.9797
7.0073
7.0746
7.1736
7.1280
7.1975
6.9605
7.0621
7.0558
7.2455
7.2846
7.0936
6.9343
6.9846
7.2265
7.0887
7.0728
7.2736
7.6357
7.4714
7.3823
7.5767
7.5013
6.9636
6.9531
6.9808
7.1144
7.1008
6.9067
6.8005
7.0490
6.7780
6.6483
6.6833
6.5669
6.8050
6.6540
6.7058
6.9463
6.9206
6.9286
6.6268
6.3860
6.6856
6.5729
6.8425
6.8538
7.2103
6.8023
7.0276
7.0228
6.9318
7.1527
7.0118
7.0200
6.9657
7.0838
7.1972
6.9004
6.7226
6.6883
7.0474
7.3152
7.4781
7.5482
7.1331
7.1626
7.1816
7.1007
7.1672
7.4637
7.4391
7.1453
7.3819
7.4530
7.1888
7.2000
7.2691
7.1980
6.9006
7.0801
6.9437
7.0756
7.1462
7.1066
6.8632
6.9579
7.0802
6.9493
6.8870
6.7806
6.7901
6.8936
6.9022
6.8742
6.9446
6.8320
6.7869
7.1336
6.8012
6.9895
6.9600
6.8246
6.9487
6.7299
6.9070
6.8337
6.7372
6.9547
6.9123
7.0977
6.6451
6.8579
6.8338
6.8550
6.9585
7.0943
7.0044
7.2818
7.3460
6.9965
7.1318
6.8367
7.1869
7.0040
6.9577
6.8553
6.8458
6.6576
6.6646
6.8748
6.5993
6.7506
6.7741
6.6371
6.8775
6.8069
6.9356
7.2152
6.9802
6.9413
6.7838
6.8469
6.8117
6.7080
6.6018
6.6696
6.5372
6.7296
6.8704
6.8486
6.4917
6.5830
6.4764
6.5992
6.6973
6.6985
6.9151
7.0247
6.9841
7.1177
7.0642
6.8973
7.0132
7.1620
7.1717
7.3046
7.2064
7.0037
7.0288
7.1524
7.0664
6.8601
7.0440
6.8002
7.0552
6.9157
6.9647
6.8447
7.1226
6.9694
7.1510
6.9418
7.0216
6.9427
7.1130
7.0764
6.9574
7.3136
7.2304
6.9266
7.0599
6.8908
6.7509
7.0116
6.8637
6.7784
7.0745
6.8230
7.0245
6.9797
6.8078
6.8540
6.7990
7.1536
7.0093
7.2114
7.2605
7.2423
7.5367
7.8209
7.6015
7.4147
6.8602
6.8610
6.7197
6.9672
7.1302
7.1404
7.2421
7.1528
6.8642
6.9719
6.9016
7.1167
7.3013
7.3498
7.2592
6.9915
7.0586
7.5933
7.4192
7.4496
7.4981
7.3947
7.4841
7.5449
7.6301
7.3455
7.3269
7.3549
7.1402
6.8815
6.9623
7.0480
7.3210
7.3380
7.3144
6.9952
7.3574
7.3078
7.5030
7.0941
7.1851
7.2105
7.4238
7.2837
7.2029
7.5242
7.3960
7.4146
7.3732
7.5437
7.4322
7.2728
7.4041
7.5800
7.0760
7.4740
7.1584
7.3352
7.2250
7.1997
7.1161
7.2745
7.3202
7.1847
7.5206
7.4386
7.5895
7.2749
7.3804
7.3617
7.3199
7.1376
7.1441
7.5262
7.4749
7.3602
7.1853
7.4268
7.3788
7.5046
7.6309
7.4672
7.3876
7.0985
7.1179
7.1557
6.8021
7.1310
7.1730
7.5036
7.3168
7.4192
7.5583
7.5103
7.5436
7.3480
7.2891
6.9378
6.8765
7.1313
7.0997
7.1445
6.6854
6.9192
7.0124
6.9517
6.9039
6.8881
6.9114
6.7320
7.1006
7.1991
7.2010
7.1153
6.9900
7.0461
7.1615
7.3559
7.1372
6.8924
7.1797
7.3416
7.0699
7.0829
6.9624
7.0099
6.8895
6.8645
6.7498
6.6625
6.8157
7.0593
6.7572
6.8455
6.6404
6.7709
6.8826
6.7246
6.8353
6.7129
6.7982
7.0120
6.8779
7.2995
6.9649
7.1988
7.4235
7.2918
7.2516
7.2995
7.4743
7.4168
7.1965
7.2572
7.1669
6.9735
6.9016
6.9251
6.8259
6.8713
6.8629
6.6757
6.8782
6.8409
6.6280
6.4247
6.8006
6.8345
6.9323
7.1167
6.8773
6.9836
7.0351
7.1522
6.8959
7.0675
6.8310
7.0167
7.0370
6.9338
7.0237
7.2364
7.0454
7.1530
7.3238
7.3329
6.9940
6.8524
6.8843
6.9610
6.7889
7.1133
7.2103
7.3361
7.2844
7.2296
7.0772
6.8747
6.9246
6.8641
7.0390
6.8423
6.8037
6.9602
6.8993
7.1444
7.0423
7.1381
7.3676
7.1580
7.1057
7.0982
7.0893
6.9952
6.8655
7.0368
6.9563
7.1455
7.0542
7.1000
7.1402
7.0233
6.9716
7.1921
7.0216
6.9131
7.1026
7.1695
7.1648
7.0602
6.7699
7.0104
6.9444
7.0626
6.9764
7.0444
6.8070
6.8111
6.6745
6.8048
6.9143
6.9001
7.1245
7.1810
7.0461
7.3403
6.8648
6.8737
6.8249
6.8123
6.9985
6.9704
6.9636
6.8988
6.9086
6.9497
7.2290
7.0557
6.8877
6.8817
6.7429
6.5435
6.7330
6.9164
6.9050
6.9863
6.9323
6.7966
7.1430
6.7792
6.7723
6.7891
6.9066
7.0109
6.7264
6.9801
7.0630
6.8711
7.0390
7.0979
7.1704
7.0284
7.0849
7.1632
7.1635
7.0708
7.1901
7.0769
7.0958
7.0803
7.2658
7.0854
7.0694
6.9986
6.9440
7.2067
7.2294
7.1627
7.1263
7.1724
7.1324
7.1151
6.8969
6.8835
6.9668
6.6809
6.7094
6.7306
6.8493
6.8366
7.0726
7.3612
6.7571
6.6524
7.1215
6.8723
6.9278
6.9641
6.8260
6.7340
7.2183
6.8076
6.7493
6.9180
6.8585
7.1469
6.7479
7.3468
6.9499
7.2477
6.9755
7.1437
7.1532
6.9534
6.9647
6.9561
6.7969
7.0670
6.9589
7.0614
6.9854
7.0669
7.0859
6.9497
7.2911
7.3401
7.1125
7.0297
6.9828
7.1360
7.1156
7.1800
7.0811
7.2341
7.4975
7.1885
7.0495
7.2649
7.1627
7.1392
7.4596
7.1666
7.1683
7.2744
7.3189
7.1831
7.1079
7.0789
7.4357
7.2920
7.4625
7.4773
7.3486
7.2907
7.3215
7.2961
7.2905
7.2910
7.4224
7.2468
7.1421
7.3020
7.3701
7.5149
7.5548
7.4925
7.3325
7.7668
7.4396
7.4162
7.4730
7.5930
7.3676
7.4063
7.7150
7.5208
7.7712
7.3301
7.4685
7.5184
7.4702
7.6425
7.5070
7.5641
7.6437
7.4067
7.6146
7.2824
7.4125
7.2770
7.2236
7.4921
7.2517
7.1786
7.0779
7.1861
7.0926
7.1873
7.1582
7.3111
7.3960
7.3980
7.4169
7.2220
6.9560
6.9254
7.3154
7.2074
7.4196
7.5321
7.4157
7.4108
7.5034
7.5664
7.5875
7.3785
7.5593
7.3489
7.1143
7.2456
7.2768
7.1878
6.9900
7.1275
7.0715
7.0811
7.3335
7.1489
6.9676
6.8849
6.8868
6.8122
6.9728
7.4000
7.2448
7.2169
7.2245
7.3750
7.2452
7.3094
7.4330
7.4198
7.1707
7.6659
7.1527
7.3264
7.3977
7.1383
7.4352
7.2252
7.4550
7.3653
7.3835
7.3079
7.0843
7.0146
7.0211
7.1989
7.0750
6.8938
7.1323
6.9867
7.2145
7.2294
7.1650
7.0272
7.1396
7.1351
7.0040
7.0951
7.1120
7.0390
7.3041
7.1502
7.2647
7.2412
7.3804
7.2696
7.2245
7.1074
7.3069
7.4219
7.0079
6.9304
7.0969
7.0539
7.0486
6.9997
7.0353
6.8884
7.2009
7.1762
7.1418
7.2167
7.3607
7.3625
7.2818
7.2345
7.3193
7.1983
7.1405
7.2884
7.5420
7.3102
7.2815
7.1544
7.2563
7.1404
7.1862
6.9797
7.3814
6.9320
7.3322
7.1727
7.3898
7.2569
7.1710
7.2679
7.2852
7.2822
7.2225
7.0671
7.3067
6.9339
7.0714
7.3106
7.2153
6.9854
7.1358
7.3432
7.3474
7.3792
7.1812
7.1185
7.3719
7.2403
7.3970
7.7033
7.5328
7.3643
7.2864
7.7591
7.5329
7.5673
7.2451
7.3140
7.3217
6.8579
7.2453
7.3310
7.1422
7.1308
7.2093
7.1257
7.0469
6.9752
7.0789
7.2862
7.4045
7.0746
6.9770
7.0236
6.9622
6.9559
7.1605
6.9838
6.8788
6.6503
6.7809
7.0308
6.8509
6.7870
7.0013
7.1343
7.1560
7.2355
7.2714
7.0450
7.0289
7.2536
6.9132
7.0732
7.1210
6.9144
6.9363
7.0264
6.9502
6.9544
7.1748
7.1054
7.0895
7.1613
7.0842
7.1921
7.2387
7.2100
7.2549
7.3279
7.0729
7.1477
7.4738
7.3385
7.0925
7.1261
7.3487
7.1938
7.0851
7.3750
7.2003
7.0165
7.1373
7.2248
7.5937
7.5534
7.4252
7.3362
7.2507
6.9938
6.5848
6.7212
7.0073
6.8474
6.9368
6.9081
7.1208
6.9894
7.1594
6.8499
7.1399
7.0744
7.1550
7.3937
7.4351
7.1051
7.0710
7.0188
7.0087
6.8582
7.0225
6.8292
6.8864
6.9645
7.0746
7.0552
7.0631
7.2337
7.4072
7.2495
7.1721
7.0755
7.2742
6.9351
7.0185
6.8617
7.0634
7.3299
7.3909
7.3780
7.0679
7.0896
7.2139
7.3724
7.3911
7.3005
7.2519
7.1652
7.1334
7.2950
7.4193
7.2707
7.5000
7.2743
7.2443
7.1609
7.5086
7.5126
7.3391
7.3870
7.7145
7.4689
7.3871
7.3164
7.4418
7.4511
7.5770
7.5233
7.5483
7.5091
7.3634
7.4695
7.5386
7.4785
7.4959
7.5031
7.3410
7.5971
7.1300
7.3190
7.3879
7.3039
7.1126
7.3449
7.3034
7.1127
7.1046
7.0695
7.3587
7.1830
6.9669
6.9803
6.9532
6.9987
7.0009
6.9922
6.9817
6.9578
6.8785
6.8359
7.0246
6.8591
6.7244
7.2073
6.9859
7.1042
6.8129
6.6141
6.6924
6.6883
6.7185
6.6480
6.8954
6.9260
6.8552
6.6683
6.9636
6.8103
6.9931
6.8696
6.9759
6.7849
7.1375
7.1005
7.1754
7.1056
7.1165
6.7594
7.2222
7.0333
7.1418
6.8560
7.0960
7.1992
7.1518
7.3262
7.1517
7.3054
7.2808
7.1755
7.0429
6.9617
7.1935
7.0148
7.0991
6.9215
6.9589
6.9701
6.5798
6.9403
6.9241
6.9891
6.9055
6.9015
6.9040
6.9175
6.6742
6.8018
7.0136
6.7671
6.9233
7.2485
7.0986
6.8146
6.7796
6.8662
6.9719
6.8940
7.1751
7.0455
6.8576
7.0723
7.0554
6.8535
7.0329
6.8843
7.1186
6.9479
7.0480
7.0509
7.0779
6.8294
6.8965
6.7950
7.0276
6.9327
7.1406
7.2675
7.3819
7.2547
7.1747
7.2356
7.2831
7.1401
7.3598
7.2856
7.1655
7.3847
7.1823
7.0099
7.1082
7.2051
7.3025
7.1952
7.2624
6.8940
7.1149
7.0177
7.1905
6.9383
7.0356
7.3612
7.5192
7.3931
7.5651
7.3480
7.4662
7.5255
7.2464
7.1908
6.9822
7.3118
7.2512
7.0888
7.0422
7.1274
7.6711
7.4785
7.4230
7.4495
7.4859
7.5370
7.5683
7.4537
7.4031
7.5726
7.4027
7.5507
7.4962
7.2736
7.3942
7.4840
7.3862
7.1149
7.0563
7.4591
7.2583
7.3171
7.1627
7.1808
7.2336
7.3640
7.3295
7.3820
7.5800
7.5182
7.5388
7.5073
7.9246
7.6422
7.2764
7.0826
7.3030
7.4417
7.3553
7.4409
7.0971
7.6144
7.4255
7.1143
7.2049
7.1095
7.1822
7.1381
7.4161
7.2441
7.1341
7.2190
7.3441
7.4686
7.3773
7.3583
7.1643
7.1760
7.1149
7.1849
7.1096
7.0989
7.3771
7.3911
7.3140
7.5269
7.4150
7.6735
7.3085
7.4903
7.4373
7.4750
7.2267
7.5982
7.2367
7.3608
7.4167
7.1540
7.3702
7.5447
7.3641
7.4540
7.5724
7.7520
7.8518
7.6682
7.4182
7.8975
7.7726
7.6941
7.6415
7.7591
7.5681
7.4299
7.5608
7.4655
7.4719
7.5983
7.6036
7.5102
7.6453
7.5468
7.6174
7.6656
7.6848
7.3561
7.4523
7.2759
7.7494
7.7109
7.4875
7.8033
8.0254
8.1407
7.9348
7.8257
7.6426
7.8337
7.7407
7.8212
7.8694
7.9297
7.6971
7.4290
7.4807
7.0385
7.4574
7.2747
7.2340
7.3454
7.6420
7.7326
7.7084
7.5074
7.2972
7.2069
7.0154
7.3115
7.5921
7.6171
7.6155
7.5087
7.4863
7.7177
7.6516
7.1767
7.2331
7.5312
7.3847
7.6474
7.5306
7.7382
7.5367
7.6903
7.8796
7.6642
7.3399
7.3923
7.4346
7.2123
7.1304
7.3113
7.4126
7.2045
7.2206
7.3618
7.2367
7.2651
7.4950
7.4248
7.4995
7.5879
7.6770
7.8094
7.6205
7.8524
7.7591
7.3589
7.8238
7.7354
8.0036
8.1635
8.2229
8.2162
8.0592
8.1287
8.1006
8.1683
8.0812
8.2941
8.0660
8.0366
8.1420
8.1392
8.1872
7.9559
8.2666
8.1330
8.0986
7.8482
7.7682
7.9368
7.5624
7.3177
7.6872
7.8209
7.6251
7.5194
7.9306
7.6864
7.6632
7.5653
7.6523
7.5478
7.5568
7.6773
7.3621
7.5786
7.4151
7.3808
7.5615
7.7398
7.7967
7.9991
8.0055
7.7241
7.7910
7.7168
7.6880
8.0064
7.8358
7.8416
8.0824
7.9538
7.7788
7.8831
8.0881
8.0222
8.0484
8.0044
8.0483
7.8103
7.5778
8.0338
8.0908
8.1306
7.9783
7.6461
7.6935
7.7790
7.4940
7.3119
7.4044
7.3332
7.5216
7.6416
7.5709
7.6035
7.5230
7.6174
7.6898
7.3574
7.4378
7.6614
7.4448
7.7178
7.8223
7.8261
8.2503
8.2683
8.1940
7.9957
8.1674
7.8568
7.5347
7.4591
7.3741
7.6799
7.4844
7.6249
7.6482
7.7633
7.8503
7.8956
7.6229
7.9056
8.0091
7.8556
7.7472
7.8430
7.4743
7.5096
7.2843
7.4806
7.5424
7.2042
7.0797
7.2590
7.0572
7.3444
7.4757
7.2644
7.1663
7.4468
7.2771
7.4922
7.3838
7.6122
7.0480
7.4278
7.3726
7.6918
7.3079
7.5097
7.2891
7.3509
7.4939
7.8189
7.7750
7.7433
7.4995
7.4468
7.7331
7.4384
7.3459
7.6244
7.4673
7.6952
7.4254
7.7610
7.6440
7.5790
7.7282
7.5937
7.8409
7.6890
7.7070
7.5384
7.5998
7.6129
7.7375
7.5389
7.7220
7.4353
7.4884
7.3160
7.3994
7.7693
8.0282
7.9343
7.9500
7.8899
7.8795
7.6783
7.3936
7.2226
7.3185
7.7092
8.0431
7.9451
7.7919
7.9394
7.7291
7.8933
8.0130
8.0853
8.0921
7.9716
7.9770
7.9275
8.0919
8.0145
7.7332
7.6522
7.8251
7.8192
7.6725
7.9823
7.6971
7.5078
7.6291
7.6409
7.5187
8.0139
7.8463
7.8999
7.7977
7.6029
7.8264
7.4860
7.6703
7.6799
7.7295
7.4881
7.5714
7.7818
7.6884
7.6382
7.7013
7.7623
8.0367
7.9170
8.1152
7.9702
8.2680
8.1344
8.1692
8.1225
8.1565
8.1924
8.2496
8.1590
8.1492
8.1970
8.3114
8.2119
8.1429
8.2471
8.0168
7.9562
8.1212
8.2174
7.9904
7.9836
8.0553
8.0169
8.0792
7.8099
7.7923
7.8577
7.8491
7.7480
7.6635
7.8052
7.9433
8.0054
7.9579
7.8948
7.9769
7.9866
8.1886
7.9733
8.0317
8.2146
8.0709
7.9240
8.0652
7.8395
7.9906
7.8914
7.8151
7.7025
8.0500
7.6294
7.8053
7.9799
7.8803
7.6981
7.7441
7.9125
7.9313
7.8618
7.8878
7.5528
7.7715
7.9824
7.9781
7.9574
7.9763
8.0688
7.9696
8.1850
7.8554
7.7288
7.8267
7.5201
7.5890
7.6496
7.7639
7.9544
7.9406
7.9351
7.7464
7.9723
8.0116
7.8661
7.8034
7.8628
7.9456
8.1650
7.6087
7.8799
7.9340
7.8476
7.9377
8.0585
7.7797
7.3101
7.6563
7.3528
7.4916
7.4212
7.7788
7.9743
7.7500
7.8448
7.7235
7.9746
7.6298
7.5067
7.6457
7.8126
7.6695
7.7237
7.6483
7.5602
7.4218
7.5870
7.7731
7.4316
7.4903
7.2152
7.3420
7.0126
7.3211
7.4688
7.4485
7.3192
7.2891
7.3063
7.2166
7.1925
7.5136
7.4830
7.3015
7.1503
7.3933
7.3932
7.7022
7.5083
7.1931
7.3148
7.2085
7.4697
7.6347
7.6793
7.3686
7.3174
7.2595
7.3184
7.4858
7.5250
7.2166
7.3654
7.6291
7.3874
7.4703
7.2712
7.3912
7.4023
7.2202
7.2550
7.5702
7.4674
7.6771
7.6611
7.6651
7.6343
7.6200
7.4903
7.6407
7.4461
7.5716
7.5806
7.5355
7.5070
7.5618
7.5108
7.5612
7.5719
7.7130
7.2703
7.3105
7.1378
7.4211
7.3688
7.7570
8.1072
7.7823
7.7370
7.9049
7.5862
7.8827
7.8902
7.6177
7.8592
7.9569
8.1101
8.0743
7.9879
8.0983
7.9566
7.8972
8.1351
7.5780
7.6634
7.7123
7.7104
7.6720
7.4491
7.8070
7.8343
7.6094
7.2246
7.9272
7.6485
7.8334
7.7355
7.7968
7.7136
7.5309
7.4289
7.6376
7.8011
7.4900
7.5812
7.6552
7.8635
7.7536
7.6749
7.5964
7.6142
7.4945
7.4469
7.5697
7.6660
7.7440
7.7888
7.5217
7.6169
7.7346
7.6229
7.3058
7.7546
7.8701
7.6271
7.4411
7.8048
7.5008
7.6454
7.5659
7.6421
7.5352
7.4692
7.9126
7.7257
7.5075
7.9110
7.8306
7.7027
7.6417
7.6451
7.6050
7.6374
7.5724
7.4656
7.4742
7.6433
7.6727
7.7818
7.5234
7.5514
7.5293
7.7171
7.6436
7.7602
7.8773
7.4965
7.8508
7.5293
7.5647
7.4238
7.3715
7.5655
7.7148
7.7786
7.7825
7.2999
7.3573
7.5644
7.6843
8.0145
7.8112
7.6785
7.7666
7.6478
7.7564
7.4326
7.5088
7.5529
7.4471
7.4840
7.4484
7.6476
7.7293
7.7531
7.7229
7.7728
7.3035
7.4974
7.4696
7.5421
7.5304
7.7190
7.4527
7.4579
7.7483
7.6254
7.5004
7.5998
7.5752
7.4467
7.5342
7.6973
7.8251
7.3786
7.6081
7.6029
7.5768
7.5559
7.7774
7.7787
7.5107
7.5684
7.8235
7.8990
7.7323
7.6966
7.8115
7.5090
7.4470
7.5519
7.5535
7.5803
7.4776
7.5542
7.6868
7.6738
7.5815
7.6521
7.3317
7.3392
7.4985
7.6211
7.5719
7.6446
7.2925
7.4826
7.4141
7.4416
7.5659
7.3872
7.7685
7.5821
7.5406
7.6973
7.3488
7.3399
7.2579
7.2580
7.4606
7.3724
7.4287
7.4413
7.1932
7.2976
7.5332
7.4435
7.2232
7.3780
7.2793
7.1992
7.5132
7.6385
7.5079
7.4998
7.5695
7.1997
7.3525
7.4524
7.5862
7.4676
7.1609
7.3241
7.2646
7.2658
7.2912
7.1605
7.1041
7.1081
7.0138
7.3246
7.0018
7.3406
7.3186
7.1025
7.2312
7.2139
6.9516
7.0409
7.3829
7.5132
7.2346
7.3351
7.5748
7.7946
7.6039
7.3683
7.3072
7.4726
7.2544
7.3453
7.3655
7.2911
7.1699
7.5657
7.4524
6.9254
7.2089
7.2715
7.3741
