1.5300
1.8205
1.6038
1.6064
1.5451
1.6998
1.6220
1.7809
1.8094
1.7160
1.8473
1.7311
1.6452
2.1107
2.2229
1.9014
1.9620
1.6752
1.8610
1.9895
1.9602
1.8850
2.0668
1.9651
1.8967
1.8397
1.7323
2.0239
1.6682
1.8257
1.5588
1.7301
1.6060
1.8751
1.5391
1.8396
2.0603
1.9138
2.1690
1.8365
2.0537
2.0434
1.7727
1.7471
1.6569
1.9900
1.7476
1.9475
2.0650
2.0957
2.1174
2.4559
2.1507
2.4351
1.9850
2.0776
2.1974
1.9361
1.9488
2.0444
2.2127
2.3125
2.1424
2.1126
2.2426
1.9986
2.1157
1.7491
2.5313
2.3536
1.8993
2.0509
1.8056
2.1600
1.8549
2.1876
1.6762
1.8804
2.0605
2.0207
2.1022
2.2779
2.0668
2.2317
2.2980
1.9263
2.2101
1.9110
2.2541
1.9507
2.1654
1.6198
1.8981
1.9694
2.3266
1.9538
2.0541
2.2058
2.0004
2.0556
2.0020
1.9696
2.3722
2.1896
2.2244
2.2646
2.2535
2.2326
2.5934
2.1042
2.2825
2.1635
2.0569
1.8431
2.1272
1.9583
1.7717
2.1545
2.3333
2.1581
1.9862
1.8657
1.8449
1.8890
2.0748
1.6876
1.8936
2.0981
2.1523
2.3791
2.3310
2.3390
2.2321
2.1464
2.3949
2.1117
2.4723
2.4085
2.5071
2.3573
2.5452
2.2328
2.3745
2.0534
2.4370
2.4468
2.3870
2.4604
2.3830
2.0648
2.4453
2.5091
2.0864
2.2337
2.4112
2.0636
1.6749
2.1853
2.3656
2.2978
2.3030
2.0433
2.4771
2.2111
2.2580
1.9216
1.8375
1.7550
1.6200
1.9798
2.1326
2.1246
2.3951
2.1178
2.1472
2.0864
2.3136
2.2986
2.0899
2.0894
2.0077
1.8276
2.2318
1.6525
1.9836
2.1076
2.3431
2.1981
1.9827
1.9230
2.0306
1.8877
1.8845
2.0906
2.0644
2.1556
2.1192
2.0703
2.5949
2.1668
2.0008
2.5083
2.2964
2.1362
2.1445
1.8813
2.2393
2.1746
1.9590
2.1980
2.1423
1.9473
2.1323
1.7728
1.8726
2.1850
2.3544
2.0062
2.1489
1.9726
1.9792
2.0283
1.8932
2.1781
1.9817
1.9588
1.9169
1.7264
1.8605
1.7577
1.5010
2.1603
1.6910
1.9061
1.7394
2.0376
1.6825
1.7500
1.8834
1.8158
1.9880
1.7589
1.7139
1.7498
1.8147
1.7899
1.6009
1.7322
1.8940
1.8570
2.0521
2.1576
2.2432
2.1816
2.3402
2.0422
2.2206
2.1995
2.4904
2.5576
2.6544
2.6635
2.7342
2.4349
2.4907
2.6634
2.3643
2.4460
2.3866
2.1033
2.4332
2.2841
2.2721
2.1691
2.3666
2.4292
2.3448
2.3235
2.6798
2.2668
2.1991
2.4496
2.3838
2.4038
2.3472
2.1511
2.3225
2.3977
2.1870
2.3776
2.3709
2.4181
2.3521
2.2783
2.2902
2.1811
2.1404
2.0123
1.7782
1.7230
1.6992
1.6789
1.8055
1.6224
1.7030
1.8052
1.6165
1.6020
1.5978
1.4086
1.6952
1.7884
1.8346
1.8329
1.6966
1.8242
1.7714
1.7531
1.7583
1.8006
1.5442
1.7049
1.9446
1.5613
1.6953
1.8936
1.8808
1.6641
1.8927
1.8993
1.9895
1.7611
1.8218
1.8541
2.0104
1.9059
1.7705
1.8554
2.0029
1.7832
1.5179
1.7084
1.6867
1.5711
1.4058
1.5389
1.7173
1.8676
2.0613
1.8101
1.9311
1.5647
2.0672
1.7631
1.6191
1.6108
1.7994
1.7213
1.9135
1.9337
1.9006
1.8425
1.9365
1.7844
1.7293
1.7438
1.8959
1.9219
2.1458
1.7109
1.9426
1.9001
1.9653
1.9139
1.8798
1.7282
1.7712
1.7861
1.8536
1.8978
1.5718
1.8053
2.0518
1.6297
1.6973
1.7338
1.9106
1.7107
1.7414
1.9130
1.7006
1.5823
1.6282
2.0588
1.6787
1.8133
1.7812
1.7886
1.9258
1.8113
1.8119
1.9204
2.0342
1.8089
1.9484
1.6766
1.9963
2.0561
2.2908
1.8338
1.8048
1.7022
1.9566
2.0885
1.9186
2.0240
2.1292
2.2072
2.3297
1.9186
1.9476
2.0203
2.1071
2.0721
2.2617
2.4600
2.3271
2.5051
2.3352
2.4164
2.3619
2.1935
2.2620
2.1787
2.1452
2.2609
2.2727
2.3531
2.2111
2.3501
2.4612
2.4123
2.2331
2.2300
2.0149
2.1004
2.0297
2.2172
1.7654
2.0937
2.1589
1.7573
1.9294
1.7829
1.8770
1.9163
1.9037
2.0533
1.7447
1.7433
1.9408
1.9170
1.6182
1.7197
1.7486
1.7155
1.7529
1.7277
1.5194
1.6717
1.7568
1.8484
1.9442
1.7935
1.8209
1.6906
1.5847
1.7274
1.8323
1.6421
1.8280
1.8194
1.7192
1.9078
1.6133
1.9114
1.8587
1.8196
1.7084
1.8167
1.7865
1.8445
1.7380
1.4487
1.5276
1.9262
2.4206
2.2703
2.1855
1.7391
2.0166
1.9168
1.9433
1.5390
1.8908
1.5603
1.9838
1.8698
1.8029
1.9112
1.9641
2.0565
1.9942
1.9708
1.9374
1.7070
1.9003
1.7766
1.9633
1.5887
1.6816
1.9539
1.6838
1.7844
1.8856
1.9086
2.0707
1.8356
2.0767
1.9489
2.0188
1.7978
1.8353
1.9182
2.0513
1.9040
1.9229
1.7798
1.8052
1.6429
1.9946
1.8872
1.9406
2.0095
1.7158
1.8777
1.5579
1.8253
1.8220
1.6984
1.7267
1.7691
1.5671
1.6873
1.5591
1.6966
1.6884
1.9290
1.9136
2.0629
1.7293
1.8401
2.0800
1.8659
1.9643
1.6275
1.6884
1.7320
1.9151
1.7254
1.9426
2.1991
2.1632
1.7403
1.6740
1.6485
1.7065
1.8594
1.8588
1.9407
2.0054
1.6005
1.8263
1.6333
1.9982
1.5585
1.8311
1.6675
1.7057
1.8043
1.7165
1.6453
1.6243
1.5987
1.7169
1.6711
1.4576
1.9471
1.6304
1.7081
1.7977
1.9204
1.7720
1.6659
1.6724
1.8825
1.7372
1.5245
1.8844
1.9357
1.8309
1.8987
1.6896
2.1738
1.7889
1.9595
2.2173
1.9469
1.7062
1.6717
1.3984
1.7315
2.2555
1.7310
2.1027
1.8036
2.2610
2.2294
2.5339
2.4460
2.1689
1.9255
1.7241
1.6061
2.0657
1.6547
1.7908
1.8698
1.6385
1.8461
1.6125
1.7872
1.7649
1.5766
1.8735
1.5680
1.8780
1.6432
1.5907
1.6406
1.8964
1.8849
1.7795
1.5510
1.8566
1.6912
1.7496
1.7948
2.0711
2.2328
1.7979
1.9013
2.0113
1.9591
1.8595
1.8207
1.6426
2.0841
1.7600
2.0420
1.6889
2.1241
1.8982
1.8442
1.8284
1.9283
2.1799
1.8660
2.3058
1.9348
2.5142
2.4420
2.2272
2.1582
1.7901
1.9811
1.9190
1.9295
2.2105
1.9615
2.2351
2.0247
2.0386
2.1233
1.8921
1.9105
2.2949
2.0249
2.1125
1.9963
2.2368
2.0495
2.1328
2.1607
2.5244
1.9024
1.7621
2.0683
2.0803
1.9973
1.9316
2.4101
2.1724
2.1265
2.1534
2.1809
2.2435
2.4544
2.1202
2.2559
2.2258
2.3943
2.0094
2.0463
2.4796
2.4293
2.2683
2.4293
2.1967
2.4113
2.2749
2.1044
2.2390
2.3449
2.3064
2.3536
2.3021
2.3631
2.0932
1.8790
2.1767
1.6262
1.7951
2.0331
2.1572
1.8932
1.9564
1.9658
2.0515
1.7762
1.8396
2.1450
2.3459
2.2374
2.3075
2.2858
2.2058
2.2983
2.3458
2.3509
2.1752
2.5162
2.1482
2.7022
2.4217
2.1300
2.1761
2.1961
1.8294
2.1147
2.4239
2.3318
2.3260
2.3699
2.1586
2.2242
2.0971
1.9604
2.0816
2.0670
2.3337
2.6411
2.5576
2.6336
2.3143
2.4517
2.6706
2.4502
2.6650
2.4999
2.4688
2.5233
2.5804
2.4066
2.2795
2.1502
2.2281
2.0469
1.9554
2.0466
1.9171
2.0689
2.1644
2.0781
2.3641
2.2558
2.1096
2.3090
2.2418
2.1884
2.1930
2.7707
2.1490
2.5173
2.2757
2.7622
2.3166
1.7987
2.3030
2.4446
2.2047
2.0289
1.9826
1.9774
1.9272
2.0614
1.6548
1.8424
1.7628
1.7270
1.7593
1.9452
1.8424
2.3718
2.0496
2.4286
2.2238
2.2370
2.2836
2.0873
2.1977
2.4341
2.2379
2.1937
2.4683
2.4956
2.2540
2.5502
2.3419
2.0954
1.9475
2.1681
2.0937
2.1768
2.0622
2.1263
2.1457
1.8035
2.0610
1.9404
1.8439
1.8412
1.7962
1.9206
2.0951
1.9918
2.0611
2.0723
1.8502
2.1794
1.9845
2.1305
2.4804
2.0852
2.1771
2.5473
2.2811
1.9475
2.0800
1.8651
1.6729
2.4540
2.2326
2.6974
2.7268
2.2438
2.5985
2.7636
2.6076
2.7296
2.3981
2.2251
2.4680
2.1723
2.1619
2.0410
2.1358
2.1687
1.9899
1.9839
2.1177
2.0063
1.9292
1.8531
1.8090
1.8883
1.7452
1.8361
1.8623
1.9780
1.7767
1.6911
2.0106
2.0554
1.8800
2.0247
1.8062
2.2509
2.1086
1.9858
2.1706
1.9760
1.8671
1.9159
1.9791
1.6912
1.7190
2.0952
2.0863
2.0839
2.2406
1.9723
1.8577
1.7353
1.6464
1.6323
1.9289
2.2259
2.2044
2.6295
1.8707
2.1740
1.9921
1.6544
1.7772
1.8482
1.9565
1.6680
1.7116
1.9543
2.3105
1.9138
2.0047
2.0907
1.8291
2.0124
1.8855
1.8226
2.0631
1.9413
1.6199
1.7665
1.8888
2.0427
2.2225
2.2299
1.7498
1.7256
2.1046
1.7974
2.1746
2.2205
2.0977
2.1131
1.7415
1.7965
1.8911
1.8730
2.0572
1.7271
1.7190
1.8050
2.0010
2.4052
2.0546
1.7878
1.8610
2.0326
1.8550
1.7490
1.8506
1.6218
1.4622
1.9669
1.3933
1.9012
2.0168
1.7358
2.0167
1.5970
1.5222
1.9904
1.7106
1.3409
1.8258
2.0464
1.6966
1.6097
1.8599
1.9047
1.7514
1.7423
1.8144
1.9746
2.0252
1.6908
1.9272
1.8517
1.8997
2.1267
2.3174
1.7895
1.7647
1.8782
1.6325
1.6651
1.8538
1.4036
1.7945
1.6825
1.6154
1.5773
1.6817
1.3977
2.0436
2.2279
1.9358
1.8122
2.1204
1.9417
1.8012
1.8546
2.2538
2.0456
1.9914
2.1898
2.0451
2.0145
1.8188
1.6618
1.9125
2.0382
2.3472
2.1332
2.1893
2.0445
1.9905
2.3327
2.1865
1.6760
1.8857
1.9398
1.7509
1.8466
2.0259
1.7744
1.9346
2.6669
1.9492
2.0570
2.1168
1.8073
1.8469
1.8903
1.8889
1.7866
1.9311
2.0033
2.0712
1.9915
1.5875
2.0969
1.9905
1.8021
2.1861
1.8803
1.7491
1.5881
1.9332
1.9635
2.2997
1.7696
1.6990
1.8845
1.9113
2.0537
2.1240
1.9236
1.7004
2.2480
1.7977
2.1030
2.0054
2.1339
1.8184
1.6434
1.8953
1.5050
1.8241
2.1035
2.1490
1.8382
1.8058
2.4426
1.9791
1.8637
2.1923
2.3220
1.7880
2.1137
2.0792
2.0409
2.1563
1.9414
1.9082
1.7497
1.9778
2.1183
2.0426
1.6041
2.1335
2.0008
1.8319
1.8636
2.1015
1.6375
1.8755
1.6410
1.5189
1.5847
1.4807
1.6423
1.6550
1.7000
1.6635
1.5942
1.8220
1.7312
1.6547
1.5722
1.6155
1.6614
1.6312
1.4286
1.5776
1.5306
1.5031
1.5976
1.6426
1.7835
1.9718
1.5740
1.3822
1.5910
1.5821
1.7293
1.4524
1.6523
1.6831
2.1486
1.7652
1.8607
2.2261
2.0042
1.9298
2.0069
1.7209
1.6373
1.7523
1.7624
1.6682
1.5344
1.6859
2.0795
2.2855
2.0690
1.9962
2.2081
2.0543
2.1432
2.2188
1.9924
1.6580
2.1756
1.8419
2.0714
1.9250
1.7334
1.9361
1.7011
1.6224
1.4288
2.0548
1.7850
1.7037
1.5429
1.6260
1.7496
1.6302
1.5736
1.7659
1.7071
1.7939
1.9288
1.8143
1.6406
1.5627
1.6866
1.4836
2.0762
1.4602
1.6166
1.7425
1.4427
1.6429
1.7618
1.3687
1.7483
1.8343
1.8011
1.6661
1.3425
1.8794
1.9763
1.8671
1.4098
1.6380
1.9353
1.8208
1.7193
1.6433
1.6040
1.7130
1.7728
1.7649
1.6620
1.5215
1.8882
1.7701
1.9115
2.0296
1.7174
1.6789
1.6852
1.6662
1.6400
1.7190
1.4640
1.6602
1.6751
1.9025
1.6412
1.9464
1.4967
1.6562
1.5807
1.6843
1.6137
1.9684
1.9016
1.6943
1.9432
1.8434
1.7360
1.6161
1.6043
1.8241
1.8023
1.5195
1.6635
1.7269
1.6998
1.7796
1.9161
1.5747
1.6521
1.8842
1.7206
1.5510
1.6846
1.5354
1.8665
1.6579
1.4522
2.0371
1.9409
1.8355
1.9074
1.7828
1.5768
1.7524
1.9176
1.7331
1.6337
1.7243
1.5990
1.7352
1.6126
1.8038
1.9337
1.9784
1.8136
1.8486
1.7038
1.8876
1.8859
1.8067
1.6012
1.8373
1.5957
1.8243
1.8086
1.7995
1.5880
1.7286
1.8261
1.8712
1.9192
1.7988
1.7304
1.6960
1.6730
1.9019
1.6769
1.7954
1.9458
2.1160
2.0509
1.8741
2.1569
1.7070
1.8050
1.9125
1.7909
1.8570
1.9419
1.8347
1.7395
1.5760
1.9013
2.1579
1.9750
1.8847
1.7920
1.8102
2.0335
1.7221
1.8781
1.5937
1.6176
1.6127
1.5944
1.6525
1.7924
1.9644
1.7574
1.6616
1.6027
1.5980
1.9624
1.8960
1.8283
1.6307
1.8352
1.9209
1.9020
1.8728
1.9099
1.7124
1.8169
1.6923
1.8458
1.7667
1.6538
1.7894
1.7253
1.9017
1.6143
1.8045
1.6595
1.8064
1.6522
1.4832
1.9386
1.5815
1.7135
1.5629
1.6457
1.6475
1.6510
1.4642
1.6841
1.7579
1.9726
1.5353
1.8089
1.6479
1.7771
1.8331
1.6936
1.6199
1.4903
1.5616
1.7152
1.6300
1.5997
1.7162
1.7666
1.7729
2.0770
2.0606
1.8138
1.6161
1.5065
1.8574
1.6704
1.6642
1.7190
1.7033
1.9930
2.0027
2.0246
1.7076
2.0753
1.7232
1.5977
1.9368
2.0849
2.2919
2.2565
2.0790
1.8696
1.9123
2.0301
1.9745
1.9332
2.0441
2.0638
2.0012
1.9250
1.6806
1.7286
1.5771
1.9842
1.8654
1.9754
1.7772
1.9290
1.7080
1.9719
1.6303
1.9337
2.0511
2.0716
1.8818
1.9193
2.2324
2.3024
2.3476
2.2346
2.2182
1.9540
1.6138
2.0349
2.1710
2.1287
2.3631
2.0926
2.2630
2.0144
1.9049
2.0558
1.9920
1.9158
1.8005
2.0826
1.6206
2.1093
1.8971
1.8437
2.0644
2.0984
2.1164
1.8751
1.7590
1.8307
1.7328
1.7622
1.9527
1.6026
2.1143
1.8927
1.8888
1.7677
2.0000
1.9121
2.0117
1.6810
1.8300
2.3170
2.2164
1.9634
2.2602
2.0623
2.1496
2.1710
1.7393
1.8663
1.9988
2.0423
2.1097
1.6913
1.7127
1.8946
2.1391
2.0018
1.9729
1.8789
1.5723
1.6750
1.8984
1.4570
1.7180
2.0707
1.5195
1.7073
1.6167
1.5746
1.8080
1.6621
1.8829
1.6605
1.9195
1.7612
2.0199
1.8680
1.7557
1.9497
1.9574
2.0904
2.0268
2.0663
2.4356
2.4633
2.3029
2.3432
2.0264
2.4032
2.5238
2.1850
2.0932
1.7296
2.1272
1.9491
1.7014
1.7679
1.5254
1.6795
1.6294
1.7313
1.8074
1.8898
1.7381
1.7116
1.5887
1.7580
1.6476
1.6703
1.5940
1.5130
1.7112
1.6192
1.6841
1.7260
1.7389
1.7882
1.9650
1.6803
1.5025
1.6431
1.7744
1.6088
1.6328
1.7560
1.7094
1.7280
1.6494
1.4794
1.7746
1.6216
1.6125
1.5765
1.8624
1.8006
1.6664
1.6105
1.7222
1.8802
1.4466
1.9629
2.1096
2.1158
2.2326
2.2108
2.1872
2.1189
1.8193
1.8494
1.8709
2.4048
2.0131
2.5922
2.2176
2.4645
1.9271
2.0375
2.2998
2.2231
2.1245
2.4768
2.5000
2.2842
2.6008
2.7136
2.3552
2.6483
2.5383
2.2736
2.4113
2.3921
2.1583
2.2257
2.3216
2.2364
2.4417
2.2609
2.1455
2.1607
2.3448
2.2218
2.0165
1.8299
1.8770
1.9392
2.5547
2.2271
2.0481
2.0229
2.2152
2.3100
2.7229
2.2268
2.4257
2.0484
2.0752
1.9834
1.9856
1.8493
2.3594
2.3837
2.2043
2.2249
1.8333
1.9708
2.2606
2.4262
2.2973
1.9142
2.1664
1.9768
1.9134
1.8252
1.7445
1.6514
1.6293
1.8153
1.5751
1.9924
2.0012
1.8135
1.7172
1.8293
1.7756
1.8045
1.7741
1.6542
1.9213
1.8490
2.0607
1.7412
1.6827
1.8832
1.8207
1.8419
1.6995
1.6514
1.7144
1.5611
1.5695
1.6205
1.7012
1.4057
1.5817
1.6546
1.6965
1.3756
1.6549
1.7445
1.9125
1.7630
1.8241
1.7567
1.8270
1.6861
1.5445
1.8156
1.7153
1.8858
1.7477
1.8962
1.6511
1.5551
1.4474
1.7058
1.8690
1.6446
1.6737
1.8610
2.0390
1.6029
1.6328
1.6433
1.5233
1.6379
1.6435
1.8435
1.6371
1.7594
1.8824
1.6875
1.5676
1.3563
1.7029
1.7381
1.9140
1.7842
2.0058
2.1249
2.4431
2.0860
2.2435
2.3512
2.3211
2.3887
2.5483
2.5749
2.2167
2.1779
2.5015
2.2029
2.3364
2.0581
2.3446
2.0321
1.9891
2.1594
2.2651
2.3438
1.6923
1.6278
1.7267
1.9678
1.9514
2.2478
1.9054
1.6081
1.8424
2.1811
1.9706
2.1018
1.6191
1.9577
1.8483
1.7956
1.9423
1.7668
2.0524
1.8236
1.9496
1.8120
1.8382
1.7553
1.5442
1.4977
1.8570
1.5018
1.7618
1.6392
1.6238
1.5720
1.8230
2.2164
2.1482
1.8536
2.1990
2.3133
2.3128
2.0699
2.2538
2.0406
2.2399
1.9987
1.7963
1.6569
1.4506
1.4532
1.3093
1.6970
1.6798
1.9000
2.1758
1.9085
1.7479
1.6582
1.8848
1.7278
1.5371
1.5371
1.5497
1.5636
1.8224
1.6002
1.3124
1.4098
1.1189
1.2618
1.2028
1.2200
1.3662
1.9773
1.2174
1.6348
1.7366
1.9589
2.0347
2.1434
2.3695
1.5263
2.2170
1.8651
1.4469
1.8302
2.0203
1.9044
1.7997
1.4320
1.4889
1.4593
1.5996
1.6436
1.6466
1.6782
1.5998
1.2212
1.3632
1.4122
1.9716
1.3482
1.3540
1.6049
1.3566
1.1701
1.3018
1.2664
1.6723
1.4484
1.4738
1.5603
1.6134
1.4290
1.7680
1.9805
1.9335
2.0209
1.4020
1.1214
1.3778
1.1385
1.2417
1.5268
1.4124
1.2081
1.3916
1.6321
1.4723
1.7934
1.6016
2.1436
2.0371
2.3991
2.1106
2.1306
2.0672
1.7468
2.2612
2.2311
2.1775
2.3396
2.0591
2.4828
2.1370
1.7943
1.7849
1.6470
1.8991
1.7962
1.4660
1.7137
1.7253
1.9245
1.7324
1.6006
1.9042
1.9396
2.1295
1.9139
1.8727
1.9412
1.4159
1.7114
1.9626
1.4845
1.8111
1.9945
1.9776
2.0858
2.1927
1.9326
1.8604
2.0416
1.9211
2.1228
2.3046
2.4070
2.2568
2.4940
2.1944
2.1990
1.7068
2.0886
2.0284
2.3765
2.2702
2.0313
1.7575
1.8383
2.1404
2.4121
2.2197
2.0839
2.1796
2.3647
2.1259
2.0717
1.8713
2.2300
2.0764
1.7551
2.0763
2.8594
2.2535
1.9514
1.8653
2.1297
1.8606
2.1048
2.1370
2.0596
1.9447
2.3199
2.0127
2.0488
1.8448
1.8384
1.8663
2.1175
2.0032
2.5778
2.4273
2.2695
2.0679
1.9593
2.0929
2.3288
1.9688
2.1358
2.3659
2.3747
2.3625
2.1850
2.2380
2.0482
1.9884
1.8116
1.9963
1.9373
1.8549
1.7219
1.7628
1.9322
1.8605
2.0447
2.0396
1.9219
2.1472
2.2866
2.1080
1.7441
2.2042
2.1641
2.0792
2.0284
2.1665
1.9451
2.2961
1.9273
2.1256
2.6229
2.7312
2.4100
2.2129
1.8485
1.9735
2.1945
2.2750
2.5212
2.6042
2.3725
2.4061
2.2172
2.6777
2.0648
2.2883
2.4918
2.0159
2.4498
2.1460
2.0571
1.9672
2.3455
2.4555
2.1659
2.7982
1.9843
2.5144
2.4510
2.3952
2.3042
2.8397
2.7068
2.6426
2.3698
2.4831
2.5909
2.2847
2.6602
1.9689
2.0710
2.5567
2.4200
2.7319
2.0154
2.5188
2.3859
1.9540
2.0662
2.1975
2.2310
2.0548
1.8128
1.9684
1.6881
1.9067
1.7315
1.7592
1.6918
1.8104
1.6911
2.0633
1.6086
1.8130
1.6397
1.8798
2.0293
1.6167
2.0183
2.3286
2.3238
2.0646
2.3154
2.3268
2.2846
2.2238
2.1018
2.2208
2.0154
2.3099
2.5199
2.3654
2.2974
2.3392
2.3816
2.6203
2.0439
2.7914
2.5641
2.4865
2.6518
2.6527
2.4843
2.2939
2.5107
2.2732
2.2652
2.1774
2.3428
2.5378
2.4529
2.5882
2.0166
2.1466
1.9924
2.5227
2.5459
2.3812
2.0284
1.9601
1.5683
1.5775
1.6692
1.8212
1.4665
1.3210
1.6587
1.6677
2.2578
1.8152
1.6977
2.0540
2.5055
2.1799
2.2136
1.7526
2.0228
1.7761
2.1311
2.3834
2.0733
1.8625
2.0979
2.1580
1.7552
2.0133
2.4160
2.1342
2.4581
2.0872
2.0190
2.0712
2.0294
1.8628
1.9539
2.2496
2.1531
2.2223
1.9441
2.0272
1.9893
1.7607
1.7554
1.7286
1.6793
1.5610
1.6980
2.1327
2.0717
1.8506
2.0223
2.1597
2.1506
1.9459
2.2778
2.2368
2.0290
2.2942
1.8772
2.0619
1.8920
1.9270
2.0913
2.0520
1.9693
2.1901
2.3326
2.1466
1.9210
2.2449
2.1403
1.7009
1.8388
1.8198
2.1205
2.0731
1.9662
1.9873
2.5433
2.2115
2.6457
2.3968
2.1510
2.2720
2.0563
1.9719
1.8409
1.9093
1.8403
1.4525
1.6797
1.8300
1.8691
1.8647
1.8712
1.8002
2.2402
2.4909
2.1811
2.4645
2.5111
1.7278
1.8253
2.0711
2.0430
1.7923
1.6062
1.8478
1.6497
1.5729
1.9328
2.4955
2.2600
2.2555
2.3941
2.1048
1.7941
2.3664
2.1163
2.1192
2.1667
2.2310
2.3052
1.8231
2.2708
1.9796
1.8571
1.8347
2.2015
2.3302
2.2999
2.2586
2.1668
2.1018
1.9588
2.1166
1.7175
1.5897
2.1608
1.8293
1.7626
1.6177
1.8547
2.1140
2.1609
2.2788
1.8299
2.0824
2.2215
2.2441
2.2082
2.0977
2.2014
2.3564
2.3922
2.1032
2.2603
1.7228
2.5239
1.8262
1.8669
2.1324
2.3643
1.8502
2.2580
1.8080
1.9856
2.0773
1.9275
1.9315
1.7750
2.1754
2.0094
2.0416
1.8769
1.8436
1.6693
1.8812
2.3077
2.1224
2.1378
2.0266
1.8344
2.0736
2.0710
2.1875
1.9050
2.1456
1.8623
2.2103
2.3356
1.9120
1.9517
1.9392
1.9761
2.0613
2.3677
2.1926
1.8855
1.7106
1.9429
1.8459
2.3502
2.4268
2.3901
2.4285
2.6595
2.2397
2.1839
2.2989
2.1795
2.4229
2.2987
1.8012
2.1148
2.7242
2.7138
2.7866
2.8131
2.9122
2.5824
2.5733
2.6858
2.4799
2.2144
2.8750
2.3779
3.1316
2.7475
3.0147
2.6933
2.2316
2.2165
2.5407
2.6778
2.4880
2.3423
2.3140
2.3141
2.4809
2.8507
2.3342
2.2345
2.5866
2.8047
2.9986
2.7489
2.5497
2.3618
2.3943
2.5540
2.5476
2.7860
2.9761
2.6148
2.8552
3.0751
2.9110
2.8935
2.6277
2.9059
2.7827
2.9328
2.8785
2.9554
2.7527
2.4595
2.3104
2.4894
2.0048
2.5915
2.8888
2.3734
2.4030
2.4222
2.2762
1.9666
2.4729
2.1401
2.4682
2.5089
2.8224
2.4876
2.8524
2.6007
2.6222
2.2109
2.0515
2.2638
2.4248
2.7615
2.8592
2.7012
3.2442
2.5769
2.5042
2.1148
2.4343
2.4502
2.3384
2.6475
2.3436
2.4365
2.4753
2.1863
2.3155
2.0887
2.0496
1.9302
2.1020
1.8855
2.3070
1.9414
2.0128
2.3095
2.5995
2.8899
2.5265
2.4320
2.2939
2.0578
2.2030
2.5444
2.2301
2.2256
2.2459
2.2362
2.0759
1.9751
1.7768
1.9659
2.0999
1.7485
2.1661
2.1501
2.5613
2.0897
1.9516
2.0126
2.0350
2.3064
2.4569
1.9375
2.1186
1.8279
2.1789
2.3395
1.8169
2.0550
2.1423
2.2815
2.5480
2.1860
2.2673
1.8643
2.0319
1.9866
1.8631
2.1936
1.9339
2.2467
2.0470
2.5924
2.2166
1.9959
1.8494
2.4543
2.1562
2.6594
2.4287
2.6363
2.0369
2.0034
2.2413
2.2042
1.5609
1.8487
2.2625
1.8412
2.0802
1.8493
2.1577
2.2652
2.4073
2.3908
2.0162
2.1903
2.0479
2.4766
2.9469
1.8021
2.2059
2.0959
2.3591
2.2703
2.1153
2.3287
2.0297
2.1041
2.4078
2.2546
2.3684
2.3605
2.3715
2.3590
2.0638
2.0917
2.1667
2.2932
2.3116
2.2220
2.3368
2.1867
2.2627
2.7699
2.7215
3.0558
2.3859
2.6192
2.5305
2.2420
2.1494
2.0722
2.0500
2.0449
1.9708
2.3415
2.0377
2.1443
2.0646
2.3758
2.3009
2.4271
2.6632
2.4068
2.5873
2.4319
2.2910
2.4634
2.6811
2.4753
2.2943
2.3013
2.0252
2.1759
2.4530
2.4490
2.2858
2.5061
1.9801
2.3814
2.6500
2.3606
2.5158
2.7613
2.8827
2.3565
2.4587
2.6896
2.2715
2.3401
2.1434
2.3532
2.7378
2.3832
2.1088
2.3832
1.9738
2.3857
2.1510
2.4629
1.6161
2.2067
1.8543
2.1706
2.7613
2.3714
2.1319
2.3352
2.6051
2.4954
2.3526
2.2741
2.1766
2.3486
2.0680
2.2227
2.1344
2.3633
2.2860
2.2809
1.9162
1.8571
2.0273
2.0445
2.6815
2.3967
2.8564
2.9295
2.5425
2.6407
2.2214
2.1877
1.9234
2.5760
2.4818
2.2583
2.4103
2.6075
2.7017
2.3544
2.1184
2.3608
1.8265
1.8017
1.8946
1.9450
1.9095
1.9974
1.4476
2.0393
1.8398
1.7695
1.9494
2.2872
2.8934
2.0492
2.5823
2.3424
2.4050
2.7711
2.1154
2.8759
2.3506
2.1499
2.9901
2.5239
2.1737
2.3367
2.8900
2.4750
2.8612
2.6957
2.7581
2.4790
2.7299
2.9646
2.8532
2.5581
2.8339
2.6993
3.5217
3.1231
2.6806
3.3430
2.5700
2.6588
3.3337
2.8780
3.1325
3.2056
2.6550
2.7974
3.2514
3.3341
2.9595
2.9263
2.5883
2.3380
2.3155
2.6189
2.5505
2.4355
2.7012
2.9025
2.7630
2.6116
3.0554
2.9647
2.9011
2.5067
2.6118
2.7005
3.0602
2.7385
3.2511
3.3735
2.9528
3.1938
3.6669
3.0080
3.6962
3.6087
2.9915
2.8014
3.1705
3.2936
3.1252
2.8293
2.4053
3.0462
3.3384
2.8650
3.1591
2.9937
3.2357
3.4728
3.0101
3.0741
3.4536
3.3647
3.0824
2.4592
2.7530
2.6628
2.9129
3.2213
3.1794
2.7896
3.1292
2.7070
3.0438
2.7183
2.5261
3.2619
3.1776
2.8524
2.8972
2.7024
2.7131
3.2975
2.9145
3.0585
3.0564
2.8643
2.9849
2.5574
2.6757
2.7248
2.9360
2.9205
2.9863
3.1855
3.2627
3.1047
3.0422
3.0477
3.3236
3.2376
3.3514
3.3313
2.5261
2.8099
2.9242
2.8659
2.6514
2.4495
2.8001
2.8768
2.7945
2.6997
2.6588
2.6812
2.5877
3.0075
3.0091
2.9776
2.5460
2.4384
2.8134
2.4825
2.7208
2.8826
2.9069
2.9450
2.8566
2.6248
2.8192
2.7387
2.7253
2.7938
2.5006
2.6783
2.7145
2.3888
2.4372
2.7270
2.6251
2.9224
2.7917
2.7574
3.0212
2.8144
3.1416
2.9125
2.8079
2.5052
2.6319
2.9841
3.1113
2.8397
2.8931
3.2706
2.8055
2.7833
2.7232
2.8000
2.8597
2.9983
2.7786
2.6962
2.9736
2.8771
2.8774
2.8664
3.0000
2.8349
2.7318
3.2550
3.2380
2.8234
2.4673
2.8429
3.0392
2.7593
2.7754
2.4222
2.7211
2.0463
2.6838
2.6131
2.8912
2.7831
2.6304
2.6706
2.7093
2.9523
3.0043
3.3354
3.3835
2.7794
3.4108
2.8019
3.0523
2.9046
2.5307
3.1676
2.8467
2.3844
2.7856
2.6959
2.9848
2.5535
2.7131
2.8315
2.8425
2.3586
2.4911
2.8746
2.9943
2.9764
2.6492
2.7434
2.8367
2.5900
2.5844
2.6347
2.4634
3.1615
3.3808
3.2323
2.9697
2.6133
2.7231
2.8314
2.4481
3.0232
2.5644
2.7035
3.2076
3.1629
2.7270
2.9742
2.8454
3.2753
3.1625
2.6039
3.2165
2.5445
2.6818
2.6581
2.5773
2.4096
2.5367
2.6963
2.8530
2.6995
2.5977
2.4841
3.0033
2.8089
2.8797
2.8393
2.9324
3.0965
3.0095
2.9309
2.5229
3.0513
2.3539
2.5046
2.3586
2.9145
2.6635
2.9677
2.7952
2.3666
2.0355
2.4914
2.2795
2.5288
3.4323
2.7221
3.0479
3.0948
2.6054
2.6962
2.3792
2.4098
2.7743
2.8464
2.9221
2.7678
2.3227
2.8999
2.7876
2.4219
2.3891
2.7104
2.2839
2.3012
2.3896
3.0501
2.6703
2.7256
2.7263
3.0738
2.7451
2.2609
2.6391
2.2738
2.6750
2.5325
2.3915
2.2058
2.3328
2.3955
2.0115
2.0398
2.1485
2.0619
2.4090
2.0998
1.8702
1.9679
1.9902
2.2169
2.4921
2.0323
2.1913
2.7457
2.3156
2.3887
2.3209
2.5682
2.3614
2.8071
2.6276
2.1692
2.6430
2.2520
2.1805
2.1871
2.6684
2.8128
2.9198
2.6996
2.8920
2.4090
2.4140
2.7524
2.8135
2.7583
2.8465
2.9893
2.5162
2.8776
2.7906
2.7764
3.1706
2.9055
2.5343
2.5926
2.3945
2.2575
2.6196
3.0415
2.4858
2.2320
2.7914
2.6186
2.6297
2.5656
2.5907
2.3457
2.9709
2.7402
2.8289
2.6631
2.7602
2.6151
2.7616
2.7620
2.7681
2.9525
2.6679
2.8789
2.6647
3.0409
2.4159
2.9695
2.8825
2.6628
2.4546
2.3149
2.2444
1.9961
2.4136
2.2945
2.4014
2.8966
2.8497
2.8981
2.9918
3.1965
2.8679
2.6868
2.7235
2.7335
2.3358
2.5840
2.3153
2.2823
2.5033
2.4014
2.8441
3.0854
2.9840
2.9151
3.0888
2.5800
2.8264
2.9769
2.9416
2.9409
2.9812
3.1999
2.5239
3.0415
3.2217
2.7689
2.4767
2.4338
2.5311
2.5119
2.5830
2.4144
2.2422
2.1771
2.1524
2.2288
2.6551
2.2742
2.2579
2.8641
2.4416
2.3538
2.5455
2.7579
2.8606
2.9123
2.8210
3.0172
2.7253
2.6486
2.9430
2.2826
3.0921
2.8295
2.3913
2.6059
2.9492
3.0870
3.1850
2.7416
2.7953
3.0273
2.7999
2.6750
2.7252
2.7750
2.7884
2.7502
2.7041
2.4227
2.4766
2.4990
2.8502
2.8308
2.5900
2.8271
2.5595
2.6748
2.7013
2.3321
2.5181
2.6418
2.6209
1.8387
2.5069
2.8187
2.9747
2.7633
2.5758
2.2724
2.6870
2.5942
2.5280
2.3347
2.8825
2.3398
2.5401
2.6121
2.8054
2.2934
2.3258
2.5706
2.5242
2.3047
2.4360
2.6325
2.2907
2.6096
2.9623
2.8657
2.5437
2.5990
2.8392
2.4555
2.3384
2.1906
2.7623
2.8458
2.6351
2.6273
2.5145
2.3618
2.4236
2.5012
2.6476
2.4224
2.9138
2.5995
2.8222
2.8104
2.5363
2.7411
2.4342
3.0659
3.0359
3.0733
2.9269
2.7588
2.5516
2.5509
2.8500
3.5329
3.4997
3.2937
2.9645
3.0269
3.0536
3.0182
2.8274
3.0027
2.9683
2.8582
3.1368
3.0205
2.8555
3.1616
2.9874
3.2343
3.5968
2.9917
3.1000
3.1526
3.2425
2.7414
2.9704
3.3540
3.5114
3.3750
2.9327
2.7407
3.0372
3.3383
2.9303
3.2463
3.4424
3.7303
3.6107
3.3864
3.0419
3.0825
2.7270
3.1460
2.8991
2.5433
2.5934
2.8572
2.9481
2.5621
2.7554
2.4099
2.5805
3.1169
2.7141
2.6570
3.2418
2.7675
2.9421
3.1534
3.0309
3.1985
3.3775
3.3640
3.4056
3.1903
2.8237
2.9346
3.4216
2.7699
2.8973
2.9277
2.4143
2.8114
2.9411
2.8282
2.9113
3.1788
3.1894
3.3294
3.1240
2.8035
3.1612
2.7946
3.0688
2.9712
3.2235
3.2243
3.0718
3.1800
2.8922
2.6284
2.6383
2.2603
2.8888
2.8642
2.4696
3.1746
3.0943
2.9626
2.6828
2.9085
2.7167
2.3885
3.0032
2.4315
2.8407
2.9993
2.6986
2.6123
2.8152
2.8136
2.9388
2.6178
2.9494
3.0992
3.2118
3.0741
3.0910
3.5619
3.1348
3.4278
3.2276
2.9542
3.2812
3.6130
3.4145
3.6848
3.5842
3.3873
3.4504
3.3016
3.0283
3.0042
2.7728
3.0225
2.9862
3.1089
2.5154
2.9156
2.9094
2.8244
3.2563
3.1418
2.8068
2.4066
3.2253
3.0246
3.1979
2.9705
3.1267
3.2365
3.1159
3.3450
3.3024
3.3360
2.9730
2.8147
2.6792
2.8930
2.9474
2.9097
2.9190
2.5280
3.0415
2.9418
2.8022
2.3823
2.8061
2.6387
2.6197
2.5355
2.3185
2.5365
2.6543
2.9029
2.9412
2.7802
2.6723
2.6183
3.0012
2.5592
2.5758
3.1459
2.6289
2.8956
3.0179
2.6482
2.6751
3.1260
2.9108
2.7649
2.8224
2.6819
2.5016
2.9497
2.9117
2.9578
3.0731
2.7022
2.9987
3.0818
2.8541
2.7734
3.0132
2.9894
2.9549
2.8657
3.0202
2.9978
2.6538
3.1546
3.1836
2.7298
2.7423
3.0949
3.3834
3.1252
3.2480
2.7180
2.7886
2.9942
2.5910
2.5677
2.7602
2.8913
3.2359
2.6995
2.5298
2.5925
2.7109
2.5985
2.4167
2.4045
2.2379
2.5786
2.7762
2.7197
2.6660
2.3582
2.7361
2.2750
2.7640
2.6541
2.5187
2.4180
2.4256
2.5207
2.4379
2.0594
2.0588
2.2025
2.3561
2.2004
2.2029
2.3301
2.3635
2.8317
2.3221
2.2425
2.3137
2.2239
2.2849
1.8177
2.1257
2.3868
2.4252
2.6702
2.5367
2.3723
2.5854
2.0741
2.4911
2.4989
2.6332
2.5468
2.2872
2.5750
2.1406
2.3228
2.3466
2.5950
2.6031
2.5469
2.2597
2.1417
2.5888
3.0351
3.1479
2.6956
2.7215
2.5393
2.6050
2.5397
2.4610
2.2875
2.5666
2.4176
2.4160
2.8659
2.9212
2.8219
2.8937
2.9433
2.9892
2.7417
2.7427
3.0145
3.0922
2.9408
2.9878
3.3722
2.6790
3.4411
3.2992
3.0663
3.1286
3.0855
2.3314
2.7685
2.2811
2.4775
2.2094
2.1621
2.2959
2.3659
2.3809
2.2065
2.2706
2.4425
2.4452
2.4419
2.5432
2.1840
2.4381
2.1198
2.3771
2.2164
2.2332
2.8037
2.7381
2.6237
2.6640
2.9170
2.7055
2.7134
2.8555
2.6249
2.7147
2.6098
2.2612
2.1418
2.1911
2.5441
2.8078
2.4989
2.4290
2.2420
2.5567
2.2500
2.2745
2.1710
2.1689
2.4018
2.3241
2.4671
2.7329
2.8562
2.6130
2.9634
2.4368
2.4663
2.3820
2.6606
2.3722
2.5976
2.5509
2.5615
2.3410
2.6019
2.6519
2.3880
2.4231
2.2627
2.4939
2.2463
2.4528
2.1283
2.3734
2.4123
2.5269
2.6313
2.2117
2.6267
2.6619
2.3425
2.4934
2.2434
2.2289
2.2413
2.8037
2.9512
2.8682
2.3266
2.8176
2.4301
2.4052
2.8335
2.7162
2.6770
2.7688
2.2905
1.8689
2.7019
2.5993
2.7503
2.9237
2.7045
2.7091
2.6772
2.5522
2.5624
2.9083
2.5920
2.6701
2.3132
2.1682
2.5718
2.3393
2.3734
2.2681
2.5073
2.8592
2.3042
2.4797
2.6181
2.3656
2.5089
2.5171
2.5641
2.7816
3.1223
3.1053
2.7471
2.7597
2.0067
2.3768
1.9954
2.5047
2.4099
2.6552
3.3528
2.7823
2.9268
3.1884
3.2496
2.7149
2.8270
2.5999
2.5732
2.6742
2.7427
2.6453
2.8471
2.3311
2.4202
2.6088
2.5969
2.5490
2.4054
2.2305
2.1363
2.2890
2.4132
2.4667
2.5189
2.3624
2.5928
2.6288
2.7751
2.4227
2.3267
2.6077
2.2573
2.1759
2.1824
2.2485
2.4202
2.2750
2.6671
2.7633
2.3912
2.4503
2.7116
2.8378
2.7893
2.7008
2.8840
2.8742
2.5301
2.6858
2.8369
2.8632
2.6911
2.5757
2.4614
2.7299
2.4910
2.4494
2.8428
2.8540
2.5004
2.6642
2.3217
2.5041
2.3925
2.2014
2.7227
2.3306
2.7546
2.7537
2.6902
2.2984
2.1949
2.7810
2.3890
2.3867
2.4676
2.7198
2.5493
2.5240
2.5184
2.9365
2.3567
2.5361
2.4851
2.5128
2.1301
2.3902
2.6228
2.9861
2.9266
2.8888
2.7588
2.7838
2.4785
2.8617
3.2412
3.0219
3.1527
2.8858
3.1092
3.0387
2.9910
3.2934
2.9171
3.0248
2.7327
3.1030
2.8546
2.8112
2.7208
2.6660
2.7837
2.6104
2.6402
2.3459
2.5422
2.7234
2.6179
2.4867
2.5724
2.5754
2.5011
2.5200
2.2817
2.2802
2.2610
2.6752
2.3497
2.5154
2.4699
2.2449
2.1581
2.2416
2.2326
2.7353
2.7980
2.7170
2.3519
2.4333
2.6212
2.5068
2.3795
2.4554
1.8689
2.7005
2.2270
2.3130
2.2574
2.3205
1.9963
2.2842
2.1358
2.3140
2.4297
2.4896
2.8396
2.7492
2.4788
2.3117
2.3676
2.2489
2.2105
2.1353
2.4853
2.5189
2.2484
2.8333
2.7303
2.6359
2.2595
2.5996
2.0722
2.0426
1.5886
2.1595
2.2230
1.8056
1.8202
2.4650
2.1312
1.7988
2.1123
2.0334
2.2945
2.3596
2.1618
2.2659
2.4852
2.5817
2.3225
1.9645
2.4472
2.4994
2.7150
2.2285
2.5460
2.2780
2.6153
2.1699
2.1017
2.3406
2.2096
2.4300
2.6701
2.3453
2.3594
2.2402
2.2928
2.2601
2.2717
2.2893
1.9558
2.3712
2.3415
2.3215
2.7498
2.6702
2.3009
2.4070
2.2402
2.1432
2.2629
1.9413
2.3889
2.3171
2.5464
2.1581
2.6033
2.1870
2.0310
2.3273
2.1672
2.3944
2.7488
2.1874
2.4088
2.6121
2.6085
2.6456
2.5613
2.5565
2.4695
2.9436
2.8909
2.5291
2.7851
2.9160
2.8653
2.9809
3.0687
2.7287
2.9977
3.0065
3.0089
3.1604
2.7857
2.7036
3.4650
3.2341
3.4327
2.8133
2.8758
2.5797
2.6200
2.6130
3.1234
2.5207
3.1152
2.5202
2.8552
2.5230
2.2627
2.2558
2.3788
2.2287
2.6058
2.6652
2.4809
2.4683
3.0026
2.4558
2.3612
2.8353
2.9150
2.8496
2.1959
2.4370
2.4994
2.6458
2.6796
2.7316
2.7031
2.6436
2.9864
3.1512
2.9600
2.5106
2.1132
2.4161
2.3033
2.8528
2.5452
2.4775
2.8856
2.7817
2.4012
2.8987
2.4965
2.4675
2.6619
2.4550
2.8501
2.5501
2.6496
2.7922
2.3945
2.4017
2.6021
2.5559
2.4797
2.6567
2.5203
2.2064
2.3845
2.7748
2.7306
2.3597
2.2612
2.3783
2.2573
2.4935
2.4877
2.4725
2.4089
2.6940
2.9698
2.7711
2.6928
2.8129
3.0492
2.3449
2.9172
2.4539
2.6879
2.8937
2.7267
3.1654
3.1269
2.9758
2.5795
2.1375
2.7536
2.2629
2.1296
2.5058
2.3546
2.3762
2.4188
2.3892
2.3674
2.6795
2.6626
2.5658
2.7028
2.6754
2.9917
2.4900
2.4279
2.5181
2.4601
2.6206
2.5342
2.7383
2.6757
2.7298
2.9984
2.9344
2.8549
2.4070
2.4066
2.2850
2.1719
2.2532
2.4928
2.6055
2.8359
2.4733
2.4975
2.5483
3.2535
2.8478
3.0394
2.5322
2.5140
2.6339
2.6151
2.7102
2.6246
2.4690
2.5477
2.5605
2.7468
2.2378
2.4533
2.2996
2.4616
2.5743
2.5239
2.6111
2.4849
2.5700
2.3174
2.2237
2.2587
2.4741
2.3569
2.2986
2.3050
2.4859
2.9145
2.5303
2.6795
2.5443
2.5756
2.9407
2.4751
2.6716
2.9565
2.8644
2.7555
2.7508
2.2659
2.5544
2.5749
2.7039
3.0173
2.7288
2.9545
2.7376
2.8023
2.7463
2.4512
2.4918
2.6642
2.5452
2.3836
2.4964
2.5005
2.2122
2.3131
2.4992
2.5139
2.8875
2.6073
2.6669
2.5723
2.6794
2.6993
2.7226
2.6087
2.2221
2.5787
2.6423
2.4926
2.6056
2.6477
2.6664
2.3457
2.1733
2.6529
2.7910
2.6575
2.5207
2.5574
2.4037
2.5606
2.6477
2.5119
2.5532
2.4537
2.7344
2.6795
2.6713
2.7307
2.3906
3.2661
2.9342
2.6561
2.3766
2.5071
2.7196
2.6612
2.3907
2.5241
2.8372
2.4024
2.5073
2.4021
2.4498
2.3839
2.2526
2.5124
2.3039
2.2362
2.6283
2.4380
2.5042
2.7264
2.4682
2.5871
2.4038
2.4049
2.3611
2.7833
2.9346
2.8313
2.7689
2.5419
2.8594
2.6084
2.2477
2.6056
2.6802
2.6539
2.5534
2.3774
2.9052
3.0205
2.7744
2.7428
3.1710
3.1812
2.7049
2.7994
2.7189
2.9133
3.0466
2.4059
2.8676
2.2330
2.6258
2.8707
2.5648
2.6479
2.6144
2.7531
2.8677
2.3974
2.5489
2.7534
2.8898
2.8894
2.9991
2.4040
2.7250
2.9327
2.8199
2.6904
2.4917
2.8967
2.6249
2.6931
3.3586
2.9353
3.0339
2.6836
3.0696
3.0209
2.6559
2.6692
2.5322
2.4980
2.8338
3.2512
2.7659
2.9078
2.7745
2.8346
3.1315
3.0022
2.7282
2.8671
3.2612
3.0124
3.0543
2.8885
2.5590
2.9020
2.9572
2.9907
2.6345
2.7905
2.4152
2.7568
2.7692
2.7667
2.7081
2.6334
2.7199
2.9518
2.3599
2.3526
2.5728
3.2393
3.1665
3.4818
3.1603
3.2490
2.8034
3.4712
3.0706
2.9685
2.8731
3.2019
3.2655
3.0748
2.3144
2.3685
2.5580
2.5614
2.3899
2.6026
2.5304
2.7514
2.2876
2.4266
2.4774
2.5290
2.2249
2.1844
2.3360
2.4365
2.3965
3.1320
2.8649
2.6836
2.3980
2.8201
2.5435
2.4325
2.6135
2.5658
2.6970
2.7321
2.9876
2.4927
2.3141
2.4727
2.6281
2.5966
2.7679
2.7260
2.2632
2.7648
2.3701
2.2788
2.2741
2.5214
2.3825
2.6690
2.4646
2.6758
3.0093
2.5337
3.0156
3.0228
2.4837
2.5572
2.4649
2.4089
2.5658
2.7192
2.6562
2.5573
2.8370
2.9399
2.8117
2.5075
2.5478
2.3247
2.2230
2.2411
2.5482
2.1288
2.7327
2.6549
2.4835
2.4985
2.2490
2.1240
2.1110
2.5534
2.2954
2.5322
2.8505
2.3847
2.4072
2.4695
2.0583
1.9653
2.4200
1.8945
2.2326
2.3889
2.0825
2.6055
2.7245
2.4944
2.5886
2.8784
2.8039
2.9010
2.5639
2.6546
2.8576
3.1992
3.2693
3.4140
2.8818
2.5615
2.8958
2.7803
2.2953
2.2776
2.3030
2.4953
2.2652
2.2564
2.4449
2.2511
2.5245
2.2765
2.8144
2.5352
2.5545
2.0716
2.6694
2.6593
2.8692
2.4195
2.1822
2.3085
2.0759
2.5380
2.3415
2.5416
2.6426
2.6897
2.6888
3.1705
2.7279
2.5499
2.5886
2.5841
2.8566
2.6197
2.5840
2.0442
2.0961
2.2203
2.4806
2.1654
2.4469
2.5590
2.7937
2.2723
2.2002
2.9380
2.9899
2.5017
2.6702
2.6843
2.4382
3.1193
2.9567
2.6688
2.6491
2.8310
3.0247
3.0857
2.4860
2.2842
2.6363
3.4442
3.0797
2.9795
2.8129
2.6519
2.5040
2.3863
2.4088
2.3877
2.4456
2.3408
2.3959
2.3032
2.3252
1.8828
2.3370
2.6221
2.5471
2.0212
2.4805
2.9129
2.7823
3.0654
2.6668
2.4850
3.0660
2.8037
3.3331
3.0445
2.9595
2.5505
3.0716
2.8888
2.4492
2.4001
2.4668
2.7394
2.3561
2.3772
2.4647
2.4541
2.8710
3.0099
3.1533
2.4243
2.2852
2.9858
2.6777
2.2940
2.2510
2.3047
2.2286
2.4719
2.9516
2.6245
2.9676
2.7760
2.9689
3.3791
2.9812
2.8582
2.5807
2.4835
2.8148
2.9357
2.6439
2.4657
2.3669
2.5753
2.5308
2.4108
2.1938
2.3698
2.6988
2.5716
2.4775
2.5690
2.2623
2.9415
3.0577
2.9598
2.8398
2.9840
3.0414
2.9846
2.5667
3.0334
3.1571
2.3522
2.8775
3.0808
2.5835
3.0819
2.9529
2.7551
2.9461
2.9668
2.3169
2.0796
2.1665
2.4274
2.8788
2.7392
2.4442
2.6617
2.4509
2.0810
2.4891
2.8511
2.7039
2.8159
2.6253
2.6814
2.8739
2.8915
2.8188
3.0511
2.5395
2.6855
3.0633
3.6209
3.0468
3.0182
2.5961
2.8385
2.6677
2.3762
1.9394
2.9190
2.4130
2.3614
2.4532
2.4862
2.3319
2.3866
2.4328
2.6752
2.6825
3.0952
2.9413
2.9684
3.0645
3.0167
3.1242
2.9214
2.5653
3.2125
2.7864
2.7543
2.9405
2.4761
2.7795
2.6993
3.1425
2.5036
2.5759
2.3685
2.3338
2.4763
3.0902
2.8768
3.1872
2.7267
2.3796
2.9321
2.7131
2.8907
3.1271
2.8468
2.8481
2.3832
2.9105
2.9068
2.7723
2.4180
2.3348
3.0085
2.7011
2.3770
2.5961
2.2851
2.4077
2.7622
2.7409
2.5750
2.2922
2.9782
2.8294
2.5514
2.6656
2.6966
2.5866
2.6164
2.3319
2.9585
2.6181
3.0905
2.5305
2.9800
3.0092
2.5794
2.5066
3.1577
2.8801
2.4541
2.7554
3.1608
2.8802
3.0990
2.9921
3.0450
3.3948
2.9545
2.5179
3.0134
2.9202
2.8899
2.1082
2.1849
2.4250
2.2760
2.4168
2.2998
2.1317
2.8087
2.8813
2.8054
2.8601
2.6158
2.5363
3.1660
2.4971
2.6438
3.3105
2.8770
2.9788
2.9818
2.9429
2.5138
2.7720
2.8273
3.0005
2.8823
2.2113
2.5220
2.5201
2.9533
2.7174
2.6963
2.2209
2.2109
1.7257
2.1831
2.4244
2.4929
2.4704
2.2682
2.7036
2.6872
3.0448
2.8246
2.9237
2.7351
2.4930
3.0331
2.4127
3.0517
3.0700
2.6844
2.7601
3.1537
2.8153
2.7687
2.5310
2.5731
2.8642
2.2390
2.0731
2.8056
2.5638
2.6785
2.5835
2.3171
1.9952
2.7513
2.6479
2.8391
3.1863
2.9032
2.9491
2.8726
2.6619
2.9005
2.9734
2.9594
2.7312
2.8918
2.7165
3.0112
2.8331
3.0641
2.8549
2.8419
3.3310
3.2366
3.0884
3.2900
2.9600
3.2089
2.9323
2.8390
3.1863
3.2133
2.9319
3.0032
2.8188
2.9922
2.7913
2.9961
3.1730
3.1695
3.1203
3.9926
3.4156
3.0913
3.2944
2.6518
3.0724
3.1280
3.4892
3.2092
3.2707
4.0654
3.6744
3.5547
3.1342
3.2330
3.2644
3.5895
3.4156
3.9439
3.5214
3.5669
3.3852
3.2141
3.1778
3.4329
3.3495
3.4054
3.4672
3.2514
3.4924
3.5099
3.5881
3.2438
3.1307
3.2623
3.4795
2.9357
3.4101
2.9629
3.2492
2.9777
3.5214
3.1341
3.5308
3.5810
3.2622
3.3337
3.5027
3.3737
3.2025
3.0103
2.8444
3.0237
3.1506
2.7051
2.9928
3.0967
2.7922
3.3711
3.2253
3.1033
2.6974
2.7758
2.7187
3.1397
2.6077
2.8937
2.9859
2.9976
2.8682
2.8873
2.7756
3.2648
2.8083
3.2857
2.5484
3.4297
3.1299
3.0801
2.9054
3.0095
3.0235
3.1892
3.3842
3.2881
3.3578
2.6694
2.7543
3.0174
3.5474
3.2040
3.4936
2.9481
2.9133
2.6692
2.9640
2.6918
3.2405
2.7784
2.9214
3.1974
3.0075
3.0404
2.9467
3.3630
2.9618
3.1412
3.2996
3.1758
3.3625
3.5911
3.2614
2.8578
3.7921
3.8839
3.5413
2.9546
2.8544
3.0727
3.4161
2.7158
2.7895
2.4851
2.9104
2.5996
2.8970
2.7963
2.7007
2.7522
2.8288
2.6574
2.5395
3.0358
2.5242
3.1331
2.8039
2.3178
2.9198
2.6229
2.2911
2.5411
2.5820
2.3217
2.3543
2.3057
2.5621
2.2862
2.6923
2.5228
2.8795
2.6839
2.5616
2.5859
2.6464
2.5691
2.6509
3.1060
2.8969
2.9329
2.8065
2.6392
2.6168
2.6417
2.3048
2.2758
2.5856
2.4952
2.7195
2.6642
2.8005
2.9249
2.9783
2.7713
2.7700
3.1538
3.1600
2.9148
2.8366
3.0620
3.0819
2.8349
2.9332
2.8469
3.0551
2.7721
2.6383
2.5733
2.4190
2.8364
2.3381
3.0057
2.5298
2.4313
2.4944
2.6997
2.4898
2.8527
2.6743
2.7149
2.9028
2.6736
3.4266
2.8752
2.8204
2.1922
2.5557
2.6009
2.7896
2.8210
3.2498
3.0219
2.8100
2.6206
