87.8199
89.5258
88.8504
89.7696
90.3343
90.1555
88.4360
89.8934
90.6121
91.2811
90.2648
90.9622
91.2874
90.4547
90.2762
90.7390
91.0347
89.5210
89.2897
88.4378
89.7214
91.4784
90.3470
90.2163
89.0142
90.6015
89.5697
89.0723
90.7067
91.0735
89.3810
88.8671
89.6692
89.9012
88.2285
88.6429
90.0806
92.9200
91.6635
91.2763
92.4251
92.6553
92.4212
93.1177
92.7251
91.1800
90.6102
90.5804
89.8809
90.1965
89.8637
88.0341
89.1838
87.4705
88.7217
87.6528
89.1822
88.5291
88.1012
89.8954
88.1396
89.6051
89.8663
87.8893
86.0566
85.4742
86.1106
86.1404
86.2565
87.9533
86.7681
87.5679
87.5499
88.2486
89.3518
89.6502
89.0492
89.7985
90.0198
89.1311
89.9610
87.7425
86.5713
87.3251
86.2682
87.2929
86.3137
86.3201
87.0579
87.3798
85.7628
84.4729
85.5173
84.4084
85.7082
85.8304
87.7462
88.4563
87.4351
88.1979
87.5112
88.8503
89.9684
89.0672
87.5456
87.6215
88.5311
89.5279
88.4384
86.9938
89.0578
89.3323
90.0837
88.5309
88.9600
89.0341
88.4766
89.7854
87.6997
87.3467
88.1493
86.7030
85.7772
86.2245
85.1591
85.5646
84.1600
84.7425
83.5797
83.1142
82.7944
82.7459
83.2558
84.3857
83.0562
83.8914
84.1292
83.4729
84.3754
84.0129
84.2230
83.0398
84.1015
84.0411
82.8331
82.4902
81.7701
81.8913
82.3435
81.7754
84.1026
83.6004
84.4910
83.9440
84.4734
83.8857
86.3464
84.9896
86.4686
85.9004
85.0093
85.6378
82.5560
83.9269
85.9643
84.7845
83.6388
84.6192
86.3629
83.3856
83.3190
83.4385
81.4193
82.7984
82.0616
79.8305
81.5575
81.7973
81.6372
81.9268
82.5583
82.2066
85.0035
82.7211
82.5770
83.3027
84.3897
84.8320
84.8666
86.0924
85.0071
85.2427
85.3588
85.0888
85.4470
85.2473
85.9241
86.3602
87.8674
87.0903
86.9218
84.9580
88.5430
87.9299
89.2512
87.6510
84.7593
86.4731
88.7165
87.7864
88.9185
88.8791
90.4285
89.0669
88.9925
88.8757
89.2273
89.3121
90.5044
89.5455
87.9186
89.0376
90.1063
87.1899
87.1016
88.2976
84.8080
85.1835
86.7615
88.4019
87.9506
86.1671
86.0015
84.3164
82.7114
83.6699
83.9455
84.3322
82.9524
82.7596
84.6997
84.1286
87.1530
86.1059
85.6111
84.4142
85.5436
85.5640
85.0989
83.8905
84.5240
83.8958
85.1492
82.8620
82.9093
82.7059
81.5272
81.9774
81.7053
81.7878
81.5332
82.0964
82.0301
80.3914
82.2373
84.2078
81.7802
83.1216
82.7643
83.4104
83.4976
83.1716
84.2721
85.0646
85.4459
85.7644
83.2563
83.1756
85.8565
84.1073
83.8082
84.0770
83.5596
84.3228
85.4072
86.6450
85.3995
86.1710
86.7221
88.8641
88.1958
88.5370
88.3715
88.3110
87.3165
87.9864
87.6352
88.3381
87.2340
86.4235
85.4687
85.1825
86.4166
87.6512
86.8913
87.7212
85.8103
84.5992
85.6826
84.2878
86.1468
84.5317
84.0909
83.4488
82.5257
83.1152
85.1633
84.6307
86.9485
86.3461
86.2310
86.0420
85.4870
83.6876
84.9163
84.9262
85.9520
87.1564
88.2739
88.9897
87.7168
87.4607
87.8735
88.7772
88.4380
88.3031
86.4666
86.4906
86.5398
88.8716
88.2908
88.7750
88.1137
89.6250
88.4054
88.3705
88.1139
88.8011
89.8540
89.2261
89.9300
88.7099
88.8870
89.7916
91.2859
88.5952
87.6551
87.6883
90.3318
88.5672
86.9687
88.8250
87.2554
86.8219
88.2197
88.5878
89.6990
90.2224
90.2922
90.3623
89.2273
89.8462
87.9343
89.2139
89.7097
90.6114
88.9764
88.6534
88.2017
89.0076
88.6784
89.1916
87.7285
87.9985
87.9215
86.2193
87.9723
88.1480
88.9768
88.4116
89.7956
89.3771
89.1787
89.4810
90.3826
90.1444
89.1650
88.0064
89.5364
87.8738
88.0869
88.6829
88.5526
88.1578
87.6581
89.0965
88.5962
89.3067
87.6491
86.9581
86.9471
85.7841
85.7685
85.0514
84.3510
85.4584
86.4062
85.9089
85.5411
87.4577
85.9721
89.2414
87.9726
88.2660
87.4290
89.3659
88.7692
90.0227
88.4950
89.1860
89.9693
86.6122
87.4130
87.4424
87.8092
86.1970
86.5063
86.2095
85.1351
85.3508
85.9591
86.1050
86.5032
87.7407
87.4880
88.5884
87.2045
88.8883
88.2335
89.4077
89.9680
89.9419
91.5704
89.2480
88.6944
89.2987
89.1971
89.0478
89.4831
89.3071
89.2649
86.2338
88.4967
89.5811
87.7006
88.2930
87.8257
88.5953
88.5855
90.3293
90.0403
88.5512
89.1217
88.6988
88.0469
91.4343
90.2609
90.8785
91.2025
91.8119
93.0311
93.0245
92.6801
94.0609
94.2326
92.8780
93.8103
92.4853
90.9841
92.5387
93.0821
93.1212
93.4354
94.4955
92.5843
93.8678
93.9441
93.1104
92.2766
93.8290
93.6498
94.3575
94.6121
92.1903
89.8213
90.5788
90.6531
91.1442
92.2688
90.7707
90.3758
90.0097
89.2441
89.7209
88.6606
88.9426
88.1685
88.2084
88.7175
88.0979
88.6259
88.4127
89.2551
88.0685
87.6765
88.4494
88.4589
88.9515
89.7839
90.2514
88.9352
89.3297
88.0916
89.4453
89.6756
90.8075
93.0771
91.4157
92.2354
92.6288
91.2702
90.7256
90.9554
89.2902
91.0492
90.9835
92.6906
93.4283
93.6265
93.4495
93.6147
92.3020
93.5239
93.8283
93.9003
92.5723
92.4002
93.2142
93.7365
94.6388
95.3555
97.3946
95.6418
93.4452
93.5219
93.0802
92.5790
93.4308
93.0566
93.0318
91.0430
92.7849
92.0408
90.0194
92.5896
93.4862
92.8133
92.3402
92.3726
92.5010
92.0609
90.8777
90.2978
90.0225
88.1972
90.5097
91.4928
92.9595
92.9142
89.9909
87.9092
91.2516
90.9853
90.9574
89.8453
89.0202
88.9271
89.4007
90.5807
89.7320
89.3724
89.4206
90.1244
89.9894
91.6511
92.2754
89.6244
89.6774
89.6809
88.7794
88.2392
90.2782
89.7739
88.2830
88.9082
89.2825
89.1288
88.9928
89.1937
88.7803
89.3299
89.6558
87.3631
86.0526
88.0331
86.5878
87.4224
87.4657
87.2682
88.0696
89.3308
89.0113
91.0580
89.7136
90.8734
91.9766
90.8363
91.6604
90.4334
91.3700
93.4176
92.5884
92.4090
92.4619
89.4150
90.0304
90.0933
90.3138
90.6100
89.2100
89.8438
88.6054
90.4486
90.9948
89.8437
90.6010
90.9578
89.8058
90.2459
88.4979
88.0656
88.5692
88.7671
90.0165
89.5644
90.5686
89.4572
88.7859
87.6860
86.4819
87.8359
87.8279
87.9534
87.4984
86.5663
87.1949
86.8298
88.3940
89.1208
88.6805
89.6837
87.9499
88.3270
89.1161
89.9844
88.3394
89.8572
87.9678
87.3779
88.7878
88.1901
86.7277
87.5950
86.1546
88.0658
87.4528
88.0239
86.9850
88.4959
87.6883
87.8587
88.1552
89.7263
90.5555
90.7908
88.9145
89.3237
89.6050
89.1861
90.1614
89.6163
91.1299
91.5459
89.9952
89.1909
89.4813
89.5097
89.9443
90.2024
90.0689
92.0068
91.9080
91.7709
90.1062
93.0894
89.7963
88.9344
90.6643
91.4441
92.0490
92.2561
91.9173
91.9821
92.2269
92.9345
91.7399
90.7165
90.6936
92.2168
93.0420
92.3891
91.1694
91.2225
91.0678
90.2072
89.7061
90.8766
90.0593
90.8341
89.5942
89.3139
90.4050
91.5685
91.4077
91.8119
92.0202
93.8976
93.3454
91.6470
94.3734
94.6783
95.0121
94.9107
95.5950
95.6988
96.0590
94.8593
96.0907
95.9975
96.5742
94.6963
94.9900
94.9124
97.1385
96.5429
94.5367
94.2945
95.0640
95.5087
95.0669
93.2902
95.3039
93.7932
94.8683
93.5203
93.7176
95.1164
96.9862
95.5226
95.4351
96.7642
95.5725
96.0667
96.6065
96.3523
94.5817
93.1737
92.8427
93.9464
94.6476
94.5677
95.5235
97.1196
97.5097
96.8652
96.4071
95.3529
96.1857
94.3835
96.4622
95.1426
94.4175
95.8227
95.5244
97.7061
97.3973
98.3827
95.3336
96.4595
97.4457
97.0250
98.4306
98.6218
99.1206
99.8062
99.8875
98.7630
99.0803
99.0222
99.8159
98.3568
98.3755
99.6716
99.8080
99.1609
99.2626
100.7391
101.7799
100.3204
100.0845
99.2411
99.4651
97.9847
98.3236
95.9396
99.8719
100.1354
100.3095
100.1471
97.3215
98.2863
99.4746
100.3742
99.0052
98.3248
97.1132
97.4519
98.7585
98.4100
96.2229
95.9822
95.7807
95.6986
94.6553
94.1966
93.4780
94.3400
94.7915
94.6009
93.4154
95.8200
96.0425
96.4638
94.6234
93.8624
93.6473
95.2002
93.0200
93.3260
93.8446
92.9837
93.7162
92.5578
93.0577
94.2105
93.6972
94.2603
93.3050
92.7133
93.3547
93.9581
94.9342
94.2946
93.5238
95.4588
94.0382
94.0397
94.7438
94.8713
94.2272
95.0710
95.7129
96.0451
96.6380
95.7188
95.2271
95.2350
95.9625
94.9116
96.5270
95.6236
95.2194
94.6623
96.4856
96.3348
97.0421
97.0833
96.8967
96.8417
97.1262
97.3831
96.4770
96.6296
95.9070
93.2547
94.5953
96.7724
96.0482
93.1928
93.2443
91.9756
92.4113
93.1369
92.4983
93.9388
94.5685
95.1117
94.9962
94.6795
94.5425
95.4232
94.4727
94.3754
92.8264
93.6869
94.0845
94.8694
94.3613
95.5709
95.4579
94.3558
94.0943
95.0322
94.3617
91.9102
93.6074
94.5828
93.1518
94.1099
93.3687
93.9442
91.9329
92.8778
92.1357
92.9710
92.8187
93.5847
93.9831
93.7146
92.6607
92.5655
89.9252
92.1954
90.5161
93.4567
92.3113
91.1385
93.7238
92.3433
93.5216
90.9624
92.5565
91.2800
91.0575
92.2521
93.1750
93.5719
92.9488
92.9369
94.7058
95.0729
94.7288
93.5559
93.3596
95.1564
94.8140
94.2029
93.9853
93.1917
94.8728
96.3764
96.0735
96.6880
96.8395
96.0068
95.0186
95.0004
93.6801
94.3929
93.8819
95.0459
94.3307
93.8663
94.9195
93.4617
93.9459
95.4978
94.5688
96.1143
95.7515
96.3485
95.1084
97.1350
97.6807
98.1086
97.9034
99.5360
98.7226
96.8559
98.2861
99.9840
99.6926
100.6935
101.3822
99.4624
100.9646
100.9772
102.0729
100.1649
100.4406
101.3154
102.3452
103.6443
100.9159
99.3527
97.6907
97.2689
99.0401
97.4757
98.7810
98.0649
100.4309
99.4811
99.6858
98.4836
97.8478
98.2118
98.6504
98.6539
99.1515
98.3636
98.3763
98.0965
98.1585
98.1483
96.8498
98.4524
98.1970
97.9492
96.9655
97.1519
97.3679
97.3375
96.8834
96.1087
96.6236
96.9559
97.3355
95.7747
95.5722
97.6722
96.2267
96.5735
95.5184
95.1272
95.3055
94.4807
95.0467
93.6728
94.4375
93.0514
94.8066
95.2262
95.7160
96.5855
97.3085
96.9614
96.6915
97.0928
96.6853
95.7189
95.0488
93.9127
94.2898
94.8639
95.4427
97.5861
95.9093
95.6172
94.7796
95.1588
94.2805
96.2567
94.6365
97.7859
94.7652
94.2759
94.5199
95.1568
95.1232
95.7940
95.6546
96.4122
96.1312
94.6668
95.6891
95.6213
96.7804
96.5159
97.2526
96.9896
95.9954
95.2136
97.1089
96.2714
94.6181
93.3303
93.0812
93.4478
92.7817
91.8493
93.5939
91.8183
91.3319
92.6676
92.9391
93.6154
93.1378
93.8359
92.4820
93.5499
94.6105
94.9386
94.7082
94.7963
93.3949
92.4010
91.5476
91.7199
92.6779
92.5648
91.1551
94.2385
91.7946
92.5566
91.7031
92.1626
91.8342
90.6327
88.7307
90.0078
91.1424
91.2504
90.8696
91.0833
91.5937
90.0133
90.9063
91.5002
91.0628
90.7224
89.7594
89.3237
92.2482
91.9153
93.2900
93.9729
94.1501
95.0117
92.2119
92.1687
91.4547
93.8523
93.5678
94.0355
94.2521
93.3738
93.3959
94.8847
95.5469
95.0733
94.0761
93.4226
93.7332
94.3498
95.0367
96.3710
95.9923
95.9248
94.0435
93.1735
92.2280
92.7164
94.2362
95.2289
94.0182
94.0195
92.6548
93.9015
93.3087
94.3324
94.6529
94.1862
93.5234
93.3964
92.4299
92.6294
92.8388
92.5494
92.7375
93.7061
92.1085
91.9663
92.9691
92.7037
91.8845
89.9289
89.0022
89.0160
88.6879
90.2956
91.3649
90.6698
92.2724
91.4892
92.1577
91.2976
91.4083
89.9204
90.7736
91.0093
91.5677
91.2243
92.0901
93.6104
92.3598
93.9300
91.6890
92.5106
91.1710
91.0621
89.6156
89.1336
89.0952
90.1007
90.1745
88.8796
89.3997
88.9887
87.4331
88.6339
89.0439
88.0445
87.8436
89.1701
87.9641
86.9906
87.7618
88.1293
86.8014
87.1773
89.4431
86.8230
87.4860
88.5187
88.2361
91.7659
91.8381
94.1730
92.4417
91.4739
91.2349
90.9712
91.6596
91.7396
93.3295
94.4946
93.2613
92.6668
93.5882
94.4606
96.3669
97.3273
97.7741
95.9410
95.0084
97.6530
95.0851
93.5353
93.4029
93.1375
91.2837
91.4026
92.2755
93.0799
91.2329
92.1717
93.8772
93.5944
93.3690
94.5747
96.0373
95.1964
94.9375
94.3021
93.1719
92.6794
94.3072
94.5967
94.1291
95.1649
95.4068
92.7410
92.4208
91.9650
93.0685
92.2393
92.0413
90.7075
91.3180
89.9563
89.2608
91.0321
89.8107
89.9638
91.9284
90.9264
91.3566
92.7106
92.1191
91.1759
91.3003
93.4957
94.2145
94.3596
93.8124
92.9386
95.1151
94.6977
95.1040
94.8025
93.3450
92.4819
90.9072
92.2436
92.9478
91.1083
93.3602
92.4567
91.7734
93.3755
92.6129
91.7788
93.9682
94.5930
94.8062
95.2528
94.6339
95.4668
95.2972
95.6593
96.3475
95.7941
95.8416
95.1140
92.9194
93.4206
94.0256
92.9710
93.6597
92.8409
94.2048
92.3054
92.0938
91.5211
91.8256
93.4261
93.5600
92.2637
90.6730
92.7812
93.6612
95.3466
93.2045
94.5205
93.9164
93.8368
93.1920
95.6098
95.0013
94.7188
95.1939
94.3649
94.7691
94.7918
94.4491
92.9817
93.5930
94.6349
95.1413
93.2891
92.0558
91.4738
92.5255
92.6009
93.6569
94.3672
94.7503
93.3079
93.1378
94.4236
92.7899
92.8598
95.3464
92.9314
94.4919
92.8208
93.7979
92.6078
94.2382
93.1261
93.7806
94.6352
95.3783
93.6466
93.6687
93.5011
93.2228
93.7756
94.9057
93.0475
92.2825
92.2018
93.1935
94.0167
91.5815
91.4454
91.6591
93.5217
93.9384
94.9342
93.9689
93.1402
93.9426
91.9446
90.2049
90.6698
89.4851
91.2981
90.2027
92.9385
90.5796
90.4699
92.7954
92.9048
92.4013
92.4725
91.3455
92.1371
92.5619
93.9463
94.0653
92.1025
94.5532
93.4292
93.6255
94.0592
93.4653
94.9685
92.7828
93.3300
94.7820
95.2682
96.2045
95.9908
96.6262
97.6542
97.8590
97.0305
97.0176
97.8975
100.3123
101.3581
100.3568
100.5592
100.9778
98.9643
98.3562
98.3369
98.2049
96.5331
97.3087
98.5662
98.9434
99.1529
98.2182
98.2001
98.2718
100.5537
98.9369
97.8494
97.5040
99.7130
98.4713
97.3203
97.9883
96.4707
98.2505
98.5069
95.5636
95.3213
95.5531
96.5561
96.0324
96.5939
95.7791
96.2471
95.3693
96.1809
95.4749
96.1281
96.8302
95.8024
95.9112
96.2921
96.9852
97.3100
99.2065
97.3378
97.5867
99.0612
97.8278
98.0867
97.2618
95.5407
96.7065
96.9205
96.2678
95.7524
94.7076
96.1232
97.8284
95.2557
95.9795
93.6112
93.5354
93.1942
93.9973
93.6322
93.9343
94.6176
94.9818
92.4649
91.0759
89.2243
90.2447
90.1779
91.9021
93.5264
92.4508
93.2725
93.9410
94.4600
93.7537
92.7324
92.8066
92.0446
91.8727
92.0560
91.4330
93.5606
92.5478
93.5058
92.8715
91.9626
91.8655
92.4137
93.4117
92.4349
92.6696
93.1872
91.2815
91.9953
93.1464
94.1950
93.4337
93.2869
91.9883
90.9604
92.0520
93.3911
90.3458
90.8381
90.6927
91.1832
91.4808
90.6344
91.0509
90.7152
89.5519
91.5070
90.8999
90.7483
90.0423
89.6771
90.9871
89.3147
90.7954
89.2963
90.0734
91.3593
90.6807
90.6768
91.2129
92.4752
92.8725
91.9835
91.9242
90.3359
92.3463
93.1050
93.5539
93.2929
92.3893
94.0306
94.4458
95.2958
94.6382
93.5365
91.4002
91.7143
90.8711
92.2544
90.8283
91.1246
89.2432
89.3387
88.8295
88.5820
88.6628
89.7587
89.1924
87.6410
88.8811
88.1967
88.6669
90.8668
91.1537
90.8178
90.2569
89.7964
89.8952
90.9022
93.6622
91.4129
92.2691
90.2173
90.3770
89.8904
93.4834
93.1687
92.9046
91.8036
92.3590
92.5110
92.1276
93.2243
92.4460
91.7973
90.5384
91.2494
92.0752
90.7241
90.5571
90.8034
89.9817
91.1925
90.6893
90.3600
90.1900
89.6068
89.4679
89.4293
90.2682
90.1709
89.9917
91.7509
91.1131
89.8540
90.2550
92.0061
92.2068
90.1795
90.7026
91.3613
89.9639
90.9769
90.9188
92.1142
91.1815
93.2580
92.5789
93.3292
92.9926
92.3958
93.8456
92.7463
92.9354
91.4985
90.7105
90.1056
90.8148
91.1188
91.4485
93.0175
91.2548
92.5916
91.1731
90.1623
89.8783
91.1736
90.7714
90.5864
89.5524
88.4022
90.2445
90.3592
90.1918
91.5407
91.2007
91.5493
90.6876
90.8740
92.3579
92.3103
92.8812
93.2385
89.8594
90.8843
91.5451
91.5903
91.3861
93.8317
92.3733
95.2377
92.5772
94.5504
91.7804
90.2421
90.8626
91.0335
91.0858
89.2924
89.0614
89.3101
89.6094
90.7693
89.7188
90.5737
89.7480
91.1892
91.2437
93.2855
90.9206
91.6667
92.6390
90.3926
90.8992
90.0825
90.1795
92.3683
91.8515
91.7432
92.0353
91.5875
92.0350
92.5584
91.5328
89.8748
89.8546
89.3664
90.9159
92.0160
89.8352
88.8920
89.3454
91.4727
93.1225
92.7954
93.1348
94.1607
93.7742
92.5417
92.3353
92.4305
92.2455
94.6020
92.0554
91.7649
93.7050
93.1549
93.0002
91.9972
91.5983
91.7435
91.5452
90.5231
90.2237
89.6049
92.2417
90.5230
90.0350
90.5701
90.3909
91.9244
92.0586
91.8192
93.2332
93.1815
92.5856
92.7394
92.9849
91.9482
92.1344
92.1291
91.6476
92.9613
93.4440
90.4347
92.0533
89.4957
91.6247
92.0952
91.2752
91.6779
93.5839
93.0106
91.3609
91.2834
92.3870
93.0106
92.9934
93.7937
93.2464
93.5244
94.0406
95.3154
93.6603
93.3283
92.7791
91.0228
91.7263
90.0927
89.5985
89.2466
89.5247
90.0917
89.6257
89.4483
88.7952
86.8940
87.8653
87.3966
87.4897
89.2337
88.8534
88.2682
87.6812
87.6941
88.0150
88.9712
89.8183
90.0981
89.1894
91.8942
92.2225
92.4882
91.6638
91.3044
88.7474
91.5957
93.7342
95.2504
95.4582
96.0102
95.1591
95.7201
93.4699
94.7368
94.5439
92.8250
93.1305
94.6506
95.1175
92.5636
90.9395
91.3503
91.2587
91.7626
92.7771
94.0051
92.8412
91.2866
92.2870
93.2555
94.3569
92.1818
92.5063
93.3477
93.7527
93.2020
93.5172
93.0204
92.8075
92.2814
93.6461
93.5484
93.7311
94.8868
94.5604
96.9498
95.3436
96.9147
97.3849
97.2648
98.0414
97.7498
97.6698
97.1911
96.8011
96.1398
95.5790
93.8852
96.6290
95.1271
93.9561
92.9119
92.4724
93.5427
92.5639
91.1120
92.4915
92.3043
90.6230
91.0686
90.7599
91.8661
88.9987
90.4014
90.9635
89.8976
88.9611
88.8866
90.5932
91.4122
90.3543
90.8394
90.4268
90.1888
89.4464
88.8949
90.6167
87.4430
89.0738
87.3454
86.5846
85.4729
85.2693
86.7676
87.1512
88.1069
88.8128
87.0391
88.1201
85.4534
86.2352
85.3563
84.6071
84.2710
84.1723
86.7081
85.3533
85.9742
86.2880
86.3195
85.3000
85.6638
87.0755
89.1169
88.7093
88.5453
87.7947
88.6509
89.0192
91.0167
89.2988
89.0198
88.9048
89.0402
89.1339
89.6405
91.0524
89.4860
91.6627
93.3077
91.1725
92.2868
93.0662
93.6134
92.0686
93.9012
91.0941
90.5429
90.4464
90.0904
89.5776
89.0873
89.7400
90.3681
90.1223
90.0825
89.6295
88.9696
88.7464
90.9761
91.4936
89.1604
88.8025
88.1972
89.4474
87.1929
87.5544
87.8409
88.2526
87.3555
88.1755
88.3111
87.7688
86.9773
85.8810
86.3402
88.0166
87.4007
87.4212
88.1915
87.1199
88.7789
88.0531
88.6047
87.1537
88.7911
91.7351
90.8186
88.5906
90.3191
91.7373
91.9895
89.5320
90.8240
88.6973
88.8257
89.1091
89.1302
87.0372
87.8786
88.2507
89.1069
88.2555
87.3878
86.6945
87.8229
88.8042
87.4913
88.0936
87.2981
87.3414
87.2368
88.8148
87.5359
87.6813
88.5543
88.8366
89.3268
89.8762
86.6357
87.7549
86.9516
87.9518
88.0913
88.0777
89.1152
87.6720
88.5432
88.3359
90.4358
89.3933
89.1523
88.6089
87.9924
88.7051
89.6230
90.4395
90.6570
90.8412
88.8210
88.0475
87.4354
89.0776
87.2666
88.2719
88.2852
90.0558
88.2523
87.9748
89.0768
88.8816
88.2197
89.4402
88.7875
88.5867
88.6595
89.1245
87.2584
88.1936
89.0284
89.6053
88.9180
90.3792
91.4336
91.5099
89.2405
89.1865
90.5223
88.0649
86.6170
85.9461
86.9139
86.2713
86.4193
85.4737
86.8022
85.8541
86.6588
86.2240
87.3647
87.5031
86.2062
85.7606
87.1250
88.0982
88.4130
87.3837
88.0942
88.3143
86.7526
87.1217
86.7280
85.0747
86.0258
85.0569
86.2033
85.5880
85.9853
84.0696
82.3560
81.4906
83.5343
84.9741
84.3720
87.0477
87.7637
87.3785
88.0390
86.9555
87.0072
87.2835
89.4690
87.2051
89.0633
88.9281
87.3113
85.8300
86.2265
85.8852
85.7609
85.6026
86.6243
86.1494
84.7164
86.0431
86.9521
88.1805
87.4932
85.9962
86.5271
85.3411
86.3770
86.1841
83.7630
83.5933
82.9430
81.6239
82.9527
83.1183
83.8265
82.8995
81.9292
84.8306
84.1948
83.7012
82.9692
83.3403
82.3588
81.8998
82.8005
82.0899
82.4887
81.8267
82.6846
83.4292
83.3455
83.4972
83.7150
84.2878
84.1076
82.1628
83.1298
82.8255
81.9738
81.8497
82.7430
83.1286
83.2491
83.3270
83.3003
84.0058
83.0905
83.4001
83.2093
82.0618
82.7847
83.7881
82.8996
82.8098
83.2912
84.9946
84.2263
83.9887
83.8628
83.8207
84.3856
84.5950
84.6540
82.8929
83.9687
84.0033
83.1230
82.0428
83.2361
82.0134
82.6855
82.8651
83.1614
84.2413
84.9444
85.4561
84.7913
84.4785
84.4458
85.8031
85.7997
85.8341
84.5940
85.9216
85.8127
86.6895
86.4567
86.5280
86.5429
86.6666
86.3802
86.1390
85.1812
86.0665
87.0126
87.8075
88.4877
86.9817
87.0551
88.7126
88.8795
87.1882
85.7477
86.0963
86.9366
85.5745
83.7637
84.8556
85.4512
85.6082
86.5089
85.5162
85.0445
85.7175
86.6365
85.2711
87.8686
85.4892
85.9216
87.7547
84.8436
86.0287
85.6101
84.5559
84.7298
85.0259
86.2754
86.6109
86.1847
84.9601
85.1861
84.4575
83.1094
84.5590
85.9395
85.4431
84.1425
83.5589
82.3815
84.0286
84.3749
84.4944
84.0831
83.0183
81.9080
81.8778
83.2194
82.1518
83.0647
83.8048
83.2569
85.3460
84.9023
84.3656
83.7365
83.0374
82.4697
84.0123
82.0275
82.9407
84.8298
84.4026
83.5087
84.4940
84.2495
82.9987
83.3019
83.8493
84.0144
85.9372
85.1383
86.2268
85.4184
83.8251
84.0897
86.2084
85.9933
84.9252
86.2468
87.0289
85.9884
88.5473
85.7675
86.8545
88.2079
90.0598
88.4024
88.7888
86.4885
87.6895
86.8650
87.2550
86.3260
87.3429
86.4095
88.0473
87.7645
85.6501
85.3412
86.1364
85.5941
86.1352
85.6149
86.0209
86.1755
86.4689
86.6830
85.4228
86.0905
85.8390
87.4267
85.9357
86.5734
86.0786
86.9845
89.0214
89.3507
88.7550
89.9873
87.4650
88.4929
88.1319
87.3847
87.8915
87.8888
87.5192
88.4456
90.0790
89.2575
88.7280
88.6134
90.0488
90.2917
89.5813
89.3772
92.8064
91.9325
92.4359
90.0377
92.8984
91.8377
91.6425
93.0666
93.2906
92.3717
92.8763
93.0169
92.9646
91.0805
92.9150
92.3677
94.3224
95.7852
93.7717
95.5438
93.7246
94.2552
94.1348
94.5107
97.7612
96.3234
95.6754
93.8626
94.9731
94.1152
94.1872
95.7742
95.7034
95.7953
93.6178
93.4861
92.6647
92.3572
94.1583
92.8024
90.9863
90.1387
92.0800
91.9991
91.0247
90.4466
92.3539
92.8355
90.4604
88.8611
88.3447
90.4083
91.5730
90.7357
92.6643
91.7539
92.0612
91.9004
89.9650
91.7052
89.4492
91.5737
90.2492
92.3661
92.3235
92.3792
92.2941
91.9166
92.6365
90.7340
91.3740
91.6422
92.4255
91.2392
91.6921
92.4430
92.7339
93.1550
92.9472
93.4968
92.2758
93.1365
93.2057
91.9673
89.9907
92.3152
91.8241
91.0795
91.4332
91.7522
92.1943
92.3718
94.4508
93.1710
93.2419
91.2076
92.3345
92.8074
93.7419
91.4676
91.8552
93.7283
92.9399
94.6080
94.0704
93.5207
93.8976
95.2098
94.2657
95.3546
92.7023
94.1756
94.7904
93.5471
94.3479
92.9108
92.9520
93.8288
93.9545
93.5743
94.6475
95.5234
93.2385
93.0724
93.5262
91.5750
94.2947
93.8282
94.0349
93.9829
93.4578
92.5378
93.4017
92.4112
91.6905
92.2497
92.0868
90.8880
90.7593
92.2383
93.1587
92.3513
94.2490
93.5555
94.8330
94.7941
95.9348
95.1366
94.4878
93.6701
91.9460
92.2078
90.4195
92.4850
93.1125
93.8659
94.1777
94.1378
92.9131
93.8164
93.0616
94.4622
95.2796
93.9694
94.6906
93.3072
94.1712
92.9932
94.9296
95.0040
94.9131
93.9877
93.5232
95.2732
94.0626
93.0830
93.3540
95.2943
94.7032
95.3647
95.2492
96.9093
96.8556
95.0480
93.4855
94.8068
94.6180
96.0855
94.7492
93.6388
93.0075
93.7990
94.0346
93.1492
93.0806
93.1528
93.0236
93.5146
93.0603
91.0817
92.4917
92.0975
92.2938
91.4240
92.1233
91.5510
89.3226
88.6503
90.4452
89.7257
90.3841
90.9993
91.1238
89.6214
88.2491
88.6894
89.2660
86.9601
87.9827
87.8714
88.9550
87.4543
88.1233
88.8784
90.1843
90.9971
91.1403
90.3348
91.0865
92.6115
93.0246
93.6938
93.1457
93.2536
92.3892
91.2091
89.1527
88.8415
91.2657
90.4724
90.1309
91.4848
91.7956
92.0879
92.9823
92.7259
92.2054
92.0629
93.4225
93.9080
93.8204
94.6071
94.2605
92.8749
92.1536
94.2030
92.2082
91.6534
92.3942
93.5969
93.5238
92.7427
94.6272
96.7151
96.4186
94.9145
94.8715
96.5294
96.1831
94.8354
93.0573
92.3861
92.9995
91.8630
91.9708
92.6596
93.5544
92.6456
92.2157
92.4222
93.9458
92.6699
93.0350
91.7207
92.6921
92.5538
95.3738
95.9061
97.0050
97.5100
96.6255
96.6337
96.3772
98.2448
95.8473
97.0041
96.9276
96.9939
97.2221
97.5717
98.4217
98.7890
98.1161
98.7688
99.5559
99.3126
99.2142
100.2566
98.1744
98.8162
99.7327
99.8955
98.5232
98.9594
98.2145
98.2035
98.4455
98.3660
96.4544
96.6049
95.8207
95.9923
95.9729
96.0147
96.6000
97.7858
96.3099
97.6371
97.0053
96.9319
97.0162
96.5816
95.8544
95.5766
96.7831
95.4417
96.9100
97.4069
96.5897
95.7394
95.6653
96.4374
97.5920
98.5888
98.8368
99.1340
99.0762
97.6243
97.7092
95.0182
95.0054
94.7388
96.5448
97.3267
96.9308
95.9845
95.0416
95.8330
97.4559
98.8569
98.9628
94.9683
95.8334
96.3390
96.5800
98.0256
96.8491
97.0463
97.1902
98.0770
98.0004
99.1490
99.2365
98.2629
96.6878
96.7376
95.5587
94.5126
93.8566
96.0566
93.8039
93.7613
94.4307
93.6891
94.3502
93.5445
95.5964
94.5273
93.2226
93.1620
91.6798
93.3179
91.6984
93.0165
92.7348
93.9724
92.3955
92.6320
93.2838
92.4995
93.4355
95.2002
96.1029
95.5098
95.8795
94.5277
94.5165
95.4561
94.0871
94.3345
94.5746
93.3221
92.9607
93.0553
92.7920
91.2762
90.5982
91.3359
89.1608
89.5627
90.4847
91.0670
89.5314
90.3025
90.8089
89.0061
89.6120
89.7164
89.3981
89.1959
90.2502
91.2551
91.6217
89.4742
88.1463
88.3016
87.2123
88.0631
87.7613
88.3262
86.2757
85.9902
87.6675
86.9194
86.4374
87.6563
86.4725
84.4396
86.6256
87.5881
83.9711
84.1534
84.7692
85.3569
83.5092
84.6071
85.4530
84.6430
83.6214
84.0768
84.6187
85.2901
85.5823
82.2133
81.8943
82.7037
83.4852
84.0327
81.7713
82.6683
81.6177
80.0109
79.8020
79.1781
80.4659
76.9763
77.5553
79.3688
79.6185
78.9185
77.9778
77.0029
78.6321
77.5028
78.1079
77.7101
79.0383
78.5803
79.8771
77.8045
77.1292
76.7380
74.5898
74.9353
74.7657
75.9313
74.7357
74.7209
73.7234
73.3347
74.6069
73.0208
74.0404
72.5189
73.2966
73.2675
73.4161
72.4871
71.0272
72.3002
72.1422
72.7135
71.8375
72.5960
72.4091
71.9395
70.0227
71.7194
71.6173
71.6453
70.8128
71.3164
71.3005
70.5381
71.2130
69.7300
71.0304
70.3591
72.4469
73.4283
73.7097
72.5261
73.0888
73.8409
74.5004
72.9801
71.9308
73.7895
73.5728
74.3272
75.0357
74.5691
74.8816
74.1312
73.3431
73.1579
73.6090
73.9799
72.7254
72.4393
72.2900
72.9234
72.6855
72.7743
72.7646
72.2482
73.8448
73.9733
72.9786
72.3859
73.5266
72.8288
72.3798
72.8331
75.7728
74.5907
74.6023
76.4389
74.9077
74.9674
73.5995
73.9192
74.4104
74.4741
73.8117
74.4481
73.2144
72.8123
72.8425
71.0056
70.8333
70.9058
71.6605
72.0372
71.7719
72.3979
73.1782
72.5674
72.6886
70.7604
71.6415
70.2495
70.1205
71.9380
72.5374
71.2958
72.4240
71.7045
70.6022
69.4729
69.9703
70.9987
71.3239
70.4464
72.2637
71.2348
72.7402
73.1434
73.5806
73.3760
73.5013
73.4176
72.4774
73.5051
72.2785
72.3226
72.6498
72.7649
73.6833
73.7991
73.3734
75.4279
73.3215
75.6127
74.5663
75.4533
75.5716
75.6118
74.2451
75.3470
75.5614
75.7079
74.6303
73.3902
72.9476
73.3612
73.6101
73.1554
73.3632
71.6234
73.1857
72.8043
73.0469
73.5894
72.1551
71.6512
70.6489
70.4643
69.4555
69.6018
71.0341
72.6385
72.0234
73.6047
72.3632
71.2077
70.8973
70.3708
70.5432
70.5462
71.9645
71.2062
70.4456
69.8470
71.2857
69.8962
71.0990
71.3197
69.3371
70.1450
70.2533
69.8272
68.6373
69.7813
68.5854
70.3404
69.3444
70.1737
69.5187
70.3178
71.2966
71.4147
70.7741
69.3404
68.0461
69.3557
69.6762
68.5167
68.0864
69.5275
68.9614
69.4350
69.3273
69.7995
69.1021
69.3768
68.8095
69.7526
69.6612
69.9791
69.5223
69.2205
70.0876
70.2423
69.8972
68.3020
68.1825
68.4261
69.1451
68.0099
69.6132
70.6750
70.6687
68.3033
66.8965
68.0209
68.3584
67.5979
67.7218
69.6630
69.3118
67.9674
67.5438
66.9180
67.8669
68.9638
69.2676
69.5764
68.9388
67.7095
66.7580
67.1655
66.3692
66.6407
66.8639
68.2005
68.6963
68.5559
67.2688
68.1725
67.1439
66.5000
67.1857
67.7262
67.2698
68.6245
68.0346
67.3393
66.6807
67.4708
66.7693
67.3844
69.5529
68.4057
67.7904
67.3719
66.4389
67.2917
66.9777
66.5087
67.2965
65.4089
64.5107
65.2672
64.5239
65.4293
65.7805
64.7253
65.0841
63.8451
64.8574
64.0362
65.5549
64.1807
63.9820
64.8818
64.7038
63.0917
65.0189
65.0027
65.3378
65.8769
64.4670
63.7524
63.6875
64.3528
63.1734
64.3054
64.2242
65.9110
65.0194
64.9606
65.5072
65.7416
64.4909
64.8603
64.6758
64.5081
64.5102
62.5732
64.8636
63.8866
62.7879
63.7330
64.2965
63.3075
64.6262
64.3103
65.3576
64.8542
64.2449
66.4213
66.7132
66.5726
66.7345
66.9111
66.8923
66.3840
66.7037
67.5413
65.9437
66.2867
66.7044
66.7602
66.4108
66.3595
67.7630
66.9465
66.2913
66.7612
67.8155
68.7265
69.2621
68.4831
68.7287
67.8101
66.7856
66.7657
66.8613
67.6461
67.8626
66.3952
64.9835
66.7491
66.6146
67.7529
66.9575
67.6337
68.4940
69.8026
68.3922
70.2847
69.7800
68.2334
68.9917
67.3598
67.7931
67.8540
66.9590
67.1733
66.0639
66.0217
65.9446
66.2512
67.1744
66.5527
65.0393
65.6923
65.0901
66.5011
65.7341
65.8833
65.9995
64.8452
66.0444
66.2962
67.1376
68.3403
68.6176
68.6540
67.8977
68.2899
68.2779
69.0615
68.5453
68.8946
68.2192
68.0188
70.0054
69.9204
69.8914
71.1956
70.7786
70.0092
71.4796
71.6487
70.3639
69.0306
68.9408
67.2954
68.9178
69.1463
69.7998
69.3619
68.9932
70.3513
71.0576
70.3925
71.4937
72.2979
72.1947
71.4919
71.3177
70.8221
71.3681
71.4150
72.5005
71.2650
72.3543
72.3184
72.1817
72.2745
72.0179
70.4960
70.0833
70.1000
69.6632
69.6694
72.3096
72.2725
72.7202
70.5923
71.7119
70.2222
69.7694
70.5743
70.7472
71.2984
72.1102
73.0235
72.8911
71.2386
70.3536
70.9522
69.6480
70.3265
70.4365
68.6656
67.7202
68.9506
70.0348
69.5369
69.7516
70.3296
70.6301
69.8647
70.9146
70.1685
70.7786
70.6103
71.1631
71.6455
72.5950
71.6937
71.1191
70.5211
69.8701
69.9868
70.7839
68.0891
69.3649
70.0437
71.2138
72.1904
71.8714
69.8800
70.6028
71.8137
68.8368
71.2065
72.3789
72.3812
70.7704
71.5939
72.3973
71.4305
71.7302
71.3041
70.8037
71.2179
70.2585
68.5337
68.3400
70.4013
70.6734
70.7676
69.9596
69.0285
70.8488
70.5454
70.3453
69.8691
68.4261
68.6142
68.4454
68.1104
66.7461
67.5541
67.9482
69.0135
69.1620
68.3211
69.4674
69.0682
68.2404
69.9738
70.7368
70.8637
69.2938
70.5764
70.9443
71.8845
72.1538
70.9308
70.5084
71.2054
71.7394
70.4060
70.1087
69.4772
69.8893
68.8715
67.8503
69.6933
68.7796
69.0576
69.7041
69.6220
68.8914
68.5981
69.8709
71.1969
70.9417
70.0034
70.0436
70.9881
70.3836
70.8097
70.5292
71.2531
71.1738
71.1640
70.3931
70.6779
71.3552
71.6887
70.2269
71.6468
70.3358
71.0919
71.0102
71.7012
72.1668
71.3925
72.8598
72.2127
72.9574
71.7818
72.5174
71.9278
70.9515
70.9769
71.6792
70.6220
70.2315
69.0906
69.7014
68.9929
67.9701
69.3543
68.3112
69.2525
69.5825
70.0031
71.2686
70.2497
69.3630
68.7200
70.0974
68.9322
69.8792
69.0403
69.4289
70.9177
70.2628
69.1747
68.9560
71.4873
72.5237
73.0656
73.0337
72.8313
73.4711
71.4349
71.4483
71.2026
71.6482
73.1333
72.4028
71.4372
70.7815
71.0030
72.7717
73.5848
72.5217
73.0067
73.1105
73.1070
73.7362
73.0217
72.7877
72.2039
73.7710
74.3880
73.8124
74.1867
75.0265
73.9465
74.9448
73.3376
73.6214
75.4969
74.4877
75.2685
75.9842
74.4304
75.3370
77.3224
76.3399
78.0800
76.2146
76.3990
76.0985
76.5548
75.1246
76.6224
76.0273
77.2426
77.1510
77.0465
76.1557
76.3259
74.7788
75.3294
74.8860
76.1258
76.2706
76.5715
75.3611
74.5654
76.1621
76.3098
76.3308
77.2257
76.5594
75.2821
75.5715
77.4903
76.8178
76.4622
78.1267
77.7017
77.5581
75.9209
74.9754
74.9083
75.8457
77.3586
75.8009
75.7677
75.7398
75.8520
76.7002
75.8542
74.5617
75.6271
75.1630
76.7031
75.3393
74.5066
73.8694
75.9849
75.9722
73.5109
76.6882
75.4930
75.9500
76.6818
75.6749
74.7457
75.4634
75.6918
77.1600
78.2787
78.7602
78.4061
78.6689
78.4169
79.1077
79.5001
78.3709
78.8992
78.0603
77.8131
76.9104
76.2464
76.8243
78.5277
78.4033
77.5333
77.3314
78.5709
79.1175
77.5704
77.4974
77.4630
77.0782
78.2679
77.8878
78.2145
77.3570
77.2473
77.2117
77.3718
76.0629
77.0695
77.4904
76.9953
77.1735
77.4424
76.9173
76.2713
77.1268
77.0573
78.1113
76.6878
76.6282
75.3023
76.1362
77.5798
77.1302
78.3064
76.8703
78.0193
77.2409
76.3340
78.0909
79.8080
78.3663
78.7170
79.0240
78.8248
75.7071
77.8223
77.2138
77.8326
78.0028
77.6259
77.2926
76.2579
77.2165
77.8695
78.4692
77.5260
77.3012
78.2520
75.0694
76.7655
78.1193
77.3832
76.1810
75.7928
75.1020
75.2747
76.6495
76.2009
75.8047
75.4783
75.0361
75.5368
76.2605
75.8753
74.8747
73.1686
75.3170
74.9263
73.9296
75.1119
75.7008
75.5017
75.2790
76.2520
75.8825
75.4997
74.5001
75.2381
75.4927
74.7456
76.4952
75.1403
76.2230
77.0797
78.5496
80.4388
79.9880
78.6139
78.9012
79.0467
79.3066
76.0061
77.8497
78.1020
78.5772
79.3732
79.2087
78.9983
79.8001
79.6630
78.3701
77.7076
78.8587
78.3867
78.5218
80.1188
80.3871
78.5892
79.0653
81.2356
79.5675
80.9864
80.3509
79.8733
79.7547
78.7187
77.8194
79.7450
78.0972
78.6694
79.1236
78.0720
78.4656
78.4214
79.7518
79.0307
79.7565
80.0262
79.8517
81.0316
79.3594
79.9799
79.8985
79.0990
79.1462
80.5799
80.4458
79.0451
78.2202
79.2938
78.6143
78.7076
78.7295
77.0040
78.3253
77.3977
78.5604
78.4371
78.5711
79.8671
78.5680
77.4824
78.0799
78.4780
76.3127
76.8293
75.4193
75.5665
76.1734
76.5272
77.3946
78.5172
78.1294
78.1014
78.5576
77.4293
78.4443
78.7745
80.0744
79.2783
79.4321
78.2651
78.1540
79.8668
79.8194
79.1049
79.6319
79.2067
77.7694
77.4668
77.3038
75.8843
76.4608
75.7098
77.6195
74.7231
75.9885
75.3905
77.3751
76.0114
75.9064
74.6126
75.6058
77.0464
75.0711
74.5939
73.9442
74.8922
73.1421
74.4491
73.6363
76.7950
76.9043
76.7715
76.0050
76.2102
76.4130
74.2588
75.0382
74.7163
74.6377
73.7561
74.1909
75.2704
76.7825
77.7066
76.5632
77.3200
76.4594
76.7467
76.5691
79.5270
80.9059
79.3744
77.4677
77.2085
79.3717
79.4932
79.3049
77.7045
79.3612
78.1693
78.5855
79.9418
78.6211
80.0968
78.3571
78.6569
79.0551
78.5681
79.1900
79.7349
79.9924
79.2176
78.4556
79.7442
81.2404
80.3088
80.4969
81.1327
79.4147
80.2301
79.3574
78.7591
79.8096
79.3912
78.8840
79.7320
79.3154
79.3859
80.3276
78.8963
78.8809
77.6843
77.6393
76.5566
76.2844
75.0323
77.0735
77.7939
77.4049
76.0020
74.8159
75.9747
75.1776
74.8514
75.4623
76.8939
75.8446
77.5699
76.2245
78.8202
75.6214
75.8463
74.5330
75.7425
75.9316
76.7069
77.9409
78.3309
76.3046
77.3269
77.9703
78.8329
79.1000
78.3060
77.7383
76.6858
77.5102
76.6839
78.5902
78.1262
77.5536
77.9584
76.5517
78.8008
77.5771
77.0564
76.9498
75.6557
74.6128
74.9203
76.2263
74.4715
74.3158
74.9888
77.6460
75.9902
75.2640
74.2411
74.0726
73.4674
73.7123
74.2520
75.3990
74.6040
74.6279
74.3878
73.4927
72.6664
73.1133
74.6113
74.0333
74.1187
74.5168
76.8795
76.3745
77.3943
75.2537
75.7054
77.3444
77.9782
78.4153
76.0090
76.9626
76.6128
76.6559
76.4862
76.8126
76.2311
78.9469
77.2231
76.3018
76.8451
78.0984
78.3332
78.7559
79.1053
78.6262
78.0022
77.5646
77.6118
78.4907
76.6930
77.6755
76.1439
76.8189
74.7781
75.8819
75.2578
76.0567
77.0021
76.8653
75.7365
74.0784
73.7711
74.3077
76.0282
75.6597
74.9462
74.6675
74.9264
77.4565
76.0882
76.2894
77.3694
75.8122
76.6489
77.6672
77.3230
77.0966
75.7458
75.9501
77.0705
75.3418
76.1643
76.1030
78.9296
78.3726
77.9973
77.8928
77.7907
77.8163
78.6535
80.2362
78.4999
79.5799
78.5422
77.0560
76.0114
75.0512
75.3477
74.8630
76.3509
76.1904
75.5847
74.1272
76.3895
75.0469
74.3432
74.4222
74.5544
72.4805
71.5299
73.0385
73.4328
73.7194
74.9689
74.8910
73.0761
74.4762
74.0801
74.3795
74.5031
73.2120
72.5234
71.8469
72.1377
74.0881
74.4621
73.8370
72.8362
73.7015
75.1594
74.9900
76.2439
75.1188
75.1589
74.9921
75.1988
74.7790
73.5921
75.1877
77.1104
77.5981
76.9616
76.8554
75.8180
74.0527
74.2519
75.2804
75.6393
75.5047
74.6094
74.2506
72.2332
72.5784
72.7518
73.5964
72.9848
74.3967
75.2488
74.8715
74.4709
74.7960
74.4883
74.5711
74.9288
74.3348
74.5359
75.1123
73.7694
74.8289
73.2356
73.8234
75.3718
74.3499
74.7362
73.5714
74.4460
73.4041
73.5502
75.0269
73.4084
75.2417
72.8821
72.7683
73.1931
72.0767
73.0281
73.5090
75.1498
75.4556
76.4349
75.0008
74.7063
74.3597
75.2771
74.4399
74.7566
74.0760
73.6477
74.0448
73.3576
72.6867
74.4143
75.6024
75.4590
75.2980
75.0674
76.0834
75.7423
75.3671
77.2475
76.6040
76.4749
76.9371
76.2106
74.5263
75.0834
75.0742
74.6471
74.1220
74.2704
73.5536
74.6850
74.1064
73.8960
74.5606
74.7696
73.7394
72.8751
72.3327
73.1900
73.5347
72.7924
72.5044
72.8529
71.7116
71.4688
72.8953
72.7114
72.2685
72.0792
70.5838
72.5919
72.3727
71.4214
72.6258
73.2752
73.5206
73.4215
73.8865
73.4706
72.8131
72.4426
72.1240
73.4553
74.0561
71.5453
72.3705
73.8481
74.0232
74.3186
75.1082
76.5524
77.4473
77.4768
78.5882
79.1353
78.8689
79.9329
78.9184
79.1564
79.7817
80.2414
78.6537
77.5133
78.6174
77.4924
74.6600
76.6985
77.5358
76.4697
75.1670
76.4526
75.6172
75.6328
77.5619
78.3655
77.0342
76.8692
77.2415
76.0888
76.0234
76.6885
76.1694
74.3118
75.3378
76.0978
76.3586
76.4683
77.6585
76.0690
75.4381
75.6261
74.7276
75.2731
75.0001
74.8340
74.1636
74.1574
73.7234
74.1222
73.0296
74.4642
74.3730
73.9131
74.1312
73.6630
73.7736
75.5158
75.5843
73.9391
74.3370
75.6360
75.6190
75.4916
74.7271
74.8989
72.5010
73.4836
72.6877
74.3610
75.6780
75.1311
76.1801
74.7106
72.2939
72.1145
71.4366
70.5861
70.7452
70.5731
72.4208
72.8469
72.5396
72.7197
72.4306
72.4781
72.3804
72.6286
74.0512
74.4569
74.0089
73.0119
72.5326
72.2341
73.3895
73.1794
73.1331
70.7323
70.8685
72.1436
72.4237
74.7669
76.9295
76.4724
74.9810
75.3483
74.7972
75.1627
73.4230
73.1316
74.0779
74.1334
73.7131
74.2263
73.0967
72.5697
72.7947
74.3648
75.0752
74.4708
75.8562
75.1263
76.7138
76.5183
75.6009
76.1080
74.4527
74.6282
74.5199
74.5958
73.5299
73.6037
73.4209
74.4968
73.9065
74.0878
74.8657
77.1197
75.5372
75.1403
73.9076
74.7761
74.7349
74.3652
74.8002
75.6853
76.6388
75.0283
75.5540
75.5006
75.7862
76.0280
76.1639
77.6132
78.1431
76.0626
76.7948
76.3551
77.0113
76.4777
76.4863
73.6382
73.8013
73.9737
74.1340
73.1738
74.3367
76.0430
75.4099
76.1166
76.2041
76.7992
76.0228
76.3554
74.4747
74.6760
73.0166
74.8377
74.4763
75.1526
75.5193
74.1955
75.0382
72.6751
73.8813
72.3834
72.2541
73.3170
73.4637
74.6235
73.9745
73.4757
73.5543
74.2530
72.0706
71.0351
70.7751
72.5595
72.2357
72.8706
72.6742
73.5745
72.5086
75.3822
74.0172
73.4119
74.4527
73.0792
71.9370
71.3452
71.7285
73.3845
71.8538
71.2886
70.2830
71.7459
71.5302
70.5186
70.5568
71.5303
71.5599
72.2572
73.1878
74.2040
74.4196
74.6989
76.4412
73.3694
73.2791
73.4188
75.3783
73.0682
73.8920
72.3957
72.7871
71.5233
73.8515
73.2107
73.5666
73.5552
74.7314
76.7409
75.2670
76.5646
74.8322
74.1079
73.9707
73.1576
72.8249
73.4909
75.5233
74.0637
76.0446
75.8315
76.9846
76.1869
76.1721
75.2484
74.9389
74.6240
74.7914
74.5873
76.6499
76.3073
74.5377
74.8012
75.2665
76.3614
77.0173
77.5589
78.5989
76.6730
76.8753
77.3746
76.2429
76.4923
75.8595
76.4623
77.2987
75.2029
75.9989
78.0776
78.9695
79.9233
77.8276
78.1779
77.8872
78.8138
80.1247
79.6844
81.4053
82.2154
79.3013
78.6797
79.6957
80.4548
80.3549
80.8642
80.8607
80.6160
79.5432
80.1312
80.4708
80.0607
79.8531
81.1966
82.6716
80.5593
80.9886
79.1164
78.6388
79.5432
79.6278
78.7635
78.8824
78.0597
79.3416
80.1487
80.2812
81.0284
81.4496
81.5829
80.4107
79.7529
81.5139
82.5797
82.0803
81.5444
82.0950
80.9481
81.2853
84.0802
83.7260
82.4151
82.1527
83.5723
85.8351
86.3659
85.9053
85.3740
84.3035
84.9932
86.2236
86.4013
85.9093
87.1462
88.1984
86.9045
88.1680
88.2704
86.9621
87.6139
88.7017
89.9786
89.1029
87.8109
88.6752
89.7362
88.7091
89.3694
90.9623
90.3899
90.8258
89.3016
89.4935
89.1094
88.7544
88.5022
87.2668
89.8412
90.4518
90.2005
91.7084
92.0372
90.5886
91.5594
91.9518
92.2565
90.8098
91.9616
90.7519
89.4723
88.6747
88.2685
90.9357
90.3313
91.7124
89.6402
92.0802
93.4671
92.9831
95.1929
92.4432
90.6777
91.0562
89.2732
90.3790
87.6890
88.4609
87.5149
87.9833
88.2057
89.7720
88.7162
87.9849
87.9672
87.9128
88.0556
89.2940
88.7033
88.9437
88.1027
89.1235
86.0976
86.2563
85.0982
86.6830
85.5004
84.9196
85.6005
85.7014
85.5772
85.3958
86.4966
85.4236
85.9371
87.3986
86.9709
88.6326
87.8332
89.6428
88.0397
87.5475
85.6270
87.7284
86.8606
87.7103
88.4356
87.7960
87.9698
87.7138
88.1112
88.1785
87.4694
89.0276
87.7694
87.8929
86.6178
88.4906
87.4570
85.8637
89.1656
87.5122
87.0120
88.3613
88.2870
87.4818
87.3378
86.8580
86.9618
86.3640
86.7960
87.7161
88.3423
88.8747
88.7800
91.8073
92.3934
92.2827
91.1265
91.7631
92.6633
91.4378
92.3472
92.7750
91.9336
91.8136
91.2756
90.5886
90.6280
90.3188
89.2186
89.9237
90.9108
89.9838
88.4229
90.1149
87.7411
88.9818
86.2199
88.0723
90.3211
89.1743
89.0588
87.8839
86.9384
86.4208
85.4929
84.7918
85.3942
84.3281
85.6797
86.8160
87.1759
87.7563
86.5306
85.5584
87.0166
84.2909
83.9811
84.7159
86.2884
85.8857
86.2585
84.2478
85.2721
85.0299
85.6563
85.5995
85.2726
84.5398
85.3402
86.0308
85.7332
85.1498
83.6174
84.1612
85.6825
83.8930
85.8399
83.4376
83.9563
84.0835
86.2771
84.3716
82.4495
82.2222
84.5320
86.1280
84.8415
84.7142
85.6549
85.4875
86.8752
84.6841
86.5851
85.9745
85.4675
86.7642
88.2336
87.2897
88.2070
88.2172
88.5536
88.5065
87.6135
88.8489
87.5025
87.5584
87.7571
86.5223
85.5406
85.6012
85.2913
83.0170
83.7545
84.7667
84.5875
86.4406
85.1110
85.8412
84.7067
85.0026
86.8019
86.5633
86.4175
85.9851
85.6476
86.1639
86.2577
86.2592
83.8195
85.6017
84.7784
85.4255
85.4334
83.8284
85.0689
84.7330
85.5236
87.9392
85.1164
84.9001
85.9425
86.6912
86.9927
86.7215
86.3092
84.4193
84.5377
84.2513
85.2469
84.8736
85.9307
85.8794
86.0302
84.3469
83.6286
84.2059
84.0989
83.7040
83.4427
82.7118
83.2817
83.8976
83.2584
83.5095
84.2243
83.2365
83.7783
84.8371
84.2318
84.7166
85.0430
84.9288
84.7055
86.7475
85.0525
85.9740
84.3524
85.3609
84.4884
84.4400
84.1042
83.6510
84.0646
82.9753
83.2986
83.4717
83.2520
84.6640
85.0642
83.8131
84.3089
84.5689
84.8616
86.5063
86.8749
86.1495
85.9798
85.7513
85.1758
83.9272
85.0186
83.9532
83.9763
82.5682
83.9365
84.3017
84.2008
85.0269
83.3609
83.8740
83.6453
82.0367
82.8177
83.2259
82.1337
83.2094
83.0472
82.4790
82.4092
82.9448
83.4820
83.1735
84.5211
86.0814
84.9559
83.5372
84.6539
83.9440
85.5506
85.0139
83.3067
85.3244
84.3229
83.4927
84.7345
84.8862
84.7949
83.8495
83.9803
82.4545
84.9125
83.6040
85.0360
82.5489
82.9809
82.6541
79.9681
80.5017
82.0331
82.8874
82.7680
83.9616
82.2552
82.6602
81.3643
82.6473
80.9208
81.4723
80.5273
79.6742
79.8094
79.7141
80.7175
81.2390
81.2189
83.8439
84.1909
84.5640
83.7913
83.0848
83.3303
82.0144
80.3037
80.9042
81.1012
81.5379
79.9635
78.0290
78.2174
78.9443
80.7529
81.4525
80.6367
80.3050
78.9576
80.8738
79.8280
79.1689
77.5569
76.4983
75.7321
74.5422
75.1307
75.8228
74.6886
76.2487
76.4763
76.3252
76.9606
73.8656
