92.2184
92.5436
90.7140
92.0953
91.1551
90.2241
90.0335
89.3955
90.8402
92.1508
91.8443
93.3552
90.6671
91.8154
92.3280
92.8562
92.4378
94.2381
93.2811
94.0457
94.8602
94.2247
96.0242
94.3065
92.9463
90.7487
90.6814
90.8652
92.8512
92.1394
92.6870
92.8672
93.5047
93.6885
93.0009
92.6321
93.0845
93.8641
92.4697
90.8978
92.9465
93.7870
93.1431
93.3921
92.5216
91.0675
92.4210
91.8495
92.6287
92.0790
92.6234
92.2605
92.2842
91.0700
91.3583
92.9499
92.1283
92.9571
91.4687
91.1662
90.9267
90.0114
91.2284
92.4046
92.5132
92.5536
92.5148
92.0292
92.1651
91.7190
92.6463
92.6758
92.5961
92.9695
93.2188
93.8955
92.9937
94.8552
94.2541
92.1708
92.0945
94.0744
95.3303
94.9467
95.4780
94.4141
94.7949
94.4711
94.6120
93.6389
94.7419
92.7037
93.4565
93.8400
94.4927
95.0210
96.2566
93.7496
96.6836
95.4690
98.1406
98.5049
96.9991
94.8523
97.6253
100.2322
99.5952
96.4927
96.5705
97.3153
98.6447
100.1563
98.6167
97.9055
96.6327
97.6613
98.3338
96.3771
97.2614
96.5514
96.9842
97.4315
96.9482
96.5452
97.1123
96.2159
96.0086
97.2023
96.1782
94.4280
94.1465
95.9065
95.8567
94.1513
93.0782
92.4632
93.1793
92.1814
91.1340
91.4091
92.3927
93.8631
92.0487
92.3064
92.2366
92.6138
92.4355
91.5405
93.2615
93.2793
94.3117
93.4156
91.8752
93.0284
92.4325
92.9855
92.0489
93.4337
91.8832
92.2836
91.8649
91.5532
92.4374
92.8571
94.0220
92.1713
93.2072
91.6286
90.7360
92.3293
92.4605
91.6646
91.5087
91.4718
90.9795
91.1226
91.7662
90.7999
91.4234
92.5867
92.1160
92.3606
90.9581
93.5329
93.5377
92.2536
94.4144
94.1659
92.2239
93.4372
93.7278
91.5446
94.4676
93.7931
92.6724
91.4830
89.0569
90.0764
90.1895
91.2119
90.9073
91.7454
92.7739
92.8411
92.9772
92.3691
92.8999
92.8460
91.3436
92.2566
90.9144
90.7909
92.1088
93.2450
92.4106
93.9664
94.4196
93.9339
94.4157
93.9316
93.1393
92.6287
93.2825
93.5357
91.5752
93.7926
94.4914
92.9823
92.5029
91.8603
92.1269
92.4894
91.3223
91.4361
91.4384
90.8811
91.5957
92.3613
93.4410
93.3767
93.3387
92.1592
91.6255
91.8924
90.6388
89.0997
90.4195
90.0062
89.3503
89.0946
90.2881
89.8817
90.4817
90.0297
90.7271
89.8914
89.6452
88.8211
89.9844
90.4865
90.3718
88.3230
88.2346
90.3259
89.5528
88.5348
89.6346
89.8386
90.9008
89.4941
88.7638
90.1579
88.6025
90.1800
87.8416
88.6920
88.2457
88.6212
88.4341
87.2180
85.9685
85.9075
86.4463
87.2558
88.8856
88.3631
90.7754
90.7767
89.5895
89.3704
88.1369
88.1809
86.7707
88.1838
86.8580
86.3348
86.9307
88.5035
87.1659
87.4019
87.1207
87.1754
86.7264
86.2000
87.9476
87.4415
86.4752
86.2121
86.2297
85.6890
85.4890
84.0844
85.3913
85.0017
86.0076
85.5693
86.2618
86.6112
86.3677
86.6168
86.1142
87.2960
89.0812
90.0630
89.9733
89.5993
89.3100
91.2168
89.3493
89.1045
87.9095
88.5774
88.1379
88.4569
88.1410
88.8035
87.6708
87.4009
87.2816
87.9563
86.2625
87.9174
88.8047
87.1917
88.3451
90.2197
89.0585
88.9336
90.2284
90.6344
91.6219
92.4226
91.0649
91.3823
92.5672
92.1635
91.8643
92.5722
92.7814
93.2038
95.0886
94.5731
92.6090
90.3710
89.8432
90.8925
90.0433
89.5521
91.7657
90.7962
90.8613
89.8372
88.6599
88.5411
88.6813
88.4543
89.9242
90.7871
89.5310
89.8722
90.9210
91.8828
91.5246
90.4634
92.2306
90.9583
92.3356
91.6908
92.0243
91.3284
91.1596
91.6592
92.5103
92.3591
90.6360
91.8606
92.0355
91.6374
92.2226
91.6205
93.8187
93.7692
91.5857
91.3173
91.4561
91.1018
89.8600
89.4564
91.3164
89.9500
90.0869
90.6143
91.7072
91.6213
90.7413
89.8391
90.5130
90.7527
89.5030
88.1569
89.9372
88.4424
89.6723
90.3852
90.0232
90.8217
91.7583
91.3609
92.2558
90.3851
89.7565
89.3097
90.7934
90.6950
90.3570
89.5097
90.1403
88.7746
88.0896
88.4281
91.5233
92.5963
91.1057
90.5734
89.7873
89.6793
90.6193
91.3017
90.7338
89.7307
89.9783
90.8553
89.6609
90.1325
89.3510
89.4258
91.1176
91.8623
92.4582
91.8368
90.9856
91.5932
91.2860
92.0026
91.3118
90.7571
90.8014
90.3450
90.3564
90.5844
90.1453
91.1419
92.1860
94.2982
94.4132
94.2555
93.0390
94.2339
91.1049
92.1781
92.6632
93.4656
93.2432
94.4770
92.3067
92.3175
92.2339
94.6524
93.5077
92.9371
93.8094
93.0575
92.5254
93.9653
93.0103
94.4503
94.8935
93.1682
92.4461
92.5270
94.7311
93.7540
92.9665
92.5283
92.5081
92.1864
91.7969
91.8252
91.2835
92.0354
91.8499
92.1140
93.5869
92.3275
92.5482
92.1679
93.5366
93.5462
94.7707
93.5424
93.8959
93.1618
93.8964
94.2067
93.4332
93.7493
93.5542
94.1325
91.8092
90.4374
91.4601
89.8351
90.6815
90.1184
90.4186
92.0753
92.4447
90.9579
91.3706
91.7114
91.5224
90.7759
91.1518
91.9508
91.2400
89.9552
88.5975
90.1204
88.9683
89.1221
89.8916
89.4602
91.5005
89.1346
87.7869
87.9343
87.1275
86.5165
86.7742
86.3113
87.2311
87.2311
87.2970
89.1569
86.2062
87.4023
88.5023
88.5019
89.5130
89.6103
88.8503
89.0381
90.0749
89.2001
87.7312
87.3575
87.6263
87.0668
87.8119
89.4759
89.8623
90.4383
88.1364
88.2755
88.8889
90.2334
90.2173
91.7564
91.4045
91.2455
91.3434
91.1028
91.8728
91.9403
92.4462
92.2211
89.7974
90.7782
90.9815
91.6059
91.3119
91.6829
92.0654
91.1804
89.8597
89.5936
89.3948
88.1252
86.7024
86.7094
87.1992
87.5998
85.9196
86.5257
87.2309
86.8853
88.1021
88.0819
86.6861
87.8223
88.6682
87.9193
88.3839
88.7117
89.5803
88.0312
86.2388
86.6854
85.2948
84.8789
86.8266
87.1426
87.8050
90.0139
91.2723
89.6897
90.4181
90.6454
89.4357
89.5727
89.7913
89.7577
89.9137
88.5947
87.8122
86.3103
86.1393
86.4174
86.8928
86.9818
86.6322
88.5998
87.4014
87.4354
88.0335
87.8726
87.3183
86.8434
86.8443
86.5593
85.7659
86.9605
88.3695
89.5522
89.9838
89.8078
91.2187
89.8745
89.7437
89.0935
89.2557
89.0085
89.1851
89.3096
90.0690
88.3378
88.8340
90.1159
88.5262
87.8529
90.3752
90.9113
90.4070
89.0675
88.0891
89.6246
88.3607
88.7586
88.3752
87.4428
87.4214
86.0666
84.4982
84.6829
82.5453
84.6621
82.7870
83.9506
84.1498
84.7345
84.7459
85.2295
84.4121
84.7294
85.8885
84.6956
83.2792
83.4206
84.6154
84.0622
84.3636
86.6059
84.8146
86.1006
84.1784
85.9174
85.0897
85.4344
84.5256
86.2301
85.2256
85.8448
87.3004
85.8969
86.8103
87.1482
86.2379
86.3793
86.2325
86.0063
88.1580
86.6400
87.2202
88.0668
88.6469
89.0226
88.1082
90.6595
89.0247
88.3246
88.5956
88.3342
88.8690
87.6958
86.5262
87.7781
86.4290
85.1272
85.5106
84.4821
85.5618
86.1764
85.4086
86.1887
86.5618
86.9774
85.9962
86.2099
85.8490
83.7837
83.9924
83.9973
83.3915
84.6838
83.0293
83.3297
84.0909
82.6976
81.7979
81.5909
82.5548
82.2467
83.1194
81.1219
81.6430
82.2869
82.8397
80.4883
80.6648
80.6545
81.1795
81.0596
81.1513
81.6346
81.4264
82.2793
81.9835
82.9906
83.8475
84.7759
85.0360
84.7362
82.6430
83.1139
83.0442
83.0150
82.4977
81.0642
79.8962
81.4063
81.4482
82.1569
83.1626
83.1693
82.0337
83.6314
83.7059
82.9651
82.7578
83.5700
83.9296
84.5365
82.5005
83.2835
83.3245
83.8490
84.5565
84.7723
85.3312
84.1408
85.8124
85.2690
83.8443
84.0541
83.9561
83.4805
82.2110
82.8395
82.4395
82.7810
83.8047
81.7675
81.7501
80.8419
81.1826
80.6938
81.9384
79.7887
80.0398
80.1033
80.4663
79.7571
80.2580
80.0691
80.0705
80.5909
80.9704
81.8445
82.2763
80.6215
79.5511
79.2522
79.2706
80.4288
79.4983
81.0012
79.4446
80.3694
79.6527
79.9992
79.9378
79.5604
78.9307
79.4660
80.3107
79.7251
79.7122
80.1323
80.7086
79.8488
80.0351
81.3374
81.7036
83.1172
79.8640
80.0640
80.0408
78.7703
77.9926
77.1022
79.0820
77.7752
79.3140
79.4650
78.8104
80.5543
80.1720
79.4468
79.7362
80.0162
80.0048
80.2643
80.7203
81.1304
81.1145
80.3914
80.8369
81.1910
80.7683
80.4922
78.8711
76.6681
77.6926
78.4645
77.7220
80.3463
79.3650
79.8723
80.2307
79.5301
78.7455
80.2605
78.8700
80.2941
80.1607
79.6487
82.0085
81.8448
81.2006
79.5038
79.2297
79.8983
82.0091
80.3954
80.2486
82.0993
80.9911
81.6451
81.8239
81.0399
82.1188
83.4855
82.9283
83.2786
83.3393
81.1803
81.7119
81.7927
82.6545
83.0239
82.9098
83.2947
84.0318
85.3799
82.7374
82.2600
81.7389
82.6442
82.2504
83.0602
84.5801
82.2101
82.1642
82.1480
80.4387
82.1913
82.1351
82.4748
81.4184
82.8848
84.0315
83.8156
83.9375
83.5018
84.2563
85.0312
86.7424
84.5813
82.7935
81.9109
82.4456
81.9326
83.8374
83.8974
82.7892
83.7241
83.9788
85.6954
86.1268
85.0959
85.1337
86.8230
85.2163
85.6215
84.0770
86.8235
85.6467
85.3194
85.6905
85.7152
86.5527
86.3793
86.4925
84.0261
84.3830
84.9747
84.9717
86.2942
86.8656
85.8477
85.8313
85.5162
86.3199
86.0026
86.3522
86.8385
85.7742
85.7875
87.0317
88.3808
87.7751
86.2795
86.4966
86.8903
85.8351
86.3158
83.5094
83.0840
86.1105
85.8748
87.4499
85.0696
85.0751
84.9205
84.3097
84.6717
84.3397
87.4448
86.1333
86.3133
86.9355
88.0835
88.4055
87.8514
86.7723
86.7316
87.3193
85.3881
84.3355
83.6787
84.7669
84.7554
84.9430
84.8344
85.4736
85.6344
84.8072
85.5823
84.3979
83.6691
84.5666
83.4651
83.5168
84.5643
84.3151
84.5690
83.1286
84.8373
86.5030
85.6986
85.3933
85.6124
87.9856
85.2555
87.0752
88.1751
86.6660
84.5382
84.5575
86.7154
85.3839
86.3592
85.1212
85.5691
83.9903
83.5229
83.2331
83.2917
84.2292
84.2759
84.8624
84.3856
84.8425
83.7693
84.3222
83.0252
84.3440
82.9696
81.3616
82.6637
84.1010
83.3217
83.2130
83.3826
84.7756
84.5404
86.0699
86.4136
83.7958
83.1386
84.2395
83.8160
84.4185
83.7585
84.6123
84.6882
86.7108
86.5471
87.6649
85.3640
86.0227
84.8441
85.1669
84.1928
84.9516
85.0545
85.8523
85.5915
85.1955
86.1321
87.0071
86.9920
85.7136
86.8473
89.2832
88.4047
87.5380
89.0195
89.3230
89.5165
89.4108
90.0673
90.6096
94.0072
91.0499
91.3883
90.8933
89.3931
88.8332
88.5310
88.2723
90.5322
89.2562
89.2937
89.3704
88.1922
88.8363
87.4775
87.7977
86.9435
87.2095
84.5521
85.1049
85.7134
85.7344
87.7288
86.7631
87.3095
88.7561
88.2811
87.7101
88.6628
88.6978
89.0886
87.3804
87.3486
87.7507
86.7980
86.1675
86.0009
87.7714
85.3326
85.0837
84.0929
86.3075
85.7066
86.6840
88.2462
88.3702
90.9364
89.5096
90.8552
93.0640
89.9335
90.6068
90.1753
89.1463
90.2799
89.8917
88.9782
90.0097
89.2844
89.3654
89.3040
89.8967
88.6481
89.4663
91.0487
91.8027
91.5543
89.8118
91.5934
89.3389
91.3599
91.3840
92.0906
91.2571
90.4581
90.8967
88.5032
87.8759
87.4933
88.8955
87.5731
85.8524
86.9939
87.5720
86.8690
86.5102
87.3764
86.2226
86.9995
86.6812
84.8524
85.4030
84.2278
82.4425
83.4740
84.3734
83.5103
80.7246
83.1666
84.5446
86.2941
85.1394
86.1671
86.0859
86.0505
85.5489
85.4731
85.5897
86.1228
85.9973
85.5861
87.1457
87.6570
86.4745
85.5091
87.3641
85.5486
86.1590
83.4284
85.9853
83.9876
86.1325
86.2412
86.4389
85.9884
87.0554
87.9260
87.6334
86.9800
85.4079
84.8595
85.1509
85.6082
85.6714
85.1491
85.6450
85.3537
81.8533
81.5728
81.3739
82.5318
82.3649
80.9031
83.7642
83.4556
83.3429
82.7178
84.9349
83.2440
82.2086
83.5292
85.7389
85.5435
85.2702
85.3775
87.1914
86.1809
85.9598
85.8761
86.5613
87.1109
85.5577
87.8942
87.1720
85.8340
86.1696
86.6983
86.3782
87.1418
87.9405
89.3203
90.1012
89.0241
89.3261
88.9835
89.0912
87.4877
88.6595
87.5191
86.1812
85.5606
85.5671
85.4756
85.0988
85.9365
85.7866
85.9429
84.5999
85.1089
84.7604
86.6100
86.0550
84.5003
85.1525
83.8316
83.6428
85.0135
84.3816
84.6939
84.6499
83.5601
83.2900
84.8064
83.2233
84.4275
84.8119
83.8331
84.2791
84.3289
83.7635
85.8401
85.8561
85.0390
84.2973
85.0226
85.0117
84.1343
82.1677
81.6805
80.9205
81.1620
81.8523
80.8721
80.0574
81.3157
80.3549
82.8281
82.8921
82.8776
81.9058
80.7692
81.6929
82.0974
80.8704
81.6020
82.2518
83.0579
81.2149
80.7442
81.0288
80.3226
79.4538
79.7587
82.9504
84.1924
84.4806
83.9132
84.3447
84.1588
83.5631
84.5638
83.6750
81.0774
82.9351
81.2708
82.4434
83.2249
84.1590
82.9355
81.9713
82.7382
83.2772
83.4526
83.3759
84.5990
84.2524
84.6184
85.4161
86.4377
87.2987
86.4392
86.6412
86.3497
85.1188
84.9142
84.0829
86.1375
85.7563
88.5126
88.3874
86.7669
86.9071
84.6565
86.8419
84.7889
85.3425
85.4900
84.0237
85.7256
85.8543
87.1905
86.4295
86.9516
86.6734
87.1803
87.6296
86.7617
87.0519
86.0646
85.7978
86.4315
85.4617
85.7585
86.7064
86.7104
85.0614
85.4461
85.9110
85.4267
85.1533
85.3103
83.1026
84.6263
85.3873
83.6910
84.3900
84.6126
83.2821
81.6623
80.7449
80.9202
80.6328
79.4916
78.3488
80.6063
79.4718
78.3335
78.1945
79.0403
79.7461
80.2626
80.0148
80.9253
80.1864
81.8330
80.7879
81.5089
82.3594
81.6644
80.6759
83.8509
82.6414
83.8927
84.8552
85.2861
83.0138
83.0911
83.7305
82.3095
82.8836
82.2983
84.2282
83.3593
82.1381
83.2223
81.2697
81.5814
81.8086
82.6710
83.7885
83.8355
83.5894
83.0805
85.1822
84.5877
85.4402
86.4379
87.8347
88.1868
87.5738
86.8339
85.4808
86.0180
86.5101
85.6865
86.5568
85.6997
85.5978
85.6670
83.4695
83.7029
84.2777
84.1394
84.1505
83.8378
83.2531
83.8977
85.3937
86.0290
84.0077
84.5263
84.1962
83.9190
86.3443
86.1751
86.6259
85.7666
87.3178
87.5406
87.1875
85.7271
87.0667
87.5982
89.1158
89.3107
88.1835
89.5966
89.7515
88.7671
87.0102
87.9227
88.9833
87.2137
87.3705
88.5596
86.2651
84.9502
85.0197
83.2234
84.5780
84.7990
83.7404
84.2368
85.2940
84.9544
86.7315
87.4999
86.9322
88.5813
88.4507
88.6646
86.9385
87.4967
88.4322
88.1862
86.5470
87.0568
84.8557
84.9568
87.1087
86.1040
87.7204
88.6803
88.4314
88.2516
87.5661
87.5941
87.2689
85.4493
86.8249
85.7970
85.8632
85.4430
85.4424
83.0240
82.9974
84.0355
83.9691
83.2947
85.1607
85.9736
86.1016
85.2017
84.6074
85.5067
86.3338
87.1082
87.0105
85.6934
87.5369
85.5212
85.8429
86.7603
88.2529
87.6925
87.3827
88.3422
86.6764
86.6380
85.4711
87.2362
84.5318
85.8207
85.8668
85.8330
86.9495
86.8775
84.9002
85.1590
85.4395
85.0166
85.3048
85.8988
85.3420
85.4348
86.1605
85.9607
87.1305
86.1518
85.4166
86.6152
85.4762
84.6322
86.1432
86.0062
86.8873
87.4978
88.2947
89.2650
88.3491
89.2343
87.8654
86.3680
85.7234
86.7937
86.7326
86.3159
86.3524
87.2082
88.1956
86.3137
87.9733
87.4797
87.1550
87.3887
88.8460
89.4668
87.8716
86.8354
89.3480
88.1779
89.5532
90.5297
89.4585
89.5217
89.9247
87.3207
88.8929
88.7343
90.6818
89.4246
88.5833
88.6694
89.0811
90.7182
90.5126
90.7505
88.9950
89.5870
89.6474
87.6789
87.8451
87.8943
86.4928
86.7267
87.6105
87.3097
86.4000
87.1562
86.3780
84.9325
85.3470
85.4946
86.5967
85.6156
84.7695
85.6660
86.2441
84.8188
86.0619
84.9107
85.9527
84.7440
84.7671
86.0898
86.7224
87.8014
85.0243
87.1505
86.0138
86.9265
86.1715
86.1881
87.5497
84.1344
82.8502
84.3464
84.8209
85.0228
84.5133
84.7563
85.8460
83.2404
84.1332
83.1859
85.4576
86.3440
84.9279
86.6680
85.4239
85.4874
85.8224
83.4581
84.4110
85.6375
84.9466
85.5928
85.2245
85.0522
84.3887
83.5191
85.0791
85.7085
86.2551
85.4344
84.0824
85.2290
84.0786
85.2730
84.5214
84.4076
84.0781
85.3904
85.2464
85.6296
83.7246
83.3972
84.0885
84.0274
83.1721
81.9910
84.4686
83.1480
83.9751
81.6291
79.8681
81.9112
80.0324
81.9054
81.9095
81.2445
79.8754
79.6971
79.6954
79.8016
79.4300
79.5966
78.8849
80.0304
80.1069
79.1617
79.1324
78.1755
77.2853
78.0588
76.6737
76.0732
72.9416
74.2964
75.8438
75.8657
74.0971
73.6993
72.3760
75.2985
75.2652
74.8172
75.5526
74.7465
75.3379
76.0905
76.2492
76.8245
76.1884
77.5386
77.6334
77.7354
76.2661
76.1005
77.1058
75.4706
77.5905
77.9281
79.9186
81.0042
81.8025
81.9462
81.4303
80.2781
81.1562
81.7606
81.7529
79.2515
79.4921
79.9086
81.8366
81.2265
80.7487
80.6480
81.1371
81.9154
82.1016
82.8237
82.4390
82.0596
80.7706
82.9695
82.8313
82.4384
83.6669
83.4665
81.7877
80.4363
79.1974
79.6626
79.5624
81.3106
80.5246
81.2632
82.1971
80.9590
81.3259
81.8720
81.7997
81.2540
82.9438
82.2626
83.2661
83.2321
81.6640
81.5232
81.6184
80.7985
80.3255
79.7243
79.2476
79.8303
82.1663
80.9888
80.3771
81.8678
81.6979
80.5082
81.8804
81.5787
82.5273
81.4180
82.2789
81.9735
82.2725
84.0487
83.4402
83.1521
82.9226
81.4223
83.0083
83.5855
83.4956
82.6809
84.7710
85.0990
84.0955
83.8388
86.1174
85.0470
85.9938
86.4630
86.3619
87.1173
88.2364
86.4797
86.5579
85.6812
85.6180
85.6737
84.8873
85.5344
85.7300
84.6711
84.8667
85.1463
85.1606
85.5573
87.5469
85.8767
85.9064
88.1383
88.1331
86.4463
87.6357
87.2124
87.5188
88.7927
88.4673
88.8858
87.4202
88.3474
88.9419
87.1589
86.6454
88.2507
87.6836
87.2568
87.5166
85.3113
85.5081
85.9604
86.4032
85.8236
85.5483
85.6386
85.6048
85.1688
85.1026
85.6205
83.3954
86.0665
86.7502
85.7115
85.8609
85.1751
86.3251
86.6701
84.0197
84.8629
85.8657
84.1031
84.5571
83.6536
82.6471
83.3476
82.8195
81.3416
81.9670
80.1819
81.1731
81.6204
82.2088
82.7392
82.0716
82.6516
81.0131
82.8640
82.5921
82.9219
84.0045
83.5785
82.7384
82.1212
81.2044
82.2577
81.4600
83.1357
82.0477
84.7180
84.2410
85.2542
84.3390
85.5635
85.8251
84.1010
85.1633
84.8924
83.7605
83.6397
82.6239
83.6399
85.2386
84.5036
84.0934
84.3508
82.8869
83.0789
84.9794
83.6539
83.8741
83.0189
84.0425
83.2476
82.5709
82.2068
81.7082
82.8201
82.8437
82.0504
83.8013
83.5848
84.3586
82.6543
82.0525
83.9930
85.1734
86.1310
85.0173
85.2230
83.7827
83.7107
81.8720
81.9196
81.8710
81.6538
83.6208
82.9910
80.2326
81.9014
81.2543
82.7139
83.0943
81.7672
81.9419
81.4191
82.4336
82.5270
84.5224
84.1868
84.8347
85.3466
85.5272
84.4512
86.5272
87.2722
87.0503
86.5630
87.8719
87.0469
85.5287
87.2957
87.7070
88.9736
89.7513
89.1384
87.0728
89.5471
88.4510
87.5237
86.2913
86.3863
87.2033
87.8889
86.7995
88.6713
87.5273
88.1812
87.5281
89.9691
88.8182
89.8561
88.4769
88.2767
88.3193
89.5819
89.0522
91.1698
90.9110
89.5739
89.8525
90.6617
90.2867
91.2643
91.1989
91.7280
92.5450
92.5969
92.1993
91.7619
92.0520
89.5923
89.5303
89.7939
89.9582
89.7453
88.5241
88.8157
90.1897
89.1919
89.1075
88.2881
88.6525
87.0078
88.8735
86.2654
87.6900
88.6593
86.3124
87.3785
88.1305
88.2384
87.3067
86.1324
86.9697
85.3074
87.0094
87.0165
87.4323
89.1578
88.8115
88.0258
87.1729
86.8673
87.1370
86.4360
87.2071
84.7863
85.6704
84.8576
84.4154
84.3973
84.8761
84.6855
83.2636
83.6099
83.3580
83.5975
83.5967
84.1001
83.0642
83.3470
83.1787
85.3270
85.4086
83.7403
84.3437
82.5813
84.2137
83.4574
85.4067
84.5725
84.0306
85.3690
83.2513
84.9916
84.4034
83.5040
83.7291
83.7044
83.3136
81.5643
83.1952
82.1384
81.7592
79.7246
82.4251
81.2890
79.7601
81.0972
81.5225
80.4360
79.5511
80.9837
81.3439
82.9378
83.7814
82.5066
80.9929
82.3677
83.6273
83.6813
82.5942
81.4000
83.6039
82.6862
82.7872
83.9008
83.3709
82.3146
83.6944
83.2442
83.3570
82.8051
80.6299
82.9378
82.2528
83.0712
83.9031
83.1966
84.6241
83.8457
82.7859
83.8499
84.4285
83.5120
84.5403
83.4812
83.2660
82.7963
81.4520
81.0076
81.3283
82.1706
81.6716
82.0026
81.1363
80.9618
79.8928
80.3314
79.4688
78.4912
79.2493
78.2011
77.6411
77.6583
77.6578
78.3513
80.0245
79.9320
80.7189
80.1406
78.1625
79.9732
81.0905
80.1787
78.3261
79.3901
78.4197
78.8536
77.9895
77.1539
79.0099
78.4509
79.6673
79.4387
80.5753
80.2292
81.3808
81.1235
81.9462
82.5694
81.1008
80.7028
80.2646
79.7337
79.1995
78.2434
79.1936
78.2655
77.0927
78.5093
78.6770
77.8362
78.0864
78.3400
78.5070
77.1520
77.6023
77.9593
79.5227
79.4563
80.0315
77.7333
76.8409
78.0152
78.1447
77.5152
77.7787
78.5625
79.3140
79.6559
80.2835
80.7356
80.3212
81.7087
80.4537
80.1450
78.9886
79.8157
80.3762
80.2049
82.0352
80.7422
81.8475
81.3799
80.0534
80.4043
79.8755
82.3938
80.8576
81.0149
83.1551
82.8993
83.0413
81.8413
81.4566
82.1865
80.2428
81.2680
78.9015
79.6461
80.2580
80.9020
80.1577
79.9237
82.6119
81.3808
81.4352
82.1445
80.8008
78.6432
79.8987
80.6188
78.8503
79.0789
79.8999
80.4697
78.6593
79.3785
79.0681
79.7645
78.8266
79.4463
80.1866
80.9649
80.8966
82.5254
81.2842
81.0441
80.0506
81.7233
80.5001
79.8919
80.0804
78.9767
78.6220
80.1294
79.5253
79.3171
78.2236
78.9290
78.1428
77.6121
78.7715
79.0946
79.7799
79.3574
80.4184
79.9202
79.8687
81.0377
79.7092
80.4381
79.7954
77.9961
76.8295
76.7601
76.8057
77.9339
77.8422
78.5816
77.1326
75.4468
76.7120
75.8066
76.4323
77.4437
79.3588
77.0243
77.5102
78.7093
78.7486
78.9673
78.2274
79.0644
79.5723
78.7198
78.5730
79.2153
79.2598
78.0610
77.2134
78.1833
77.5273
79.0113
78.2081
78.1938
78.2350
79.5716
77.3805
76.8456
78.5473
78.2388
78.3409
78.0149
78.6218
77.6207
77.9250
78.8182
77.8913
77.3695
77.4654
76.8003
77.2923
78.4993
77.6333
77.8334
78.4003
78.8054
78.5187
78.3731
79.0457
78.0789
78.1684
79.1396
80.0567
81.3042
82.4133
81.1285
81.5147
81.7984
80.8307
81.9324
80.6448
79.3822
80.3405
81.0773
81.7002
81.8643
80.1982
81.7374
81.3710
81.2514
81.9586
81.9451
81.9426
80.3811
82.1060
83.2650
85.0763
84.0877
83.9915
84.6526
83.8749
83.8110
85.7196
84.1088
87.2546
87.2090
86.5311
87.8185
86.7851
86.4712
88.3122
87.1539
85.4786
85.8664
86.5922
85.5938
86.1021
86.1748
86.2159
85.8901
85.5423
87.1651
87.0901
88.4458
86.7185
87.6658
87.8740
87.7286
86.7401
86.2329
87.1381
86.0596
85.0564
86.3778
86.2990
86.5292
85.9068
86.4298
86.4663
87.4375
86.4325
87.3508
88.4276
87.3395
87.1564
88.3846
89.0624
90.4537
88.9517
88.4709
89.4057
89.4108
91.6192
90.2632
89.1000
88.1940
87.6584
88.0172
88.8761
85.5197
86.8545
87.3119
86.7237
88.4130
89.0106
87.8810
88.0285
88.0314
87.3841
87.6512
86.5495
86.9086
86.5344
87.1055
86.1672
85.4367
86.0665
86.4007
85.8640
85.9970
86.8025
86.2132
88.6136
87.1354
86.0028
86.5478
85.0715
83.9159
84.7363
83.7472
84.4987
85.1273
84.5119
85.7984
86.1703
86.9763
85.7229
86.1413
86.5039
85.2924
85.0367
86.9136
85.3823
86.4039
86.9755
87.9267
87.3359
87.4986
85.8887
88.9956
88.3886
88.4315
90.8508
91.8233
90.0907
90.5147
90.7726
90.8932
92.0513
88.7573
89.3902
90.6288
89.7483
90.6120
89.5791
89.4270
89.8873
89.8582
89.6475
90.5038
90.0980
92.4372
91.5509
91.9646
90.5810
91.0517
90.3537
89.9805
90.7159
91.2386
91.1723
89.7924
90.4853
90.1361
92.2672
91.8118
91.8593
92.1366
93.3741
92.6469
92.1272
91.8459
91.8618
92.2969
93.7502
93.1051
90.6534
90.8783
90.0572
89.1677
90.2248
89.6593
90.9663
90.8148
92.1326
91.8061
92.6176
92.0369
94.3106
94.4822
95.5235
95.1217
95.7979
93.0139
93.5816
93.3510
95.6415
93.9167
94.3379
93.4042
93.8787
91.2290
93.8898
92.1800
93.4249
93.6257
93.1059
93.0995
91.7152
93.1502
93.6939
94.4267
92.5705
93.2300
93.3164
93.6860
94.5328
93.2125
92.5604
92.5573
94.0470
94.6587
95.6051
95.6821
96.3572
95.9551
97.0307
95.4082
93.8575
94.6549
94.7816
93.2849
92.4398
93.3397
93.5050
92.4250
94.1126
92.4058
94.2747
93.3034
92.8966
92.8176
92.8564
92.9804
93.0213
91.5233
91.1228
91.3657
90.8052
89.6269
90.2228
91.1344
90.7043
92.1520
91.4343
90.6017
90.5007
90.0799
90.1644
88.9086
88.9773
87.8100
88.5866
88.3581
88.9633
88.9442
87.8097
87.3092
88.4229
87.8498
88.1251
87.2417
87.4990
89.1411
89.4669
89.7585
89.3839
88.7312
89.9008
90.3817
91.0991
90.1853
90.7894
88.7465
88.6175
88.4201
89.6988
89.1159
93.8058
91.9785
91.7149
89.7124
91.2607
90.1910
91.2989
92.7971
92.9508
92.7217
90.9925
92.3485
90.9967
91.0880
90.0836
89.8405
88.8405
90.0429
88.9563
89.7520
90.0642
90.7126
93.1957
91.3731
90.1274
90.9395
88.9536
88.8658
89.6337
89.9189
89.4787
89.7168
88.7867
87.2239
89.3707
88.4616
87.6686
85.4085
87.0932
87.2649
86.9636
87.5761
86.3402
86.8343
87.2849
86.9318
87.4654
87.6684
86.2549
88.1938
87.0539
87.0670
85.1029
85.9132
85.8848
86.1449
86.5874
87.3588
87.2502
88.0281
88.7399
89.1083
89.2945
89.9499
90.3711
91.0626
90.7129
89.4425
90.1231
90.4557
91.1706
90.5882
90.9368
90.9729
89.1298
90.8490
88.9575
88.8975
91.8338
91.1546
90.2985
91.1419
90.4312
92.4902
92.0489
91.6696
88.5326
89.3436
89.4826
88.8324
89.5421
91.5533
92.2736
90.8512
90.7842
89.9764
91.2238
92.1370
91.6329
90.8819
91.5905
91.2977
91.6668
90.6314
92.2062
92.7259
91.1022
92.6188
91.5839
91.5605
91.1422
90.8164
91.6831
92.0323
91.0235
89.6952
89.5413
90.0498
90.2527
90.3610
90.2724
87.3285
87.5084
88.5300
88.1724
87.1680
86.4540
85.2152
87.6849
86.5960
88.0096
87.6394
87.0433
89.0187
87.3669
88.7777
90.6585
89.2430
90.2057
89.6153
87.9718
87.7675
86.3858
87.1676
88.6984
87.6281
88.6072
88.6306
89.9497
89.4248
89.2904
89.5014
88.7119
88.6195
89.5436
89.1716
90.1254
89.6713
89.7432
88.3560
89.8025
89.1103
89.2686
88.1523
87.6904
88.4279
88.5620
87.2064
87.6055
86.8803
89.0024
88.6767
87.6961
88.2936
89.9664
88.7929
89.9762
89.1518
91.0015
90.3074
89.5841
90.8623
91.0519
90.9921
91.2794
92.4964
90.9855
90.9369
90.2637
89.6502
90.2279
90.9742
89.4097
90.5206
90.4886
88.6016
91.3109
91.6331
90.7645
90.6814
91.4232
90.9158
92.3140
93.2983
93.5421
94.5135
92.6900
94.8972
93.2311
93.4663
95.1367
95.6559
94.7892
95.3469
94.3767
93.4607
91.2795
91.6163
90.4135
90.1362
90.2682
90.3518
91.7795
90.4897
90.6512
89.9094
90.1795
89.4012
90.0030
89.0290
88.7035
89.2252
88.4596
89.7148
91.7153
88.9680
91.7353
91.0377
90.8853
90.7024
89.3308
91.2074
90.9325
92.0190
91.0495
90.6642
90.5103
91.6973
91.0193
92.0649
92.4322
92.9235
93.6280
94.0625
92.8332
91.9675
92.1993
92.8388
94.6408
91.8043
91.4335
91.8979
92.4033
91.7749
90.6963
89.4010
90.7762
93.1340
93.5004
91.3495
92.2509
93.3701
91.5270
91.2989
91.6869
92.5546
92.8291
92.1449
93.1616
94.3252
92.9030
92.4552
91.0012
90.6698
91.8615
90.9505
90.4470
90.7092
93.2977
93.5255
93.0500
93.1579
93.0093
93.5909
91.4473
92.3007
93.1996
91.7574
94.0360
95.1690
94.5160
95.5782
96.6509
94.3748
93.2079
92.2286
91.7389
92.0293
90.3927
90.4964
89.2211
90.2294
90.8846
91.7069
91.8911
91.7925
93.4133
91.9992
91.9482
91.2020
92.1848
92.7071
93.7337
93.6394
92.8674
92.4711
93.0795
93.5538
93.5102
92.4745
92.7648
93.7073
93.8573
92.8679
93.4085
94.0249
94.6123
93.3365
93.3446
92.3531
93.5313
92.7164
93.6965
95.7832
96.0275
95.3276
94.6976
95.3069
93.9416
93.5738
93.5972
95.0799
94.6974
93.1946
91.3678
91.9835
92.6402
93.1243
91.7193
89.9859
90.1767
91.0605
93.7713
90.6531
90.5237
90.8116
91.2962
91.9982
93.5845
93.9797
93.9129
93.1173
94.0943
92.3041
92.8031
92.4425
91.7277
91.0910
90.0105
90.4257
90.5420
91.2094
91.2045
90.8532
92.4874
92.3130
92.4128
92.3168
93.0940
95.4828
92.6752
93.1643
92.1203
92.3005
92.9053
93.3946
93.9434
95.5655
96.6926
96.8086
97.1886
96.3759
96.7546
95.4566
95.8309
93.7905
93.6930
91.6872
89.9306
90.3401
90.6660
89.6140
90.3433
90.7387
90.4110
91.6333
92.0269
92.1305
91.6541
90.9840
92.0543
92.7162
94.7414
94.0189
93.3691
91.2163
91.7317
90.8019
91.4067
91.2578
91.9101
93.0077
94.8022
95.0368
95.9771
94.6930
94.8009
97.3425
94.3368
93.8055
94.8802
93.6998
92.5628
92.3966
95.0880
94.5491
92.2236
93.3163
92.4681
92.6626
91.3667
91.9782
93.3696
93.4738
95.6929
94.0153
94.9331
95.1252
92.1411
93.1478
93.7720
93.2253
92.2413
90.9180
93.1288
94.2524
92.7800
92.4774
94.6112
93.4598
94.5530
93.5560
93.5237
92.5918
93.1170
97.3808
96.1135
94.5854
94.3590
95.3340
92.9192
94.0157
93.2344
94.7276
96.1110
94.5215
95.3345
94.1308
92.7949
94.2714
94.6325
94.0711
93.0717
93.1353
94.9801
96.2142
98.0992
96.7459
96.2069
96.8872
96.9259
94.4047
93.2095
95.2704
94.8294
94.8347
94.4219
92.2137
93.3305
92.4970
94.4543
92.7573
92.1275
91.2788
92.1857
92.7600
91.8521
92.3199
91.2106
90.5887
92.4527
93.2473
94.0022
92.7122
94.4211
94.2254
95.6152
94.3395
94.1032
94.4922
94.5381
94.7437
94.7467
93.5937
95.5091
95.4863
94.3572
94.8581
94.4452
92.3931
94.6889
93.0558
92.0216
91.0316
91.7943
91.6772
91.9048
91.6908
91.7445
90.5580
91.2650
90.7913
92.0251
92.5265
92.6112
92.6118
91.5541
89.3675
90.8202
91.7549
91.7389
90.1713
90.2727
90.1196
91.8359
90.5329
91.5587
92.4530
92.2910
93.5120
91.1535
92.1341
93.9676
93.2642
93.2266
93.6247
95.4596
94.7096
93.9352
95.7802
94.0846
95.1733
92.5088
93.7801
92.4969
91.5761
92.7396
94.3195
91.9565
91.5616
92.0820
90.3250
90.8418
90.1972
91.7504
93.4433
93.2301
94.2420
93.7911
95.4683
93.4092
92.6749
92.1984
93.5281
93.1729
94.4635
94.1653
95.4972
95.8509
95.0484
94.4621
96.1613
95.3306
95.2009
95.7926
95.1965
95.3725
93.8642
95.7700
95.4825
95.5238
95.7014
95.9664
95.0824
96.2666
93.8094
94.8523
94.9414
95.2922
94.2002
94.3115
94.8890
93.7613
93.5946
93.2100
93.7268
93.9121
94.6629
94.6489
95.2251
93.3567
93.2288
92.6802
92.2762
92.5382
91.7689
93.6062
93.2641
94.3773
94.5738
93.8445
94.6050
94.6698
95.2874
93.2176
92.2059
94.2855
94.6647
95.0461
95.3536
96.3175
98.1095
99.1080
98.1663
98.7248
96.6870
96.0737
94.3589
94.2693
92.8940
91.9760
93.5801
92.4022
92.6364
92.1842
92.1232
92.9105
90.0243
89.8682
88.6160
88.7290
89.9430
89.5569
90.9289
90.5541
88.9671
90.6232
90.4769
89.3666
89.5616
91.0318
89.6329
91.3751
93.9597
93.7732
92.9128
92.7888
92.5436
91.9503
92.9130
92.3361
92.2373
92.2022
91.0074
89.7692
90.4771
90.9784
91.3485
89.9878
89.1030
89.8944
91.0019
90.4976
89.9881
89.0541
90.0339
89.9840
90.6108
88.1608
87.2019
86.5314
87.2679
86.7525
87.9952
89.9164
89.1457
89.0060
90.1033
90.6851
89.7018
90.0916
89.1539
89.4388
91.1136
91.4672
92.2893
91.8056
91.0411
91.6662
90.5901
91.5808
92.9371
93.2162
93.4135
93.4135
94.6911
94.3123
95.7049
93.3265
92.3791
93.5406
91.7479
90.9160
91.5004
91.4967
92.8500
91.1515
92.9656
93.6979
93.2091
94.0147
93.4045
93.8036
92.7315
94.6002
93.9493
95.0300
94.7385
95.4158
96.2457
95.9636
96.3899
95.3671
95.0737
96.7781
96.7284
96.9212
97.9938
96.3291
96.4699
96.4688
96.1716
97.0661
97.9256
98.1271
96.7178
96.0869
95.7567
96.8481
95.9548
95.5263
93.9688
93.6149
93.8081
93.8971
93.7739
93.0399
92.9773
94.9921
96.3866
96.6770
95.8811
96.3661
95.6123
96.1855
97.6931
97.9262
97.2334
97.4592
97.7985
97.4617
98.1857
97.3405
96.3269
97.1386
97.3420
96.1681
97.8343
96.3716
98.3360
97.8723
95.9493
97.1377
98.5257
97.4265
97.9642
97.1929
97.6143
98.6742
95.8669
96.8834
97.9586
98.1234
96.9530
96.0037
98.4006
96.2569
97.4447
96.4891
96.7162
93.8048
92.9701
93.7603
96.6462
95.6038
93.9961
93.5934
95.2750
94.4113
94.8156
95.3622
96.3952
95.8367
95.2039
94.2973
94.7182
94.3909
91.7625
92.1221
93.2644
91.6759
93.0301
93.9954
93.8399
95.6495
93.4282
95.0428
94.8673
94.0671
92.6548
94.2749
92.7773
93.6533
93.8850
94.6939
93.5990
92.4959
93.2757
92.9837
94.1685
94.5007
93.5609
92.4983
94.3324
93.4866
93.8161
94.0228
92.7907
92.9968
92.4704
92.6492
95.1960
94.4478
93.7458
93.2633
91.2813
90.6770
91.1409
91.7261
91.7068
91.2938
89.7872
90.8393
90.0948
89.2393
89.6101
89.1577
88.8072
89.9157
90.3528
92.3330
92.1590
91.6543
92.0778
93.1801
92.3177
90.7311
92.2036
93.5872
94.0477
94.7728
93.3922
92.7359
92.6648
93.2411
92.3981
92.5050
92.0990
91.8186
92.9748
92.1531
92.8786
92.3530
91.1840
91.1683
90.0300
89.9833
90.7142
89.4094
90.9509
90.9470
92.7491
92.9992
92.1497
91.8491
91.2640
92.3314
92.0705
92.0037
92.8855
91.3485
92.5773
92.2735
92.2735
94.0429
94.6987
94.6323
94.4669
94.2668
95.3011
93.8655
93.3476
93.7974
93.0829
92.3545
92.5059
92.5493
92.2332
90.9673
92.2574
92.6623
92.1819
92.4063
93.0865
91.3269
93.2240
93.4098
91.3328
92.2440
92.3702
91.7939
92.0904
90.5381
91.7902
92.2204
92.1929
93.5539
93.8182
93.0113
93.0878
92.7153
94.2285
92.3551
91.5866
92.6517
90.9212
90.7508
89.2593
90.9633
91.5848
91.8413
91.6586
92.1979
93.5596
93.0043
90.8680
91.8507
92.1973
92.2052
93.0854
94.2487
94.4593
92.4414
91.3439
93.1382
93.9824
93.5285
94.1591
93.6837
92.7457
92.6723
93.4388
93.2272
91.9820
91.7015
91.9440
91.2304
91.1985
93.2055
92.2728
92.5234
92.7082
92.7432
93.7516
90.7556
91.5200
90.4052
90.5718
92.7460
94.3788
94.6317
93.5750
93.4293
93.1891
91.1275
92.8644
91.7729
91.0752
89.7723
90.3704
91.6195
91.5432
91.8774
91.2571
91.1082
90.9593
90.8419
91.0944
89.5881
90.4616
89.1052
89.1252
90.0828
91.0623
88.6960
88.8838
89.4835
89.6814
89.8194
88.9675
89.3136
90.5124
90.2561
90.4877
89.3945
90.7094
89.8187
90.9255
88.7378
90.7927
92.5201
91.6463
90.8030
91.6335
91.2850
89.2938
88.5160
90.3629
89.6172
89.8218
90.2995
89.8655
88.7437
90.3367
90.6767
91.2876
92.8835
90.8695
92.6800
93.0128
92.3628
93.7494
95.2263
94.9586
97.0344
96.3458
97.0883
94.8646
94.7292
95.2618
94.2332
94.1708
91.6192
92.0960
92.0887
92.8675
93.7358
94.8339
91.9844
91.8826
92.1500
92.4060
91.0362
91.8433
92.9283
93.7159
92.9364
93.0054
92.0126
93.1774
92.1492
92.0239
92.5237
91.3740
91.2465
92.2376
92.1805
92.1522
90.1620
90.7837
92.0606
90.4317
89.1715
90.1663
89.0399
88.0061
89.0070
89.9581
88.1806
88.8600
90.2582
90.2369
88.2765
89.6750
89.5340
90.9952
90.0347
91.5100
89.1129
91.5975
90.3240
92.3101
91.1824
91.3871
91.0241
92.8931
91.2858
91.7034
92.5998
92.1123
93.1611
92.6378
93.7307
94.5458
94.1058
93.5050
93.5223
93.4287
94.8720
94.3417
93.5940
95.0571
95.7442
95.4755
94.8232
94.3965
94.5776
95.9155
96.4621
96.2495
95.5060
96.9163
96.9070
95.9005
96.7018
95.4732
94.7888
94.0981
95.5255
96.6526
94.3381
93.0144
92.3841
92.4609
93.7788
92.4672
93.2486
93.6884
94.8210
96.3794
96.7359
98.3378
97.9435
95.8512
97.5037
96.7474
94.0315
94.4988
94.8650
94.5518
94.0048
94.3830
93.4500
94.6122
94.1084
93.1339
94.9621
94.3681
93.6720
95.1615
93.4478
94.0329
94.0684
94.2763
96.1217
97.0363
95.9645
97.2000
96.6212
97.3489
95.9268
95.6596
95.8179
94.3298
93.8874
95.7393
96.0870
94.4411
94.6172
95.9319
95.1773
93.4573
93.9285
91.3753
92.0054
91.8785
91.9185
89.9988
92.3210
94.3033
93.2488
93.3281
93.0965
93.2719
92.0782
92.1941
92.6792
91.5196
91.9907
92.9692
91.6561
92.3274
93.8142
93.5094
93.9150
91.8149
92.4515
93.7551
93.3125
92.6995
91.7868
94.2671
94.1095
94.2967
94.2680
92.2213
92.3250
92.7012
92.2610
92.2126
92.8373
93.0336
93.3951
94.7575
94.2208
95.2492
96.3620
95.0151
94.4869
96.2650
94.9753
94.4969
93.8633
95.7023
91.9578
95.0545
92.9197
94.9554
92.7483
92.4205
91.4257
92.1698
93.3843
92.3458
90.2891
91.1751
90.3606
92.0507
91.3457
92.0364
90.4207
90.8072
90.6017
89.2018
90.3563
91.4611
91.2928
89.6556
91.4028
91.2895
90.1428
90.0254
90.3427
91.1577
90.0833
89.6108
92.6254
91.5337
92.8024
92.5217
92.0896
92.9235
90.4577
90.2596
91.0924
92.8851
92.2241
91.1224
89.0860
89.0630
90.1281
90.1002
90.4724
91.2066
88.7569
87.9133
88.9544
89.7704
88.0255
87.6615
87.8354
85.1026
86.0876
86.0300
88.7757
89.1472
89.0848
90.2389
90.4258
92.5146
91.1130
90.2702
90.7298
90.9123
90.0307
89.3490
89.8804
91.4704
90.8429
91.9081
91.7209
91.5062
92.4084
91.4109
92.8881
93.3844
91.8186
92.0065
92.0742
92.7852
93.8746
92.6301
92.6675
93.2456
91.1900
91.3619
90.8122
90.7056
90.7514
90.6958
91.3142
89.9721
91.0397
90.3395
88.8113
89.3211
90.8827
91.0464
90.8029
90.5828
92.3069
92.1125
92.6285
92.3262
92.7311
92.6233
92.3253
92.5116
91.6524
92.5450
91.5872
90.8878
90.2850
90.7812
90.5682
90.0030
91.3484
91.8528
89.9965
91.1825
92.5444
92.4170
93.2419
91.2548
91.5148
93.3242
92.0550
92.2224
91.1726
90.2690
90.8373
90.5009
90.6634
89.1315
88.7217
89.9801
89.8844
90.1350
89.5339
90.1389
90.9657
90.9053
88.9655
91.2579
90.7499
90.1162
92.1881
91.3550
93.3299
92.5808
91.6195
90.2909
92.0786
90.9163
89.4535
91.0833
91.0192
91.5417
90.6235
91.8019
91.1721
90.6143
89.9447
90.4999
90.9431
91.1095
90.5766
91.3761
91.5415
92.4291
92.1649
92.7367
92.5055
92.8103
91.1435
92.4235
90.3823
91.5883
90.1752
92.3061
91.5621
90.7014
90.7179
90.4623
88.6754
89.7834
90.8991
91.6208
90.6536
88.5093
90.5959
89.9073
90.1873
89.6215
91.2045
88.9454
89.0467
88.2173
89.2801
88.4401
88.3437
89.1807
89.5732
89.6183
89.0064
88.8984
89.4903
88.1877
87.7710
87.4156
87.5776
88.4261
87.7973
89.3391
87.3349
85.9993
88.0179
87.5478
87.6078
87.0035
86.2458
87.6074
86.8967
86.9040
87.8882
86.1860
84.3812
86.0219
87.3446
87.9471
86.8211
86.4696
87.0799
87.1892
88.8296
88.5175
88.4219
88.7925
88.5189
87.5189
88.2086
88.9359
87.1681
88.9958
88.6171
87.5609
86.1388
86.4073
86.8568
84.3146
84.8762
86.7563
85.2366
86.4987
87.7420
85.9152
84.9874
86.2942
87.0839
86.2290
85.7947
84.9813
84.2716
84.3776
85.9684
84.7920
86.2368
85.7011
86.2805
86.6192
87.3584
88.7950
88.3876
87.0234
88.3873
89.7284
87.5857
87.8794
89.3472
87.6997
87.0994
88.3838
88.4503
87.6480
89.1729
89.8324
90.8804
89.2499
90.6835
88.4801
89.2897
89.0032
89.3813
89.1395
89.6358
89.0657
90.7742
92.1869
90.8362
90.1027
90.1435
89.9527
91.2274
89.5715
90.6803
90.9175
89.8286
90.2256
91.2116
89.2333
88.6095
89.6719
88.7267
90.7051
87.8466
87.8915
88.9704
87.8476
89.1178
88.7521
89.8172
90.4346
88.7799
89.9138
89.8184
91.0641
92.2577
89.3932
88.9807
88.6741
89.7925
90.0526
89.8611
89.5294
89.3961
89.5783
89.4123
88.8297
87.7068
89.0509
88.5327
89.3902
88.6190
90.4327
91.2278
91.6624
90.6970
88.4877
88.9205
90.1405
88.7449
88.1302
89.9057
90.4370
90.1180
90.9362
89.1520
89.4445
91.8250
90.9897
89.6296
91.2381
91.8850
90.1882
90.5889
91.0319
89.2580
91.0413
90.4017
91.1503
89.7997
90.1118
90.7808
90.0517
90.4244
90.2200
91.2257
91.6120
90.8216
90.8577
90.5825
91.0828
90.6981
90.7937
89.0512
91.6903
90.8476
91.8487
90.9214
91.3901
91.1776
92.3627
92.2220
90.4156
91.1847
90.7352
92.7971
96.4985
95.5062
93.3175
95.1195
93.3059
93.3863
95.1379
96.5800
95.2701
93.2164
94.3033
92.9808
91.7536
91.8324
92.7272
92.2447
90.9664
91.6820
91.0808
92.3152
91.4644
90.5412
91.5048
91.7599
91.4622
89.7464
91.6682
90.3104
90.0808
91.2544
92.1285
90.6555
89.7528
89.7200
90.2933
90.1207
92.1120
90.8964
90.1942
90.7656
91.6051
90.3321
91.5828
90.9089
88.8622
89.8842
90.0941
89.8027
90.0911
91.6932
91.8568
90.9303
90.0462
90.1078
89.2069
88.9486
89.1239
89.7828
91.6182
90.2814
88.9315
88.6897
87.6116
88.3397
89.0458
90.1272
90.3472
90.3125
90.2868
89.7066
90.9901
88.4981
87.3007
89.4201
89.4922
89.1956
89.4780
88.8785
89.8943
89.8729
91.0747
92.4164
90.9704
90.1527
91.3634
93.1313
91.8752
91.7005
89.8979
88.9723
88.6615
90.2234
90.3238
90.2196
90.9492
91.5548
90.3900
90.7040
91.3938
92.7676
93.6307
91.8757
91.0862
90.1614
91.7627
92.1882
91.4032
92.7511
93.3293
93.1127
93.0402
94.0683
94.0889
94.4742
93.7626
92.6816
95.0435
95.1256
96.5304
95.9380
94.9767
93.4098
93.6925
93.4692
95.6748
95.6766
93.8614
93.8148
92.8959
91.8730
91.0038
91.0578
93.2610
93.9718
93.4282
92.5758
92.4922
93.9846
91.9259
91.9348
92.7641
91.9373
90.7799
90.6477
90.3079
91.2523
92.2627
91.4381
91.4248
90.8370
91.4607
92.8293
92.8531
92.5045
91.2248
93.7592
92.3197
93.6292
95.7775
95.8498
95.1237
93.7512
94.4219
93.8229
94.4755
93.3700
94.7099
94.1745
94.4504
95.5017
94.3298
93.8018
94.4009
93.3818
91.8722
93.0050
91.6871
91.3992
93.4654
93.8337
92.9424
93.8311
94.0091
93.3646
93.2406
92.3912
94.2382
93.1348
94.2913
95.1747
93.9207
93.2646
95.6790
95.4763
94.7022
94.8334
95.0243
95.1203
93.7275
92.5406
93.4856
93.6140
93.4732
93.0609
94.3176
92.2593
93.8107
94.3722
94.1672
94.1897
93.1691
92.9764
91.9610
94.3307
94.2098
94.5129
93.6407
91.2178
90.2848
92.7821
93.6315
93.5730
93.1185
94.8653
95.8744
96.8195
96.9354
98.0139
95.5519
96.0187
96.5909
94.8484
95.0171
96.3792
95.7605
94.4129
97.0781
95.0151
94.3058
94.4840
93.0835
93.3099
92.4349
93.4474
92.7407
93.6471
93.5090
94.4555
95.2383
93.3733
92.7940
93.4046
92.9751
93.8162
92.2097
93.0941
93.1039
92.2478
91.6049
92.1785
93.7842
91.4048
93.5556
92.9991
92.2604
92.8167
94.4304
93.9204
95.9515
94.0705
94.7858
93.4479
93.1149
95.9439
95.9457
94.1138
93.9058
93.2350
92.9050
93.8655
94.4063
94.6930
95.3534
94.4072
93.2195
94.2439
93.9880
93.6687
93.4901
94.7385
94.4730
93.8058
92.9610
92.8968
90.9990
91.9653
92.6919
93.1847
91.9280
94.4765
93.7658
93.0691
92.2444
93.0916
91.7170
91.8953
92.7378
90.9665
92.6659
91.4235
91.9699
92.2463
92.0273
92.9844
93.0911
92.3052
92.3046
91.2592
90.1622
90.2925
90.2458
90.4909
90.3585
89.5610
90.1158
90.4711
89.3165
89.8916
89.3655
89.5898
90.8837
92.0627
92.1925
91.2764
92.0969
91.9582
92.1764
92.7718
94.3145
92.8292
91.8737
90.3705
91.4717
92.2122
91.8378
90.2254
92.5414
91.2323
92.1536
90.8731
90.6746
91.2020
90.3592
91.2040
91.6842
91.8729
91.6811
92.6517
93.9528
94.8123
94.5804
94.6524
93.4866
93.2777
93.8212
93.4461
92.1984
92.9035
94.3712
94.8351
95.9173
94.2580
96.0133
95.2399
95.4521
94.9241
93.9913
94.2336
92.6499
93.6570
93.8355
94.1503
95.5919
96.1462
97.1684
97.3736
96.4538
97.4998
98.2458
98.7370
97.4836
96.5297
96.3289
95.6303
94.0446
94.7229
93.9948
95.3580
96.9788
96.7456
96.0122
95.9436
95.1343
94.7821
96.2163
97.1285
94.8336
95.3230
94.5260
95.6662
95.7117
95.1452
94.3353
94.1174
93.3016
95.7406
96.1300
96.4562
95.5358
94.5921
96.4508
95.8516
96.6623
95.6944
95.6891
95.1426
94.0771
93.7027
94.1760
91.8173
93.8112
95.5610
95.1640
95.6648
95.1487
95.2780
96.8408
97.6553
96.4039
97.7260
96.3111
95.6727
96.5939
96.3509
96.5227
97.0411
96.4456
97.4960
97.1452
98.5431
100.2118
98.5963
98.7552
99.1304
97.5569
97.8559
98.5776
99.2260
99.7283
98.6646
98.3475
98.4590
98.5982
98.6764
96.9101
97.1216
98.3781
98.2311
98.5933
97.3185
97.3020
98.2730
98.4116
97.0255
97.1295
97.7050
95.9633
96.4043
96.2296
98.1038
96.8535
95.7520
97.2403
97.2905
99.4527
98.6287
97.8066
97.8908
97.1972
97.1315
96.5227
97.4259
96.3533
97.6558
97.3115
97.1058
97.5139
97.4871
98.9177
98.0948
97.7277
96.5292
96.1602
95.6268
95.6705
96.2126
95.3065
95.7260
96.0645
96.0673
93.7064
95.3546
94.3026
95.0764
95.5514
95.6065
92.8804
95.5415
94.0607
95.2051
91.7147
94.0208
92.1950
91.0105
92.3080
91.5577
92.5421
91.5459
92.8785
92.1075
92.4711
94.2521
94.1595
93.3604
93.4815
93.4350
93.9906
94.5901
95.2984
95.3142
94.6779
94.3559
94.5680
94.0989
95.0450
96.7187
96.1780
98.0793
97.2031
97.4172
97.7564
98.9934
98.0970
98.6831
96.7407
97.9286
97.7770
97.6015
95.7235
96.6441
96.5875
97.3675
96.7086
