128.6324
127.8385
124.6426
124.7351
123.8203
123.8134
124.4123
124.7738
125.7907
125.3067
122.4490
123.9553
123.1787
123.3869
123.5876
121.9645
123.3003
121.2491
120.3229
119.4172
118.0009
116.1165
117.6743
118.7038
118.4599
118.9885
119.3805
118.1130
119.6044
119.1963
120.0972
119.5818
119.7962
120.0060
118.8760
119.1854
118.2193
119.6240
118.6623
118.2986
118.4047
116.8385
118.8195
118.4720
118.1003
115.7728
117.5306
116.7461
116.0126
116.8930
117.1828
116.1812
116.8394
115.6568
115.6091
116.3267
112.1063
113.8177
114.0031
114.8721
113.8679
115.3188
115.0619
116.0994
117.9123
117.3322
118.3860
116.8041
116.9647
120.2705
118.2727
118.7712
119.2956
118.7721
119.4404
119.6662
118.4877
119.5889
116.7062
116.6042
116.2185
115.7868
117.1705
116.2799
115.7272
113.5835
109.9494
111.3385
111.5311
111.7644
113.5911
113.1924
113.0350
113.4114
112.2818
112.9593
111.0712
111.4476
110.4794
111.6519
111.6708
111.6297
112.3707
111.7864
110.0471
109.9479
110.9899
111.0759
110.1957
111.3795
111.4843
111.5069
110.6573
110.0052
110.5391
108.7086
110.3050
110.5787
109.6157
110.4040
111.0520
112.4681
111.5901
113.2688
113.5196
113.3818
113.1590
116.0417
114.9106
115.1527
113.4854
114.1886
113.4576
112.0941
115.0174
115.0571
115.1187
116.2354
115.2703
114.3220
115.0071
114.2983
112.0373
111.4006
111.0232
111.4534
113.6688
113.8445
113.3912
114.0206
112.3725
113.0994
114.0266
112.2567
113.0514
115.3814
113.9304
114.6496
114.4398
116.4169
115.6331
116.2269
116.6986
115.0578
114.0656
115.9695
114.8127
116.3516
114.3868
114.4999
114.2178
113.6328
114.8701
114.6978
114.0838
115.2975
116.0474
116.6040
115.2113
114.0888
114.2245
112.1345
113.2358
112.9785
112.9778
114.8810
113.9602
113.9072
112.4714
113.0419
113.1667
114.1273
113.4842
112.8545
112.2364
112.1533
112.7690
113.1484
111.9037
112.0167
110.8214
111.4057
111.2726
110.9057
110.0342
110.9142
111.0293
111.6166
110.0819
111.3989
110.9724
111.0140
112.0718
110.9390
110.9015
111.1875
109.2977
109.1013
109.0245
108.5031
109.2486
108.8389
109.5582
108.3005
109.6489
108.1999
110.5040
109.0364
109.8417
110.1734
109.8775
109.5294
109.2988
110.6271
107.6707
106.3877
108.2819
107.2186
107.3842
107.2122
107.3282
108.0525
107.7659
106.6042
108.9416
109.1754
108.8097
109.0648
110.4319
108.0859
108.0669
107.6625
106.9047
105.2327
107.0253
106.5355
106.9385
106.9279
107.9070
109.7912
107.5886
109.3661
107.1351
108.5185
107.0807
106.0706
107.7696
105.8758
103.9008
105.5023
107.3178
106.3040
106.0123
106.8924
108.1001
107.8111
108.1774
108.4021
109.2324
108.3917
107.0578
108.7985
110.5386
108.7093
109.3532
109.2030
106.7830
107.3403
109.5547
109.5103
109.4297
108.7255
107.1317
109.3029
107.3368
109.0450
108.4181
108.0978
108.7137
107.9992
106.7881
106.5201
107.4396
107.4381
107.8989
109.2564
107.8735
108.1054
108.6274
107.9685
108.2041
108.9659
106.4780
107.1794
106.1458
106.8530
106.3337
105.1035
106.2751
107.3874
109.1324
108.5945
107.1822
106.1765
107.1833
106.2665
106.4034
107.2080
107.8866
107.4490
105.5299
107.0802
107.6353
106.7247
107.6940
109.0255
107.1389
107.7210
106.6526
106.1254
107.8170
109.5179
106.8375
107.8810
106.6692
107.5997
109.1620
109.7705
109.1007
108.1741
109.6987
108.4841
107.6692
107.0611
108.1892
108.7928
109.4828
109.2960
108.3334
108.8821
106.7714
107.5891
107.7259
105.5580
107.2137
106.7442
107.0147
106.5571
106.1590
107.2088
106.8536
108.4738
108.8647
106.7777
106.5766
107.8368
106.1416
105.1703
107.5420
107.4724
108.8198
107.0528
107.4220
107.3098
107.5692
107.8660
107.6460
107.1996
107.4855
106.9392
105.9551
105.0299
105.8851
106.7644
108.2077
108.3273
109.0210
109.0596
107.9667
107.5614
105.5634
104.1816
104.9368
106.4983
104.9122
105.8778
105.5294
105.9465
106.0853
106.2337
105.9777
105.6658
106.7512
105.8282
105.6751
105.5711
105.4603
104.7491
105.9377
105.1437
105.4586
105.2882
105.1519
106.4922
104.8672
105.3812
105.3554
104.3055
104.8684
105.2138
106.0609
104.6050
104.2706
103.9699
104.3153
106.6426
106.6336
104.8913
104.7722
106.2246
105.4224
106.4506
105.3643
106.3078
105.7462
105.1029
106.1792
106.5563
107.6895
106.6125
106.9253
107.3291
107.8350
107.2853
107.6346
105.6366
105.8617
106.1771
105.0637
107.0149
105.3660
104.8651
105.5011
106.5963
105.9613
106.6503
106.4127
106.4740
104.9835
106.7900
106.7605
106.5341
105.7377
104.4823
103.4757
105.5027
106.2097
106.6910
107.1741
106.9730
105.4372
106.1228
107.7170
106.6559
106.4143
106.0305
105.1435
105.5675
106.8061
107.0447
107.4283
108.0071
106.1592
106.5070
106.9361
107.3909
108.3803
109.1039
109.2070
108.8639
107.5849
108.1295
107.2278
105.9072
108.0893
106.4172
106.1496
107.6880
107.8246
108.8709
107.3470
108.0670
109.0344
109.0596
108.2639
108.2099
108.9860
107.4119
108.1553
107.9847
108.5966
105.7916
107.8720
109.0277
109.8388
109.5017
110.2422
111.0508
109.3551
108.6460
108.2416
108.8583
108.7504
109.4958
108.0822
107.6878
109.9606
108.4976
107.3983
108.3993
106.3309
104.4302
104.7279
104.6541
105.2138
104.5022
105.8629
104.5064
105.9917
107.8094
107.6788
106.6999
105.7308
106.7308
107.5454
110.9349
108.5000
106.9606
106.2178
106.4503
106.8031
106.2138
107.2205
108.1913
109.0067
107.3368
106.5038
106.7186
108.0277
107.7217
108.3997
109.4208
108.6291
107.9045
108.8586
110.2429
108.1551
108.5630
108.7853
108.3446
110.5625
109.6054
109.7359
111.4193
111.7089
109.1310
111.1386
109.4263
109.4779
109.3136
107.7679
106.7722
105.8656
105.9822
106.2020
104.3872
106.1256
106.1653
106.6651
107.7265
107.0626
107.0797
108.1218
108.6836
108.6263
109.6586
108.4312
108.6115
109.7408
107.8775
108.3780
109.2573
106.9552
106.8029
107.5424
108.3145
110.5146
109.2771
109.8503
109.4659
110.3666
111.3720
111.2286
111.4137
110.5976
110.9585
111.8367
110.2136
110.3694
110.3749
109.1588
112.2439
111.5849
111.0076
110.8130
110.0699
109.4643
110.4409
111.6727
110.0739
111.9418
110.6326
110.8778
111.9665
114.0175
112.8908
113.5646
111.4368
112.9511
113.0448
112.1224
113.3692
112.0984
115.1777
114.3474
114.4414
113.0911
112.2409
115.5174
115.4450
115.4146
114.8366
113.5204
113.9508
111.4680
113.6454
113.7952
114.1499
112.5064
111.8822
110.6861
112.0024
111.8932
112.7698
112.4655
112.7013
112.6935
113.9466
113.1265
112.5813
112.1231
113.4147
113.1936
113.2061
114.8549
115.4211
114.9382
113.2109
113.9210
113.9001
114.3978
114.0311
114.5419
114.4037
114.7007
114.7356
115.3794
114.5047
115.2104
115.6750
114.5130
113.8967
114.0153
113.6151
115.2427
115.2256
114.2410
115.7752
116.2228
114.8675
115.9704
116.2452
113.9483
114.3609
115.1810
113.3566
114.7227
116.0374
113.4310
115.0412
114.0421
115.3173
112.3467
114.8411
113.7574
113.5731
112.5251
111.9119
113.3567
112.8082
112.8635
111.7412
111.1840
110.2162
108.5607
109.6403
110.1988
108.8602
110.6470
110.2861
111.8207
109.3977
110.5973
112.2955
111.7281
112.1458
109.5350
110.5898
110.7412
110.5590
109.9694
110.5806
110.8202
109.8190
110.5129
109.6227
109.8324
111.1711
110.6655
110.5269
110.3304
108.9356
109.7175
111.3372
110.1939
112.6268
110.4654
109.4675
111.5680
109.7989
111.1842
110.0781
110.1211
111.2599
112.2493
110.6728
111.4852
111.9200
113.9065
114.2865
111.7742
110.7181
111.5343
111.1555
111.6813
112.8857
112.6729
113.8318
113.4986
114.1426
115.6709
113.6842
116.9916
115.2329
117.4956
115.3380
114.9524
114.9367
115.0915
114.6462
114.0107
115.1861
115.7548
114.5629
116.2750
116.4147
116.6106
116.7229
116.5219
115.6487
113.8947
113.5353
112.5422
112.2067
113.8344
111.4015
112.8331
114.0460
112.7381
114.5455
113.2997
113.1256
110.7337
112.8230
111.7725
111.5476
111.8247
110.1050
110.5701
111.0346
112.5698
112.0676
110.7981
111.6723
110.5700
111.7492
111.1248
109.1781
110.7969
109.6612
109.0308
110.2505
111.2781
110.2884
109.8270
112.2632
113.2709
111.3622
110.2764
112.2727
109.8700
111.8682
112.7194
113.8111
111.6030
109.6531
111.1707
111.5340
109.4905
109.6703
109.8628
110.5470
110.7507
110.5507
109.8869
110.2628
109.7927
110.0348
110.1316
110.0334
108.6277
109.7816
111.7267
110.8629
111.4747
110.9954
109.7985
110.8192
112.2014
111.7483
110.7581
111.7929
111.4760
113.2110
113.0641
112.3431
113.7934
112.4082
112.9121
111.9152
112.7470
111.7921
111.6579
114.0128
112.4036
112.9026
111.6863
112.0112
111.7623
110.4581
111.3824
112.1974
111.0713
111.2515
112.6897
112.0198
111.1682
110.6763
109.9617
113.0834
111.1567
110.3384
111.3900
110.9285
109.3347
108.6455
110.2380
109.9322
110.6159
110.1035
109.2138
109.8701
110.6919
110.9877
111.1202
110.2954
108.1671
109.3424
109.3462
108.6717
108.5609
109.4504
108.0021
109.3250
109.1254
109.5477
109.0158
108.1056
107.7980
106.9256
110.1464
109.9406
109.9746
109.1302
109.0133
108.6758
106.9913
108.1440
107.1915
107.4290
107.9483
108.6554
109.2417
107.9907
108.9188
109.0246
110.4385
111.0976
110.4807
111.1923
110.3236
110.5309
111.5470
109.5796
108.1856
108.0141
108.1166
107.8903
107.3952
108.2708
109.1644
108.5589
107.1235
108.5874
107.4074
108.9197
108.2979
109.7006
110.3535
108.9360
108.6595
106.4189
107.9939
107.1568
106.3102
106.9243
108.4175
109.1393
107.0334
107.2430
108.1027
109.0884
108.4958
109.6123
109.2542
109.9965
112.5503
110.2321
109.8187
109.1905
110.1272
110.2851
111.2857
111.2966
111.4844
110.5078
112.2193
110.6459
110.4074
113.1495
113.3410
112.3394
112.3608
112.0862
112.2259
112.8596
111.6990
111.5326
112.4829
112.6840
112.8476
112.2909
113.1860
113.1275
113.1234
111.8578
110.3943
113.6135
113.1906
113.4299
113.8169
113.6571
113.7464
115.3474
115.0894
113.9357
113.7871
113.5926
113.6334
112.8337
113.3450
113.6597
114.5495
114.4110
113.9368
112.6633
112.9586
112.6474
112.0821
113.6776
112.6707
112.6352
113.4673
112.6236
111.2734
111.7216
111.1807
113.9668
112.3123
113.7999
112.8044
111.3242
112.2453
111.4102
111.4364
113.1000
112.4733
112.7456
112.4432
111.7243
111.7038
112.4575
112.1141
113.5325
114.4651
113.7651
113.5383
112.4309
112.4496
112.9050
111.1933
113.1667
112.7932
113.3390
112.4580
111.9686
112.3038
112.3090
112.4817
112.1684
113.5577
113.5518
113.8632
113.1281
111.9369
112.1684
111.7062
112.1134
111.8072
111.2924
109.6516
110.1683
109.3376
109.7570
109.3000
109.1564
110.0828
112.3808
112.0491
110.9980
111.0407
112.2810
109.9503
109.1059
111.4023
110.8617
111.9269
111.3904
113.2570
112.4468
112.2261
110.2943
110.9605
113.2331
113.1200
110.8711
112.5274
112.9762
112.7428
113.3764
113.6641
112.8624
111.4569
113.0794
113.8250
112.6951
112.2332
111.9371
113.0637
112.7841
111.3293
112.9653
111.0119
112.2944
112.8721
113.9687
112.6957
112.4469
112.6010
111.5968
113.1795
112.1187
110.6746
110.8668
110.3085
108.7646
110.5859
109.9122
111.9911
111.5266
110.5579
113.0219
112.7085
112.0641
112.1361
112.9109
111.4991
113.3962
113.1494
113.3502
112.9106
112.9405
112.3927
113.4824
113.0046
114.5698
112.6637
115.1832
113.6773
115.3859
115.1332
115.4150
113.7781
115.7004
115.1518
114.9900
114.5429
115.8730
115.2267
116.3358
113.1194
116.4523
115.5456
116.2109
115.2213
117.1096
117.7277
116.7801
115.7128
115.9111
115.1889
116.0334
112.9288
113.6231
113.2677
114.4467
113.4554
113.0531
112.3225
111.3073
111.6819
110.9870
110.8158
111.6451
111.7777
113.5657
113.4183
113.5430
113.5991
113.5089
114.8530
114.7276
112.6922
113.3802
112.0919
112.8060
111.9099
112.3024
112.6350
112.3828
111.9877
112.7450
111.4484
111.7248
112.1177
113.3873
113.1799
110.9021
112.7008
113.2825
113.0986
112.5813
114.2719
114.5641
115.3504
115.3815
114.3419
113.7528
113.3426
112.9988
113.1665
112.5561
114.2278
113.2110
112.1988
112.8988
113.3067
112.9932
113.9154
114.0613
113.9277
113.1662
114.1158
114.2107
115.0286
113.1122
113.3107
111.7260
114.4807
113.2075
113.8415
114.2471
114.7188
115.7937
116.3060
116.1562
116.4767
114.7522
114.9383
114.7457
113.7075
114.2893
114.7414
113.9211
115.8594
114.6614
114.5212
115.6744
114.2781
113.2838
113.1125
113.9864
114.1308
114.3949
113.6590
113.8891
113.1161
114.1455
114.4626
112.7504
112.4365
112.5652
112.5342
112.7282
111.8461
110.7905
112.1541
112.8654
113.2584
112.4730
111.8293
112.1606
111.0672
113.4823
112.4338
112.4572
111.8145
110.8534
110.4408
110.5887
111.4513
111.9578
112.8780
113.5004
113.4579
111.6450
113.0462
114.4472
112.6859
112.6583
111.4476
112.9936
112.6604
112.5696
111.9241
111.4440
111.7256
112.0040
111.8055
111.4240
112.1491
112.6905
111.3568
111.7535
112.3774
111.4623
111.4129
111.5663
113.7898
112.1227
111.8523
111.5972
111.9999
111.8454
112.1132
111.9415
110.5157
108.5840
109.4257
110.2767
111.5581
108.9323
110.6543
110.8926
109.9701
109.9901
107.8781
106.3688
108.4442
107.2843
109.4393
108.8553
107.2543
108.8684
108.8586
109.6557
110.9968
112.7339
110.2736
111.5520
110.7668
110.7976
110.5477
109.5877
109.6164
110.4189
108.8931
110.7104
110.4963
108.5863
110.2878
107.1739
106.8305
107.3121
107.3643
107.5805
106.6942
107.4901
108.5669
108.2534
108.8476
108.2016
108.0938
106.6804
108.4142
107.8481
109.1583
108.3547
108.0504
108.2997
108.6519
107.6506
107.4039
107.8204
110.1530
109.4797
109.0220
110.3711
110.1117
110.7670
110.8882
108.6855
111.4988
110.6944
109.6639
111.6065
110.0553
109.4239
110.1905
109.7354
108.9829
108.4715
108.8313
106.7509
108.0198
107.7480
106.9705
108.1011
107.2112
107.6535
107.4650
107.2620
107.6328
106.1320
106.7423
107.5257
108.3453
108.9671
107.2822
108.1022
109.7855
109.4382
109.2220
109.2101
109.6698
108.3252
109.0307
109.8228
108.2037
108.2507
108.3086
107.9646
108.5821
109.1307
107.6708
107.8228
106.7397
109.3718
106.6541
108.0177
107.4226
108.8096
107.1746
107.3643
107.0004
107.6093
107.8042
109.2579
107.7946
109.0152
107.9647
107.5911
107.6611
107.5246
107.4016
108.7643
109.1748
108.4587
109.1051
109.5714
109.3631
109.5219
109.2585
109.8248
109.6838
109.7670
109.6211
109.3398
109.7277
110.1994
110.5879
108.4250
111.4610
111.4585
109.7372
110.3275
110.1713
109.7091
109.8513
108.1857
110.2662
111.4427
112.3301
110.1563
111.5038
111.6074
111.8253
111.7636
113.5305
112.0624
111.3141
112.2884
112.3037
111.9865
110.7892
110.7780
112.2916
112.4645
111.5024
110.2670
110.8501
112.2023
109.7335
110.7561
110.5555
111.1537
111.2232
111.6771
111.2779
109.5163
110.0028
109.6489
109.6218
109.5014
109.1222
109.1308
110.4681
108.3842
109.9089
109.9404
109.1329
109.5767
108.6618
108.1798
109.6784
110.5637
109.6331
110.2490
110.7526
111.0466
110.0326
110.3661
110.5002
112.6912
112.2913
112.1062
110.5217
111.6524
111.3966
110.8571
112.0028
111.8328
112.1483
110.9234
112.9957
111.7415
112.1651
112.5748
112.3618
113.2631
111.5040
111.6335
110.0560
109.8390
111.7289
109.2858
108.1255
109.0825
107.5882
108.6246
111.3508
110.6007
111.4907
112.1627
112.0935
110.6533
110.2173
111.4746
110.6598
110.1774
110.2848
110.3561
110.9859
109.8159
111.5253
109.4750
110.6571
111.0709
110.5566
113.1288
111.9311
112.0119
111.1573
109.8444
110.4411
109.2552
108.9332
109.1755
109.8373
109.2652
109.0243
108.5242
107.1732
107.0252
108.3690
107.7551
107.7856
109.7195
109.0309
110.3157
110.7800
111.2773
112.4871
113.1842
112.5109
112.5426
112.5128
113.6020
113.6496
114.9562
111.2959
112.6287
112.7595
112.3066
112.0005
113.1311
113.3841
113.1622
112.1107
111.9551
112.1464
110.8450
110.6077
110.6513
109.7572
109.9298
108.3069
109.2578
108.6287
111.0279
110.1925
111.2431
111.9096
110.5562
110.8155
107.9779
110.0486
109.1726
110.1797
109.7583
109.1680
109.9240
109.6853
109.6860
109.7082
109.5689
111.0487
110.2965
110.2219
111.4010
110.4388
110.5299
110.0986
111.1082
111.3118
111.0340
110.7967
112.6180
112.5350
110.8755
111.8403
110.8175
112.1844
112.9775
112.9072
111.8579
112.9181
111.8524
112.1013
114.3585
113.8677
112.4438
113.0319
112.6401
112.5527
111.2779
111.6014
112.2299
114.1981
113.4592
112.6773
113.5820
114.1860
112.1162
112.0465
112.5141
111.6642
113.4338
113.3734
114.9510
114.6242
113.8068
113.1555
112.4018
112.0718
112.8940
112.7956
112.5948
113.4107
114.4435
114.1141
112.8803
113.3290
113.3472
114.3110
114.0759
115.6778
113.4115
113.7395
112.8002
112.4512
112.5573
112.2036
113.0324
113.7953
112.5611
111.3313
111.9467
112.8456
113.1586
112.3258
111.2206
111.6941
111.3864
110.5463
111.3630
112.3211
111.1129
111.6923
109.7278
109.7376
111.6291
112.2865
112.0942
111.8959
111.5979
112.5239
113.0139
112.8267
112.4672
113.2333
111.8481
112.7209
112.4322
113.0515
113.0455
111.4113
113.2028
113.9088
115.2874
114.8350
114.3670
115.0871
114.4153
113.3916
113.5613
113.6150
112.3128
114.1314
114.2336
114.9458
115.6577
113.6670
113.5335
113.7484
113.7267
113.4228
112.0984
111.8542
113.5553
112.5019
112.3204
113.8682
112.5057
112.8098
112.4486
112.8880
113.6810
114.0066
114.1804
115.3502
112.8435
114.0666
112.9511
113.2066
111.3434
111.3523
110.1190
110.3627
111.4727
112.9456
112.6460
112.6128
111.1733
113.5262
115.6653
115.7797
115.5556
114.8774
114.5867
112.8828
114.0300
113.0939
113.6640
113.9829
111.4756
113.5679
114.4826
114.4773
112.8688
113.4483
111.3701
109.7679
111.0391
110.4687
111.2594
110.7413
111.6218
112.7488
111.7897
112.0154
111.8040
112.0755
113.6873
113.7753
112.9849
114.8647
114.7251
114.8720
114.7679
115.1947
113.6365
111.5515
111.0720
112.2411
112.2829
112.6911
114.0355
114.3921
113.8692
114.0767
114.9209
114.3489
114.6162
113.8846
113.4857
113.7303
113.5932
113.2570
114.1380
114.5634
114.5570
115.2330
114.0582
113.4637
112.7712
112.2494
113.2857
114.3098
113.4628
112.4307
113.1488
112.8797
113.2718
112.2313
112.9933
112.0138
112.8608
113.4389
113.2546
111.8320
113.5449
113.7519
112.6960
112.3656
111.0024
111.1241
110.8197
111.5965
111.2898
112.4586
112.5376
114.3974
115.8272
114.0585
112.3163
113.7610
114.6759
113.7063
113.8279
114.2164
114.6100
113.9073
113.6899
113.7237
114.0191
113.8135
113.3577
113.9970
116.1549
114.3475
113.4076
114.9383
116.3385
115.4780
115.2575
114.6238
115.4449
114.7273
114.8022
116.2612
114.8091
113.9543
113.7213
112.9724
114.0996
112.8766
113.2096
112.6862
112.7266
111.4573
112.1261
111.5538
110.8392
112.2624
112.4511
111.8516
113.3174
112.1603
111.8474
111.7675
109.8228
110.1795
109.2573
111.2537
111.8905
110.9127
111.4341
113.5046
113.3747
113.2246
114.0087
114.5618
115.1954
112.7085
112.5680
111.7170
110.2157
110.3550
110.8556
113.6359
112.0245
111.8989
111.4058
112.0817
111.8642
111.8224
113.2379
113.8620
110.9885
112.7285
114.5916
114.8863
115.5862
115.7479
115.0090
114.0320
113.4344
115.1589
115.7223
115.6811
115.9381
114.9790
113.4575
115.4846
116.3511
115.0432
114.1865
114.1348
115.3259
114.3844
113.7234
112.7809
111.5836
113.6466
113.0054
112.9917
112.3646
112.2922
114.3799
114.8005
115.9557
114.7938
114.0134
114.5197
113.5513
111.7870
112.1359
111.7215
112.7317
111.8018
112.5355
112.0311
112.5623
114.3708
114.6231
115.6615
113.8239
114.2599
113.6147
115.9584
114.6487
114.0241
113.0445
113.7710
113.9743
114.6279
112.9473
113.8196
113.2252
112.4463
112.6432
114.8939
115.1231
113.1397
113.5920
114.4256
115.6748
116.1922
115.1175
115.1552
114.7845
114.9940
114.5256
113.9796
115.2726
116.1785
115.4527
116.1719
115.7103
114.9025
113.3386
114.7312
114.7739
116.1522
115.0856
116.3752
114.9972
116.3256
116.9901
117.7422
116.7734
117.3243
115.6525
116.5981
116.3796
115.7797
114.4326
115.1812
115.9610
114.9368
114.9451
114.0323
114.4029
113.8206
115.1348
115.1180
115.4744
115.1385
115.1489
115.7954
115.3687
114.3740
116.0423
117.8637
117.8584
115.6744
116.3828
116.2577
117.0264
117.4293
116.5260
115.7061
117.0663
117.7872
118.3013
118.4551
117.5281
117.1061
117.6235
118.1198
118.6201
117.7244
115.9605
116.6911
118.3556
118.0343
116.6233
118.8080
116.4989
116.4765
117.1162
117.3897
117.4358
115.4474
115.1375
115.7228
115.9256
117.5836
116.6005
117.5279
114.6909
115.6589
114.9108
113.9247
114.6872
115.1282
113.5380
113.4053
113.3815
114.8802
114.1730
113.2814
112.7888
111.7237
111.9798
111.3749
111.8777
113.6273
112.2945
112.8870
112.9522
113.5705
113.6196
113.3770
111.8230
111.1754
112.1678
111.0893
112.5058
113.1716
112.6609
113.0009
111.6098
111.6111
110.4520
109.9740
110.7249
112.0948
110.5752
112.7004
111.7716
111.3609
111.7495
111.1625
110.6438
109.3479
109.8258
109.3251
108.6176
108.2882
109.2628
108.9968
108.2879
108.8567
109.0731
109.3810
110.2268
110.1822
110.7731
111.3471
111.3938
112.2219
110.3946
111.0836
110.7534
112.2172
111.1581
111.3202
111.6088
110.8069
112.2392
113.5952
112.9500
112.4389
114.5816
113.4685
111.3909
112.1524
110.8410
110.1109
110.8304
112.1828
111.4531
111.9875
111.4752
112.0951
113.1587
113.5781
112.8774
112.0666
112.9939
112.7125
113.0415
113.1588
113.0464
113.5842
114.7195
113.8713
114.9295
113.7869
113.4381
112.4225
114.0659
114.2304
113.5489
114.9707
114.7544
114.8582
114.0941
115.4646
116.5601
116.3941
115.5967
113.8565
113.3418
113.2496
114.0265
114.3300
113.2199
114.5654
112.9255
112.8560
111.8123
113.5955
112.4331
112.8850
114.9740
113.6884
111.4547
112.8362
113.1680
113.2062
111.3090
111.9549
112.1076
111.7573
112.4607
112.9021
113.0274
111.5842
112.4039
111.1967
111.3142
111.3726
110.7945
110.9403
110.5750
109.2465
108.9082
109.7304
110.1214
110.2251
112.0214
110.6438
112.3513
113.2497
115.5323
113.9068
114.2644
115.0465
116.3331
115.9794
116.1920
116.7016
117.8538
118.1043
119.0002
118.9738
117.8411
117.6848
117.9029
116.7048
116.7284
116.3679
117.4592
117.4631
118.2636
116.7850
117.0697
115.5999
116.6850
114.9470
115.8175
115.6290
117.0322
116.8586
115.6595
116.6136
117.5842
115.8582
115.1149
114.8809
115.1133
113.2649
112.8714
113.9174
113.1377
112.8066
113.4469
113.3664
112.4044
112.6704
112.5869
112.4480
111.1889
112.6561
113.4062
113.2249
113.2196
113.7269
112.3709
112.7621
111.2453
113.0771
112.4673
112.5125
111.3722
108.9330
111.1826
110.5870
111.4426
111.8568
111.0794
109.9306
111.2402
110.8796
111.4528
111.1254
112.4471
112.3638
111.4502
112.1232
110.7321
111.4117
111.7374
112.2200
112.1565
112.8305
113.5231
113.0863
113.5346
112.7946
112.2906
111.3669
111.7152
113.4461
113.9877
114.1485
112.9232
112.4572
112.9442
112.1603
112.7638
112.8432
113.2362
113.8476
112.9909
112.0141
110.8218
114.9172
114.5995
115.1846
114.8945
113.4948
114.5089
116.4482
115.1224
113.5973
114.9809
115.1675
114.1142
116.1597
115.1836
114.9097
114.9793
114.4922
114.1461
113.7614
111.9753
112.3599
113.2071
113.2649
113.6647
114.0414
113.3171
114.4797
113.0849
113.5794
112.9060
113.2142
111.9081
110.8452
110.5800
111.4200
113.7151
113.9407
114.1353
114.8523
114.2440
114.1197
113.1488
114.2901
113.1445
111.2010
113.5076
111.9434
111.7308
110.1127
111.2284
112.7010
111.9777
112.2240
111.6599
110.9868
111.3469
111.6004
111.3552
110.5885
111.2510
111.3676
111.6993
112.0415
111.2511
111.0218
110.9603
110.9739
111.6041
112.4762
113.0479
113.2700
111.5894
112.5039
112.6824
111.8837
114.8893
113.5984
114.8508
114.2855
114.1757
113.6389
112.7752
113.7043
113.6836
112.3284
111.9627
114.0951
113.3528
111.2181
110.9432
111.8487
111.7192
113.5293
113.6895
110.4305
111.1365
111.8823
111.5242
111.9230
111.2014
109.6968
110.1101
111.2597
109.7395
108.8219
108.9599
109.0775
108.9791
109.4122
108.9145
109.2134
109.2769
109.8664
110.0486
109.9701
110.1959
109.5301
108.8855
110.5044
109.2645
109.9180
109.1443
110.5099
112.0956
109.9915
110.4568
110.5667
110.4294
109.1633
111.1124
111.0156
110.9148
110.1924
110.1377
110.1259
109.5602
111.0895
114.2148
114.0001
110.9043
112.9122
112.5974
109.9552
110.1689
110.9606
109.5924
109.6754
111.4999
111.4996
110.6323
111.2959
112.4261
113.1750
112.5750
110.9299
112.0434
112.9862
112.8700
113.4526
114.7424
112.6537
113.2209
113.6513
115.0820
113.9241
117.1989
116.2309
114.9696
115.6129
115.4923
114.5779
114.9559
113.8971
112.5120
113.0897
113.2016
113.7243
114.3019
112.9868
113.1937
111.4402
112.4321
113.4903
114.2699
114.3907
112.9406
113.5937
113.1478
113.9799
111.6038
111.6208
114.2107
112.5398
113.1059
113.0819
112.4030
112.0567
112.4968
113.1019
113.1168
114.5393
114.9039
115.9536
115.0272
113.9608
114.3414
114.6825
112.5628
112.8593
113.3307
112.6081
112.8608
113.3989
111.9737
113.6741
112.2459
113.0539
110.7822
110.6537
111.0428
110.4363
112.0241
112.1344
112.6975
113.0967
111.5787
111.2499
113.1049
113.2597
112.0558
111.9525
112.2246
111.8115
111.2222
111.8475
114.3432
115.0211
113.2667
114.1629
113.5506
115.5551
114.6150
115.1541
113.2325
113.4331
113.7371
112.0763
112.0878
113.9597
113.6964
113.6742
112.1316
109.9333
111.6599
110.4433
111.7126
112.3819
111.5835
111.3471
112.6789
112.2753
112.0927
111.7330
112.2707
112.8624
112.5316
111.4334
112.9209
111.3835
110.1424
110.5457
111.4717
111.0588
111.1067
110.9205
110.8101
111.4224
109.7879
109.9284
110.8155
109.7006
108.3754
109.8657
109.6303
112.2363
111.9414
111.8336
112.0456
111.9152
113.6439
113.0628
112.6370
114.0176
113.5603
113.6894
114.3752
112.5377
112.9125
113.4335
113.3059
114.7540
113.7489
113.1034
113.0136
112.5944
112.9064
113.3067
114.1146
112.7327
114.2215
112.1655
111.3841
111.9775
112.5332
112.2967
110.2082
110.3343
110.2353
111.8387
112.0476
111.9948
112.6001
111.5607
113.4130
113.7008
111.5070
112.8076
111.8314
112.3292
111.7021
110.6059
109.7117
109.8478
110.2442
110.9874
110.6060
111.6671
111.7345
111.2128
109.2602
110.0593
110.7412
110.7988
110.8685
110.9069
109.8923
109.9568
110.9415
111.8744
110.2218
110.5411
109.9736
111.1848
110.3226
110.8096
112.1549
112.3331
112.5150
111.7745
112.2731
112.2251
114.5383
113.2877
112.9658
113.3510
112.5783
114.0899
112.1895
112.7361
112.5635
112.6452
114.0177
112.9254
113.3671
115.3623
116.0093
114.6953
114.3806
112.9484
113.6147
111.7101
111.8449
112.8307
113.2293
112.4327
115.0638
115.2880
116.6731
114.8602
114.5972
115.6225
114.9690
114.6167
113.5344
113.0683
112.9496
114.7543
113.5741
115.0536
113.5808
113.1756
113.0783
112.8004
114.8235
114.4184
113.9300
113.6274
112.4691
112.4474
113.1365
113.1608
112.0361
113.8701
114.3280
114.9853
113.4105
111.7462
112.1975
112.2150
112.0075
111.5692
112.3808
110.4430
111.9929
111.6085
111.6243
110.6452
112.2238
112.4391
112.6927
113.6688
115.1214
115.3662
116.0528
114.2058
114.3921
113.5146
114.2106
114.2416
114.6613
113.3120
113.1976
114.9997
116.5947
116.7560
115.5011
116.8226
114.1647
115.2558
115.0827
113.9585
116.3395
117.6253
118.3600
116.7924
115.0837
116.2846
116.8806
118.4584
117.1580
114.8038
116.4029
114.4070
114.3227
112.8019
111.5627
112.3402
114.2827
115.4695
116.1441
115.5412
115.3589
114.9630
113.5454
114.5933
114.1974
112.8769
114.3787
113.3543
112.6732
111.6070
111.1832
112.4993
111.3811
112.0331
112.2792
111.0253
111.3425
111.6067
112.0726
111.8976
113.4962
113.0789
113.6530
112.6901
112.8437
111.0231
111.1439
110.9667
111.0660
111.7408
111.9965
110.9403
110.8861
110.0245
110.4803
110.1127
109.4737
110.5174
111.5560
111.7035
112.5488
112.6009
110.8321
111.2127
109.1892
110.3626
110.3203
110.4974
110.6630
112.3228
110.9525
110.2455
113.2697
111.7678
111.5382
109.5830
109.9959
110.6111
111.0003
110.2430
109.1318
109.6384
110.7049
109.2834
109.5366
109.7593
108.3942
108.4254
109.2247
110.8456
108.1280
109.1474
108.9374
112.4812
110.4693
111.2438
110.0036
111.6069
111.0567
111.3521
110.4380
111.2264
108.9619
108.5669
108.6003
111.3634
110.8401
109.7999
109.8218
109.9203
109.0628
108.7498
109.9839
111.3836
110.7657
111.7114
110.3523
110.5466
111.1595
110.8366
110.5595
111.7072
112.3551
113.4068
114.2360
111.3024
110.2862
110.9342
109.9913
110.7815
109.0851
109.3513
109.6076
108.8358
109.3715
109.5070
109.4649
109.7317
109.1179
110.8446
110.6286
110.8198
111.4521
111.1944
112.5825
113.3450
112.6364
113.4580
114.4375
112.7399
113.1920
113.5961
111.0536
112.4413
112.8103
111.4288
110.8153
109.8496
110.7517
111.3613
113.4539
113.3861
112.3595
115.8698
115.7534
114.9310
114.6545
116.6360
115.4891
116.1761
113.8069
114.1432
113.5555
114.7473
115.2619
114.9694
115.2959
116.6586
116.0788
116.5860
115.1479
115.8285
117.3700
116.1073
114.2479
114.8735
114.6805
113.3052
114.8496
115.3512
114.9616
115.2106
114.9164
114.5719
113.1313
114.5994
114.2260
114.9416
114.5353
114.8274
114.6148
115.8702
116.2340
114.9857
114.1169
115.0355
116.3768
116.0856
115.7128
115.3449
115.5124
115.2545
113.5486
113.7076
112.6100
111.3903
113.5430
112.1532
112.9174
113.7162
114.2469
114.3447
112.1158
112.8395
111.7205
114.8815
114.4943
114.7644
115.1661
115.8971
115.0256
113.7277
114.8040
114.1736
115.5543
116.7504
116.8529
116.0853
115.9834
115.7304
115.9148
114.3657
115.2673
115.6658
113.2870
115.0131
114.4328
114.9383
115.7268
115.4825
114.2589
115.4881
114.3499
114.9968
113.9730
113.3362
112.5565
114.6720
116.0982
114.0649
115.5006
115.3322
114.2790
114.3259
115.7011
113.1101
113.2766
113.8234
113.9681
114.8998
113.8866
114.2140
114.1310
113.9906
114.7236
115.0305
114.0492
115.6965
113.6009
111.7899
111.5567
111.8989
113.2519
112.1601
113.5519
114.4189
113.9161
113.8611
113.1035
113.9784
114.6317
112.6855
113.4819
112.0959
114.0053
114.2713
113.9499
115.4072
112.8174
112.4640
112.6981
111.2390
111.0252
110.2377
111.7143
112.1692
112.5344
113.2617
114.4337
114.5375
115.0472
114.0002
114.2922
114.2632
113.5730
114.0566
113.6666
113.3873
112.0689
111.3539
113.9147
112.9289
113.5669
113.2905
111.6864
112.5019
112.0238
113.8657
114.6849
115.2715
114.2123
114.2473
114.4825
114.7474
113.4204
115.6970
115.8409
116.1862
119.0981
118.1690
117.9330
116.9569
118.2623
115.8983
115.7139
114.6585
113.0006
113.8095
113.6788
112.1950
112.4541
114.0671
113.9963
116.1973
114.2004
113.8458
113.8213
116.1420
116.0038
116.2640
116.8425
118.7471
115.9627
117.2586
115.3302
115.1695
115.6355
116.2314
115.3629
113.6626
112.6450
113.9362
115.7776
115.9695
114.8745
113.1133
114.3661
114.2996
112.0927
112.1258
112.2085
112.3052
112.5291
112.1200
113.3193
112.7068
110.8775
110.4485
112.3030
111.2820
112.2146
109.9547
110.7858
112.1315
112.4381
114.1709
111.6647
110.1942
111.8843
111.6236
112.1969
114.9269
112.9127
114.4025
113.5744
112.9783
113.0567
111.7038
115.6405
113.9561
115.0152
115.2915
113.8349
114.5075
114.4254
112.9224
112.9962
111.4129
112.3909
111.1412
110.2211
112.8308
112.2600
111.2259
110.8845
110.8747
111.5180
112.5344
112.5723
113.2037
113.3475
111.2229
113.0103
113.9642
112.1484
113.4853
112.2551
112.1092
112.7752
111.2196
112.5371
114.7900
113.9346
113.5624
115.2928
114.0810
114.0185
113.6583
113.6024
114.2541
114.6823
114.2315
113.7955
112.8216
111.7943
113.2788
113.2085
113.8862
115.1178
114.9403
115.5624
116.1947
116.1469
115.0636
116.1304
116.4434
117.2972
115.4764
115.0180
114.0307
114.1883
116.4512
115.5704
115.0570
116.3959
117.1509
115.8443
114.7819
115.2350
113.8685
114.2352
113.4901
115.5041
115.1496
115.7696
115.5024
113.8781
116.0221
116.7539
115.6000
115.4936
113.3471
113.2954
113.0657
112.3078
112.4214
113.1909
110.9950
113.0859
111.8045
112.4398
112.8368
111.8583
110.6552
112.2026
110.6949
111.2124
111.7685
112.5066
113.7776
114.9189
115.2040
115.3218
114.8018
114.1127
116.8313
115.6561
115.9180
113.8038
114.4321
113.2739
113.1029
113.8795
112.9317
110.7786
112.6358
111.2952
111.7799
110.9751
111.9270
110.4297
111.4795
109.8716
111.3021
111.6524
111.6267
112.1327
112.1795
111.1893
111.9755
112.8790
112.5008
111.5829
113.2118
114.7719
114.3642
116.3335
113.8229
115.4150
114.6827
114.7497
114.2596
113.3129
115.7671
113.7573
115.5898
114.7085
115.2155
114.2781
113.7647
114.1692
114.6289
114.8861
115.5021
114.3644
114.6483
116.9239
117.3133
116.8195
115.0392
116.1649
116.2211
115.2260
115.6174
114.8708
114.3833
115.0157
113.2195
112.3953
114.5587
113.9045
114.7379
115.8027
115.9717
115.7212
115.5834
116.4342
115.9303
116.7706
114.7177
115.3283
115.5870
114.7470
114.7607
113.7319
116.2453
115.8742
114.5755
114.8143
113.0938
114.0154
113.9307
114.4765
116.5667
115.8718
114.9667
116.9417
115.3899
115.8374
114.8657
114.1678
115.3514
114.1008
115.3302
114.4151
114.2649
113.5630
113.6480
113.7129
113.2377
114.1133
114.8437
113.4352
115.0696
114.6956
113.2656
111.9939
112.2608
113.4632
113.1299
112.9676
114.1141
114.2176
111.9058
109.8930
111.6063
109.2127
109.8205
110.7710
110.3184
111.3163
110.0011
111.7383
112.7387
113.0784
113.0482
112.4589
112.4098
112.8765
112.6417
111.2218
110.8133
112.0181
111.0539
112.9581
112.2978
111.9444
109.9784
111.8650
111.0343
112.9423
113.6776
114.0191
113.8929
113.8203
113.2890
112.9369
112.8944
111.8017
112.5851
112.8170
113.9374
115.2859
114.8199
113.3307
111.4522
113.2481
112.5988
112.7164
110.7073
111.6995
111.7967
112.8849
113.8459
113.3820
112.6078
113.6221
110.8527
111.7763
111.0032
111.0719
110.1811
109.8782
109.9267
110.9023
111.4359
112.8276
112.5444
113.4826
112.1781
112.2230
112.9459
114.6266
115.0997
113.7596
112.4729
114.5384
114.0909
113.1827
113.8749
111.3105
112.9549
113.6148
114.8283
113.2987
111.8654
113.4073
113.2445
112.9856
112.5833
112.9902
113.6777
113.2449
113.6979
113.2260
114.0407
113.6754
112.9084
113.0544
114.0582
112.1816
111.2406
112.8725
113.2532
112.9762
114.1924
114.1943
116.0873
114.4598
114.0368
112.9999
112.4856
113.7818
112.7336
113.5416
113.6848
115.4387
113.8531
114.2831
113.9669
113.6933
112.9569
112.3245
112.3254
111.9230
110.6590
110.6318
110.1703
110.3801
111.4510
110.8310
111.6917
113.1781
113.0876
112.5091
113.9405
112.2231
111.7875
113.5185
112.9334
112.2751
113.1970
112.9821
113.3529
111.9854
111.5028
113.5694
113.2975
114.2103
112.5980
114.4681
114.2581
113.8562
112.9397
111.6002
111.8952
112.0048
112.6289
113.5952
112.1020
113.1105
114.2887
113.7584
113.2156
113.5520
111.7616
110.7050
111.0679
111.0507
111.5929
113.2925
111.8594
111.2844
111.5986
112.6828
113.0586
112.9563
112.1219
112.9351
111.6503
112.2731
111.8681
112.0206
111.0612
111.4588
109.5864
111.4110
112.1643
113.1879
111.3897
110.3419
110.3748
111.2641
109.9228
109.1504
109.0474
107.7481
108.4556
108.7808
107.9744
109.6465
109.2097
110.4016
108.6043
109.9454
109.8862
109.2225
109.3022
109.3009
109.9071
110.3184
110.5061
110.3964
110.8811
111.0058
111.2460
109.9549
110.6750
113.4767
111.8717
111.4689
113.0863
113.8112
112.5179
113.1189
111.8898
111.2454
112.0093
112.6014
111.9433
110.1467
113.5850
112.4677
111.5097
110.5708
110.6214
111.2751
111.4067
109.9796
110.2123
109.3099
110.5340
108.2532
107.7765
108.9715
109.7731
109.4612
110.4660
110.3076
110.7388
110.4683
109.1585
110.0132
109.6641
109.8115
109.3835
108.5452
110.2259
110.3063
110.4415
108.1297
108.7242
110.6092
110.1005
109.5498
111.3793
111.2976
110.7475
110.4452
110.9812
110.2798
110.8316
110.4917
110.9319
111.2733
110.6028
110.9714
109.6852
109.2417
109.7835
108.9855
109.7650
110.3464
108.6987
110.3809
111.1588
110.6722
110.2588
109.2112
109.8275
109.2194
110.3139
109.4562
108.4425
108.8974
109.5506
110.1459
108.9658
108.2845
109.5487
109.9822
110.2835
110.2491
108.3208
109.3517
109.7302
110.0961
108.9701
110.4576
111.2719
110.1379
108.2768
108.1498
108.5440
107.4690
109.5338
109.0925
108.7021
107.8345
107.9441
108.4735
108.9787
107.9615
107.3606
109.4125
108.6072
107.5132
107.9804
109.0276
108.9090
109.0331
109.4047
109.9614
110.0838
109.4249
110.7326
109.5167
109.8561
109.9006
109.7890
111.3262
110.2166
111.0222
111.2367
111.5704
112.5002
111.9888
110.9191
110.5002
111.2753
112.1963
111.9306
112.7977
110.0300
110.0353
110.9577
110.2455
110.5582
112.0728
111.3353
110.9416
110.4234
112.4475
113.3551
112.7220
112.4728
112.8870
112.9981
112.0952
112.5043
111.7610
112.6058
112.8297
111.3713
111.4070
112.8865
110.2559
109.6898
109.4364
110.0075
110.3553
110.5548
112.1342
109.7750
111.1910
111.9684
112.0770
109.7435
108.4308
108.8180
109.4450
109.2893
108.9419
109.6218
109.2040
109.4988
111.0229
111.2001
109.6294
111.2734
111.6227
111.6407
112.7350
112.1698
114.5236
114.3533
114.2370
113.3622
112.1740
111.5673
112.3987
112.3273
111.3355
112.0224
110.7508
110.2840
111.0734
110.9538
111.4175
111.4324
110.5427
111.1091
111.7651
111.6570
113.4211
113.4306
115.8561
114.4935
113.0976
113.2427
113.4466
113.3225
113.4867
114.1609
112.6015
111.7554
113.2949
111.8391
112.1146
111.3240
110.2489
111.1839
110.7400
112.8080
110.5046
111.0521
112.4474
111.6659
112.3349
110.0995
111.1363
112.1191
111.3882
110.8951
110.9595
111.3381
112.6863
112.0497
112.9521
113.8729
113.4525
112.4377
111.6843
111.4497
111.5236
110.9813
110.8296
112.1096
111.7125
110.6232
110.9971
111.7032
110.8447
111.2172
111.6536
111.7628
111.8136
110.8293
110.6867
112.6454
113.1911
110.7400
112.0532
113.5826
112.1558
110.6650
112.3614
110.7450
111.6849
113.6144
112.3518
111.3808
111.8695
112.4514
112.0549
110.9478
110.7261
108.8113
109.1120
109.7065
108.8712
108.6921
109.4350
109.4054
108.9040
107.4934
109.4991
108.8035
108.7594
107.5405
106.8703
107.9021
107.6625
107.5179
107.4817
107.5677
106.8279
107.9696
107.6252
107.0498
107.9874
106.3966
108.6091
107.7985
107.0842
107.3947
108.8295
109.2967
108.5681
107.5680
109.1690
109.5444
109.0412
109.7945
110.4062
109.9605
109.7128
111.5397
110.9782
110.5848
109.9695
110.2035
109.9732
110.0298
107.8610
108.9859
107.6019
107.0311
108.9454
109.2242
108.8656
109.8534
107.9967
108.9546
108.0761
109.3225
109.7014
111.2072
108.7486
108.3523
108.1213
106.8851
105.3867
106.4451
106.8963
105.3226
106.6077
107.3586
106.8930
106.4079
107.9502
107.1132
105.9235
107.7499
107.6636
106.8031
107.3838
106.7277
107.4546
107.1293
107.5729
108.2763
109.2583
108.3289
109.5911
108.6274
108.1028
107.8293
108.3460
108.6762
107.7892
107.0627
107.4352
106.6094
106.6539
107.1902
107.9537
106.7416
108.0322
108.3272
110.1039
109.9653
110.0770
110.2367
108.4225
110.6441
110.5851
108.8420
111.0201
108.9600
110.3728
109.3615
110.9912
110.0868
108.3897
108.2998
108.7788
109.1587
108.3298
108.3902
109.7225
109.7120
111.2031
109.9481
111.5680
111.8320
111.1593
111.5143
111.5294
109.9357
110.5156
109.5870
110.4188
108.3922
109.3042
108.5892
109.1344
108.8029
108.6244
108.7220
110.2263
111.3329
109.7925
110.8783
110.6468
112.1444
111.2339
111.4804
111.6296
111.4070
112.2417
113.1428
112.4022
112.1901
113.1303
112.5501
113.2643
112.6917
112.5215
111.7561
110.2968
110.5569
110.0436
110.7049
110.9127
110.8961
109.8662
108.7308
110.6300
109.6100
111.3746
111.4047
109.3584
109.5747
108.7922
108.8641
108.4396
109.7259
108.5699
108.5625
107.8651
108.3761
110.8313
107.8737
109.3670
109.4379
109.0223
109.5725
108.8777
108.7863
108.3188
107.4491
108.1034
108.8251
108.9325
110.9965
111.2283
111.7256
109.7951
109.8225
110.1436
109.6111
110.5740
109.7020
108.1303
107.8441
107.9337
108.3801
106.6751
106.8827
106.2058
106.1505
106.4680
108.2616
107.7504
105.3346
108.0243
107.1835
107.4511
105.6519
107.6096
106.9100
107.0711
107.4504
107.3616
108.1356
108.4823
107.8104
108.8938
106.4254
106.8356
108.5660
109.4413
109.1268
109.9949
110.3534
110.4499
110.2346
109.0580
109.2461
108.6370
107.5040
107.2320
108.4143
107.2997
107.4084
107.6140
109.3482
108.6921
109.8157
110.0755
109.3363
109.2620
108.9535
107.5821
109.8405
108.6806
107.9438
108.4742
106.1417
108.9757
108.4705
111.1751
110.3745
108.9603
107.8728
106.9906
107.2343
107.1742
106.6940
106.8879
105.8368
104.4541
105.7986
106.3504
105.8591
107.9065
106.8910
106.3247
106.2994
105.2497
105.2810
105.1277
105.2299
108.9149
107.0542
107.4467
106.4642
105.9120
106.7984
108.1404
106.0564
105.8946
107.6966
107.8186
108.4105
108.3581
107.6049
107.9754
109.3635
108.7323
107.3149
107.5705
109.0014
109.6260
110.2575
109.2764
110.3861
111.4351
112.5324
111.1209
109.9345
110.1826
110.1210
109.6149
109.4354
108.3187
109.7212
111.3264
111.1512
110.5356
109.1145
109.1711
107.9469
107.8901
108.4068
109.9452
111.0609
111.2694
110.3911
111.3407
111.2435
110.6329
112.3685
112.1252
112.2135
111.5745
110.0165
111.0592
111.2249
109.4706
108.4417
110.1763
110.2848
110.9934
112.0645
110.0126
110.8923
110.3311
109.3027
110.6164
109.5454
111.0633
109.5077
110.3450
110.9957
110.6245
111.2183
110.9323
110.9386
110.3137
109.8045
111.0549
110.0127
110.4701
110.5832
111.0402
110.5204
110.6038
111.5163
111.5349
110.4719
110.8412
110.2053
110.9911
109.3048
109.3579
110.3860
110.7085
110.6025
109.6297
110.2264
109.2723
109.1213
110.1780
109.9235
108.2382
107.7372
109.6062
109.7838
108.7054
110.0300
109.0562
110.0202
110.1356
110.2189
111.5049
109.7042
109.3620
108.0810
110.3928
109.1794
109.0930
111.0575
110.9063
111.2293
111.4891
112.1004
111.4895
110.9593
110.9225
110.5848
110.3946
109.8002
110.5112
110.2445
112.1385
111.1005
110.1884
111.5935
109.4713
109.8426
107.1466
107.5571
107.5874
107.1823
108.0807
108.9514
110.9025
111.1035
110.7415
110.7287
111.8542
113.2160
109.8311
110.4516
112.1979
111.0830
108.7624
109.9378
109.2326
110.6901
110.2238
111.0296
110.3862
109.9801
110.6388
110.0612
111.8300
112.4821
113.1512
113.9136
112.5582
114.3092
113.5637
114.0843
111.7735
112.3261
111.3610
111.7341
111.2963
111.1499
111.9374
111.9777
112.3374
111.1443
112.7067
111.3987
112.9737
112.1570
111.8693
110.1738
111.3091
111.0877
111.3727
110.1906
111.8096
110.9922
111.2532
110.1868
111.5204
110.8060
109.8111
110.1456
110.0629
109.4162
109.9384
109.9398
109.7987
109.3179
111.2925
111.1117
110.1221
110.0944
109.0345
109.7992
109.8082
108.4489
108.1799
110.0966
110.2359
112.1478
112.4239
111.7502
110.7045
110.7647
111.3268
112.0913
111.2101
111.8550
112.9969
113.9009
113.0431
113.6534
113.8291
113.3049
114.5946
115.1513
113.0483
111.3667
112.5205
112.1470
113.1987
113.2710
112.5063
112.4796
112.0986
112.6871
112.9178
112.4145
112.0289
112.6394
110.8230
113.1636
111.7129
112.4237
111.3610
111.9512
111.0238
110.7598
111.7800
111.1173
110.8818
112.4131
112.0395
111.6283
111.1867
111.1974
110.8344
108.7603
109.6185
108.6099
108.9377
111.1202
110.0776
111.1782
111.3918
111.2510
110.7741
110.2912
109.5603
108.7476
111.0268
111.7896
110.0175
110.1245
109.7545
112.0713
111.8776
112.6086
113.2187
112.3180
110.7665
110.0899
111.7312
111.2029
113.0575
111.7217
110.8478
110.4025
110.3131
109.3354
108.4752
108.0199
108.7373
107.7430
109.4025
107.6315
108.8732
107.9365
107.5371
108.4694
108.5854
108.2332
109.4435
110.1227
108.4506
108.7561
107.7196
108.6188
107.7643
108.5343
107.3290
109.0191
109.2786
107.5513
108.8279
108.1861
108.9628
111.3567
111.9682
109.8085
110.1456
110.4175
108.4012
108.8937
109.4020
110.9108
110.1723
110.8335
113.6158
112.7710
113.5166
113.3229
112.6680
115.0992
113.5108
112.0853
115.1211
114.0680
113.7144
113.0457
111.9095
112.8594
111.3314
111.5604
111.7701
111.9441
113.1422
113.0775
112.6932
112.3892
112.4608
111.7162
109.8063
111.0190
110.7565
112.3535
112.0371
110.9603
111.5246
111.7054
112.9251
112.7376
114.8742
116.2042
116.5082
113.3375
114.1121
114.2500
113.1656
112.4388
114.6524
112.8754
113.5826
113.4586
112.6413
113.0594
113.6791
113.3042
113.8481
114.9491
113.9859
114.1241
114.3781
112.3960
112.4996
113.0962
112.5417
112.0130
111.3041
110.2979
111.5560
111.6993
111.1628
110.7077
110.4101
111.9438
110.7950
110.4067
112.2010
111.8914
111.8241
112.2831
112.8978
111.5326
111.5445
113.8314
113.6175
114.1176
114.0264
112.9512
113.3094
114.9825
113.2052
113.0532
114.3253
113.6514
113.0805
113.9680
113.1692
113.4294
113.6125
114.2388
114.3998
114.4740
113.5787
112.7711
112.3255
111.8701
114.3816
113.1026
113.6405
112.6699
112.4367
112.1982
113.6994
111.1702
112.6068
112.2443
110.7632
112.9836
113.1966
112.5523
113.6245
114.0196
115.3501
115.5087
115.4063
117.6510
115.9982
113.2857
114.3958
114.6542
115.6624
114.3995
113.8354
112.6942
114.7804
111.6143
112.7478
115.1797
114.6415
114.4056
114.0670
112.8036
114.0944
114.6597
113.0772
113.0915
113.9393
116.1385
113.5800
115.1962
114.9463
116.2152
115.9144
117.1509
117.6827
113.3195
113.9216
115.0198
114.8153
111.6937
111.7670
110.7053
111.7470
112.5999
110.6479
111.2080
110.1772
112.4106
111.5765
114.5311
114.6442
114.3076
113.1204
114.1187
113.2294
112.3776
113.8698
112.8995
115.1422
113.5881
113.7991
113.1228
111.5216
112.1423
112.2280
110.6210
110.8387
109.8249
108.7891
108.2821
110.3832
111.2256
111.1656
109.5927
111.6005
111.2802
111.8873
112.9492
112.1606
113.3238
113.7931
114.7655
114.1348
114.7928
114.4634
115.2531
115.8439
115.2084
116.1954
115.3634
113.5424
114.8022
114.4532
113.6115
112.9141
114.1523
113.7096
111.5499
113.1538
113.3192
111.4941
113.3730
112.9409
112.3969
113.7393
114.5452
113.6123
114.6321
111.2630
112.3308
112.3004
112.7906
112.5371
113.4522
113.7511
113.5701
113.2550
114.1576
113.7961
112.6408
114.8318
114.6824
116.5590
115.2287
114.6211
113.0598
112.3313
112.4954
111.5862
113.6838
113.6615
113.6270
113.6161
115.5159
115.8865
114.5521
113.4969
111.1498
113.3090
113.5275
113.7753
115.2930
113.1666
113.3675
112.6026
112.1597
112.7319
113.7794
113.8364
113.0965
113.5935
112.9711
112.7691
113.3355
112.8907
115.7544
117.0179
116.9088
115.3420
113.9525
113.8603
113.5608
112.7083
112.0206
111.5312
111.9294
112.8979
111.4445
112.8908
114.8188
113.9667
114.7281
113.9988
115.0281
113.5621
113.3781
113.8065
113.0982
114.1046
113.4314
113.6996
113.7525
114.0472
113.8090
114.0623
114.6247
114.1987
113.3578
114.6006
112.8198
113.6148
113.4157
113.7702
114.6805
113.5763
114.1482
114.2490
113.7440
112.2106
113.2303
110.9964
112.1658
111.7814
111.6310
112.8498
112.1671
112.8085
113.5330
113.7220
112.7384
114.2304
114.9108
114.1741
114.8203
114.9411
114.5533
115.7433
115.9856
114.4261
114.4601
115.6442
116.3976
114.3042
115.6146
113.6204
113.8857
112.9516
113.3932
111.7603
113.0787
112.6171
113.6508
114.2251
114.2964
114.0833
114.9733
115.7099
115.0192
115.8634
115.4929
116.8132
114.9346
116.0166
114.8552
115.6878
114.0686
113.8505
113.4746
114.0723
113.1649
113.8790
112.9651
113.1391
112.8647
113.6540
113.1959
112.6023
112.6616
111.7486
113.2389
113.3132
113.9987
113.6814
113.7044
113.8546
111.7141
112.4948
112.8002
115.3981
115.1045
114.6933
114.5249
114.2189
114.6252
115.2710
114.4396
113.9081
113.5953
110.2213
112.4219
111.4476
110.9373
110.7365
111.3681
113.7932
