64.8661
63.7105
64.5812
64.9093
64.2415
64.3438
65.6056
64.0664
65.3140
66.0209
66.0277
67.7201
68.8320
68.4267
65.8155
67.6238
68.2990
67.9257
67.4144
65.9753
65.7041
65.8148
66.3621
66.3541
64.7656
64.1116
66.2436
65.8964
65.0850
65.5857
62.9374
63.9026
63.0287
64.1938
63.5410
62.9359
64.1918
65.0700
64.6820
63.4497
63.0829
62.8905
62.6205
63.2776
64.4391
65.0193
64.5573
63.9639
63.1313
65.2445
65.6974
65.7195
66.6518
66.4883
66.1515
66.7505
66.4148
65.9629
67.4266
66.4786
66.3227
66.9671
65.0472
65.6488
66.1345
65.6598
65.4764
65.0186
64.9155
65.9966
64.7885
65.7043
65.2299
65.8312
65.1020
64.8130
65.6598
65.5795
66.0657
66.0009
65.6639
65.1437
67.2892
66.3409
65.2057
65.4231
65.3410
67.3077
69.1196
69.7820
69.1314
68.5643
69.4120
68.0535
67.5441
68.1589
69.7217
69.5372
67.8620
68.9320
69.6080
70.5423
69.7066
69.2109
69.5354
67.8181
70.0238
69.4306
69.5311
68.8441
67.1246
67.1785
68.6996
66.9523
67.2773
68.2698
66.6496
66.0787
64.6944
64.3050
64.1135
63.7937
64.9744
63.1219
62.4571
63.0706
62.2427
62.9488
63.3242
63.7049
63.0098
63.5953
62.8332
62.1169
63.1046
63.1975
62.5227
62.5837
63.7670
63.1601
62.3432
61.1942
62.7339
63.8108
62.6448
63.5504
63.8117
63.2284
61.8941
62.1864
61.0935
63.0616
62.1840
62.9668
62.9037
63.0333
63.5105
64.2089
63.8550
62.7927
62.1547
62.7140
63.8648
64.0170
64.5122
64.4090
65.2192
65.7794
65.5959
66.4865
66.6803
67.0855
65.8604
65.5389
66.1188
66.9949
65.8407
65.1844
64.9848
65.1805
64.3807
65.2884
64.5496
63.5012
65.2518
66.7248
67.2871
68.2612
68.0899
69.5503
66.7739
66.8543
66.1499
64.5024
64.0513
65.9872
65.8847
65.7795
65.7407
65.0788
65.0683
66.7729
66.3789
66.1547
66.0184
65.3400
66.8604
65.5573
65.3460
66.2549
65.0633
67.3690
68.4652
66.9935
68.4106
67.3960
69.0007
68.7312
67.7999
68.3424
68.6702
69.0489
69.1418
68.9953
66.9030
67.8253
68.5870
68.0457
67.2888
68.1797
67.8538
69.3038
69.2334
72.9766
72.9707
72.0374
72.5304
71.3659
71.7159
70.0127
68.3923
69.6924
70.9175
69.3314
69.2403
70.0947
70.1650
70.1031
69.4660
69.7846
70.4918
69.7854
69.2147
70.6509
68.3155
69.5877
70.9065
69.5699
69.8409
69.8256
68.5594
69.2596
68.8846
67.5718
67.7414
69.5509
68.4204
68.8432
68.3521
68.5739
68.6953
67.9272
70.0474
69.9899
69.2161
69.5727
68.9673
68.9627
70.1066
69.3967
68.6608
67.9012
70.0935
69.8493
69.0263
67.1446
67.9314
69.1315
68.6848
66.6718
67.0301
66.5142
68.8032
68.4739
68.3483
67.9740
68.4819
69.0117
69.6961
69.7005
68.7316
68.8344
70.2327
70.0054
69.5019
69.2824
67.1702
67.8499
68.5277
69.0118
68.0133
66.4207
67.1507
66.6033
68.3411
68.1870
65.7774
67.9898
68.2086
69.2177
68.2812
66.7494
67.3249
67.2866
66.9908
65.9877
66.8057
66.1779
65.3977
68.1765
66.8722
66.7200
67.5427
67.2931
68.1158
68.5061
68.3576
67.3019
66.3567
66.4446
67.8733
65.2815
66.6260
66.1801
67.7643
67.7321
67.1260
67.2243
66.5680
65.9951
65.9351
66.7889
65.2080
64.0936
65.0217
65.9827
66.5532
66.3289
66.7815
66.9933
67.1098
68.7821
69.6166
69.9665
69.8660
71.2103
71.8816
73.1582
73.6222
73.3282
71.4938
71.2469
70.6762
71.8388
69.6628
68.4210
69.6968
69.8263
71.0765
71.7394
69.9568
69.1339
69.5667
68.6688
68.2001
69.8451
68.1521
67.6960
68.0182
69.0083
69.1900
68.6012
69.9532
70.5309
69.9899
69.7782
69.7568
69.4412
70.4350
70.7849
71.3671
71.1481
70.6963
71.1838
70.2364
70.4097
70.0200
71.3093
71.0657
71.4551
70.7843
67.5880
67.9490
67.8374
67.9498
69.1902
67.3892
66.9805
65.5297
66.1054
66.7207
66.5958
66.2286
68.2322
67.0740
65.8978
65.5381
64.6151
64.4017
63.9332
63.8725
62.9762
64.0583
63.7306
64.0826
63.7250
63.6207
63.6637
63.0973
63.4689
63.9433
62.7301
61.8464
62.8855
62.2678
62.8237
63.4413
63.2147
64.7950
63.5622
64.1365
63.1714
62.3109
61.8691
62.8293
62.3662
61.4993
61.3829
62.8701
61.0504
61.5066
61.4815
62.2946
61.5064
62.8258
62.7749
63.7206
65.2343
65.3950
64.2429
62.7851
62.2753
65.4699
64.7055
64.5460
66.1323
67.0738
66.1648
66.8790
66.7093
65.7660
67.2750
65.8969
67.8919
67.5429
67.5725
67.9335
67.4771
66.4007
66.7721
66.5616
67.2208
66.3997
65.3505
65.3936
63.9070
65.1080
64.8279
64.7152
65.1022
63.3196
62.9603
64.2097
62.5943
61.2192
62.0285
62.6441
61.5467
61.7193
63.2951
62.4533
62.8164
63.6409
63.4968
62.8943
62.9375
64.4123
59.9990
61.8052
62.6594
63.2111
61.9895
63.0841
63.0296
62.6298
62.2125
60.7792
60.2364
60.3083
61.1219
60.7252
60.8222
62.1790
63.9097
64.4552
61.7334
61.7140
62.7857
62.2624
61.6008
62.8346
61.3892
62.0757
61.7364
61.7446
62.0467
61.7866
60.7126
58.8590
58.7445
59.8265
60.1764
59.4016
58.7903
57.9177
56.3204
56.5455
57.3879
57.3723
56.3196
57.5651
56.3485
56.4064
55.9469
56.5439
55.6971
56.7479
55.9372
56.3738
56.8541
55.1350
54.8299
55.9823
56.8731
57.6713
55.7180
57.7734
57.8521
57.1496
57.4187
57.2083
57.8092
57.5707
58.5301
56.3000
57.9543
57.4662
57.9277
58.1179
54.7227
55.1721
54.8876
54.7839
53.7808
54.7119
54.2439
54.6872
55.8179
55.1199
55.9819
55.9252
56.6474
57.7282
56.5039
56.3437
57.1623
57.7606
57.6277
58.0119
57.1426
56.5851
56.0821
56.1659
54.3747
54.5255
55.4986
56.3381
56.3509
55.4988
55.8995
57.3284
56.3212
58.1453
57.1202
55.8496
57.9904
57.0690
57.6472
56.7508
57.3726
57.5491
56.2508
57.9565
57.3144
55.8299
55.6632
55.2816
54.5616
54.7263
53.5544
55.3037
54.3935
55.1957
54.0268
54.0104
54.6946
54.3885
54.5657
55.8436
54.1937
54.4805
55.3127
54.8499
56.0763
55.9104
55.9516
55.3889
55.5176
54.4749
55.6982
56.8982
56.2970
58.9951
57.5346
57.0515
58.0893
56.8421
57.1187
56.2334
56.0463
57.1168
56.0710
58.1256
58.2350
58.2117
58.2615
58.9267
58.0608
59.4041
59.3364
60.1106
59.2772
60.5775
61.5067
61.3385
62.5380
62.0890
62.7263
62.3597
61.7154
63.1067
61.3402
61.8711
63.1400
62.7063
61.2774
62.4256
63.4984
63.6699
62.4331
64.1665
64.5067
64.4536
63.7053
64.7827
64.7250
62.8766
63.5761
63.1620
62.2480
61.5992
59.8461
58.9381
60.0625
61.1480
59.8669
59.3749
59.1269
60.4448
59.5500
60.1644
60.5955
59.9493
59.7398
59.4657
59.3505
58.8195
59.0630
59.5700
59.4973
60.7047
59.8705
58.7601
59.7584
58.8096
60.7315
61.3107
61.4369
61.9229
61.7065
60.7455
62.6315
63.4291
62.8867
62.3559
62.7873
61.8066
62.6959
64.2866
61.4299
61.2391
60.7135
60.9024
61.6770
60.4395
62.4923
60.8155
60.7441
61.0592
60.5383
60.6926
59.8587
59.1158
59.3403
60.2858
61.7889
60.6863
61.5706
61.0330
61.6516
59.6986
59.4132
60.0879
60.6053
60.6671
61.6173
62.1993
62.3337
60.6177
62.4901
63.2169
61.3083
63.3316
62.0953
63.0280
62.1802
61.5765
61.4273
60.4687
61.7684
60.9894
61.2865
62.2559
62.2156
61.7391
61.1850
61.9817
61.9810
62.2996
61.5666
61.9648
63.4822
62.0596
61.5141
60.9174
61.7972
61.1522
61.6768
62.4055
63.2943
63.6183
63.1052
63.3901
64.3661
62.9720
62.6437
62.6988
62.1299
62.4347
62.0839
62.6495
62.1732
62.3333
62.4875
63.6727
63.6494
64.8964
63.7219
64.4719
65.9052
65.1759
64.2093
62.3473
62.9241
62.1607
63.1127
64.1660
65.3009
64.0745
62.7911
61.9816
62.4508
62.9480
62.2984
61.4391
62.0013
63.1382
63.5616
64.4765
63.9287
65.9648
65.1188
65.1820
64.5021
64.3233
65.0510
64.9594
65.4313
65.5709
63.8219
65.0218
64.8255
66.9811
67.5923
67.2176
66.5807
67.4526
67.1611
68.5622
65.9182
67.0736
67.2277
65.9442
64.6650
65.4107
66.6529
65.5466
65.6101
64.5446
65.3450
65.7061
65.9618
65.3766
65.0572
64.1237
64.6397
65.9952
65.7948
64.5821
64.5362
64.1662
65.3443
63.6559
64.8418
66.2382
63.7948
65.2035
64.7974
64.3532
65.6481
66.1997
65.0932
65.6889
65.4965
66.2190
67.2994
66.0062
66.2159
66.1946
67.3883
66.6652
66.3894
66.8675
65.6211
64.3366
64.8586
66.6261
66.6061
66.0257
65.5170
64.6753
65.6023
65.2907
67.2667
68.7645
68.4433
66.9996
65.0064
65.9897
66.3881
66.9608
66.1926
66.4309
67.4929
66.7480
66.2166
65.3606
65.3711
65.5587
65.8546
65.9908
67.6611
66.8557
65.8873
66.3250
66.8599
67.8076
67.0976
68.3027
68.5440
69.2613
69.2481
69.5930
70.4001
68.2742
68.7694
69.9786
69.2016
68.9636
67.7321
67.0581
67.1529
68.5509
67.8906
65.8475
66.9657
69.0195
69.0507
67.9842
68.3626
68.1788
69.2832
68.2935
68.0733
68.5407
68.9025
69.3218
68.5089
67.0480
66.3248
66.5457
66.5354
66.6414
66.7480
65.6587
64.1190
66.2986
65.5572
64.6564
64.6284
64.5931
63.3953
63.8891
64.2582
65.0940
65.1955
63.0830
65.2800
64.9254
62.9665
62.7322
63.0406
62.0923
63.5098
62.3798
63.3801
61.9808
61.9131
63.2373
62.5048
63.7022
61.4041
63.2242
63.4068
63.6755
64.2835
63.2282
64.0168
64.8522
64.5617
66.1465
64.7460
62.9631
63.3567
63.3084
62.7898
63.7712
62.5715
63.7072
63.9122
64.1639
63.5186
64.5733
65.2671
66.4757
66.1598
66.6975
67.3024
66.1386
63.8489
65.0914
65.7930
65.4199
65.3950
64.9579
66.9000
66.2794
66.9651
68.0728
67.2435
66.7080
67.8286
68.3623
68.0013
68.0178
67.3689
66.9154
67.0552
66.4001
65.9793
65.4514
66.5889
66.0539
66.5683
66.3006
67.1476
66.9466
66.0468
66.2572
67.7740
66.7597
66.3019
67.5565
66.5267
66.5185
65.6365
66.6699
67.3803
68.2008
67.9572
67.4553
68.0397
66.5708
66.8972
66.4862
67.2416
66.4191
67.7752
67.5117
66.6891
65.9557
66.6768
65.9887
67.5626
65.8352
64.4265
65.1669
65.8516
65.6321
65.8947
67.5071
65.9662
66.2580
67.0225
65.7673
65.6685
65.3726
66.5503
66.0075
66.4016
67.3569
66.7917
66.4580
65.7588
64.5318
65.5062
65.6074
65.6598
64.8007
65.3209
65.6217
62.9623
65.0048
65.6053
65.3077
66.5786
66.3608
67.2737
67.0378
66.7814
66.1736
65.1998
66.1657
65.1606
64.5807
65.0235
63.5290
64.8245
63.7644
64.9444
63.3581
65.6397
64.5293
63.9278
64.4843
64.2650
63.1026
64.0818
64.5601
64.2745
62.7113
63.9046
62.5244
63.4218
63.1792
63.6355
63.1954
64.3256
61.7150
62.8590
62.1069
62.3404
62.8465
62.6469
61.4455
63.5732
63.8881
63.3552
62.6879
62.3304
62.1061
62.1762
62.4088
63.1269
62.6391
61.4517
60.6858
59.8988
59.2153
60.8058
60.6981
60.2319
60.9972
61.7638
62.3779
61.5147
62.0488
61.6293
64.4833
62.9939
63.8303
63.3765
60.9183
63.2525
62.6305
62.5455
62.7287
64.0004
64.1014
63.1811
63.2708
63.9434
63.0925
64.4808
64.1953
65.1658
64.8814
64.1760
64.6328
64.8624
63.6750
64.9726
64.1328
63.6475
63.0750
62.5843
64.2683
63.9470
63.3447
62.4340
64.0912
63.5450
62.9178
63.0892
62.8175
63.4220
63.5507
64.6982
63.6906
63.3462
62.6237
63.6414
63.3008
65.0881
64.2984
65.9947
63.8495
63.2094
65.8741
65.3032
64.8933
66.2720
65.8696
65.3570
66.1753
64.8937
65.7223
65.2193
64.8184
64.3909
64.0608
65.1424
66.6103
66.8152
68.2978
65.8896
66.2788
65.5916
65.3314
65.5508
68.3075
66.9683
66.6683
65.6881
64.1453
64.9276
65.8851
63.8577
65.0531
63.4943
63.7814
63.9026
63.5800
62.9670
63.5578
62.3833
62.7542
62.2959
61.5776
62.0961
62.6932
65.3899
63.6994
62.8104
63.3122
64.0235
64.8064
65.4437
64.2600
64.8465
64.1700
66.3714
66.4620
64.3656
66.1959
66.1308
66.8561
67.7744
67.3684
68.3474
68.5024
68.3680
69.2721
68.0551
68.9888
69.7271
69.6847
71.0076
69.7788
67.2545
69.5388
70.1345
67.9213
66.4194
67.8998
68.6013
67.3143
66.5683
67.0914
68.1153
69.2796
68.6352
68.5798
68.7278
67.6708
67.2854
67.0422
66.9415
65.9362
67.8896
67.3695
66.8195
68.0166
66.7367
65.9375
66.2250
64.6591
66.4093
65.9762
64.4697
64.7996
65.0551
63.4805
64.0635
62.9826
63.0170
62.8435
62.4500
62.8969
62.9394
64.0807
64.2751
63.6143
64.1423
64.0785
63.1978
63.6744
63.8059
63.4943
62.8780
63.7229
64.3257
61.8464
61.8923
61.7959
61.6952
61.5697
61.6628
62.0049
60.8775
61.9325
63.2265
62.9950
63.0921
62.3735
62.8114
61.5910
62.9556
62.0419
61.9192
62.7078
62.3232
61.7980
61.9133
61.5906
62.2334
63.3692
62.8686
63.1766
61.9402
61.7462
62.6200
62.4746
62.3435
61.8179
62.9808
61.4371
61.3277
62.3339
62.1423
63.4488
61.6917
62.1913
60.8877
62.6871
63.0052
64.0272
63.8609
64.2444
63.6798
64.0282
62.5712
63.1439
62.1838
62.6258
63.8701
64.6657
64.8993
66.8156
65.9659
63.4966
63.2497
63.9090
63.7207
62.8380
62.1710
63.6619
63.4217
63.8000
64.2263
62.7810
63.8504
63.7690
65.5724
65.0043
65.8709
65.8115
65.0673
64.6378
64.6731
65.2567
66.2638
64.4559
65.7193
64.3840
64.3525
64.1787
63.8490
64.8959
64.8622
63.5649
64.2936
63.6054
64.8739
64.6782
64.9679
66.1571
65.4659
67.1779
67.1171
67.2607
67.0940
66.1012
65.8617
67.3169
66.7801
66.6607
67.0342
67.3708
64.5864
65.5371
65.4596
66.6559
65.9368
65.4722
65.4211
64.4796
67.0496
65.6229
65.7241
65.9866
66.3196
67.0044
66.8840
66.5336
66.3390
66.7335
65.6259
67.7988
66.9534
66.2967
66.4196
65.0165
66.2842
65.3731
66.1539
64.2377
65.5858
66.5665
66.2461
66.4351
66.9475
67.5734
67.1165
67.0306
65.5983
67.0454
66.5881
67.9633
67.2329
67.4814
67.5601
67.5433
68.1172
68.2835
69.8602
70.1347
70.8452
68.9044
69.9361
69.9415
68.7921
68.2598
69.1734
69.9605
68.6350
68.4446
70.8311
70.0774
69.9005
67.2678
67.4219
67.8372
67.0826
67.5763
66.9483
69.0947
69.4651
68.5243
67.8200
68.9936
67.1599
66.3731
65.3880
64.6084
66.7434
67.1752
67.4817
67.4033
66.3505
65.8185
65.9889
67.2158
67.4375
66.3713
67.7659
66.2133
67.4177
67.5635
67.4587
66.1488
65.3330
66.1172
65.7484
66.3490
65.7601
66.3476
67.3442
67.7988
67.0683
67.8703
68.8956
68.4736
69.8139
69.4260
69.1461
69.2406
69.7861
67.5940
69.3752
68.7283
68.6119
67.8544
67.4839
67.4398
66.8584
66.5343
66.7253
66.3119
66.7962
67.2522
68.3254
68.4022
66.9210
67.9561
67.1613
65.3964
64.9904
66.2233
64.9986
67.2508
66.8147
65.7853
65.6297
67.4572
67.1627
65.8601
65.5797
64.0729
65.2239
65.4809
67.2455
64.7823
66.5437
65.8373
67.1116
65.4926
65.4250
67.9722
67.9649
67.5875
67.2073
67.2558
66.1023
68.7950
68.4382
69.8281
68.3085
68.6667
69.2438
68.8569
69.5672
68.2880
68.1482
68.2697
67.0653
69.3469
70.0226
70.3323
70.0822
69.0867
69.1840
68.3640
68.4260
68.3685
68.7856
67.7620
68.8261
67.0786
68.4396
68.8405
68.5401
69.2488
70.1358
69.2803
69.6309
70.2074
69.8472
70.0919
69.7651
69.3014
69.5485
70.6087
71.2169
68.3928
69.3052
70.1644
69.3381
69.0631
68.3397
68.1079
67.1472
66.5596
67.2112
67.4821
68.9901
69.1193
68.1805
68.8361
68.8783
68.7442
67.3039
67.3930
68.7816
68.8822
70.4933
70.3328
72.6165
71.6572
69.4196
70.3021
70.2341
70.7085
71.5156
70.4701
71.3370
71.3442
70.2411
70.5193
71.1983
71.5736
70.8067
69.4976
70.5947
69.7589
69.4407
71.6923
69.7441
70.7912
70.3420
70.8184
71.2454
70.7136
71.4015
71.4633
71.5160
73.2639
72.6840
71.5600
72.2020
71.1611
71.8699
71.8411
71.3740
69.5256
70.6823
71.4867
68.4355
68.8442
67.7754
66.8993
67.1222
68.0018
66.4094
67.6513
66.7994
67.2651
67.8382
69.7365
69.1002
67.4274
68.2788
68.3488
68.3141
68.6470
68.6380
68.8257
69.1005
70.9879
69.8517
69.8306
71.1187
70.7064
71.2732
70.5691
71.4518
70.8541
70.5036
71.0294
70.4012
69.7858
69.4416
68.9347
68.8390
69.3931
70.2576
69.7618
69.3660
68.3342
68.4775
69.9985
69.2425
68.5261
69.6776
69.9384
70.1799
70.6560
70.6114
69.2816
66.9562
66.5915
68.6260
66.1031
66.0294
65.8824
65.7653
66.2935
67.6197
67.6850
66.4117
66.9352
65.1645
64.9061
64.5329
63.7953
64.2184
64.7920
64.8345
65.7764
65.8243
65.5410
65.0956
63.9767
64.1620
63.0219
63.7472
63.0906
63.4453
63.9053
63.5725
63.6866
64.1173
64.5589
63.4463
63.9897
64.5603
66.0739
66.0163
65.6840
64.2908
64.8730
66.2717
66.9069
66.2245
66.1176
66.3192
65.8149
66.5080
67.2807
67.8441
66.2761
66.3544
66.5298
64.8980
65.7152
64.6459
64.5150
66.0003
66.5238
67.1828
66.7096
66.7062
65.7101
65.5141
64.5861
65.8755
66.8020
67.8094
66.7501
66.1259
66.5999
65.9102
66.1914
66.5282
66.3353
65.8471
66.3306
67.0309
67.4794
66.0549
67.7316
66.9096
68.4416
68.9785
69.1464
67.6560
68.5415
67.4491
66.6866
66.2985
65.7542
64.8099
63.9468
64.3299
65.3214
64.2554
66.1661
65.8908
67.3558
68.0351
67.8825
66.6985
66.0339
65.7164
66.3819
66.1510
65.9396
65.8464
67.9310
66.0178
66.4743
66.5879
65.7317
65.2622
65.3590
65.0171
64.0705
65.8298
66.2866
66.0601
64.9941
64.8700
66.1815
66.1033
65.3712
64.7815
64.4476
62.6412
64.1150
66.0168
65.9094
65.2083
64.2575
64.8195
65.5801
64.6177
64.4084
65.2710
65.6703
66.6616
65.9894
65.4115
65.0660
64.9797
64.9705
64.9555
66.0769
67.3902
67.2313
67.2957
67.8130
67.1015
67.0120
66.9043
66.7646
67.4747
68.1883
67.4599
67.1980
66.7902
65.9964
66.0450
64.8460
65.9566
65.0385
66.2526
64.9091
64.6845
65.4642
66.0732
64.5200
65.0561
65.9822
64.5075
65.7197
63.6658
64.9142
65.6971
66.1019
65.3575
65.0682
64.3505
64.8020
63.4673
65.7312
65.0847
66.7150
67.0096
67.9177
68.1094
67.5767
66.3320
66.3992
65.9626
65.5556
66.3452
64.5103
63.5841
64.3547
67.1013
66.9164
68.7449
67.6339
66.7894
67.2899
66.4081
66.4771
66.2395
65.8189
64.2016
65.1319
66.2420
66.0689
66.9586
65.2981
65.6556
64.3936
66.6237
66.7211
64.5486
66.9936
66.1512
66.5123
67.6918
67.6368
67.9052
67.9290
68.2488
68.5852
68.5461
68.4611
68.2177
67.3119
67.2315
68.6126
66.0238
68.1190
69.0642
68.3897
70.1606
70.5884
70.6270
71.0906
70.8274
70.7472
70.1753
69.9725
68.9891
69.5251
69.8151
69.7855
70.2660
70.6557
70.4409
69.6646
68.3400
71.4962
70.1686
70.8714
70.8572
71.3432
72.2704
73.1081
71.6803
71.1644
70.8934
71.7856
70.6288
71.0245
73.0465
73.1312
72.6427
71.5657
69.4832
69.3799
70.6375
71.0427
71.0014
70.3104
70.8190
69.5326
69.1527
68.0979
67.6665
68.1864
67.6733
66.6635
66.9195
67.1991
67.1896
67.1966
66.3420
68.1202
66.4368
65.1222
66.2565
67.9484
67.3240
65.6845
66.5876
65.4022
67.0657
65.8949
68.3813
67.2972
68.5914
68.2576
67.1069
68.5111
68.2087
69.1728
70.1806
70.7057
70.2254
72.6205
71.0769
71.1280
70.7419
71.2560
71.3296
70.7124
70.1463
69.7332
71.0467
71.6894
71.4877
73.2600
71.3526
73.3280
71.9658
72.2388
70.8034
70.5227
70.3664
69.3308
69.7166
69.8467
71.4252
71.2041
70.5214
70.1589
70.9637
71.7167
72.5951
71.2988
72.2344
70.7473
70.0029
69.1575
70.7145
69.5966
69.5383
68.6410
68.4575
68.9017
71.3631
69.9080
70.2392
69.4393
69.0362
69.3501
69.4049
70.6953
69.0505
69.4483
69.5585
68.0358
68.2800
69.5939
67.8287
68.4547
68.6206
68.2497
67.5637
68.7794
69.5300
70.0951
69.6431
67.0722
67.4704
66.0426
66.7134
65.5318
66.8290
65.0853
65.0788
65.1544
65.1576
64.6410
64.3074
64.2901
64.9094
66.1215
65.4338
65.1519
65.0498
65.7375
65.1856
65.6731
66.9839
66.0069
66.1359
67.6979
68.1958
67.0050
67.3391
67.1588
66.7335
66.6089
64.6424
64.5686
66.6430
66.9681
67.3844
66.2765
67.2308
66.9666
65.9284
65.2512
66.6946
65.5746
65.9747
66.3330
65.8817
65.1364
65.9616
66.5443
66.6765
68.5474
66.3046
66.1615
68.5045
66.7221
67.2080
66.9034
68.4595
70.0982
69.2409
68.8860
69.5927
70.7143
70.1296
70.9322
69.7892
69.8952
68.0872
69.4624
67.8616
68.6140
68.2980
69.4833
68.3694
67.9823
69.4092
67.5639
66.2446
66.1343
67.0439
68.8096
68.0029
68.6335
68.6282
69.4644
68.2446
68.2196
66.8202
69.5598
70.9211
69.4736
69.9812
68.2686
69.6969
70.7901
70.7340
69.3736
68.7688
68.7328
68.3727
69.6943
68.5572
68.7961
68.1992
68.3608
68.4702
66.7007
67.6436
68.2000
67.4065
68.3238
67.1650
66.4015
65.5321
65.6833
66.0488
66.3633
66.2636
66.5479
64.9716
64.5335
64.4788
65.3306
65.0670
63.5093
63.7652
64.9511
65.6873
65.1957
65.3264
66.0593
64.9344
65.2626
66.1162
65.9988
66.1977
66.0533
64.8060
65.9267
65.3031
64.3659
66.4683
64.7712
64.0417
64.4063
63.3313
64.2229
66.4070
66.3207
67.3694
67.1115
67.3405
67.5598
68.3671
68.2369
67.3167
66.6474
67.2259
68.8954
68.8058
68.8013
67.8490
68.3214
66.0798
66.6138
67.2859
68.8191
67.9563
68.9226
68.3066
67.9913
67.3801
67.3587
67.6459
65.9985
66.3260
66.3191
67.5703
67.8332
67.4741
68.2400
67.3120
66.1273
66.6899
66.0041
64.7456
65.6441
64.6474
63.9428
63.7204
63.2282
63.9175
63.9294
64.3925
63.8289
64.7857
65.3626
64.6266
63.9563
65.2447
65.4542
65.9559
66.5069
64.1975
65.1674
66.0602
65.8380
66.1074
67.5559
66.4329
66.9561
66.7561
68.7089
68.9188
67.3072
67.5632
67.8963
67.5934
67.7824
68.3504
67.7453
66.0191
65.9295
69.0286
69.0582
69.1086
67.1838
66.7830
66.8917
68.6257
68.7919
68.8877
68.8938
69.6428
67.3342
68.3443
69.6590
69.0605
68.3539
67.3921
68.0686
67.6153
66.6460
66.1194
65.8356
64.8068
64.7647
65.0283
64.3372
63.6373
62.5534
65.6794
64.7557
64.8962
65.6293
65.3619
66.4377
65.3633
67.2202
68.7923
67.8545
67.9316
67.7022
68.7349
67.6028
69.9721
69.4103
69.5708
68.2827
67.6359
68.7565
67.4478
67.5543
66.8504
68.7848
67.8674
69.9858
68.2721
67.3539
68.6431
69.2279
70.3268
69.2499
69.3854
69.2323
68.0499
69.4405
70.3472
70.0815
68.9521
68.0826
68.6129
70.4480
70.6462
68.2747
69.0061
67.8429
67.9678
69.2955
68.2422
65.9201
67.6813
66.5243
66.6216
66.9548
65.1521
64.9383
66.1636
66.8083
66.9709
64.4713
65.5155
67.3162
65.0112
66.0839
65.7615
65.1094
65.0541
65.0226
65.4160
65.9814
63.2162
63.2295
63.4928
63.9724
63.6895
64.0019
63.2139
62.5139
63.1496
63.1071
62.4452
60.2388
61.1643
62.0806
61.6113
62.5704
63.8351
63.9454
63.3878
64.3962
63.8370
62.9668
61.1648
62.6884
60.4416
60.3146
60.4710
61.0617
60.2057
59.7658
61.0117
60.8705
61.0709
62.9471
62.5923
61.3138
63.3006
61.8175
61.4455
61.7948
61.4721
62.1176
63.6594
62.4785
62.9010
63.1676
64.2697
64.5317
64.2716
63.8702
63.2089
64.0741
63.1091
62.8118
63.6131
61.4319
64.1238
63.9969
63.2270
61.7764
62.6106
62.6435
63.0361
62.9774
61.5657
62.1377
63.1861
62.4746
61.2473
61.9829
62.7331
63.6939
63.4190
63.5533
63.9145
63.1240
62.9910
62.7636
62.3595
63.3514
63.0895
63.9714
63.6804
63.7186
62.7956
64.0227
63.8463
63.2253
64.3065
63.1923
61.7621
61.4024
62.4161
62.4508
62.0497
61.9548
63.6468
63.4068
63.7535
62.3384
62.1652
62.0401
62.3884
61.5618
62.7498
62.4379
61.9152
62.5397
62.2673
62.5370
62.7704
62.9368
63.2603
63.5026
63.5572
65.2051
63.9018
63.4833
63.0741
61.2745
62.2676
64.0546
64.6499
64.1750
64.0175
64.2390
63.7629
63.8718
63.9743
65.1131
65.1625
66.0606
64.9593
63.8041
64.8320
66.0030
66.2163
64.4031
65.3071
64.9092
65.2367
62.6346
63.9552
64.1799
64.9453
64.4368
64.7187
64.0876
65.0784
62.0427
63.6019
64.6587
64.3832
62.8803
63.0245
62.0690
61.9094
61.0525
62.0842
63.2211
63.2673
63.4592
62.8427
61.9079
63.7897
62.4535
61.5756
61.0025
62.6035
61.3258
61.2177
60.5611
60.9706
61.2465
61.7789
63.2886
61.1977
64.1247
63.7902
62.6267
62.6566
62.6084
63.0011
62.3587
61.6678
61.1596
60.6844
61.5090
59.9268
59.9740
59.8613
60.1635
60.3150
60.6104
61.5090
60.3575
60.1523
59.5858
59.5971
58.9084
58.7642
59.9094
60.3188
59.9149
59.6173
60.4245
60.3683
60.2518
60.7054
59.4870
60.4089
60.7840
60.5779
61.5355
60.9003
60.5900
60.5148
62.5498
61.9312
61.9620
61.1885
61.3763
61.7736
60.1033
61.5113
61.4484
60.1868
59.8752
60.8573
62.7010
61.5820
62.1240
62.3472
63.0485
62.6875
63.3417
61.7908
61.4749
62.5336
60.9583
62.2209
61.2482
62.1324
62.9731
64.1450
63.9313
62.7457
63.4105
63.3865
63.0183
61.9827
63.2677
63.7275
63.6187
62.3043
61.9179
62.2615
62.1997
60.9786
59.9612
61.3096
61.4248
61.4724
61.6432
62.8274
62.8220
61.1865
61.6744
60.9151
61.8621
61.9820
62.5175
62.9950
61.5114
61.4300
60.9064
61.5765
62.6223
62.1245
63.0678
63.0578
63.2283
63.9311
63.5621
65.1072
63.7544
64.0750
64.1639
63.8047
64.2092
63.9833
63.1819
62.5294
63.2523
64.1870
61.5974
62.4871
63.3901
62.8495
63.8512
62.6737
63.0086
65.0482
65.3989
64.2618
64.8376
65.4553
66.5687
65.8479
65.0148
65.3480
64.8911
65.9995
65.9251
65.7603
65.3080
66.4918
64.5827
64.7911
65.3411
66.2453
66.2428
64.7208
65.9558
66.4870
64.9043
66.5478
66.5306
66.3455
65.2801
65.2356
66.0395
65.4611
66.3910
65.4559
65.8425
65.6950
63.7618
63.9609
64.3949
64.5637
64.6883
65.1847
64.7762
64.9289
63.9032
63.3697
61.8256
62.1656
62.0697
61.8002
62.3711
61.0643
62.2370
61.0009
61.8735
61.5807
62.0499
61.6280
62.0627
62.2245
60.9886
63.6347
62.8018
61.8290
63.4620
63.1344
63.2954
64.0401
63.0135
63.1507
62.6954
61.5548
61.2991
61.6551
61.9152
61.8535
61.3929
61.7293
61.2608
61.7081
60.6080
59.6630
59.7517
62.1088
60.9701
61.4714
61.7693
62.9604
62.3003
62.5718
61.6569
61.3744
61.3777
61.7033
61.2601
61.3648
60.1699
61.1861
61.8429
62.5679
63.5657
62.1586
62.3467
62.9438
62.6377
62.0618
62.3915
60.6772
61.1749
61.8682
61.6464
62.5435
63.6932
62.7559
63.1415
62.1225
62.3610
61.6585
62.2967
62.2402
62.9195
62.0415
63.6528
63.2024
62.5467
63.6478
63.8963
64.4301
65.3885
63.9038
62.8308
62.1058
62.2198
62.9628
63.5368
63.0134
62.8785
63.2494
62.9263
62.0790
63.3611
63.8131
64.6389
63.1633
63.4565
65.3491
64.0176
63.0929
62.8716
62.2707
63.8245
62.2247
63.1332
63.9232
64.2102
63.1725
64.3982
62.9767
64.6979
63.3414
64.2025
65.1264
63.4839
64.1958
64.9530
64.7918
64.7520
65.1240
64.0665
64.8579
64.8609
63.9881
65.8170
65.1975
64.4064
64.7417
63.7839
65.8594
65.0676
65.6424
64.7533
65.5312
65.5418
66.6193
63.0249
64.4574
64.3156
63.1708
63.3792
62.3674
63.3333
63.4299
64.3638
62.7082
61.9964
62.8067
62.0307
61.5823
61.0518
61.0212
61.0734
61.8268
61.4447
62.1912
59.4384
60.7757
62.7374
62.7228
64.6333
63.6050
64.8225
65.0685
62.7995
62.9068
63.1460
63.6169
64.8482
62.6976
63.5001
64.3790
63.4184
62.7937
62.6653
64.5663
63.4435
64.2360
62.9809
62.7769
62.2503
61.9976
63.5336
63.4631
64.0147
62.8945
64.1127
64.2933
64.4407
66.4515
65.2619
64.3484
63.9091
65.5541
65.3263
65.6976
67.1032
66.5423
65.8779
64.9822
64.5873
64.6017
64.3481
63.8948
62.8726
63.6571
62.6739
63.4422
62.5176
62.9861
62.1592
60.8654
62.0975
61.3087
59.9376
59.6258
59.6359
59.5548
59.1441
58.6908
59.9539
59.9597
59.5367
60.5450
61.8094
60.1474
59.8183
60.1388
60.4610
59.4188
58.9585
58.7681
57.7788
58.7590
58.7234
58.6778
56.9826
59.0438
59.2650
59.8035
59.3247
59.3321
59.5464
58.9356
60.5472
60.3856
59.2987
59.2719
58.7321
58.1199
57.6388
57.8670
58.4557
57.5513
57.5876
58.7806
58.7206
56.7305
57.2737
57.3720
58.1579
58.0790
59.5304
59.8054
61.4078
60.1898
60.9992
60.7770
61.6608
61.4577
61.1035
60.5273
60.8771
60.2644
59.9634
59.5383
60.1131
59.9726
60.9831
61.4211
61.9152
60.1229
59.7227
59.4894
58.6122
58.7115
59.0989
60.9840
60.3998
60.2948
59.3783
59.5978
59.2543
58.7002
58.3090
59.5542
59.9394
59.0433
59.5346
57.7610
59.7722
59.6370
57.8319
58.5484
57.0369
57.9627
57.8782
58.7689
55.4875
58.5550
56.9366
57.0276
58.0219
59.4242
59.6283
59.7395
58.6045
59.4147
58.2474
60.0016
59.8519
59.3897
60.0887
59.9041
60.4967
59.5728
58.9923
59.6052
59.7450
59.5200
61.1434
61.1737
62.4154
61.7174
61.3960
61.1117
61.4281
61.4758
61.1520
62.0496
60.7348
59.6695
59.8466
61.1335
61.4199
60.2324
60.9523
59.6256
60.3545
61.5917
59.0444
58.5383
58.0518
58.8788
57.3574
57.8038
57.9302
57.9179
56.8254
57.7913
58.5455
57.4496
58.4172
58.2210
58.4025
56.7596
57.0664
56.2794
56.4541
56.7245
57.9510
56.9442
58.2681
60.1401
59.1172
58.7705
58.7846
58.1040
56.9704
58.0982
57.7556
57.4827
56.2950
53.8358
55.7516
56.8601
57.6583
56.0803
56.6649
56.8418
56.1119
55.4580
55.6270
55.5319
53.2105
53.0676
52.9890
54.3532
54.7772
54.4764
55.4345
54.5499
54.5934
54.0665
53.8549
54.4966
53.6417
53.7108
52.9909
53.2429
52.9549
52.3575
53.0399
51.8264
51.6786
53.2504
53.4298
53.1791
52.8750
54.0010
52.7367
52.5712
51.4690
53.4807
53.0430
52.7182
54.3766
54.5712
52.4903
52.3032
53.9618
53.1207
52.4322
52.7428
52.4035
53.0107
53.0696
52.9262
51.7783
52.8887
50.7117
51.6705
52.1239
51.1369
52.1236
52.1296
51.7008
51.7113
49.7867
51.1316
50.2987
51.6445
51.8710
51.2852
50.9288
51.9459
51.3502
51.2565
52.0006
51.4577
51.8000
51.8418
50.1395
49.1723
48.2320
48.7520
50.2191
51.0534
50.2088
49.4656
49.9176
48.8338
48.6582
48.3053
48.5432
49.0688
48.1782
49.4118
50.4343
51.0070
48.7219
49.1388
50.3504
49.6174
50.4754
50.9753
50.7383
50.6185
50.8388
51.3800
52.1155
52.9197
52.3423
52.2121
52.4312
52.5755
51.4774
52.9214
53.1965
52.4640
53.0562
53.2094
53.8912
54.1807
55.4119
55.3199
54.3847
55.7456
54.7230
53.5453
53.6417
53.1581
53.2348
52.9018
54.0305
52.2487
53.9305
53.1670
54.7497
53.9322
55.1722
55.8292
55.1240
55.1801
55.7973
55.0376
56.0095
56.3499
56.3208
56.8252
55.5325
55.5091
55.1616
55.7092
55.0922
55.3895
55.3640
56.3356
57.1803
57.4056
58.3617
58.4869
58.7816
58.6095
60.1850
58.1776
57.9501
58.9640
58.3308
58.9845
59.2523
59.5108
57.4682
59.4903
58.1858
57.5228
57.5282
56.8283
59.6325
59.1941
59.1940
60.8926
60.3543
60.7126
60.5114
60.6490
61.1890
62.3784
61.1103
62.7640
62.9549
62.8847
61.9777
61.3032
60.6252
59.8505
59.7363
60.2894
60.5506
60.6699
60.8816
59.5345
60.1716
59.5916
60.6064
60.4859
59.3989
60.0603
59.7721
58.5862
59.2570
59.1937
58.9021
58.6104
59.3779
59.6140
58.7117
58.7179
57.4753
56.8935
57.1625
57.3752
58.0703
59.2223
58.4106
59.1951
59.8784
59.1336
58.3726
58.4661
58.9428
57.1000
57.7136
57.9571
58.1698
57.6767
57.5836
57.5857
57.6194
57.4366
58.3342
57.6724
58.0700
59.2409
59.2163
59.0340
59.5156
60.7574
60.0820
59.9325
59.5339
57.4359
57.3722
56.8712
58.3484
60.7879
60.4152
60.2062
60.4171
60.5762
58.8330
59.5788
58.3046
58.3290
59.1900
59.0457
57.6306
57.4909
56.7358
57.6836
56.0299
55.7680
54.9128
54.7808
53.6331
55.3856
53.7059
55.1194
56.0482
55.6838
57.3423
58.8063
58.0741
57.5276
56.9402
56.1096
57.2881
55.1701
56.9826
56.2170
56.6791
56.4643
56.7440
57.7511
57.7323
58.5687
57.8111
58.4990
57.3749
57.7002
56.6829
56.3476
58.0591
58.1253
56.6658
58.2633
56.9998
59.1954
58.5684
58.4643
57.6309
56.0565
56.1276
55.6448
56.8127
56.6317
56.8825
56.5099
57.4618
56.8168
56.7725
55.8357
55.5064
54.8177
56.4531
56.4396
57.2083
56.9101
55.9666
55.5407
55.9653
55.9890
57.9698
57.2608
56.9383
55.3185
56.6630
58.8394
57.2571
58.4039
56.1716
56.7525
57.6021
56.8154
56.7136
56.3756
55.9203
58.5398
57.9050
58.6730
57.3692
58.6080
57.1216
57.4719
57.8283
56.3560
57.0977
55.9199
57.5154
56.6313
57.8292
58.2881
55.2239
57.4825
56.7952
56.8224
57.4898
58.0836
58.8015
57.7097
58.1123
57.3890
56.2358
56.1094
57.5506
56.9452
54.3618
54.6268
55.1224
54.4628
56.3116
55.6299
55.5400
56.2023
54.9061
55.9345
55.1089
55.4370
54.9157
55.2310
55.6454
55.1159
54.9515
56.8965
55.6033
55.5197
56.1262
56.0965
56.4073
56.2669
57.0017
55.0124
55.2737
57.0240
57.3818
58.2956
57.9332
56.8121
57.9895
58.2553
56.9966
57.7738
57.0539
57.4496
58.8100
58.5488
59.5403
58.6008
58.4692
56.7838
57.5046
56.8956
56.1374
55.7386
56.9355
56.4166
56.7953
56.4381
58.1631
55.5432
56.9827
56.0731
58.1662
56.0864
57.0295
57.2900
56.8506
56.6167
57.2895
57.8046
57.5133
55.8033
56.3030
54.7289
55.9202
55.9311
53.7265
55.1200
54.6474
53.9686
54.2406
53.9218
54.2807
54.9634
53.7760
56.2013
56.0273
56.8535
57.6641
57.8360
58.0900
57.5235
56.6411
57.6950
58.4228
58.7978
57.0690
58.1726
57.8816
58.9203
57.4157
57.0616
57.4014
57.2638
58.0505
55.7048
56.8802
56.8831
57.2607
57.1332
58.3070
58.7199
58.7853
57.8368
58.3803
58.9113
57.6117
58.4976
58.5875
60.1615
59.7898
61.6790
60.4345
59.9662
59.0035
60.6449
60.6319
58.8451
59.8170
59.5167
60.5597
59.2504
57.2967
59.7791
61.4280
60.9636
60.2386
59.2498
59.0248
59.3896
58.4850
59.3711
58.7662
59.5204
60.2090
59.3653
59.7859
59.7166
59.7057
60.7128
60.6192
60.8443
60.6611
61.1282
61.1698
59.9530
59.7383
60.9164
60.8394
59.3185
61.2776
60.6110
60.2678
60.7619
58.7366
59.4880
59.9690
61.0218
59.0403
59.3981
59.6144
59.5523
59.9165
59.5604
58.1475
55.7079
57.0605
55.9052
56.0654
56.3350
55.9796
57.4961
57.6924
58.3194
58.9568
57.5475
57.4595
58.7037
58.8756
58.5297
58.4413
57.7663
58.4336
58.4287
58.1555
58.8737
59.4945
58.5119
58.1610
58.4798
59.1695
59.4945
59.5181
58.8141
58.0304
57.2598
57.6330
57.6357
57.8935
57.8785
57.2727
57.1819
57.3066
58.2464
57.9155
56.9719
57.1341
56.4178
58.1038
58.8416
57.7525
56.0390
58.1414
57.6125
59.2733
59.2871
58.5012
58.2882
58.2966
58.1537
59.2667
59.1159
57.6577
58.9121
59.8951
58.2729
59.6645
60.7129
59.1124
59.7019
60.0081
58.2604
59.0441
59.2221
59.7100
60.1054
60.6511
60.5934
60.7772
60.9829
62.0299
59.7167
59.5834
59.1215
58.8717
60.2831
58.2422
59.3105
57.9509
57.9967
58.2574
58.1851
56.7479
57.0761
58.0318
56.6520
56.3593
57.7768
58.3660
58.6530
57.1342
57.6390
58.1018
59.0001
58.0486
57.6045
58.6276
59.3202
58.0433
57.2260
57.6112
58.2070
58.2638
58.3873
58.5855
59.7519
59.0714
58.1995
60.0989
61.4250
59.3608
60.2349
60.1954
59.9949
59.2182
58.8539
60.6348
61.1201
61.0341
61.3184
59.0548
61.2676
60.3172
60.4025
59.9305
60.8826
60.6795
59.8016
60.4791
61.0233
61.5844
61.9471
60.8024
61.9760
60.8497
60.6372
61.2424
61.0650
61.1197
60.7934
59.2368
60.0403
59.6290
59.6368
60.0993
59.2281
57.7216
57.7174
58.1872
58.0822
58.3853
59.0730
58.8411
57.3557
58.4324
58.2586
58.4382
58.4296
58.9439
58.1350
57.8329
59.2413
60.4808
59.9006
58.8231
58.2160
58.1629
58.4777
57.2384
57.1824
57.9187
56.2947
56.9829
56.3085
56.3646
57.5795
56.7003
57.0787
56.8360
56.9236
57.0875
56.2258
55.1433
55.7705
55.7495
56.1089
57.0780
58.1059
58.4431
57.8744
57.7375
56.9464
57.2254
56.6465
58.0682
57.5041
57.5975
59.6121
58.2171
57.7196
58.8804
58.9162
58.9217
58.1505
58.3293
60.7824
59.7094
57.7195
57.1379
56.7574
58.5118
56.9080
58.2206
58.3803
58.3161
57.7088
58.4646
57.8997
56.0608
56.8122
56.9364
56.9821
57.0656
56.3824
56.6902
57.7966
58.9042
59.0681
59.5849
60.5810
61.4828
60.7929
61.1158
59.8841
59.5483
59.8808
60.0941
61.0479
59.8479
59.5996
61.1938
60.1471
58.1429
59.2226
59.4399
59.2003
59.5953
59.0539
60.0014
62.2944
61.9786
61.5686
61.7638
60.9653
63.1605
62.8862
60.9647
63.0641
61.8175
60.7499
61.7979
61.4825
62.0273
61.5435
62.9572
62.6716
62.6915
63.6949
62.9237
62.5550
63.6098
62.2681
62.7882
63.3789
63.5509
61.8148
62.0568
62.1509
61.9624
61.5276
62.8224
62.1792
61.6809
62.6303
63.0007
61.4300
61.1414
62.6689
61.1034
60.0462
60.2996
61.3093
61.4995
61.0037
60.4224
61.0792
62.3882
61.8875
62.1856
61.7651
61.1540
63.1633
63.4938
62.9400
62.3830
61.7636
60.6404
61.2331
60.8246
60.7040
60.8304
60.8459
60.2301
61.9074
60.8183
61.4369
61.8524
62.9882
59.8533
60.8766
62.3874
61.9315
61.5133
59.6519
60.3664
60.2376
60.1037
60.6456
60.1109
60.2335
58.3481
59.3763
58.8026
58.3314
59.2224
58.6716
59.5367
57.6898
59.1849
60.3253
59.5112
57.9567
57.5454
57.5722
57.2725
57.4354
58.3991
56.1223
56.4580
55.3424
56.5720
55.7276
56.8910
57.8026
58.8956
58.0733
58.0778
58.8748
59.1674
59.1779
59.6473
60.3393
57.9920
57.3100
57.3408
58.4092
57.6644
58.4324
57.0878
58.0523
58.0784
58.5829
59.0166
59.2503
58.5528
58.2037
59.0594
58.4837
58.6405
59.4722
59.6190
58.2680
58.3247
57.9851
57.3177
57.1632
57.8344
58.6720
57.9826
57.9694
57.4565
56.8965
58.7296
59.7462
60.3585
60.3751
59.1650
58.6854
57.2686
57.6899
57.7578
58.2660
57.8610
58.0764
56.6747
58.5790
58.0489
56.6353
58.3239
58.3727
57.6332
56.2376
58.0740
59.4381
57.4808
57.0101
57.0696
56.7434
56.1312
56.7931
55.6206
55.6357
56.4908
56.9522
57.4144
56.3690
57.2934
56.8056
57.6038
58.4053
56.2607
56.6020
56.3722
55.9912
54.7214
55.2228
55.8629
55.8202
54.1925
54.1870
53.5186
55.0786
55.7823
55.1028
54.8230
55.3883
52.8384
54.9525
55.1423
54.3875
55.0123
55.5030
54.5720
55.2544
54.3484
54.1271
55.6130
54.4029
54.8279
56.7705
54.4767
56.1567
55.9400
55.9323
56.7245
57.7973
56.9002
56.1573
57.3933
55.5947
56.7266
56.6179
56.9139
57.0487
57.9026
56.4925
56.3164
54.9310
56.1307
58.0265
56.8547
57.2727
57.3812
57.5977
58.1753
59.6701
58.1436
59.4115
59.3001
59.6208
59.0695
59.8565
59.1967
59.4983
59.2090
58.5097
57.1486
58.3756
56.8932
57.7530
56.5804
54.8736
56.4981
56.3536
56.4152
56.5674
58.7711
57.1757
56.9273
55.8957
56.2410
56.1452
56.1663
56.6806
56.5406
58.2754
57.2354
56.2783
57.2442
57.4192
57.7053
57.3225
57.7931
56.7139
58.0476
58.7881
57.8763
57.2472
56.7280
56.5551
55.6342
56.3408
55.6136
56.4665
56.4508
55.6632
56.9518
57.6300
56.2821
56.3197
55.6356
57.0550
56.8214
58.0239
55.4449
56.6821
58.2498
57.5299
59.1601
57.3199
58.2976
57.0985
58.0633
58.5730
57.7786
57.8214
57.6219
57.8979
58.8204
57.5722
56.8643
58.2410
59.6228
57.5642
58.7776
59.3390
56.6217
57.9630
58.3834
58.0016
57.6930
58.7765
56.6788
57.0645
57.1263
57.8797
58.0100
57.9330
57.5452
57.3052
57.3583
57.3774
57.6627
59.1801
57.1695
55.7018
56.2203
56.4220
56.4942
55.1205
56.7642
57.7271
58.0944
58.2465
58.6596
57.7837
56.6952
57.2606
57.4196
56.2235
57.2594
56.7587
56.1739
57.2556
57.6187
57.3477
57.4436
57.8686
57.9182
59.0342
59.8435
59.3947
58.2459
58.4421
58.4530
57.4594
57.5693
59.4945
58.5101
58.7761
57.6929
58.4175
56.9997
57.8845
59.5462
57.4229
57.5693
56.7964
58.3238
59.0632
60.8990
61.4318
61.0761
59.5139
58.5345
58.0598
58.3927
59.3948
57.6320
57.8398
57.6556
57.1030
57.3564
57.4269
57.3116
57.3077
57.1367
57.8167
58.0358
58.0421
58.0856
59.2218
59.0159
58.7295
59.1991
58.6133
59.0805
58.5773
58.5823
57.7760
58.6075
59.4401
59.5514
59.6506
60.6761
60.4589
61.0722
60.2032
59.4932
60.0480
59.8129
59.9153
59.7921
60.9886
60.1454
59.8613
60.4049
60.5462
61.3796
61.2496
60.6809
61.0592
59.7387
58.7312
60.1807
59.9262
60.1899
59.1040
57.8805
57.3675
58.9275
58.5144
58.9696
57.9982
56.2041
58.2724
58.1842
60.0072
58.4116
58.7307
59.3329
57.3424
57.7741
56.9363
56.4034
56.0624
55.9594
55.6626
56.1854
55.4816
55.4509
56.1876
56.1525
56.2290
55.2103
55.4125
54.7530
54.8553
56.0022
54.8106
55.2922
54.8186
54.3846
54.8830
53.2525
54.0894
54.7891
53.3932
54.0495
55.1338
55.8229
55.5119
55.7931
56.4302
57.9253
58.5011
58.1060
56.3166
56.5581
56.8394
57.3736
56.0121
56.9262
57.0863
57.9943
59.3730
58.5263
57.3569
56.9947
56.7372
56.5086
55.8996
56.5956
56.3979
57.1945
56.8345
55.4341
56.6252
57.8978
56.3680
57.7031
58.0853
57.6864
57.7065
56.4422
57.8634
57.6476
55.9809
57.4470
57.1594
55.7347
57.8617
56.5447
55.9942
54.9585
56.2791
54.8205
54.3110
55.0862
54.4735
56.1275
55.0525
53.4470
53.6190
54.9255
55.4406
55.2256
55.6697
55.9025
55.3648
54.0977
54.1836
54.7782
54.7060
55.0493
53.6825
53.8606
54.7262
55.8132
55.2281
55.4291
55.0996
55.0236
54.0214
53.3880
52.8402
54.6023
53.3758
53.4333
53.4024
53.0617
51.5505
52.0534
52.8284
53.4128
52.6572
53.3778
52.3763
51.5223
52.2499
51.0732
51.1174
52.1926
52.1097
51.2821
51.4217
51.5949
51.7779
52.1455
52.3898
53.3044
53.1352
52.1803
51.5673
52.7162
50.9797
51.2406
52.0619
51.0724
52.1181
52.3645
51.0862
51.4136
51.5385
50.9146
51.6314
50.3243
51.1465
51.6868
50.8144
52.1232
51.3710
53.0587
51.8674
51.7886
52.1052
52.2281
52.6379
52.4510
52.2254
53.2065
51.8175
51.3079
52.0517
52.4621
52.7702
53.9473
53.3347
52.9135
53.5641
54.6972
55.6096
54.0305
55.4084
55.4556
55.7969
54.9727
54.4936
53.2987
54.1656
54.1519
54.8549
55.1245
54.8372
54.6558
52.5697
55.8754
54.6554
53.7759
52.1586
53.5188
54.3025
53.4531
53.2674
52.8961
53.5162
53.4995
54.6913
54.9369
54.9465
55.8594
55.5183
55.1494
55.0961
55.9936
55.4789
55.9386
55.9648
56.8004
55.1813
53.9696
53.2435
53.5399
53.7714
56.2323
58.0408
54.8890
56.2632
55.4116
55.4283
56.4397
57.2489
57.1553
57.2194
56.4606
56.8011
56.4260
56.2514
56.9455
58.2392
57.8940
57.3343
57.5363
56.6433
57.3039
57.7841
56.8973
57.6850
55.7739
56.6331
55.5502
55.9038
55.9463
54.6433
55.9675
55.9642
56.4712
56.9003
56.5883
54.9664
57.4553
55.8901
55.1514
55.5738
53.2293
52.9162
53.9727
52.1881
54.2709
54.7010
54.6209
55.3458
56.1208
54.0019
53.7901
54.7423
53.9486
53.7848
54.3966
53.6866
53.4682
52.7264
53.6915
52.9854
55.0226
54.8187
54.6308
56.2668
54.5986
54.6008
56.3681
55.7000
55.8191
54.7629
55.9651
55.5662
55.6344
54.9004
55.2303
54.5731
56.0993
54.6494
57.1395
57.0102
56.6634
57.4180
58.9231
59.4958
58.9478
59.9612
59.0336
60.9574
59.1921
57.9557
58.5603
58.6311
56.1564
58.2158
57.1459
58.1130
57.9337
58.9856
58.9125
57.4125
56.7601
58.0880
57.6551
57.8750
57.1003
59.1051
59.3273
58.2364
58.4040
58.2903
59.1179
59.2590
58.5889
58.8084
58.5224
57.7063
58.9226
56.6422
55.7351
56.5198
58.0431
58.8009
58.1883
58.5118
58.5120
58.3183
58.1764
57.3663
57.2350
58.8331
58.1339
57.0970
57.1228
56.9933
58.4282
58.6971
58.1842
57.8490
58.6102
58.2614
59.0360
57.7385
58.2829
58.8429
58.6849
57.9924
57.4075
57.1373
58.0564
57.4759
57.1669
57.9696
58.2252
57.7775
58.0982
57.9548
58.2498
57.2752
58.8724
57.7711
57.5294
57.4832
57.0580
57.0247
57.7309
57.4051
57.8093
56.4731
56.4113
56.6785
56.6810
56.7983
58.2055
58.0978
57.8454
55.4539
57.3704
57.8050
57.0974
57.0559
56.6734
56.2510
57.9822
58.2937
59.2838
59.8610
58.0789
57.1324
57.6336
59.3696
57.6310
56.2565
56.1389
56.3769
57.4921
56.9276
57.0757
56.8185
58.0283
56.8337
55.5769
56.6022
57.0466
57.5551
58.5726
58.0880
58.4950
58.0821
57.8344
57.9725
57.2382
56.9254
56.4647
54.1426
55.7589
53.8255
53.3701
54.7582
54.7387
54.7788
53.7188
53.8877
53.5939
52.0679
53.5130
52.9369
54.1922
53.8358
54.3032
53.9333
54.5230
53.5725
53.8138
54.1873
55.2784
52.9390
54.6150
53.4791
54.2402
54.4015
53.8618
53.7566
55.1307
55.1611
54.2208
53.4058
54.4998
53.9609
53.2851
53.3472
53.7827
53.0211
52.3347
52.5729
53.6654
53.8019
54.2164
53.3612
53.5589
54.6938
54.0424
55.0144
54.3812
54.2438
54.2037
53.5409
55.1211
54.4122
54.6031
55.2926
54.8970
54.9208
52.9039
54.8221
54.3981
54.2502
53.3626
55.4278
54.1189
53.6379
55.3320
53.9427
53.5161
53.5798
53.8353
52.0621
53.0243
53.9509
53.4242
52.6751
54.2608
52.0935
53.8047
52.2213
53.5950
52.2884
52.8334
51.7454
50.8021
51.6565
52.4493
52.7019
51.5459
50.8686
52.7638
54.1184
53.1781
53.1954
53.8372
55.3288
54.2744
54.7217
54.3551
55.7462
54.3906
54.3955
53.2656
54.3386
54.4416
54.6792
54.6957
54.9898
55.0949
55.6073
55.9596
55.5881
54.5546
54.9640
