2.9752
3.1623
3.0712
3.2036
3.2054
3.2173
3.1828
3.1421
3.2577
3.1731
3.4486
3.4785
3.5526
3.3804
3.6758
3.8949
3.9417
3.7404
3.4856
3.6608
3.5955
3.8640
3.6365
3.7663
3.7186
4.0300
3.8171
3.7854
3.9871
3.8671
4.1495
4.1870
4.3126
4.5281
4.3031
4.2523
4.2733
4.1243
4.0336
4.0134
4.0358
4.0507
4.2332
4.2528
4.0631
4.0432
3.9863
4.1281
4.1750
4.2823
4.5723
4.3835
4.2511
4.3729
4.3569
4.4858
4.7130
4.7035
4.7291
4.8391
4.5871
4.5989
4.2526
4.4706
4.3287
4.5666
4.4771
5.0204
4.6082
4.5123
4.4502
4.6329
4.4073
4.3622
4.4252
4.4176
4.4581
4.4658
4.4369
4.0179
3.9610
4.2480
4.3680
4.1752
4.3697
4.2167
4.2810
3.8950
4.2317
4.1312
4.2209
4.2862
4.4471
4.4463
4.6092
4.5541
4.5143
4.5698
4.6142
4.5528
4.4916
4.4188
4.2789
4.2929
4.2476
4.2869
4.3907
4.4071
4.5965
4.5378
4.6056
4.6096
4.5329
4.5036
4.4843
4.4878
4.5456
4.5651
4.4375
4.3541
4.3008
4.5252
4.6897
4.7800
4.4881
4.4285
4.3414
4.3783
4.4909
4.2224
4.4796
4.2988
4.3857
4.2312
4.5813
4.4838
4.3128
4.5748
4.6999
4.5757
4.6940
4.8725
4.6033
4.6812
4.6863
4.9135
4.8045
4.6423
4.6047
4.8096
4.8679
4.5215
4.8466
4.5523
4.7028
4.5267
4.5140
4.4000
4.5042
4.3930
4.2477
4.2175
4.2454
4.3581
4.0405
4.1749
4.2120
4.2861
4.1262
4.1617
4.2393
3.9840
4.2491
4.1624
3.8410
4.0793
4.2415
4.0744
4.0247
3.8796
3.8862
3.9183
4.0078
3.9997
3.7712
3.7774
3.5616
3.9198
3.7449
3.9213
3.9492
3.8938
3.9181
4.0961
4.0232
3.7608
3.9526
3.9061
4.0880
3.9680
3.7718
3.9154
3.9335
3.7160
3.7479
3.9027
4.0449
4.3069
4.1890
4.2452
4.1096
4.4923
4.2739
4.5878
4.5180
4.6491
4.4998
4.2868
4.6360
4.6257
4.6127
4.5095
4.3943
4.6273
4.4741
4.5251
4.3083
4.1860
4.4324
4.3128
4.3073
4.0123
4.1121
4.1538
3.8206
3.9652
3.7979
3.7514
3.8791
3.8605
3.8464
3.9212
4.2181
3.8872
4.0097
3.7291
3.8556
3.9781
3.8065
4.1554
3.8337
4.1191
4.1752
4.2923
4.1129
4.0960
3.8931
4.0250
3.8738
3.9148
3.8825
3.8086
3.6717
3.7453
4.1349
3.7857
4.0835
4.1497
4.1385
4.1931
4.0735
4.0100
4.1760
4.1003
4.0466
4.2098
4.2399
4.0763
4.3676
4.5321
4.6720
4.3038
4.3713
4.4107
4.5372
4.5534
4.4077
4.2481
4.3072
4.5295
4.3053
4.3073
4.2986
4.2875
3.9621
4.1690
4.5844
4.4490
4.1118
3.8469
4.0161
3.9006
4.0609
3.7820
3.7511
3.6897
3.8209
3.8569
3.9279
3.8814
3.6706
3.7792
3.9399
3.9590
3.7901
3.8248
3.9829
3.9811
4.0225
4.0578
3.9843
4.2750
4.1668
4.1044
4.0947
4.1718
4.1782
4.1010
4.2101
3.9550
4.0165
4.0663
4.1281
3.8907
3.7753
3.9923
4.0465
3.8175
3.8849
3.8097
4.0313
3.7601
3.8035
3.7209
4.2772
4.2471
3.8188
3.6195
3.6537
3.8301
3.6713
3.4017
3.2698
3.6054
3.8482
3.7552
4.0300
3.8209
3.9997
3.8324
3.8636
3.6872
4.0539
3.8711
3.9292
4.0361
4.0190
4.0409
3.8086
4.1629
3.9212
3.9930
4.0071
3.9772
3.6968
3.9297
3.9593
3.5334
4.1195
4.0894
4.0257
3.6412
3.6333
3.4755
3.4267
3.3662
3.3370
3.5647
3.6667
3.5183
3.7980
3.6923
3.4727
3.6245
3.6138
3.8349
3.8716
3.7345
3.7679
3.8008
3.7572
3.6704
3.7216
3.8744
3.9728
3.5814
3.5420
3.4545
3.3551
3.4758
3.7101
3.9400
3.9066
4.0277
3.6560
3.7203
3.5527
3.9395
4.1204
4.1800
4.1434
4.0634
4.0498
4.2580
4.1416
4.5601
4.1779
4.6237
4.2736
4.3915
4.8005
4.4908
4.5230
4.2760
4.6514
4.1323
3.8872
4.2229
4.4724
4.3681
4.3190
4.4947
4.7831
4.5843
4.8537
4.9091
4.9567
4.6791
4.8311
5.0239
4.7228
4.6103
4.5922
4.4752
4.5249
4.5059
4.7404
4.7161
4.6195
4.5699
4.3849
4.2140
4.6976
4.5724
4.5181
4.8034
4.3143
4.3312
4.2360
4.0504
4.3039
4.1822
4.3086
4.5348
4.3153
4.4693
4.3011
4.6150
4.6154
4.4912
4.4767
4.4657
4.2023
4.1045
4.1082
4.3846
4.0959
4.2473
4.1320
4.2427
3.9946
4.0662
4.3605
4.3438
4.4670
4.3145
4.2554
4.6019
4.4007
4.4813
4.5292
4.7516
4.6569
4.8642
4.6189
4.6168
4.5901
4.7066
4.4515
4.4917
4.7435
4.5610
4.6391
4.6101
4.5243
4.3054
4.3102
4.5835
4.3856
4.3967
4.0774
4.3743
4.3339
4.2030
4.2932
4.5514
4.2950
4.2462
4.4928
4.4318
4.3197
4.2645
4.1652
4.1918
3.6694
3.6990
4.2026
3.8511
3.9910
3.7900
3.9015
3.9468
3.9897
4.1085
4.2306
3.9407
4.0044
4.0672
3.9958
4.1827
3.9989
4.2418
4.0830
4.4021
4.2289
4.1583
3.7447
4.1873
4.1043
4.2067
4.2665
4.1011
3.9368
3.9906
4.0437
4.1467
3.7259
3.7242
3.4949
3.7006
3.8138
3.9511
3.9208
3.9821
3.9599
3.9640
4.0518
4.2014
4.1236
4.1572
4.1152
4.2431
3.9038
3.8549
4.0220
3.8672
3.8291
3.6270
3.8960
3.6774
3.2887
3.6665
3.4491
3.4020
3.3744
3.4373
3.5782
3.6864
3.9635
3.8753
4.1134
4.0027
3.5945
3.6285
3.4728
3.9354
3.7051
3.7882
3.9104
4.1925
4.4772
4.3044
4.4195
4.3664
4.2887
4.4069
4.3593
4.2148
4.5062
4.3870
4.1814
4.2648
4.2306
4.1251
4.3025
4.1730
4.1114
3.8631
4.1735
3.7595
3.7635
3.9882
3.9904
4.0048
4.2821
4.5827
4.5362
4.7036
4.6356
4.7547
4.8156
4.5871
4.5785
4.6360
4.7269
4.5503
4.6183
4.4639
4.7663
4.6199
4.5294
4.5563
4.2973
4.4189
4.5355
4.3289
4.3290
4.6021
4.5042
4.7519
4.9050
4.5529
4.7530
4.5485
4.6493
4.8138
4.8132
4.6460
4.6417
4.6647
4.6514
4.4295
4.3910
4.5197
4.7113
4.8449
4.7127
4.4041
4.3464
4.4139
4.3556
4.6352
4.6238
4.6377
4.9061
4.8870
4.9333
5.0372
4.7990
5.0787
4.6396
4.5881
4.4139
4.5778
4.7251
4.7006
5.0218
4.8458
4.8110
4.4604
4.3705
4.6760
4.6850
4.6192
4.8145
4.6726
4.6382
4.5145
4.3532
4.3168
4.2448
4.6870
4.6531
4.3864
4.5853
4.5551
4.2110
4.3172
4.5026
4.5498
4.6980
4.7022
4.7715
4.6477
4.4300
4.3045
4.2985
4.2103
4.4705
4.3307
4.4068
4.1945
4.2552
4.0430
4.2129
4.2360
4.0848
4.2806
4.2095
4.3745
4.4492
3.9866
3.9029
4.0455
3.7383
4.1590
3.8114
3.8295
3.8881
4.0024
3.9577
4.2538
4.0291
4.1318
4.1053
4.0456
4.0904
4.1501
4.0456
4.0677
4.0508
3.8856
3.8917
3.8233
3.8605
3.8383
3.8345
3.8319
3.7849
3.6596
4.0425
3.8275
3.8862
4.0197
3.8374
3.8739
4.1136
3.9275
4.0984
4.0666
4.0330
4.3098
4.4639
4.3047
4.3662
4.3994
4.1742
4.5604
4.8690
4.8070
4.7170
4.7875
4.6584
4.8299
4.7876
4.9132
4.8174
4.9073
4.6607
4.7265
4.6136
4.5659
4.8730
4.8072
5.0388
4.8433
4.8398
5.0157
4.8717
4.9669
4.8263
5.0215
4.7784
4.5274
4.5129
4.7665
4.6949
4.7628
4.6488
4.8283
4.8548
4.5629
4.5142
4.0466
4.4334
4.6288
4.6516
4.6968
4.4242
4.6565
4.6885
4.4812
4.4012
4.3701
4.5541
4.4245
4.5751
4.7818
5.1160
4.9747
4.7347
4.4665
4.7495
4.6129
4.8757
4.1904
4.3377
4.1184
4.1164
4.2322
4.3460
4.6240
4.5435
4.4831
4.8440
4.4043
4.5977
4.6041
4.4558
4.4946
4.5050
4.3509
4.3798
4.2624
4.2870
4.0894
4.0924
4.2608
4.1377
3.9409
4.1124
4.0728
4.1620
4.4962
4.6587
4.4869
4.2725
4.1588
4.4253
4.2153
4.5744
4.6215
4.3740
4.2544
4.2956
4.5799
4.4407
4.2744
4.6035
4.4453
4.2685
4.3756
4.5006
4.4116
4.1953
3.9739
3.8338
4.0183
3.9411
4.0883
4.0836
4.1645
3.9870
3.9392
4.0684
4.0240
4.1029
4.0082
4.6002
4.2665
4.0531
4.2657
4.2147
4.1480
4.2203
4.0512
4.1984
4.0789
4.2087
3.9022
3.8791
3.8101
4.1327
4.0305
3.9300
3.8533
4.2335
4.0984
3.8112
4.1785
4.3360
4.1489
4.0999
3.8712
4.1617
4.0996
3.9899
4.0141
4.1438
4.0848
3.8991
4.0326
4.2386
4.5201
4.5003
4.2711
4.1437
4.5015
4.1596
3.8482
3.7412
4.0385
4.1925
4.0058
4.1007
4.3697
4.3293
4.2781
4.2774
4.2064
4.4826
4.4600
4.6621
4.3016
4.4787
4.3346
4.2490
3.9836
4.2421
4.5255
4.6208
4.3262
4.2871
4.0443
4.0793
4.3333
4.3586
4.3147
4.4692
4.6022
4.8124
4.2971
4.5587
3.9655
4.1264
4.2424
4.1911
4.1033
3.7726
3.9093
4.0841
4.3648
4.1506
4.5519
4.5137
4.4672
4.2467
3.9942
4.0628
4.1681
3.8587
3.9515
4.1297
4.1422
4.3105
4.1511
4.2307
4.4049
4.3737
4.5652
4.5752
4.4049
4.4589
4.5984
4.1929
4.4777
4.2317
4.3535
4.2053
4.2635
4.4779
4.4855
4.7497
4.5561
4.2187
4.2608
4.3614
4.2261
4.2487
4.3684
4.5548
4.7738
4.6647
4.6228
4.3282
4.3628
4.1911
4.6173
4.6011
4.5930
4.5537
4.4165
4.4088
4.2899
4.5232
4.3133
4.4816
4.3661
4.2710
4.5993
4.4162
4.5511
4.6463
4.4781
4.2131
4.2194
4.3150
4.3046
4.3327
4.3892
4.4235
4.4781
4.5364
4.4727
4.3411
4.1486
4.1172
4.2575
4.5491
4.2296
4.2175
4.1563
4.3051
4.1383
4.1878
4.1373
4.2100
3.9643
4.1124
3.9125
3.8370
3.9164
3.6940
3.9944
3.9471
3.8766
4.1811
4.0162
4.4438
4.3505
4.3494
4.4133
4.3383
4.2134
4.4863
4.3863
4.2767
4.1227
4.1926
4.2151
4.3654
4.3387
4.0904
3.9832
4.2581
4.3892
4.6929
4.6429
4.4511
4.6588
4.7450
4.7933
5.0395
4.8618
5.0089
4.8633
4.8418
5.1046
5.0290
4.9961
4.8993
5.0818
5.2593
4.7513
4.7658
4.7828
4.8154
4.8843
4.8312
4.7381
5.0414
4.8697
4.9044
4.6551
4.4539
4.2846
4.5034
4.5129
4.3969
4.0828
4.2952
4.4994
4.6827
4.8173
4.7112
4.9363
4.6864
4.4168
4.5691
4.4135
4.9091
4.7865
4.6645
4.8188
4.5877
4.6366
4.7098
4.9472
4.9178
4.8111
4.6881
5.0191
4.8529
4.9352
5.2348
5.2300
5.2838
4.9456
4.8579
4.8869
4.9118
5.2115
4.6750
4.4421
4.7681
5.1618
4.6521
4.7744
4.8779
4.8529
4.6696
4.5453
4.3974
4.6099
4.5849
4.5460
4.5734
4.5565
4.2331
4.3851
4.4711
4.3955
4.3544
4.3770
4.4238
4.6653
4.5926
4.8332
4.8140
4.7494
4.8537
4.9635
5.1695
4.9851
4.9798
5.3367
4.9765
4.8525
4.6686
4.5569
4.7351
4.8008
4.7825
4.7996
4.6157
4.8331
4.8752
4.7352
4.6294
4.6436
4.7504
4.9514
4.7431
4.6186
5.0714
5.1338
5.2011
4.9720
5.2041
4.5215
5.0208
4.9684
5.0161
4.9057
5.2462
5.0960
4.9214
5.0261
4.7996
5.0028
5.3484
5.3472
5.4079
5.2545
5.3985
5.3469
5.2820
5.3237
5.4571
5.5250
5.7890
5.6185
5.4053
5.6884
5.5886
5.5759
5.4637
5.5746
5.2418
5.0121
5.1599
5.4518
5.1570
5.0396
4.8739
5.0413
5.0284
5.5772
5.4763
5.8438
5.1843
5.2742
5.2930
5.6466
5.2654
5.3222
5.5270
5.1415
5.7603
5.4170
5.3609
5.0807
5.1994
5.2768
5.2382
5.4250
5.1504
4.9833
5.2969
4.8194
5.1077
5.2751
5.0822
5.1182
4.8784
4.9985
4.4863
4.6481
5.0268
5.1995
4.6217
4.8665
4.8853
4.6417
4.6008
4.6590
4.6858
4.7297
4.5540
4.7335
4.9493
4.8861
4.9069
4.7546
4.7455
5.0361
4.6994
4.7168
4.6328
4.8148
4.8260
4.7970
4.8730
4.6641
4.4295
4.2786
4.7936
4.5840
4.6349
5.0859
4.8441
4.8077
4.7844
4.4016
4.4361
4.4769
4.5623
4.9101
4.7798
4.9749
5.0232
5.2373
5.0967
5.2466
5.1996
5.2587
5.5683
5.6114
5.3624
5.3826
5.6311
5.3502
5.3079
5.4541
5.1348
5.2569
5.1260
5.1845
5.1571
5.2954
5.2085
5.3703
5.1074
5.0991
5.5865
5.6011
5.1719
4.9178
5.1623
5.3378
5.4773
5.2871
5.4427
5.6237
5.6458
5.6156
5.3034
5.3354
5.4923
5.1695
4.8462
5.2883
5.3340
5.3199
5.1913
5.1193
5.2923
5.4692
5.3359
5.2903
5.3241
5.7126
5.6866
5.5919
5.8120
5.4797
5.3982
5.2789
5.3530
5.2544
5.2528
5.1461
5.1384
5.5111
5.3382
5.5128
5.4679
5.7567
5.4302
5.7239
5.8202
5.7565
5.6886
5.7956
5.9690
5.5285
5.8116
5.9001
5.8370
5.6996
5.9119
5.8603
5.6810
5.7273
5.3292
5.3698
5.6670
5.3937
5.8428
5.8037
5.9091
5.8640
6.0288
5.8181
6.0942
5.4827
6.0010
5.8477
5.5001
5.4935
5.5303
5.3750
5.5512
5.6467
5.5460
5.6146
5.5890
5.8515
5.5680
5.7481
5.3163
5.0915
5.4437
5.4611
5.6130
5.4961
5.3322
5.4831
5.5091
5.5264
5.7769
5.8997
5.8397
5.6649
5.7096
5.6358
5.1779
5.3255
5.3912
5.0948
5.4619
5.5112
5.5701
5.3584
5.5501
5.5993
5.5022
5.5763
5.5611
5.4318
5.2775
5.3946
5.3534
5.6121
5.2752
5.3625
5.3495
5.3223
5.3820
5.2918
5.2463
5.2730
5.2923
5.1114
5.1485
4.9765
4.7365
5.3299
5.1009
5.1359
5.1535
5.1155
5.5942
5.5375
5.4676
5.5910
5.6363
5.4595
5.2973
5.4048
5.5492
5.2777
5.5156
5.2561
4.8295
5.0843
5.4262
5.0395
5.4346
5.2893
5.4100
5.3680
5.4330
5.4168
5.7624
5.3544
5.2991
5.2666
5.2730
5.2439
5.2505
5.2155
5.2029
5.3542
5.2246
5.5220
5.3078
5.2154
5.4020
5.2214
5.3184
5.6203
5.5917
5.5761
5.7103
5.4374
5.3505
5.4214
5.3634
5.4266
5.4617
5.5298
5.7993
5.4100
5.3657
5.3994
5.3872
5.2800
5.4121
5.3761
5.1023
5.2408
4.9237
4.9174
4.9254
5.2339
5.3980
5.2192
5.3738
5.4181
5.3744
5.3002
5.1508
5.1570
5.0712
5.0316
5.0953
4.9745
5.0890
5.0472
5.1822
5.2147
5.1607
5.3996
5.3573
5.4220
5.3050
5.3011
5.1445
5.3340
5.2378
5.3283
5.4006
5.1960
5.2885
5.4501
5.3106
5.2676
5.2552
5.2366
5.0367
5.3277
5.2800
5.2133
5.0451
4.7620
4.6514
4.6631
5.1585
5.3564
5.3257
5.5119
5.4209
5.4440
4.9329
5.3205
4.9637
4.6721
4.5968
5.0179
4.8882
4.6195
4.6155
4.5867
4.4761
4.8138
4.6985
4.9859
5.1099
5.3168
5.3482
4.9209
4.8909
4.9089
4.5231
4.6982
4.8085
4.9168
4.9181
4.6489
4.7347
4.8271
4.8691
5.0746
5.2018
5.1837
5.0778
5.1536
4.9187
5.1421
4.9969
4.7755
5.2286
4.9746
5.1329
4.9429
5.1292
5.2388
5.2182
5.6510
5.8438
5.7824
5.3603
5.6198
5.7250
5.8286
5.8277
5.5293
5.4803
5.5937
5.5121
5.5980
5.4476
5.3869
5.5012
5.7306
5.4810
5.3899
5.2424
5.3792
5.3211
5.3127
5.3187
5.4370
5.5655
5.2058
5.5540
5.4742
5.5629
5.6214
5.7032
5.7342
5.2431
5.4956
5.3229
5.1372
5.2491
5.2665
5.4410
5.5703
5.3367
5.5159
5.8989
5.5690
5.5907
5.6522
5.7891
5.4572
5.4927
5.7133
5.5671
5.5936
5.6972
5.5180
5.2834
5.5557
5.3874
5.3930
5.1877
5.1626
5.1263
5.0628
5.3492
5.0775
5.0044
4.9532
4.8808
4.6823
5.1201
5.2204
5.6014
5.4857
5.2437
5.3261
5.3318
5.4751
5.0658
5.3151
5.3040
5.3022
5.1869
5.0804
5.0584
5.0036
5.2049
4.9909
5.0002
4.9846
4.9306
4.9877
4.8895
4.7845
5.1013
4.8788
5.1864
5.2671
5.2232
5.2759
5.2560
5.1701
5.1871
5.2529
5.4829
5.4972
5.4138
5.1843
5.4510
5.4297
5.5658
5.4517
5.2818
5.4922
5.3384
5.3950
5.0642
5.0838
5.1656
5.0599
4.9362
4.9950
5.2164
5.1707
4.9009
4.8805
5.0361
4.8935
4.9950
4.9763
4.9364
4.7920
4.8644
4.6991
4.7181
4.7283
4.6782
4.9233
4.7910
4.9870
4.8323
4.7894
5.0085
5.0680
4.9822
4.9944
5.1565
4.8520
4.7470
4.5187
4.6657
4.4234
4.9534
4.8841
4.8856
5.2049
5.2445
5.1663
5.1700
5.0738
5.1405
5.1774
5.2043
5.1691
5.0919
4.6035
4.8302
4.9648
4.8765
4.8848
5.1072
4.9294
4.8998
4.9551
5.2075
4.8298
4.9020
4.9399
4.7835
4.8891
4.9993
5.1065
4.9455
5.1306
5.0556
5.1367
4.9825
5.0454
5.0188
4.9223
4.7856
4.9384
4.9741
4.9640
5.2143
5.2809
5.0581
5.4759
5.1890
5.3034
5.3780
5.3848
5.2128
5.3744
5.0303
5.4350
5.2131
5.1145
5.1538
5.0110
5.1330
5.0388
4.9829
5.2281
5.1227
5.2437
5.0623
5.2107
5.1566
5.3218
5.5093
5.2890
5.6431
5.7013
5.6087
5.6135
5.3899
5.6756
5.5114
5.7601
5.6986
5.6355
5.6923
5.6936
5.6677
5.8534
5.8071
5.7466
5.9754
5.9098
5.9819
6.0177
6.1088
5.8658
5.5356
6.1011
5.8384
5.9777
5.7828
5.8703
5.8100
5.5607
5.6449
5.7661
5.7992
5.6249
5.6666
5.8006
5.9262
5.8090
5.7918
5.5957
5.7882
5.6425
5.7737
5.5028
5.5694
5.6335
5.6751
5.6724
5.9793
5.8879
5.4102
5.5741
5.5160
5.5364
5.4416
5.3412
5.3018
5.2445
5.1000
5.1383
5.1300
5.2642
5.4175
5.2335
5.5855
5.6934
5.5507
5.5916
5.4123
5.3693
5.4068
5.1754
5.1050
5.5051
5.2345
5.2610
5.0508
5.2057
5.2469
4.9319
4.8348
4.8924
4.9271
5.2052
4.9659
5.5844
5.2833
5.1569
5.2689
5.1959
5.0892
4.8406
4.8070
5.0889
4.7832
4.9113
4.8340
4.6190
4.9824
4.9438
5.0084
4.7458
4.9840
4.8510
5.0046
4.9630
4.7984
5.0468
5.1163
5.2053
5.2714
5.2689
5.2856
5.1255
5.4098
5.4470
5.3975
5.3698
5.3616
5.0748
5.0932
5.0520
4.9322
4.8329
5.0432
4.9888
5.0889
5.2322
4.8496
5.1258
4.9795
5.4476
5.3943
5.6137
5.2449
5.3086
5.1134
5.1358
5.3189
5.3942
5.4716
5.2735
5.4703
5.4913
5.3670
5.5529
5.3580
5.2055
5.4059
5.3844
5.3584
5.2499
5.3031
5.1512
5.1161
5.0828
5.3891
5.3165
5.4745
5.5805
5.3414
5.2192
5.3589
5.1052
5.4450
5.5902
5.7442
5.7596
5.4004
5.4413
5.4199
5.5612
5.5260
5.4835
5.3764
5.6537
5.6777
5.3875
5.2985
5.3408
5.6567
5.6082
5.5407
5.2558
5.5989
5.7871
5.5355
5.8884
5.6586
5.5711
5.8574
5.7957
5.4059
5.5590
5.7244
5.4418
5.5345
5.6557
5.7340
5.6451
5.6341
5.5490
5.4193
5.4127
5.7762
5.6311
5.6149
5.9444
5.8008
5.4966
5.4003
5.2524
5.2843
5.6475
5.6189
5.7025
5.4673
5.5494
5.7380
5.4957
5.5996
5.2385
5.6222
5.6835
5.7945
5.5776
5.6421
5.3971
5.1336
5.2422
5.6481
5.5059
5.2486
5.2254
5.0421
5.3137
5.2627
5.4633
5.4391
5.1257
5.0101
4.8175
5.0405
5.0370
5.0777
5.1516
5.4080
5.4651
5.4028
5.4346
5.2538
5.3341
5.4037
5.3639
5.4802
5.3894
5.5917
5.5442
5.7595
5.5092
5.3948
5.5112
5.7548
5.5549
5.5205
5.1477
5.3308
5.2279
5.4878
5.4880
5.7611
5.7570
5.6816
5.7695
5.7545
5.5392
5.7444
5.6342
5.6269
5.6607
5.9329
5.9283
6.0356
5.7817
5.8577
5.7238
5.8861
5.9486
5.8985
6.0869
5.9969
5.9436
6.0506
6.1205
6.0569
5.7448
5.9078
6.0829
6.0964
5.6936
6.0482
6.0254
6.3201
6.0258
5.9384
5.8509
5.5491
5.8846
5.8846
6.0270
5.9490
5.9868
6.1329
6.0291
5.9866
5.9744
5.8301
6.1292
5.9151
5.9324
5.7979
5.5923
5.8953
5.6282
5.9015
5.5930
5.3737
5.6264
5.4601
5.1033
4.7890
4.9138
5.2576
5.2882
5.4533
5.3257
5.1351
5.4119
5.4018
5.4781
5.3524
5.3150
5.3740
5.2342
5.5306
5.1784
5.4831
5.4357
5.3426
5.5755
5.6907
5.7891
5.8283
5.8644
6.0363
5.5186
5.4666
5.7371
5.5024
5.7051
5.6885
5.5071
5.6691
5.5879
5.5276
5.6031
5.3603
5.6092
5.3172
5.5634
5.5256
5.6524
5.4065
5.3984
5.0970
5.0195
5.3473
5.1141
5.4713
5.6112
5.4656
5.4790
5.2749
5.3910
5.6626
5.6264
5.6361
5.6824
5.3004
5.6834
5.5040
5.2309
5.2049
4.6978
5.1681
5.3442
5.4119
5.3532
5.2946
5.3429
5.5668
4.9984
5.0888
5.4450
5.4829
5.1799
5.3770
5.3746
5.6948
5.5689
5.5332
5.6325
5.5926
5.7864
5.9091
5.8622
5.8604
5.8876
6.2034
6.0306
5.6849
5.7285
5.6485
5.5771
5.5224
5.7157
5.5093
5.5303
5.7179
5.4685
5.3150
5.8361
5.6598
5.6269
5.6466
5.2522
5.2454
5.4393
5.7278
5.6706
5.6717
5.7635
5.9349
5.9507
5.8606
6.0164
5.5646
5.6471
5.5339
5.6949
5.8226
5.6817
5.6129
5.1304
5.3050
5.5773
5.5562
5.5551
5.6374
5.8196
5.9380
5.9002
5.9931
6.0478
6.2293
6.1723
6.4311
6.4931
6.4798
6.3071
6.3118
6.4275
6.3061
5.7030
5.6976
5.7705
5.8348
5.9274
6.3947
6.2316
6.3458
6.2972
6.1499
6.1335
5.9890
5.8494
5.9728
5.9712
5.9587
6.0782
6.0820
6.1518
6.0930
6.3658
6.1890
5.8246
5.9851
5.8269
5.7787
6.1041
5.8948
6.1597
6.1915
6.1748
6.2357
6.2179
6.2392
5.9519
5.7670
5.9346
5.9024
5.6865
5.6858
5.4898
5.6866
5.6955
5.7546
5.4656
5.6783
5.4289
5.5515
5.4316
5.5633
5.6245
5.5328
5.4327
5.2510
5.2239
5.3468
5.3851
5.6256
5.4013
5.6533
5.6222
5.4873
5.7320
5.7638
5.9970
5.8674
5.5845
5.5480
5.4811
5.4895
5.5380
5.3115
5.3364
5.2148
5.1977
5.3939
5.4236
5.4990
5.4333
5.5096
5.2931
5.3810
5.8150
5.5482
5.7502
5.9349
5.7638
5.6180
5.6498
5.8963
5.7224
5.5054
5.9633
5.7239
5.7210
5.5409
5.5969
5.5609
5.5337
5.7671
5.6689
6.0223
5.7546
5.3681
5.5945
5.5551
5.6829
5.4268
5.3171
5.4785
5.1987
5.5839
5.7362
5.9294
5.5506
5.6056
5.6724
5.1673
5.2352
5.3243
5.7663
5.4258
5.5369
5.7653
5.6881
5.7590
5.3820
5.5221
5.5507
5.6199
5.6547
5.8112
5.6789
5.5927
6.1284
5.6023
5.6773
5.7834
5.4870
5.4668
5.7729
5.6036
5.7862
6.0095
6.0145
5.8303
5.6765
5.7275
5.6143
5.8392
5.8035
5.9394
5.8600
5.7516
5.9093
5.6629
5.9493
5.9582
5.6405
5.6421
5.4215
5.6972
5.7211
5.5368
5.7854
5.8424
5.7795
5.8883
5.7624
5.7242
5.5976
5.5551
5.5745
5.4950
5.7484
5.8542
5.8727
5.9487
5.8382
6.0261
6.0351
6.0466
6.0013
5.8695
6.2164
6.1845
6.4396
6.2839
6.2342
6.4585
6.1453
6.0509
6.2570
6.0007
6.2322
5.9360
6.0697
6.1662
6.2666
6.2532
6.0094
5.9632
5.8976
5.7845
6.0538
6.3258
6.2931
6.0815
6.1439
6.0513
5.9732
6.1063
6.0137
6.3388
5.9921
6.0425
5.6854
5.9941
5.8412
5.9434
5.7743
5.8298
5.5816
5.6018
5.5104
5.5085
5.6031
5.6605
5.6466
5.5788
5.4003
5.6008
6.0998
6.1151
5.9861
5.7882
5.9898
5.6397
5.6797
5.9821
5.8600
5.4579
5.5729
5.2025
5.3338
5.6362
5.7395
5.5737
5.8039
5.8512
5.8121
5.9011
5.6151
5.6762
5.5999
5.4837
5.6444
5.5119
5.5622
5.4794
5.4081
5.7667
5.4351
5.5265
5.8888
5.8923
5.7459
5.6780
5.5991
5.8985
5.5718
6.0104
5.9242
5.5270
5.6557
5.7334
5.7320
5.7163
5.8790
6.1947
5.9855
5.8931
5.7612
5.7668
5.7234
6.0194
5.8079
6.1446
5.9634
6.2654
5.8675
5.8867
5.9302
6.1469
6.0296
5.9822
5.9536
6.1580
5.8191
5.8089
5.9681
5.9201
5.8175
5.8982
5.7154
5.7195
5.7814
6.0307
5.6958
5.8803
5.7646
5.7647
5.8781
5.6541
5.6273
5.7059
5.4705
5.4492
5.4373
5.7499
5.3657
5.4718
5.4904
5.3819
5.3962
5.4247
5.7244
5.5704
5.7680
5.9092
5.7968
5.9520
5.9307
5.7033
5.9171
6.0018
5.8861
5.8112
5.7906
5.8993
5.7793
5.9419
6.1697
6.0798
5.9286
5.9668
5.8603
5.9341
5.6600
5.8038
5.7990
5.6155
5.7444
5.7378
5.8037
5.5516
5.7359
5.6353
5.6311
5.6631
5.7956
5.7688
6.0504
5.8688
5.5550
5.8522
5.7355
5.8921
5.5712
5.8220
5.6631
5.7717
5.7908
5.7990
5.7658
5.6759
5.6938
5.6783
5.9010
5.7429
5.7975
5.7504
5.9214
6.1543
5.9572
6.2118
5.9190
6.0014
5.8836
5.9085
5.5687
5.5903
5.8140
5.6616
5.7091
5.7071
5.5972
5.5146
5.7394
5.8657
5.6868
5.7674
5.7955
5.5346
5.7615
5.5264
5.3999
5.4737
5.4869
5.6853
5.7833
5.7954
5.5934
5.4961
5.6958
5.5876
5.3522
5.5228
5.7716
5.9118
5.7879
5.8970
5.6259
5.6657
5.5404
5.4916
5.5184
5.6126
5.8816
5.4016
5.4825
5.8883
5.9203
5.5344
5.5551
5.7821
5.6850
6.0022
6.0207
5.6407
5.6696
5.8802
5.6052
5.4536
5.4005
5.4610
5.3805
5.6159
5.4498
5.4826
5.8218
5.6832
5.5516
5.8569
5.7008
5.4708
5.6165
5.4811
5.3398
5.5589
5.2242
5.4509
5.3416
5.2944
4.8967
5.3191
5.5721
5.2418
4.9609
4.8386
5.0665
4.8675
4.8675
4.8655
4.6647
4.6785
5.0113
4.6254
4.9103
4.9992
4.7838
4.9051
4.7822
4.9629
4.9408
5.0162
5.1850
4.9613
5.0757
4.8976
4.9991
4.8517
5.1158
4.9548
4.7942
4.9173
4.8711
5.0112
4.8893
4.9064
5.2531
5.0665
4.8962
4.9203
4.9833
5.0802
5.1373
5.1636
5.1764
4.9997
5.4165
5.1797
5.0413
5.0463
5.0406
4.9315
4.8645
4.8123
4.8273
4.8452
4.9745
4.7870
4.7035
4.7204
4.8233
4.5630
4.7858
4.5974
4.8530
4.3420
4.2197
4.4543
4.3970
4.5426
4.6060
4.7615
4.5616
4.5192
4.6743
4.6046
4.3959
4.5352
4.7158
4.6665
4.7934
4.9761
4.7686
5.0426
4.7157
4.9443
4.8991
5.1352
4.8079
4.8906
4.8493
4.7531
4.8807
4.9589
4.9423
4.7933
4.9904
5.0530
4.9315
4.6249
4.7694
4.8638
4.9695
4.8889
5.1544
4.7466
5.0434
4.8523
4.8341
5.1710
4.9047
5.1480
5.1727
5.0126
5.3283
5.0731
4.9506
4.9401
4.9546
5.2085
5.0984
4.9846
4.9683
4.9823
4.7331
4.8601
4.7041
4.9390
4.8177
4.4943
4.8696
4.9405
4.7331
4.7188
4.7422
4.6848
4.6623
4.7007
4.8146
4.7056
4.7762
4.7910
4.4937
4.5143
4.5721
4.6383
4.5764
4.7197
4.6156
4.7581
4.9029
4.7330
4.7332
5.0646
4.9334
4.9286
5.1316
5.2095
4.7765
4.8693
4.7894
4.8286
4.7919
4.8058
5.3409
4.9190
4.9285
4.9493
4.7548
4.8575
4.8496
4.9096
4.7980
4.6105
4.9681
4.7765
4.6498
4.5939
4.8202
4.5741
4.9659
4.5990
4.9324
4.7782
4.3968
4.6654
4.6822
4.8150
4.8293
4.6991
4.8626
4.8334
5.1001
4.9233
4.6182
4.6865
4.9014
5.1213
5.1655
4.8666
5.2592
5.0869
5.3384
4.6941
4.6688
4.7169
4.6443
4.6400
4.7715
4.6790
4.7956
4.7281
4.6069
4.6432
4.7291
4.5320
4.6006
4.5312
4.7830
4.8358
4.5757
4.6091
4.7109
4.7663
4.4389
4.4409
4.8925
4.9730
4.9029
4.7096
4.8038
4.9163
4.9283
4.4387
4.5092
4.8121
4.7494
4.7586
5.1032
4.9632
4.7443
4.8049
4.6520
4.7765
4.9389
4.7847
4.7647
4.6467
4.9196
4.7565
4.6266
5.0093
5.1694
4.8066
4.8773
4.8447
4.6581
4.8000
4.6781
4.9232
5.0214
4.8196
4.8549
5.1266
5.1341
4.8237
4.8011
4.5662
4.6791
4.7648
4.7970
4.5949
4.6627
4.7302
4.7033
4.5337
4.5173
4.8532
4.8066
4.6029
4.2557
4.6558
4.6741
4.5724
4.6777
4.6829
4.6890
4.6956
4.6939
4.5655
4.3590
4.5933
4.5217
4.4509
4.5192
4.6824
4.7052
4.8356
5.0826
5.1076
5.1527
5.0650
5.2592
4.9708
4.9923
4.7329
4.9104
4.9363
4.7314
4.6768
4.9132
5.1961
4.9126
5.3318
5.3142
5.2300
5.2379
5.2778
5.0991
5.1855
5.4028
5.2949
4.7151
4.9992
5.1442
5.1297
4.9565
4.8437
4.8156
4.7414
4.8857
4.7973
5.0020
4.7310
4.7980
4.5764
4.1914
4.5276
4.5636
4.7978
4.6642
4.5549
4.6972
4.4403
4.5133
4.6739
4.7700
4.5664
4.4574
4.6040
4.5310
4.6279
4.3633
4.2792
4.5215
4.4473
4.3394
4.8727
5.0730
4.8385
4.6008
4.6949
4.4426
4.5856
4.7997
4.8430
4.8495
5.0032
4.8547
5.2219
5.0855
5.2315
5.1475
5.3655
4.9445
4.8646
4.8557
4.7186
4.7757
4.9437
5.1124
4.8933
4.6280
4.9542
5.4161
4.9631
4.8887
5.3522
5.1855
4.9313
5.0995
5.2042
5.1470
5.2478
4.9164
5.2409
5.2080
5.6129
5.5226
5.5370
5.5198
5.6616
5.6131
5.2367
5.2891
5.4285
5.2503
5.2934
5.3530
5.1916
5.2090
5.0509
4.8069
4.7309
5.1132
5.3750
5.1415
4.9426
5.2629
5.0838
4.9809
4.9686
4.9585
4.7689
4.6683
4.7733
5.0468
4.9457
4.8005
4.6390
4.6841
4.5453
4.8092
4.9248
4.9026
4.9465
5.0290
5.0257
4.9780
5.0399
5.1191
4.5196
5.0004
4.7617
4.9336
4.9601
4.8817
5.1681
5.2491
5.2312
5.6184
5.8260
5.1847
5.2993
5.3214
5.4759
5.2842
5.3583
5.6499
5.6711
5.9648
5.5558
5.8460
5.3815
5.1694
5.0888
4.7487
4.9856
4.9151
5.0022
5.2513
5.0935
5.2271
5.1296
5.4627
5.2756
5.2287
5.2319
5.0189
5.1736
5.2439
5.0321
4.8541
4.9868
5.0455
4.6670
5.1562
5.0166
5.2475
5.4242
5.3637
5.3700
5.4083
5.2399
5.6770
5.4056
4.9898
4.9873
4.9810
5.1986
5.1868
4.9928
4.8035
5.0197
4.8481
4.7995
4.5578
4.6953
4.9902
4.8995
4.8193
4.9027
5.0299
5.0649
4.9425
4.4904
4.4584
4.6220
4.5289
4.3696
4.2422
4.2306
4.2977
4.2270
4.2138
4.1687
4.0238
3.8054
4.2833
4.1500
4.1086
4.2881
3.8147
4.0173
4.3003
4.2803
4.8159
4.6766
4.8098
4.8526
4.8512
4.8055
4.5089
4.7288
4.4022
4.5360
4.8340
4.7055
4.6605
4.4471
4.4052
4.5631
4.3484
4.4550
4.4512
4.3664
4.4329
4.6165
4.5707
4.6926
4.8990
4.9167
4.7422
5.1616
4.8334
5.2679
5.2301
5.3622
5.6710
5.2402
5.2804
5.2772
5.5119
5.6083
5.4516
4.6857
4.9040
5.1072
4.9609
5.0424
5.1701
5.2228
5.4277
5.0805
5.0392
4.7616
5.0503
5.0094
4.9827
5.1244
5.1213
5.0296
5.2997
5.2658
5.3343
5.4473
5.2212
5.1603
5.2293
4.9242
5.0837
5.0344
5.1908
5.0751
5.2011
5.4581
5.3589
5.5006
5.2966
5.5900
5.4395
5.1936
5.1517
5.1671
5.0724
5.4524
5.7930
5.7122
5.7257
5.6928
5.3091
5.5510
5.6637
5.5874
5.6242
5.6430
5.3999
5.3858
5.5832
5.7058
5.6963
5.5130
5.7936
5.5833
5.3396
5.3292
5.6636
5.6189
5.3746
5.5970
5.5067
5.5146
5.3056
5.4356
5.4742
5.2125
5.5274
5.1492
5.3318
5.7061
5.5940
5.6015
5.4890
5.6075
5.3708
5.5613
5.2601
5.5412
5.3927
5.6698
5.6334
5.3724
5.3149
5.2631
5.2817
5.3440
5.2799
5.3066
5.4151
5.6503
5.8289
5.7455
5.5753
5.2673
5.6899
5.4396
5.7191
5.7604
6.1070
6.1761
5.7712
5.9464
5.8451
6.1497
6.1469
6.5012
6.3719
6.4334
6.2357
6.2830
6.1240
5.9399
5.8775
5.7263
6.0146
5.7626
5.7675
5.7283
6.0962
5.8686
5.9456
5.7736
5.8846
5.8740
5.7124
5.5245
5.5310
5.8139
5.7168
5.7459
5.7027
5.4082
5.6436
5.8960
5.7357
5.5232
5.8237
5.8747
5.6478
5.6794
5.6384
5.5212
5.4759
5.3809
5.5767
5.5309
5.6334
5.5757
5.5015
5.4918
5.4436
5.5525
5.7855
5.8685
6.1251
5.8025
5.9548
5.8219
6.1635
5.7906
5.6488
5.8704
6.1099
5.7290
5.8119
5.4695
5.5344
5.9129
5.6462
5.4122
5.1809
5.6218
5.4325
5.8418
5.5651
5.5646
5.3375
5.3437
5.3820
5.4400
5.7350
5.5178
5.7787
5.8867
5.5818
5.6351
5.6494
5.5158
5.3936
5.8309
5.5737
5.9750
5.8905
5.8572
5.9658
5.8491
5.8366
5.7981
5.8270
6.0487
5.7762
5.6809
5.3681
5.2629
5.2820
5.4686
5.2586
5.5744
5.8111
5.6657
5.5443
5.4804
5.7684
5.7403
6.0610
5.9620
5.7901
5.9052
6.0586
6.0808
5.8864
5.9654
6.0039
5.9086
5.9232
6.1585
6.3225
6.1560
6.1944
5.9998
5.9803
5.9368
5.9718
6.0301
5.8069
6.0530
5.8906
5.8972
5.6844
6.0198
5.7154
5.9031
5.9283
5.8256
5.8460
5.6482
5.7662
6.0877
6.2331
6.3485
6.3356
6.1989
6.1843
6.1572
6.1966
6.5807
6.4551
6.4588
6.3210
6.7782
6.4476
6.5369
6.0693
6.3927
6.2418
6.4285
6.5151
6.2489
6.1858
6.4608
6.3352
6.4224
6.4852
6.9508
6.7445
6.8809
7.2058
7.0625
7.1300
7.4122
7.6031
7.2687
7.2720
7.0614
7.4403
7.5297
7.4653
7.4996
7.1012
7.0076
7.2571
7.1737
7.0819
7.0486
7.1849
7.2036
7.1700
6.9840
6.7418
6.8605
7.3536
7.2792
6.8247
7.1584
7.1027
6.9195
6.8563
6.9240
7.0578
6.9435
6.9407
7.1731
7.0669
7.2551
7.1920
7.2465
7.2558
7.1839
7.0052
7.0625
7.1041
6.5375
6.8798
6.9465
6.6396
6.8000
6.9524
6.8162
6.6644
6.4931
6.8430
6.8817
6.8550
7.0594
6.9652
6.9360
7.1619
6.9169
6.6711
6.8380
7.0156
7.4310
7.0705
7.2503
7.1367
7.1670
7.2498
7.1141
7.1684
6.9711
7.1711
7.1333
7.0950
7.1526
6.9771
6.9336
6.8752
6.8391
6.6881
6.7197
7.1199
7.0106
6.9394
6.9767
7.1358
7.3155
7.4091
7.4121
7.4291
7.5220
7.4620
7.5993
7.5894
7.4187
7.3550
7.3346
7.2704
7.4410
7.2391
7.5764
7.4211
7.5912
7.5317
7.3945
7.3583
7.3569
7.1032
7.4576
7.4816
7.7520
7.7000
7.6187
7.6770
7.9814
8.2403
8.1449
8.2293
8.1109
8.0518
8.2367
8.1177
8.3829
8.3488
7.9570
7.6371
7.5860
7.6374
7.5563
7.5161
7.4598
7.3516
7.5579
7.8521
7.4228
7.8196
8.0353
7.8578
7.8594
7.5191
7.5780
7.1715
7.3858
7.4292
7.3743
7.2327
7.0510
7.0585
7.4368
7.4053
7.2780
7.3333
7.3199
7.1842
7.2885
7.3729
7.0906
7.2519
7.2814
7.1290
7.1942
7.2128
7.0639
6.9014
7.0715
7.1970
6.7208
6.9095
7.0181
6.9603
7.0086
7.3415
7.4244
7.5758
7.3378
7.7875
7.6543
7.6328
7.6886
7.7365
7.6885
7.9391
7.7275
7.9775
7.9041
8.0115
7.8739
7.8190
7.6891
7.7192
7.6217
8.1451
7.9782
8.1659
8.3940
8.2725
8.3255
8.2553
8.3764
8.0370
8.1210
8.0308
8.2104
8.6698
8.2339
8.2012
8.3573
8.3053
8.3354
8.4825
8.5125
8.3474
8.2472
8.2884
8.2209
7.9735
8.3084
8.3799
8.5251
8.3838
8.5100
8.4416
8.5479
8.2579
8.4704
8.9544
8.7691
8.4338
8.5237
8.3061
8.5668
8.4764
8.4329
8.4298
8.1476
8.2315
8.6415
8.2590
8.1839
8.4505
8.0902
8.0911
7.7765
7.8924
7.8751
8.2824
8.0905
7.7850
7.5583
7.6870
8.0934
7.6970
8.0752
8.2534
8.1318
7.8700
8.0358
8.2493
8.1969
8.6408
8.3163
8.2900
8.2137
8.1388
7.9040
7.9413
8.1340
7.7859
7.8547
7.6952
7.8580
8.0097
7.7614
7.7050
7.6506
7.8299
7.9385
7.7513
7.7067
7.7970
8.0671
7.9737
8.0450
8.3015
7.9264
7.9568
7.7126
7.6015
7.5066
7.3410
7.4340
7.4541
7.7009
7.6122
7.8471
7.9500
7.9073
7.8333
7.5321
7.5393
7.5356
7.8296
8.0490
7.7280
7.8033
7.5627
7.5858
7.7949
7.4543
7.6920
7.7123
7.9759
8.2292
7.9051
8.3281
7.9074
7.5789
7.6890
7.5778
8.0806
7.9927
7.7100
7.6364
7.9251
7.8056
7.5653
7.7374
7.8179
7.9246
7.8202
7.7300
7.9127
7.8954
7.9920
7.7801
7.6495
7.8264
7.8633
7.3137
7.6656
7.6630
7.4084
7.8149
7.4361
7.6211
6.9911
7.0263
6.9243
7.0491
6.7529
6.9672
6.9117
7.0070
7.4015
7.8513
7.4027
7.1915
7.2916
7.3285
7.2387
7.3776
7.3115
6.9703
7.4202
7.0856
7.0759
6.8581
6.9711
7.1119
7.2742
6.9617
6.7876
6.1370
6.3573
7.0068
6.9834
6.8461
6.9509
6.8310
6.9801
7.0704
7.0482
7.3708
7.1404
7.0537
7.0209
7.0900
7.0733
6.8576
6.7580
6.9676
7.0929
7.1404
6.9701
7.0803
7.4151
7.3105
7.2175
7.6496
7.3236
7.3386
7.4295
7.2312
7.3563
7.6398
7.2421
7.5390
7.6371
7.4342
7.5331
7.6389
7.6162
7.7741
7.8534
7.7491
7.7099
7.6688
7.9594
8.2608
8.3302
8.2728
8.0233
7.9134
7.5809
7.8325
7.8495
7.9849
8.2472
7.9244
7.7183
7.6090
7.5633
7.4389
7.6545
7.9597
7.9782
7.9689
7.8360
7.8185
7.9722
7.9634
7.9095
8.0889
7.8943
7.8481
7.5215
7.4750
7.9064
7.4779
7.6997
8.0661
7.9124
7.9999
8.1048
8.3569
8.0367
7.8692
7.8818
8.0882
8.0905
7.8471
7.7602
7.6232
7.2947
7.7218
7.6391
7.5657
7.6877
7.7964
7.5141
7.5653
7.7189
7.4817
7.5764
7.3807
7.4125
7.4158
7.1962
7.4406
7.5399
7.6761
7.9827
8.0384
7.7139
7.4144
7.5787
7.5631
7.5258
7.5176
7.6566
7.1820
7.1194
7.3949
7.4353
7.3444
7.6467
7.4495
7.3340
7.4790
7.7553
7.7726
7.3249
7.4460
7.1715
7.2261
7.2894
7.1991
7.2410
7.4943
7.2252
7.4082
6.9530
7.1181
7.4039
7.6497
7.5305
7.3827
7.5439
7.7560
7.7431
7.5535
7.5337
7.8964
7.4422
7.6995
7.4534
7.5873
7.6995
7.6943
7.7030
7.8302
7.7344
7.5379
7.6473
7.5176
7.2121
6.9340
7.5264
7.9398
7.4689
7.6140
7.8408
7.6293
7.3332
7.3737
7.3672
7.7126
7.6174
7.1780
7.1004
7.3273
7.2048
7.3633
7.1975
7.6260
7.5004
7.6954
7.7953
7.5291
7.6763
7.7510
7.6931
8.0018
7.8026
7.6943
7.6678
7.4216
7.6156
7.6780
7.6968
7.3307
7.7295
7.6021
7.8680
7.8670
7.8402
7.7150
7.7037
7.4848
7.4517
7.5991
7.9454
7.4788
7.4472
7.4149
7.4404
7.5332
7.4893
7.8931
7.4653
7.4730
7.6441
7.2533
7.4580
7.3758
7.7117
7.3010
7.5081
7.7080
7.7260
7.3651
7.3618
7.1062
7.6782
7.3481
7.3338
7.2235
7.0860
6.8379
7.2107
7.3451
7.4121
7.3026
7.3833
7.6830
7.4687
7.8564
7.7249
7.3739
7.6708
7.4944
7.6500
7.3135
7.5731
7.5580
7.5218
7.3558
7.2306
6.9618
7.2704
7.4338
7.5166
7.4367
7.3269
7.4362
7.4873
6.8445
7.3082
7.4892
7.5906
7.3362
7.3516
7.2372
7.5311
7.3151
7.3347
7.2366
7.0786
7.0934
6.6515
7.2173
6.8983
6.7166
6.7382
6.8180
7.4284
7.1253
6.9232
7.2705
7.0519
6.7398
6.9764
6.6114
6.9324
6.7931
6.7602
6.6110
6.7609
6.8232
6.7677
7.0619
6.7656
6.7717
6.7957
6.8318
6.8001
6.7699
6.8718
6.8472
6.9888
6.8527
6.9234
6.7943
6.4579
6.6591
6.6625
6.5010
6.4465
6.6403
6.7732
6.7292
6.7567
6.9280
6.4932
6.7927
6.6643
6.8863
6.6600
6.6512
6.7730
6.6284
6.6121
6.4996
6.7817
6.6824
6.7586
6.8025
6.9200
6.7741
6.6896
6.7831
6.7452
6.9518
7.1753
7.2114
7.0302
7.0818
7.1122
6.7669
6.6660
6.3248
6.3183
6.5133
6.0097
6.7303
6.2519
6.2777
6.3970
5.9899
6.3034
6.8274
6.5161
6.6649
6.6615
6.7537
6.9934
6.1670
6.0451
6.1544
6.1112
6.3449
6.4384
6.1212
6.0412
6.2964
5.9325
5.7162
6.2099
5.8842
6.0310
5.6299
5.6663
5.8889
6.1312
6.1216
5.9862
5.8422
6.0845
6.1453
6.3257
6.7154
6.6171
6.4453
6.0263
5.8515
6.0907
5.8245
5.9139
5.8238
6.6284
6.4495
6.4066
6.2495
6.3109
6.3740
6.2802
5.8365
5.9392
6.0225
5.7407
5.8867
5.8004
5.6351
5.6788
5.5711
5.5501
5.5398
5.4591
5.2427
5.6222
5.4687
5.5955
5.8146
6.1069
5.8571
5.9220
5.8861
5.6535
5.6090
5.8662
5.8844
5.7681
5.5981
5.6780
5.9402
5.8322
5.7264
6.1337
5.9621
5.8795
6.2348
5.9470
5.4857
5.8185
5.9793
5.9172
6.2657
6.2826
6.3050
6.3683
6.2484
5.8551
5.9149
5.6379
5.5965
5.4897
5.4260
5.1934
5.3454
5.9347
5.6863
5.4625
5.5570
5.5216
5.4360
5.6692
5.7582
5.4978
5.7013
5.6668
5.7451
5.7360
5.6520
5.9858
6.1421
6.3709
6.8780
6.9140
6.5281
6.9803
6.4675
6.3454
6.0557
6.2950
6.7218
6.0912
6.2636
6.4142
5.8560
5.8998
5.8980
5.9326
5.9499
6.2620
6.3021
6.3662
6.5196
6.2704
6.4423
6.4526
6.3202
6.4871
6.5509
6.7803
6.3704
6.5282
6.7970
6.8621
6.7751
6.4673
6.3773
6.5918
6.2349
6.3515
6.5255
6.4246
6.6267
6.6539
6.6737
6.8873
6.7056
6.4965
6.2808
6.4753
6.5682
6.1933
6.0521
5.5897
6.0564
5.5704
5.5630
5.3858
5.5116
5.4473
5.7694
5.5415
5.4355
5.5676
5.3793
5.5804
5.6770
5.7747
5.6830
5.8732
5.8161
6.2276
6.2241
6.2843
6.3559
6.2644
6.6016
6.4619
6.3565
5.9683
5.6576
6.1316
5.8283
5.9899
5.6997
5.7385
5.7275
5.5690
5.4501
5.6480
5.5575
5.9417
5.8348
5.8882
6.1882
6.0106
6.2607
6.4679
6.0160
5.9806
6.1922
6.2128
6.4067
5.6205
6.2075
6.2402
6.4072
6.6498
6.2725
6.7878
6.5881
6.5073
6.7910
6.4823
6.4168
5.9355
5.9760
6.0519
6.5378
6.1615
6.4201
6.3525
6.3953
6.1527
6.3014
6.4668
6.7787
6.8993
6.7305
6.9260
7.0652
7.0102
6.8578
6.7817
6.8623
7.0207
6.9580
6.8497
6.6582
6.7812
6.4499
6.5690
6.4687
6.5496
6.6188
6.4654
6.3289
6.6105
6.6685
6.5683
6.2190
5.8572
5.9427
5.8994
5.7865
5.8471
5.7506
6.1221
6.1719
5.8877
5.7431
5.7405
6.1753
5.7880
5.4463
5.6538
5.6226
5.4560
5.7543
6.2012
6.1001
6.1583
5.8585
5.8243
5.9265
6.1656
6.0015
6.0522
5.7663
5.5878
5.8244
5.7098
5.6211
5.9166
5.7760
5.7674
5.9823
5.9477
5.7782
5.6079
5.5892
5.3816
5.6323
5.4681
5.6248
5.6395
5.7635
5.5093
5.4357
5.6572
5.5580
5.3425
5.6026
5.5047
5.6250
5.9236
5.8682
5.6689
5.7905
5.9252
5.7348
5.6595
5.5409
5.4501
5.6900
5.9205
5.6424
5.4245
5.5320
6.0268
5.7196
5.6242
5.5857
5.9831
6.0951
6.1254
6.2798
6.2226
6.1137
6.1909
6.0375
6.0168
6.1182
6.2915
6.0975
6.2208
5.9959
6.2812
6.1734
6.4690
6.4902
6.4651
6.3996
6.5347
6.4754
6.4727
6.3495
6.3381
6.4541
6.4567
5.9429
6.0923
6.2408
6.2618
5.7678
6.0738
6.2643
6.2515
6.3836
6.0553
5.7957
6.4138
6.6643
6.6238
6.7337
6.4144
6.7473
6.4200
5.9653
6.1260
6.2054
6.4797
6.5888
6.8176
6.4053
6.1923
6.3971
6.3118
6.0015
5.7458
5.7681
5.6426
5.4949
5.3801
5.6428
5.1355
5.0976
5.4306
5.8109
5.8397
5.7184
5.6915
5.7176
5.7739
6.0950
5.8130
5.7219
5.3087
5.1886
5.2300
5.1519
5.3048
5.2425
5.2827
5.6010
5.3663
5.6872
5.4796
5.6748
5.7991
5.6995
5.5598
5.0976
5.1439
5.1622
5.0195
5.0364
4.9950
5.1624
5.4989
5.3579
5.4327
5.0541
5.1138
5.0209
4.8157
4.9639
4.9538
4.9835
4.9521
4.9020
4.8188
4.7394
4.6740
4.5140
4.6605
4.6813
4.4137
4.3213
4.5700
4.6047
4.4863
4.4473
4.7175
4.4722
4.8775
4.3488
4.6200
4.8044
4.9547
5.2178
5.2427
5.3099
5.6840
5.0252
5.2272
5.2438
5.0010
5.1899
5.0040
5.1766
5.3710
5.3534
5.3229
5.3513
5.4346
5.2961
5.2494
4.9466
5.2442
5.4177
5.3288
5.3218
5.5237
5.4724
5.2513
5.2621
5.1213
5.2671
5.3466
5.3365
5.0881
5.2038
5.0707
4.7630
4.8812
4.9615
5.1807
4.9775
4.7599
5.0439
5.2491
5.3239
5.3623
5.4489
5.5764
5.2466
5.4074
5.1726
5.1212
5.0893
5.0697
4.9841
5.0137
4.9151
5.0292
4.6894
4.7594
4.6327
4.6549
4.8375
4.4673
5.1050
5.0655
5.1153
5.2023
5.5255
5.1545
5.5313
5.5896
5.3553
5.2851
5.4130
5.4740
5.6075
5.4924
5.7362
5.9856
6.0882
5.9145
5.9742
6.0848
5.7437
5.5850
5.7717
5.7788
5.3767
5.3441
5.3176
5.5088
5.4782
5.4754
5.4162
5.9364
6.2137
5.8897
5.8914
5.4951
5.6457
5.9383
5.8687
5.8670
5.7427
5.7414
5.3406
5.2866
5.4286
5.2233
5.7193
5.1833
4.9798
4.9907
5.0890
4.8009
5.0047
4.8281
5.0847
5.0080
4.8697
4.9496
4.9158
4.9162
5.0088
4.8948
5.0188
4.7995
5.1651
5.0700
4.8628
5.1639
