37.8357
38.7514
38.9508
37.7693
38.2270
39.8021
39.3180
37.5507
38.1968
37.9881
39.5363
38.8040
37.1695
36.1055
36.5993
35.9811
38.1521
37.6058
37.8073
38.4422
38.3318
36.8842
36.9938
36.8270
36.2778
38.4298
37.7028
37.9262
37.7997
37.2405
37.7345
37.6450
38.1076
39.2843
38.0373
37.6134
37.3380
37.6878
38.6679
39.5175
39.0952
39.1301
40.4550
40.4263
40.5027
41.9666
42.2772
43.2587
41.7445
41.8093
41.1587
41.3422
40.7748
41.8183
41.2084
40.9871
40.8113
41.2799
41.9785
40.9384
40.0057
38.6853
39.5358
37.8847
38.7624
39.2122
39.8490
40.2432
39.5790
39.2313
39.3486
39.6416
38.2219
39.4939
37.7891
36.6209
37.1610
38.0295
38.5687
37.1776
37.6558
38.5616
38.2750
37.7302
37.9228
39.6298
38.5631
38.1620
38.1686
38.3886
38.1238
39.6814
40.3531
40.7061
40.1467
40.7457
41.7724
40.0205
41.7268
40.0802
39.8470
38.2829
39.5775
39.3819
39.3024
39.5855
40.5349
40.0739
39.2249
37.2881
39.0001
38.7321
39.7251
39.8186
38.9930
38.6649
38.6109
38.2568
39.6033
38.8325
37.5262
38.8089
39.2302
38.7470
37.7113
37.7629
37.0728
38.7653
38.3074
37.6518
38.1933
38.0241
39.6778
38.7874
38.4714
38.5349
38.2088
39.2327
38.4983
37.7097
38.9581
38.3726
39.0249
37.0067
38.1214
37.4976
37.3585
38.4653
37.9966
36.0832
37.3152
36.8445
36.2673
36.7289
35.5535
35.9664
36.5932
35.8050
35.8881
35.3491
35.8848
35.9830
34.7503
35.0809
35.0532
35.5917
34.7332
34.8134
35.1116
34.5352
36.1732
34.8830
36.0312
34.4196
35.0440
34.5677
34.5586
35.8019
35.8236
36.8971
35.8420
35.2204
35.6881
37.0586
35.5854
35.9073
35.1806
34.6997
34.0490
34.1644
34.4622
34.5921
35.5268
35.3361
34.6386
35.5533
34.4744
36.2165
36.2216
36.2052
37.4214
35.4097
34.4877
35.4260
35.0815
35.6838
34.8744
35.1130
35.9474
36.4850
37.9617
36.1822
35.2022
35.5519
35.9302
35.3154
35.0070
35.2526
35.3964
36.2101
35.2617
33.8191
33.4556
32.3918
33.4665
31.1511
32.9544
30.9843
32.0304
32.1747
32.6628
32.8566
34.3423
34.0127
32.6275
33.1507
32.2135
33.4180
32.3086
33.4182
31.7400
31.4971
32.5581
32.9733
32.8135
33.9424
35.3004
34.5201
34.0386
34.7356
34.5047
33.8924
33.5610
34.4413
35.1836
35.1305
34.7770
35.3248
34.5621
34.9387
34.7304
33.9805
33.2439
32.5249
33.3615
33.8681
34.7909
34.0325
33.3715
33.7175
33.1347
33.8666
32.9907
31.7546
32.8104
32.6872
31.9559
32.2902
30.3544
30.7208
31.2809
30.9403
31.7789
32.6515
32.9440
32.5562
31.7094
32.3192
31.8654
30.9079
31.1457
32.5718
32.9300
32.2260
32.3728
32.3206
31.5013
31.7452
31.3652
31.0424
32.1911
31.2409
32.3048
31.8459
32.7486
32.9657
33.1022
33.7674
33.1646
34.1150
35.1829
33.8183
33.9839
34.1817
35.6784
34.1290
33.8281
35.2832
33.4002
33.5749
32.7193
34.3693
35.4010
34.7604
33.7667
35.4180
34.8612
34.6503
34.0444
34.4881
34.0972
35.4603
35.6381
34.5861
34.4388
34.9705
33.3632
34.2012
32.9979
33.6216
32.8136
32.8105
33.5328
33.0920
33.6584
33.7364
33.3152
33.5211
31.8733
31.9404
30.4663
30.2650
31.4956
29.4555
29.1919
29.9207
31.1208
30.9543
31.4716
31.9449
30.6232
31.2774
32.2213
33.0248
31.3991
31.8647
30.8453
32.7526
32.9898
33.2631
31.1405
31.4943
31.6415
31.4244
32.8911
33.8222
33.0013
33.2609
33.8079
33.4819
33.3640
32.6543
31.6130
32.2327
33.9319
33.1312
34.2649
33.5250
33.2191
33.9409
34.0893
33.6872
33.4772
34.5884
33.6677
34.1273
34.3202
34.2373
33.7947
33.8936
33.6354
33.6236
33.8893
33.7139
34.0158
34.9833
34.9675
34.8039
34.7941
33.1539
32.2909
33.9012
34.5453
34.2458
34.8679
36.8523
35.6482
34.7290
34.2433
33.6765
34.9590
35.3638
33.6554
32.9457
33.0737
33.3483
32.6646
33.6434
34.4894
33.6947
34.2522
32.9092
34.6794
34.1783
32.8102
33.0072
32.1012
32.0549
32.2326
32.0593
32.8195
33.4357
33.6807
32.0260
31.5247
32.2587
32.7453
32.6493
31.0698
31.5251
30.5633
31.5971
31.5908
31.3840
31.2583
32.3548
31.8506
32.5403
32.8242
32.8764
32.4764
32.2010
31.5201
31.9549
30.4584
31.9267
33.0619
34.4901
33.4056
33.5704
34.1932
31.7951
30.5208
31.1796
30.3498
30.4488
30.5685
31.9125
32.7376
33.4207
31.8906
33.5598
33.0024
32.7977
31.8844
32.1582
32.5962
34.3372
34.0711
33.6694
33.0406
32.0167
33.1774
32.8370
33.3069
32.8918
33.3173
34.3224
35.4803
34.8562
34.0948
33.6371
33.7622
32.8708
33.4039
32.3910
34.2073
34.3741
34.9014
35.8958
35.1856
35.3713
34.4988
35.1687
33.7989
33.5187
33.0998
31.1439
33.1573
33.1824
32.6581
32.8783
33.0902
34.0955
33.1847
32.2382
32.2062
32.5571
31.5229
32.3224
32.2143
35.3270
32.7299
33.0419
34.5753
34.2675
35.4435
32.7569
33.5742
33.6345
32.5636
32.4884
32.7419
31.1580
31.7041
31.7262
30.8985
30.1687
31.6973
32.1202
30.6624
30.0512
31.6894
31.1263
30.4706
31.7537
30.3812
31.7471
30.5418
30.8250
31.8425
32.1670
31.0884
32.0517
31.5464
32.0680
31.7791
31.3162
32.2524
31.3816
31.4363
31.6253
32.5190
32.1396
33.3370
32.3018
32.8759
33.1308
32.9734
32.9643
32.1532
32.1780
31.6727
32.3819
31.5130
31.8150
32.3284
32.2696
31.6025
31.0276
32.9080
33.7949
32.5913
32.8818
32.9263
33.5290
32.2065
32.4094
33.7225
31.6544
31.0764
30.3494
32.0523
29.1389
30.5529
30.9272
31.6801
31.1494
30.1011
30.1247
29.8257
30.9716
29.8858
30.2759
30.6572
29.9875
30.7637
30.6159
31.4261
29.0927
30.4991
29.9861
30.6560
30.3633
29.9537
29.8238
31.4507
31.3890
31.7255
32.0559
33.1943
31.0280
31.3452
32.3626
32.5081
32.1652
32.5052
31.8505
31.9445
32.8268
32.4582
32.5053
33.6732
32.9556
33.7398
34.1587
34.2637
33.0356
35.0140
33.6411
31.8519
31.3209
31.5858
31.7372
30.5011
31.3444
32.7893
32.6633
32.3387
31.6111
30.7069
31.6776
32.9316
33.7617
33.2217
33.2457
32.7901
31.8758
32.9227
33.0837
33.0777
32.1816
33.4399
33.9970
33.9870
33.0128
32.7226
32.4475
31.8897
31.3716
33.6359
33.2121
32.7543
31.3036
31.9500
30.7631
31.5089
31.1926
31.2542
31.3917
32.5072
31.3501
30.2774
29.7909
31.1924
29.4183
28.8433
29.0137
30.0018
30.2864
30.7063
31.4391
29.1254
30.6257
29.5261
30.6541
31.0091
32.8504
32.0243
32.1187
32.3978
31.7045
32.5703
32.3568
33.3789
33.2700
32.2886
32.6374
32.9092
33.1564
33.4640
32.9468
33.5540
32.9211
32.6899
33.8484
34.1555
33.8663
31.9154
33.6658
33.0792
32.2446
32.0548
32.8189
32.2031
33.0602
33.6991
34.4518
34.7243
34.8422
35.7361
34.8891
35.2022
34.1291
34.2728
35.4085
35.2339
34.7509
34.3655
34.3753
34.7215
32.7687
33.1729
32.7329
32.6854
33.0147
31.3315
32.3208
32.3204
32.5014
32.4898
31.5071
32.6049
32.4861
32.0603
30.5746
31.9343
32.4244
32.1314
33.0679
31.5917
30.7054
31.0588
32.0185
32.2516
31.9376
31.2708
31.2024
31.7695
32.1009
31.9908
31.0453
32.0369
33.0478
32.9185
32.1333
32.9332
32.5223
32.1140
33.4755
31.8892
31.7577
30.9127
30.6693
31.0304
31.7196
30.0440
30.8589
30.6149
30.5335
31.2244
31.4872
31.2707
32.1253
31.6994
30.8958
29.4271
29.6994
30.4111
30.4711
30.2104
30.8500
32.2641
31.5770
32.0091
30.8713
31.7573
32.1694
32.5804
32.9681
33.4074
33.6524
32.6633
33.0770
33.9479
32.3083
33.6813
33.3592
33.3675
33.6390
32.8887
32.3328
35.9984
33.7042
34.2424
34.4346
32.9180
34.4737
33.7074
34.4078
34.5060
35.5044
34.5152
35.2263
36.6927
34.7697
34.1479
36.2937
35.2544
35.6992
35.4779
33.8529
35.2952
36.0444
35.8443
35.4049
34.4658
33.4773
34.1161
34.6835
35.6274
35.8051
34.3680
35.3622
36.4968
37.3599
34.6829
35.3380
34.6638
36.1555
36.0120
35.0694
34.9883
35.1249
35.5813
35.6726
36.4006
36.8276
37.3375
36.3339
38.0145
36.6356
36.4131
36.0469
37.4199
36.7742
36.7738
36.0564
36.1937
35.8946
36.3997
37.2275
36.7577
37.7773
36.8299
37.3927
37.2508
37.3246
37.9855
35.3600
35.9476
35.8328
35.6090
37.3553
36.9550
37.6346
37.8556
36.8819
37.8203
36.5883
35.9165
36.9136
36.1578
35.3139
35.1745
35.1444
36.1380
36.6166
35.6900
33.4649
35.4766
35.7403
36.2003
35.0016
34.6649
35.4467
35.8914
35.4392
35.5617
37.1772
35.8596
35.5967
36.7637
36.0914
34.7738
35.4635
34.6992
34.9540
34.9857
35.8721
36.3605
36.3453
37.8930
37.1801
35.6609
36.1792
36.3026
34.9861
37.2321
37.5928
35.8412
36.0131
36.1006
36.0868
36.1383
36.5343
36.5456
36.3592
39.2767
37.8299
37.2835
37.2008
38.9460
38.6784
39.0889
38.6436
38.8024
39.4091
41.3403
39.3960
39.7047
39.3282
38.3379
37.8416
37.9230
39.7399
39.1792
39.0491
38.1320
38.9833
38.2819
39.0766
38.4965
39.5748
38.1702
37.4561
36.5823
38.2894
39.4750
39.4386
40.7713
39.2178
39.0875
39.4608
38.2121
38.3138
40.3545
38.2383
38.9398
38.4759
38.8285
40.2224
40.9543
37.6222
36.7898
36.4399
37.9515
38.2896
37.4115
37.0748
37.1520
37.3865
37.9199
38.2967
38.3810
37.2958
37.1293
37.8093
38.2403
38.0250
38.5494
36.8019
37.4195
38.8134
38.2562
39.2303
37.2470
36.5963
36.9322
39.4290
38.7423
36.9807
38.0779
35.5428
36.6282
39.0976
37.9513
37.5113
36.8274
37.6124
36.6676
37.0331
37.1423
37.0252
36.3495
36.5229
35.5177
35.6272
36.0318
36.0969
35.8340
34.6999
36.0519
35.4259
35.9657
35.4039
34.8071
36.2064
36.2235
35.5096
35.9420
36.2260
36.5525
37.9473
37.4901
38.6754
38.0399
38.0996
39.5161
37.4359
36.8447
37.3566
37.2379
37.1965
37.1852
38.0091
37.7894
36.2006
36.6698
36.7261
36.3995
35.6763
36.7217
35.4532
35.9677
37.0352
37.0000
36.8371
36.5950
37.1096
37.2353
36.4716
37.0145
36.0061
37.8498
38.7051
37.7900
35.8080
35.8245
36.1030
36.2096
37.2611
37.2507
37.1193
37.8077
36.2744
36.5399
36.7421
36.5111
36.8154
36.6828
35.2586
35.7467
34.2429
36.4997
38.2852
38.4341
36.8365
37.6018
37.0596
37.6616
36.7887
37.0448
34.7445
35.3075
37.0188
36.9416
37.5031
38.1910
38.4035
37.0433
36.9347
36.9386
37.7338
38.3303
36.0690
36.9281
36.9881
36.6504
35.9030
36.9508
36.5615
35.8337
37.4043
35.9221
35.7844
36.1047
36.3086
36.8979
36.2880
35.5612
36.4848
37.0222
34.6920
36.3176
36.2232
35.5593
35.3596
35.4782
35.1577
36.6730
37.0201
38.2733
37.5091
37.9324
36.9128
37.6495
36.6450
37.4945
36.8237
36.5459
36.4647
36.6015
35.7187
36.0387
35.8023
34.9501
37.3018
36.9402
37.4190
36.0363
36.2588
36.1932
36.2981
36.7193
37.8820
37.0577
38.0951
38.4391
37.6685
38.5225
37.2248
37.2756
37.0098
35.3853
37.8520
36.7839
37.9676
37.1335
36.9454
36.4156
35.6417
37.5274
36.9795
37.9530
37.7183
38.5287
38.1735
38.1949
38.3816
38.8674
39.5058
38.5267
37.5402
37.4937
37.6820
37.8154
37.9573
37.6658
37.8003
37.7575
37.8995
37.1666
38.3828
36.1197
36.3345
35.9915
35.1638
36.1393
35.9535
36.1202
35.6350
35.7579
36.7876
37.2369
37.0480
36.1713
36.6069
35.5743
35.5253
34.8881
36.7021
35.2288
34.9901
36.5823
36.5856
36.6693
34.6908
36.2697
35.2197
35.4723
36.2318
36.4483
34.7900
35.9802
35.9635
35.0828
35.1655
36.2071
33.6300
35.2917
35.7016
35.2981
35.5835
34.4348
35.5893
36.3990
36.1556
36.2676
35.3698
35.1567
35.2325
35.0885
34.3839
34.6581
33.1703
35.0296
35.7154
34.8094
35.1946
34.3376
34.5367
34.2252
33.7904
34.3328
34.5356
34.4006
34.5340
34.3543
34.0044
32.9247
34.6016
34.0846
34.4971
35.2717
35.0396
36.5927
36.1640
35.7255
36.4129
36.3579
37.0776
35.3060
36.9826
37.2224
36.7889
37.0987
36.5235
36.5869
36.6040
35.9254
36.2284
35.5451
35.8411
37.3201
36.5859
35.5028
36.9925
36.2692
36.7169
37.6787
37.5286
36.8514
38.2713
38.4164
37.7801
37.4641
37.3922
37.9700
37.2741
37.4495
36.6864
38.3539
36.6155
36.2237
36.5804
36.2439
35.6174
38.3568
37.9714
37.7016
37.7324
39.6571
38.2304
37.3572
36.5284
35.8889
37.8507
38.0231
38.3559
37.5828
36.4601
35.9713
36.8978
35.7257
35.8004
37.4282
36.4581
36.3936
36.6496
37.5416
36.0012
36.8065
36.1653
36.2316
35.9665
37.2267
36.7180
36.0315
35.4330
34.9337
36.4016
34.6077
35.0821
34.1114
34.9881
34.3824
34.7495
34.5512
33.8546
35.0571
33.3623
33.6908
33.0847
31.9697
32.7987
31.8616
32.5143
32.7466
33.0091
32.5568
32.3755
33.5143
34.4780
32.7114
33.0001
35.0025
33.0851
32.8472
32.6125
31.9643
32.5428
33.4335
33.9986
33.5156
32.9258
32.2881
31.7667
32.3872
32.6869
33.2996
33.3525
34.3775
33.6927
34.5127
33.6845
32.5585
32.6815
33.6581
34.4063
34.5531
34.5840
34.2362
34.2901
35.2846
34.6408
35.4489
35.0944
34.5913
35.9222
33.8020
33.6910
34.5580
35.9818
33.7671
34.7952
33.6679
34.2813
34.9893
34.4418
34.3450
34.8775
34.6263
34.5842
34.5588
33.6939
34.2880
34.3670
34.7744
35.6058
34.7694
34.7054
35.7425
35.1466
34.9664
36.3475
35.9359
34.8579
35.1069
36.0134
35.6122
36.0004
35.7993
35.7591
37.5667
37.6732
36.6291
37.0768
36.1591
35.1969
35.0024
34.6317
34.5605
34.1673
34.4214
35.3808
36.5148
36.3477
34.6543
36.5326
36.7386
35.2123
35.3462
35.8662
35.6866
35.5165
36.1294
34.7152
35.0776
34.1158
34.7171
34.8070
34.4915
33.4395
35.4166
35.2483
35.9053
34.9140
34.1631
34.9321
34.3911
33.6026
34.1181
34.8427
35.1806
36.0120
36.8953
35.5388
34.5889
36.0022
36.0944
35.8040
34.9798
35.4065
35.8099
33.3111
34.8382
34.5273
34.3576
34.0284
33.7884
33.1480
34.7600
33.4142
32.8080
33.9586
34.6264
35.0879
35.5894
34.1746
35.4081
34.5301
35.2472
33.5732
34.6329
35.8443
35.0975
36.8533
36.3092
35.9156
35.8086
35.7627
36.7106
36.5485
36.4677
35.6609
37.4541
37.3810
37.6339
37.1752
38.0756
36.4392
38.0605
39.0065
37.8857
39.5581
39.1434
38.6420
37.4504
36.9746
38.7235
38.3959
36.5052
37.4383
36.6472
37.7700
35.9084
36.2418
37.3812
38.3088
37.1377
37.9682
38.4459
37.7063
37.3445
37.7779
36.7843
38.3411
37.2720
37.2859
37.7411
37.7857
39.5877
38.9255
37.6655
39.3293
39.5678
39.7491
40.1506
39.5821
37.9393
37.9236
38.5330
39.2854
37.6531
36.6182
37.0360
38.3900
38.1718
37.8874
36.8120
36.8470
38.2368
35.9870
37.0430
37.0935
35.9428
36.1049
36.1171
37.3522
36.1693
37.1001
37.1320
36.7877
37.0721
37.2750
37.0904
36.8789
36.9540
36.7111
36.7357
36.4925
37.5949
37.1312
36.7271
37.1011
36.8482
36.7781
36.3298
35.1786
36.2904
37.7963
38.2469
38.8992
38.7040
38.0049
38.4557
39.1803
38.3993
38.2737
37.9055
37.1204
38.2146
36.1651
36.6113
35.9950
36.4202
35.6509
36.1782
34.8477
34.8619
34.0212
37.0279
35.3824
36.1040
36.0109
34.4893
34.8024
34.1795
34.1651
36.1592
36.4380
36.6066
35.0460
35.8245
36.4868
36.9248
38.4946
38.3165
38.2349
37.0438
37.4454
35.5146
37.1621
38.4343
38.2757
37.2728
36.0855
36.6298
37.5555
36.6281
37.6138
36.5815
38.3021
36.7980
37.1557
37.0727
38.5351
37.5856
37.3190
38.1704
37.4437
37.3786
38.2179
38.5481
39.0626
38.9816
38.3487
38.7231
38.7113
37.2359
38.3619
37.5546
38.3418
37.0098
36.5481
36.5697
37.4873
36.8622
37.3758
38.2279
37.3704
39.2654
37.8436
37.8041
37.2801
36.5346
35.6297
36.1102
35.3221
35.7683
36.7121
38.5022
37.8642
36.9533
36.9096
37.2820
37.3034
37.1310
37.3634
36.4074
37.9216
36.7860
37.3547
38.0468
37.1588
37.1338
37.8879
36.4056
37.1878
37.1298
36.8007
36.9576
37.1539
35.9998
37.6517
39.0561
39.1587
38.6924
37.2849
37.9339
38.0417
38.7505
38.4045
37.8665
38.1974
38.5860
38.3996
39.4997
38.0932
37.2844
38.8266
38.8972
37.8805
39.4161
38.8220
37.4456
38.1190
37.2162
37.7471
36.9626
37.7219
37.3114
38.6945
38.4720
39.3941
39.0857
38.6731
38.5472
38.3176
38.4202
37.4430
38.5860
37.7360
39.6919
38.7231
38.2246
39.2839
41.4668
41.5846
40.5063
40.9105
39.5119
40.2390
39.0140
38.1267
37.8121
38.7801
38.2168
37.3798
37.4797
38.7069
39.1137
38.3925
38.4856
38.2646
38.4351
38.3636
37.5653
37.2374
38.0615
36.7904
38.6742
39.7505
37.9140
38.0429
38.0321
39.3684
38.7643
38.4132
38.5326
38.8505
38.6427
39.7314
39.8373
40.0214
39.8992
39.0892
40.0755
40.7843
40.0626
39.3709
39.0930
39.0869
38.5150
39.2580
38.4346
37.9300
38.5403
38.2657
36.8253
38.4588
37.1141
39.4552
38.3265
38.8372
38.5925
37.1252
38.8484
38.0996
37.8710
39.3172
39.6977
39.3272
38.6415
39.2312
39.8461
40.3706
37.5140
37.9326
38.7177
41.1122
40.4423
38.9402
39.6555
39.9413
38.7129
38.8501
39.1935
37.8575
39.0032
38.5579
39.6766
39.3487
38.9556
39.0889
39.7679
41.3079
40.1931
39.5320
39.4372
40.1685
39.7992
39.6126
39.5189
40.6390
39.6435
39.9756
39.2813
37.2880
38.7924
37.9993
38.6332
38.3180
38.9997
37.5866
38.1660
37.4266
38.9061
39.9828
40.5803
40.2910
39.7387
39.5798
40.1645
39.3764
39.5379
40.8995
40.1588
40.3605
39.9969
38.6745
39.5076
40.6438
38.6149
38.8068
38.9636
38.3802
38.4406
39.9850
37.9326
38.0111
39.1625
39.2010
39.1371
39.6881
40.1888
37.8022
39.7009
39.5950
40.3062
39.6353
40.3367
40.7932
40.4235
39.5001
39.6885
39.7216
40.7721
41.8913
40.5021
40.8747
42.0253
38.3889
38.7994
39.5809
37.7952
38.8007
38.5992
39.3212
37.9855
40.5020
39.0442
39.1138
38.9541
39.4797
38.7352
38.8045
38.9479
38.8483
40.4851
38.5260
38.3564
38.5032
38.5613
39.1378
40.0435
39.6301
39.2752
39.4204
39.4609
38.4903
38.0850
36.4290
37.3504
38.7591
37.5894
36.4667
37.7293
38.3621
37.0457
38.3833
36.6971
36.9401
36.3186
37.2802
36.7558
37.9913
37.0978
38.5804
38.2800
37.3423
36.7626
37.8751
37.3116
37.6231
37.9443
37.3741
37.9471
36.0549
36.4834
35.1483
35.7077
35.4904
36.1277
36.0406
37.5885
37.7215
37.4965
38.3738
37.1453
36.4305
36.5329
36.7199
35.7732
35.4930
37.2213
36.5390
35.6929
36.4719
34.5971
36.8716
35.2407
34.3264
35.1855
35.5146
36.5747
34.7574
34.3042
36.5205
36.1038
36.1286
33.9301
34.6752
35.8528
33.9011
34.6335
32.6119
34.2459
34.9130
35.4498
34.2100
34.5035
35.3574
34.4822
33.8220
33.4087
33.4368
33.9020
31.9645
32.0187
33.6834
31.8986
34.1366
34.8817
34.9124
34.2714
33.5467
34.4364
34.9861
34.0281
37.2090
36.4466
37.4563
36.9694
35.7786
36.7141
37.9088
37.1179
36.2171
34.7394
34.4557
34.6826
34.6070
34.2264
33.4927
34.0367
35.5790
35.2161
34.5057
34.1901
35.1153
33.7972
35.1293
34.3731
36.0478
35.0685
35.3468
33.5607
34.5915
34.7083
35.1618
33.5748
33.3087
35.0237
34.4138
34.0177
35.5201
35.6678
34.1531
35.9459
35.3247
36.9218
36.8382
35.6787
35.9222
35.2182
34.3401
34.6000
35.0769
33.1337
33.5845
34.3649
34.6840
34.9664
34.4761
34.3718
34.5433
34.1932
33.4385
34.3550
35.3192
35.4160
36.8780
34.1413
35.5396
35.1283
33.8193
35.4997
34.3792
35.2009
34.1249
34.3169
35.5339
34.7541
34.4266
34.8211
36.6823
36.8612
34.8533
34.8177
35.3167
35.6330
36.4563
36.8148
37.6911
37.9029
37.4563
36.2484
36.9598
37.9472
37.0756
36.3704
36.1650
35.2445
36.3272
35.7290
36.0461
35.7018
37.2064
36.2245
37.0716
36.3854
37.0147
35.7386
37.2187
36.8275
37.4019
36.5640
36.3323
35.9332
35.8923
36.7367
35.5724
35.2341
35.9282
34.8032
33.5116
35.2109
34.7671
34.4899
34.8574
35.8162
35.1591
35.3942
35.9930
35.4266
34.8882
35.1163
34.6236
35.3661
36.1700
35.9446
35.9189
35.2474
35.7240
35.7780
35.9473
36.9143
37.9547
36.1597
36.5208
35.8302
35.5084
36.5930
37.7289
36.7533
36.2158
35.9460
33.9315
35.0715
34.6301
36.0787
36.8197
36.0633
35.8254
36.1978
35.4952
36.5654
36.1638
36.2400
35.8091
35.5466
35.7061
35.6879
35.3893
34.8890
33.9588
35.7236
35.1745
35.0472
34.7479
35.4228
35.2031
36.0358
34.1284
33.8336
32.4300
32.6256
32.9612
33.0233
33.1912
33.6380
34.1220
35.2374
33.1044
33.7041
34.7944
35.2599
34.6015
34.9346
34.9331
34.1422
35.0166
37.1146
35.4220
35.5880
36.2484
35.9855
36.0131
38.5883
37.0814
36.4522
38.0398
38.9749
37.0706
37.7344
37.1806
37.8708
37.8048
36.9350
36.9371
36.7821
37.3201
36.6723
36.3497
37.4020
37.4627
38.6624
37.8174
38.7151
37.3268
38.1012
37.0674
36.9842
37.7981
38.3592
37.0510
37.6738
37.4902
38.7207
38.0852
38.1308
38.3676
36.7021
35.5668
35.1208
37.4265
36.2208
37.0860
36.4619
36.0847
35.4728
36.1447
36.5276
37.4101
34.9646
35.7038
36.6801
36.9478
36.5115
36.0975
37.3704
37.8694
37.4345
36.3655
36.9318
36.2635
36.3199
37.1603
37.7803
38.6725
37.9699
37.8712
37.2346
38.5700
38.4809
38.3375
37.5746
37.7787
38.0199
39.3669
38.2357
37.4150
39.2864
39.8756
39.9403
39.5700
39.0562
38.0878
38.1757
38.8698
37.9439
36.2287
37.3987
37.2439
38.2219
39.6914
38.9841
39.7074
37.1937
39.0216
37.8358
37.6820
38.7759
38.7038
37.2848
38.4803
38.5388
40.2290
38.5779
37.5066
40.4392
41.6956
40.8275
41.1690
40.0199
39.9134
41.0098
40.0826
40.2723
42.0071
41.4326
41.1677
39.5092
40.8465
40.2150
38.9949
39.2244
38.9456
39.8460
39.1886
40.5219
39.8020
39.6399
40.3001
39.0184
38.7822
38.7158
38.2558
38.0053
38.6725
37.7714
36.4194
37.7956
38.4051
38.2314
38.1257
39.0641
39.4106
40.8793
39.2264
39.3507
39.3356
38.8902
37.9110
37.9921
38.4956
39.7694
39.0074
37.1478
37.9267
38.5514
36.6629
37.2000
37.7477
37.7869
36.8482
38.2404
38.1393
36.5645
36.7392
37.1203
38.1181
38.8934
38.2834
38.2699
39.0315
38.3606
38.0594
38.4629
37.3724
36.6107
37.3250
37.0307
36.8460
38.2377
36.8331
35.9565
37.7422
37.8936
37.7450
39.0031
38.0914
36.4984
37.7490
37.0827
37.2099
36.8737
37.3649
36.1673
36.9882
37.4647
37.0139
36.4787
36.6473
37.1008
37.2872
35.4282
36.5751
36.6299
36.5146
36.4282
36.6612
35.1882
35.7242
35.4253
36.3403
35.1528
37.3689
37.4586
38.0206
37.0836
36.8756
38.1482
39.1976
37.3826
38.1562
37.1683
36.7960
36.3175
36.4221
36.7012
36.0770
36.1383
35.4254
36.5766
35.0161
34.2528
35.0758
35.3837
37.7301
36.4325
37.8902
39.0107
37.5098
38.2003
37.3480
36.6499
37.0561
37.6450
37.8932
38.0814
37.3345
38.6253
39.6610
38.5430
38.8438
40.2176
40.6430
39.8614
39.1329
39.4475
38.0991
39.1207
41.4855
40.4131
40.1762
41.1494
39.9571
39.0348
39.3211
39.1764
39.9459
39.5061
38.7603
39.0156
38.8977
39.0164
39.5098
40.1214
40.2702
40.5702
40.2206
41.4653
40.5203
41.7562
41.3748
42.2010
41.3966
41.0741
41.5938
41.5211
41.7922
42.1276
40.9962
42.1099
42.6532
42.7733
42.8749
43.1492
42.2924
41.7484
40.3402
40.6639
41.6934
40.9760
40.9857
41.6301
42.3972
42.0610
43.8805
43.9102
43.6445
44.2285
43.1123
42.6417
41.9242
43.2055
42.5976
43.1273
43.4244
42.9857
42.8645
42.1194
42.4206
42.7499
40.9381
41.4873
42.3788
42.8008
43.2183
43.3720
43.9684
44.1162
45.3260
45.8008
45.5975
45.2483
44.6775
44.0246
42.5796
42.8313
42.7514
42.7969
42.1082
42.7185
41.1383
42.3963
41.5194
42.8901
41.9182
42.8614
42.8664
43.0722
42.2007
42.2252
41.2249
41.6961
40.6282
40.7061
40.5276
40.1043
39.0844
40.4516
40.6799
40.8654
42.5319
40.6401
40.6636
40.5742
40.7769
40.8262
41.4396
42.4367
40.3665
40.4141
41.1699
42.0935
42.4827
42.1351
43.3884
42.8740
42.6317
41.8051
39.5709
42.2892
42.0652
40.3000
41.1991
40.8599
41.0773
40.5116
41.4068
40.6294
41.6256
43.5484
41.6522
42.3686
41.2403
40.8991
41.2456
39.8683
40.4501
39.2478
38.5730
38.8451
39.0534
40.3232
39.6888
40.5464
39.3720
39.6778
41.7365
39.7402
40.4406
39.5478
39.6553
39.3079
39.2530
37.9374
39.8391
39.3994
39.5171
41.0934
39.1579
40.5365
39.4632
40.0026
39.1801
38.9907
39.0821
40.1321
38.6720
38.5684
38.6879
37.5134
37.7125
37.3689
38.1139
36.4824
37.4108
38.1096
36.7674
37.0094
36.0215
36.0201
37.0660
37.8050
39.0197
38.7943
37.5864
37.7647
37.0867
37.8050
37.9197
37.4837
38.0518
38.2986
37.8685
38.1609
38.6024
38.4273
39.6584
38.9303
40.1644
39.2674
40.1842
39.3140
38.0619
37.7142
40.1301
38.3362
38.7067
36.4498
36.3974
37.1287
35.3811
36.2137
36.9207
37.6867
37.1081
37.9643
37.2222
37.4139
37.3255
36.9705
37.1294
36.7362
38.0152
37.5202
37.4353
38.3715
36.7051
36.8812
38.6451
38.2298
36.8274
36.1645
38.4229
38.3045
37.5105
36.8644
37.7440
38.3884
38.3397
37.8908
38.1128
38.7356
38.1785
37.9126
38.1085
40.0100
40.0787
41.4975
39.4737
39.3615
40.2053
39.1675
39.3890
39.3387
38.9903
40.2300
38.6136
38.9094
38.4969
38.8916
39.1259
38.4376
38.0541
38.7709
38.6179
38.7350
39.5027
38.7577
38.5339
38.4468
38.5150
39.3450
39.2913
38.6443
37.4172
37.4918
35.4368
35.2033
36.5948
37.1551
37.4040
37.9407
36.5486
35.0236
36.3862
35.6300
35.4868
36.4659
36.0852
36.1832
36.4605
35.9415
37.4385
36.7693
37.5618
37.0151
37.9055
38.4994
38.8893
40.0648
40.8363
41.0815
39.9762
40.8511
39.4352
38.2702
38.5913
39.1063
38.7237
38.8760
38.2495
39.7946
37.7085
38.4452
37.8501
37.1988
36.6338
37.5746
37.6824
37.2181
37.9180
37.6966
37.4351
37.1801
37.0244
38.2413
36.7582
37.2433
38.4631
36.0815
36.2614
35.5955
35.2506
34.8769
35.3080
35.0031
35.7684
36.4269
35.5964
35.3709
34.9364
35.4560
36.3564
35.8746
36.0950
35.5790
36.2903
35.9883
35.4398
36.2335
35.7090
34.8463
35.2876
34.8976
34.8664
35.1888
35.6971
35.6209
35.8906
36.6951
36.5649
34.8694
34.7571
35.9836
36.9287
37.2415
36.1301
35.7181
35.6300
37.0564
36.6749
35.7158
37.1173
37.5907
36.3382
35.9928
34.6800
35.9083
35.8476
35.6425
37.0150
36.6486
36.0947
36.1688
34.4963
35.4730
34.6372
34.1702
34.3209
35.0103
34.6934
34.8556
34.3399
35.0718
35.1548
34.9803
34.9989
35.1701
34.9289
33.4535
34.6458
34.7975
33.9914
33.9208
35.1040
35.0365
34.9648
34.5193
33.5345
34.0201
32.9750
31.9592
32.9514
33.0578
34.2185
35.4726
35.9803
36.0646
34.8462
34.9499
34.9306
33.1248
34.3073
36.1427
36.5585
36.8098
36.5283
34.5460
36.0300
35.6099
37.0174
36.2617
35.3131
35.3643
34.9474
34.9003
32.8942
34.1113
35.6302
34.9637
33.2406
33.4983
34.1754
34.9662
35.3120
35.1752
36.3070
36.4041
37.2420
37.4050
37.7688
38.0833
37.0108
35.3991
39.2240
37.9248
38.7836
37.7889
37.2032
37.5256
35.9972
37.0939
35.4102
34.8108
36.0124
35.0722
34.3824
35.3438
35.9974
36.0902
36.3173
36.5458
34.5172
35.1659
35.0397
35.9463
37.1641
36.7983
37.0135
36.3470
35.4186
35.5589
35.1229
34.4328
35.1539
35.4242
36.4668
35.4021
36.9115
36.0524
37.2293
35.2749
34.9422
33.4913
34.7045
34.4363
35.3034
36.7207
36.4741
36.0289
36.3270
36.9119
35.8610
35.5711
36.5008
35.6667
36.3836
35.9275
36.1368
35.9914
35.3842
35.6162
36.5151
34.0576
35.6425
34.0751
34.6684
34.5010
33.9699
35.5766
36.1418
36.8976
35.9013
35.6113
36.3575
36.6404
37.1389
38.9629
37.4931
36.9342
36.7774
35.9649
36.4745
36.4439
37.4111
38.5532
37.7362
36.4533
36.7747
36.1197
37.0064
38.5254
37.0886
37.3496
37.6106
35.6694
36.2189
35.5615
36.6672
36.4767
36.6964
36.1804
36.1836
36.1514
37.1469
37.9834
38.0227
37.5517
37.0780
36.4733
34.9723
35.7431
35.8846
34.5297
34.3458
34.2615
34.8577
35.0148
34.6014
34.0163
34.2902
35.7690
34.7985
33.8179
34.2290
34.8030
34.6245
34.9341
33.8294
33.1252
33.8354
33.7872
34.5802
33.3426
34.4500
34.0384
34.3017
34.8134
33.9043
33.8010
34.1609
32.6336
33.3606
32.4780
33.0070
33.5900
32.6701
32.8439
31.0182
32.0344
31.3290
31.5192
32.0417
32.3722
32.1732
31.4713
32.0512
32.0997
31.9283
32.7674
32.0433
32.0207
32.9720
33.2167
33.7932
34.6526
34.6136
32.2936
33.8168
32.9326
32.8109
33.8900
32.8046
34.0773
33.0214
32.3052
32.1418
32.2806
32.3819
31.3157
31.7265
30.7516
30.4241
31.7086
31.6041
31.8025
31.6990
32.0026
31.4744
31.1753
31.5353
31.9598
31.4937
30.1173
32.3238
33.6557
34.6281
34.8168
34.3439
34.5991
35.7856
33.8627
34.2211
35.3556
35.3463
35.1578
34.4337
35.1966
34.9481
35.9742
36.2808
37.6077
37.0008
36.4516
36.3095
35.7413
37.8966
36.9521
36.1766
35.5401
35.6510
36.7470
35.0095
36.5579
36.1583
34.3032
33.8152
33.7428
33.3113
33.9784
33.1137
34.2585
35.9140
34.9630
35.2254
35.6768
34.7378
35.1742
35.5684
37.4131
35.5806
35.6060
35.7623
37.0722
36.0077
37.1674
36.8277
37.3313
36.6807
36.5707
36.4208
36.8485
36.0942
35.9930
35.1977
35.0344
34.2245
33.7424
33.3710
35.3058
34.2840
35.8961
35.6023
36.7357
37.4550
36.3352
37.8190
36.7873
36.6202
36.5259
37.0864
36.7641
37.5553
36.6518
37.3604
37.9218
37.7850
37.6429
36.7277
37.4249
37.5540
39.2907
37.5245
36.6958
36.5659
34.9214
36.4780
36.0988
36.0613
35.3381
37.0551
35.7417
35.7348
36.2938
36.1746
36.1427
35.8988
36.5339
36.7688
36.8437
34.5799
35.5090
35.2081
34.0554
34.5596
35.6195
35.9990
37.8620
36.1298
35.2352
36.0732
35.3464
35.8954
34.3610
35.7179
35.8011
35.9810
35.8215
37.9094
36.9618
36.7162
36.6415
36.3819
35.5019
35.9979
35.8589
36.4755
34.8777
35.0950
35.9647
36.8630
36.0307
36.6552
36.3058
37.4440
37.9707
38.6681
38.3167
39.3318
40.3085
41.6485
39.1385
38.8975
37.7704
39.5421
37.9643
39.3550
39.1015
38.0443
37.8630
38.4004
37.1068
38.0739
38.3777
38.0522
37.6938
38.3460
38.6256
38.8771
38.4596
38.0116
38.3002
38.6609
39.6632
39.4658
39.3633
39.2295
37.2134
36.7467
36.0717
36.9471
37.5841
37.5815
38.2880
38.1945
37.3441
37.6458
37.8536
37.9045
36.9353
36.8709
37.7321
36.8753
37.2394
37.3041
36.7515
37.3060
38.1981
37.4757
39.4343
37.5297
38.4366
38.4938
36.5217
38.4062
38.5579
38.2080
37.9510
37.3101
38.3457
38.0432
38.6130
37.5983
38.1993
39.4280
38.3284
39.5431
39.3239
39.7923
38.4834
37.5528
37.5226
37.6466
37.3636
38.7253
37.7298
38.1277
37.3678
37.9360
37.5870
38.0497
38.3667
37.3337
40.2213
39.5857
39.1150
40.0004
39.5958
38.9872
37.5433
39.2318
38.0360
37.5258
37.3738
38.5214
37.3784
36.6762
37.6447
36.9755
37.5618
37.2047
37.8847
36.8654
37.6944
37.2173
37.7755
38.8064
38.6060
39.3360
38.4043
37.1023
36.9350
36.6668
37.5085
38.1883
39.2458
39.3629
38.9961
40.0669
39.6021
39.0624
38.2025
38.2304
40.1874
39.4764
40.8286
39.3302
39.3462
41.6449
39.7145
38.9518
39.0105
38.9646
39.0991
39.4830
39.2162
37.0657
40.2230
39.5757
40.1389
38.8169
39.4140
40.8481
39.5508
39.7440
39.2497
38.8076
37.6810
39.8204
38.8934
39.0168
39.8003
40.3129
39.2875
40.1170
40.0015
40.0076
41.1410
39.0880
38.5095
38.8583
38.7117
37.5791
36.2669
36.7311
37.1610
35.9768
37.1692
35.9986
37.0343
35.6599
36.4703
37.2126
37.5678
37.1890
36.6355
37.1442
38.4400
36.7181
37.8948
37.2997
37.3740
38.7586
39.3710
39.9521
38.2751
38.2610
38.3724
37.9311
38.2747
39.4590
38.5935
37.1745
38.0191
38.2989
37.7412
38.8400
38.0048
38.4208
38.9784
38.4799
38.9768
39.0330
37.9973
38.1073
37.7217
38.3309
38.5398
38.7520
38.8468
39.2133
38.7899
39.4052
39.5972
39.2283
38.0805
38.6761
38.4696
38.5441
38.6238
37.3320
37.3356
36.8905
37.3877
35.5381
36.3356
37.0131
36.9665
38.0668
38.0157
36.8490
37.6462
37.7451
37.1848
36.4580
36.5835
36.9045
35.7108
36.1990
36.0531
35.2196
34.8522
35.8191
35.5860
35.2507
38.0061
36.4847
37.2537
36.7229
36.6302
36.7066
37.2942
36.7722
38.5913
40.1235
38.1028
38.4771
38.6468
39.3052
38.8281
38.5150
40.0209
39.9876
41.0437
40.8515
40.1566
40.5151
39.9495
39.3145
39.0868
39.2098
39.0237
38.5159
36.3936
37.7617
37.1410
37.7469
37.0310
35.5530
36.1137
35.4601
35.3546
37.1514
37.5510
37.4223
37.2981
37.1267
38.0628
37.2378
37.2287
36.1955
36.7982
36.7405
37.3796
36.9903
34.7729
35.5138
37.6646
36.5854
35.9505
36.0986
36.2515
36.8916
36.4866
35.8495
36.1765
36.3549
37.0546
37.5269
39.7972
38.9414
39.0516
37.8925
39.1157
40.5994
39.2188
38.8940
37.9439
38.8054
40.8006
39.5349
39.4496
39.7145
38.0525
38.8723
38.1377
38.3082
38.5927
38.4316
38.8319
38.9124
39.5310
37.4452
38.1821
37.8167
37.9285
36.2121
36.4086
36.8195
37.6762
37.7945
38.1784
38.0142
37.5095
37.3544
38.2288
37.6431
36.5088
34.7951
34.9094
35.6422
34.9557
36.8677
36.1645
36.2778
34.1423
36.3479
37.0508
37.4851
37.4000
37.2809
37.7585
37.2889
37.8219
36.9745
38.4192
37.6769
37.5789
36.7454
37.5727
37.8591
38.1952
37.1148
37.4764
35.1119
37.6355
37.4756
36.7424
37.4807
36.4421
34.8672
35.3545
34.5886
34.7842
34.7998
34.5738
34.9450
34.8352
35.0295
36.9134
37.3122
36.6251
35.6557
36.0155
36.0554
37.1169
36.1132
37.5448
38.6774
37.8038
38.2383
38.3262
35.9065
36.2647
37.4410
37.1447
36.1871
35.7830
36.8745
35.4815
35.0154
36.1133
36.0283
35.6329
35.0051
36.2458
35.8421
35.2585
34.9473
33.9744
36.0387
33.7544
33.4003
33.1290
34.5505
34.7763
34.6168
34.7888
36.1160
36.1042
36.8389
35.1989
35.6289
36.3435
36.0462
35.7841
36.4254
36.2128
35.7822
37.4317
35.7213
36.1623
37.5551
37.5120
37.5831
36.7708
36.8283
36.0458
35.0516
35.3721
34.9380
34.5927
35.5559
35.8169
36.9344
37.5172
36.8651
37.2055
36.2450
38.6004
37.6712
38.2302
37.5250
37.9810
36.7008
36.7711
36.1267
36.9835
36.7769
36.7706
37.1855
37.6537
36.9076
36.5490
36.7347
37.6047
38.6531
35.7949
36.4835
37.1384
36.9486
36.8751
37.3025
36.1366
35.2828
36.0423
36.7692
35.3920
35.6379
36.5878
37.1796
37.2583
36.8026
36.3601
36.9446
38.2774
38.4966
38.3127
39.9498
39.2567
38.6671
38.8196
38.1254
39.3945
39.2754
38.2681
38.2180
38.3890
38.0241
37.5565
38.2862
38.3634
38.7845
38.5978
38.2948
38.0902
38.6717
37.7680
37.9305
36.9549
37.3285
37.3831
38.1927
39.0899
39.5641
38.7776
39.1035
38.3603
38.4558
38.7483
38.3954
38.5140
38.1531
40.1217
38.7777
38.5917
37.2355
37.2753
37.7629
36.9302
37.3252
37.5517
37.3576
36.9499
37.2528
37.3556
37.4771
37.0707
36.3636
37.7810
37.9936
37.4148
37.7221
37.4403
37.5344
37.3708
37.3741
37.4463
38.4509
37.2638
37.3690
37.9532
37.9851
36.8077
37.8055
37.0307
36.3632
35.4987
37.3291
36.5018
36.3030
36.1950
36.1891
35.9276
36.6608
36.2594
36.3297
36.4439
36.6076
37.5505
37.0738
37.4692
37.8783
37.9579
37.3752
37.1004
38.0731
37.7864
38.2460
38.8296
38.9737
37.7030
37.9536
38.4178
37.5431
38.1428
37.6083
37.3984
38.2352
39.0137
37.6514
38.5792
38.4350
41.2533
39.2403
40.1837
39.5624
40.1313
40.0133
40.1459
38.6842
38.5449
40.7731
39.5153
40.7615
41.1457
40.4908
39.6997
39.4987
39.2614
38.6363
38.6386
38.9377
39.5440
38.5059
38.1054
38.8363
39.3332
39.1379
39.2961
39.3099
37.7638
38.7943
38.5145
38.6195
38.3781
38.1573
37.8482
38.6332
37.9433
38.2014
36.0674
37.1124
36.4326
36.4095
36.4269
35.7537
35.9811
36.3097
36.8673
36.4983
37.4147
37.9860
38.8961
38.8423
38.6438
39.5749
37.3787
36.9619
36.9626
36.8033
38.9351
40.4340
40.1430
37.7593
37.9655
37.8428
37.6631
37.6365
37.7443
38.0674
38.1369
37.7197
38.1385
38.4703
37.1614
35.9351
36.5439
37.0711
37.1422
37.5612
36.0970
34.9470
34.7657
36.6864
36.7624
35.0936
36.2701
35.4343
36.7287
36.2729
37.0618
37.3387
35.3433
35.1858
35.7607
35.0623
35.2116
35.3569
35.6311
37.3471
37.9673
38.4054
37.2536
37.6002
39.6056
39.7487
38.5810
38.2454
37.0863
38.4796
38.8962
38.4743
40.2049
39.6540
39.2622
38.5542
38.1173
38.1308
36.9301
37.8094
38.0570
37.7430
36.8083
37.8779
38.5843
39.2823
38.1238
38.4036
37.2951
37.1206
37.1176
37.5055
38.4189
37.1550
36.6501
37.4685
37.6638
37.5364
38.9626
38.6219
38.9231
38.4573
38.5099
39.2670
37.7623
37.2013
35.9680
36.8552
37.3653
35.4182
36.6028
36.4171
37.5934
36.4834
36.5164
37.0848
37.7618
37.0934
36.3829
36.3293
35.2082
34.8361
34.7435
33.6934
33.3040
35.4066
35.5505
35.3088
36.7073
36.4200
35.0006
35.1271
33.4946
33.3457
32.4769
32.4126
34.3849
32.8422
34.4508
33.7756
34.1353
34.5279
32.8619
35.0726
33.7199
33.7626
35.3029
34.2464
35.0154
36.1083
34.1964
34.7706
33.3045
35.0113
34.3318
34.0751
34.1896
34.6821
34.2610
34.3555
34.8491
34.8645
34.1955
34.5658
34.0648
34.6710
34.8690
34.7780
34.8818
35.6230
35.6483
35.2735
33.3184
33.4524
33.3230
35.0410
33.5737
33.5732
34.1659
34.8404
35.7915
34.0009
34.2473
34.6513
33.3742
34.8099
33.7417
33.8397
33.4145
33.1353
33.1180
33.5207
33.6528
33.9005
32.6266
33.8579
32.6915
33.2939
33.4046
34.0096
33.3584
33.1673
33.5101
33.8197
33.9705
33.9240
34.0862
33.5516
33.4455
34.3219
32.9960
32.6882
32.1135
32.6818
32.9801
34.6218
35.6367
33.7946
34.9302
33.2907
33.8894
34.5580
34.1406
35.4822
33.8327
34.4237
34.4224
33.5340
33.8806
33.1515
34.2267
33.6942
33.2586
33.1175
34.2943
34.4452
34.5782
34.1487
34.1053
33.3471
34.0333
34.3205
34.9507
33.3982
34.2859
34.3318
35.1674
35.3043
34.8872
34.7719
35.3956
34.2308
34.4591
35.0807
34.6561
33.9293
34.7669
33.9721
33.3181
33.6193
32.9956
33.4604
33.6871
32.5748
33.4281
33.4309
33.7046
32.8793
33.3408
34.1555
32.8437
32.8811
33.6445
34.0575
32.6725
33.0908
32.7462
32.9780
32.7510
31.4106
32.9099
33.3116
34.7215
34.1573
33.9276
32.3533
32.9463
34.4039
34.3264
34.4497
33.9599
34.4432
33.8233
35.1455
35.2931
35.0012
35.9965
36.5508
36.0431
34.8512
36.3442
36.8433
36.6657
36.2824
34.4043
35.3617
34.9900
36.8158
37.0424
35.9258
37.3858
36.8237
36.8469
36.8275
36.4425
35.9795
36.6663
35.8968
36.2469
37.4980
37.3058
37.0136
37.7354
36.7680
36.0758
36.6551
37.5777
36.6087
37.0749
37.5325
35.3651
35.8400
36.3623
36.1042
36.9773
36.7494
38.1819
36.6323
36.5881
36.0390
35.5692
36.1770
35.9339
35.8144
36.1778
36.6210
35.9591
35.5499
34.9099
34.1172
35.3416
36.0105
35.0306
34.6746
34.3668
34.6496
34.5059
34.7917
35.2781
34.1417
35.1242
35.0085
34.8844
35.5531
34.6799
35.2611
34.2725
35.0429
33.1916
34.4244
34.6442
35.2072
35.9142
36.2524
36.0158
35.6765
36.5355
36.3993
36.4363
36.6091
35.6797
35.6573
36.6721
35.7492
35.2048
36.0586
34.8083
34.1841
33.2879
33.6704
34.2060
33.5990
34.3278
34.2764
34.4141
34.3096
32.6334
34.0878
34.0001
33.9875
35.1048
35.5605
35.7743
35.7239
34.6053
35.2790
34.7332
35.2238
35.1068
34.2287
32.8689
31.7508
33.8697
34.0182
34.4406
33.8160
35.0654
35.7612
36.7988
36.5401
34.2823
33.8536
36.4242
35.8706
36.1523
34.9653
34.2703
33.8126
34.6896
34.4039
34.7037
36.3927
36.1520
35.2903
34.8566
34.5261
35.8981
35.1328
33.5993
36.0785
36.7447
35.0333
34.0649
36.1130
37.0164
35.6590
35.2779
36.1809
35.1532
36.7536
36.3746
33.0785
35.0693
35.5430
34.7983
37.0551
36.3929
36.3055
35.6721
36.0778
35.9773
34.8836
33.1993
33.2244
33.9388
35.2838
33.9668
34.9770
34.4394
33.8204
35.4995
35.5974
34.4746
34.9818
35.7770
36.5604
35.1649
36.2898
37.1973
37.1287
37.5896
36.2888
36.8239
36.7068
36.7942
34.1039
35.9226
36.0253
35.9676
36.0374
35.0718
36.6299
35.9835
35.4907
35.8582
36.9644
35.1459
34.1001
34.6536
33.8532
34.8552
33.2716
34.0028
34.1427
34.0567
34.0214
33.6793
35.2412
34.6459
34.7718
33.5026
34.9878
36.1017
35.7785
35.7141
34.3280
34.6047
33.6498
35.0253
35.1293
35.1954
33.4430
35.0542
35.1360
34.8830
34.6510
35.0847
34.9308
35.5094
34.8425
35.7270
34.7324
35.2488
34.9810
34.5805
33.7065
33.5062
35.2309
35.2427
35.1509
35.1599
34.5229
34.9279
35.0896
34.0052
33.7560
34.7655
35.2124
33.7753
34.8706
34.7861
34.9888
35.5900
34.6058
35.6239
35.1504
34.9107
34.0839
34.2052
35.0655
36.4107
37.3086
35.6547
36.0169
35.9642
35.4326
35.1590
36.0382
37.4011
37.3897
34.3830
35.4450
34.2402
34.6014
35.0129
33.7134
34.1788
34.1633
34.0372
33.9843
33.8175
32.3504
32.7805
33.3994
34.0475
34.0872
34.4337
34.6553
34.2182
34.6629
35.3652
34.6932
34.5270
32.4670
33.5597
33.3015
33.6463
33.8443
33.2432
33.2991
33.9549
33.8678
34.2137
33.5920
33.9745
33.3382
33.0126
34.0437
32.7614
33.1808
34.3677
33.3900
32.8963
33.4475
32.9810
32.7417
33.1502
32.5277
34.1999
33.8656
33.3184
33.1628
32.9432
34.2707
34.7949
34.1115
34.6306
34.4190
33.5630
34.0102
32.9014
33.2695
33.7886
33.5945
33.1132
33.8316
32.3939
30.5811
31.5211
30.6349
32.2565
31.5059
32.1057
33.1250
31.6965
31.5804
30.8948
31.5971
31.6662
31.8383
31.3758
30.2557
31.7232
31.2776
30.5754
32.0959
31.8521
30.6869
31.5017
32.3271
32.7499
32.4873
31.9229
30.9556
32.1839
32.5784
34.1333
34.0331
35.0010
33.7167
33.6106
34.6022
32.6633
33.3778
33.3779
33.9818
33.1322
33.5214
34.2567
34.3888
35.8488
34.3013
34.2614
34.5899
34.0173
33.3481
35.9764
35.1832
34.7147
35.3436
36.6944
36.2383
35.2229
35.6547
35.5697
34.5939
34.1037
35.7797
35.2969
36.3145
35.8363
37.8872
37.8380
35.5244
36.4878
36.3043
35.9335
35.7514
35.1419
36.5312
36.0533
36.9456
34.6356
33.8542
35.1917
34.6300
35.3491
35.7621
35.0744
34.8201
34.9031
35.5164
35.6877
36.0399
36.2428
35.1585
33.9151
34.6024
35.2564
35.6578
34.8541
35.2517
36.5785
34.7757
35.2377
34.1995
34.0274
33.7171
33.2460
34.2258
33.6836
34.6080
34.1551
33.8348
33.5953
32.5317
34.2267
34.4936
35.4761
33.3464
34.2124
35.4533
35.5231
35.0609
33.5237
33.8202
33.4030
33.4402
33.6765
35.1334
33.7570
33.5324
33.5243
33.2306
33.1632
33.0736
34.5222
34.8689
34.1835
34.8292
35.8539
35.0589
35.7938
34.5057
35.6057
35.6010
36.1198
34.9776
34.7664
35.9900
33.6693
32.8635
33.9545
32.4533
32.7402
33.9252
33.1353
33.2293
35.8257
35.5138
34.4252
36.1229
36.2836
35.2090
35.4811
35.8837
37.3589
36.0882
36.0715
35.5949
36.1682
36.0176
36.4164
36.3597
36.0397
37.1595
36.8104
37.4709
37.2934
36.9873
35.9474
35.7221
36.4244
36.5255
37.0028
35.2126
35.1372
34.7502
35.3783
34.0576
34.1643
34.4136
34.1108
34.4374
33.7953
33.7969
33.8056
33.7617
33.3652
33.6151
33.3358
33.6425
33.1875
34.7812
34.7195
34.0329
33.5505
33.0419
33.4796
33.9052
33.6251
33.3025
34.1509
34.0412
33.6781
33.4947
32.8888
32.9177
33.9340
34.2245
34.4401
33.6857
34.3647
36.1117
34.9991
34.7345
35.1737
35.2794
35.3109
35.2907
34.8973
34.8496
35.3741
34.9631
35.2002
36.1729
34.1211
35.1491
33.9757
33.7759
33.8938
33.3647
34.6445
33.6777
34.0698
33.1954
34.1668
33.7817
33.6173
33.6941
34.3912
34.8188
33.6945
35.0408
34.7796
33.9352
32.8546
33.3668
32.7655
34.6516
34.4721
35.6266
34.2147
34.9084
34.5581
35.0607
35.0512
35.1808
34.2242
35.1753
35.1435
35.7778
35.5028
35.3799
35.9936
35.0153
36.1096
36.2577
35.5906
36.3082
34.4867
35.2353
35.6449
35.9016
35.5801
35.0898
34.9532
36.0340
35.5210
35.2401
35.3832
35.5770
34.8710
34.3436
34.6474
34.0486
33.5420
34.5484
34.5881
34.5871
35.9267
35.8112
34.1723
34.1525
34.4886
33.9745
35.6579
35.3441
36.6955
36.4362
36.1035
34.9216
34.7020
35.5361
33.8018
32.5552
32.3284
31.5706
31.0346
32.1400
31.6414
33.1433
32.3114
31.4245
31.7394
31.5358
33.6663
33.8407
33.6621
34.6577
34.0645
33.8330
34.8241
33.7851
32.7190
33.8518
33.1432
33.2943
32.5239
32.7590
32.3039
32.6664
32.1655
32.7325
33.1610
34.4874
33.9088
32.6096
33.4347
33.5435
31.9743
32.4516
32.2262
33.2419
33.5021
33.3593
33.2514
33.3708
33.7139
34.2230
33.3219
33.0953
34.9586
34.2402
33.7983
34.7134
34.4839
34.2565
33.5099
34.9720
35.7413
36.3335
35.1383
35.4639
34.9693
34.6865
34.9662
35.2822
35.0396
34.4535
34.8516
33.8044
34.7966
35.6198
35.0844
33.5011
34.0906
32.1811
32.5413
32.9567
34.2516
33.5579
33.0930
33.0583
32.1278
32.3196
32.1829
33.1462
31.6495
32.9221
33.6086
32.5701
34.3396
32.7199
33.0435
33.9685
32.0316
32.0485
31.7310
32.2098
32.0428
32.0310
31.9703
31.2394
32.5853
30.3990
30.5158
32.0889
32.1258
31.4472
30.8621
31.7593
