94.5533
94.5605
92.8022
94.2510
92.9152
92.6823
92.0430
92.2303
94.2692
92.4196
94.5378
93.5886
93.1107
92.6655
91.7617
92.5084
93.2608
94.5213
93.6747
93.3191
95.3823
94.5324
93.4326
94.7674
93.0937
94.5624
92.9357
92.7949
94.9960
96.4905
95.3566
95.3110
97.7225
96.8203
96.5023
98.5570
99.5110
96.9782
99.0336
99.4074
101.8468
102.4908
103.4203
101.1830
101.2338
100.5412
101.6179
102.7359
102.0909
104.5137
104.0175
102.9311
102.9646
101.1968
101.6390
104.1789
103.9852
102.3422
103.3971
102.7012
101.8830
102.5545
104.0460
103.6750
101.9177
99.5260
99.2944
99.2380
99.5284
99.5115
98.7125
101.4219
100.5699
100.5224
99.9313
100.5584
99.6582
99.3175
99.2387
100.8624
100.7557
101.3799
99.6787
100.2206
101.0672
101.5501
102.0384
101.2788
101.8251
100.9400
103.1856
102.5064
102.3778
102.8043
101.1908
100.4191
99.7130
100.2105
101.3935
100.2851
101.1362
103.7832
101.8648
102.1209
102.3299
101.5544
101.0939
100.2785
101.3001
101.2153
100.1220
100.7900
101.7563
100.5081
102.5990
102.7328
102.4057
101.5021
103.8805
102.5438
102.1988
104.2435
102.4105
102.7631
101.3515
102.9662
102.7612
102.6605
100.6580
100.6201
101.0750
100.7323
101.3634
100.5275
99.8357
99.5898
101.1330
102.1271
100.5067
100.3528
100.2699
100.1694
100.2488
100.7413
100.2123
99.8132
101.2486
100.3480
100.9231
101.0206
101.8408
102.8421
100.1760
100.7054
101.5344
101.0296
100.7992
100.8176
101.9106
102.3629
100.9812
101.7018
100.9239
100.0877
100.4010
98.1537
97.2014
99.3147
97.3448
99.0758
97.7129
99.4695
99.2282
99.5554
98.2929
97.6619
99.2676
98.7015
97.9676
99.9571
98.7494
99.8549
100.7417
102.4103
101.2484
101.3368
101.3514
102.1011
102.5092
103.6993
103.6869
104.3795
104.9920
104.0881
102.1544
100.1171
99.8431
99.8216
99.4137
99.9685
99.5220
99.3414
100.8300
100.8077
100.6301
100.0719
97.5988
97.9108
98.9352
98.3002
96.2357
94.3913
95.9904
95.1361
96.6912
94.9223
93.9118
97.9186
97.9663
98.9759
98.1012
96.4827
98.0640
97.4821
97.9411
98.1423
100.5428
99.0992
98.2554
99.9103
98.5822
98.9816
99.7408
97.1803
98.3031
97.7055
97.7924
98.3024
97.7046
99.8980
99.8830
100.9995
100.6591
103.4979
100.6688
100.6357
98.8438
98.1586
98.1567
99.8272
100.0004
99.7132
98.4355
98.4903
98.6857
97.3532
96.8351
97.7584
98.1747
99.3128
97.3079
97.8915
97.9685
98.3901
98.2999
97.0834
98.4698
99.3525
98.8807
99.4286
100.3705
100.5597
100.3237
99.1386
99.3065
101.1625
98.8408
97.9644
101.2274
101.8666
101.8026
100.1819
99.1280
97.5800
96.7736
97.2720
98.5784
98.4378
96.9161
96.9691
96.1993
95.2330
94.9462
94.7347
93.9321
95.3643
94.4855
95.6455
94.7978
96.4021
98.1402
97.5663
97.7211
97.3481
96.1271
96.0564
97.0070
97.8458
96.9084
98.2660
99.3489
98.5249
98.9320
99.0357
100.4647
100.1639
99.2782
97.9307
99.3959
97.7375
99.5565
100.1749
98.5118
98.3081
98.6701
98.9389
101.0182
99.5926
99.2678
100.5900
100.8200
99.7879
97.4832
98.3542
97.4902
98.4017
98.3532
96.9055
96.8379
98.9876
100.5499
97.8823
98.7160
100.3842
100.0293
101.7098
99.5414
100.7256
100.5154
100.0555
100.8545
101.3692
99.5212
99.0050
98.4749
99.1758
97.5606
98.2767
98.7693
99.3647
97.0437
96.2882
97.1058
97.6969
99.9058
100.1053
99.3115
101.2397
100.5723
100.4883
101.4979
99.5648
98.1517
97.7069
98.3964
100.1605
99.7545
98.2297
96.4995
96.6193
98.5217
98.4665
98.2717
97.2500
98.7936
99.4074
97.4965
97.0171
97.2736
97.8471
98.2904
97.1059
95.8491
95.3405
96.3817
98.7807
97.7960
97.5331
97.4288
97.5836
96.2859
96.5850
95.9567
95.2668
95.1639
92.8745
92.7448
91.3064
91.9458
92.2847
94.0351
93.3408
91.9657
93.0475
95.4268
94.9644
94.3690
94.1857
94.6874
93.7528
93.3797
93.5959
93.8791
94.0108
93.5947
94.5673
95.1555
95.8265
95.7521
97.2044
97.2144
98.2949
97.1014
96.9112
97.0805
98.6755
97.3404
96.6592
97.3424
98.3224
95.4872
94.4109
95.2181
92.4475
93.0067
94.0813
92.2296
92.7517
94.4664
96.4548
95.1636
94.7487
94.1609
95.3790
97.1744
95.8744
97.5676
98.4191
98.3835
95.9499
97.1435
96.2282
95.6447
95.2287
93.4751
92.6985
93.5577
92.9580
92.7404
92.6833
93.9142
92.0284
92.8126
93.6519
94.0679
92.7328
92.4962
93.0282
92.7058
93.3276
91.6782
90.0883
92.1004
92.0254
92.5077
91.5824
92.5965
91.9705
93.1598
92.2144
91.4116
92.1810
92.6546
94.3362
92.7556
91.5815
91.4421
92.5326
92.9498
94.1359
93.7307
93.9104
92.9512
94.3061
94.3421
95.3280
96.8152
94.9430
92.8460
94.2184
95.6559
95.3662
93.1465
94.1755
96.1387
97.1969
97.3336
95.4616
95.9199
97.1343
96.1890
97.3271
95.5089
95.2579
94.3143
94.9950
95.1668
93.3414
92.8205
91.0322
91.7562
92.0651
91.8831
91.2418
91.1030
91.8006
91.2179
93.0732
92.0578
94.0504
94.8813
95.1450
95.7696
95.4478
94.9951
95.3910
93.9000
94.6734
95.0812
93.1776
92.4632
92.6709
91.6149
92.2905
92.0904
93.0510
92.8758
93.4675
94.0773
93.1243
92.3177
92.7970
93.0559
92.3359
91.5497
91.7204
91.9776
92.8520
91.6844
91.5797
91.6276
91.0197
91.7903
90.8939
92.4665
91.9472
91.5332
91.5065
88.5753
89.4661
88.4097
88.9978
88.7657
89.5325
88.6202
87.1098
87.8730
87.8552
89.0296
88.5620
90.2340
90.1487
90.4128
89.1482
90.3402
89.5164
89.0618
87.7778
87.2464
87.9979
89.2777
87.8627
88.3529
88.6006
88.2701
90.1506
90.8482
91.1547
90.1984
90.1719
88.7717
90.6657
91.9525
90.1432
92.1685
91.6319
90.7197
89.2765
89.2481
89.1343
89.9695
89.3081
88.0343
88.1906
87.6479
87.4949
88.9644
89.2532
90.9357
90.4104
90.6429
89.9099
90.6599
90.7414
92.2978
92.4510
94.4091
92.1836
91.4630
92.1279
91.1893
92.3548
92.9707
92.4291
90.8874
91.5589
88.9797
91.0065
89.0618
88.6567
88.1981
87.1811
86.8014
86.6047
86.3466
86.9785
86.8292
86.9205
85.8655
86.6423
87.0282
88.0872
85.9043
86.8421
87.5359
88.4857
87.5871
86.9504
88.3905
87.1877
87.5575
86.8984
85.6617
86.9202
87.1967
86.0230
87.8181
88.3986
89.4613
87.0511
88.6734
89.2031
88.9338
86.7211
86.9349
85.1748
85.7572
87.9001
87.7298
85.4153
88.5081
86.7578
89.0930
88.6440
86.8479
87.2336
86.8872
85.4286
85.4375
85.6612
85.2921
85.0549
84.7992
86.1508
84.7315
85.0682
85.2777
84.4993
85.0750
84.8001
83.7813
83.0116
82.7274
82.5347
82.4580
83.3364
83.7541
83.4656
84.4173
85.1108
83.7525
81.6020
82.6024
82.6037
81.5263
82.2462
81.5654
81.2140
81.1472
83.7032
85.1235
83.6888
84.8199
85.2670
86.6012
87.8671
86.5243
85.8528
86.8484
86.3463
85.5921
85.8663
86.8020
85.0189
86.3112
85.0833
85.5291
86.2082
85.4265
85.2988
85.6302
84.4103
82.7465
82.8481
83.6083
84.0988
83.5075
82.7646
83.2111
83.8304
83.1862
83.9517
83.1011
83.1491
82.3146
82.3505
81.4101
81.0495
82.0145
81.9954
83.6673
83.3311
82.9637
83.5982
84.2095
84.5319
83.4345
82.4743
82.8941
82.6844
81.0411
82.1157
81.5394
81.2386
83.1519
82.4332
82.7504
82.3237
83.1789
82.0487
80.5545
81.7350
81.6491
81.7654
82.3887
81.3282
81.4201
80.6428
83.1892
82.8769
81.2690
80.0938
78.7896
77.6993
79.3680
80.1878
81.0527
81.4874
80.7019
80.6249
80.2623
78.9543
79.7390
80.3801
79.8931
82.1683
81.0541
80.3245
80.7989
81.6392
80.2421
80.7027
80.0171
79.8299
80.0754
82.6553
81.8120
82.5091
82.3970
81.7931
80.5361
82.2466
83.1597
81.7683
82.4676
83.4749
83.3858
82.6009
82.9700
81.3631
81.4799
81.2510
81.5151
80.9545
80.5525
79.2345
80.0731
80.3019
82.6572
84.1968
83.9555
81.8969
83.3733
83.0147
82.3482
83.5930
82.0961
83.8919
82.2138
82.6628
82.2583
82.8784
82.2369
81.2713
83.7092
83.9252
83.8987
81.2964
82.7567
82.3460
82.4984
83.1011
81.1767
83.3889
83.8581
82.8191
83.2747
82.3188
80.4424
80.8757
81.8135
81.7231
80.7620
82.1700
83.6227
82.9938
81.4021
81.1561
82.0247
81.0941
80.6629
80.9186
81.4595
81.5007
81.3369
81.4382
81.7545
81.3677
82.0550
82.0225
82.9109
83.5878
82.5226
81.5440
80.9056
81.2657
81.6195
81.9612
80.1650
79.8989
79.3353
78.6319
80.0865
80.1086
81.9179
81.2967
80.6393
82.8213
81.9159
82.2030
84.0262
84.2482
82.8642
81.3163
79.7931
81.8631
81.9241
82.5533
83.4280
83.8038
81.5405
81.8587
82.3773
83.1649
81.9644
82.4571
82.2387
79.4305
81.5779
81.3724
82.8102
81.7449
84.8066
83.3325
84.4619
83.8653
84.4692
85.3502
84.0218
85.6911
85.2731
84.3437
84.9298
85.7444
85.0035
81.8457
84.8844
84.9471
83.2258
83.1233
84.8276
84.2010
83.9402
84.1090
85.4322
84.7338
84.1329
81.9514
83.1956
82.2825
81.4358
81.2262
82.0497
82.4436
82.5733
82.9890
82.3359
81.5305
84.3189
82.8081
83.0842
84.7038
82.5118
83.5721
82.5279
84.5824
82.6712
82.7585
81.9003
82.0138
82.3617
83.4345
82.8727
81.9523
81.7891
82.4744
81.6696
81.6368
81.7068
81.8311
82.0636
82.7673
82.4596
84.4562
82.3463
82.4183
82.1557
78.5244
80.1388
80.9553
81.6033
80.9250
81.8620
82.9191
81.2073
82.9309
82.2193
81.8581
80.6264
82.7223
82.7984
82.2941
81.9362
81.7501
82.0881
81.3262
80.9441
80.7192
82.2312
82.6415
82.6760
82.4558
83.5814
82.2541
82.6269
83.0263
84.1852
83.8305
85.3809
85.3257
83.0436
82.1413
82.5649
83.2220
84.0093
83.1410
81.2268
79.9117
81.9412
81.4518
80.5407
78.9339
80.4275
80.8458
79.0906
80.0106
80.2911
80.1366
79.4106
78.7499
79.4046
79.0970
82.7629
85.1180
82.3470
81.6842
81.9413
80.9676
83.8440
83.0353
82.4211
82.6690
82.1827
83.7545
84.7031
83.6141
83.0396
83.1255
81.6232
81.8986
78.9301
80.1760
80.8656
82.3362
83.0184
82.2819
82.5519
83.3367
84.6416
82.6912
83.7138
84.2023
86.3139
84.4833
83.8364
82.4769
84.3787
83.6784
85.2259
84.7705
84.8462
84.2973
84.4421
82.5321
83.4297
84.2607
83.3330
84.9169
84.7823
83.5565
85.1938
85.4649
83.7687
84.3257
84.9677
86.8994
85.9960
86.2706
85.7855
85.2983
86.2790
85.5944
86.0981
85.8355
85.0298
85.0178
85.2577
85.1009
85.7533
84.9899
85.2482
85.7534
85.8065
83.7458
86.3532
84.9753
84.3738
82.9751
85.7893
84.5795
85.3004
85.4823
86.3934
84.1031
84.0584
85.2835
83.4962
82.9779
83.5409
82.9924
82.5897
83.5847
85.5299
84.6708
83.8056
83.5865
83.8347
83.7957
84.8801
83.4005
82.8895
83.0504
84.0682
83.3261
82.4881
84.6275
84.2588
84.8487
86.3229
85.4359
84.9232
83.8136
83.2541
82.8432
82.9425
85.9285
85.0324
85.4481
85.0745
84.5146
85.3215
84.8592
87.0609
88.4170
88.1416
87.0040
86.6169
88.8352
86.1012
85.9142
85.6358
86.2459
85.2258
86.9865
87.3018
86.5162
86.3140
87.8651
87.6267
88.8347
88.5301
88.2354
89.9076
88.9344
90.1117
87.5825
89.5479
90.2312
89.8700
88.5609
88.5471
87.8719
87.4891
87.6733
87.3930
89.2735
89.8505
89.5317
90.1779
89.1186
85.9072
87.5865
87.4726
85.7901
88.0286
87.2558
88.6650
89.1563
88.2488
87.8747
87.5123
85.8190
87.0870
86.3296
84.1400
87.2359
88.6721
89.2203
89.3582
87.8930
86.9323
86.7962
86.4941
87.2567
86.0537
85.0260
86.9709
86.1293
85.6152
88.6512
88.6864
87.6638
88.3627
86.6196
87.5896
87.0691
90.3377
87.4707
88.1808
86.0597
87.5521
88.6122
87.1091
89.1925
89.0069
87.9707
90.4450
90.0299
90.2244
89.6551
88.6203
88.1802
90.1417
89.5931
89.9630
91.8648
89.8262
92.4927
89.5974
89.7225
90.0154
90.1635
89.5528
90.7567
88.8873
90.8130
89.4687
90.7701
88.8217
89.0109
90.1474
89.9715
91.1635
91.2368
90.4972
90.8084
90.0331
90.9352
90.5968
91.3253
89.5731
91.4055
89.9767
89.1823
88.3776
88.5914
90.8164
90.0100
89.8437
89.3964
89.1711
89.4152
91.0726
91.6803
89.2193
89.4210
88.5732
89.5806
90.3668
88.9030
89.6061
90.5854
89.3452
88.1296
87.7096
89.8750
89.9904
87.5435
89.7682
88.9607
87.9609
87.1505
87.1985
87.6561
87.0517
88.6950
87.3295
87.0582
87.6042
88.4138
89.2507
89.8429
89.0089
88.9216
89.0340
90.0925
89.3154
88.5898
89.1518
89.4926
89.4047
89.7695
90.6202
88.1782
88.9377
88.6252
88.4111
89.1714
88.9431
87.5934
86.4809
87.4510
86.9615
85.9729
88.4642
88.0242
89.1795
88.6826
88.7816
88.2549
86.6718
86.4186
87.6966
87.1776
87.4232
86.0505
86.3048
88.1298
88.2963
89.9082
87.8680
86.5182
86.8475
88.7496
89.7761
88.1253
90.2427
90.0406
90.4088
89.4838
90.5147
91.2389
88.8667
89.5093
90.2758
88.2899
87.3818
87.6455
88.3434
87.2356
87.6602
87.2663
87.4433
88.5214
88.4322
89.0944
87.3714
87.5291
88.5373
86.3651
87.5121
87.4505
88.2271
87.5811
88.4183
89.1282
87.7041
88.5888
87.1315
89.9100
88.6721
89.1850
88.7896
88.5395
88.5084
88.8897
89.8531
90.1202
88.5937
88.7590
88.0038
89.1645
89.7662
90.8890
89.6075
90.3180
89.3657
89.6913
90.2386
90.3021
90.4413
86.9508
88.0353
88.5834
89.1991
88.2420
87.9504
88.1348
89.2877
86.9750
87.4286
87.1863
85.8856
85.5167
85.3849
85.8421
89.1497
89.3239
90.2574
91.4430
91.5664
91.1104
92.1440
89.7363
91.6543
91.4238
90.9017
91.8943
91.6394
90.4679
90.9876
93.1838
92.6760
93.2271
91.9095
92.5687
92.2750
92.3437
92.3055
91.2552
92.8033
91.9195
92.0669
90.4887
91.0812
91.2883
90.9742
89.8676
89.2273
88.5174
89.4506
88.6311
90.5326
88.4649
89.2231
88.8851
88.6919
89.0239
88.3561
87.2087
89.3039
89.0138
88.8663
88.3284
90.3931
90.3553
88.5925
88.7229
89.9079
87.0944
87.0297
88.3370
86.7859
87.2799
86.4801
87.1232
86.3272
85.7154
85.9018
84.7266
85.0575
83.7872
84.0315
82.9259
82.3868
82.7130
81.4694
84.4348
83.8211
85.0646
84.6546
85.8404
88.3488
87.0799
87.6496
87.3725
87.0660
88.4790
88.6744
87.8293
88.1931
85.3432
85.3343
86.7830
86.7574
88.0442
87.7698
88.7154
88.9370
88.8121
89.9547
88.4228
87.1389
87.2725
86.2689
85.9374
85.2980
87.2241
88.0711
88.0826
86.9089
86.6747
87.5698
89.6073
88.8218
88.6821
89.2563
87.2091
87.1246
88.2273
87.2633
88.1981
86.6990
89.3259
87.2807
88.3052
88.4156
88.3144
89.7352
90.2569
89.3592
89.6398
91.2180
89.7184
88.8541
88.5214
87.5915
86.6875
87.6789
87.4873
86.1930
87.5099
86.6494
86.4563
87.0158
85.6842
86.6433
86.3988
83.8010
85.4278
86.3742
86.6106
88.6127
86.5370
89.2095
87.6363
88.2065
88.6883
88.2329
86.0581
86.7664
86.2608
88.2928
87.8974
86.6534
86.5475
87.5924
86.5621
84.9183
87.6915
87.5668
85.1388
86.3317
86.3199
87.1145
86.0381
85.8250
86.1247
86.5306
87.1505
85.8975
86.7595
87.1955
84.7695
86.4986
88.3865
87.7164
88.9889
88.9737
89.1269
89.5913
89.2802
90.2185
89.0329
89.8223
89.6724
88.3449
88.4988
89.3912
87.5918
88.4829
87.5735
87.1886
86.7718
87.8689
87.3499
85.5892
85.4263
85.8009
87.3314
86.2109
86.5652
87.8041
86.3329
86.7777
87.7570
88.4258
88.3184
86.5442
86.7598
87.0310
86.7590
86.8203
87.0967
86.0746
86.5123
86.0031
86.7285
86.4407
85.3340
86.2053
85.5131
87.0849
87.7861
88.1855
88.4115
87.8302
89.1449
89.7894
87.7750
86.5860
88.8998
87.0543
87.7063
89.3105
87.0325
86.4860
87.6254
86.7157
87.5658
89.1032
88.0252
87.5230
87.7661
87.4137
86.6388
87.4137
86.7846
87.0917
86.4100
87.7352
85.6266
85.5818
87.2177
86.2666
87.0358
86.9169
86.8719
88.1264
84.6920
86.3624
85.7327
86.6110
86.3273
85.9415
87.6226
88.1974
89.4141
88.9133
87.3434
88.2030
87.8719
87.1193
87.2207
87.3216
87.5282
86.6051
87.4760
87.7639
88.0539
88.5758
87.6880
87.0748
86.5396
86.3640
84.8779
85.0878
86.0014
86.0919
85.9064
87.2805
87.7613
87.1895
86.9845
88.9146
88.4295
87.6522
85.8887
85.3139
85.6092
87.3836
88.0745
86.8077
86.6239
85.6940
87.0278
86.4831
87.9411
89.0169
89.3207
89.1522
89.1500
91.1840
89.0610
89.3163
88.0250
88.2298
87.1446
87.9132
87.1741
87.3858
86.3180
87.5561
88.2359
88.6883
88.4897
88.6604
87.1998
87.0649
87.8998
88.7667
87.1556
87.1721
85.3020
83.7436
83.5762
83.7368
85.7726
86.0008
87.1735
85.8401
86.1408
88.4759
89.6220
88.2456
88.3062
89.4250
91.0643
89.5361
89.9089
90.3741
90.0130
90.8138
91.3609
91.0129
90.7482
90.1742
90.3690
89.8528
87.7656
89.2441
88.1244
90.7334
89.8528
89.6215
92.6478
92.9580
91.3857
91.9280
91.6489
91.2821
90.2366
92.4756
92.4100
89.6124
92.3951
91.9534
91.7949
91.4342
92.2235
90.9151
91.2518
92.1946
90.3523
91.8169
92.6345
94.4164
94.1357
91.8921
91.9579
92.2582
93.4112
91.5667
90.6629
91.3134
92.6904
90.3251
89.9540
90.9034
89.6539
91.7020
90.0992
90.4481
87.9939
88.5308
90.0201
91.1236
89.5100
88.5819
90.6253
89.0768
88.7261
87.8239
88.7745
88.7811
86.9857
89.6338
89.2878
89.6006
89.1087
88.6164
88.2843
88.6920
88.1143
88.3030
89.3087
88.8099
88.5204
88.6109
89.8904
89.3424
87.8337
86.0702
85.0084
86.8049
87.3742
86.3302
85.3468
85.1755
84.4160
84.2922
82.9441
82.8781
82.6733
82.5347
84.2843
83.4537
83.9868
84.3127
82.5747
84.3223
83.8112
84.7827
84.4769
83.8632
84.8454
85.3243
85.0484
85.6347
86.2384
83.7778
84.5054
83.8806
84.0225
84.4450
84.0045
84.7802
84.2008
84.3957
83.9602
83.2786
83.6851
84.3980
83.4873
82.9187
84.0264
84.1767
82.9501
84.0445
83.8709
82.5852
82.8028
83.1357
84.1978
84.0925
83.5560
83.8529
83.5884
85.8910
85.8499
85.1161
86.3900
85.8000
85.3476
85.6175
86.8024
86.6867
86.6197
85.3543
85.3512
85.1340
84.4220
85.8268
86.6077
86.4237
87.1118
85.5452
85.6284
86.1004
86.8794
85.5693
85.2245
86.2879
85.9424
85.9472
86.0311
84.2221
85.8234
86.4600
86.7157
86.2707
84.6412
84.4358
83.2386
83.0089
85.2782
84.4161
85.0384
85.4278
84.1579
84.4702
84.8713
84.8056
83.9995
82.8369
83.0978
83.4378
84.7846
83.3380
81.2873
80.6793
83.6679
82.0065
82.0154
83.7884
83.4375
83.0884
84.1351
83.6128
83.8227
84.2507
83.6081
85.0498
85.6448
86.3836
84.1786
84.4682
84.6478
85.3786
85.1498
84.7781
83.7054
85.4096
84.9259
84.7079
84.9335
85.1554
84.9388
84.9156
85.8971
86.7565
87.3831
87.2564
87.3618
87.0432
86.9401
87.2224
86.0302
85.2030
83.5181
85.0572
85.6774
86.7272
86.6596
86.3638
85.5777
87.2345
86.1099
87.6745
85.8122
87.3982
87.0223
86.9981
88.2519
88.6171
89.1282
89.6974
89.2222
87.1095
86.4336
88.1974
87.9614
87.3429
88.1550
88.1657
88.4737
90.3340
86.8887
88.9474
90.2240
90.7930
90.4906
89.2131
89.7889
89.2011
86.5496
87.4675
86.3634
87.4281
85.9319
87.0072
85.6635
85.0360
83.9497
85.3123
85.0389
86.0348
86.2256
87.4483
86.8968
87.8136
87.3780
88.2219
88.1400
87.8723
89.0752
85.5557
86.2942
86.4181
85.6446
86.3109
87.0143
86.2077
85.7557
85.5867
85.8291
86.6950
86.5337
85.3195
87.0945
86.5187
88.9381
87.5428
87.8052
87.4177
87.9770
87.3695
88.7311
86.8097
88.1978
89.4053
89.5861
89.6532
89.5560
90.0184
88.3355
87.9818
88.7262
88.4401
87.9417
89.5575
89.5162
93.0184
91.8042
91.5510
93.2069
92.8721
91.7109
91.5443
91.5193
90.6925
92.9200
92.9320
93.6442
93.3322
91.6556
91.9021
90.4295
90.3534
91.6412
90.7545
91.5620
91.0648
90.7492
92.5098
92.5201
91.9550
91.1746
91.8457
91.7395
91.7642
93.6989
93.4961
93.5925
93.1337
91.9204
91.7467
92.9049
91.4031
94.0060
92.3997
94.8651
95.9494
96.1999
96.5128
94.8077
93.0898
94.6435
93.4960
92.5557
94.4578
95.4212
94.8726
94.4122
93.0129
94.6522
96.0352
97.0053
97.0252
96.4106
96.3448
95.1492
94.8527
94.1195
95.4505
94.0694
93.9644
93.4045
93.8337
93.3981
93.4912
93.3607
92.9374
91.5791
92.2238
91.8575
93.8364
92.4484
93.2683
93.0749
91.7675
90.5228
90.9303
91.7926
91.3277
91.9632
90.3791
92.6682
92.8271
92.7729
91.4491
90.3816
90.4346
91.3065
91.0989
91.1019
91.9919
92.1388
91.0085
92.9123
91.0650
90.7777
90.0370
92.1903
92.0576
91.6316
90.5065
90.5773
93.2958
90.4172
91.4789
92.7815
92.2392
92.7068
94.5106
94.5022
93.5672
93.0372
93.1928
91.3443
92.3968
92.2686
91.9361
92.6193
92.0940
91.0375
90.4788
92.8258
90.7415
91.8176
93.6179
92.7462
92.7810
95.3636
95.4005
93.9258
93.6172
94.1757
93.6760
95.4472
95.8812
95.4745
95.6664
94.8567
93.3326
93.6142
93.6055
93.9021
93.2939
93.4753
92.3120
92.0947
92.3356
92.0676
92.2131
91.5359
92.3817
94.1099
92.0839
94.2348
94.7969
93.7644
94.8534
95.9596
94.8537
94.3618
92.5312
93.4290
94.5487
96.7323
95.5608
95.6332
93.9061
95.0100
93.9434
94.7417
94.4072
96.0284
93.6332
93.8514
93.3709
94.5210
93.8894
95.6420
95.6389
96.3828
94.3346
95.3313
96.3831
95.9055
95.9334
96.3098
95.8844
96.0119
94.8119
92.7234
93.9990
92.2794
93.1018
91.5470
92.2616
92.3909
93.3090
93.0153
93.1401
92.1130
92.9403
94.2666
94.3310
97.2529
95.8750
95.4336
96.9558
96.3855
97.1124
95.8299
95.0398
95.6345
97.3321
95.4619
95.9433
96.1853
94.4691
96.2644
95.3241
93.4791
94.5713
93.9244
95.9430
94.9034
95.2248
95.2468
96.0033
96.5377
97.5668
97.0049
94.3153
94.6043
96.2551
95.1513
94.0199
94.3155
95.4397
94.9048
96.0104
96.7583
97.4636
97.4369
98.8391
98.5572
97.3564
97.8356
98.8981
98.1295
97.9762
97.7221
99.2081
100.3137
101.4203
99.1138
96.4994
96.5894
98.5976
98.2253
98.3478
98.7423
98.7413
98.6092
97.5760
99.8623
99.3219
99.2786
99.3239
98.9523
100.3685
100.4130
100.3781
99.8647
99.9011
100.2690
100.5344
99.8519
100.3126
100.7787
99.7760
99.0578
98.9372
98.5977
98.8524
98.7685
97.1409
96.4594
95.9992
96.1093
95.1163
97.6760
96.7497
97.8930
97.0015
95.7062
95.3776
95.3503
93.7940
93.3794
94.1947
94.1022
92.2122
93.7279
93.8688
92.8428
94.6866
93.6131
93.6486
93.7902
94.3417
93.7414
94.0516
94.2717
92.9907
91.2315
90.9445
91.8633
93.0994
93.4885
92.8343
91.4774
88.8786
87.5132
88.0989
89.2057
90.3420
88.7902
89.5121
88.1999
87.2040
88.1190
87.8864
87.4631
87.5476
87.6973
85.8658
87.3402
89.3348
90.1534
89.0573
89.2884
90.9408
90.9224
92.7663
91.8437
90.1103
88.8641
89.1222
89.2613
89.8291
90.4493
90.5514
91.1242
90.2341
90.0100
90.0696
90.6829
91.2082
91.0088
92.0611
89.8979
90.4877
91.0973
91.1959
89.5903
90.2092
90.4153
90.2260
90.7976
92.2319
90.4084
89.8336
91.0929
90.3803
91.1280
90.4555
90.7698
89.6496
89.4383
88.5775
87.5672
90.0487
89.2338
89.6224
89.2219
88.8856
91.4532
92.0447
92.2221
92.6874
89.9373
89.9998
90.4509
89.4150
90.4591
91.7262
91.9590
91.7606
91.5264
91.4599
90.3604
88.7084
89.3789
90.2806
90.5976
90.3435
88.5706
87.9038
90.1166
89.7700
89.9907
90.6748
90.6751
90.7414
89.7738
89.6794
89.1668
89.3397
90.3149
88.6982
87.5401
88.7990
89.1964
90.0707
89.0778
90.9728
92.6766
92.0714
92.6056
93.5348
94.7392
93.4875
94.7498
94.0098
95.0014
94.3428
95.3059
95.3609
95.4383
96.1749
97.1459
98.7609
96.9324
96.4557
97.1606
97.5662
95.8203
96.1313
96.4632
95.2623
95.1552
94.8050
95.3945
94.6234
96.4428
95.3601
94.2451
95.1279
94.8414
95.2100
94.3164
94.1757
94.1752
94.1861
92.5757
91.3066
93.2462
93.0104
93.6970
93.8742
92.0425
91.4792
90.9038
92.1642
92.7175
92.9282
91.9462
92.2000
91.0445
91.5839
93.2288
92.7561
92.4666
91.7542
92.9651
93.3461
94.1864
93.3651
92.7471
93.9637
93.8177
94.9247
93.3690
94.2735
93.0825
93.1611
93.2066
92.7047
92.9986
93.0256
94.7652
91.4431
94.2916
95.6025
95.1606
95.3177
94.6966
95.6301
93.6479
94.0740
94.8739
94.8484
96.0056
96.1761
95.1378
94.0483
93.8819
94.3033
93.9061
93.5631
95.2298
94.7748
93.9697
94.6880
95.9402
95.6988
95.0262
95.2940
96.2691
98.3539
95.1694
96.7534
97.8071
97.8253
95.4503
97.4534
96.2554
97.0903
96.7270
96.7627
96.3617
96.6804
97.1723
95.4480
94.3991
97.2779
96.2363
97.2961
96.2269
96.0848
96.7371
97.1710
96.5924
98.2318
96.6585
96.0073
97.6410
96.4166
97.5840
98.0371
98.5238
97.7455
97.3987
97.6976
98.1213
98.1563
99.6245
99.8524
99.4663
101.6272
100.0695
100.0884
100.0750
98.5810
101.3100
102.0466
101.6902
100.6970
101.5650
102.0850
100.0464
100.6037
99.7953
98.9546
100.3178
99.2804
101.7965
102.2428
100.5600
101.3271
100.7302
99.8941
100.0570
102.1503
101.3606
100.2071
100.0630
101.3707
100.9780
101.3570
99.2061
99.7432
99.7049
100.3626
99.9230
100.4597
101.3521
100.8661
100.7945
98.8027
100.0202
100.2885
98.9761
99.1998
101.8051
101.5681
100.5467
99.2251
98.2082
98.4133
99.4701
98.3914
98.2610
99.2007
98.6788
99.1375
97.2885
98.4041
97.2474
97.7606
95.7669
98.3394
96.4831
95.2557
95.5254
95.9001
97.0049
96.5680
96.4637
94.6258
94.8294
95.1076
94.8634
95.1641
95.2745
96.4802
95.7077
97.9250
95.6110
95.7979
95.7435
95.8296
96.3772
96.6034
97.9395
95.8503
98.5940
97.1605
95.9798
96.4114
96.5528
96.4081
95.4340
95.1603
94.4965
94.2786
95.1324
96.1170
96.1006
96.2239
96.6424
95.3612
95.4382
95.0504
95.5124
94.3217
95.3938
94.4923
95.7705
93.6874
93.8301
95.1069
94.6936
96.8170
96.1463
96.8764
95.8041
95.9395
95.9351
95.8146
96.4727
94.5574
95.7987
95.8542
95.0067
94.1636
93.4169
93.3039
93.5631
93.8746
93.9621
94.0743
93.2214
93.2663
93.6897
94.8839
93.4769
91.7389
93.2067
92.3113
92.5121
92.9174
91.1919
91.7642
91.1349
91.8214
92.4110
92.4757
92.3624
91.3599
90.3417
88.8738
89.7354
92.1085
90.1634
88.6713
88.8172
90.0093
91.6789
91.2889
90.3198
90.1863
90.4554
89.8409
89.2286
90.0962
89.7688
89.9741
89.4194
90.6490
90.5137
90.4845
91.0161
90.3743
89.6371
90.7759
90.1880
90.0674
90.9996
90.6718
90.0287
89.2849
90.4379
88.5028
88.1515
88.5415
88.3434
89.2324
87.4604
87.8905
88.4909
87.6165
88.5659
88.3630
88.4727
87.9036
87.2426
88.0053
89.0772
88.2266
89.6826
90.0119
90.6264
90.0517
89.4096
89.1671
88.9851
89.6699
89.2598
89.0256
89.3536
90.4331
90.0264
89.9750
89.1057
87.6308
87.5910
89.5968
90.7290
90.8447
91.6745
90.9441
90.8427
89.1629
89.7459
91.2856
90.6116
89.4965
90.1059
88.5269
89.0769
88.7521
90.9565
88.8012
90.5538
90.6090
91.5050
90.4735
89.7651
88.8231
89.4991
89.5679
87.7066
88.4184
88.7660
88.9664
88.1656
88.5083
87.7062
87.3907
87.7998
88.7288
86.8322
88.3904
87.6536
87.3246
87.8585
89.8066
89.2249
88.4509
86.7829
89.0551
90.2676
88.8072
90.0918
89.3941
90.7333
89.3482
90.2151
90.2727
89.8321
91.1824
90.7532
89.5692
90.8424
91.2419
89.6053
90.3216
90.1285
90.3637
88.6433
89.7730
88.0618
88.0166
87.5165
87.7334
88.1977
87.8143
89.7835
87.3509
87.6892
85.4528
86.7179
86.4531
88.0838
88.2058
88.8253
88.7428
87.3928
87.8600
87.9871
85.5224
86.4592
86.3322
87.2668
85.4522
85.7356
86.2035
85.9136
85.8842
87.1403
86.6370
88.1722
86.7903
86.0531
86.7389
84.9824
84.8623
84.1064
85.1638
85.9755
87.7725
86.2711
86.5663
88.3756
87.0238
87.7727
87.5410
86.3994
86.9188
86.0271
86.0820
86.6927
87.5467
87.2942
87.6031
87.4938
88.5627
88.7617
88.4427
88.1800
88.8912
88.3769
88.2142
88.7723
88.8031
88.0250
87.8534
88.6186
87.6752
87.7342
88.4690
87.7094
86.9072
88.4215
86.9298
87.2348
87.1142
87.0089
87.5972
88.8161
86.0682
86.6468
85.6448
88.2219
89.3297
88.5849
89.0803
89.3440
89.7080
89.8946
90.1502
92.1103
93.3626
93.3593
93.6720
91.5244
91.6701
91.1361
90.2520
90.7114
91.2468
91.0925
89.5494
89.4602
88.3062
88.9804
89.2371
89.0204
90.1111
90.3685
89.8064
89.8407
90.9782
93.2107
91.6501
91.8492
92.4177
92.4916
92.2506
92.5933
91.0174
90.7442
91.9214
91.1600
92.7071
92.1850
91.2492
90.8049
90.9349
90.5336
88.1287
90.5886
91.2481
90.0754
91.5892
91.6713
91.6275
90.5899
91.7351
91.1233
89.5882
88.4421
89.5438
89.1941
89.8567
90.5592
89.5625
89.5557
89.9935
89.2278
88.3637
89.3123
90.0203
91.0152
90.8355
91.3141
89.2372
90.2004
89.4742
88.3235
88.5820
90.6162
90.4498
89.9194
88.1821
89.8449
89.9362
88.3603
89.2140
88.4752
88.1912
88.9550
90.9297
88.9890
90.0599
90.9371
91.2590
89.3333
91.2784
89.9222
90.6700
90.9747
89.5589
90.8893
90.5993
89.3898
91.3274
92.8290
91.6398
92.3168
91.3409
91.2050
90.2755
91.5041
90.8450
90.5726
90.4879
91.2146
92.2813
92.0066
90.9329
92.5518
92.8424
91.4807
92.3443
93.0989
92.9012
93.8314
93.2309
92.2391
92.2609
90.3624
90.1259
90.2094
90.0600
88.9283
88.4296
88.0791
88.4688
91.5363
90.7679
90.4990
91.2605
90.4793
93.3674
92.0281
92.2395
90.9212
90.8763
91.4797
92.9793
93.6249
92.3269
92.6166
91.2631
91.0002
91.2890
89.6966
87.8007
88.9383
88.6961
88.9421
88.1207
87.2936
89.2639
88.6513
88.8111
90.2342
90.4591
90.6186
89.4069
88.8184
88.9168
90.3837
90.5652
89.7996
90.3081
90.8171
88.7128
90.7736
89.4662
90.1287
90.5773
91.9968
89.9510
89.6572
89.3476
89.3118
89.7574
89.7384
89.2277
88.6581
89.0818
88.5523
87.6209
89.1866
88.9564
87.3211
88.1904
87.3037
89.1236
88.3958
88.5074
88.3664
87.5392
88.8037
88.5406
89.4989
88.9558
88.5295
89.4473
89.2381
90.5561
90.2348
88.7766
89.9055
89.9963
90.1424
88.8092
88.7877
91.5739
92.1304
94.2618
93.4693
94.1001
94.1678
94.2190
93.9811
92.6602
92.1944
91.6037
90.1733
91.5248
90.9414
90.6718
91.3165
90.9775
89.3821
89.3173
90.6362
91.0173
90.8288
90.8048
90.3035
91.1572
90.1429
89.9661
90.1375
90.3136
92.5395
91.8805
92.5236
93.0827
91.2713
92.3898
91.9115
91.5088
93.7826
91.3136
91.2689
92.3579
93.2035
93.0334
92.3138
92.3072
91.6791
90.3110
90.8092
89.1176
90.9826
90.3131
89.4849
89.4752
89.4527
90.3855
89.7578
90.3604
90.0895
88.5803
89.4794
91.6107
93.4202
92.8065
91.1661
90.8213
91.0129
91.8207
92.5440
91.5248
91.3894
90.8901
92.1988
91.8926
92.4015
91.3789
91.0193
90.6391
89.7963
89.9280
90.2319
89.6945
90.2164
90.4326
90.7440
90.8880
88.9810
88.3978
88.2738
87.1460
89.4663
87.8461
90.0545
89.8543
91.3615
91.0943
91.7833
91.9999
91.3976
91.8908
92.0651
90.8656
91.9063
92.2869
92.1813
91.7383
92.3921
91.7888
94.1655
92.1219
91.1804
92.0995
91.3378
91.1834
91.5847
91.5938
92.6095
93.0317
92.5940
93.4833
91.7261
93.6755
93.1251
92.7854
92.9343
90.3202
91.3478
92.2997
92.3609
92.7672
92.7993
91.5331
90.4885
91.7706
93.1589
92.0278
91.9786
91.5544
93.6322
92.1115
92.7302
92.3387
93.6166
91.6038
92.8363
92.9606
94.9287
95.7636
96.2359
94.5838
93.2030
94.0112
94.6467
93.8323
94.6300
94.6438
93.0249
92.1185
94.0338
91.9455
92.8425
92.7475
92.5727
93.7473
93.8957
92.9247
92.4930
92.2344
92.2890
92.4068
91.5574
91.9640
93.3077
91.6524
91.7234
92.8699
92.9463
92.9266
91.4140
92.4550
92.3953
91.2939
91.8369
92.3094
91.7083
91.3388
91.3927
91.6021
92.5067
91.5613
91.9169
90.8941
90.5965
89.1401
89.9647
89.6961
89.0936
90.7841
90.1976
89.8056
89.3987
90.1685
89.5883
89.9850
89.6225
90.1625
89.2488
89.4369
90.7775
91.4860
91.1897
90.8914
89.3674
91.2026
92.0087
91.1839
91.8709
91.1397
88.2128
88.8899
89.4699
90.6569
89.3866
89.2606
87.9934
89.2998
89.3459
90.3385
90.3700
90.2874
90.1577
90.1716
91.9532
91.9029
91.9592
93.9257
90.8278
91.8046
91.4759
92.1811
89.4798
92.0584
92.9966
93.0387
92.2395
93.0638
92.1690
92.5137
92.1009
91.3758
90.2844
89.8039
90.4617
90.3150
91.6623
92.6956
94.0810
92.6043
93.2594
91.4963
91.7500
92.3411
92.5649
92.3924
92.2193
92.2518
94.8191
93.9436
91.2668
92.6496
92.9316
92.4098
92.1382
92.5955
92.2168
93.5869
92.3241
91.3541
90.6585
89.8460
89.8932
91.7139
91.7692
89.0518
88.8360
88.8887
89.9298
89.1951
88.7062
88.4734
88.1690
88.9810
88.5236
88.5552
88.5386
88.5178
89.5320
88.7262
88.1786
86.0752
86.4914
85.7273
86.0970
87.6936
86.9314
86.5003
86.5167
86.4257
87.2056
88.5895
89.2081
88.5127
88.9681
88.9450
87.9852
90.3918
88.3837
89.1337
86.2091
86.4827
87.5261
86.0134
87.6673
88.4842
87.8460
86.5241
85.2646
87.0800
85.9019
86.8291
87.1324
85.1280
85.5162
84.8524
86.4641
85.2271
87.5732
86.8140
86.6676
84.7045
84.6505
85.1142
85.0053
83.9529
84.4800
82.4242
82.7561
84.5709
84.4202
85.6056
85.4429
83.6144
83.6058
84.0557
83.3364
83.6131
82.1806
82.9525
84.1094
82.6163
82.6146
82.0914
81.7467
82.4742
82.4939
83.6099
83.3864
82.4581
81.8300
82.9869
82.1733
82.3608
80.9306
80.6521
80.2933
81.2835
80.1376
80.6636
79.3661
79.8225
81.8018
81.1202
82.0594
80.2756
80.2098
79.7779
78.7097
80.3629
79.2455
80.4148
79.4788
79.7939
80.1433
79.9430
81.4056
80.7305
79.5282
79.1892
78.7754
78.4022
78.4041
78.1056
76.9895
79.6244
80.2031
79.8755
80.7594
80.2815
79.5531
80.1172
78.8047
78.0347
79.1359
79.9048
78.4558
79.5688
81.5931
80.4037
80.7396
79.7084
80.4289
79.9804
80.8368
81.2729
81.4238
81.5631
81.0878
81.8277
81.7751
80.0165
81.9396
81.8026
83.9841
81.9650
81.5558
80.9949
81.3606
83.4795
83.6152
82.8103
83.9805
81.3556
82.7896
83.8465
84.1599
83.1251
83.2028
86.2176
85.2627
84.4381
84.0661
83.7198
83.6383
83.6720
82.9193
82.6919
83.4425
83.1210
79.8520
82.4550
82.8279
83.7247
83.2938
82.6270
82.8843
83.1994
83.0479
82.1744
83.6276
84.0904
84.1787
82.9948
83.3818
81.9978
82.6515
83.2050
83.6493
80.6842
81.4836
81.4716
81.3501
81.2091
82.3146
83.4856
81.5756
81.9415
82.4273
81.0102
81.5873
83.0310
84.1710
83.1725
83.8370
83.0311
83.2082
83.7319
85.1022
83.4969
84.8480
82.9752
83.8074
82.4321
82.6841
81.6759
82.9214
83.1696
84.3181
83.6400
82.7418
80.0652
80.3484
81.1742
81.2249
81.1200
81.7416
82.0766
82.2320
82.1125
80.1190
80.9812
80.8331
80.0743
80.8102
82.1453
81.5959
83.0779
82.0503
82.7505
82.6390
82.9180
82.8249
81.7255
82.5957
84.0252
83.4562
84.0757
83.8062
83.8336
82.8581
83.4496
81.2405
83.5576
82.2111
83.4966
82.9041
82.4537
82.7449
82.4336
83.6819
82.9559
84.1183
83.3676
84.2251
83.0055
83.4276
82.9693
83.3136
82.1780
83.0094
82.1328
84.1349
83.0307
84.3171
85.3820
86.0030
86.5999
86.7208
86.4121
85.0369
84.4763
83.1197
83.4249
84.4761
84.6489
85.0538
84.4185
83.7837
84.3383
83.1839
85.2436
84.0112
85.4845
84.8575
83.9321
84.9876
84.7756
84.8824
83.9737
82.7420
83.9182
83.4726
84.1475
86.4104
87.5405
86.6828
87.5620
86.3313
86.4297
88.6834
87.8140
88.7911
87.7281
88.5949
87.2745
86.7568
87.3714
87.3801
85.8804
86.8573
86.7881
87.6766
86.6292
87.6033
86.2275
86.2575
85.6782
85.3810
85.1038
85.1047
86.1487
87.0904
86.5200
85.2623
83.9483
83.6377
84.7652
85.6472
86.6309
87.3980
88.2356
87.7867
86.9594
88.7389
85.6260
86.3076
86.0536
87.3890
89.1509
87.8553
88.2953
87.7686
87.5314
87.2136
86.5598
87.1680
87.4279
86.7509
86.7169
87.7756
87.4449
87.4662
88.0780
86.6191
87.4852
87.2973
87.3768
88.7035
89.2362
89.3827
87.9819
87.0406
88.1059
88.3429
88.4987
88.9183
89.3355
87.6473
86.2067
87.4935
83.9402
85.9530
84.3238
85.7357
83.7004
85.0440
84.9239
82.1053
83.8618
83.8066
85.0577
85.2730
84.1193
83.1581
83.9555
83.3808
83.3442
82.9828
81.7921
82.1875
81.4902
81.5599
81.7477
80.5000
82.2847
81.2357
82.2872
83.1268
83.1461
83.1716
83.5587
84.4123
84.0491
83.3180
83.1470
83.4390
83.5952
83.4662
84.4406
84.2272
85.4797
83.5112
85.6561
86.6973
87.2104
86.8267
87.3131
86.9817
85.8832
85.7972
86.8123
87.3815
87.2515
88.7828
89.9476
90.2006
90.2663
91.2170
90.8033
90.0216
90.8657
91.2017
90.0489
89.4980
89.0501
87.9427
87.1680
86.6194
88.0216
87.8057
86.9705
85.4970
86.8520
86.7254
87.5523
87.1555
86.9748
85.0440
85.9801
84.4846
86.0017
87.1155
87.5833
86.1223
85.5667
87.2127
86.5919
86.6631
85.6076
85.8324
86.3594
85.9245
87.2134
87.6438
86.6141
87.5979
87.1318
86.7721
88.2433
88.5764
87.9892
89.3943
91.4015
89.3146
88.8212
90.4662
87.9266
86.5156
87.9872
86.7150
87.8995
88.3284
87.6644
89.8002
89.0700
90.2086
89.7983
89.8816
91.0764
92.8609
91.2764
90.3646
89.6170
89.9923
90.2297
91.8968
91.0087
91.5174
91.3499
90.3084
90.5685
87.8176
87.9758
88.5015
87.9684
86.3000
85.1653
85.8261
85.9840
85.4255
87.2720
87.4659
86.9759
88.4371
88.4383
87.6167
88.7752
88.8175
89.0507
91.4040
89.2130
87.8326
89.5253
90.6289
91.7223
91.1196
90.7531
90.6533
89.3545
88.4194
89.3596
89.5371
89.7335
89.0365
89.6427
89.4582
88.3639
88.1037
87.5877
87.8718
88.6819
89.1556
89.2463
90.3616
89.2244
89.7706
88.3766
89.2293
89.2724
89.8763
90.3893
88.9638
89.4705
90.2558
89.4579
90.0234
91.0554
90.1774
91.4822
91.3498
90.4971
88.9284
89.0002
89.0829
89.1562
87.8001
87.1384
88.2621
89.1056
89.6211
88.6024
89.0148
89.3806
88.4484
90.1653
89.9749
89.3325
89.6016
91.0224
92.2108
92.3840
91.2965
91.4542
90.1363
88.8938
89.8668
90.0674
91.0984
91.9770
91.4975
89.2760
92.3606
93.9458
94.2723
94.8498
93.8315
93.7261
94.3219
94.0636
93.2491
95.5249
95.7572
95.5766
95.4067
95.8987
96.0140
94.6937
94.8449
95.4456
96.7898
96.8447
98.2530
96.7970
96.1359
96.3449
98.5799
97.1298
96.5822
98.2686
96.9262
97.8968
96.6744
97.2299
97.9171
98.2148
96.6919
95.5742
96.4269
97.0852
97.4001
97.5510
97.9866
95.9693
96.8434
96.1605
95.5692
96.9569
96.9178
96.2635
97.4506
98.9383
99.9254
99.4045
100.0602
99.6056
97.8909
97.5678
98.6365
98.8157
100.7156
97.5706
98.2889
98.0754
96.3934
96.3195
97.4838
95.8805
94.7566
94.7221
93.7737
96.3395
96.6360
96.2969
97.1621
98.4149
97.9330
99.0725
98.5869
97.7095
97.9203
99.2425
99.5017
101.0818
100.3778
101.0474
98.8358
99.2354
98.4782
97.8622
97.8961
98.1422
98.7720
97.3332
97.8249
98.6578
98.2771
98.8093
98.9946
98.6597
99.9551
100.0254
101.9405
100.7975
99.1913
99.2820
99.3612
98.1487
97.7706
100.4535
101.5582
100.1514
99.4104
99.5557
100.1475
99.0560
99.8621
100.4926
100.8406
99.8446
102.2482
102.4555
103.1728
103.9078
103.2732
101.8073
100.4192
102.1097
100.2748
100.4891
99.2414
97.4940
98.2356
98.6068
98.3686
99.8454
98.8433
101.5113
100.9132
100.3080
100.6947
102.7744
100.0229
100.2936
100.0760
100.5918
99.9353
98.9102
99.6662
99.4569
99.4265
100.0732
100.2806
99.5365
101.1890
98.9383
101.6252
100.2133
101.5998
100.4799
100.3006
97.9420
99.6907
100.2993
100.0880
100.7148
100.2170
100.8387
100.8566
100.3254
99.2531
97.8822
99.2964
100.2614
98.6152
98.5076
98.6489
97.2658
98.5145
98.8249
98.8127
97.6090
97.0618
98.3038
97.6036
98.1711
97.2637
96.4508
97.1896
97.0504
96.4396
94.7923
94.7775
95.5819
94.8488
94.6359
95.2661
95.5580
96.4472
97.4074
94.9834
95.3304
95.6614
96.6918
95.6527
94.5230
93.8940
94.8124
96.0539
95.1957
94.1310
92.9586
92.7901
93.1369
91.4599
91.8934
91.4397
92.0669
92.8570
94.3174
94.9035
94.6106
95.3794
94.8320
93.4311
93.6818
93.7615
93.5385
95.3026
94.7119
94.6421
93.6142
93.0212
93.8737
94.8831
94.4776
95.2390
95.0866
94.2884
96.3316
93.8481
95.5727
93.2296
94.9890
94.1665
94.4385
94.9878
95.5227
94.7210
94.6868
95.5546
93.6709
93.6595
92.8502
92.2705
94.3191
91.9661
92.4223
93.0061
92.2256
92.2990
92.9618
90.6196
90.5748
88.3453
89.5992
89.3038
88.4220
90.0175
90.1674
90.6430
91.4470
91.9774
93.4338
92.6499
93.2940
92.0239
94.4228
92.1130
92.1262
91.7825
94.5286
93.9959
95.2404
95.2392
95.6155
95.1459
94.4157
93.6782
94.5372
95.1446
93.2665
93.2383
93.0986
92.2036
92.4278
94.0390
94.5748
94.7749
94.3663
94.3690
93.9275
92.2335
93.3463
92.7284
93.7238
94.0766
93.3841
94.7668
95.6291
95.5782
96.0126
96.3835
96.8991
98.3141
95.8250
96.6046
97.9709
96.5264
96.3491
94.6148
94.9569
94.5844
94.9203
94.1863
94.9217
95.5455
95.0373
95.1389
94.0635
94.1368
94.7008
93.3288
94.7792
95.2174
96.4411
94.2015
92.7132
93.9314
92.1995
90.8076
91.6583
92.8886
92.9207
93.0392
93.0743
92.9386
92.5301
92.1280
92.5178
92.3485
92.4764
93.6686
92.6901
93.3655
94.6394
94.3696
93.5477
93.1154
94.2026
93.1805
93.9616
92.9900
93.4253
92.3063
92.6099
92.7473
92.5478
92.9360
93.2871
92.9648
92.2733
92.8436
92.7516
91.3922
91.8860
91.1838
93.1251
93.1585
93.9107
94.4441
93.9567
93.7687
93.2538
91.3326
91.2508
92.5604
90.4914
89.8645
91.3277
92.4928
92.5455
91.7108
92.2440
92.0347
92.9549
94.9738
97.1860
96.6880
97.0159
95.5131
94.4555
96.1588
95.4847
94.9453
94.4265
96.2427
95.5557
94.8111
94.8933
95.4218
94.3396
93.9912
92.5091
92.0816
91.2417
91.9709
91.1191
90.7244
92.0106
91.6158
91.8441
91.8195
93.8084
93.9875
92.8931
92.3924
91.5976
92.4109
91.4713
91.7239
90.9338
91.6805
89.8812
90.5418
89.2806
87.7427
88.6388
87.7219
86.8531
86.3770
87.5646
88.4301
89.7197
87.4774
88.0756
88.3562
89.2190
89.4460
88.2399
89.0753
88.4115
86.2160
86.8650
84.1770
85.0237
83.9465
85.5115
85.1843
86.6732
89.0824
88.6519
87.7203
87.1859
88.5696
87.8445
87.3470
87.6203
87.8064
86.0048
87.9996
86.6597
85.0420
85.8440
85.6075
87.6753
86.2938
86.3921
87.6475
86.7955
86.0491
86.7387
86.2504
87.3707
86.6231
86.8072
85.8816
86.6802
86.8036
86.4590
85.4952
87.6758
88.1739
85.5223
87.3429
85.4495
84.6613
83.5515
83.4036
83.2028
83.9815
83.7660
82.0492
85.1776
85.7765
86.0907
85.5670
85.6676
85.4760
86.5987
86.4335
87.4803
86.6837
84.8288
85.2266
87.5055
86.9393
86.5638
85.2243
85.4365
87.1775
86.8121
86.3718
86.8676
87.6125
86.6157
88.8376
88.0943
88.9472
88.4321
88.6189
87.8255
89.4295
89.0208
90.6781
89.9914
88.9810
90.1444
89.6360
89.9347
91.0681
90.7725
91.5665
91.1750
89.9634
89.7351
89.4969
89.4922
89.5100
88.7511
88.7704
89.0886
91.2102
90.9656
91.8762
91.8337
91.7306
92.0994
90.1687
91.0869
89.8482
90.8289
91.1282
90.4264
89.9528
90.0920
91.9089
90.6248
90.8325
91.5016
92.8687
95.1430
93.6798
93.5419
94.0741
93.2547
92.4755
93.2132
92.3509
92.1002
92.3329
93.4960
93.9738
93.7916
92.9385
92.6126
92.2959
93.4578
92.7187
92.8736
94.5843
94.2267
95.8912
95.5183
93.4815
92.7167
93.3332
92.9174
92.1700
92.4213
93.2550
92.6597
92.3403
92.7591
93.2908
93.0609
93.4071
93.5468
95.0588
94.9584
94.0833
93.6317
93.4221
93.7944
92.9215
95.1308
95.8606
95.3235
95.0358
95.3070
96.4056
95.9686
94.9426
94.1399
96.0246
96.4195
96.5329
95.0352
95.3044
94.7803
93.5619
93.3157
94.6913
95.5014
95.7907
95.8203
96.3682
95.0264
95.8826
96.8195
96.0803
95.4030
94.1992
94.4612
94.3107
95.0191
94.1810
94.1750
95.2897
93.8678
94.4648
95.8131
95.7568
95.1431
94.6609
94.0830
92.7079
93.5320
93.9747
94.4513
94.4401
95.1384
94.4127
93.5424
95.4916
94.6211
94.3248
95.0451
92.0611
93.6121
93.2753
93.3548
94.8172
95.3455
94.1023
92.6995
91.9779
92.8861
92.1307
91.0731
92.9649
91.6140
91.8623
92.6363
92.4787
93.6725
94.7863
93.3654
92.4046
91.7769
93.7942
91.1475
92.7162
91.0193
89.4257
90.5723
90.3914
90.6561
89.7007
90.4258
92.0292
92.1842
90.9689
91.8302
92.0363
92.3139
92.6539
92.3071
91.7058
92.9965
93.2259
93.5587
93.1929
93.8958
93.2035
90.7497
91.9494
91.5377
92.3098
91.3437
92.0005
92.4878
92.2810
91.6453
91.0471
91.0768
91.2861
92.4858
91.7102
91.6948
91.6840
91.4059
91.7659
91.1637
92.2213
92.8896
92.1974
92.7619
92.6374
91.9254
92.0859
92.4881
90.9908
90.9619
90.0942
89.6538
90.8666
91.5771
93.7184
93.6541
95.5585
96.3754
96.1899
96.1483
96.1609
95.0031
94.9575
94.5770
94.0708
95.4481
95.3438
93.9454
93.4245
93.9349
94.2415
93.7313
94.3203
94.5489
94.5493
93.9583
94.5070
94.3686
95.0268
94.0276
95.0157
96.0249
95.8400
94.6228
95.4885
93.7519
93.8586
93.9031
93.9170
94.2735
95.9964
94.4114
92.8516
93.1655
93.7731
94.8923
97.6426
97.3948
96.0126
96.5444
94.0617
94.7801
93.9344
94.6482
95.5617
95.7214
93.8102
94.4303
93.2658
92.9156
94.8202
95.7211
94.8411
95.2499
96.5554
95.8984
94.3233
93.8284
94.5118
94.1712
92.5730
93.4918
92.9716
92.0610
92.3763
91.3542
93.8818
92.1491
93.0682
94.7605
93.7015
93.4210
93.7265
