28.9724
29.0998
30.0826
28.5219
29.5377
28.8182
29.1266
28.6424
30.5845
29.2433
30.1349
31.0043
28.8065
29.9146
30.7140
29.8941
27.4777
29.8428
30.0358
29.6597
29.6179
29.3280
29.4966
30.0845
31.1578
30.3434
29.9788
30.8997
29.8634
30.4563
31.1376
30.5840
31.9315
31.2276
30.9471
30.8557
30.5152
30.1432
31.5581
31.7283
31.5606
31.4939
30.9449
30.7571
31.7730
30.8728
31.8886
31.8946
31.3140
30.6335
31.2063
32.2239
31.4109
30.8870
32.3411
30.9161
30.8048
29.5689
31.7560
32.5048
31.2647
31.9798
32.6710
33.3940
33.7722
35.1159
33.0418
34.8337
32.6117
33.4608
33.6489
36.2924
34.6454
35.1274
34.4205
35.1018
34.5765
34.1042
35.2865
34.6153
34.1352
35.6737
34.1505
33.2304
35.3483
36.7371
37.3606
36.5391
36.4112
35.5464
35.7091
34.0229
35.1943
34.7972
35.4806
36.2149
35.3403
37.2482
36.5762
35.6938
35.0395
35.8810
34.8082
34.3611
35.3369
36.9583
38.6183
36.7767
36.7692
36.4789
36.8136
35.2060
37.5092
36.1528
36.6615
36.5880
35.4313
35.6587
34.3912
34.4393
34.8915
33.8768
34.5664
35.2864
35.5940
36.5709
35.8368
35.9316
36.0751
36.1581
36.5267
37.2199
37.4289
37.6566
37.6818
37.7569
37.8831
39.3690
37.8471
37.6142
36.5001
38.5512
37.2136
38.9587
39.2635
37.3324
39.2132
39.2962
40.6469
39.8786
39.4705
38.6500
39.3555
38.3047
38.0169
38.3379
37.6491
37.8616
37.7087
37.5786
37.6077
38.1449
39.1528
38.6830
39.1845
38.9864
37.4341
38.6191
36.8975
37.0512
37.5930
38.5388
37.0228
38.5364
39.2306
39.5982
39.4174
40.4046
40.3637
39.6905
39.3104
39.3424
39.6920
41.2194
39.8809
39.4790
39.4479
41.1173
42.1485
41.1619
41.9873
39.0164
39.2194
39.1587
39.5893
39.6126
39.7884
39.8951
40.2481
41.3339
41.6200
41.8638
40.6411
42.1976
42.0578
42.2112
42.3642
42.7838
42.7069
43.5292
43.3983
41.6572
41.6331
39.1120
39.6896
40.2951
39.8693
39.3012
39.5847
39.6904
39.1831
40.1198
40.1757
39.2939
39.0637
38.6673
38.7298
38.4426
39.5914
39.8885
39.7762
39.6844
38.0714
38.4235
37.8694
38.9907
39.5005
38.2866
37.8906
37.5045
38.2255
38.3879
38.1278
38.7973
38.7227
38.3995
39.0659
39.4331
39.8232
40.0593
40.0075
39.0856
40.2674
38.4777
40.1708
38.7808
39.6105
40.0787
39.7808
40.2190
39.7101
39.4354
39.4487
40.7334
39.1852
38.9400
40.7149
39.3990
37.5532
38.7987
38.5194
38.3028
39.0004
36.5569
38.5278
37.8308
38.2919
38.0275
39.1988
39.1244
39.1664
39.2453
38.2275
39.8173
40.4195
41.1378
40.0791
41.1927
41.3732
40.9842
39.5785
38.0610
39.9464
38.2903
39.0123
39.6265
39.4897
38.8980
38.1246
38.5390
38.2730
39.5004
40.2128
39.5108
39.1505
38.9861
38.9738
38.1266
37.7313
38.9225
38.8337
37.5246
37.6196
36.9952
38.5317
38.7862
38.9365
37.6429
37.3956
38.6306
37.6836
39.1651
37.8084
38.3957
36.6123
37.3757
39.4025
38.1173
38.2986
37.4689
36.7597
36.5873
37.1304
37.3603
35.9438
36.5191
35.8994
35.5997
36.0153
36.3651
34.9101
34.3594
35.4670
35.5803
35.3601
35.0573
35.7890
35.6941
35.0744
35.0301
35.3731
33.7460
34.1311
35.1996
33.0922
35.6372
34.6141
33.8423
32.5039
33.5508
33.0282
32.0458
32.8930
31.9893
33.7993
33.6994
32.7531
32.4759
33.6061
34.0646
34.6610
35.6188
33.4416
34.6923
34.5711
35.1912
34.2621
34.6285
34.8426
34.0602
33.5788
34.7208
34.8765
35.0205
35.2127
35.0479
34.0427
35.4154
35.5359
35.6379
34.5826
36.6619
35.5961
37.0197
37.9537
36.7524
36.1300
37.0689
35.5934
36.1362
35.0330
35.4511
35.6713
36.5808
36.7505
37.9095
35.8815
36.5290
35.9597
37.7266
40.7739
39.9429
39.4422
40.4235
39.7636
41.1701
42.0615
40.4451
40.1982
41.6256
40.6431
40.2348
39.8566
39.7816
39.7696
39.2669
38.9628
39.3816
40.6063
40.0342
39.5915
40.6274
39.4851
40.0873
37.9270
38.3203
38.6287
38.3434
37.5905
38.6178
37.7765
38.0264
36.8922
35.7387
36.7256
36.6185
35.7741
35.7908
33.2204
35.5006
35.2754
34.7961
35.0082
35.1035
35.4319
35.5729
35.9328
36.1982
36.5780
36.2395
36.4338
36.4349
37.6316
36.8772
36.5171
37.4463
38.4358
37.5039
37.2474
38.3767
38.0265
37.6029
37.5247
39.0469
37.1914
37.4432
36.8547
35.9400
35.3041
35.1888
35.9520
34.5128
34.1254
34.3129
35.0077
34.2714
33.3426
33.5103
34.4490
35.1182
33.6081
34.9615
35.0545
34.2724
36.9168
36.1873
35.8879
37.1637
36.8774
38.1305
36.9930
37.1826
36.5292
37.2880
38.3567
36.8925
37.3597
36.5035
37.8843
38.8268
38.4911
37.5070
37.3844
36.4468
36.5180
36.4461
37.2811
38.3397
37.1761
37.3743
37.7168
36.2804
36.3023
36.0441
35.6693
36.5234
36.3928
35.4590
36.0794
38.2998
36.7878
36.0807
36.0225
35.8061
36.5826
35.3994
34.2414
33.8467
33.3200
33.8605
35.3720
34.3624
35.0910
35.0541
35.2893
35.4169
34.5796
33.4100
35.7854
34.1028
34.5873
35.4672
34.6717
35.3250
34.6609
34.9490
34.5724
34.1277
34.8078
35.5575
34.9221
34.8825
36.9102
35.4537
35.5889
35.3266
35.5348
35.3889
35.2897
34.9948
34.1713
33.6355
34.6567
33.5334
34.7566
35.5285
34.6776
34.7588
34.1046
35.8430
35.0934
35.6090
35.4585
34.8432
34.4668
34.9941
34.0628
33.5059
33.5089
34.1525
33.0302
33.1560
32.1604
32.7411
32.5542
32.0646
32.4199
33.4860
32.2712
32.8615
31.6898
32.7582
31.2174
30.4830
31.3361
31.7968
31.3950
30.6276
30.4939
31.4381
31.3951
31.3400
30.8357
31.6845
30.5481
31.4282
31.5698
32.1282
31.5157
31.5630
32.1530
31.3776
31.0946
32.0005
33.1044
33.5282
34.4051
34.6090
33.5589
33.2936
32.9376
32.2907
31.1530
32.0362
33.2313
31.6034
31.5250
30.2047
30.6644
31.6435
29.7971
30.0548
30.6148
29.5089
29.1272
30.4513
30.5667
29.5954
30.4914
29.8073
31.4705
30.1894
30.4859
30.0103
31.7762
32.1891
31.7478
31.2909
32.6571
31.9565
32.6025
31.9894
32.2158
32.8605
33.4633
32.1802
32.0906
32.3611
32.1492
31.3423
33.0538
33.8004
34.7249
33.8848
34.4625
33.7155
34.1449
34.6103
35.2509
33.2658
34.1477
33.2954
33.0734
33.6423
34.6922
34.2246
33.4347
33.4534
32.3234
32.2345
30.1737
31.6584
33.0560
33.1810
31.7772
31.8562
31.4893
31.9351
31.5355
31.6356
31.6692
31.9501
31.1507
32.0882
32.9425
32.5821
33.1515
33.6270
34.8573
33.6778
33.3303
33.5257
32.7363
33.8306
34.7491
34.8199
36.2052
35.9643
37.4546
37.0273
37.5497
35.4553
37.1497
35.3364
36.9101
36.1238
36.8603
37.0483
38.0337
38.7646
39.5327
38.6400
37.4403
38.6616
38.4828
38.2720
38.0794
37.1879
38.7568
36.6454
36.5992
36.7943
36.1988
36.2195
37.9893
36.9240
36.4344
37.2823
37.7897
37.0713
37.0435
37.3987
35.8954
37.0330
37.9193
37.8581
35.6773
36.3558
37.5979
39.3173
37.0026
36.9129
37.3179
36.7830
37.4211
37.5119
36.9222
38.7012
37.3599
38.0942
40.0068
38.0642
37.9825
38.4249
38.6680
39.5759
38.1093
35.8827
37.4607
38.0105
38.0298
37.9838
37.9672
37.5213
36.9565
36.1572
37.0537
37.1062
36.1001
36.4924
36.4824
36.9531
36.6288
36.4180
36.1530
38.3671
39.0352
36.9617
36.5106
37.0614
36.3704
35.6081
35.0069
35.5937
35.2515
35.1994
35.9225
37.2903
34.9385
36.5623
35.6300
35.2772
35.2262
35.1814
35.2890
34.7114
35.4018
33.8441
32.2449
32.2452
32.9629
32.6209
32.2127
32.5980
32.8076
33.0042
34.0240
32.8818
32.5572
32.6121
33.5919
32.6864
33.4256
33.2900
33.6676
34.3859
34.2749
34.9702
34.7958
36.1338
35.8763
34.8462
34.8280
34.5940
35.0881
34.7980
34.8982
35.0599
35.3087
35.6452
36.2758
35.2988
34.5756
35.8995
36.3180
36.6696
36.0117
36.5242
35.6323
35.3527
35.9468
36.3040
35.7220
35.3912
35.3428
33.7370
34.4490
33.7858
34.5006
35.2402
34.5124
34.0700
34.1585
33.5500
32.5902
33.3582
32.5480
31.2144
31.8216
31.2300
30.8888
30.8578
32.3649
32.4576
33.6387
33.8448
34.7722
32.7092
32.1428
32.6939
33.5648
33.4870
34.2298
32.9335
32.3160
32.7392
32.6754
33.1294
32.9170
31.9638
31.4062
31.8766
32.4546
32.3109
33.0770
33.0451
32.3036
32.2296
32.7685
34.4349
34.7161
34.7999
36.1938
34.5968
33.1091
33.3228
33.0736
33.0548
34.4187
33.5405
34.0383
32.7807
33.9723
33.1699
34.2845
34.4620
33.9034
33.2229
34.2604
36.3089
33.6842
34.2067
34.6444
33.6163
32.1679
32.4171
32.7828
33.3540
33.0627
33.0486
33.2425
32.3251
32.9202
33.1601
31.9100
32.3066
33.0119
33.4817
32.5923
34.3053
33.6446
34.2502
33.9364
34.1603
31.9146
32.5454
32.0181
33.1476
31.8632
33.8888
34.0488
32.4047
33.0516
33.0779
34.3784
33.9934
32.3199
32.0534
32.8458
32.2857
32.2310
32.6044
32.2887
32.1894
31.7995
32.8835
33.1553
32.3008
31.4391
31.8418
31.5418
32.2770
32.4020
31.6664
31.6030
31.3855
31.7401
31.6552
31.4305
31.6054
31.0830
31.8877
30.9769
31.8181
30.2853
30.1562
30.0140
30.7968
29.6812
30.2714
30.5566
31.0416
30.5041
30.3757
29.1532
29.9281
30.3458
31.1849
30.8013
32.1060
32.5897
33.5888
33.1861
32.0088
31.5333
32.6329
31.1491
31.3320
31.7808
33.3095
32.9758
34.6800
34.3718
33.6994
32.7263
31.9467
32.1804
32.1710
32.9212
32.0955
31.8760
32.4740
33.0584
32.8002
33.0759
33.4786
32.1069
31.4561
31.0602
30.7578
31.6223
31.9800
31.6324
31.5532
33.6098
31.6630
30.8274
31.8274
30.9221
32.1724
32.4825
32.3367
32.4317
31.3716
31.0972
31.0897
31.6731
31.7297
32.8911
32.0805
33.4652
32.0433
31.3473
31.3582
32.5908
32.8322
32.3406
31.2798
32.1540
31.8728
31.7271
32.4785
32.2699
32.2177
32.5062
33.0713
33.9991
33.6672
33.1344
30.7287
31.5437
31.8126
32.4501
31.9692
30.1025
29.7019
31.8761
30.1207
31.0314
30.7942
31.4355
31.8663
30.7977
32.2179
30.8088
30.1367
31.6603
31.8905
30.7701
29.6547
30.5275
30.6315
31.7975
30.7443
30.8761
30.0939
29.9709
28.9239
29.5738
31.5703
30.5318
31.0183
31.3420
32.1330
30.6696
29.8376
30.5522
29.3414
30.7191
30.1359
28.1330
28.4649
28.1528
28.6365
29.1803
28.0065
29.2231
30.7861
30.8629
29.2950
30.4322
29.7881
30.3490
31.5807
30.3294
31.3068
31.7785
30.7996
31.2857
31.7886
30.8149
30.9903
32.2263
33.6117
32.7454
32.4861
32.1486
33.7672
33.5844
32.6800
32.9275
32.9987
32.6773
32.7547
32.7372
32.8411
33.5234
33.5968
31.7814
31.6733
32.5876
34.4255
33.9203
32.3850
33.4104
33.5482
34.0424
32.9185
31.8400
30.2031
31.8150
30.0566
29.8192
30.1843
32.1714
31.7291
31.0926
29.4810
29.0790
28.6679
29.2960
29.5696
29.9083
29.5380
29.1092
29.2865
29.9028
29.8335
29.0483
29.8204
30.0591
29.2994
29.1699
28.4072
27.9689
28.8004
32.2572
29.3712
28.5011
28.5144
27.9598
26.8400
28.4569
27.4673
26.9713
27.9632
28.5330
28.2529
27.1768
27.6906
28.9849
28.4867
27.9277
27.7712
28.9320
28.2302
29.5341
29.3541
29.1660
29.9679
28.4102
27.6422
28.7857
27.7370
27.8464
28.7552
27.9494
26.6825
27.8175
27.9281
28.7465
28.4164
28.2953
26.6024
28.3466
29.7292
29.8260
29.6573
28.7797
29.1925
29.0043
29.2599
28.9474
28.4492
29.4485
29.4140
29.1317
29.3807
31.9267
31.3185
29.7534
30.2504
30.1934
30.1146
29.6076
28.7082
29.2451
28.9834
29.6947
30.1837
29.5778
29.7186
30.9003
30.8570
29.9831
30.6589
30.5231
29.8357
30.6956
30.1144
29.1992
28.0765
29.2012
29.5311
29.8120
28.5186
28.6529
29.9417
30.9186
30.3683
29.3621
30.4030
30.1434
30.4199
30.3758
28.3227
27.5136
28.1683
27.2962
27.6264
26.6504
27.1649
26.4427
28.3607
27.4708
27.9762
29.2820
27.4499
28.3339
29.4114
27.6498
28.1193
25.8031
27.2665
27.7804
27.4449
27.9513
28.1939
27.6490
27.5806
28.7782
28.6615
27.6158
27.0600
27.8285
26.2872
26.9175
28.5253
28.5419
27.0600
26.6009
26.4217
26.1298
27.7236
26.9947
25.1814
26.8144
25.6543
25.4667
25.0641
27.1797
28.0224
27.6150
26.4717
27.3473
27.8002
28.0774
29.0803
30.2588
27.9779
26.2668
28.3844
27.5158
27.5948
28.4134
29.3249
28.9559
28.9385
29.1414
28.6715
28.8963
29.2749
27.9129
28.7957
28.0174
27.7850
27.7957
27.3673
29.0352
28.7727
28.7846
27.2000
27.8186
27.1741
26.1909
28.8750
27.8437
28.5350
29.4801
27.5889
26.2818
26.3516
25.6163
25.4288
24.7298
25.4613
25.9351
24.8374
26.3023
25.8971
27.0963
28.0249
27.1263
28.0332
27.6662
28.4352
29.0031
27.8744
29.5915
27.9769
27.3041
27.6414
27.0163
27.8042
27.6855
29.1271
28.2507
28.8214
28.1328
27.4864
27.4471
27.0281
27.3515
28.6006
29.5442
28.8208
28.4382
30.6567
29.1649
28.3630
29.4351
28.7301
28.8341
29.8513
30.3463
30.9011
29.9080
30.8458
28.8522
29.7090
29.8647
29.6036
30.5000
31.6786
32.1103
32.2446
31.0549
30.2764
29.9117
28.4862
28.6699
27.7918
28.6699
29.6562
29.2024
28.7038
28.9721
29.9302
28.3123
29.2926
27.6899
27.6565
28.0950
28.8983
29.3322
27.9069
27.5754
28.0888
28.7467
28.9690
27.6564
26.9518
25.8200
25.9762
27.9296
27.8959
27.8752
28.4860
28.4426
29.1235
29.5353
29.2817
28.5607
28.9487
28.4692
30.6099
30.3570
29.9318
30.0461
30.3330
31.2461
30.3807
30.1064
29.5422
28.5580
31.1082
31.3545
29.7543
31.6489
31.2341
31.9913
32.1526
33.0630
31.5958
31.6894
30.1825
29.5796
28.8746
28.7932
30.0771
30.2154
29.2658
30.3943
27.5737
27.2419
27.9975
29.0168
29.5489
30.1238
29.5077
30.4198
30.7161
30.8642
29.0315
30.6024
29.9004
30.2819
30.7162
31.3078
29.3979
30.2569
29.4658
29.8592
29.8221
29.1675
31.2499
31.7085
30.6280
31.9121
31.5408
30.8748
31.8756
33.3317
32.9905
32.2958
33.7772
32.9365
32.4902
34.0476
33.4699
32.8916
33.7931
32.7697
32.0348
32.0512
33.0810
34.5121
33.7419
33.0110
34.0921
33.6032
33.4673
33.0871
32.7202
32.9499
33.4588
33.1074
34.0443
34.2383
34.9269
34.5299
33.5377
34.1630
34.3681
33.2075
34.8774
33.5160
35.3031
35.0429
35.7202
35.8843
33.5892
35.6545
32.9599
35.4115
35.0980
34.6226
33.8831
36.0907
34.5775
34.4229
34.9066
33.8328
32.2815
32.9728
33.3357
33.2351
32.9403
32.8959
33.6411
33.3164
32.6118
33.9748
33.3959
33.7609
34.7664
35.7027
34.4836
33.6979
33.8529
34.3671
35.2821
35.6721
35.4372
34.4036
36.4780
36.7717
34.8395
35.0157
33.4354
34.7292
33.3753
34.2718
33.4424
32.0173
31.4937
30.6365
30.9793
31.2348
30.7343
30.6916
29.1363
29.0201
30.4543
30.4207
29.9245
30.3277
30.0325
28.7232
29.9472
29.5132
29.4711
29.9937
28.9924
31.2971
29.3179
28.3614
30.3654
30.4111
29.6866
29.9941
31.7160
32.1819
31.2794
31.6987
32.9632
33.2755
32.8204
30.6572
31.6293
30.9858
32.1960
31.7678
32.0173
31.8592
33.3394
33.2193
33.6506
32.7740
33.0330
33.1674
32.4237
32.7875
33.7717
31.4707
31.6590
31.6647
32.0085
31.5628
30.7962
31.4554
31.3724
31.0887
29.1877
30.5318
29.9405
29.9226
30.8977
32.3265
30.7922
31.1838
30.9954
31.9555
30.5641
31.1654
31.0230
31.1862
30.5492
29.9562
28.6776
29.1723
28.6269
30.3031
29.4014
27.4006
28.0998
29.6707
30.6339
29.6534
29.3433
29.8152
28.3596
28.5352
28.7917
28.7358
27.8078
28.8328
29.8968
29.9788
29.5669
29.6725
28.8732
29.3497
28.8495
28.3334
28.8236
27.9511
30.6070
30.3515
29.3584
28.0886
30.8061
30.0328
28.6800
29.0603
29.4278
29.2060
29.6734
29.6952
29.4878
29.4123
28.0566
27.4787
26.7479
28.1430
26.7923
26.3335
26.1631
24.4443
25.5386
25.3586
25.2441
25.6735
25.0564
25.7263
25.3978
26.7468
26.9785
26.2681
26.4690
25.3877
25.1253
26.0324
25.6480
25.9643
27.3057
27.3034
28.1773
27.6360
27.5660
27.5135
29.0375
26.6975
28.2328
27.9218
27.5151
25.7859
27.4597
28.7359
27.7265
26.3481
26.7671
28.2708
28.0379
28.6996
30.0371
28.1181
27.0379
27.4782
28.8966
28.1844
27.4240
26.5069
27.0739
27.0185
28.8199
26.9839
27.2220
27.3433
28.5368
27.5725
27.1246
24.8042
25.7896
26.0969
25.1191
25.7253
25.5345
26.0330
26.3458
26.1369
27.7660
27.7829
26.6253
27.4570
26.5369
26.6216
26.0391
25.5771
25.6506
26.1597
24.9859
25.8532
25.5140
25.9075
26.1747
26.8670
26.8276
26.6750
27.0026
25.5141
25.8551
25.0887
26.4640
27.1024
27.0310
26.5340
27.4127
27.3856
27.9032
27.6182
27.3243
27.1586
26.9628
26.5709
25.2038
25.9790
25.6241
26.7482
26.3956
26.6870
26.9590
27.2766
27.6562
27.2636
26.3237
25.4371
26.4426
25.2574
26.5525
26.5879
26.2782
25.1931
26.5596
26.4144
26.6127
27.1114
27.7553
26.9397
28.3687
26.6987
26.5285
25.2679
26.2737
26.2211
28.4011
28.2026
28.4439
28.4335
27.9234
25.8478
26.7807
28.9102
28.6122
28.0084
29.0229
27.7592
27.7299
27.2987
27.5563
27.0299
27.9978
28.0110
27.5693
26.9189
26.9937
26.2021
26.7525
27.0845
26.5184
26.7912
26.3373
27.0936
27.1391
27.6473
28.2727
28.1578
27.8395
29.3392
29.7176
28.8838
30.0728
29.6041
28.3428
29.5949
29.7397
29.7432
29.9956
29.9769
29.8535
29.7906
28.0230
28.4243
28.9509
29.3817
29.8068
29.0876
29.3652
29.6120
29.1046
30.1764
30.5706
30.5395
29.5197
29.4651
29.8479
28.1960
28.9580
28.0060
28.6898
29.3003
28.6647
28.1295
27.3252
26.8851
28.6186
28.3241
28.7175
29.6347
29.0887
28.9970
29.5710
27.6014
27.8247
27.3778
28.3677
28.8882
28.9735
27.8771
28.6954
28.9761
29.4684
28.9156
28.3894
28.1667
29.1560
27.8253
28.3332
28.2955
29.4322
28.3510
30.3788
29.2308
28.7777
29.5166
29.0354
28.9348
29.7235
29.8291
29.7175
29.8530
29.1243
29.6463
29.3105
29.6011
28.5809
28.8018
28.7634
29.3518
28.8833
27.3179
27.3938
26.5863
26.0452
27.2206
28.3297
28.8865
27.1091
28.0059
28.7425
27.2626
26.8501
26.7461
26.0209
27.9716
29.3250
29.1242
29.1021
28.3684
27.5498
28.0986
29.1060
27.9489
27.5518
28.4992
26.8664
28.2708
27.5911
26.9412
27.1853
26.9240
27.2785
28.0902
25.3513
26.4139
27.4247
26.6441
27.1264
27.9298
28.1291
28.4964
28.5163
28.2899
27.6645
28.8293
29.8791
29.0918
29.1063
27.1375
28.0513
26.7715
26.6877
26.6967
26.7522
26.8085
27.8487
27.0251
27.0747
26.9229
26.8002
26.8757
28.1627
29.1086
28.9407
28.8071
28.3730
28.9674
29.2810
29.3013
29.2227
29.2334
28.1598
26.7055
27.3069
28.6435
26.9553
30.3013
29.7926
29.9877
28.5389
28.5906
28.3121
27.9045
27.6272
28.3287
29.0325
29.5068
29.3623
29.2557
28.7258
28.4286
29.0573
27.5755
27.4359
28.3166
26.7950
27.8953
26.7995
27.8075
26.4230
25.9034
25.2618
26.5785
27.6207
27.4049
26.4231
26.7369
27.9646
26.9177
27.2796
26.3838
28.2188
27.1452
27.2998
28.3108
27.6672
27.0346
27.6206
29.5607
29.0965
28.6921
27.9556
28.0312
29.7820
28.8323
29.0328
29.2922
28.8795
29.5253
29.6003
29.3819
29.3697
28.9159
28.2493
28.5423
28.8378
28.2552
28.7043
28.6178
29.2268
29.1733
28.7561
27.0351
27.7392
26.8855
28.3022
26.8078
28.8631
28.4494
29.3135
28.5493
29.5919
29.1958
27.3728
29.2061
27.3251
28.8631
28.5207
29.4754
29.3811
29.5308
29.1526
30.3100
29.2989
31.2456
31.5900
30.0821
30.1840
31.8640
31.6642
31.1423
30.6605
28.7475
29.5799
29.6854
30.3913
30.7162
31.4243
31.5416
32.1078
30.7628
30.3079
30.7908
30.6783
30.6626
31.1786
31.4030
32.1222
31.0703
31.3392
30.4343
31.2493
29.6656
29.8841
28.3674
27.9337
27.4967
29.1213
28.2466
30.9809
29.7412
31.3996
31.4424
31.7007
30.9480
31.5417
30.8363
31.9987
30.6009
29.7010
29.0570
29.6301
28.6516
28.7444
27.0464
27.0315
27.5305
28.1026
28.3349
27.7688
27.5300
27.5776
27.8729
27.8864
29.5844
29.5111
28.2979
29.3078
29.4750
30.3616
30.0061
29.9380
30.7359
29.2052
30.5900
31.0322
30.3637
29.5081
30.5984
29.7422
30.5061
29.6063
30.5755
30.6986
31.2086
29.6795
31.0763
29.8575
29.9009
30.3774
30.5507
30.9012
30.4393
30.6724
29.9846
29.2185
28.6078
29.6284
29.1317
29.9962
29.6895
30.3415
28.7798
29.1166
29.4866
28.4953
26.9407
28.6621
26.7018
27.4248
26.3863
26.4974
26.0410
27.9124
27.7982
26.9049
26.9626
27.4046
27.7252
28.1190
27.9315
27.1741
28.3025
26.4174
27.7406
28.3504
28.0682
26.9533
28.3870
27.6209
28.1068
29.0107
29.9190
28.3519
28.0548
29.2762
29.5361
29.8355
29.8931
28.7603
29.7993
28.3361
28.5332
28.3185
27.8949
28.3299
29.1885
27.5628
28.2829
28.0660
29.0233
28.5142
28.8733
28.5037
29.0231
28.9385
29.1334
30.5345
29.3072
28.5187
29.8088
28.3787
29.4802
28.8456
30.3270
30.0871
29.5512
30.4088
28.6587
28.2491
29.5826
28.9472
28.3211
29.2254
29.4268
29.9393
29.8286
29.6823
30.5303
31.7824
29.8867
28.4630
30.1034
29.6070
30.9790
30.1896
30.9409
29.2313
30.8727
30.6794
31.0704
30.7162
30.5687
30.1898
30.3931
30.1374
31.0809
30.8991
31.3545
30.8624
30.7669
29.7994
29.1707
30.7520
29.7183
30.8707
31.2719
32.2314
31.5691
31.0942
30.3232
30.0618
29.0108
29.5797
29.8609
29.3048
28.5287
29.5164
31.3606
29.4214
29.6318
29.2208
29.9317
29.1434
28.7376
28.5698
28.3972
28.0569
29.2637
29.8841
30.6715
31.6308
31.2419
30.0832
30.4011
30.3316
29.2231
30.5421
29.1260
28.9413
28.9897
28.0674
28.7816
29.5920
29.3503
29.6968
30.0034
28.8238
28.3163
28.1702
27.5757
27.0879
27.1962
27.3559
27.7816
27.7797
28.0337
27.2601
28.4186
28.8594
27.4506
28.3657
28.6015
28.4609
28.2712
28.2514
27.8549
28.0972
28.9923
29.2421
29.3420
28.6009
29.1452
29.7225
29.8116
27.7534
28.0665
28.6452
27.1341
28.8218
28.8311
27.2383
28.7835
29.1565
27.9514
28.2153
28.2193
29.3766
28.0206
27.7397
29.0594
27.9373
29.4169
28.2362
28.2272
28.5113
28.3151
28.4029
26.9069
27.2923
27.0269
27.2875
26.7437
25.3523
26.8836
27.2450
28.8503
28.5476
28.4916
30.4777
30.2854
29.4354
28.8053
29.5736
29.1337
29.3323
28.0095
28.7932
29.7200
29.7047
30.4183
29.4756
29.0535
28.5691
30.2260
29.7400
30.2204
30.8825
31.1212
29.3588
29.3863
28.7679
29.8034
29.4578
29.6435
30.1848
30.5720
28.9718
29.4545
29.6472
29.1740
29.8730
29.4486
30.7068
30.9129
29.9573
28.8315
27.7885
29.4751
28.7206
28.8080
28.5373
28.6460
26.3668
27.0303
28.0300
27.1549
26.7396
28.1615
26.8268
27.2284
27.7559
27.1828
28.2270
29.4370
29.3508
28.8978
30.3618
29.8684
29.6401
30.6650
30.4244
29.4525
29.7439
29.5321
28.8863
29.3650
31.1328
30.0208
31.4659
29.2927
29.3546
28.4274
30.4629
29.9010
29.0969
29.4001
29.3339
30.0781
30.7207
30.8716
32.9940
31.2228
30.5442
30.6103
29.8380
29.9239
29.9774
30.0299
31.1263
30.9419
30.1439
30.4691
29.3056
29.8495
29.6591
29.5359
31.3867
29.2261
29.9820
29.0046
28.2138
29.5936
28.6239
29.2721
29.1367
28.7526
30.4007
28.5864
28.7656
29.4395
28.5474
28.8946
28.4412
29.3611
28.3838
29.4204
29.3326
28.5000
28.5254
29.1107
29.4142
28.6477
29.4408
29.1993
28.8573
29.6958
28.3946
27.6096
28.0065
28.7305
28.8539
29.5671
28.2802
28.9237
27.6942
27.2807
26.4493
26.4637
26.7807
27.2432
27.4062
27.4989
27.4820
27.5311
27.7729
28.5271
28.5728
29.1292
29.1295
27.9050
29.3463
28.7644
28.8039
28.2856
29.5815
29.4901
29.0131
28.3415
26.8969
28.0774
27.2444
27.0982
27.6835
27.6576
28.2212
28.7635
28.9846
28.7308
28.8392
27.9615
27.4619
28.9137
30.1561
29.1136
30.5190
28.8745
28.7369
29.9085
30.3112
30.2934
30.1272
30.0796
31.0200
29.6883
30.6372
30.6703
30.9190
29.6421
29.1309
29.9732
28.8014
30.1456
29.6760
31.4147
30.9815
31.2852
32.0375
29.8795
29.3968
30.5885
28.5563
31.1499
31.1246
29.2452
28.7900
28.9546
29.6349
27.6951
27.6359
26.9636
26.5628
27.1579
27.6661
27.7424
27.0965
28.9495
27.8975
28.2321
28.1434
27.9813
28.1942
27.8173
27.7438
28.1756
26.9580
28.0764
27.1104
28.2408
27.4660
27.8062
27.9238
29.1128
28.5477
27.7552
26.6206
26.9809
27.2651
28.3175
27.5882
27.2456
28.6029
26.9374
28.1762
29.3905
28.3011
28.0807
28.5630
28.0826
27.6976
28.5989
27.0879
26.6915
26.9243
26.5762
26.0994
27.2305
27.6754
27.9015
27.9426
28.1481
27.2239
27.3703
28.8955
29.2572
28.7366
26.8949
26.1774
26.0267
26.4598
27.0840
28.2623
28.0336
29.0229
28.3131
28.6132
28.1752
27.1802
26.7545
27.7372
26.3120
28.5292
28.3569
27.8980
30.0224
28.6732
28.6798
28.3269
27.9776
27.7863
27.5225
27.0136
27.6143
27.4926
27.8963
28.4871
28.0834
27.8536
27.4525
26.5875
28.5191
28.3079
27.6066
27.3857
27.5591
28.4614
28.9883
28.1478
28.0370
27.3047
26.4508
27.4648
28.0723
27.6124
28.1739
27.7989
27.8514
27.3997
28.0141
28.2618
27.2135
27.2173
27.3402
27.1992
27.7296
25.6964
26.8213
27.2399
27.9515
27.1756
26.6723
26.9405
26.3984
25.8427
26.6210
27.0866
28.0518
26.9237
27.5134
27.8488
26.5501
27.7573
27.4133
27.3562
26.3323
25.8192
26.1348
25.3549
24.7405
26.6475
26.1077
26.9695
26.7635
26.1010
26.1658
26.5465
25.8679
25.5611
24.9748
24.7918
24.8852
24.7255
24.4097
24.6131
25.3368
26.5797
27.2997
26.5646
26.9826
25.6546
25.7604
25.8017
25.4803
25.3896
24.7301
26.7566
26.5270
26.7207
26.5268
27.7222
25.8751
25.8801
25.6594
26.3888
27.1777
26.9806
26.8300
26.3024
27.4205
25.0010
25.6157
27.0424
27.4640
26.8055
26.9479
26.5697
27.6043
26.8060
27.2637
27.3336
26.2734
25.9856
25.2353
26.4211
25.8850
26.3910
26.8104
27.3836
26.1847
26.3184
25.9627
26.8802
26.4126
25.9865
26.0379
25.4232
25.2305
25.7855
26.1645
25.5435
25.1302
25.2001
25.5177
26.2880
26.3167
26.2001
25.1377
25.2335
25.0221
25.1133
25.4563
25.2243
25.7829
25.9688
27.0104
26.0948
27.0276
26.5778
26.3537
27.2693
27.9218
27.0307
26.8006
27.1860
26.1937
26.4894
26.0174
26.4815
25.9745
27.8796
27.4166
24.9186
25.8586
26.7794
25.7469
25.3801
25.3523
25.7456
24.7368
27.6823
27.2696
27.5025
27.1028
26.5371
26.7978
27.5660
28.5163
27.7982
27.1313
26.5981
27.2337
27.6739
26.8103
25.9397
25.7102
26.6620
25.9111
26.6201
26.3995
25.4026
25.1333
25.9958
26.4192
26.9056
26.9758
27.5916
27.4572
27.1139
26.5059
27.0424
28.0047
28.3306
27.6841
28.3742
28.3997
29.1625
27.8362
26.2730
27.3949
27.1780
27.2110
27.2307
27.6760
26.7188
26.7377
26.8053
25.4571
25.4745
27.1540
28.0166
28.6824
28.2331
26.2487
27.4134
26.2303
26.8041
25.9849
26.5721
26.3556
26.1179
27.7699
25.9243
25.9813
25.5644
25.1496
24.7427
24.7578
26.7950
26.0563
26.6769
27.0978
27.0484
27.6145
26.1643
26.8530
26.8011
26.0516
26.6362
26.0166
26.2583
26.0007
27.0093
25.0109
26.4919
25.5837
26.5161
27.2323
28.1520
28.9069
27.9194
27.9507
26.0842
26.2320
26.9131
26.4787
27.3790
29.5457
28.7367
27.5790
26.9943
25.7186
25.5192
26.4456
25.0387
24.2477
25.1386
25.1029
25.8211
26.7863
25.9110
25.9155
25.8666
25.2938
24.9990
25.0613
24.1252
24.8695
24.6637
24.0731
24.4861
23.9670
24.2638
22.6420
24.6232
24.0146
23.4207
23.4460
24.5712
24.1037
24.6808
23.4611
25.3187
24.3644
24.3089
24.6468
24.6901
23.7952
24.3456
24.8390
24.4217
24.4817
24.3827
23.7875
23.1557
23.7824
23.6605
23.8509
26.3200
25.0245
25.1927
25.2146
24.7242
24.9806
25.6159
24.7660
25.6462
25.9876
24.7278
24.1735
24.6253
25.3006
25.2202
25.3487
24.8508
24.1818
25.5402
25.1851
24.4377
23.4694
24.4999
24.0871
24.3840
24.0750
22.6599
23.8997
23.3784
24.1395
23.5171
21.3041
23.1544
24.5271
22.8045
22.6477
21.9530
23.0628
23.0431
22.7565
23.4694
23.0991
23.0695
24.3035
24.3531
23.7073
24.8888
25.0112
24.8832
22.6777
23.0149
23.9583
23.8614
23.6492
25.0471
25.3508
24.6393
24.2313
24.0292
23.5554
23.2939
22.9558
22.9424
22.8937
23.4967
23.1702
22.3542
22.6025
22.6220
22.4039
21.9854
22.4903
23.6497
22.6913
23.7941
22.1506
22.2417
22.6292
23.2597
22.8833
23.8169
23.0353
22.3174
22.0592
23.2018
23.7285
23.5725
22.5615
22.3276
21.4003
21.9601
20.6923
20.1857
21.9596
21.9473
23.2106
22.7174
21.9484
22.4672
22.7501
21.3216
22.1814
23.1042
22.3764
23.7777
23.4265
23.5786
24.5023
24.2953
23.5333
24.4763
24.4621
24.3260
24.7325
24.9806
23.6536
24.5743
23.0801
23.8335
23.8687
23.6239
23.2679
23.1230
22.4375
22.6910
25.3425
24.3315
23.8721
22.9597
22.8358
22.0771
21.8819
21.8120
21.5483
21.8050
21.7230
21.5573
21.7199
23.0211
22.1681
22.5468
22.1816
21.0956
22.5247
21.9131
22.3429
22.4717
22.6821
21.4879
21.6363
21.7536
22.0001
22.1936
21.0780
21.5887
22.0700
23.1173
22.4424
21.6649
21.9048
22.2612
21.8653
21.7652
23.0009
22.0796
22.2309
22.4626
22.5673
22.8509
23.5756
23.1242
22.0753
23.6377
23.1611
23.3877
23.5633
23.2264
24.9069
23.7750
25.1109
24.0904
24.3516
24.6714
23.1380
23.5559
24.1382
24.5055
23.7843
23.2446
23.1327
23.7228
24.1873
24.5757
23.5355
23.9467
25.3035
24.6303
24.3898
23.9502
24.4990
23.6504
24.8424
25.6194
25.8827
24.9031
25.6013
25.3272
25.2668
24.0053
24.3214
24.6879
24.1849
24.8194
24.4755
26.6416
24.9030
26.8410
24.4710
24.0095
23.3278
24.0093
24.1407
23.5267
23.3374
24.3976
24.4534
23.2213
24.0530
23.6045
22.2700
21.4581
23.4106
24.4232
23.8232
22.2855
23.6964
23.8179
23.1312
23.6891
23.9336
24.0794
24.7538
23.0622
24.5808
24.6136
23.8977
25.1970
24.6471
24.1154
24.5600
24.8750
24.8490
25.5181
24.0529
24.1043
25.2220
25.2481
24.7661
24.6122
23.5938
25.3095
24.1737
23.0524
23.2439
23.2326
23.8125
23.0932
23.1663
22.8144
23.1287
24.5719
23.3696
23.6162
23.4734
24.2985
25.1592
23.6712
24.7527
24.0876
25.2643
24.5132
23.9020
24.0772
22.7021
24.9466
24.4909
24.5295
24.8414
24.2881
24.4077
22.5432
23.4775
23.7679
23.4499
22.5787
22.9121
22.9335
23.2806
23.0620
23.9081
22.2119
22.5010
22.1584
22.0050
22.4274
22.0540
22.0943
21.8865
21.4208
22.1980
23.6321
24.5800
24.4111
24.1444
23.2546
23.2296
23.2562
22.6341
23.4789
23.5141
24.0654
24.9580
22.5229
22.2898
23.2561
22.8365
22.0123
22.6438
23.7610
22.9512
23.6586
23.7478
24.1575
24.4761
24.7863
24.7697
23.5067
24.5315
24.2275
23.9871
23.5940
24.0795
23.2352
24.1407
23.7859
23.3983
23.2136
23.5289
23.4227
24.2028
24.1130
23.8500
23.7501
24.4185
22.8151
24.8704
23.1640
22.5413
23.7649
23.8192
24.7822
24.7010
24.9911
24.4392
23.2320
24.2589
25.2398
24.6014
24.1826
23.8948
24.7306
24.1920
24.0836
23.6424
23.9433
22.8563
23.1977
22.3491
22.6631
22.8122
22.5226
21.4555
21.0140
21.5185
21.8447
20.9773
19.4906
20.6407
21.0783
21.2393
20.5603
20.5591
20.7160
21.2906
21.5139
22.1618
21.4923
20.8191
19.7094
19.7933
19.9762
20.6916
20.5857
20.2543
21.1975
20.7384
20.5899
20.2392
20.1341
19.6894
20.5021
19.8252
20.3028
19.6550
20.6807
19.7520
19.6153
20.9104
20.3388
20.0561
19.7929
20.4399
18.7164
19.4965
19.8443
20.7652
20.6069
21.2032
21.2674
22.0764
22.0891
22.1417
22.6726
24.5640
24.2444
24.4750
24.5997
23.5562
23.6952
22.6529
23.9744
23.3728
22.4555
23.6118
24.0009
22.7174
22.0377
21.2885
20.7057
21.9743
21.7676
23.3942
21.3238
21.9400
22.7508
22.7436
22.2201
23.1992
24.1323
24.0634
23.9276
24.6632
24.7574
24.6033
23.8769
23.6478
24.5991
24.3371
24.1904
23.4335
24.0136
24.5000
24.1357
23.3152
23.4267
24.4086
23.3484
24.8518
24.5559
24.7341
25.3897
25.8772
26.3557
24.7151
24.6491
23.6711
23.4708
24.3409
23.8170
23.8700
23.9941
23.4086
23.5872
23.4700
24.0523
24.6131
24.4355
24.6557
25.1756
25.7193
25.2349
24.7829
24.6036
24.3684
23.9895
23.3771
23.3404
23.5938
24.1298
24.1905
23.4485
24.0006
25.8259
24.6897
24.1119
23.9809
23.2133
23.6466
23.3445
23.2372
23.2755
23.2474
23.3027
22.9148
22.2136
22.0297
23.3615
23.0518
23.8566
24.4545
23.6928
23.1809
23.7251
23.9796
24.3685
23.4005
24.3730
23.6509
23.4779
23.8858
23.9443
23.0482
22.9777
24.2806
24.4870
24.3672
23.7916
22.4121
23.2376
22.9378
23.3116
22.1939
22.8418
23.0770
23.1916
22.9916
23.0675
22.4851
22.6719
24.1097
22.9050
23.0364
23.5625
22.8462
22.5368
22.4607
22.4665
22.5265
23.1034
22.1979
22.4120
22.7936
22.3602
21.1938
22.6384
21.9741
23.0554
22.2380
22.0826
22.8422
22.1020
22.8171
23.9220
23.1542
23.2576
23.3662
23.3036
23.0867
23.7362
23.7412
23.9054
23.3510
23.8129
23.1801
23.6315
24.0116
24.5510
24.7321
24.1865
22.8267
23.5799
23.1318
23.1388
23.5462
23.9337
24.3209
23.7167
22.7132
23.4671
24.0851
23.5764
23.8162
23.1254
22.5419
23.5468
22.4716
23.4084
23.5904
23.5955
23.5273
23.0236
23.3628
22.9315
24.0934
23.4724
23.0143
24.3464
24.5861
23.6894
23.2480
23.8860
24.9190
23.9242
24.8547
25.0656
24.3679
24.1219
24.9406
25.7081
25.6406
26.1065
24.4119
24.6215
25.1498
24.4819
25.7005
26.3734
26.3741
26.8577
25.6086
25.1070
24.8650
24.0879
23.6564
23.6607
23.5491
24.2559
25.6203
24.3310
25.1500
25.8287
25.7403
25.9183
25.8054
24.3962
25.6509
25.2219
25.1463
25.0090
25.0025
24.9005
25.3272
24.4587
25.9684
24.7755
25.4427
23.8113
25.0872
25.5883
25.6309
26.0320
24.5524
24.7155
24.5084
23.5714
23.1764
23.2312
24.0027
25.6836
25.0909
24.3502
25.4472
23.8945
24.6753
25.6850
26.6966
25.7805
25.3404
25.9867
26.0720
25.6999
24.7960
24.4253
26.0219
24.6390
24.6809
24.8082
24.7484
25.1847
24.9021
25.5089
25.1786
25.3983
26.2890
25.1503
27.8198
26.9807
27.2163
26.0219
25.4678
26.6553
26.4289
27.2837
27.1994
26.7040
25.4106
26.4566
27.2956
27.1154
26.1976
27.0409
27.1442
27.3396
27.9121
25.7738
25.1616
26.3567
27.0604
28.1194
27.5002
27.6383
28.3034
28.4293
29.5813
27.9267
29.2886
30.4646
30.3445
29.5545
30.4621
29.2653
30.4127
30.0249
28.7350
28.8489
29.4636
28.5351
28.8395
30.4125
29.8156
29.1568
29.3481
29.3672
28.1922
28.6395
29.4871
29.1785
28.6680
29.1912
28.6884
28.3371
28.1180
28.4362
28.2826
27.6900
26.9350
26.2493
27.3855
27.2543
25.8724
26.3561
25.7169
26.5349
27.0987
26.6739
26.6577
26.6378
26.7124
26.8515
26.0548
27.7811
27.3189
26.9753
26.4019
26.6123
26.7604
26.4940
25.3092
25.4436
24.3659
25.6056
25.1456
26.6110
27.2400
26.6874
26.7397
27.1289
26.9934
25.8679
27.9984
27.2743
26.5573
26.5011
26.7633
27.9546
28.1354
28.7913
28.6925
27.5275
27.1935
27.6113
26.5540
28.1592
27.6717
26.9793
26.7651
26.4927
26.7088
25.6189
27.6008
27.1677
26.8017
26.2345
25.8490
25.8772
26.6445
26.3780
27.1142
26.2969
26.5388
27.2715
26.0432
25.9021
28.0918
27.7948
29.2012
28.3494
27.6163
28.6344
27.2896
27.5161
26.9748
29.0329
28.8154
29.2389
29.3534
28.6810
28.1756
28.8404
28.4613
29.3449
29.5260
29.3486
30.3206
30.1340
30.4787
29.7102
29.1391
29.1567
28.2571
28.3299
28.8718
27.8338
28.0372
28.4762
27.9073
29.5088
27.8521
28.0371
28.8464
29.4543
28.5973
28.2326
27.7569
29.8780
28.1951
28.1300
29.2402
28.8189
28.9651
29.4939
29.4458
28.7107
28.1789
28.0963
27.6790
28.8839
28.5929
28.1375
28.4646
27.4017
28.1325
27.9289
28.0283
26.9016
29.1438
27.3320
27.5096
28.8402
28.8898
29.1252
30.5596
28.7560
28.4174
27.9295
29.4330
28.5838
28.0758
29.1411
28.5291
29.0688
29.6405
28.5131
28.3519
28.8384
29.6139
29.8435
28.7723
28.9946
28.7319
28.5404
28.8572
27.8611
28.4029
28.9596
28.9956
28.0210
27.5502
28.4393
28.2493
28.0999
28.4844
29.1641
28.5880
29.8253
29.4911
29.2220
28.6756
28.4837
28.5728
29.2615
29.3043
28.7976
28.8163
27.5246
28.9510
28.8291
28.4249
28.1926
29.6601
27.4252
27.6228
26.6809
26.2406
26.4941
26.5047
27.7241
25.4309
26.3821
26.0929
26.8487
26.8951
26.0089
26.6658
25.7005
26.1753
27.2189
26.5587
25.9737
26.1718
26.0073
25.9124
25.7598
24.2929
27.0565
26.6121
26.1678
25.7202
25.8232
26.7488
27.1537
27.2719
26.2813
25.8608
27.4119
26.0820
26.0729
27.6747
27.7738
25.7174
26.6877
27.6033
27.3042
28.0084
28.4778
26.8733
28.7245
28.2654
28.6755
27.9686
27.5620
27.2088
27.5989
27.3946
27.6827
27.0117
26.1344
26.1307
26.1876
27.1906
26.5756
26.5456
26.5210
26.6051
27.3247
27.6986
26.0151
26.1163
26.0663
26.3004
26.2320
26.8525
26.8972
26.2235
26.4236
26.6408
26.4186
25.5452
26.5482
26.6691
27.0460
26.9066
26.7178
27.3296
27.6820
27.7007
27.4173
27.1872
26.1991
25.8354
25.6633
24.9375
26.0432
25.6559
26.4117
26.4451
26.3744
26.4126
25.7310
26.4598
27.3818
26.4325
25.8003
26.0288
26.3985
27.1084
26.6747
25.5380
26.0808
26.8668
26.9575
26.3694
26.0939
26.6040
25.7579
26.1883
26.3629
26.2840
26.5321
27.0107
25.9128
25.6097
25.7143
25.8797
26.5764
25.8903
26.3674
26.2512
26.3780
24.5239
25.0993
24.4808
25.1290
25.2477
25.0732
25.4027
24.6033
25.8413
25.6889
26.7495
25.0676
26.0985
26.1692
24.9266
24.2924
25.0589
24.3485
25.1522
23.4870
23.7419
23.5646
24.5838
24.5839
25.0238
24.7562
24.2756
24.9790
24.2676
24.8810
24.4892
25.4733
25.6814
24.7790
25.1527
23.4039
25.0247
25.6394
25.9027
24.4191
26.3553
25.2789
24.8521
25.9360
26.2068
26.0362
26.0181
25.5014
25.8793
26.5486
26.5683
27.1205
25.9159
26.0647
25.9627
25.3689
26.1684
25.9697
25.7501
26.0865
25.1524
23.7121
25.4861
24.5204
23.6829
25.1922
25.1577
25.1350
24.8927
25.8232
25.1273
25.2484
24.8396
26.0777
27.2522
27.8296
27.2067
27.4790
27.2669
26.7099
25.7790
24.9437
26.7453
25.5559
27.2236
27.0396
25.8760
26.8177
26.4794
26.7299
27.1086
26.7067
27.5714
26.3335
25.9616
25.4455
25.2699
25.5829
25.6060
26.0516
26.3629
24.5206
25.3643
25.4448
25.6854
24.3970
25.2634
24.0472
23.7356
24.8094
25.4336
25.4476
24.9221
25.1036
24.7834
23.8504
25.7817
25.3617
24.2453
25.3653
25.2833
24.3761
25.7050
24.6038
25.6500
24.7854
25.0191
25.1977
25.1399
25.4113
24.3800
25.0002
23.9528
24.6969
24.1378
23.7543
24.2092
23.9769
25.0862
24.4271
24.5848
24.2612
24.8998
23.4122
24.2781
24.8337
24.1471
24.7066
25.5943
23.9287
24.1207
25.3574
25.0769
25.1065
24.5426
23.9534
24.2986
23.6712
25.1965
25.2457
24.1878
24.1682
24.1604
23.7934
24.3769
24.5688
25.6772
25.1644
25.1070
25.8459
24.6316
25.3352
24.7693
25.0299
24.3628
25.7017
25.3637
26.2200
25.8372
25.0716
24.6833
25.2011
24.3437
24.6007
24.9955
24.7487
23.4636
25.5807
26.0412
25.3316
25.3323
26.2099
25.9153
25.2401
25.2874
26.3102
26.3297
24.9123
26.7196
26.5814
26.9972
25.9976
25.3844
25.2415
25.8055
26.5701
25.6499
25.1522
25.8630
23.9479
25.3643
26.2291
25.1223
25.3658
24.6239
25.0565
25.0698
24.5642
26.8344
26.1506
25.8093
25.5807
24.9860
24.5223
25.4745
26.6309
25.6750
24.6243
24.2507
24.4335
24.0788
23.9894
24.8839
24.1410
24.6035
24.1234
24.9038
24.3557
23.1655
24.3226
23.9486
24.5209
24.2618
24.2314
24.3090
24.4595
23.7948
24.4207
24.3860
24.5625
24.6543
24.3979
25.4525
24.6022
24.6442
25.0864
24.3935
25.0323
26.1018
24.4897
24.3212
24.1992
24.2645
25.0095
24.1360
24.6234
24.9974
25.4753
23.9796
23.6195
24.7221
24.2268
24.5777
24.5718
25.3625
25.3665
23.9260
24.1265
24.4212
23.8923
23.9560
24.3299
24.6125
23.8573
25.3846
25.5724
23.9662
24.7749
24.0090
24.3408
24.3619
24.6026
25.4484
24.0737
24.8641
25.3173
24.6041
25.2660
24.9122
25.0824
24.5435
25.1986
25.7103
25.0411
25.3863
24.9439
24.7981
24.9621
26.0443
25.9791
25.6195
26.0270
25.9811
24.5452
25.4767
24.9057
24.9956
25.2774
25.6364
25.0667
24.8478
23.6975
25.0450
24.8893
24.6318
24.9941
25.5444
24.2276
24.7268
24.3639
24.3705
25.4710
24.9136
24.5243
23.3081
24.5002
24.8621
25.8658
24.4071
24.8085
24.8093
24.7221
24.7086
24.2650
23.8244
24.3284
24.1277
24.3691
24.8020
24.3572
24.0134
25.3490
24.5796
25.6474
27.4374
25.5426
26.8801
26.8315
25.3018
27.4639
26.3705
25.8284
26.5804
25.3962
24.7897
25.6153
26.1693
26.5254
25.5327
24.7991
25.5061
25.7676
26.0821
26.9245
27.1450
25.9944
25.5046
25.9024
25.6265
24.6634
23.0449
23.7030
24.8140
25.3039
25.1971
25.5890
24.7726
24.3575
24.6927
24.4417
24.5834
24.3663
24.7236
24.4981
24.6733
24.7517
24.1267
23.1768
24.3744
24.6972
24.8015
24.3589
24.2684
24.3848
23.9245
25.1086
23.4477
23.7086
24.4689
24.2463
24.5118
25.4147
25.1333
25.9512
25.1879
25.3566
25.0873
24.5274
24.5452
25.3508
24.6400
24.9114
25.5895
26.6827
27.0387
25.9750
26.2231
26.9819
26.5144
26.2209
26.3613
26.4267
26.6717
25.4508
24.6130
25.0447
25.4688
24.8753
25.6119
26.6005
26.0440
25.6903
26.8730
26.1352
26.6695
26.6546
26.6405
27.5438
26.8073
26.3694
26.8662
26.2493
25.6582
26.6312
26.4237
25.2858
25.6203
26.5365
27.0760
27.0809
26.6534
27.0333
25.6537
26.2887
25.9276
26.8149
26.8396
25.4892
26.2156
26.0754
26.3200
27.2978
27.6989
26.8182
25.1597
25.7695
25.7456
25.7282
25.4621
25.0436
24.7887
26.4700
25.9572
26.2144
26.8647
26.8975
26.3646
26.1574
26.4454
25.9609
25.7393
26.3823
27.4088
26.2663
26.8523
26.7220
26.3167
26.6464
27.1062
26.9266
28.0688
28.0060
27.6126
27.1070
27.0277
27.5860
26.6961
28.4126
26.9375
26.3035
27.5830
27.6385
29.0710
28.1829
26.5288
27.5082
26.5110
25.5332
25.8463
26.6669
26.5323
25.8280
26.3845
26.8510
26.9055
26.8031
27.2381
25.4652
26.0969
25.8106
25.8668
26.3818
26.3296
25.3961
26.1408
25.6010
25.3643
24.7058
25.3922
27.3920
27.1387
25.9855
24.6238
26.4175
26.9391
27.3791
27.0072
27.1838
27.1984
26.9223
25.7114
26.5928
27.4686
28.9424
27.1224
27.3477
27.1822
26.6543
26.7596
26.8069
25.3692
26.6420
25.3159
25.5307
26.3258
23.9323
24.5879
25.1191
26.3017
26.1718
26.1621
25.2495
24.3884
25.2205
24.6434
23.8863
23.3395
23.5920
23.9977
23.5947
23.6564
24.3519
24.8236
24.6728
24.8785
24.9082
23.8545
25.1864
24.2439
24.1200
23.3846
24.5078
23.5080
23.3765
23.1433
23.9336
23.8413
23.5718
24.4334
23.3108
22.6105
23.3626
24.2547
23.5248
23.8056
24.3328
24.1078
24.4066
24.7229
24.3583
25.4228
26.0691
24.2823
23.7216
23.5823
23.7776
23.5341
24.3726
24.8139
25.6340
24.8861
25.5243
24.3625
23.8308
24.1638
24.9982
24.2994
25.1069
25.5852
25.0258
24.5488
24.2348
23.8657
24.7551
24.8469
24.1766
24.0071
24.6038
25.8754
26.9736
25.8253
26.3504
25.8155
25.2055
26.2325
26.2692
26.4258
26.6610
25.9043
25.5802
24.8418
24.6250
24.3121
24.4806
25.2817
24.6993
25.8542
25.0617
25.6021
26.6974
27.5123
27.1725
27.0223
26.3444
26.4644
26.3665
24.6769
24.9343
26.4202
26.4098
26.4120
25.4373
26.2548
26.2944
26.4836
26.4288
25.3823
25.1753
24.4147
25.2254
25.7335
26.1133
25.8503
26.8975
24.4003
24.9376
25.9375
26.2757
24.8811
24.6547
24.7085
24.4275
25.3260
25.4553
25.1102
25.6701
26.1831
24.3574
25.4313
24.2413
25.7504
24.9077
26.2716
26.0718
26.9723
26.6328
25.8504
24.5440
24.7803
25.1266
24.6636
23.7541
24.7951
23.6193
25.2867
26.4679
25.9094
25.4580
25.8281
25.1338
24.6750
25.0282
25.3492
25.6375
25.0026
25.4816
26.9055
24.5494
25.5213
26.0661
26.3905
25.8922
25.1435
25.1261
26.2536
25.8081
25.2592
25.4863
25.2025
24.5315
25.7778
26.5125
25.6046
27.0739
26.9875
26.8974
26.0847
26.6376
26.2394
26.8401
26.8876
28.3510
27.6767
27.0620
27.8363
26.8063
27.4325
26.4378
26.1089
25.7699
25.6274
26.5540
25.8997
26.0465
25.3184
27.1243
26.1790
28.0861
27.0792
26.2603
26.7965
26.1728
25.3854
26.3638
25.8306
25.7890
26.4885
26.9001
26.8357
26.0942
25.6487
26.0673
24.6989
26.0171
26.1280
24.6643
24.5927
23.7131
25.1561
25.8397
26.1523
26.6685
26.2429
26.9738
26.7510
27.1952
27.4203
27.2276
26.9055
26.4103
26.5659
26.0479
24.0510
25.8071
24.8197
25.6989
24.8002
23.9009
25.3024
25.1050
24.3156
25.1132
23.9803
25.1777
25.8803
25.7285
26.0394
26.5011
26.3393
25.9426
25.2327
24.4899
24.5648
23.8722
25.3451
25.0826
25.6701
26.6463
25.0658
24.8285
25.1877
24.9118
25.0078
23.9731
24.2271
23.5385
24.3604
25.3009
24.0479
23.9936
23.9450
24.6254
23.6460
23.6485
23.9311
23.6428
23.3090
23.3996
22.8539
22.5395
22.6611
20.7832
22.4052
22.3873
23.3789
23.7228
23.7034
24.3214
23.5975
24.1154
23.7814
24.1958
23.5440
23.1680
