2.1511
2.3599
2.2932
2.1736
2.4977
2.0625
2.1434
2.4320
2.3119
2.2762
2.2892
2.4213
2.2951
2.6418
2.5500
2.4335
2.3229
2.4315
2.4230
2.5439
2.4030
2.8201
2.7935
2.5390
2.3054
2.5251
2.5300
2.2007
2.1959
2.4908
2.2479
2.3617
2.3783
2.5413
2.4163
2.3420
2.4034
2.5710
2.5126
2.6132
2.1650
2.4418
2.0243
2.3164
2.2837
2.0091
2.1856
2.3396
2.3472
2.8496
2.2089
2.2233
2.6120
2.1861
2.4389
2.3043
2.3406
2.1744
2.3231
1.8887
2.2705
2.2673
2.1646
2.5539
2.5193
2.3674
2.4953
2.2930
2.3584
2.5788
2.4961
2.2197
1.9784
2.5944
2.9805
2.9782
2.4301
2.1976
2.0692
2.1176
2.1204
2.0874
1.7377
1.4994
2.1683
2.1053
2.2739
1.7245
1.6564
1.4117
1.4954
1.6852
1.4196
1.5530
1.3506
1.4049
1.5085
1.7740
1.8196
1.8345
2.0472
1.3878
1.5982
1.7592
1.4276
1.1910
1.6429
1.7178
1.6748
1.6915
1.8114
1.6449
1.6819
1.3854
1.4783
1.5475
1.3445
0.9023
1.4166
1.1165
1.2485
1.2088
1.1751
1.2817
1.5110
1.6196
1.4605
1.5608
1.3920
1.4859
1.2291
1.1996
1.2430
1.0624
1.2268
1.1442
1.2765
1.2336
1.4986
1.2611
1.3256
1.5392
1.5888
1.5087
1.4826
1.6664
1.5195
1.7256
1.7110
1.6387
1.8946
1.5550
1.8744
1.4591
1.7949
1.7000
1.7300
1.7802
1.9827
2.0364
1.9788
1.9784
1.5782
1.6878
1.7389
1.8832
1.6295
1.5211
1.7125
1.6653
1.6267
1.8133
1.7324
2.1119
2.2653
1.9976
1.8344
1.8181
2.0017
1.8416
1.8618
1.8619
1.9990
2.0826
2.0567
2.4336
2.0726
2.0758
2.2272
2.0760
2.0126
2.0932
1.9319
1.7568
1.9939
2.4098
2.0558
2.2802
2.0207
1.9853
1.9320
1.9511
1.9773
1.8867
2.0225
1.7940
1.7991
2.0989
2.0116
1.7963
1.8504
1.9541
1.6762
1.9660
2.0376
1.9089
1.8413
1.9955
1.9851
2.0806
1.8317
1.8779
2.1261
1.7517
1.8077
1.7123
1.7227
1.8292
1.9743
1.8600
2.1096
2.0970
1.9874
1.9495
2.1015
2.1173
1.8286
1.9391
2.0540
1.7050
1.5925
1.8624
1.8530
1.9305
1.6664
1.9805
1.9700
2.0669
2.0098
1.8680
1.8350
1.7235
1.6081
1.7425
1.6515
1.7577
1.9977
1.8887
1.7085
2.1733
1.9114
1.8587
1.9186
2.1198
1.9770
2.0602
2.0389
2.0526
2.4014
2.3104
2.4416
2.4659
2.1544
2.2673
2.5597
2.0872
2.2431
2.5643
2.1166
2.0251
1.8278
2.0135
1.8845
1.8069
1.9456
1.7550
1.7858
2.0827
1.8481
2.0045
1.7569
2.0444
2.1448
1.7546
2.2148
1.7655
1.8726
2.2378
2.2609
2.1692
2.0508
1.9638
1.6794
1.7499
1.9818
1.8971
2.1153
1.8466
2.0576
1.8727
1.9463
1.7847
1.8148
1.7192
1.6328
1.7687
2.1199
1.7096
1.8014
1.7847
1.7066
1.9329
2.0911
1.7886
1.9955
1.9805
1.5868
1.9094
2.1045
1.8761
1.8239
1.8160
1.9034
2.0941
2.1500
2.3149
2.3671
2.2750
2.4749
2.2454
2.3294
2.3207
1.8251
2.0533
1.8310
2.0764
1.8685
2.0578
2.1160
2.1483
1.9202
1.9553
1.7971
2.1629
2.1098
2.1720
2.0748
2.4109
2.3707
2.1666
1.9870
1.9533
1.9165
2.0603
2.3313
1.8386
1.6741
1.8162
1.8730
1.9950
2.1323
2.2858
1.9823
2.2408
2.0791
1.9829
2.0514
2.1210
2.0853
2.1445
2.0552
1.7892
1.8829
1.8312
1.8020
1.8701
1.9227
1.6250
2.0424
1.8843
2.3584
2.0051
1.8599
1.9964
1.9948
2.0572
1.9152
1.5540
1.7931
1.8188
1.9395
2.0360
1.8182
1.9566
2.1162
2.2393
2.5737
2.4318
2.0185
2.3214
2.3391
2.2696
2.0614
2.3604
2.1326
2.0867
2.1718
1.9427
1.9596
1.8679
2.1751
2.2929
2.3565
2.4762
2.0429
2.0273
2.0920
1.9421
1.8518
1.9672
2.0739
1.8254
1.9390
2.1895
2.1956
1.7842
2.3656
1.7549
2.3227
2.1423
2.0188
1.9456
1.9768
1.9175
1.9421
2.3432
2.1101
2.3108
2.3522
2.3009
2.4209
2.4903
2.3628
2.1842
2.2999
2.2299
2.1732
2.1291
2.2283
2.1645
1.8740
2.2979
1.7807
2.3595
2.1584
2.2826
2.0374
2.0546
1.9729
2.2972
1.8394
1.7391
1.6269
1.7144
2.1894
1.8427
1.8341
1.8276
1.6871
1.7433
1.6618
1.9233
2.0432
2.0632
1.8912
2.0311
1.9114
2.1126
1.9755
2.3444
2.3464
2.3564
2.1821
2.5254
2.5747
2.4690
2.2008
2.2358
2.3640
2.5389
2.1174
2.0951
2.1455
2.4881
2.5149
2.5161
2.5318
2.2517
2.5792
2.7485
2.5549
2.3607
2.2626
2.4071
2.7752
2.3528
2.3833
2.5381
2.7862
3.0505
2.8486
2.6695
2.7038
2.5811
2.7811
2.9090
2.8687
2.8719
2.5444
2.7848
3.1665
2.6493
2.8412
2.6974
2.5105
2.5035
2.8153
3.0011
2.7521
2.6950
2.6239
2.6940
2.6609
2.5764
2.6815
3.0029
2.8950
2.7510
2.6774
2.7152
2.7020
2.7601
2.5715
2.6831
2.5843
2.7109
2.9448
2.4673
2.7755
2.7481
2.6708
2.7138
2.7115
2.5518
2.6304
2.9961
3.1062
2.5716
2.8269
2.8064
2.7686
2.7809
2.4759
2.6705
2.6961
2.8570
2.9166
2.8379
2.8229
2.9450
2.2269
2.2143
2.1845
2.4866
1.9423
2.3775
1.9917
2.3920
2.1654
2.1304
2.4002
2.3031
2.2490
2.3231
2.2133
2.3935
2.2958
2.3792
2.7002
2.6301
2.7517
2.7921
2.3987
2.6021
2.2253
2.7160
2.1935
2.3634
2.3664
2.4412
2.6941
2.4631
2.5282
2.4988
2.5970
2.4130
2.4062
2.8699
3.1110
2.9307
2.9913
2.5267
2.8391
2.9567
2.6506
2.3374
2.6130
2.9809
2.8322
2.9561
2.9322
3.0148
2.9967
2.9280
2.8214
2.9136
2.5582
2.8650
2.7443
2.7882
2.8466
3.1560
2.8528
2.8400
2.5988
2.4051
2.7887
2.7378
2.5824
3.0039
2.2662
2.4747
2.7831
2.9485
2.5802
2.4491
2.6215
2.7499
2.6371
3.0964
2.7916
2.4440
2.4468
2.3926
2.3055
2.1495
2.4366
2.4357
2.5564
2.6433
2.3728
2.2955
2.8005
2.6117
2.6770
2.6897
2.5410
2.7223
3.1170
2.7569
2.6575
2.6678
2.6465
2.6082
2.5929
2.4732
2.8580
2.3831
2.3371
2.3673
2.9067
2.9777
2.4980
2.6788
2.3692
2.6798
2.1372
2.4694
2.7034
2.4364
2.4848
2.6333
2.7445
2.3963
2.0597
2.0361
2.3536
2.3096
2.6457
2.6286
2.7814
2.5015
2.3638
2.6819
2.6969
2.7429
2.1749
2.7406
2.7145
2.8805
2.5430
2.7292
2.9599
2.5592
2.6733
2.8562
2.6462
3.0146
2.4075
2.5053
2.6375
2.7546
3.0201
2.9636
2.8255
2.9746
2.6090
2.5993
2.6332
2.8416
3.0362
2.7021
2.6950
2.8656
2.8316
2.4471
2.7250
2.7035
2.5452
2.9336
2.5112
2.4525
2.6251
2.9178
2.7189
2.6447
2.7732
3.0732
2.8666
3.0044
2.9300
2.9941
2.7058
2.8383
2.4922
2.7367
2.7399
2.7086
2.6881
2.7920
2.7165
2.5968
2.4536
2.7051
2.4867
2.4247
2.4229
2.0571
2.6891
2.2903
2.6991
2.3185
2.5476
2.2212
2.2710
2.5766
2.5148
2.3946
2.3603
2.5528
2.6346
2.6242
2.4186
2.6128
2.3997
2.7068
2.0578
2.2247
2.6203
2.1350
2.4026
2.6053
2.2563
3.0436
2.3945
2.4965
2.3651
2.4454
2.1580
2.2173
2.3123
2.1951
2.1919
2.3661
2.5531
2.6043
2.5615
2.3839
2.1680
2.6301
2.0623
2.2138
1.7893
1.9988
1.5464
1.7689
1.9562
2.2288
2.0681
2.1960
2.2410
2.0622
1.9871
2.0553
2.4201
1.8581
2.1158
2.3000
1.6840
1.5167
1.2807
1.4524
1.3971
1.0242
1.3826
1.4774
1.2036
1.5625
1.2243
1.6728
1.8013
2.1771
2.4192
3.0367
2.3270
2.0011
1.4944
1.5205
1.6873
1.5690
1.5144
1.2865
1.2818
1.1266
1.2599
1.4796
1.6397
2.0527
1.4702
2.1032
2.3308
2.0021
2.1307
2.4199
2.1020
1.9961
2.0225
1.7797
2.2015
1.9269
2.0778
2.3684
2.1529
2.2147
2.2397
2.1676
1.7981
1.8529
1.5785
1.8481
2.0625
1.9545
2.2358
2.3573
1.9673
1.6591
2.0615
1.8503
2.0090
1.7305
1.9651
1.9738
2.0468
2.0816
1.9385
1.8308
1.8793
2.0204
1.7187
1.9161
1.7771
1.8506
1.8214
2.2255
1.9604
2.2241
1.9796
1.8106
2.1499
2.4249
2.5091
2.0196
1.9439
2.0996
1.8908
1.9127
1.9087
2.0326
2.1516
1.9472
2.0614
2.1256
2.2935
1.9625
2.2386
1.9720
2.1521
2.1684
2.0286
1.7740
2.1074
1.7376
2.1230
2.1503
1.9867
1.9691
1.9402
1.7875
1.8333
1.7273
2.0675
2.2275
2.4318
2.1763
2.4842
2.4846
2.0292
2.1551
2.0430
1.7899
2.0832
2.1785
2.2752
1.8416
2.2535
2.1113
1.9398
1.9665
1.9456
1.7094
2.2822
2.4144
1.7804
2.0134
1.8731
2.2441
1.9885
1.7851
1.8460
2.0941
2.2884
2.3426
2.3270
2.3296
2.2898
2.4623
2.2712
2.3734
2.2208
2.1766
2.0278
1.6990
2.0851
2.0620
1.7211
2.0952
1.8097
1.8925
1.4114
1.6043
1.8733
2.0275
1.5500
1.8786
1.8105
1.8825
2.3381
1.8451
1.9856
2.0966
1.6926
2.1757
2.2516
1.9309
1.9996
2.2776
2.0728
2.2920
2.1226
2.1213
2.1059
2.2005
2.2478
2.3950
2.4215
2.2155
2.1079
2.3426
2.1770
2.1219
2.0959
2.2290
2.4542
2.1911
2.4974
2.2673
2.2498
2.0154
2.1476
2.2239
2.2286
2.2062
2.3329
2.2596
2.1541
2.0903
2.2099
2.2887
1.9679
1.9995
2.0806
2.0166
1.9873
2.1218
2.1230
2.1434
2.2714
1.9014
1.8852
1.9391
2.1277
2.0048
2.0427
2.1458
2.2745
1.9030
2.1481
2.0943
2.0753
2.1781
2.1713
2.2070
2.0366
2.1292
2.2432
2.1328
2.5400
2.1062
2.0955
1.9593
2.0687
1.8992
2.1685
1.9855
1.9969
2.1062
1.8488
1.8943
1.9034
1.4953
1.5860
1.6760
1.8549
1.5891
1.7947
1.7527
1.6695
1.6548
1.6820
1.6433
1.6720
1.5246
1.6927
2.3864
1.9500
2.0791
1.5563
1.9113
1.5586
1.6544
1.8129
1.4437
1.4125
1.3108
1.1010
1.5166
1.2613
1.5250
1.4415
1.5989
1.6429
1.6706
1.7952
1.4601
1.5905
1.5419
1.7160
1.7784
1.7041
1.7159
1.9131
2.3112
2.0152
2.1497
1.9043
2.0684
1.9844
1.9892
1.7229
1.6505
1.3749
1.8401
2.0582
1.9645
1.8853
1.8881
2.2195
2.1497
2.1206
2.0547
2.0286
1.9918
1.5588
1.9587
2.1407
2.0842
2.0275
2.0682
1.7675
1.9301
2.2566
2.6102
2.3260
2.2376
2.3414
2.3400
2.5501
2.4517
2.0730
2.4083
2.3361
2.0130
2.3700
2.2376
2.3257
2.3678
2.3405
2.3571
2.2770
2.4425
2.3358
2.2374
2.3141
2.1641
2.6867
2.2899
2.4815
2.2203
2.3553
2.3469
2.3403
2.1687
2.3715
2.5246
2.5578
2.3343
2.3656
2.4656
2.1793
2.3711
2.1645
2.3530
2.1688
2.3487
2.4933
2.3323
2.6171
2.3108
2.4214
1.6998
2.2184
2.2688
2.2879
2.1668
2.0994
2.1869
1.9551
2.0930
2.1290
2.3155
2.4998
2.3549
2.2048
2.2329
2.2394
2.6467
2.3376
2.1301
2.3772
2.0677
2.4107
2.3012
2.0701
2.3748
2.2126
2.3996
2.5514
2.3362
2.2554
2.3700
2.3807
2.5752
2.5123
2.6286
2.5971
2.6350
2.3880
2.4959
2.6213
2.5098
2.2622
2.2568
2.3009
2.3403
2.2345
2.1398
2.3557
2.2070
2.3447
2.5702
2.5226
2.4495
2.2959
2.3070
2.8675
2.9496
2.6508
2.4309
2.6294
2.3882
2.3686
2.7666
2.8133
2.8389
2.7021
2.7791
2.5978
2.3433
2.9487
2.8250
3.0887
2.8521
2.7118
2.7866
2.6899
2.6404
2.5694
2.1846
1.9639
2.2270
2.2144
2.6155
2.4354
2.2349
2.1081
1.8706
2.0099
1.9210
1.8599
2.2371
1.9339
2.2759
2.5264
2.3264
2.3504
2.2609
2.2422
2.2335
2.4714
2.3769
2.3745
2.4500
2.1491
2.3243
2.2572
2.2005
2.2310
2.1377
1.8237
1.9554
2.1162
2.3553
2.3570
2.2362
2.1724
2.4685
2.5708
2.4663
2.2503
2.2914
2.3753
2.3726
2.4535
2.9103
2.4876
2.4328
2.4209
2.3831
2.3134
2.3390
1.9757
2.0626
2.2184
2.0378
2.1640
2.1680
2.4931
2.1771
2.5527
2.3746
2.3639
2.4809
2.3188
2.1246
2.3424
2.4879
2.2565
2.2858
2.4814
2.3321
2.4388
2.2773
2.0972
2.4276
2.4286
2.2005
2.0050
2.2144
2.0850
2.2157
2.2259
2.2793
2.1248
2.2267
2.1320
2.2477
2.0474
2.1339
2.1778
1.9371
2.2036
2.1588
2.0071
2.0945
1.7943
2.1547
2.1011
2.1503
2.0652
2.3299
2.2865
2.2575
2.2420
2.2409
2.2454
2.4315
2.5133
2.1913
2.2693
2.3462
2.3134
2.6597
2.3767
2.4042
2.5382
2.5340
2.3980
2.4488
2.3161
2.6430
2.5749
2.4993
2.7307
2.7642
2.5347
2.7702
2.3047
2.0458
2.3384
2.5784
2.6103
2.7916
2.9297
2.5639
2.5736
2.2810
2.4592
2.5148
2.5407
2.7293
2.3201
2.3568
2.2902
2.2684
2.3801
2.1155
2.2563
2.0144
2.4908
2.1278
2.1755
2.2497
2.3794
2.3130
2.4086
2.3137
2.4622
2.2353
2.5624
2.4089
2.0846
2.2047
2.0425
2.2861
2.2934
2.2315
2.1937
2.1844
2.5380
2.7045
2.2954
2.4623
2.2964
2.4030
2.5085
2.4125
2.3058
2.4091
2.2858
2.4020
2.5111
2.4619
2.6075
2.2936
2.7525
2.2707
2.1973
2.2628
2.4811
2.5349
2.3827
2.6287
2.3679
2.3850
2.2701
2.4289
2.4893
2.3063
2.2994
2.3768
2.3482
2.5966
2.2419
2.2981
2.0229
2.1614
2.2680
2.2173
2.3144
2.3946
2.1297
2.3446
2.3585
2.3712
2.5473
2.6876
2.6221
2.6972
2.2207
2.4841
2.3440
2.3168
2.6509
2.4883
3.0015
2.6295
2.3786
2.9388
2.6094
2.6044
2.5150
2.5940
2.7199
2.7307
2.6637
2.9681
2.5114
2.4142
2.4047
2.2233
2.3775
2.3112
2.2954
2.2683
2.3105
2.6142
2.3546
2.2610
2.1461
2.6241
2.4431
2.3775
2.6385
2.1213
2.3845
2.0406
2.3081
2.3116
2.4004
2.4149
2.3606
2.4919
2.3438
2.2843
2.1492
2.1987
2.1403
2.2611
2.2317
2.5213
2.2209
2.3025
2.1409
2.0112
2.2585
2.2161
2.4356
2.7148
2.5441
2.5252
2.3870
2.4264
2.5562
2.5442
2.6509
2.5060
2.3377
2.1349
2.1459
2.1322
2.1368
2.1266
2.0980
2.0341
2.0998
2.3074
2.1306
2.6274
2.4797
2.3525
2.0715
2.5688
2.4401
2.3909
2.3905
2.2252
2.1745
2.2922
2.1401
2.0705
2.1410
2.2821
1.9914
2.1573
2.2829
2.3033
2.0670
2.0750
2.3270
2.3371
2.5143
2.2279
2.1544
2.1832
2.0723
2.1930
2.0861
2.2837
2.1879
2.2371
2.1068
2.1933
2.3259
2.4395
2.0143
2.1848
2.3621
2.3259
2.1235
2.2990
2.2464
2.0348
2.4518
2.5363
2.4227
2.2383
2.3537
2.5905
2.4589
2.3614
2.2699
2.4667
2.7471
2.5999
2.4334
2.4249
2.4089
2.4323
2.5962
2.5003
2.4505
2.5298
2.4076
2.3255
2.2591
2.3463
2.5002
2.2925
2.3906
2.1750
2.2615
2.3262
2.8002
2.2278
2.4966
2.5551
2.3624
2.3749
2.2947
2.4027
2.3548
2.6839
2.6215
2.9171
2.7124
2.7322
2.3964
2.6537
2.4935
2.4937
2.6164
2.4260
2.8018
2.3049
2.2231
2.1953
2.3977
2.2607
2.2396
2.3512
2.2185
2.5802
2.4148
1.9844
2.2854
2.6180
2.4201
2.4623
2.7724
2.4053
2.6815
2.5237
2.6751
2.6743
2.6251
2.3457
2.3705
2.6322
2.5402
2.4749
2.3045
2.2891
2.2604
2.8401
2.4537
2.5026
2.5716
2.5708
2.6067
2.7408
2.9324
2.4038
2.5090
2.5547
2.7681
2.6685
2.5925
2.6948
2.2873
2.5524
2.2213
2.6126
2.5554
2.4090
2.1997
2.3186
1.9274
1.7899
2.2668
2.3456
1.9615
1.9486
1.9953
2.2543
1.8898
2.1794
2.2746
2.0795
2.0916
2.1553
2.1518
2.3829
1.9423
2.4117
2.2851
2.3983
2.1459
2.2662
2.2247
2.4439
2.4851
2.0619
2.0967
1.9770
2.3352
2.4431
2.2921
2.2992
2.3806
2.2127
2.4324
2.1300
2.2383
2.0532
2.4450
2.2086
2.1271
2.1467
2.0851
2.2881
2.4411
2.4344
2.2628
2.3234
2.1480
2.2940
2.1780
2.1235
1.9770
2.1812
2.3792
2.3228
2.1959
2.4295
2.2956
2.4459
2.5167
2.4300
2.2530
2.4133
2.0880
2.3692
2.2389
2.3834
2.3937
2.2350
2.2279
2.1726
2.4351
2.2220
2.3992
2.3599
2.3118
2.2783
2.3915
2.2610
2.2058
2.2923
2.1993
2.4622
2.1017
2.4278
2.3596
2.2697
2.2056
2.1867
2.1646
2.0586
2.0933
2.5679
2.3586
2.2118
2.3639
2.3901
2.5786
2.4825
2.4319
2.2680
2.3355
2.3618
2.3981
2.2671
2.3191
2.2614
2.2368
2.1873
2.3415
2.2826
1.9230
2.3777
2.3987
2.6344
2.3910
2.2405
2.2091
2.2758
2.2485
2.1650
2.1313
2.4296
2.4739
2.2120
2.0802
2.3112
2.0903
2.2387
2.3042
2.1604
2.2333
2.4026
2.2412
2.1371
2.1468
2.6134
2.1801
2.2606
2.0373
2.5152
2.1692
2.0996
2.1557
2.2977
2.3212
2.6446
2.8896
2.8572
2.5227
2.4405
2.8305
2.4792
2.5322
2.4007
2.3348
2.8937
2.9274
2.7883
2.5949
2.5487
2.4169
2.1916
2.2641
2.3343
2.0981
2.3919
2.4132
2.1889
2.3754
2.2156
2.3523
2.5773
2.2834
2.3305
2.2880
2.2295
2.2737
2.6036
2.2333
2.2995
2.2748
2.3394
2.1409
2.1627
2.1045
2.2895
2.2273
2.4557
2.2403
2.4737
2.1707
2.2323
2.3251
2.2521
2.4889
2.6961
2.2973
2.3279
2.3939
2.4910
2.1847
1.8777
2.1589
2.1105
2.2620
2.0967
1.9690
2.1917
2.0673
2.0653
2.3693
2.1262
2.1893
2.2735
2.4700
2.3671
2.3133
2.1980
2.4729
2.2735
2.3437
2.0999
2.0268
2.4651
2.3406
2.3242
2.2807
2.4243
2.3368
2.5734
2.6401
2.1331
2.3219
2.2526
2.3169
2.0770
2.1319
2.2136
2.3766
2.1394
2.4226
1.9746
2.2717
2.2575
2.2506
2.3700
2.1304
2.1628
2.3652
2.3747
2.4469
2.5383
2.4426
2.1838
2.3922
2.6251
2.2900
2.4768
2.1499
2.4647
2.5883
2.5956
2.9494
2.7897
2.4565
2.5227
2.4861
2.5753
2.7523
2.7115
2.9011
2.8357
2.7327
2.5774
2.6199
2.4966
2.0317
2.4368
2.7294
2.2969
2.5973
2.4418
2.4743
2.7262
2.7857
2.3706
2.4488
2.7484
2.7616
2.6044
2.5241
2.7669
2.7278
2.2914
2.7276
2.6608
2.7645
2.3620
2.4397
2.5889
2.3664
2.1591
2.2516
2.5024
2.2303
2.4577
2.2517
2.3736
2.3352
2.2925
2.3121
2.3256
2.3302
2.5454
2.5168
2.4810
2.4691
2.4707
2.8548
2.7649
2.4630
2.4304
2.4036
2.5516
2.4811
2.6122
2.5562
2.5580
2.5014
2.4575
2.6616
2.5201
2.8176
2.5582
2.6943
2.6982
2.4280
2.2917
2.0659
2.1528
2.2612
2.1427
2.2610
2.6205
2.2420
1.9102
2.0867
2.1749
2.2536
2.5188
2.6329
2.6310
2.1858
2.1076
2.0736
2.2108
2.1249
2.3435
2.1938
2.3033
2.1591
2.3728
2.3937
2.3263
2.2641
2.2148
2.1353
2.0495
2.0386
2.1002
1.9864
2.2203
2.3155
2.1033
2.2199
2.3539
2.1835
2.1738
1.9798
2.5627
2.4772
2.6101
2.7844
2.6545
2.6000
2.4423
2.6228
2.8493
2.6199
2.5744
2.5818
2.6352
2.3621
2.6314
2.3669
2.3224
2.1355
2.2641
2.1915
2.3493
2.3160
2.3884
2.3945
2.2636
2.2755
2.1889
1.9894
2.2848
2.0274
2.2539
2.2298
2.2153
2.2387
2.2937
2.1753
2.2604
2.0921
2.2097
2.0849
2.1125
2.2281
2.1551
2.2223
2.1658
2.3200
2.1885
2.4632
2.1475
2.2618
2.0631
2.2456
2.1313
2.3259
2.2495
2.3648
2.4331
2.2961
2.2717
2.1310
2.1436
2.1607
2.0887
2.0403
1.9067
2.0369
2.2383
2.0398
2.1885
2.1691
2.0652
1.8847
1.9045
2.1643
2.2258
2.4468
2.2971
2.5142
2.4670
2.1884
2.4839
2.3495
2.4657
2.3152
2.2963
2.2762
2.2984
2.3103
2.2487
2.2906
2.2032
2.4491
2.2059
2.2500
2.3482
2.2519
2.4098
2.2719
2.2830
2.2537
2.1013
2.2266
2.2544
2.1547
1.9948
2.3276
2.2073
2.3725
2.4259
2.2972
2.0577
2.0915
2.1452
2.3136
2.0872
2.1102
2.1309
2.2390
1.9883
2.1803
2.1951
2.1749
2.1994
2.3413
2.3251
2.3280
2.1857
2.2855
2.1802
2.0770
2.6601
2.5866
2.6953
2.2731
2.2274
2.3006
2.1854
2.0291
2.2833
2.1318
2.2592
2.4990
2.2933
2.3268
2.4627
2.4999
2.1787
2.3345
2.4033
2.1306
2.2692
2.3744
2.3487
2.4259
2.1063
2.3822
2.3194
2.1195
2.1996
2.1405
2.1625
2.2973
2.4284
2.4422
2.3589
2.3076
2.3921
2.2048
2.2191
2.1214
2.1359
2.1567
2.2649
2.2956
2.1070
2.1223
2.2152
2.2191
2.4006
2.2050
2.1782
2.1833
2.5135
2.4391
2.1134
2.1669
2.2374
2.2265
2.1988
2.1689
2.1621
2.3307
2.1973
2.2244
2.0411
2.1218
2.4060
2.0459
2.3538
2.3523
2.3042
2.4745
2.3015
2.1465
2.0546
2.0902
2.3989
2.3719
2.3860
2.2297
2.1882
2.3069
2.1221
2.1457
2.0704
2.1150
2.3006
2.1891
2.0889
2.1471
2.1906
2.3535
2.2931
2.3396
2.1438
2.4338
2.2332
2.0143
2.2920
2.0567
2.1399
2.1890
1.9948
2.1240
2.1490
2.3238
2.3773
2.1421
2.4562
2.3920
2.2127
2.0922
2.2917
2.3314
2.2600
2.4000
2.3693
2.3049
2.2135
2.3161
2.3161
2.5621
2.2290
2.4861
2.4801
2.2699
2.1840
2.1968
2.4798
2.2140
2.0889
2.1620
2.1507
2.2392
2.0922
2.2871
2.1551
2.1431
1.9775
2.1288
2.2375
2.1114
2.2066
2.1327
2.1824
2.1923
2.2244
2.2985
2.2919
2.3128
2.2239
2.2177
2.1249
2.1818
2.2248
2.0868
2.3493
2.3308
2.6087
2.1918
2.4468
2.3342
2.2510
2.3819
2.5366
2.4682
2.4598
2.7165
2.3713
2.6922
2.5479
2.3488
2.3174
2.6697
2.5669
2.6440
2.7872
2.4873
2.4075
2.3605
2.4147
2.3197
2.2052
2.5243
2.3271
2.3131
2.3949
2.4136
2.1051
2.1356
2.1089
2.1858
2.3311
2.1660
2.2259
2.2583
2.1520
2.1600
2.2864
2.0878
2.0587
1.8902
1.9492
2.0090
1.8353
1.8651
2.1462
1.9998
2.0563
2.1602
2.1719
2.3094
2.3339
2.3373
2.2825
2.1760
2.3977
2.2930
2.1932
2.4800
2.2437
2.4068
2.4274
2.2142
2.3475
2.1866
2.1632
2.4131
2.5120
2.4802
2.4239
2.2628
2.2347
2.7369
2.3115
2.5421
2.3359
2.4161
2.2984
2.3430
2.5695
2.1978
2.2385
2.2409
2.3349
2.4644
2.3247
2.3978
2.4517
2.7219
2.3677
2.3665
2.5919
2.4688
2.3308
2.1892
2.4941
2.1433
2.4543
2.4869
2.2262
2.2517
2.5095
2.2879
2.3439
2.3959
2.4421
2.3496
2.4782
2.5871
2.5947
2.5706
2.6665
2.4964
2.2644
2.3351
2.3528
2.2181
2.3451
2.5117
2.4119
2.6079
2.4312
2.3476
2.5130
2.5753
2.1926
2.2138
2.4025
2.4678
2.4904
2.5232
2.4084
2.2001
2.4697
2.3585
2.5755
2.3914
2.4686
2.5588
2.2936
2.3925
2.2777
2.3814
2.2087
2.3407
2.2942
2.1487
2.1869
2.2346
2.2390
2.1411
2.1828
2.2609
2.1547
2.2774
2.1926
2.3134
2.4820
2.3487
2.0487
1.9630
2.2407
2.4404
2.3693
2.4559
2.1900
2.4337
2.2307
2.1697
2.4914
2.2911
2.2425
2.2260
2.1621
2.2245
2.2090
2.2825
2.0973
2.3402
2.3942
2.1415
2.4090
2.1863
2.2850
2.1382
2.3534
2.0972
2.1331
2.0998
2.2205
2.3802
2.2869
2.1872
2.2915
2.3064
2.2367
2.2969
2.2242
2.6007
2.3159
2.4037
2.4352
2.3301
2.3812
2.4202
2.2449
2.3212
2.2870
2.4080
2.5057
2.2863
2.1799
2.1334
2.1562
2.2598
2.4275
2.0895
2.2298
2.2828
2.2969
2.2483
2.2947
2.2818
2.3030
2.6242
2.4066
2.3024
2.6068
2.6801
2.4521
2.7635
2.4463
2.5117
2.3693
2.1877
2.3330
2.1532
2.3343
2.4514
2.3383
2.4555
2.4206
2.4509
2.3563
2.2060
2.1032
2.4366
2.4586
2.1745
2.2646
2.4640
2.3206
2.3722
2.1174
2.3019
2.3251
2.2805
2.3319
2.4209
2.2863
2.3868
2.4000
2.3496
2.4135
2.3441
2.1995
2.0372
2.2810
2.3987
2.2564
2.0119
2.0967
2.3832
2.5512
2.0537
2.4009
2.3461
2.0320
1.9695
2.1129
2.1533
2.3062
2.4013
2.2385
2.4387
2.1515
2.3521
2.1517
2.0222
2.2980
2.3080
2.2493
2.2066
2.2334
2.3576
2.3614
2.3834
2.4978
2.4389
2.4657
2.2724
2.2939
2.4803
2.1576
2.2200
2.0044
2.5286
2.4400
2.2386
2.3252
2.4278
2.4447
2.4136
2.3405
2.2222
2.3284
2.2219
2.2318
2.1869
2.0092
2.2584
2.2384
2.0929
2.3105
2.3273
2.2897
2.1970
2.3906
2.4287
2.3483
2.2965
2.3164
2.4164
2.3826
2.5740
2.4558
2.2931
2.2304
2.0888
2.0905
2.2546
1.9970
2.2251
2.4042
2.4411
2.6360
2.4274
2.3616
2.5888
2.2581
2.4074
2.1091
2.2277
2.2749
2.3148
2.3268
2.5909
2.3560
2.3043
2.3569
2.4219
2.3677
2.6359
2.4971
2.5310
2.4273
2.4840
2.4297
2.1697
2.5432
2.3751
2.4414
2.5314
2.4610
2.5099
2.6608
2.5020
2.3202
2.3277
2.5213
2.6086
2.4640
2.5736
2.4113
2.2278
2.2828
2.1793
2.3213
2.1428
2.3645
2.2533
2.2890
2.2304
2.2393
2.3977
2.3075
2.4396
2.1212
2.3310
2.2382
2.4210
2.2348
2.3206
2.2587
2.4177
2.3952
2.1988
2.2438
2.3014
2.3898
2.2975
2.1168
2.3270
2.2791
2.1064
2.3397
2.2371
2.4035
2.3819
2.3848
2.3657
2.3181
2.2343
2.4449
2.4620
2.3291
2.2210
2.1082
2.2371
2.1294
2.1102
2.1995
2.1671
2.0060
2.2868
2.3060
2.3884
2.3510
2.1618
2.1982
2.2519
2.2168
2.2201
2.1407
2.0665
2.1093
2.1351
2.0705
2.2348
2.2214
2.1964
2.2166
2.2310
2.1586
2.1358
2.1369
2.2418
1.9415
2.2993
2.4204
2.3629
2.4258
2.4946
2.2453
2.0323
2.5519
2.5269
2.1685
1.8687
2.1415
2.1865
2.2129
2.1999
2.1943
2.0991
2.2849
2.1631
2.0589
2.2326
2.4517
2.1905
2.3168
2.2434
2.0779
2.2651
2.1954
2.0795
2.1109
2.0849
2.0025
1.9582
2.0757
2.0744
2.1083
1.9515
2.0072
2.1070
2.2696
2.2010
2.2712
2.1647
2.1626
2.2985
2.1653
2.2793
2.1531
2.0436
2.2114
2.0780
2.3467
2.0438
2.1050
2.0877
2.0019
2.0889
2.1244
2.0226
2.1993
2.3209
1.9794
2.1813
2.4170
2.3358
2.0590
2.1534
2.2826
2.3731
2.3286
2.2353
2.4873
2.2711
2.3011
2.1273
2.0592
1.7787
1.9787
2.2560
2.1019
2.0898
2.0003
2.0228
2.2541
2.1526
2.2830
1.9788
2.1100
2.2462
2.1840
1.9321
2.1829
2.2192
2.3944
2.1780
2.1772
2.0326
2.0048
2.2038
2.3595
2.1701
2.2933
2.2301
2.1798
2.1514
2.0892
2.0794
2.0783
2.3246
1.9640
1.9125
2.0079
2.0888
2.0133
2.2829
2.3223
2.2472
2.3517
2.2797
2.3448
2.4298
2.0664
2.3204
2.3323
2.3285
2.4043
2.1695
2.1344
2.2107
2.1127
2.1097
2.3094
2.1604
2.0584
2.1087
2.1032
2.2401
2.1692
2.3458
2.2123
2.0475
2.3932
2.1952
2.3039
2.1468
2.4080
2.2006
2.1463
2.0597
2.3243
2.1572
2.0380
2.2925
2.1466
2.1816
2.2387
2.0862
1.8903
2.2571
2.3483
2.0821
2.1272
1.9472
2.0871
1.8810
1.8666
1.8961
2.1110
2.2452
1.9225
2.0302
2.1505
1.9719
2.0626
2.0583
2.1222
2.0727
2.2524
2.1344
2.1168
2.1578
2.3650
2.2930
2.3038
2.2713
2.5190
2.2630
2.5149
2.3513
2.2780
2.0665
2.2301
2.2564
2.2712
2.2538
2.3180
2.3818
2.4122
2.3961
2.0322
2.1758
1.9893
2.1209
2.3688
2.1187
1.9786
2.4126
2.4659
2.3870
2.4209
2.2340
2.1289
2.2864
2.2376
2.3132
2.4665
2.0572
2.2770
2.0972
2.1126
2.1496
2.2376
2.2719
1.9710
1.9265
2.0797
2.1573
2.2271
2.0263
2.1547
2.1707
2.2379
1.8316
2.0465
1.9835
2.1456
2.0508
2.3067
2.1228
2.1773
2.2816
2.0914
2.0249
1.8344
2.2994
2.1646
2.2069
2.2586
2.2238
2.0359
2.2250
2.0238
2.1747
2.1418
2.0384
2.0112
2.0555
2.1685
2.2467
2.1639
2.0559
2.0668
2.0564
2.0065
2.2647
2.2548
2.3764
2.2471
2.2140
2.2588
2.1662
2.2424
2.1374
2.1548
2.2157
2.2167
2.1612
2.1555
2.3626
2.2968
2.1902
2.2333
2.2815
2.3587
2.2212
2.4344
2.3548
2.3353
2.2489
2.1454
2.4472
2.2768
2.2155
2.0407
2.1753
2.1904
2.5047
2.1678
2.2050
2.1210
2.3750
2.3906
2.4962
2.3518
2.4145
2.4096
2.3534
2.3894
2.3955
2.3167
2.3800
2.5850
2.5790
2.5197
2.5513
2.7624
2.4343
2.5177
2.4917
2.4974
2.4683
2.5190
2.5387
2.5874
2.6393
2.5506
2.5229
2.2475
2.3411
2.3329
2.5317
2.4710
2.5225
2.3115
2.5470
2.5074
2.6243
2.5014
2.5414
2.4585
2.4336
2.6200
2.2232
2.2599
2.4775
2.3902
2.5227
2.4383
2.4588
2.4089
2.3915
2.5515
2.5405
2.3710
2.3430
2.0257
2.2280
2.3923
2.4017
2.4184
2.3693
2.2552
2.2686
2.4133
2.3827
2.5958
2.1974
2.3079
2.2423
2.0401
2.2857
2.4851
2.4890
2.6154
2.3095
2.5686
2.4266
2.3987
2.6171
2.3710
2.2897
2.2252
2.2642
2.4238
2.4758
2.5142
2.5778
2.5536
2.5787
2.4672
2.5442
2.2920
2.6503
2.4580
2.1919
2.1967
1.9455
2.1648
2.1777
2.2310
2.3392
1.9036
1.9097
2.0150
1.9697
2.0921
2.2029
2.3821
2.4179
2.3528
1.9064
1.8773
2.1565
1.9028
1.9426
2.2109
2.3154
2.3052
2.1029
2.1396
2.0359
2.2157
2.0951
2.0502
2.2255
2.3318
2.1461
2.1711
2.0988
1.8839
2.0754
2.2558
2.3829
2.2663
2.1975
2.0390
2.3909
2.2339
2.1265
2.0246
2.2907
2.2835
2.2314
2.2054
2.4523
2.6711
2.2943
2.2822
2.3385
2.4203
2.0615
2.1615
2.1867
2.4683
2.3027
2.2687
2.4002
2.0452
2.2758
2.1446
2.2257
2.1880
2.3950
1.9849
1.9889
2.3296
2.2088
2.0253
2.2657
2.1861
2.0750
1.9506
2.1819
2.1723
1.9153
2.1325
2.3529
2.2590
2.2540
2.2866
2.2593
2.1038
2.1136
1.9366
1.8781
2.0122
2.1505
2.1192
2.0992
2.0886
2.2400
2.1240
2.2350
2.0559
2.1970
2.0261
2.1244
2.0901
2.0452
2.1159
2.1607
2.2035
2.0952
2.3095
2.2021
2.2008
2.1120
1.9789
2.0875
1.8543
2.0906
2.1811
2.2856
2.1754
2.0989
2.1345
2.1608
1.8912
2.0549
2.1782
2.1547
2.2628
2.1091
2.0935
2.1260
2.1924
1.9271
1.9402
2.0616
2.0398
1.9285
1.9424
2.0959
2.1008
2.0111
2.2760
2.0749
2.0678
2.2322
2.4639
2.0941
2.1225
2.3851
2.2341
2.0929
2.0211
2.2231
2.1094
2.1275
2.1089
2.0404
2.0063
2.0375
2.0398
2.0942
1.9722
2.1530
2.2459
2.0681
2.2269
2.2160
2.0058
2.0126
1.9769
2.1308
2.1324
2.2058
2.0806
2.0887
2.2166
2.4181
2.0836
2.2288
2.1674
2.0348
1.7580
2.1364
2.0814
2.0439
2.0777
2.1862
1.9759
2.1779
2.2207
2.1970
1.9453
2.0002
2.0647
2.2383
2.0834
2.1346
2.0695
2.1031
2.1024
2.0696
1.9145
1.8958
2.1186
1.9668
2.1844
2.0115
2.1275
2.1571
2.4104
2.0443
2.2643
2.3264
2.1057
2.1833
2.0568
2.0249
2.1458
2.0935
2.1334
2.0653
2.2307
2.2325
2.0463
2.1725
2.0763
2.1423
2.1471
2.1492
2.0906
2.1005
2.0794
2.0744
2.1066
1.9914
2.1359
2.1149
2.1010
2.1590
2.1989
2.1952
2.3258
2.2101
2.1375
2.2320
2.3036
2.0288
1.9359
2.0369
1.9318
2.2565
2.1649
2.0136
2.2139
2.1222
2.2346
2.1254
2.0699
2.1263
2.2786
2.2156
2.2804
2.3831
2.1683
2.0757
2.1202
2.1259
2.1283
2.1367
2.0610
2.0763
2.1412
2.0750
2.0651
2.0331
2.1572
2.0963
2.1708
2.2504
2.0215
2.2255
1.9522
2.1355
1.9848
2.0806
2.2738
2.2493
2.1758
2.1742
2.0890
2.1279
2.0827
1.9240
2.2849
2.0929
2.0678
1.9621
2.1232
2.2187
2.1887
2.1919
2.1346
2.0466
2.3720
2.2122
2.1850
2.1879
2.1598
2.1005
2.2106
2.0179
2.0264
2.0322
2.0334
2.3096
2.2302
1.9437
2.1571
2.2834
2.3350
2.2272
2.2016
1.9748
1.9998
2.1518
2.1221
2.1079
2.1748
2.1275
2.0053
1.9082
2.1463
2.4223
2.1774
2.3299
2.1825
2.1346
2.2096
1.9819
2.2579
2.2839
2.2120
2.1162
2.3337
2.0755
1.9380
2.1642
2.2321
2.1363
2.0114
2.2760
2.1574
1.9887
2.0973
2.3194
2.1196
2.0755
1.8999
2.0995
2.1584
2.1497
2.1572
2.1634
1.9077
2.1998
2.2138
2.0777
2.1616
2.2123
2.1997
2.1233
2.2053
2.1725
2.1200
2.2487
2.0658
2.0098
2.0733
2.1647
2.2798
2.2412
2.1575
2.2972
2.5823
2.5973
2.3935
2.3108
2.4234
2.2274
2.2041
2.0568
2.0454
2.2052
2.0501
2.1226
2.1219
2.0243
2.4939
2.3851
2.3155
1.9921
2.1294
2.0494
2.0492
2.1469
2.2128
2.1578
2.0655
2.0748
2.1460
2.2129
2.1642
2.0063
2.0242
2.0834
2.0552
2.1272
2.3521
2.1979
2.1089
2.3432
2.4364
2.3360
2.1737
2.0372
2.1698
2.1467
2.2190
2.1526
2.1611
2.0919
2.2191
1.9593
1.8580
2.1143
2.1465
2.2399
2.1198
2.4011
2.2192
2.3639
2.2018
2.1635
2.3877
2.1633
2.2000
2.3277
2.3028
2.2210
2.0658
2.4487
2.1660
2.1503
2.1544
2.0375
2.1983
1.9011
2.2584
2.3061
2.1922
2.2163
2.2815
2.0039
1.9833
2.3034
2.2011
2.0192
1.8909
2.0369
2.1272
2.0182
2.1233
2.1164
2.0088
2.1764
2.0870
2.2112
2.1556
1.8660
2.0635
2.1148
2.2621
2.3368
2.1152
2.1203
2.0635
2.2948
2.2871
2.2285
2.1060
2.1258
2.0678
2.1551
1.9712
2.0503
2.1600
2.2192
2.1507
2.1446
1.9801
1.9860
2.1492
2.0648
2.0817
2.1133
2.0639
2.4589
2.1945
2.3876
2.2068
2.3125
2.3246
2.4489
2.5478
2.2166
2.2864
2.3415
2.1154
2.3145
2.5095
2.3609
2.3523
2.3410
2.1086
2.1793
2.0297
2.2250
2.1753
2.5093
2.3079
2.0142
2.2715
2.0897
2.1097
1.9503
2.1315
2.2222
2.2405
2.0915
2.2653
2.1631
2.1671
2.3259
2.1452
2.2844
2.1573
2.3057
2.2822
2.3315
2.3294
2.4507
2.4286
2.4420
2.3420
2.4377
2.3679
2.5243
2.3627
2.4239
2.3886
2.1699
2.4192
2.2939
2.2638
2.2104
2.0553
2.1174
2.1984
2.2306
2.2848
2.2860
1.8667
2.0445
2.0151
2.0886
2.1252
2.1645
2.2216
2.3738
2.1647
2.1287
2.2759
2.2357
2.1980
2.1366
2.1164
2.3048
2.1818
2.2340
2.0865
2.4114
1.9989
2.1298
1.9407
2.2675
2.1096
2.0485
2.4165
2.3133
2.1801
2.3046
2.3274
2.1008
1.9749
2.1387
1.9849
2.0597
2.1193
2.1243
2.0630
2.1417
2.2189
2.0808
2.2364
1.9761
2.1951
1.8936
2.0726
2.1471
1.9841
2.1369
2.1068
2.2636
1.9192
2.1004
2.1386
2.0729
2.0862
2.2814
2.3598
2.1979
2.0043
2.0375
1.9993
2.1548
2.1241
2.0871
2.0027
2.0987
2.0501
2.0164
2.3029
2.2697
2.1297
2.1808
2.2726
2.2241
2.4479
2.1970
2.0667
2.1031
2.2702
2.1163
2.2165
2.1187
2.2356
2.4580
2.2376
2.2727
2.1081
2.1958
2.1458
2.1263
2.0978
2.2450
2.1692
1.9950
2.2002
2.0814
2.1611
2.1975
2.1906
2.1669
2.2233
2.1448
2.1352
2.2115
2.1783
2.2149
2.2594
2.2433
2.1686
2.3133
2.0483
2.0907
2.0116
2.0494
2.0448
2.0228
2.1592
2.4413
2.2162
2.2143
2.0380
2.2752
2.1593
2.1177
2.1571
2.0375
1.9360
2.1879
2.2472
2.2133
2.3610
2.3487
2.2489
1.9407
2.2867
2.0939
2.1878
2.0752
2.0970
1.9721
2.0676
2.1574
2.2955
2.3422
2.2744
2.2363
2.0930
2.1695
1.9046
2.0416
2.2365
2.1585
2.1863
2.0335
2.2197
2.0515
2.2478
2.0065
2.1220
2.0882
2.3497
2.1283
2.1467
2.0525
2.1757
2.1060
2.0679
2.3931
2.3049
2.1008
2.1619
2.3273
1.9729
2.0692
2.1187
2.2854
2.0153
2.0710
2.2964
2.1255
1.9300
2.1283
2.0587
2.1729
2.2583
2.0429
1.9214
2.0351
2.2639
2.0593
2.2667
2.2596
2.1909
1.9583
2.2296
2.1335
2.1416
2.1847
2.2151
2.2300
2.5351
2.2987
2.3621
2.1898
2.3160
2.2091
2.0931
1.8431
2.2633
2.2300
2.1237
2.1247
2.4476
2.2729
2.3127
2.1082
2.1309
2.1402
2.2436
2.1257
2.0416
2.2743
2.2766
2.3548
2.2840
2.1145
2.2893
2.2729
2.1286
2.2905
2.0522
2.0562
2.2956
2.1145
2.2097
2.3140
2.1715
2.1738
2.1725
2.2386
2.3693
2.0606
2.0656
2.1995
2.0185
2.3544
2.0872
2.1368
2.3433
2.2199
2.3186
2.3451
1.9634
2.1507
2.2413
2.1298
2.2879
2.0109
2.1707
2.1292
2.2175
2.1430
2.1360
2.0868
2.1506
2.1393
2.0846
2.2099
2.0816
2.2292
2.2699
2.1718
2.1181
2.2344
2.3118
2.1663
2.1360
2.2083
2.0557
2.1315
2.0841
2.1776
2.3209
2.2476
2.3579
2.2153
2.0429
2.2178
2.2093
2.1330
2.0171
2.2811
2.1456
2.0982
2.1239
2.1866
2.1687
1.9978
2.2554
2.1919
2.2504
2.2112
2.1836
2.4731
2.3449
2.5715
2.2715
2.2531
2.5656
2.3629
2.5499
2.2753
2.1830
2.0557
1.9953
2.1431
2.3174
2.1243
2.3103
2.1559
2.4087
2.3419
2.0779
1.8473
2.0906
2.3095
2.2136
2.2485
2.0953
2.2956
2.1654
2.1830
2.0870
2.2357
2.2406
1.9891
2.1924
2.0569
1.9172
1.9692
2.2342
2.4490
2.4892
2.2516
2.0970
2.0789
2.3145
2.2281
2.3689
2.1618
2.1461
2.1064
2.2724
2.2527
2.3465
2.2378
2.0568
2.1261
2.1052
2.2751
1.9962
2.2389
2.0822
2.0009
2.1642
2.0977
2.2693
2.2775
2.1326
2.3229
2.0940
2.2097
2.3573
2.3269
2.2850
2.2539
2.3095
2.0989
2.0996
2.0958
2.0155
2.0450
2.1194
2.0668
2.0239
2.0541
1.9172
1.8624
2.0466
2.1884
2.0874
2.1061
2.0170
2.3237
2.0464
2.1978
2.3112
2.1541
2.2259
2.1472
2.0909
2.1746
2.0958
2.2345
1.9956
2.2337
2.3765
2.3291
2.1314
2.2067
2.0551
2.2992
2.2014
2.2172
2.1667
2.3382
2.1648
2.2330
1.9983
1.7841
1.8659
2.2493
2.0142
2.1014
2.0822
2.4334
2.3363
2.0007
2.3095
2.4807
2.1344
2.3837
2.4302
2.1397
2.1900
2.2515
2.3488
2.3183
2.2711
2.1362
2.1585
2.4200
2.2783
2.0574
2.1506
2.1518
2.1236
2.2577
2.1975
2.4671
2.2139
2.5607
2.5744
2.4923
2.2186
2.3721
2.1561
2.3112
2.1743
2.3737
2.2315
2.1056
2.5465
2.2549
1.9380
2.3337
2.3783
2.1907
2.3302
2.1438
2.1596
2.2426
2.2921
2.3112
2.3078
2.2207
2.2994
2.2191
2.1612
2.2359
2.2757
2.3061
2.2672
2.2228
2.2132
2.1880
2.2702
2.2438
2.1516
1.8307
2.1114
1.9427
2.0258
1.6659
1.9575
2.0977
1.8454
1.8323
2.0526
1.9399
2.1913
2.0654
2.2609
2.0527
2.1779
2.0357
2.2300
2.1237
2.1663
1.9184
2.0856
1.9272
2.0150
1.9743
1.9056
1.8120
1.8730
1.8386
1.9852
1.8499
2.0317
2.0385
2.1797
2.1861
2.1376
2.2396
2.0162
2.1240
2.0559
2.1903
2.2178
2.2378
2.1950
2.2638
2.3104
2.2465
2.3645
2.3341
2.3118
2.3355
2.4429
2.1931
2.3246
2.1586
2.1748
2.2339
2.1861
2.3091
2.2032
2.2216
2.1947
2.0810
2.3376
2.1292
2.1909
2.1945
2.2054
2.2679
2.2746
2.2387
2.3462
2.2417
2.1101
2.1730
2.0459
2.2283
2.4669
2.2512
2.3942
2.1379
2.1652
2.2009
2.1130
2.0645
2.0650
2.2703
2.1249
2.1837
2.1066
2.3441
2.3572
2.2860
2.1224
2.1572
2.2557
2.1824
2.1456
2.1772
2.2464
2.3026
2.1528
2.1886
2.2450
2.0737
2.3608
2.3644
2.1188
2.1790
2.2931
2.0991
2.1480
2.0359
2.2594
2.2748
2.2673
2.2343
2.0716
2.2548
2.3054
2.1012
2.1000
2.2815
2.2803
2.2880
2.5270
2.1956
2.1655
2.2045
2.2617
2.1910
2.3569
2.2269
2.1111
2.1162
2.0450
2.1747
2.1057
2.1334
2.0694
2.2860
2.2874
1.9708
2.0940
2.0622
2.2583
2.1063
2.3077
2.2349
2.1456
2.2632
2.2857
2.1447
2.1291
2.1076
2.0854
2.2032
2.1047
2.0686
2.1089
2.0245
2.1909
2.1078
2.1647
2.0241
2.4683
2.1073
2.2545
2.2658
2.2267
2.1447
2.1415
2.1395
2.2065
2.1123
2.0559
2.1403
2.0072
2.2605
2.0988
2.3142
2.2420
2.1815
2.3704
2.1245
2.0938
2.1158
2.1259
2.1840
2.2852
2.2510
2.1124
2.1314
2.2504
2.2054
2.2437
2.0762
2.1107
2.1788
2.2255
2.1500
2.3213
2.3976
2.2899
2.3048
2.2944
2.2386
2.2745
2.1132
2.2621
1.9807
2.1950
2.2312
2.2821
2.3148
2.2146
2.1861
2.0612
2.0514
2.1988
2.3784
1.6275
2.0430
2.1996
2.2576
2.4171
2.2040
2.1323
2.2419
2.3792
2.2681
2.1652
2.0957
2.2020
2.2660
2.2629
2.1366
2.3431
1.9869
2.0268
2.2187
2.3428
2.1893
2.0716
1.9723
1.9267
2.1385
2.2858
2.2469
2.0858
2.2321
2.2668
2.1579
2.3012
2.3378
2.3347
2.3147
2.5100
2.2362
2.3728
2.1666
2.3786
2.4087
2.3654
2.0613
2.1467
2.2569
2.4318
2.3443
2.5794
2.6513
2.4354
2.3362
2.7173
2.5306
2.2985
2.3438
2.1284
2.1732
2.6158
2.4548
2.2157
2.3227
2.3466
2.3356
2.2769
2.4441
2.2671
2.2928
2.4090
2.2662
2.2766
2.4038
2.2404
2.5030
2.2909
2.5687
2.5403
2.3226
2.4659
2.3683
2.4384
2.4325
2.5896
2.5040
2.4113
2.4279
2.1776
2.4581
2.3120
2.5180
2.2997
2.1954
2.1729
2.4802
2.4841
2.4328
2.4313
2.2197
2.3588
2.3531
2.2811
2.3207
2.1627
2.3431
2.3735
2.4515
2.2404
2.3478
2.4259
2.4256
2.3964
2.2267
2.3647
2.2325
2.5130
2.6463
2.4383
2.0811
2.3728
2.9579
2.4591
2.5586
2.8091
2.5251
2.3395
2.2600
2.3874
2.3205
2.5841
2.3216
2.6829
2.3118
2.4438
2.4202
2.4458
2.5100
2.5371
2.7029
2.7046
2.5344
2.1706
2.3709
2.3677
2.3411
2.3007
2.2707
2.2052
2.3078
2.3018
2.3935
2.4459
2.4296
2.4703
2.5672
2.2646
2.3426
2.4533
2.5534
2.4129
2.4004
2.3801
2.3676
2.1699
2.1173
2.1560
2.2084
2.1753
2.2446
2.1855
2.2506
2.0947
2.1695
2.1269
2.0039
2.2620
2.2165
2.1204
2.2996
2.0907
2.0649
2.0797
2.3421
2.1647
2.0689
2.1765
2.0742
1.9793
2.1979
2.4118
2.4423
2.2201
2.1926
2.2025
2.4807
2.1360
2.0464
2.3055
1.9924
2.4956
2.2169
2.3344
2.2371
2.1281
2.1491
2.1577
2.0424
2.0452
2.1511
2.1332
2.2684
2.2287
2.2059
2.3210
2.1550
2.3127
2.3787
2.4587
2.3538
2.2681
2.0562
2.0358
2.0881
2.2750
2.0226
2.1499
2.2129
2.2133
2.4253
2.2820
2.3282
2.3235
2.1994
2.0972
2.1919
2.0193
2.1956
2.0937
2.0625
2.1431
1.9855
2.5043
2.2334
2.2646
2.2691
2.5194
2.4853
2.4335
2.0958
2.1282
2.1181
2.0606
2.1888
2.3887
2.5461
2.2265
2.3188
2.4127
2.5301
2.4044
2.1249
2.2465
2.4529
2.5246
2.4928
2.7089
2.4471
2.4216
2.3450
2.2259
2.5061
2.3481
2.2142
2.4363
2.3385
2.5946
2.3990
2.4540
2.2022
2.3364
2.3809
2.5805
2.3996
2.4644
2.2167
2.4463
2.3007
2.3359
2.4503
2.2570
2.3934
2.3881
2.4214
2.4368
2.5450
2.5770
2.3452
2.2935
2.4768
2.2616
2.3776
2.3034
2.2579
2.5355
2.3371
2.3307
2.4231
2.2823
2.5467
2.3657
2.3087
2.2297
2.4443
2.4899
2.3199
2.4287
2.4112
2.1466
2.2964
2.1928
2.3955
2.2873
2.4754
2.2221
2.6614
2.8411
2.7068
2.6496
2.7418
2.5005
2.3605
2.4288
2.2456
2.1613
2.4900
2.3488
2.6043
2.3732
2.5377
2.3522
2.3230
2.1106
2.2243
2.2326
2.2796
2.2236
2.1343
2.0714
1.9349
2.1713
2.2221
2.1893
2.1923
2.1376
2.2350
2.0964
2.2562
2.1637
2.3694
2.2217
2.2232
2.2635
2.2622
2.2477
2.2499
2.2365
2.3943
2.2357
1.9735
2.3775
2.1064
2.1765
2.1919
2.0612
2.4540
2.1959
2.2005
2.3176
2.1696
2.2180
2.1829
2.5355
2.3855
2.1438
2.2633
2.6893
2.5360
2.6266
2.4450
2.2691
2.4445
2.7924
2.3537
2.5277
2.3896
2.1525
2.1960
2.3895
2.4160
2.1939
2.1697
2.5616
2.5501
2.3530
2.4904
2.4010
2.4279
2.4046
2.4914
2.2533
2.3143
2.3335
2.1389
2.2381
2.3203
2.2025
2.2131
2.0844
2.1529
2.4135
2.3503
2.1659
2.1547
2.1879
2.2982
2.1982
2.2617
2.2863
2.1744
2.4002
2.4654
2.5208
2.4768
2.2477
2.2018
2.4197
2.3652
2.1057
2.5136
2.6031
2.4500
2.3260
2.2913
2.1256
2.3727
2.3057
2.2462
2.3182
2.1285
2.1769
2.0821
2.1078
2.5165
2.3207
2.3729
2.3375
2.2609
2.0398
