130.7035
129.7943
132.3689
132.8019
133.4135
132.3913
133.3029
133.7927
135.1310
136.6579
135.4430
134.5511
136.8919
134.9827
133.2229
133.1545
132.2155
133.7690
134.3832
132.5091
133.7039
135.4512
134.0564
133.4695
131.5644
130.8781
130.8346
131.9225
132.8420
131.2999
132.4813
133.8693
134.4597
133.7432
133.5054
134.1402
133.6614
133.1373
133.2812
132.2342
132.8612
131.5285
131.2985
132.0009
131.2325
132.3389
131.0903
132.5373
131.9024
130.9851
131.3816
129.5855
128.8103
130.9830
130.3048
130.4411
130.3843
130.7597
130.4060
131.5750
129.2014
128.8241
130.7528
131.4285
130.0885
128.9434
129.2340
128.9224
128.1457
128.3169
128.5437
127.5975
126.3214
127.6543
127.4650
128.7349
127.1912
125.4856
128.1168
127.3178
128.4775
129.9041
130.4912
128.6384
128.8835
128.6088
127.9020
129.4219
130.5881
131.2997
129.6458
130.3211
129.4998
129.4580
130.3804
129.7553
129.4139
127.1081
129.4772
128.7546
127.7176
128.0484
126.8187
128.5282
128.0106
127.3437
127.0652
128.8158
128.4536
126.9353
128.5721
129.5460
127.6064
128.0394
127.7019
127.5500
126.5807
127.0126
125.9651
126.4934
127.7510
125.9958
127.2272
125.2437
127.0849
126.5789
127.2354
127.2638
129.4943
129.4018
130.4638
128.8668
130.3092
129.7269
129.7088
128.5521
124.6406
126.7395
127.8359
128.5189
128.8032
131.3269
130.3698
130.4341
130.3148
130.7722
130.3869
129.3221
131.1700
130.0151
131.2368
130.1907
130.1219
129.7389
130.7235
128.5856
129.8358
128.4893
129.3017
129.2462
130.4627
131.1332
130.7367
130.0011
130.3384
130.5098
130.7438
131.8067
131.5694
134.5879
132.7189
133.6259
133.6694
134.6492
133.5534
131.9432
134.1508
132.6573
133.9961
134.5150
133.3603
132.2718
131.8557
130.4337
129.4994
131.1143
128.8890
129.8512
131.6917
131.9143
131.0367
131.0028
130.8972
130.8397
130.1873
129.8559
130.2899
130.3162
129.8220
129.1709
129.9908
131.9182
132.5255
133.5472
131.7021
129.3808
131.1522
131.5530
131.4566
129.4582
129.2020
128.2303
128.8138
129.7572
128.2775
128.8804
128.8296
129.6650
128.6142
129.9391
130.7813
128.7520
128.1401
130.1298
129.2904
130.4761
129.7017
130.8956
130.9160
130.4380
129.8982
128.8341
129.5734
132.4287
130.5739
131.6647
129.8755
129.8315
127.8889
129.4547
128.3595
129.5862
130.7659
129.9261
130.2209
131.2976
130.3230
129.7874
130.7542
128.1354
127.7954
129.2772
128.0786
129.7410
129.2759
129.2062
129.8764
129.4232
130.3897
130.4217
130.7898
128.6760
128.1283
128.1910
129.0081
130.4608
132.3959
130.0701
128.6688
129.5884
128.5664
128.0080
129.7333
128.2119
128.8369
127.2956
128.6184
127.3755
126.5247
126.1389
128.0807
127.6347
128.8484
129.2340
128.7824
129.1228
128.7260
126.7593
126.8904
127.3253
129.7808
130.1881
131.1034
130.9707
130.4318
130.2273
130.6874
132.1216
131.1491
133.1630
129.3804
128.5938
129.8179
127.9300
130.7726
133.1782
131.7952
131.0676
130.1919
129.0629
128.4681
127.3625
128.5861
128.4681
128.7910
131.9002
130.6986
131.9527
132.3455
131.1974
128.7623
130.1514
130.3535
128.4279
129.0977
127.6357
130.1599
129.8237
131.0540
129.7137
129.1654
130.1435
130.3189
127.8317
129.8735
129.2533
129.9044
131.4155
130.6457
130.9797
130.2072
129.0310
132.0202
132.5752
131.5052
132.6833
132.8829
132.8064
132.5772
131.6049
132.6216
131.5410
131.8174
132.1154
130.9496
132.2250
132.0729
132.1707
130.1036
130.7002
131.4389
130.4040
130.4803
130.5482
129.0980
129.2578
128.5501
128.7988
127.3674
128.0638
131.3480
130.2489
133.6535
132.0396
132.3564
132.6191
131.6170
131.3953
129.5571
129.3455
129.6420
129.2796
129.0455
129.8567
130.9588
132.1968
132.1799
132.7341
130.4215
130.1981
130.5217
131.6639
129.0598
128.8450
128.3801
129.8460
128.9828
129.0772
129.2720
128.3683
131.1589
131.7967
130.2659
128.9819
127.5597
128.1525
127.6721
128.5840
126.6691
128.2139
128.0978
128.9261
130.2254
133.1465
130.4483
131.0139
131.4030
130.0316
130.8068
130.5047
129.4267
129.8204
131.0786
131.4766
129.1673
130.8493
128.2705
129.8376
130.1052
129.5508
130.0584
130.6649
129.2264
130.1927
130.3770
130.0536
130.6253
129.9555
131.2328
130.4846
133.0756
134.1309
132.7865
133.4446
131.5699
132.3482
133.7017
133.3514
132.9447
133.6357
135.2148
133.2967
131.6726
131.8044
132.0496
131.9811
134.5072
134.5456
133.9847
134.2297
133.7834
133.5159
132.2220
132.9697
132.6725
132.2077
132.1903
133.3253
133.0673
131.4201
132.0889
131.3639
132.3731
131.2813
132.7335
132.5340
132.5262
133.8482
134.6007
133.9346
133.4228
133.9035
134.7843
135.8878
137.2528
135.8337
136.1768
137.5496
135.7220
135.4435
134.2599
134.0334
134.1048
132.2497
133.9762
133.6880
133.2976
133.8263
135.0717
134.1074
134.5963
133.1317
133.6010
133.2542
132.9674
131.6439
133.0320
133.2270
132.5564
131.6356
132.3644
131.7163
132.8793
133.5854
134.2742
134.1413
133.3409
134.1815
132.7705
133.8196
133.6439
133.8213
133.9603
133.3410
132.7486
130.9079
132.6810
131.5918
131.6360
131.5341
130.6462
132.2799
130.2178
129.0509
128.7256
129.3909
131.0456
131.5758
129.4729
130.3721
130.2065
129.5767
130.3896
130.1968
130.7389
129.8962
130.9108
130.8610
132.2398
132.1695
133.0934
133.5980
132.5997
132.5121
133.2827
133.1420
131.3116
131.8925
130.7310
130.8861
128.8120
129.6912
131.5452
132.7761
132.3922
133.2649
132.7838
134.0008
133.9405
134.2803
134.6208
133.0185
134.1052
132.7190
135.0305
136.6245
137.3402
137.0170
137.3260
136.9848
137.9746
135.6525
136.2374
134.9251
136.5601
136.7433
136.7953
136.3546
136.3472
135.7978
135.4845
134.5762
134.1555
134.8479
134.2220
134.7112
135.6655
134.4945
134.0559
133.5589
135.0417
133.9347
135.9664
137.2525
138.6773
139.2181
137.3056
136.4773
136.5387
135.5882
136.4160
134.9137
134.9148
136.1193
135.9137
134.0948
134.5620
134.7608
134.5054
134.8499
133.4119
135.6926
134.1183
135.5611
134.5146
133.2637
134.3291
134.6446
135.3741
136.3475
134.5999
134.4163
134.6268
135.3371
134.4434
133.9620
133.9665
132.2879
134.2476
135.0242
135.2817
135.1611
133.6347
135.6353
136.2355
134.6764
134.0924
136.4319
135.9623
134.4597
135.8496
135.5646
135.0991
135.3440
136.1104
134.9494
134.7436
135.2224
134.3251
135.7608
134.0540
134.6597
136.4332
135.3479
134.4770
133.7444
132.8717
133.9958
134.3576
134.8064
134.2877
133.5896
132.9503
135.9360
133.3421
133.6692
133.7035
136.3115
135.1966
135.6919
134.6576
134.3486
135.3823
136.4959
135.4063
136.7743
135.3352
134.5287
134.8790
132.3362
133.1914
131.7293
132.2852
131.1554
129.2529
129.2954
130.3160
130.7272
130.0011
131.1257
132.0046
131.5272
130.2299
130.0638
130.4934
130.6577
133.1323
132.2043
131.7913
131.5423
132.1270
133.8946
134.2760
132.5951
132.9206
132.6443
132.9609
133.0820
133.5332
134.0414
133.7779
134.5721
135.1738
134.5787
134.6021
134.3806
134.7775
133.9430
134.1839
133.2272
133.0284
133.8511
134.0851
134.9669
133.2701
136.4111
134.0841
134.6227
134.2336
135.4074
136.9573
136.9158
135.2967
134.6036
134.0182
134.6479
133.7524
134.0252
134.3452
133.7397
134.0481
135.3906
135.7239
135.3502
134.4113
135.3132
135.2192
132.7996
132.7051
134.4639
132.9804
132.8318
132.7732
133.6164
132.4626
133.5809
132.5759
133.1809
133.2746
133.0493
135.3721
136.5110
136.1686
135.1575
135.5034
134.1902
134.3134
133.5670
134.3369
133.6034
135.3757
132.8270
131.8199
132.9099
132.2015
133.8040
134.2256
136.8392
136.0372
135.6641
134.8373
135.8066
135.1014
134.8496
135.0740
132.8339
134.3309
133.2255
133.8730
134.5782
135.4552
134.7014
135.2158
134.9927
133.8072
133.8765
134.7067
133.9532
135.1635
133.9514
134.1619
132.3922
132.4287
132.9021
134.7454
133.9416
136.0910
136.5052
137.7567
137.6835
138.2632
136.8515
136.8183
138.1707
137.2208
137.3045
135.7420
136.3192
135.4924
135.0926
135.5321
135.9826
133.4899
135.6145
135.5437
136.3859
135.5333
137.2914
136.9288
135.2021
136.9334
136.8493
136.3780
134.1724
132.8267
134.2638
133.9798
134.8701
135.5959
136.4510
135.1398
136.4197
136.7418
135.3712
136.4285
135.9990
135.0401
136.1096
136.1812
135.7455
134.2562
136.4141
135.4972
134.5547
135.2355
135.7753
134.4143
134.6105
133.5369
133.5375
136.3871
137.1486
137.2305
135.2204
135.8662
136.0866
135.9560
135.4491
135.6977
135.7959
135.3953
135.1661
135.3874
137.5125
139.1045
137.6994
138.4510
137.2894
137.2687
136.1089
135.9100
137.2340
136.0838
135.6220
137.2148
136.9031
137.0763
135.7372
136.3955
134.8359
135.2940
135.4636
134.9104
134.9106
136.4612
136.6250
137.0219
138.7606
139.2426
141.1788
140.3593
139.4609
138.0976
137.5772
137.0841
135.7004
135.8568
135.9579
135.5748
133.7370
135.3032
134.4564
133.2055
134.7209
136.7434
135.7404
135.2945
134.9563
134.6445
135.6381
135.8709
135.1044
135.3958
133.0312
135.1781
136.2450
134.6770
136.1481
136.9251
137.2010
138.0022
136.7812
137.6064
136.0137
136.0505
134.9910
134.9566
136.1011
135.5749
136.1580
137.2491
136.6626
137.6493
136.7791
136.9504
137.0824
136.5216
138.7870
138.7536
139.1266
138.7898
139.2080
138.5048
139.0971
139.0685
139.4609
138.0054
137.7768
138.5298
137.6747
137.6777
138.3353
136.2996
135.5295
136.1916
136.8632
136.6282
137.2215
136.9166
136.0934
136.5978
135.4041
135.5410
136.6091
135.2277
137.9263
136.8164
136.5163
134.7205
134.2039
136.1661
134.5193
135.4214
136.1164
134.3231
134.5746
135.1675
137.1010
135.6520
133.9638
134.8989
134.0157
134.1174
134.2652
134.8655
132.7319
133.8906
133.6471
134.2798
133.4566
132.0462
131.5943
134.1880
134.6369
135.1172
135.1423
134.5866
134.9169
135.8606
134.7837
135.7272
136.0485
135.3930
134.9042
136.3362
135.6842
136.6190
134.9412
137.3127
135.5241
135.6181
135.2854
137.9844
136.0709
138.4780
138.0726
136.7071
137.7417
137.5251
138.4126
138.7080
136.9371
137.8176
137.8229
136.8735
137.5850
140.1217
138.0483
139.7333
139.3118
138.6440
139.5534
139.8726
138.5653
135.7773
138.0713
137.4737
137.1801
138.0393
136.9842
137.7786
138.3986
137.0795
137.5682
137.0300
136.6730
139.5188
138.2640
139.7841
140.1370
141.6088
140.4466
140.5408
141.1922
141.1963
143.0720
141.4500
140.8762
140.1530
141.1083
140.0390
140.3942
139.7125
141.1273
140.4169
140.5040
138.6407
139.9257
141.8872
141.7459
141.7902
140.9059
140.6773
142.2495
141.6468
142.7794
141.0162
140.7410
139.3645
139.4134
140.6087
140.4069
139.5908
141.7313
140.6291
138.8975
140.9633
140.6627
139.9274
140.0145
139.7541
138.7325
138.8467
138.9458
138.1032
137.4281
137.0207
139.0865
139.4104
140.4778
139.0194
140.5010
139.6124
140.7985
141.5089
141.6762
140.9592
141.5287
141.5500
140.7116
140.3771
139.8363
140.1263
139.3814
139.7164
138.2717
139.4292
140.8493
140.3045
138.8845
137.6696
138.2281
137.9841
136.8485
137.0185
137.3225
138.7667
136.0638
137.1744
135.9919
137.0205
138.2376
137.4705
134.8840
136.8255
133.9502
134.6509
135.0155
135.1020
136.3263
136.4083
137.8103
136.4518
137.1526
135.7077
135.6141
137.3907
137.1248
136.5497
137.0154
138.2250
136.5311
136.6661
134.7993
133.8962
135.3888
136.1449
135.5722
135.1633
134.9387
134.6442
134.5249
134.8735
136.2187
137.5129
134.4414
133.7781
134.1346
134.8595
133.5488
135.5043
134.0159
134.2661
135.3073
135.6704
135.8396
134.9600
136.4649
137.7574
137.2928
139.9339
138.0962
138.2438
137.7629
138.9533
138.1344
138.1252
138.2780
138.0197
139.3296
136.8112
137.3509
139.2547
138.8894
139.2265
139.8267
139.5450
139.7180
137.6989
137.3386
138.5087
137.7703
139.1285
138.5413
138.2344
137.6706
138.2341
138.0094
136.9130
138.1480
136.3522
135.0910
136.9889
135.5102
134.1587
136.1981
135.8429
135.5527
136.1745
136.9408
136.4357
135.6119
135.0067
134.9650
137.6675
139.2627
139.2008
136.6759
136.9276
136.2022
135.7810
136.8127
135.1100
134.6602
134.5196
133.3582
132.5375
132.5264
132.7495
133.4636
131.6329
132.5186
131.7838
132.8521
132.8858
133.0700
134.0676
134.1173
134.4824
134.8719
136.0101
134.6430
134.2560
134.1739
135.7830
135.5529
134.7433
137.0260
134.9331
136.4046
137.5497
137.4168
138.7013
137.6176
137.9706
137.5064
138.3407
137.7529
136.4240
136.7720
134.5138
134.7328
133.3277
134.2429
135.9595
135.4551
137.2088
137.8014
138.3074
137.3888
137.5301
135.8182
138.8906
138.4216
137.4470
136.2885
138.1461
137.3167
136.4572
136.7997
135.7694
133.9839
134.1296
135.4178
135.3424
135.3537
135.9526
136.3065
135.0451
134.3409
135.4243
135.8879
136.8535
137.5648
137.5938
138.6422
137.7986
139.0594
139.7390
139.5752
139.6363
140.1916
138.8834
139.3499
138.9019
137.8574
138.3875
137.4632
137.8533
136.8713
138.6438
139.2915
139.9099
139.3063
140.1999
139.7649
141.7187
138.9435
139.9274
140.7853
142.6383
138.9032
141.5522
139.6405
139.9502
139.9111
138.0105
138.9360
138.6892
139.6901
139.6055
139.0473
139.5948
139.0472
138.8874
138.2067
139.4002
138.8409
138.9894
138.2058
136.2223
136.3645
136.4605
138.7636
136.7804
138.5936
137.2609
138.3579
139.7180
138.0987
138.4833
136.9863
139.0578
136.9652
137.7594
137.4870
138.3644
137.4990
137.9787
136.2088
136.9519
138.9620
135.6491
136.4780
137.3866
136.2644
139.7385
138.7763
138.1917
138.1396
137.8838
137.9467
137.7148
137.9033
137.6343
137.9681
138.2856
138.8135
138.6190
139.0059
141.2414
141.3539
142.2282
141.3416
141.3674
140.9758
140.7803
143.6487
142.1410
141.4288
141.4035
140.4924
139.8090
141.5703
141.1730
139.4000
139.2104
138.8724
138.9958
141.0112
142.1852
140.7558
140.3837
140.5594
141.8356
139.3365
139.5214
138.3245
138.1615
139.9459
139.1993
139.7527
138.6944
139.6152
140.0167
140.6354
140.4389
138.4237
141.9758
140.6639
141.0088
139.7922
141.0667
139.5889
139.5078
139.5098
140.7134
139.2700
139.0034
140.1989
140.3596
141.4397
140.9834
139.9055
140.0951
137.8403
139.4128
137.8131
138.2333
138.9120
138.2581
138.9754
139.5244
138.6182
137.8106
136.4161
137.5500
137.6448
137.5598
137.5287
137.8269
138.8542
138.0557
135.1593
137.1053
138.0207
136.5065
136.7629
138.4468
139.0504
138.2511
139.7148
139.5689
140.7628
141.9343
141.4406
139.2071
139.9951
138.2270
138.9018
137.7015
138.2117
138.4711
141.4392
140.3669
140.3055
141.4027
141.2931
142.0852
139.9063
139.2185
139.2438
141.6807
140.1053
141.2470
142.1900
143.4398
143.5861
143.5574
140.9511
140.7562
142.1498
140.9151
141.0992
140.1889
139.9293
139.6455
139.8532
139.3570
139.8625
138.6188
140.9496
141.1514
141.2918
142.9570
141.3738
139.6724
141.8945
140.9990
141.2217
140.5840
140.1877
141.6212
140.8809
140.4412
140.2963
139.3085
140.8843
140.0447
140.0915
141.0091
140.9646
139.6339
139.3239
137.7680
136.8421
137.8634
138.0167
137.7935
139.3699
141.4094
139.9677
140.3381
141.8684
142.4098
140.0532
140.1623
142.0028
140.7743
140.2030
140.3632
140.6286
142.3765
141.5837
141.1670
142.7190
141.9601
142.2502
139.3495
140.4187
139.6082
139.1654
138.9957
139.4241
138.6373
138.0578
137.6333
137.6742
137.6468
139.1141
139.7201
140.4548
138.8257
139.2844
139.7027
139.6120
138.5595
140.0374
138.7524
137.6892
140.4246
140.9017
141.4808
141.4054
140.8899
139.5202
140.2952
141.3631
141.3928
140.9953
140.5340
140.1373
140.8094
140.0027
139.8302
140.1235
140.6562
139.0012
140.4948
141.4733
141.0109
142.9085
141.4392
140.5107
140.5206
140.3094
141.9654
141.1720
141.0452
139.8513
139.9341
140.5699
141.6124
140.2489
140.6682
140.4891
139.7878
140.9093
140.3139
141.7321
142.4135
141.8146
143.0193
143.4212
143.3754
142.0617
140.7491
139.7143
141.6926
141.5856
141.7721
140.8010
141.8399
141.9830
142.4439
142.0547
143.0406
144.0169
143.5137
142.7308
141.9781
141.8389
141.2790
140.9841
140.2590
140.0049
138.7459
139.4326
138.3569
138.5900
140.9511
139.3358
140.1712
141.3888
140.1673
140.7588
139.4956
138.5776
139.2231
141.1338
139.2213
139.6776
137.5808
136.2940
138.6004
136.8238
136.6063
137.4668
137.8182
134.7419
134.2122
136.6533
137.8409
136.3748
137.0033
135.9724
137.1888
136.5655
135.0584
137.6593
138.7350
138.9155
141.1836
139.9972
139.3437
139.6193
137.2783
138.4507
136.9151
139.5656
138.8035
139.9799
141.6742
138.8461
138.2071
138.8594
139.7688
140.8697
141.1988
140.4835
142.0661
142.2117
141.7519
142.8634
143.2694
142.0139
142.3942
141.7520
142.1056
144.1751
143.6736
143.8336
144.0719
143.9189
141.3767
141.1805
139.1535
140.3830
137.4890
139.8013
139.4557
139.3318
142.1112
139.6231
142.4901
143.2117
142.4796
141.0717
139.8129
141.6672
141.2953
142.7195
142.3583
143.9163
141.8904
140.8904
140.9533
141.5376
142.6014
143.7724
141.1969
142.6479
142.5652
141.7207
141.5036
140.1701
139.7177
140.2527
138.9775
138.0822
138.4218
140.7892
140.4570
142.0731
143.0559
141.8936
142.9517
142.1767
141.1163
142.0933
140.8288
140.0583
140.7604
141.1809
141.5112
140.1678
142.2403
143.6574
141.4148
140.6526
141.6264
140.9290
141.0586
140.4639
139.9940
140.8406
138.8366
141.5384
140.2875
139.7295
139.6787
141.2676
139.9790
139.7310
140.9367
140.4768
140.9432
139.8464
141.2449
140.8349
141.0851
139.8416
139.5159
139.2222
139.6938
140.1525
138.6562
140.6357
139.0877
138.9771
136.8927
138.0602
137.9388
137.2540
138.2155
139.3914
136.7604
137.5950
135.2504
136.7757
138.5212
138.6174
139.2691
139.8480
137.1846
136.0028
137.4072
137.0690
135.3370
134.8059
135.4218
135.9955
135.0528
135.1090
137.1999
136.6636
135.6792
133.8996
133.2189
134.3595
134.2698
137.9463
137.9305
136.3845
137.2488
138.2162
137.1985
136.8130
137.2498
136.9504
136.4953
137.2559
138.4203
137.0995
139.4569
136.8810
137.5156
137.8936
137.0150
138.6101
137.8282
136.4397
135.3393
135.9432
136.2900
135.8988
134.1260
136.0088
134.7609
135.0569
136.6111
135.4201
134.3048
133.7192
134.5827
135.9052
133.4888
133.7107
133.7561
134.5259
135.0246
134.3286
133.4444
133.3056
132.5807
134.1024
134.4503
134.1113
133.6610
132.3426
132.7754
132.8332
134.0897
133.4373
132.9023
132.5634
132.9908
132.9747
132.2280
133.5015
133.4155
132.7094
133.1432
133.8779
134.8491
134.6610
135.3945
134.3917
133.5655
133.3451
133.1811
132.8091
131.6672
132.8220
133.4866
134.0052
134.2997
133.3588
134.4586
134.3068
134.1328
136.0968
133.6298
136.4441
137.1914
136.1589
135.8101
134.1886
133.5272
134.8894
135.3354
132.8977
134.9225
133.3284
134.7798
132.5407
133.6899
134.3855
132.1386
133.6426
133.9524
134.1231
132.9795
133.6244
134.1884
132.7589
132.7295
131.3362
133.0679
132.9862
132.9625
132.2621
133.3100
132.6075
132.2688
133.3535
132.4639
132.6825
132.7092
135.5768
136.1688
135.8212
136.7603
133.9552
134.6965
136.2894
135.8579
136.3523
134.4479
135.6656
134.1801
133.2287
132.8691
132.6157
132.5520
132.9424
136.2943
135.3667
136.8007
136.8456
135.9493
136.3404
136.8858
137.1402
136.9183
137.8552
136.5554
136.4453
137.1077
135.4260
135.9016
135.0639
136.0261
138.2223
138.1492
137.9037
135.8603
134.5376
136.8478
138.3983
136.3441
136.9194
136.7536
136.6638
136.6366
137.2518
135.1930
136.1817
134.7497
136.2008
138.4672
137.4544
136.9443
137.4621
134.9511
136.6231
135.4240
137.8633
137.9807
140.0278
140.7504
138.8589
139.7394
141.1561
140.0274
139.2611
139.0356
136.6934
136.0064
137.4375
135.1041
134.1625
132.0967
132.8108
134.7011
134.2833
137.2688
138.1131
137.7653
137.3927
137.3895
137.0428
137.1536
136.8666
136.8081
135.0076
135.2911
134.8914
135.7811
134.9166
134.7898
135.0903
134.9039
134.3111
134.6220
134.9244
135.1792
135.4172
135.3968
135.3965
137.1014
137.6908
137.9957
137.0404
138.0316
139.1789
139.6834
139.6890
138.9096
137.7884
138.7209
136.1361
135.2352
135.0835
135.6665
135.0051
134.9217
134.4873
136.6586
136.4477
134.9347
136.3478
133.8913
133.7689
131.8471
133.5369
133.5667
134.7587
134.5389
133.9379
133.5505
134.1439
133.6892
134.5996
135.3139
132.5144
133.1297
134.8454
133.0150
134.1874
132.1219
133.4607
131.8734
133.3874
133.0577
133.8962
132.7922
133.0661
132.4459
132.6758
132.3749
133.6457
132.2853
133.0536
135.8029
135.4279
134.4556
134.6663
134.1521
132.8887
134.2695
135.4540
136.4857
135.7937
135.0174
136.3809
137.0150
136.4505
135.9336
138.5597
137.7442
137.4366
137.4855
138.5022
136.8731
136.6444
136.8282
135.8449
137.2966
135.6425
135.9338
135.2246
135.3171
136.8596
137.1637
135.1725
134.8335
135.5900
137.2918
136.4269
135.7353
137.8395
137.5111
137.3737
135.8379
135.6212
135.4277
136.0089
134.7069
134.5375
134.5734
133.6367
134.0798
134.3099
134.5649
133.4760
135.9149
135.8888
135.3481
137.3108
137.3990
138.2531
136.2064
134.9417
134.9303
134.8002
134.3828
135.3424
135.0228
134.5751
135.0589
136.0331
136.5502
136.0341
134.8044
133.8582
132.0018
130.6190
131.6225
130.5247
131.3002
132.2391
132.7577
131.9455
131.2014
132.0168
133.3474
133.3474
134.1992
133.0035
132.6112
133.8876
132.4085
131.1053
131.1323
132.1756
131.5935
133.6830
135.8740
134.8004
134.0589
133.9290
135.3860
135.5198
135.6097
133.9093
133.3281
132.3376
130.7804
134.1201
134.8373
134.6840
134.7409
133.1301
134.4494
133.6659
134.4414
137.5515
136.0148
135.7258
135.3692
136.0249
135.9090
135.6074
134.9685
134.7010
133.5825
133.1043
133.8204
132.9655
131.8999
132.4523
134.7393
132.7574
132.1511
132.3383
133.9762
133.6039
134.3335
134.1645
134.3472
133.2197
135.6072
133.4899
132.8990
133.5469
135.6476
134.7615
136.5318
135.3262
133.9441
135.3315
133.6998
133.2533
132.1979
130.0362
131.9972
134.0614
133.8272
133.9548
133.6322
135.7698
135.6382
136.2405
136.0865
137.5221
137.1828
137.7474
139.2395
138.4264
138.3496
137.8991
138.6611
138.2452
139.2406
137.3603
139.6068
139.0510
139.5828
137.6696
137.4317
138.2364
138.8900
138.3069
137.5400
137.0767
135.1717
135.2197
136.2606
134.1431
134.1772
132.2502
134.0142
135.5201
135.6855
135.9239
136.6953
137.0877
138.7020
136.8917
137.5923
136.6566
137.8873
138.6618
137.3653
137.0946
139.1859
137.7627
138.8772
138.6646
137.8058
138.1993
139.2682
138.5482
138.5001
137.4202
137.4265
138.2967
138.1106
137.3142
135.3863
135.4838
135.1688
137.2241
135.9334
137.1110
137.0476
134.8072
135.0143
135.9870
137.3165
135.8366
135.1754
136.7813
135.5289
138.2972
137.9088
136.9059
135.2041
135.3526
135.1488
134.8534
134.1818
133.9331
134.1595
135.6432
137.3587
138.9938
137.1489
136.7486
137.1571
136.4214
134.1676
135.4038
135.5801
134.6521
135.6916
133.6952
134.9409
135.4237
135.8623
135.5196
133.6372
134.3457
134.6379
134.1844
135.2014
134.4837
134.5484
134.1897
133.0946
134.7961
135.0904
133.7231
132.5754
133.7037
133.7206
135.2012
133.8951
131.9192
131.9860
131.3296
133.1199
133.6982
135.0008
133.5475
135.5750
135.6642
134.0930
133.9933
133.7848
131.1292
131.8304
131.6883
133.5935
133.2026
134.5400
134.0496
133.5810
134.1956
133.8126
133.0665
133.7319
134.5920
136.5139
135.8527
136.0934
136.9144
134.9898
133.9497
132.6718
133.9162
135.3761
135.3622
134.8907
133.8442
134.5770
135.3234
137.8090
138.5312
137.8174
137.2132
136.6817
137.3442
138.2621
138.0224
137.9167
136.3003
138.6857
138.3232
137.4371
137.0403
138.2601
137.0767
138.8259
139.5570
139.8067
139.5380
140.0968
138.5092
137.5712
140.5346
139.5250
140.1729
139.4478
139.9917
138.9552
138.5684
139.9150
136.8871
135.5870
136.4423
136.5981
134.2454
134.6721
134.8308
134.6050
132.9341
133.9292
133.6673
134.0408
132.3022
134.3179
134.2726
135.3468
133.9314
133.4668
132.0280
132.3380
131.2621
132.9592
134.1026
132.6936
132.4507
134.4272
132.0808
131.7449
132.5717
131.2462
132.2426
133.4840
132.7166
132.2352
132.9903
133.1052
131.9646
131.3765
130.7793
132.0814
130.7737
130.8488
128.8888
130.1672
130.2030
131.1848
131.6417
132.6942
131.2628
131.7912
131.3782
132.4488
132.8707
134.2183
133.6093
132.6198
133.4640
133.7843
133.3813
135.6083
134.7519
135.4365
134.4625
136.5155
137.6029
138.4410
138.0140
137.0164
138.0833
137.3350
138.5821
138.3459
141.2080
142.0353
140.6343
141.3489
140.7986
141.0408
140.5044
138.8569
137.7772
139.9406
139.0859
137.6122
138.0148
137.8325
137.3184
136.5706
137.7826
136.7210
137.6496
138.4624
137.1053
138.2446
137.8765
138.3940
139.0173
139.8051
137.7273
136.5243
137.1148
138.0625
138.2885
139.5261
139.5361
138.6812
138.2622
138.4289
138.9999
139.5459
139.1866
138.9740
138.6968
138.2173
139.9035
141.1132
141.1953
139.2517
139.6943
139.6488
139.0389
139.6561
139.6583
139.8948
138.6108
138.0414
138.5974
138.7232
138.8226
137.0111
138.3157
139.6003
139.6716
139.1239
136.6441
139.8609
137.7796
137.5600
136.9787
138.3371
136.8398
138.7501
139.1659
139.9834
139.6820
141.6164
139.4845
137.4028
138.4255
138.9482
137.8574
137.8316
139.0248
137.6544
138.3716
136.5364
136.9764
138.7907
139.1793
139.9827
138.8023
137.4782
137.4366
137.8199
136.2057
135.7016
137.1322
134.8317
135.7982
135.1859
134.3476
133.7159
135.1831
136.7608
136.6951
135.6932
135.3177
134.6626
134.2306
134.8901
135.6955
136.1008
133.4475
134.0710
135.9085
135.8708
137.3255
138.1570
138.0557
137.2632
135.8564
134.8477
137.5433
137.0746
137.4531
137.5726
136.4342
136.6145
135.3779
136.6153
136.1302
136.3367
135.4634
135.8222
136.7599
134.5368
135.6736
134.7114
134.6640
133.9302
133.9568
134.1982
132.1402
132.7272
134.5483
133.9244
134.7424
135.4874
135.4164
134.5954
134.0661
134.7524
134.5381
135.5332
135.9084
136.4496
136.7311
136.5519
134.9704
137.0486
136.2148
135.2795
136.0937
136.4100
136.7368
135.6863
135.3192
136.1750
137.1134
137.4205
134.9738
136.0353
136.7640
136.2590
136.1844
138.3133
137.8788
136.3409
135.5162
135.4885
135.0670
135.8443
136.5707
136.4584
135.6290
134.2714
134.4636
134.0227
134.3914
135.3414
136.6531
137.2666
135.9381
136.1084
135.9786
135.7824
136.6901
136.4806
136.0191
134.6341
134.2307
135.5488
136.3377
135.7052
135.5293
137.9492
137.0937
138.8890
139.0390
140.3864
140.2149
139.9313
139.7519
141.3465
139.4843
141.0674
140.7437
139.5484
138.8889
136.9752
136.8717
136.0488
137.3487
137.9044
136.4787
139.9195
137.6771
137.5435
135.1697
135.9102
135.8590
134.0243
135.6068
134.9613
134.8751
135.6914
134.5101
134.1670
135.4851
136.4342
136.4548
134.9036
134.0240
134.2248
133.2051
134.8503
135.3936
135.7442
135.0368
134.1029
134.3462
135.3083
135.1627
133.5209
133.9797
137.5561
137.2222
136.5350
135.2307
135.3668
135.0769
133.6945
135.4060
134.7183
136.2326
135.9196
136.7190
137.4648
135.1693
134.5564
133.7305
133.9538
133.4693
135.7005
135.4126
134.6476
138.2833
136.7859
134.8861
135.0158
134.9077
134.5907
134.2412
136.5604
136.9085
137.1726
136.1609
134.1426
133.6405
134.8191
134.1868
133.8082
135.9267
137.1769
138.8179
137.7828
136.3173
135.1992
136.2290
135.5723
136.1892
135.9430
135.6495
135.6503
135.4186
136.4249
137.3660
136.2028
136.9891
136.4600
136.2677
134.3200
135.2686
136.0055
138.8904
137.2244
136.5867
138.0568
137.9497
137.5744
136.7708
136.5973
136.5799
137.1804
133.1184
134.5812
136.6308
136.6091
136.1385
135.8078
136.1300
136.9788
136.9557
137.8726
140.0761
138.5976
138.8228
139.6592
139.6212
137.7300
136.7302
136.1111
135.2678
136.4319
135.6960
136.1471
137.5449
135.2211
136.8460
138.3274
136.1621
135.7049
135.8982
133.5674
135.1147
136.9111
136.9107
135.0995
136.9013
136.0662
135.4150
136.6945
136.1070
135.5317
135.9234
133.5006
133.4684
133.2691
133.5503
134.2106
133.3839
133.3353
134.4887
133.9840
134.0435
134.8432
132.8370
133.8919
133.5978
133.9129
134.1020
131.8453
132.0618
133.9856
134.5988
135.0980
134.5924
132.6211
133.6033
135.3048
134.1344
134.1459
131.8494
130.0822
130.9509
130.7943
130.6260
131.4387
134.4182
132.2336
133.5955
132.7862
134.2313
134.2375
130.2888
131.2579
133.0654
131.8057
132.5122
133.7920
133.7988
132.5166
134.3149
134.8524
133.6151
132.1564
132.7446
134.1641
135.1962
134.6720
133.0044
131.7834
133.3076
132.8872
133.2458
133.3468
134.1295
135.0884
134.7903
133.0336
134.1934
135.7675
136.3431
135.7698
137.4849
135.5651
135.4676
136.7741
137.2875
138.3115
138.5851
138.2923
138.4290
137.4625
137.5973
137.3725
138.1328
138.5925
138.3755
138.5902
139.5182
140.2234
139.3807
139.6078
138.0241
136.0357
138.0369
137.8411
138.3179
139.0348
138.7842
137.8102
137.4067
136.3217
135.4702
136.5386
136.6319
137.8611
138.1816
135.9137
137.3551
136.7259
136.0942
136.7958
136.1910
137.0036
136.1003
135.3838
136.1731
137.3253
138.1263
137.3798
133.2997
134.9224
135.7357
135.9018
135.2330
135.3191
133.3488
135.3565
135.9995
137.1724
135.7909
134.5028
133.3000
135.2465
134.2563
133.9115
134.7766
133.0384
133.8874
135.6702
135.4191
134.9588
133.9816
134.4357
132.9026
133.5089
133.3959
133.0036
133.3393
132.0764
133.7979
132.5554
133.9708
133.4400
134.5038
135.7357
135.6328
136.2919
136.6163
136.3669
136.7976
136.7063
136.8094
135.1981
137.1746
135.1620
136.4262
135.8386
136.5358
134.8802
135.3470
134.3328
133.9192
132.6350
135.3762
133.5468
133.4388
135.3389
134.4279
133.9132
134.3340
135.3949
133.7860
135.3843
134.1666
133.7237
134.2142
135.5008
136.3485
137.9255
137.1934
135.4832
135.7654
135.0692
136.5008
137.1312
136.0758
135.2511
135.0696
135.1841
134.2925
134.0195
133.6904
133.9173
135.4912
134.2645
135.4464
134.4850
136.3080
134.4087
133.9590
132.9885
135.0231
134.8673
136.8560
135.2938
136.9183
137.1573
137.3392
137.6468
135.2272
135.0999
135.2917
134.6336
136.3221
134.7175
134.4777
135.0597
135.1854
135.0877
134.5388
133.8821
132.3990
133.1231
134.0325
132.6889
133.0960
131.6529
132.5334
132.3698
132.1042
130.2555
129.8420
132.8901
133.3847
132.5570
131.5195
133.3983
133.8506
134.6779
135.1559
136.3317
135.2200
136.0738
136.1356
136.3349
135.9298
134.8012
135.8780
135.1826
135.4439
136.9990
136.3098
134.0518
134.3322
134.3109
132.6799
131.8597
131.8300
130.0526
130.8442
131.0854
132.6018
131.6053
130.6179
132.8163
132.0872
132.2325
131.6126
131.0769
131.7695
132.3385
132.0645
131.2004
130.6988
129.0655
130.1134
131.5620
131.4725
130.4185
132.7534
134.4500
133.3738
134.1785
133.1860
133.3594
133.6338
132.9116
133.2794
133.8291
133.3260
132.7583
134.4422
134.2458
133.6828
133.3258
133.6804
134.1907
132.5354
133.3304
134.3145
132.7475
134.3990
132.4731
132.1740
132.6591
132.7737
131.9918
131.5795
133.1310
131.6957
132.4479
133.8953
134.1201
134.7067
134.3657
134.7114
134.6306
134.2043
133.3742
133.6092
133.7289
133.3638
134.0587
133.1670
132.6569
131.5225
132.7285
131.7589
131.0655
132.5299
133.5152
133.2758
133.3854
132.7311
133.3933
132.8046
133.7269
132.7614
134.0119
133.6039
134.2145
132.9660
134.7994
134.9877
135.8366
135.7730
134.7332
133.7467
134.9802
135.1221
134.5305
132.1750
132.2973
132.4836
132.5966
133.7180
134.4541
132.0377
133.5634
134.6731
132.1459
134.1346
131.7077
134.3780
134.0668
133.2749
133.2135
132.7783
134.4549
133.2956
134.3241
134.2147
133.0345
133.6540
131.6731
133.1861
133.4139
132.8259
130.8963
130.9561
129.5373
128.8097
129.3690
132.2874
130.7438
132.0932
132.7654
134.2823
134.2983
134.7064
134.9448
134.8190
133.9893
133.1221
132.4346
133.2988
133.5187
134.8553
133.1769
134.2031
134.4060
134.2574
132.0901
132.8335
131.6758
131.3359
130.4986
130.8164
130.9512
130.5645
132.0652
131.6584
131.0329
131.2676
130.9328
132.4577
135.2601
136.5464
134.5186
135.2430
135.4356
134.8227
136.3086
135.6883
134.1452
134.1200
135.2843
136.0780
136.1002
136.6403
135.0462
134.8175
133.9301
135.9062
135.7983
136.8500
136.3381
136.5924
136.5917
137.4167
138.3649
136.0176
134.8422
136.1351
132.7777
133.5678
135.6112
135.6415
134.6875
134.5797
134.5723
133.9003
133.4975
132.7598
134.4563
133.0107
132.1042
132.4873
135.7964
136.8888
136.7925
135.1926
135.1511
133.3962
134.1962
134.2861
135.1111
133.8084
133.1849
133.3334
134.1105
133.2169
133.8722
134.7421
134.1439
134.6348
134.9563
134.0345
135.4676
134.6694
135.1320
133.4525
136.9540
135.5377
134.3167
135.2081
133.0887
131.8035
132.9322
133.4429
133.9281
134.5607
134.0287
133.1254
132.5963
132.5787
133.2926
133.3115
131.0407
132.1855
132.9487
132.1142
131.8079
133.7956
134.5094
135.6036
133.8039
133.6183
133.4524
133.2034
133.6312
132.9640
132.4769
133.7501
134.4505
134.2151
132.3622
133.7146
133.6510
132.5578
132.0254
134.0237
133.7186
134.9153
134.1440
134.6824
134.5776
134.3484
133.8199
134.4530
135.2858
135.9763
136.8185
136.4249
135.9941
136.0412
136.5865
136.0693
134.6835
134.0267
133.8396
133.5197
135.4096
132.6686
135.4984
136.1297
134.2758
135.5570
136.7817
136.3262
137.5224
137.2123
134.9308
134.5111
135.7624
135.9569
135.5171
138.1587
136.2336
135.9582
136.2761
137.1587
136.1585
137.3903
138.0086
138.5089
137.9733
137.8594
139.3503
137.8285
137.3641
137.1118
135.6837
135.3721
133.9112
135.1866
134.2035
135.0075
132.9038
134.0241
132.2284
133.3850
133.5667
133.4632
134.1921
134.0583
134.4184
135.6326
136.2492
133.4348
135.1599
134.3615
134.9202
136.1918
133.7267
132.5771
131.4421
130.9882
131.3530
130.5802
132.0499
131.5485
131.6616
132.3900
133.1074
133.4814
132.6624
132.6362
132.8280
132.6409
132.2434
134.5928
132.5893
133.2223
133.4930
132.1644
133.6235
133.7875
134.9434
134.6722
136.7749
137.1012
136.9073
133.7179
134.6427
134.1991
133.1139
132.0447
133.6950
133.9416
132.3528
133.4271
135.0946
132.5270
135.0569
134.2876
134.8336
135.0480
134.6047
134.6866
133.5380
135.9926
135.6532
134.6576
135.7814
136.9559
135.8731
133.1002
133.3932
134.3814
132.9187
134.1347
132.2929
132.0615
131.6132
130.1389
131.0306
131.1080
130.8020
132.1205
132.0456
131.9274
131.4147
131.2024
131.4596
131.6600
131.7317
130.8065
131.5281
131.4176
132.8281
133.8779
134.6585
134.0341
132.8504
133.2825
131.1424
132.4067
131.9691
131.5088
129.5784
131.0789
131.3451
130.9365
129.8603
129.9253
130.4056
130.6710
131.7936
131.7684
129.2196
129.1679
128.8654
131.2542
132.9467
131.9574
130.9859
130.4568
130.0854
129.0594
128.7092
130.0331
129.7065
130.7628
129.7975
129.7994
129.0955
129.4876
129.4141
129.1613
128.9858
129.8924
130.0845
131.9710
131.0164
130.4084
130.7002
130.1219
129.8793
129.7366
129.3695
131.8795
130.3255
131.1758
131.8374
132.6562
132.6870
133.4971
131.6759
131.9032
133.3938
133.6212
134.1271
132.7188
130.8634
131.7178
132.5066
132.1264
132.2239
132.4972
134.4123
133.0650
133.5240
132.8907
133.4705
134.7482
135.3982
133.4438
132.6043
131.6168
132.2282
131.9911
132.4690
133.1011
133.8882
132.7288
131.7980
133.6822
133.4069
132.6002
131.6778
130.7599
131.2618
131.1408
129.8341
130.2005
131.5358
133.2107
131.3450
132.7394
131.7684
132.6104
131.0074
131.0083
129.8104
129.8728
129.9746
129.5629
130.7220
129.9535
129.6255
130.1974
130.1950
128.7998
129.6981
129.3146
128.4613
129.1216
129.2723
132.0555
132.2757
133.8259
134.6380
133.2217
132.8894
134.0883
133.8368
131.8468
131.4889
133.5899
132.1783
131.4634
133.3025
132.6033
131.8432
132.4502
131.2237
131.4205
130.0964
129.6585
130.4077
129.6609
129.6618
130.4873
131.3281
132.1860
130.3559
130.0569
131.7376
131.5336
130.3562
129.1054
130.6291
130.6541
129.6419
128.9444
129.7688
129.9719
129.0703
131.1359
131.3584
132.4113
131.6617
131.3500
131.9136
132.2412
132.9317
133.4078
133.1130
131.8271
133.0289
132.1950
132.0749
132.6462
133.2732
133.3109
133.2291
134.6458
134.2932
135.0533
135.0780
135.0533
135.0315
135.3699
136.3077
135.2963
134.8919
134.2894
132.4180
132.6585
133.1219
132.0667
130.9649
131.0969
132.0991
132.4324
132.0637
131.8242
130.2773
130.1563
131.4908
132.3802
133.0932
131.4216
130.1084
130.7999
130.7463
132.6336
129.8155
132.9680
131.1561
132.2824
131.4071
132.8679
131.7573
132.8759
130.6678
131.2786
131.8131
132.2177
133.7435
132.1479
131.8991
130.8581
130.5198
131.2989
132.5659
130.1744
132.3434
133.2165
135.1342
134.0369
132.7819
134.1399
130.7688
131.5249
130.8824
130.5609
131.7416
134.1696
132.5192
132.6018
130.8092
131.3461
131.6043
132.7559
130.9187
131.8524
132.0229
132.0760
131.5855
131.5348
130.0066
131.1596
132.3855
132.7602
132.7654
133.0585
132.1279
131.9850
131.7656
132.7008
132.8216
134.0160
132.4681
134.3706
133.7474
135.7750
133.7292
133.0145
134.9647
133.6269
133.9840
134.5337
134.9485
134.4231
133.6758
133.5369
132.0374
133.6176
132.4168
132.1277
132.0193
131.2880
132.3987
133.5319
132.0527
131.6657
130.8447
130.7733
130.8757
128.5208
127.8881
127.0720
126.9790
127.7757
128.7340
129.1471
132.9239
132.0768
130.6712
131.0864
131.2094
130.8900
132.4048
131.9480
133.9014
133.0024
130.5466
131.7512
133.6176
131.5849
132.5105
132.3145
133.6958
132.8438
131.2882
132.4502
132.1724
133.5221
134.2187
134.1249
132.3459
131.3432
133.0627
134.0323
134.3213
133.3482
130.8117
131.4634
131.4940
131.2722
132.0030
131.6201
131.1314
130.5935
131.7454
132.6429
132.0546
131.9533
133.8985
132.6612
131.8655
130.9457
131.0277
129.6114
129.8817
128.4474
129.8717
130.7005
130.8061
131.4461
130.7345
129.9998
130.7771
131.2694
129.6970
128.0539
129.1312
130.0852
130.0616
129.5349
129.6148
127.5874
131.1217
131.1498
131.4618
131.9989
132.6219
132.0053
131.5172
131.0002
130.6484
130.8700
131.0976
129.2161
130.4838
130.8502
131.7684
131.7192
131.1273
130.3097
129.5941
129.3387
128.1398
129.5150
129.2593
130.4808
130.2864
130.8219
128.9853
128.9015
128.7499
127.9175
129.1059
130.5755
129.8441
128.5355
128.0903
127.9312
129.0958
130.1631
129.9149
131.4251
131.0359
130.6702
131.4836
131.8037
132.1079
132.2354
133.3209
132.9665
134.0717
134.2433
135.4819
133.6680
133.2941
133.7713
133.0184
132.1727
132.9813
132.7242
133.2481
131.7483
132.5242
133.0186
134.0230
132.4013
131.0618
131.0401
130.3149
130.6953
130.4649
130.6464
131.0365
130.1312
132.3359
132.4450
132.8053
134.1902
134.5722
134.4025
133.1676
130.7721
134.3164
133.8178
135.0561
133.5136
134.3201
135.5413
134.1058
134.0124
133.1384
132.8815
133.9558
131.9336
131.4378
132.2983
132.0278
131.2363
131.9517
130.4958
131.6957
132.3241
132.2832
133.5328
133.6885
133.3369
131.9912
132.5176
133.8688
132.9625
132.9268
131.1712
131.5155
131.4563
132.1347
131.8449
131.4000
131.3875
130.7116
130.9449
130.6004
130.1943
130.0238
130.5113
131.9951
132.2882
132.3049
132.1871
131.4564
130.7129
129.9010
131.5424
132.2889
131.5219
131.8814
130.7487
130.5662
130.2169
130.0322
130.0656
129.5131
128.9672
130.5290
130.8211
130.8275
131.2202
130.5116
131.5255
131.5288
132.2648
131.0813
130.5432
131.4404
129.1653
130.4323
130.4753
130.2649
128.8164
129.1680
131.0391
132.0940
131.0453
129.0120
128.3891
129.8327
130.0392
128.2269
129.8850
131.4650
131.2778
131.2319
131.3488
132.1117
131.7061
132.7986
131.4043
131.9879
132.0242
132.7306
132.5230
132.1201
132.9557
133.6681
132.2777
130.9924
130.9488
130.3933
129.1270
129.4170
129.9457
129.5477
130.8376
130.7751
130.1932
130.6942
131.6662
131.6593
132.5015
132.1469
132.0088
133.6367
132.7154
132.0653
132.9128
133.0194
133.5079
132.0266
132.7251
131.5480
130.9021
131.4901
130.1862
131.4648
130.9771
132.1910
132.3160
131.8746
132.7260
132.5357
133.0952
133.3913
135.8998
134.7178
134.2812
134.6270
135.0664
133.7477
133.9064
134.6263
133.8084
133.7260
132.7954
131.7431
131.9313
134.5352
132.7863
131.4775
131.5788
132.1429
132.8233
130.9042
132.0482
132.8121
132.2467
131.1858
131.7182
131.6823
130.1875
130.7429
132.2298
131.2884
131.1513
131.9278
131.4852
130.0093
130.8263
129.8278
129.6223
129.6793
129.5140
128.8812
129.5203
129.5771
129.5629
129.5014
130.9867
132.5226
131.8200
132.3738
131.1356
133.0243
132.8525
132.7241
132.0777
132.8139
132.8537
132.0102
130.6371
129.4553
131.1813
130.4746
130.4527
128.3046
128.3990
126.8279
128.3184
128.7750
130.0524
129.4484
130.8213
130.8296
133.2658
132.6461
130.3303
130.1316
130.8515
130.2236
129.1761
130.1704
129.8912
130.3384
130.8292
129.3200
129.4733
129.9516
129.3583
128.3209
128.8003
129.8501
130.8693
129.4074
128.4249
129.8444
130.8388
131.4340
130.9245
129.7363
130.0009
130.1979
129.7066
128.3231
129.1977
130.1597
130.3264
131.0857
131.0162
132.7950
132.1202
130.8184
129.5315
130.4896
129.9987
131.1948
129.4117
130.8988
130.7023
131.6643
131.7875
130.4421
129.5016
131.8085
131.2031
130.1863
131.0000
131.8602
131.1468
131.1637
131.3580
130.2078
131.7598
130.6646
130.4514
130.5621
130.0385
129.7842
129.0541
128.5090
129.1642
128.4864
129.2468
127.6033
128.7973
127.8122
126.6459
127.5634
127.4439
128.7974
127.9940
128.3596
128.2269
129.6061
128.9685
129.1255
128.2643
128.2618
129.7591
129.9916
130.1220
129.4471
131.2792
131.7144
130.9736
133.1719
133.1326
134.8655
133.8939
132.4539
132.5636
133.5703
132.1699
132.4804
132.2349
131.8246
130.1485
129.9867
129.3798
128.4709
129.3404
127.9117
128.3903
126.3649
126.0663
128.4085
127.8445
129.3898
128.1239
128.4406
129.8767
128.7863
130.1715
129.4546
130.1295
130.0556
130.0093
129.1533
128.8317
129.3184
129.1111
129.1718
129.6495
130.0896
129.9105
130.1184
129.3641
129.4375
128.4847
130.2586
129.7899
130.6943
131.9437
132.0758
129.0011
131.9765
130.7431
130.3778
131.3557
130.8014
131.2407
131.2833
129.8379
130.8863
131.2140
130.2432
127.9942
129.2444
128.7537
128.3828
129.0356
130.5282
130.3817
129.6770
132.2640
131.4946
131.3861
130.9663
131.3047
130.8849
131.4417
130.8114
130.3636
131.5810
132.4281
131.0121
131.2139
131.6328
130.7556
129.7677
131.3408
129.6951
130.7559
131.5157
130.9833
130.8955
130.6870
131.2759
131.3957
132.0315
132.8787
131.6939
132.7489
131.6886
132.2635
130.8926
131.2035
130.6509
130.4003
131.0503
133.9355
133.0797
132.8832
132.7475
132.9078
133.1362
132.0867
130.3587
129.9077
128.0692
126.3288
129.2899
129.2260
129.3365
129.6317
127.8804
129.1658
130.8128
131.4465
132.7502
130.8974
131.8299
132.2267
132.4922
133.2363
130.9311
132.7476
132.5023
131.9421
132.4412
133.0360
129.8964
131.1370
130.8852
130.8738
131.6247
132.6603
133.4854
130.2828
131.5318
132.3963
132.5710
133.0800
134.6830
134.2319
136.4960
135.0387
133.6740
133.5751
132.4523
134.2261
134.0974
133.2062
133.5177
132.4036
132.2035
131.5000
132.7882
131.9968
132.1295
133.3247
132.5619
130.9724
129.9689
131.6599
131.0991
130.7748
132.6734
134.6633
133.7615
136.1693
135.5872
134.7974
134.3138
135.2123
135.8540
136.1494
137.1332
136.6765
135.6785
134.4809
136.2639
135.6527
133.7517
132.7376
132.4821
131.2505
132.1650
130.3486
131.7723
132.0301
132.9634
131.8771
132.9594
132.8057
132.9944
132.4158
131.0788
131.6826
130.8581
130.7974
131.9625
131.4211
132.0184
130.4451
130.7467
130.9334
131.9818
132.1436
131.5743
132.6352
132.1959
131.9005
133.0033
131.8593
129.9522
130.4865
130.0960
130.9241
132.5457
132.5000
131.7036
129.6653
130.6527
129.8267
129.0402
128.8840
128.7836
128.9697
129.3814
129.6248
129.0526
130.0047
129.1949
128.6438
128.3245
128.8586
127.6847
129.1381
129.1537
127.8167
127.3463
128.2730
127.1152
126.7389
129.0343
128.1595
129.3443
127.7679
126.8651
127.0685
127.5377
126.6417
128.4123
127.0575
127.4374
126.9301
127.8160
128.3933
129.1456
130.6149
129.3791
130.3260
130.0906
130.6250
131.8450
131.1016
130.7105
130.2972
130.1027
128.4089
128.7834
127.7605
127.5408
128.0755
127.6346
128.4662
127.4890
129.2472
129.1740
130.8373
130.3600
131.6033
131.4771
131.6441
130.1607
130.8510
129.5263
127.0517
129.5178
129.3280
127.7890
127.4765
127.2340
127.4805
129.8697
129.4500
130.0843
129.4120
130.1670
129.6046
128.7921
127.7558
128.7405
126.7595
127.8794
128.2859
126.5132
128.5393
128.2046
127.7499
129.9871
129.5048
128.1519
128.7489
128.5600
126.9253
126.8218
126.9380
127.2141
127.4118
128.5213
126.6233
125.9091
126.5161
127.3122
126.8050
127.6174
127.2947
126.7193
126.4497
127.5600
128.3276
128.6777
128.1039
128.5725
128.5230
129.2249
128.0599
128.6014
129.3753
127.4561
128.1923
127.8621
127.9521
130.6018
131.4960
129.8298
129.8804
131.2785
130.7532
131.3619
129.0212
128.8822
129.1745
129.1336
128.9464
130.8432
130.1826
130.0430
128.7067
128.5069
128.6173
128.3246
128.0457
127.4620
127.6257
130.5240
129.2550
129.1435
126.0585
125.9969
125.5481
127.3956
127.0219
127.2320
129.3513
128.8615
127.9347
128.3478
127.3890
127.0445
126.9132
127.9392
128.2208
129.8387
128.2533
128.9686
128.6565
129.0308
128.8706
127.4476
128.0450
127.8134
127.2195
127.1645
128.4653
129.4415
127.8041
129.2484
128.5059
128.6122
127.4713
127.9803
128.0744
127.6882
129.1690
126.5697
128.6244
129.0285
127.6262
128.4516
130.1346
129.8802
129.0650
129.1076
131.3580
131.4524
129.2116
130.2530
130.1218
131.5135
131.8137
131.3703
132.1633
131.1274
128.8829
127.9448
130.5031
130.0526
130.4286
130.1798
130.6329
130.0486
129.4839
130.9096
131.6671
131.0458
130.1248
129.9249
129.5991
128.9073
131.4585
131.2578
131.2995
128.9175
129.4786
129.0964
129.0710
129.6976
129.5718
129.7233
130.9118
131.4401
130.1685
131.3379
130.6712
131.9426
132.3970
132.3153
131.6409
131.1426
130.1452
130.4143
130.9840
130.7010
129.9185
129.8622
129.9982
129.3703
129.2265
129.0486
128.3992
128.3375
128.5134
127.4700
126.7899
125.2458
128.3592
127.6927
126.5818
126.9802
126.2994
128.1607
129.4699
129.6373
130.8038
131.0786
132.3159
131.0005
128.9239
128.1683
128.7571
128.2660
128.8638
127.6726
130.0176
127.2147
129.8202
127.5318
130.4307
129.7034
129.6623
129.0438
128.8823
129.0650
128.6216
128.9200
128.3255
127.4709
127.4332
128.5358
130.1608
127.2298
129.2682
129.2087
128.4266
129.3715
127.7537
128.5217
130.3789
129.7257
129.3456
127.5323
128.2882
129.0914
129.8820
128.8544
128.2493
128.5323
127.2089
127.0560
128.3886
127.5044
128.9113
128.0310
128.1921
128.2914
127.6991
128.4460
128.0758
129.9882
128.4653
129.2640
129.4541
126.9993
129.8826
128.8050
129.1269
129.2072
129.7543
129.8182
130.6071
131.0401
130.2820
128.4053
128.6792
130.3178
131.2632
129.8816
129.0820
130.9426
131.0864
130.3171
130.1635
130.0930
130.5435
130.2451
131.5245
131.0984
131.5620
132.0563
130.2073
130.7747
130.3476
131.2271
130.5123
129.6656
128.5935
129.0882
127.9466
129.9227
129.1417
128.5469
128.8772
128.8508
126.5940
129.4582
129.0745
129.0508
129.1252
132.1655
129.8061
128.9623
131.5106
132.7879
132.4091
130.0841
130.7309
130.1859
128.8536
129.3585
128.2426
129.4225
128.1284
127.8279
129.3417
130.0564
130.9117
129.4127
129.9048
129.9539
129.5615
129.3630
128.8790
130.2930
130.1949
131.5111
132.7291
131.6803
129.9556
130.4856
131.8828
131.8168
130.4178
131.4239
131.1622
129.5175
131.2391
130.5097
129.1444
131.9933
132.5850
129.4092
130.3693
131.0237
130.5100
130.5885
129.9882
129.0998
130.3233
130.9628
129.8989
130.0692
132.2589
131.8425
132.2227
130.5512
130.4327
131.3615
131.0967
130.0185
130.1519
129.3567
129.4351
129.1471
130.0122
127.8468
128.1433
127.7310
128.0747
130.0115
130.6561
130.9936
130.5494
130.1713
130.7461
133.1004
130.5162
