19.9724
19.7497
19.7042
18.8227
19.4717
19.7332
19.3317
19.7030
20.0357
19.5929
19.2333
19.4617
18.7895
18.7078
19.4774
19.3491
20.2135
19.8622
19.6969
19.8087
20.1360
19.9339
20.3806
20.6995
19.7023
20.5055
20.0052
20.1219
20.4177
19.4488
19.5520
19.3295
19.4287
19.6735
20.5450
20.8441
20.2789
19.9595
19.6358
21.0274
21.1252
20.6153
20.4153
20.6571
21.3511
20.6006
20.8769
20.7113
20.8143
20.6954
21.2496
20.9075
20.2207
20.0676
19.2891
20.2419
19.8582
20.4369
20.1279
19.8748
20.3324
20.4627
20.0898
19.9346
20.0996
19.5442
20.4953
21.3087
20.7580
19.8189
19.5089
19.7736
20.7663
20.8094
21.4013
19.7987
21.0315
20.2361
20.9684
20.7344
20.7818
20.3541
19.8256
20.5487
20.7413
20.7542
21.7071
21.0870
21.2458
20.5456
21.4250
21.8572
21.9647
21.6007
21.5053
21.1794
21.6439
21.4675
21.2793
21.8135
21.7406
21.0459
21.3893
22.0559
22.5611
21.8679
22.0896
22.1347
21.1043
20.9165
21.7012
22.5312
21.9301
22.3236
21.7050
22.7597
22.3369
22.4911
22.3977
22.3682
22.1867
21.7948
21.2370
21.0653
21.3504
20.4840
20.5254
21.3476
21.8443
21.1449
21.9048
21.7669
22.1216
22.3300
21.6765
21.9338
22.4070
21.8761
22.5951
22.1915
22.2717
22.0166
23.7197
23.2228
23.3769
22.4917
23.4483
22.5695
22.2799
23.1617
22.6238
23.4221
23.2775
22.4475
23.4310
22.9019
22.2433
23.0103
21.9595
21.5503
21.8462
22.7327
21.8722
22.2083
21.8664
21.5774
20.8573
21.9119
21.2891
21.8785
22.0351
21.7768
22.8711
22.3461
21.9955
23.0625
22.6477
22.5809
22.0034
22.3632
21.8780
23.6710
23.2963
23.0602
21.6237
22.7875
23.3971
23.2612
24.0118
23.1423
22.9394
23.3062
23.7566
23.4067
23.0256
23.3770
23.0617
23.1281
22.6600
23.6691
23.0882
24.2168
23.1553
23.4535
23.8077
24.2747
24.1123
24.8206
24.7493
22.9490
24.7399
25.0125
25.1095
25.3952
24.7900
25.1029
24.0610
23.4114
23.2282
24.5488
23.7574
24.2129
23.5464
24.2897
23.7962
23.1052
23.6555
24.3441
23.8316
23.3488
23.9945
23.2075
22.8165
24.0233
23.5770
23.2357
24.1295
22.6439
23.2687
23.1548
22.1724
23.0673
22.6540
23.2636
22.9254
23.1636
22.7590
23.1472
23.7238
23.4350
22.6023
22.3151
22.7381
22.9257
22.8774
23.4058
24.0425
22.9920
24.5233
23.9810
24.1158
24.4533
24.4221
24.2698
23.8803
22.8852
22.4894
23.1600
23.0634
22.3437
23.0472
23.4540
22.7620
23.8525
22.4741
22.5492
22.7925
22.4831
22.0123
21.7928
22.4349
22.9947
23.7394
22.8162
22.9297
22.0728
22.4104
22.7403
22.5975
22.6461
22.0444
21.8873
22.2648
23.0178
22.2037
22.8088
23.0375
22.6585
24.0497
23.6488
23.5160
22.9853
22.3011
22.6505
21.8582
22.7921
22.5325
22.7985
23.2980
23.7705
22.1183
22.1627
22.5646
23.9810
22.6977
23.1215
22.0884
22.2825
22.5584
22.7227
22.9204
22.2376
22.8217
23.9311
23.6477
23.5474
23.8694
23.0522
23.9174
23.4214
23.1365
22.8779
22.6823
22.6776
22.7268
24.1725
23.2669
23.5470
23.5639
22.8125
23.0437
23.1267
23.4173
22.1442
22.2656
22.3000
22.6114
22.6390
22.6877
22.6461
22.2173
22.2616
23.6232
23.9054
23.7966
24.0298
23.1406
23.4884
23.3858
23.1606
23.4478
23.5620
23.1605
23.4480
23.0813
23.1987
23.5063
24.7176
23.8576
23.2856
24.4996
24.3248
23.9489
23.6392
23.9625
22.5089
23.3893
23.0866
23.0362
22.4042
23.6232
23.5481
22.6531
21.7497
23.3143
22.6315
22.2961
23.7710
23.4734
23.1969
22.1148
23.3789
22.6477
22.6915
23.1777
23.9605
23.0441
21.9230
22.8937
22.1025
22.5960
22.7065
22.7909
22.6916
22.9302
22.6582
21.6199
21.7477
22.4358
22.9408
23.2636
23.1195
22.4903
21.4600
23.2474
23.1862
22.8012
22.2445
22.5993
21.9453
21.6464
22.2494
21.8139
21.2900
22.3000
21.9676
22.4993
23.3910
22.9394
23.4010
23.0758
24.4405
23.4853
23.0222
24.4483
22.9180
21.7427
22.2618
22.0143
21.4672
21.3972
21.2672
21.9222
20.9163
20.0646
20.8489
20.7808
21.5032
20.8350
20.8461
20.5220
21.0820
20.9667
19.3510
20.1733
19.9947
20.9590
19.8400
20.3746
20.6491
20.2389
19.7482
19.8527
20.3615
21.0043
20.8361
20.9657
21.4998
21.5121
20.8838
20.4854
20.2593
21.1509
20.5807
20.0615
21.0225
21.2355
20.1947
20.2904
21.1569
20.5868
20.4807
19.8120
20.2173
20.6429
20.9471
20.4099
20.2110
21.3485
20.9188
22.0486
20.5789
20.2063
20.6260
21.4352
20.9676
21.3746
21.8217
20.2199
21.3696
20.8877
19.9445
20.4050
21.3762
21.1554
21.2961
21.8058
21.8449
21.4075
21.8026
21.6264
21.4269
20.5149
20.9555
21.0052
21.4906
20.8356
20.6679
20.8328
20.8455
21.3964
21.9487
22.5485
21.6427
22.0109
20.7909
21.5266
20.8232
22.0579
21.4348
20.6525
21.1509
20.6914
21.8079
22.4334
21.2456
21.2201
21.1647
20.2731
20.6904
20.9015
21.0068
20.1698
21.4682
21.0717
21.6274
20.8789
20.7791
20.8392
21.3290
21.4843
21.0001
21.1011
21.7893
21.1419
21.8831
21.2497
22.0579
21.6920
21.9718
21.8148
22.5410
21.9548
21.9400
21.7728
21.4537
22.3485
22.2997
22.7037
21.8206
20.5033
21.7412
21.3826
21.2664
21.4565
22.1078
23.0965
21.7131
21.9920
21.1958
21.1248
21.3004
21.6666
22.1008
21.8677
21.8587
23.3261
21.4269
22.9929
22.5757
21.8287
22.1788
22.7046
22.7753
22.5381
22.3935
23.4878
23.6022
24.4675
23.7539
24.6486
25.0460
24.7957
25.1433
24.7495
23.9508
22.1659
23.0158
22.8192
22.5353
22.9966
21.9864
22.5221
22.3742
23.2624
23.6816
23.0851
24.1778
23.2893
23.1267
23.3142
22.3048
22.5342
22.4007
23.3183
23.3474
23.7904
22.5316
23.3571
23.0476
23.2498
22.3114
23.1517
23.5458
23.1708
22.2933
21.8299
21.6785
21.6914
22.0007
22.5344
22.2905
22.3888
22.3152
21.3329
21.5750
22.1487
22.9642
22.1269
21.3722
21.7832
21.4288
22.1266
22.6544
23.3291
23.0004
22.7677
23.0842
22.8003
22.9524
23.1184
23.9956
22.1455
24.0676
23.7497
24.0823
23.0679
22.6770
23.7754
23.1720
22.9361
22.4833
22.7704
22.8273
23.4537
23.7825
23.8868
23.4373
23.5732
23.9035
23.5190
23.6322
24.2232
24.2495
23.8695
24.0530
22.7246
23.0495
23.4005
23.4363
23.3094
21.9529
22.6085
22.9733
21.3959
21.7572
22.3251
22.1288
22.4499
22.0053
23.5059
22.0438
22.9386
22.0204
22.6247
22.2717
21.9185
22.5095
22.5671
21.9856
21.6687
22.1641
22.2372
23.1590
23.3420
23.1282
23.3554
23.3711
22.9660
21.9409
21.5491
22.2384
23.1165
22.6686
23.3820
23.1968
22.6219
23.2001
22.8668
22.0993
22.4046
22.1552
22.7877
22.8126
22.6660
22.0675
22.1967
21.5977
21.6152
22.2623
22.5960
22.8183
22.1788
22.3413
22.2394
22.6018
23.2058
23.3581
23.1676
22.7418
22.4854
23.0309
23.4089
24.2196
23.1762
23.2588
21.4833
22.6463
23.1435
21.8750
21.7516
21.5423
22.1572
21.4015
21.3812
21.2336
21.2663
21.2759
21.3705
22.2956
21.6316
21.1151
21.6479
22.7034
21.7024
22.0681
21.7765
21.7886
21.4016
21.6969
23.0103
21.2765
21.3456
21.9613
21.6389
21.6093
21.4817
22.0575
21.1018
21.8374
21.5045
22.0802
21.1067
20.9014
20.7059
21.4052
21.6157
20.9595
20.9661
21.1545
21.3707
21.2355
21.8357
20.8744
20.7928
20.4011
20.7728
20.7068
20.0665
21.1142
21.0365
21.0086
21.4531
21.4877
21.5557
21.2207
20.6634
20.5319
21.2220
20.7949
22.2640
21.6725
21.1601
20.4463
21.3948
21.3350
21.8180
21.0006
20.7840
21.4510
21.4783
20.6493
20.7775
19.8115
21.0345
21.1412
21.6679
21.8489
21.5982
21.6386
21.0990
20.9440
20.7068
21.2796
21.4638
20.6040
20.4929
21.0613
22.3169
21.2075
22.3059
22.0657
21.1410
21.9185
21.0079
20.6593
20.5179
20.0930
20.8499
20.1263
20.5149
20.6475
21.1108
21.0452
21.2155
20.6324
21.2568
20.5198
21.8446
20.9356
21.3378
20.7321
21.0239
21.2177
20.9627
20.8829
21.1894
20.4418
21.0597
21.1151
20.7291
21.4093
21.1136
21.5989
22.3776
21.4221
20.7224
21.0617
21.3882
21.7778
20.7179
21.2518
21.4113
21.1569
20.9552
20.8993
20.9989
21.7267
21.2858
20.5848
20.5505
21.3321
21.6702
21.5359
22.1076
22.4803
22.0815
20.8606
21.7239
21.5526
21.3274
21.9554
22.2285
20.9370
22.3826
21.5319
22.3173
21.4460
21.4993
20.2401
21.4262
20.5158
20.6926
20.5867
21.4253
20.9210
21.1967
21.3739
21.3740
20.8097
21.6359
21.4118
22.1691
21.4413
21.1267
21.4377
20.4418
21.4831
21.9104
20.9328
21.0845
21.6333
21.9988
21.1172
21.7968
21.4645
21.5893
21.6290
21.4832
20.9387
21.0101
20.8436
20.5597
22.6484
22.1616
21.9025
21.8084
21.9985
22.1414
21.9075
22.2819
22.3893
21.8667
22.0658
22.4952
21.1664
22.7408
22.5373
21.5955
21.6729
21.5444
21.1607
22.6125
22.3588
21.4703
22.8124
20.9898
22.0860
21.5504
21.5142
21.7480
21.7838
22.0009
21.0814
22.5284
21.6790
21.6892
22.1150
21.9744
21.3639
20.8491
21.6457
21.3571
21.9294
22.9154
21.8712
21.3802
21.8182
21.8817
21.1579
22.8031
21.6198
21.9321
21.8036
21.2766
22.4057
22.6358
22.0512
22.4420
21.7382
22.0814
22.8938
22.4305
23.0604
21.8658
21.7032
23.3459
22.7899
22.9138
21.9935
21.9058
21.6636
23.0773
22.6585
22.0686
22.0704
21.7784
21.5445
21.7995
21.6230
22.2678
21.3733
21.8668
22.4630
22.3120
22.1279
21.8545
22.1663
21.6325
22.4616
22.0997
21.8575
22.9203
22.3319
21.4882
22.3741
22.1732
21.9222
22.7080
22.3670
22.5380
21.2533
21.9986
22.1652
22.1385
21.6995
21.3999
21.6894
22.2905
22.5326
21.6681
21.9916
21.3812
21.9943
21.6793
21.7220
22.0041
22.1523
23.2847
22.3949
22.4753
22.0194
21.6496
21.1432
21.5042
22.0786
22.2266
23.0630
22.6504
22.4913
22.4429
22.7063
22.7318
22.4812
21.3950
22.5844
22.4551
22.6812
22.5746
23.2702
21.0147
21.3084
21.6916
21.5892
21.2457
22.0007
21.2264
20.3742
20.7325
19.7049
21.8473
21.7294
20.9935
22.1319
21.2635
21.7232
21.1063
21.0018
22.2581
22.1291
22.6792
22.1161
22.1568
21.7804
21.2342
21.6427
20.9632
20.1069
19.5672
20.7203
20.3410
20.8287
20.5828
20.7760
21.1303
20.0680
20.4892
21.5582
20.2747
21.4121
20.3620
21.4112
21.0717
21.3845
21.4800
21.1453
21.4777
20.5318
21.2198
21.0558
21.2488
22.2711
21.9331
21.4420
21.8374
21.2133
21.4979
21.8645
20.3768
21.7015
20.5610
21.3009
20.9694
20.9273
21.5386
21.7518
21.6381
21.7030
21.0274
21.1285
20.9499
21.3637
21.3143
20.5983
20.2874
20.8800
20.5447
20.9305
20.7513
21.4584
21.6098
20.7371
21.1632
20.9137
20.5136
21.4528
21.9312
21.1655
21.5671
20.9522
21.3985
21.8407
21.1174
21.3390
21.3781
21.1179
20.7646
20.5479
20.6494
21.8355
21.1314
21.3827
21.2389
20.6375
21.0935
20.6159
22.0474
20.3788
20.9914
21.1519
20.9569
20.5809
20.4655
20.0463
20.0820
19.4316
20.5284
21.3570
20.9793
20.2586
20.6194
21.0004
20.0838
20.4537
21.1310
20.8211
21.6660
20.6852
21.3169
19.7522
19.6810
20.3552
20.3101
21.0220
20.6428
20.0102
19.7759
19.9861
20.6932
20.0589
20.6371
21.6087
20.7975
20.2305
20.5203
19.9746
21.3288
20.7487
19.6964
19.7669
19.4472
20.6316
20.3102
20.2717
19.4661
19.5715
20.2740
20.6633
20.2782
19.8704
20.0123
18.7569
19.8809
19.4825
19.3056
19.8656
19.6999
19.6692
19.5382
19.9739
20.4537
20.1724
19.1652
19.7997
20.4691
19.4249
19.5523
19.3134
20.2255
20.8121
20.2723
21.3974
20.9496
20.9792
20.9220
20.8699
20.5373
21.1946
20.5425
20.3541
20.1814
20.3911
20.9371
20.2745
20.9594
20.9540
21.5871
21.2326
21.6672
21.3752
21.3026
21.4709
21.9272
21.3663
21.4476
20.5181
21.5932
21.7611
21.2546
22.2792
21.1443
20.9838
20.1350
20.8554
20.5912
21.4928
21.7459
21.8398
21.3971
22.0775
22.3222
20.4830
21.5680
21.2641
20.7861
20.8287
21.1705
21.3984
20.8856
21.8417
21.5595
21.7730
21.1072
21.0425
21.4006
20.3857
21.0672
20.7412
20.2111
20.7431
21.8341
21.7194
21.3684
21.5424
21.9691
21.5554
20.8668
21.9894
21.6649
22.3313
21.1718
21.5458
21.1940
20.7373
20.9734
20.6414
20.6848
21.1463
21.9972
22.0636
21.8266
21.6955
21.9106
21.2247
21.3623
21.8498
21.6535
21.6652
21.5931
21.0628
21.3691
21.3277
21.2348
21.1466
21.4772
21.0394
20.3062
21.1883
21.9574
21.9487
20.9423
20.7319
21.4045
21.7375
19.7821
21.2423
21.7217
21.7591
20.6936
21.5291
21.4532
22.0523
22.3155
22.0998
21.5782
20.9655
21.7493
21.1328
21.3053
21.4153
22.0418
21.5777
22.1010
21.1799
21.7801
21.9308
21.4066
21.4876
22.5872
22.4709
22.9082
22.3126
22.9316
22.5887
22.6417
21.9587
22.6992
21.9065
22.3196
21.9270
21.1706
20.6164
21.4634
20.9977
21.3612
22.1093
21.4995
20.7333
21.0315
20.8114
20.8231
21.6978
21.3145
20.4805
21.2537
21.7943
21.8108
21.5071
21.4081
21.4693
21.3550
22.4177
21.7133
20.8346
20.0221
20.4035
19.0994
21.7093
21.1578
21.7016
20.7304
21.1995
20.7560
21.0766
21.3185
21.4957
21.3841
21.2177
21.5100
21.5556
21.6772
21.9218
22.6816
21.9245
22.4336
21.1955
20.9672
20.8245
21.3329
22.1131
21.6032
22.1325
22.0465
21.4462
21.8901
21.9366
21.4688
21.4847
22.1405
20.5753
21.6217
20.4795
20.9387
21.1933
20.0864
21.4333
20.7395
20.5024
20.5997
20.4359
21.3459
21.0701
21.1426
21.7062
21.1379
20.8872
21.7367
21.2186
20.6273
21.5868
21.6913
20.7451
21.1774
20.5525
20.9163
21.0421
21.3322
21.8826
21.8919
22.3158
22.6317
22.0698
22.3923
21.5227
22.6690
22.0666
21.4907
20.8847
20.5515
21.0204
21.0468
21.9356
21.9420
19.7810
20.6968
20.9939
21.2336
20.3731
20.1929
19.2857
19.8441
19.9680
20.8932
20.3262
19.8563
19.9971
20.6748
19.9652
20.4141
19.7895
20.0069
20.1856
20.9527
20.6510
20.6907
20.0303
19.6219
20.1581
20.5152
20.6062
21.5521
20.9672
21.5245
21.7035
21.8761
21.3040
21.2670
20.9287
20.5048
21.2401
20.1600
20.6116
19.5721
19.6614
20.7318
19.4675
19.8284
20.2850
20.1417
19.6641
19.6290
20.0020
20.0270
20.4417
20.4829
20.3605
20.6647
20.4830
19.8236
19.5429
19.5133
20.7954
20.8399
20.6823
20.7516
20.4511
21.1910
21.5766
20.9969
20.9070
22.3966
21.9687
21.3595
21.5101
20.5976
20.9785
20.6687
19.6196
20.2694
20.0733
20.8516
20.0377
20.0685
19.5861
21.5930
20.8710
20.8157
19.9140
20.5184
20.8334
20.4814
20.5832
19.7835
19.8344
21.0789
19.7672
20.2868
19.8510
19.9048
20.4102
20.4469
20.7305
21.3609
20.4533
21.2631
21.3850
20.6741
20.7243
21.0076
20.4138
21.1376
21.0800
21.9924
20.3945
20.4836
21.5514
21.7567
20.5323
20.8375
20.9324
19.9737
19.6096
19.5641
19.7806
19.6464
19.5740
19.1116
19.5858
20.2242
18.8939
18.7118
19.1644
19.4832
18.6357
18.5282
18.1396
18.9783
19.1252
19.3945
20.7603
20.0573
18.7730
20.0832
19.6225
19.3047
19.9762
19.2017
20.4272
20.5593
19.3028
18.9326
19.7104
19.3385
19.5540
20.9797
19.4675
19.1255
19.3882
18.7196
18.9468
18.9221
19.0718
18.9595
18.4539
20.1875
19.6279
19.8123
19.3955
19.4535
19.6484
19.8199
19.2313
18.9517
18.9472
19.8508
19.9043
19.2225
19.2832
19.1708
19.4990
19.4485
18.9012
19.4591
20.3429
19.9994
19.7700
19.7377
19.7234
19.7271
19.4813
19.5897
19.3000
19.5375
19.6457
19.5913
19.6109
19.3291
19.7793
19.5483
19.7374
19.8119
19.6563
19.0505
19.5683
18.8934
19.5493
19.9104
19.9346
20.2134
20.4261
20.8741
20.0421
20.8840
20.1519
20.2515
20.8597
20.4386
19.7900
20.2410
19.9719
21.7324
20.9957
20.8086
20.4301
20.4591
21.2066
20.3609
19.9253
20.6665
20.8788
20.4418
20.9780
21.2702
21.3523
21.0133
21.4952
22.2689
21.7474
20.5253
20.5732
21.4452
20.4831
20.6465
20.5903
20.8992
21.2058
20.9704
20.5579
21.0006
21.1169
20.7779
20.5458
20.6345
20.8894
20.6370
20.7724
20.5996
20.7848
21.3560
20.4391
21.2503
20.4338
19.9164
19.5506
19.3577
19.6418
20.5974
19.6796
19.2339
20.2127
20.0659
21.3064
20.0041
19.9447
20.5969
20.1514
20.0545
20.4708
20.8041
20.9636
19.9766
19.9657
20.2100
20.2480
20.4564
19.6093
20.3117
21.0055
21.3573
21.2630
21.2354
21.3636
20.5219
20.6271
21.5110
21.7902
21.4948
21.0258
22.1020
21.0442
21.0312
20.5710
21.3756
21.2669
21.1578
21.9649
21.7762
21.8552
21.7793
22.3763
22.0812
21.8381
21.7732
21.1397
21.8703
21.8308
21.7099
22.3088
21.6719
22.0908
21.3998
20.8729
20.6843
20.7243
20.9888
21.2290
20.5565
19.9627
20.4100
20.5963
20.8851
21.3556
20.9986
21.3472
20.8680
21.0118
20.9080
20.9606
20.5436
20.2369
20.7065
20.9871
20.4477
20.4986
20.4856
20.8410
20.0642
20.2453
19.9917
20.7700
20.1111
20.6036
19.2879
19.9589
20.3647
20.9732
20.5594
20.6534
20.4708
19.1130
19.7072
19.8744
20.5449
20.1405
20.4993
19.8526
19.9594
19.8989
20.6477
21.1639
20.3526
20.0486
20.4167
20.6059
19.9577
20.2475
20.3127
20.7632
20.5011
19.9829
19.6651
18.6622
19.6537
19.1555
19.6926
19.6668
19.7767
19.1937
19.5508
20.3795
20.0114
19.2629
19.2979
19.4226
19.8066
19.4714
19.8103
19.9522
19.9671
19.6136
19.7615
20.0261
18.7205
19.6853
19.9199
19.5887
19.7021
19.7852
19.8054
19.5845
19.6701
20.0420
20.7860
20.9051
20.1961
19.9278
20.2348
19.7617
19.4588
20.3699
19.9520
19.1681
19.5467
20.0665
20.0556
20.6389
19.5791
19.1927
19.4506
20.5578
20.4137
20.5573
20.3765
20.0629
19.8668
20.7630
20.3476
19.7388
20.4662
20.5125
19.1452
19.1729
20.2802
19.8312
20.7763
19.9796
19.9885
19.9037
20.2298
19.8510
19.9846
19.7614
19.3466
19.6872
19.2952
18.8795
19.5393
19.4093
19.9007
19.0637
19.5506
19.3245
18.7210
18.8109
18.7217
19.1232
18.6068
19.0678
18.9000
19.1931
19.0982
18.9471
18.5044
19.3100
18.8816
19.5027
19.4965
19.5584
18.6724
20.5755
18.5929
20.1993
20.3860
20.7219
19.8687
19.5374
19.5690
19.7449
19.7103
19.1017
20.8885
19.9360
20.1290
20.2048
18.8057
19.9691
20.0440
19.8857
20.2508
20.4958
21.1713
21.1035
20.3685
21.1417
20.4329
20.9525
20.7620
19.6954
19.5924
20.5394
19.6988
19.7712
20.2266
20.0540
19.2125
19.7591
19.7018
19.7675
19.1495
19.1611
19.0539
18.8784
19.1767
18.6309
19.2515
19.0078
18.9313
18.8909
18.8120
19.0068
19.3003
19.3985
19.2351
17.8724
18.1414
19.1830
19.9157
20.0378
19.2047
18.8730
18.6662
18.0427
19.1408
18.3944
18.7648
19.2192
18.6776
19.9165
18.8442
19.5196
18.2648
18.6588
19.3337
19.0049
19.1395
19.3555
19.2615
18.8583
19.6934
18.6116
19.0777
19.1596
18.7697
19.0272
19.3492
18.6044
18.6164
18.4455
18.9268
19.2784
19.7135
19.2916
19.3079
18.3565
18.8419
19.2700
19.1741
20.4157
20.2374
19.3405
18.7397
19.8339
20.1565
19.8557
19.4714
19.7046
19.7070
19.4420
19.6079
20.2736
19.9438
19.5606
19.7931
19.9957
18.7516
19.7180
20.2254
19.6532
20.1945
19.1781
19.6718
20.0636
19.7664
20.1530
20.0160
20.1722
20.2585
19.3685
20.1315
19.9643
18.7530
18.3492
19.1203
18.2929
18.9086
17.5150
18.2866
18.4568
19.1074
19.6534
19.1765
20.3199
19.9916
19.3704
18.9762
19.3050
19.9843
19.3601
18.8186
19.9708
19.3084
20.0099
20.0201
20.5062
19.8124
19.3619
19.4673
20.8522
19.9396
19.4491
19.0325
18.6456
20.4874
20.4289
20.5150
19.6555
19.1559
18.5532
18.9094
18.8738
19.7684
18.9952
20.5541
20.0648
19.3659
19.2993
19.2023
20.0111
18.6742
19.5060
19.8829
19.2006
19.9041
19.8191
19.9487
19.2567
19.9188
19.2335
19.4157
19.2486
18.1956
19.9625
19.4005
18.5566
19.6857
18.6316
19.3546
20.0185
20.1875
19.4775
19.2875
19.5412
19.0424
18.5599
19.4277
18.9653
19.9545
19.6065
19.0101
19.0976
18.9334
18.8556
19.6678
19.2005
19.0062
19.5471
19.7071
19.9362
20.1157
18.8540
19.4018
19.2081
19.8151
19.6272
19.3995
19.8902
19.9035
19.8567
19.5173
18.8820
19.6928
20.1319
20.2544
19.9927
20.5657
20.6300
19.3913
19.3191
19.5179
20.5956
19.8772
19.9507
19.4294
19.8027
20.6032
20.0873
20.0549
20.9589
20.0732
19.3634
20.2207
19.5865
19.6969
19.5291
19.7888
19.6365
20.1535
19.5839
20.4242
19.1328
20.5277
19.9738
18.7455
19.9731
19.6219
19.3101
19.4484
19.7057
19.6784
20.2870
19.6225
19.4415
19.4304
20.6721
19.7657
18.8905
17.9033
19.8448
19.5073
19.1080
19.1942
18.8181
18.7390
19.5428
19.1227
19.0529
18.8405
18.5380
20.0022
19.1162
19.9875
19.4443
19.5665
19.9884
18.6669
19.5874
19.7880
20.0365
19.6062
20.1916
19.5855
19.7859
19.6123
19.8178
19.8023
19.7613
19.1205
20.0449
18.7169
19.6347
19.4789
18.8984
19.6941
20.5088
20.0181
19.2863
20.1963
20.1708
20.4685
20.5984
20.4283
20.3036
19.6672
20.1497
20.6770
19.8916
19.2723
20.9961
20.2762
20.0251
20.1131
20.2913
19.5336
20.2063
20.9713
21.0467
20.3577
19.2095
19.5659
19.5459
19.3012
20.3868
20.8057
20.2212
18.6942
19.9467
19.0025
20.0278
20.5118
20.1584
20.1133
18.7071
19.1796
19.1063
18.5997
18.2407
19.3667
19.7052
18.7314
18.7431
19.4269
20.1698
19.4144
19.3953
18.9161
20.5082
19.8302
19.8410
19.2257
19.5631
19.8658
19.1344
20.2382
19.6991
20.0290
20.0812
19.1346
19.6280
20.0637
19.8800
20.6214
20.3289
20.2368
19.3912
19.7810
19.0356
19.1664
19.2109
19.2031
19.6435
19.3074
19.0189
19.1362
18.5730
18.8824
18.4250
19.3959
19.3598
18.9969
19.2549
19.5878
19.8663
20.9052
20.8332
19.5410
19.6631
19.5609
20.0050
19.0726
19.2693
18.8511
19.3028
18.8652
19.5240
19.7805
19.4607
19.8568
20.1747
20.1410
19.7121
19.7736
19.2543
19.3487
19.1717
19.7407
18.8462
19.4020
18.6163
20.0497
19.2479
19.3076
19.3429
18.2568
18.3938
19.4593
19.0618
19.4895
18.5281
19.5627
18.4827
20.0512
18.9192
18.0482
18.8464
19.0725
18.9806
18.7257
19.5764
19.2427
19.5530
19.6044
18.7114
18.9233
18.7149
19.7111
19.5313
18.9176
19.6871
20.5514
19.3717
19.7460
19.9798
20.3431
19.1217
19.8818
19.6023
19.4075
19.3755
20.3292
19.8789
19.3655
20.0474
19.2842
19.6328
20.8920
20.0309
19.4979
19.8316
19.2620
19.3264
19.1100
19.9495
19.7974
19.4222
19.6476
19.0457
19.6919
19.7474
20.3262
20.0773
18.4453
19.6034
18.4650
19.0778
18.5897
19.0143
19.2338
19.1474
19.5401
18.9165
19.6677
19.7442
19.2480
18.3812
18.3269
18.9204
19.0172
19.4512
20.0283
19.9090
19.3818
19.2177
19.7934
18.3537
18.6203
18.5390
18.9251
18.0578
18.7027
18.1878
19.2015
19.1076
19.4468
18.8464
19.1151
19.3594
19.3019
19.0649
19.4896
19.4146
18.8701
19.3220
18.8884
20.2016
19.0343
19.5131
20.1279
19.8973
19.0874
19.8740
20.6892
19.6842
18.9737
19.3098
19.0699
19.9607
20.0139
19.7434
20.1053
20.2708
19.7932
18.7544
18.7541
18.9896
19.2727
19.3763
18.9565
18.8351
18.2408
20.0022
19.8813
19.7338
20.1049
19.0469
20.1181
19.6430
19.1900
19.9859
20.2060
19.9377
20.2736
19.2300
19.3300
19.5217
18.7641
20.5425
19.7308
18.6209
18.3527
18.5309
18.6981
18.2855
19.2370
18.3718
18.1805
18.4812
18.2585
18.8629
19.3455
18.6947
18.9769
18.5124
18.7822
19.1441
19.3347
19.8221
18.8031
20.1782
19.9574
19.3259
19.7362
19.5983
20.0261
18.6483
19.8745
19.3781
19.3757
19.7515
19.5569
19.9854
18.9729
19.0088
19.7357
19.2504
19.8534
19.6544
19.8479
19.1161
19.2111
19.1010
18.9479
19.2151
19.1108
19.5414
19.7681
20.6803
20.4968
19.8357
19.4130
19.5149
19.1527
19.4538
19.2097
19.2963
19.8003
19.9971
20.0481
19.8089
19.8305
18.9216
19.4102
19.2066
19.6230
19.5839
19.4896
19.4201
18.8510
19.0200
19.8743
18.9681
18.9261
19.3134
19.2145
19.8439
20.6474
20.1076
19.3629
20.0129
19.3863
19.9783
19.2661
19.3371
20.0651
19.8651
19.7676
19.9870
19.9589
19.8123
19.1713
19.1831
18.1108
18.9778
19.2550
18.7816
19.2837
20.2773
19.4614
20.5284
20.1056
20.7511
20.4784
20.5299
20.5425
20.5686
21.5341
20.8028
20.0521
20.1564
20.8322
20.7656
20.2225
20.1199
20.3188
20.8554
19.8708
20.8137
20.2807
20.2216
20.7845
19.8763
20.1870
19.2203
20.5608
19.9589
19.9033
19.0428
20.4463
19.7231
20.0345
19.3882
20.0584
20.7028
20.8788
20.5679
20.5896
19.7500
19.7710
19.6763
18.6963
19.2380
19.2020
19.8312
19.4925
20.8408
20.2005
20.1721
20.6760
20.9909
21.1456
20.9219
20.9241
20.6305
20.8463
20.6802
21.0886
21.2362
21.3301
20.8210
20.7297
20.6521
21.6603
21.6703
21.2900
20.0504
20.7698
20.6403
20.2396
21.1206
20.5103
20.6038
20.7312
19.8941
20.7583
20.9539
21.0389
20.6221
20.0937
20.3922
20.1264
20.8877
21.1013
21.0300
20.6275
20.3453
20.7057
21.1619
20.8669
21.0510
21.6011
21.3759
22.3668
22.0591
20.7429
20.5546
20.8834
20.6622
21.1415
20.0698
19.5117
19.2509
19.9167
19.8416
19.8505
19.7358
20.3717
20.5877
20.5558
20.9423
21.7168
20.9747
21.0723
20.4694
21.5482
21.2085
20.7715
21.3830
21.0402
21.6607
21.4667
22.5959
22.5450
22.5496
23.6700
22.7996
22.2084
22.3053
23.1372
22.2502
22.4596
21.7830
22.4771
21.4975
22.5317
22.3187
21.8270
22.6860
22.6252
22.0200
22.7061
22.1399
22.4821
22.3728
21.9889
21.5163
21.2506
20.8093
21.9499
20.8165
20.1966
20.8933
20.9795
20.3407
21.3234
20.8101
20.3336
20.8554
21.5875
21.4628
22.6025
20.7169
22.4522
21.9217
21.8764
22.2915
21.5134
22.5145
22.6433
23.2292
22.2276
22.4682
23.2770
20.7092
21.5413
21.6002
22.2192
22.0688
22.5441
23.1136
22.7757
22.5392
22.9417
22.1656
22.3762
22.1090
22.1780
21.6671
22.0155
22.7606
22.6656
23.3133
22.2109
22.4818
22.0499
23.1547
23.3722
21.9095
22.6359
23.3246
22.5395
22.8733
21.6576
22.4922
22.4036
22.1300
21.9793
22.0027
22.2266
22.2708
22.2600
21.7669
22.4835
21.7546
22.5337
22.3908
22.4729
22.2065
22.0566
21.7200
22.8982
21.5067
22.3179
21.7471
21.8688
21.6267
22.3456
21.9629
22.2523
21.5781
22.8525
22.3877
22.0184
22.7357
22.5273
23.2299
21.6485
23.2678
22.7521
22.3856
21.8235
22.1018
22.1207
22.6525
22.3409
22.2072
22.2650
23.3900
23.3443
22.4876
21.7843
22.9621
23.4231
22.3232
22.3531
21.6638
21.1954
22.3102
21.9558
22.4487
22.8461
21.7988
22.3435
21.9254
21.9063
21.8600
21.5985
22.4224
23.1060
22.3616
21.9723
21.7632
22.2988
22.6108
20.9984
20.8574
21.0779
21.6046
21.2472
21.4099
22.3440
21.9899
21.6290
21.3957
21.4488
21.2248
21.5051
21.9734
22.3228
21.5910
21.2481
20.9261
21.4874
21.8229
21.6734
21.4115
20.6946
21.4120
22.0473
21.2162
21.5813
21.3564
21.5719
21.9874
21.9510
22.0471
22.4717
22.1073
22.1126
21.8310
21.2196
22.0886
21.5941
21.5277
20.7194
21.6959
21.8676
20.8421
21.5295
22.6076
20.9411
21.1658
21.6646
21.4217
20.7846
21.1524
21.1045
21.3176
21.7040
22.1583
21.9614
21.2269
22.2128
22.3979
22.1719
22.5108
21.6714
21.3765
21.6209
20.9641
21.5161
21.2816
21.4458
21.4848
21.1527
21.0358
21.2735
21.5985
22.4175
21.1498
21.5749
21.9207
21.7685
21.2642
20.8130
20.9689
20.8732
21.1054
20.2797
21.3056
20.7894
20.9121
21.2419
20.8017
21.0504
21.6286
22.2755
22.0197
21.4841
20.8120
21.0297
21.6602
21.3009
21.9894
20.8994
20.6816
20.6060
20.5273
20.4497
20.4950
20.4234
20.6592
21.4583
20.5080
20.8116
19.9396
20.7704
20.2293
19.9447
20.7120
21.0380
20.3360
20.4988
20.2611
21.1042
20.8237
20.4928
21.5597
20.3860
20.9096
21.6851
21.9218
22.5702
21.6383
22.1890
21.1285
21.7299
21.9735
20.8269
21.2664
21.1118
21.3553
21.1345
21.1224
21.5685
21.3759
20.8473
20.1391
20.5829
21.1485
20.4597
20.1808
20.5942
20.9581
20.7621
20.6957
20.7247
21.1246
21.3174
21.0368
21.2371
21.1095
21.4056
20.5251
20.6141
20.8580
20.9811
21.1413
21.4018
20.7449
20.7269
20.6604
20.8077
21.2154
20.7213
20.6624
19.6220
20.9728
21.0162
20.7225
20.5409
21.2384
21.2294
20.8932
21.7725
21.1893
21.3570
22.1232
21.1089
21.4008
20.0576
21.0227
21.6949
21.4237
20.7219
20.3300
21.3935
21.3892
21.6425
20.5430
20.5755
21.2885
21.0228
20.8667
21.1579
20.2798
20.8624
21.7242
21.1322
21.1133
21.3215
21.8004
21.3214
21.7769
21.4490
21.0062
21.0053
21.7767
21.0704
20.6812
20.9645
20.7542
20.3750
20.4509
19.8740
21.1870
20.9887
20.1887
20.1432
20.2469
20.3099
18.3356
19.3491
20.9556
20.2866
19.0746
20.0944
20.2637
20.7178
20.0511
20.4525
20.1651
20.2846
20.0685
21.0806
21.7950
21.9204
21.6175
22.8916
21.7827
22.2737
21.7856
21.9979
22.2397
21.9890
20.9809
20.6958
20.5666
21.0548
20.6762
20.1418
20.3017
20.7844
21.9753
19.9441
20.0379
20.5929
20.6259
19.8742
20.6107
21.1551
20.7709
20.4765
20.6817
20.3503
19.9373
20.4348
20.5458
20.8844
19.7813
19.5071
21.2952
20.7482
20.7999
20.9365
20.8983
20.4720
19.8287
20.9566
19.8311
20.5389
20.1208
19.9482
20.8652
20.7356
21.1736
20.4371
21.1739
21.4401
20.7157
20.8352
20.1500
21.0619
21.3435
20.9558
20.7704
20.3091
20.6556
20.9415
19.8051
20.1069
19.8105
20.4762
19.9154
21.2140
19.7290
20.4779
19.8669
20.3381
19.9184
20.4216
20.2352
20.2021
20.2744
21.0824
20.7321
20.8393
21.1113
21.8694
22.0890
21.8664
21.0647
21.0552
21.0901
21.8767
21.3211
20.8023
20.7747
20.4914
20.6302
20.8415
19.8438
20.5500
20.8099
20.5450
21.3726
20.2347
20.7568
20.3800
21.1890
21.1442
21.7451
20.8645
21.5653
21.2900
21.8240
21.4136
22.2453
21.0125
20.8694
20.6309
20.9640
20.0483
21.1633
21.7197
21.2510
21.5559
21.4153
21.5079
21.5117
21.3038
20.9431
20.4185
19.9640
20.4999
21.0676
20.5413
20.8828
20.1950
21.0622
20.3519
20.4780
20.9464
20.9416
20.9016
20.9670
20.4448
21.5691
21.5765
20.6425
20.0571
19.8358
20.4005
19.8473
19.6612
20.3083
20.2073
19.7217
19.9621
19.7698
20.2844
20.0713
20.2521
20.3551
20.1409
20.4608
20.0648
20.8026
20.5789
20.5931
19.5657
20.1482
20.0870
20.9422
20.8400
20.9304
19.3362
20.8459
21.2843
20.5224
19.9417
20.7109
21.8439
21.5748
20.9125
20.7684
20.2595
20.7939
20.7878
20.9348
20.7339
21.3788
20.9408
21.8175
21.6916
22.8027
21.5063
21.1134
21.5358
21.1104
20.9338
20.9358
21.0663
21.5442
21.0557
20.1777
21.0929
20.5619
20.0792
20.6404
20.0886
20.5757
20.9909
20.2401
20.3864
21.0972
21.7146
20.7107
21.8214
21.5605
21.5149
21.1165
21.3190
21.3144
22.1680
21.3244
21.4183
21.1181
21.0777
22.2476
21.5902
22.3224
21.7009
22.9414
22.6154
22.7183
21.6603
22.1265
22.0665
22.1217
21.4465
22.4261
20.7402
22.5478
21.9698
21.9445
22.4128
22.2038
21.8459
21.2170
20.7606
20.3728
20.3898
21.1122
21.0526
19.8393
20.0994
20.2637
20.7386
20.9251
19.7014
19.9888
20.8092
20.9226
20.1122
20.3173
20.7509
21.3200
20.1473
20.8124
20.4764
20.9259
19.5063
20.4612
20.2946
20.6852
20.9977
20.5475
20.3955
20.9004
20.3819
20.5654
20.6730
20.6717
21.3787
20.9944
22.0013
21.7382
20.6985
20.8696
21.6529
21.0383
20.5591
20.3780
20.5029
20.8189
20.8008
20.0292
20.5045
20.7325
20.6045
20.3845
20.9342
22.1183
21.1112
22.0206
21.5449
20.9156
20.6345
21.4276
21.1980
21.4799
22.0537
21.3729
20.7437
20.9764
21.3795
20.7097
21.7268
21.9648
22.1698
21.4395
21.9761
21.0445
21.0412
21.1998
21.0735
19.5692
19.4420
19.2979
19.8884
20.8726
19.8289
19.4745
19.8468
20.2384
20.5360
20.1453
19.7741
19.9695
19.3616
18.7667
20.0742
19.7773
20.3129
20.7701
20.9528
20.3113
19.4656
19.5430
19.6273
19.9118
19.4026
20.3192
19.3322
19.7911
21.1114
20.3744
19.9851
19.6943
19.4499
19.3474
19.4181
19.8648
20.9774
20.5007
19.3047
19.8390
20.5288
19.9669
19.5941
19.7595
20.4829
20.1166
19.5764
19.7464
19.7091
19.3994
19.1014
19.6201
18.5910
19.5041
19.1804
20.3435
20.5205
20.6469
20.0433
20.6854
19.3602
19.5310
19.8577
19.7122
19.3573
19.9878
19.9646
20.2488
19.2982
19.1263
19.8336
19.7755
20.0228
18.8129
20.2290
19.4702
19.8352
20.0971
19.6845
20.6937
19.8330
20.0867
20.4240
20.7400
18.7550
19.8015
19.6270
19.9390
19.9845
20.0253
20.0443
20.8697
20.1149
19.5673
20.3300
20.7287
21.0273
19.9115
20.0080
20.2352
20.7298
20.6370
21.2595
21.0623
21.1409
21.3760
19.8356
20.5671
21.1052
20.9728
21.0109
20.7297
20.2752
19.9290
21.3196
20.8022
21.5359
21.6683
21.5148
21.2730
21.4106
20.7999
20.2019
19.8767
20.6847
21.0233
21.3015
20.8351
20.1192
20.6668
20.0989
20.5661
19.1616
20.4758
19.9418
20.6367
20.2889
20.4107
21.6182
20.9033
21.1350
21.5247
20.7740
20.6483
20.6526
21.9602
22.2351
21.4445
20.5823
21.2811
21.0389
21.4617
21.2759
22.0888
21.3690
21.3253
21.2860
21.4837
21.7478
21.7969
21.6295
21.7837
21.9045
21.2708
22.2100
22.4043
21.6210
22.2022
21.7271
21.2484
22.4447
21.7448
21.2028
21.0846
20.9376
20.4784
20.4199
21.1476
21.9514
21.1559
21.5500
21.3403
20.8261
19.7429
20.1017
20.6744
20.0633
20.3265
21.0192
20.8235
20.9433
21.3508
20.8061
19.8935
20.0019
20.2685
20.7503
20.4490
20.0561
21.3247
21.1482
21.1494
21.8410
20.6202
20.5043
21.4058
21.3096
21.4938
22.2268
21.0375
22.7990
22.3110
22.5381
21.6877
22.1660
22.3267
21.5127
20.5598
21.4905
21.6480
22.0731
21.6130
22.1603
21.2538
21.3716
21.1122
21.1981
21.4912
21.3050
21.8376
21.6813
22.5733
21.8935
20.7493
21.1987
21.2651
21.1679
21.6180
21.1269
20.5750
19.5812
19.7341
20.5245
19.9687
20.3146
20.4959
20.0992
21.3235
20.4894
19.6752
20.6288
20.0449
20.5693
19.8525
19.9378
19.8287
21.2168
21.2765
20.1716
19.1040
20.0092
20.0706
19.7821
19.7552
19.6268
20.4503
20.5302
20.7845
19.8301
19.9257
20.2783
19.4208
20.0021
19.3854
20.3113
20.8578
20.4003
20.2856
20.8323
20.8821
19.6738
21.1693
20.9196
20.9668
21.4982
20.6360
21.1180
19.6680
19.9465
20.5612
20.4103
20.2261
20.4642
20.8041
20.3244
19.7383
21.3193
20.7427
20.8118
20.9059
19.8012
20.3313
19.8144
19.3686
19.6770
19.4201
19.7037
20.4009
20.1615
19.5763
20.2194
20.2689
19.8280
19.7563
19.1050
20.2504
21.0105
21.1688
19.8946
20.1255
20.0613
21.6846
20.3502
20.7452
21.3048
20.9179
21.3539
21.3435
20.6244
21.1998
20.4872
20.9761
21.4760
20.9781
21.1965
21.0473
21.1732
21.1330
21.3039
21.2392
21.1613
20.2666
21.0407
20.5221
20.4637
20.9437
20.9077
20.3286
21.3519
21.5436
20.8472
20.5112
21.3168
20.9252
21.3029
20.7280
20.2642
20.5675
20.3180
20.7217
21.3682
21.4113
20.1322
20.5397
20.7563
20.8567
21.1520
20.2426
20.1729
19.8932
20.2331
19.4254
19.7120
20.3303
20.8812
20.9946
20.6850
20.9946
20.6716
20.1328
19.6551
20.5532
20.8643
20.2455
20.0667
18.6886
19.9739
19.9605
19.3592
20.2878
20.0468
20.2118
20.6271
20.1955
20.8498
20.3929
19.6960
20.9796
20.4638
21.3482
21.1667
20.6493
21.0623
21.9852
20.0708
20.1491
20.4148
20.2047
20.5459
20.4959
20.3847
19.7607
21.1483
20.2249
20.7909
19.7943
20.2084
19.9692
19.8201
20.5470
21.1827
20.9027
21.4983
21.5165
21.2600
19.6921
20.7499
19.9880
20.9458
20.9383
20.4496
21.0975
20.1656
19.4563
21.9792
21.3672
21.1764
20.2555
20.1220
21.5808
20.9075
19.9998
19.8089
20.1438
19.7577
20.5581
20.1196
19.4081
19.9706
19.9026
19.2602
20.4364
20.1053
20.3011
18.9113
19.7792
18.8794
19.7204
20.6712
20.1445
21.4941
20.0674
20.8643
19.5886
19.9471
20.8343
20.3421
20.1632
20.4240
21.0723
20.6425
20.7330
21.3756
21.3289
21.2476
21.1703
21.1273
21.6113
20.7687
20.6822
20.2453
21.1211
21.9208
20.9814
21.2358
21.8395
21.8107
21.5943
22.7084
22.1515
22.6700
21.0348
20.6784
21.0005
21.6967
21.7927
22.1678
20.7927
19.1672
19.6792
19.8431
21.0168
19.3711
19.2545
19.8505
20.3626
19.9897
20.1702
19.9433
19.6702
19.5037
20.0976
20.3447
19.6567
20.1599
19.2341
19.2652
19.8471
20.1164
19.6751
20.2107
19.5029
19.9894
20.6915
19.9887
19.4243
19.4994
19.9351
19.3324
19.6863
19.6616
20.6363
20.6618
20.1034
20.4767
20.4122
20.6817
21.0475
19.5593
19.5909
19.6179
20.4067
20.4875
21.1561
20.9658
20.2518
20.3602
20.1264
20.5548
20.5871
20.7096
20.8653
20.2050
20.0585
19.8648
20.7284
20.7642
20.6048
20.5209
20.4128
20.1889
20.3795
19.6746
20.3693
19.9022
18.4856
19.4511
19.0768
19.9745
19.9911
20.5298
21.0029
21.6735
21.1269
21.3508
21.7604
21.1313
20.5076
21.5821
21.7795
21.2747
21.3953
21.7168
21.3852
21.9293
21.3929
21.5908
21.7637
21.4557
21.0647
19.8756
20.6811
20.3193
20.5831
20.3634
20.6986
21.2295
19.8046
19.9652
20.0280
19.8733
20.7542
20.1260
20.0466
21.5758
20.2958
20.3359
20.0460
20.0013
20.2813
19.9158
21.2563
20.3299
20.5706
20.5855
19.9664
19.5555
19.8397
19.7133
20.2271
20.7248
20.1263
20.6808
20.4747
20.6795
20.2603
20.4846
20.5302
20.5022
20.2838
20.8720
21.9289
20.7710
21.0583
20.4791
21.4975
21.4271
20.8380
20.5816
20.5324
20.1953
20.0429
20.2012
19.7854
20.6539
20.8631
20.7234
20.3324
20.4487
20.2219
19.6676
20.3684
20.2201
20.3899
20.9278
20.2434
20.2667
20.3672
20.2006
19.5064
20.0310
20.1251
19.9200
22.0579
20.2899
19.9263
20.0688
20.6409
19.4978
20.0441
19.9520
20.0709
19.8138
19.2290
19.5328
19.9051
19.4292
19.8093
18.9895
19.3177
19.8773
19.3745
19.8865
20.0157
20.1292
20.4136
20.4829
21.1817
20.7426
20.6608
20.3109
20.2452
19.9964
20.0875
20.0134
19.2590
20.0115
20.1222
19.9097
20.1762
20.5755
20.1496
20.0898
20.2475
19.9179
19.2262
18.8200
19.0684
18.7638
19.7821
18.7544
19.4739
19.1482
18.5996
19.8758
19.3663
19.6557
19.2274
19.8913
19.3715
19.3150
18.6107
19.8692
19.1723
19.7809
18.7814
19.5760
19.4018
19.2522
19.0573
18.2261
18.6538
18.2778
18.4890
19.8553
18.7735
19.3171
19.0331
19.1726
19.3296
19.3049
19.8233
19.6282
19.6527
19.7217
19.0486
19.9755
19.3886
19.0312
18.8906
19.3546
19.6110
19.8190
19.1223
19.7462
20.0108
19.8844
18.9917
19.3879
18.6756
19.2731
18.6062
17.8062
17.7038
17.8882
18.6957
18.6853
17.7235
17.8036
18.2508
17.9261
18.4433
18.2603
18.3952
17.5402
18.4376
17.8409
17.8991
18.4045
18.3858
19.1045
18.1963
17.6607
19.0925
19.1245
18.5262
18.5002
19.0811
18.6885
18.6867
18.7670
18.0557
18.3279
18.8173
18.3936
18.1667
18.4962
18.0980
19.3381
19.1013
18.2879
18.5955
18.8947
19.4704
19.0741
18.1670
19.1936
19.3945
18.7532
18.7712
19.5409
19.5125
19.3506
19.1738
19.6920
19.2899
20.0664
19.8701
19.0832
18.7811
19.8452
19.3237
20.1183
20.6619
20.0076
20.3779
19.1363
19.5519
19.0815
19.2131
20.2213
18.9251
19.1915
18.7895
19.0911
19.0749
19.3344
19.3396
19.1483
19.2648
18.6605
18.8686
18.7204
18.4164
19.0789
19.4561
19.4038
19.2093
19.3584
19.9903
19.0802
19.0488
18.7269
18.8474
19.1466
18.1750
18.2922
18.4441
18.1848
18.9271
18.6317
18.5675
19.0205
18.6249
18.6119
19.1024
18.6349
18.9045
18.2449
18.4577
18.4869
18.8722
18.5192
19.2367
19.7998
20.0195
19.3350
18.9875
20.1861
20.1951
18.8674
18.6730
19.7577
18.8647
18.4177
19.9155
19.2338
18.5594
18.7975
18.4141
19.0689
18.8852
19.0246
18.7019
18.4204
18.4525
19.1878
19.1080
19.5773
19.6423
19.0053
18.7030
18.7096
20.0112
18.8946
19.4513
19.4047
19.0914
18.6889
18.5747
18.2588
18.6470
19.3717
19.1562
18.4268
18.7271
18.8980
18.2672
18.1491
17.8339
17.9717
18.3872
18.2515
17.7095
18.5285
18.6468
17.6607
19.0341
18.5238
19.0915
18.5079
18.2417
17.9145
18.5504
19.1278
18.0699
19.4282
19.0493
18.6033
19.1535
18.7965
19.0923
18.6827
19.5245
19.8753
19.2535
19.5376
19.4422
19.3216
19.1219
19.3906
19.2605
18.1974
17.8443
18.0945
18.3149
18.6864
17.5405
17.9913
18.6902
19.1126
19.1219
20.0332
19.3045
18.9748
18.9555
18.7846
18.7571
18.8147
18.9123
18.5176
18.8721
18.4832
18.3581
19.8674
18.7535
19.3707
19.3396
17.9324
17.8465
18.9683
19.3397
19.1273
19.4526
18.7009
18.6954
17.8852
18.6221
17.8607
17.9982
17.8736
17.6858
17.7065
17.8843
17.9028
18.2132
18.8123
18.4567
18.3935
18.6213
18.3577
18.2811
17.9051
17.6197
17.9550
17.6588
17.9981
17.5392
17.2789
18.0097
18.0458
17.2951
17.8689
18.0969
16.9700
18.0254
17.8790
17.8520
17.9117
18.9394
18.7850
18.3531
18.6540
18.2699
18.7130
17.4677
18.3128
17.4705
17.5288
18.5105
17.3905
18.9994
17.6854
17.7943
17.8141
17.2566
18.2203
18.7386
17.7084
18.2853
18.9733
17.5434
17.8734
17.2739
17.3220
17.6518
17.9434
17.6910
18.8870
17.8325
17.8175
17.7886
17.9520
18.8172
19.3285
19.1144
18.8537
18.8362
19.3295
19.3848
18.5322
18.8672
19.1474
18.4021
18.1677
17.8185
17.2706
18.8959
18.4995
18.2914
18.6886
18.5870
18.5583
18.8864
18.7671
18.7891
18.2038
18.2298
18.6311
18.6155
18.5151
18.0259
18.3168
18.5875
18.6913
18.0627
18.7679
18.4756
17.9378
18.7264
18.9584
18.0074
18.9634
19.1441
18.6260
18.2656
18.5501
18.3540
17.8264
17.8599
18.6743
18.2777
18.4226
18.5831
18.9457
18.3612
18.2120
18.1673
18.1584
18.0174
17.4109
17.3050
18.1497
17.6393
16.8262
17.3419
17.7958
17.9117
16.4308
16.8999
17.2907
17.8268
17.9075
18.8524
17.8867
17.6218
18.3434
17.9879
18.0224
18.4907
18.1827
18.2315
17.6635
17.5800
18.2870
18.4509
18.9417
19.1604
18.8624
18.6475
18.5271
18.4071
18.5219
17.9397
17.8331
18.1258
18.7125
17.5349
18.5827
17.7979
18.4767
18.1283
17.2497
17.3187
17.4661
17.9406
17.4418
17.9874
18.4591
17.9419
17.9131
17.3521
17.8716
17.1171
17.7447
17.5285
17.5161
17.9685
18.3836
18.7890
18.4637
18.6150
18.3961
18.7369
18.1360
18.0271
18.1196
18.4495
18.1298
17.8701
18.0854
18.1296
18.2175
18.8784
18.5326
18.9843
18.3828
18.3490
17.8439
16.9611
17.5890
17.7169
18.0678
17.9804
17.5722
17.3455
17.6920
18.2689
17.8495
18.3783
18.5025
18.8216
18.9404
18.2933
18.2704
18.0693
18.1714
18.1643
18.1774
17.9550
18.5154
17.7878
18.8437
18.1644
18.7577
18.2857
17.8250
18.2447
19.0044
18.5019
18.1456
18.9381
18.7513
19.4681
18.4508
18.8653
17.9122
18.0226
18.4866
18.0289
17.9368
18.2071
18.5973
17.9722
17.6948
18.1098
18.0835
18.6128
17.7644
17.7201
17.8895
18.4226
18.7609
18.0992
18.9182
18.9587
18.3432
18.3437
18.4971
18.7008
18.2296
17.6417
18.2428
18.0372
19.8597
18.1178
18.7738
18.7831
18.4759
18.8986
18.6398
19.1025
18.3684
19.2651
19.0464
18.6813
18.7560
19.2196
18.8530
18.7501
18.2585
18.1694
18.6748
17.8648
18.3356
18.3831
18.1787
18.7191
18.6906
18.7937
18.9143
19.1803
18.3604
18.2474
19.5834
18.7654
17.5442
18.5138
18.4552
19.1556
19.1207
19.3419
19.0607
19.3945
19.1899
18.6165
18.4073
18.5524
18.3049
18.1212
18.2305
18.6368
17.7569
18.4491
17.4101
17.7525
16.9374
17.4461
16.8635
17.3280
17.5840
17.6069
17.6359
17.7542
17.8130
18.4538
17.7915
17.8387
18.0521
18.8575
18.7672
18.5959
19.1981
18.8599
18.3463
18.1959
18.9721
18.6488
18.3920
18.7986
18.5402
17.9396
18.2749
18.2724
18.6039
18.5108
19.3975
18.5802
19.1346
17.5059
17.6698
18.6755
17.9842
17.4214
18.7533
17.9993
18.1721
18.3500
17.8679
18.4787
18.1308
18.3370
18.4615
17.8649
18.8366
18.3248
18.9328
18.9903
19.2813
18.1107
18.4741
17.9902
18.5756
18.6256
17.7582
18.8103
18.6272
18.5860
17.7798
17.8756
17.4338
17.5148
18.7274
18.5954
18.4580
17.9101
18.4494
17.9348
17.8375
17.6776
18.2215
18.8219
18.5062
17.7686
18.9398
19.1776
19.2111
19.0001
18.9190
18.5785
18.0985
18.6932
18.6617
18.3652
18.5778
18.2029
18.1926
17.7613
18.2173
17.7087
18.5540
18.3909
17.4754
17.8320
17.9801
18.3838
19.3823
17.5215
17.8075
18.3140
19.2078
17.9927
17.9629
18.7903
18.3366
18.6664
18.1051
17.8376
18.4564
18.5880
18.5898
18.8639
18.7929
19.5558
18.4374
18.4823
19.0089
18.9780
17.9919
18.2808
18.8976
18.3864
18.7583
17.4608
18.2106
17.3150
17.6204
17.6063
17.6436
18.4523
18.8170
18.1848
18.3457
18.5875
18.6323
18.4440
17.3768
18.2114
17.7490
18.3353
18.0708
17.3126
17.8744
17.5463
17.8289
18.0152
18.4247
17.3051
18.0280
19.0488
17.8982
18.2926
18.3891
18.4973
17.8526
18.2938
17.6362
18.1194
18.1698
18.1402
17.6186
18.0647
19.1472
18.6679
18.8453
18.3851
18.2340
17.9517
17.9911
18.3732
17.9448
17.6035
17.6441
18.1257
18.6437
17.2686
17.7181
17.4021
18.1794
17.0298
17.4381
17.3469
17.1674
17.7412
