1.4836
1.5884
1.4991
1.5469
1.5374
1.4255
1.7704
1.8722
2.1014
2.1998
1.9800
2.2036
1.9810
2.0700
1.7238
1.6788
1.6270
1.7178
1.5295
1.4336
1.6061
1.5432
1.7177
1.7523
1.6694
1.7245
1.7745
1.7121
1.4239
1.5009
1.3990
1.7595
2.0550
2.1097
2.0571
1.7815
1.8055
1.6239
1.7901
1.3222
1.6885
1.9110
1.9282
1.7986
1.8078
1.7094
1.7256
1.9355
1.8701
1.7822
1.9508
1.9156
1.9636
2.0762
1.9952
2.2793
1.9059
2.1049
2.0485
2.1226
1.7452
1.9368
2.0556
2.1610
1.9376
2.0878
2.1022
1.8331
1.7652
1.8878
1.6839
1.8971
1.7301
1.8628
1.8936
1.5662
1.8066
1.7794
2.2305
2.2143
1.9867
2.0141
1.8986
2.0661
2.0380
1.9199
2.2121
2.0912
1.7770
1.7615
1.8194
1.9190
1.9060
2.0237
2.1759
2.1394
2.7207
2.4035
2.3295
2.3445
2.2427
2.1454
1.7763
1.9024
2.1552
2.2399
2.3106
2.3685
2.3341
2.4746
2.5058
2.3374
2.3849
2.3970
2.2122
2.2832
2.4461
2.3800
2.1947
2.1387
2.1501
1.9744
2.0168
2.1683
2.0844
2.1667
2.2874
2.3147
2.5931
2.4709
2.4609
2.6698
2.9488
2.6930
2.7490
2.8585
2.7884
2.8016
3.0673
2.8038
3.1892
2.7616
2.9647
2.8760
2.6319
2.5928
2.7786
2.6859
2.7902
2.7653
2.6158
2.5747
2.6405
2.6812
2.9509
2.7104
2.8738
2.5559
2.5952
2.5224
2.4354
2.5390
2.6494
2.4443
2.7070
2.6337
2.7003
2.7082
2.7761
2.6627
2.8277
3.0074
2.7980
2.6610
2.6580
2.7096
2.7549
2.7450
2.3910
2.6701
2.6747
2.4407
2.4280
2.4530
2.7213
2.9946
2.5783
2.7151
2.5818
2.7701
2.8475
3.1084
2.9588
2.9263
3.2848
2.9765
3.2105
3.0628
3.1387
2.7613
2.6825
2.5800
2.6359
2.3946
2.8815
2.6158
2.6679
2.7575
2.8210
2.8316
2.7859
2.8642
2.5287
2.4808
2.3294
2.4850
2.4651
2.4873
2.4095
2.5097
2.2993
2.4909
2.4268
2.3189
2.3637
2.7126
2.8741
2.8195
2.3024
2.2570
2.2358
2.5517
2.6314
2.3467
2.2723
2.3367
2.7049
2.5709
2.6300
2.7525
2.8335
2.9421
2.6451
2.7411
3.0228
2.9770
2.7491
2.6821
3.0049
3.0870
2.9760
2.8762
3.0149
3.2863
3.0737
3.3094
3.3650
3.3309
3.2391
3.1892
3.2638
3.4837
3.5464
3.4096
3.2367
3.0066
3.1639
3.3382
3.1519
3.2257
3.1745
2.9983
3.1917
2.7550
2.7833
3.0726
2.8180
2.8907
2.9280
3.0577
3.0437
3.0503
3.1377
3.0187
3.0956
2.9303
2.9943
2.7592
2.9856
3.1406
3.0321
3.3698
3.4439
3.2573
3.2696
3.1843
3.1783
3.5039
3.3508
3.4815
3.6552
3.5787
3.7890
3.6623
3.6064
3.4660
3.4634
3.4993
3.4713
3.4874
3.5738
3.5282
3.2918
3.2965
3.0755
3.2586
3.2965
3.3594
3.3716
3.4607
3.5842
3.5258
3.3879
3.8222
3.6678
3.3163
3.4811
3.3190
3.1949
3.1893
3.0780
3.3989
2.9427
3.1696
3.2712
3.1695
3.4353
3.7101
3.5454
3.0869
3.1562
3.2358
3.3282
3.4050
3.5120
3.5917
3.3916
3.4160
3.4203
3.3543
3.4364
3.5629
3.6088
3.7961
3.5441
3.3691
3.4561
3.6922
3.4388
3.3189
3.7232
3.8932
4.0250
4.0928
3.9180
3.6149
3.9581
3.9027
3.9820
3.9434
3.8176
3.8039
3.8503
3.9812
4.0401
4.2222
4.0581
4.1755
4.1474
4.2915
4.2392
4.2803
4.5129
4.4834
4.3723
4.2767
4.2056
4.0890
4.1976
4.1012
3.9282
4.2740
4.2151
3.7671
3.6375
3.6423
3.7781
3.6633
3.5894
3.4548
3.4144
3.1917
3.3615
3.4274
3.4412
3.6139
3.6178
3.8840
3.7811
3.7105
3.5810
3.6034
3.4907
3.5207
4.0664
4.0468
3.7394
3.7823
4.0139
3.7564
3.8462
3.7137
3.5764
3.5835
3.5974
3.5477
3.6394
3.4357
3.2698
3.1909
3.2658
3.4644
3.4942
3.8403
3.6192
3.5854
3.7435
3.7256
3.8345
3.5926
3.6292
3.7861
3.7993
3.6920
3.6982
3.7193
3.4180
3.5068
3.6541
3.8354
3.9265
3.8734
3.9295
3.7905
3.7902
3.9100
3.9479
3.8132
3.7814
4.0224
3.9516
3.8801
3.7061
3.6509
3.6314
3.7183
3.5189
3.6066
3.5130
3.6504
3.6054
3.3719
3.4784
3.4152
3.8742
3.7370
4.0278
3.8631
3.8570
3.6622
3.7190
3.8018
3.5458
3.6467
3.4026
3.6547
3.9041
3.5270
3.5610
3.4351
3.7054
3.7472
3.5807
3.6662
3.5888
3.6383
3.7415
3.7552
4.0745
4.1764
4.1417
3.9668
4.0234
4.3390
4.1249
3.9726
4.0609
3.9607
3.9552
3.7297
3.7020
4.0097
3.9107
3.6123
3.8425
3.7396
3.7225
3.6510
3.7241
3.9923
3.6112
3.4821
3.7769
3.8602
3.5383
3.5149
3.7193
3.7301
3.9100
3.6636
3.5613
3.5114
3.7203
3.5379
3.4510
3.3994
3.7599
3.5893
3.6592
3.5369
3.5334
3.7602
3.7946
3.9992
4.0569
3.9728
3.9787
3.9883
3.9365
4.1953
4.1044
3.9955
4.0640
4.1351
3.9596
3.6124
3.5569
3.3325
3.4725
3.1744
3.3193
3.3432
3.1835
3.2634
3.0618
3.2467
3.2607
3.3802
3.3495
3.3341
3.3062
3.3090
3.1731
3.4763
3.5338
3.7093
3.7257
3.7322
3.7707
3.8911
3.9145
4.1291
4.0233
3.9570
4.1915
4.1071
4.2244
3.8387
3.9145
4.1446
4.1466
3.9401
4.3386
4.0113
3.7969
3.6936
3.5698
3.7095
3.5301
3.4004
3.5983
3.4618
3.5329
3.6545
3.6559
3.5451
3.5793
3.3939
3.3927
3.4247
3.7014
3.5754
3.5332
3.8254
3.5550
3.5898
3.7534
3.7996
3.7336
3.7616
3.9764
4.1688
3.9463
3.6728
3.5826
3.5021
3.8971
4.0704
4.0406
3.6853
3.5566
3.7859
3.2660
3.3062
3.2214
3.4866
3.2964
3.5182
3.8645
3.8187
3.6865
3.4732
3.6678
3.5893
3.5029
3.5860
3.3160
3.4507
3.8820
3.5761
3.7701
3.8604
3.4607
3.4405
3.6736
3.2955
3.4512
3.3171
3.4267
3.2728
3.3146
3.3300
3.4538
3.5678
3.6289
3.7285
3.7222
3.6718
3.7058
3.7629
4.2207
4.2956
4.0005
4.1473
4.0329
3.7439
3.8034
3.6919
3.5364
3.6830
3.5594
3.5853
3.4228
3.6424
3.7589
3.5436
3.5899
3.5945
3.5745
3.3957
3.3873
3.3928
3.4039
3.5867
3.5095
3.7752
3.7961
3.5512
3.6289
3.4702
3.4755
3.5785
3.7451
3.8397
3.7569
3.4679
3.5027
3.7687
3.6770
4.0475
3.7004
3.6157
3.8246
3.6339
3.5807
3.5694
3.5026
3.4199
3.4572
3.6085
3.5956
3.7487
3.7228
3.5664
3.6230
3.3321
3.0487
3.0765
2.9009
3.2159
2.8237
2.9693
3.1130
3.0273
3.1360
3.1962
3.1476
3.3249
3.2819
3.1387
3.1390
3.3634
3.5489
3.7702
4.0137
4.1325
4.1790
4.2506
4.1221
4.1008
3.9054
4.0749
3.9659
4.0673
3.9236
3.8493
4.0513
3.9198
3.8604
3.9963
4.3460
4.2429
4.3451
4.2807
4.1971
4.2521
4.5277
4.2805
4.1825
4.1091
4.4541
4.5211
4.5096
4.3077
4.3577
4.3097
4.3618
4.6958
4.5444
4.4469
4.5809
4.5119
4.4182
4.2722
4.3109
4.3752
4.4799
4.3589
4.4135
4.3879
4.3663
4.4862
4.5164
4.5397
4.6035
4.6459
4.5179
4.4038
4.3126
4.3499
4.1772
4.4753
4.3528
4.3984
4.3228
4.5785
4.3838
4.1527
4.0481
3.6997
3.6794
3.8526
3.9224
3.7542
3.8234
3.7776
3.4837
3.8346
3.8004
3.5667
3.5951
3.4587
3.5841
3.5401
3.6112
3.6569
3.7478
3.6872
3.7673
3.9314
3.6191
3.5899
3.5953
3.6631
3.7090
3.6439
3.8988
3.9052
3.8914
3.8317
3.9452
3.8450
4.0418
3.9773
4.1354
4.0308
3.4615
3.7481
3.9171
3.8023
3.9004
3.8337
3.7823
3.8514
3.9402
3.7314
4.2002
3.9051
4.0239
4.1584
4.0434
3.9872
4.0954
3.9296
3.9582
3.7322
4.0461
3.9200
3.9844
4.1759
3.9340
3.9590
3.9450
4.1171
4.1028
3.9744
4.1880
4.2526
4.2793
4.2617
4.2304
4.2491
4.1510
4.1006
4.0336
4.0366
4.2730
4.1562
4.3244
4.5478
4.4043
4.5959
4.2829
4.3024
4.5193
4.4635
4.4334
4.3446
4.1227
4.1129
4.3429
4.3463
4.2334
4.3498
4.2777
4.2849
4.3555
4.2882
4.0479
4.1225
3.9105
3.9859
3.9700
4.0933
4.1100
4.0086
3.9106
3.9484
3.5750
3.8044
3.7984
4.0358
3.7163
3.9679
4.1111
4.4344
4.3588
4.1452
4.3810
4.0437
4.3127
4.2126
3.9848
4.2292
4.1390
4.2202
4.2611
4.2485
4.2278
3.9907
4.1654
3.8987
3.9225
3.9975
3.7983
4.0571
4.0369
4.3234
4.3479
4.3756
4.3803
4.1725
4.3010
4.5150
4.2649
4.5737
4.3812
4.2574
4.1846
3.9262
3.9427
4.0253
4.2207
4.1332
4.0594
4.2676
3.9527
3.9451
4.2425
4.1241
3.9196
3.8894
4.0182
4.1533
4.0058
4.0744
4.1878
4.3510
4.3087
4.5263
4.4016
4.1978
3.9939
4.0980
4.0045
3.9232
3.9879
3.7507
3.9697
4.1308
4.1311
4.2211
3.6901
3.5318
3.7771
3.6697
3.8284
3.3368
3.4160
3.4893
3.3453
3.4410
3.2439
3.1700
3.3103
3.4871
3.3656
3.6870
3.5337
3.3906
3.2518
3.5100
3.5122
3.4483
3.2080
3.1690
3.4821
3.6964
3.6085
3.5476
3.6554
3.6154
3.6847
3.4869
3.6615
3.6183
3.8739
3.6702
3.5714
3.5709
3.5082
3.5638
3.7802
3.8772
3.8249
3.7645
3.6242
3.7577
3.9041
3.8880
3.9051
3.9383
3.7701
4.3925
4.1339
4.0012
3.7813
3.7212
3.6500
3.8222
3.5051
3.5945
3.9165
3.5711
3.6956
3.4689
3.9635
3.9788
3.8871
3.8675
3.9136
3.8637
4.0097
3.7039
3.7061
3.6315
3.8494
3.8083
3.5302
3.6161
3.8344
3.6941
3.3364
3.3679
3.3171
3.3613
3.3593
3.3039
3.3337
3.4729
3.5917
3.4966
3.5702
3.8332
3.8676
3.7513
3.8586
3.6284
3.5035
3.5896
3.5606
3.5735
3.3944
3.3327
3.5745
3.4349
3.5027
3.4783
3.5991
3.4779
3.4854
3.4815
3.5261
3.1690
3.4634
3.3426
3.4619
3.4832
3.5040
3.2819
3.2171
3.3580
3.2265
3.1972
3.3032
3.4922
3.5290
3.2461
3.4454
3.5203
3.2804
3.4037
3.4622
3.3673
3.3175
3.6304
3.6268
3.6892
3.6265
3.5050
3.3239
3.4158
3.4841
3.7500
3.6274
3.9150
4.0061
3.7712
3.8244
3.8951
3.9219
3.9973
4.0973
4.0510
3.9653
3.5589
3.7942
3.7058
3.8433
3.6714
3.8785
3.7796
3.3609
3.7734
3.3352
3.6875
3.6940
3.6649
3.5371
3.3387
3.5940
3.8456
3.6519
3.3584
3.3232
3.2224
3.6441
3.5898
3.3712
3.5182
3.4230
3.5328
3.6093
3.5472
3.5688
3.5218
3.6489
3.3978
3.6019
3.5701
3.6101
3.5718
3.6773
3.4560
3.2545
3.6124
3.5372
3.6275
3.4927
3.5878
3.4507
3.6016
3.4881
3.6921
3.6258
3.9339
3.7626
3.9163
3.8665
3.6636
3.7061
3.7116
3.8216
3.9258
4.1722
3.8841
3.8317
4.0832
3.9267
3.8430
3.8320
3.4555
3.2903
3.3378
3.1580
3.3379
3.3522
3.2968
3.0862
3.3366
2.9632
3.1661
3.0344
3.0666
3.1453
3.0881
3.0740
2.9307
3.0117
2.8083
2.7140
2.9600
2.7690
2.7894
2.9446
3.0822
3.0754
3.0384
3.1305
3.0206
3.3775
3.3363
3.0782
3.3777
3.4568
3.4201
3.5846
3.4416
3.4632
3.4132
3.3688
3.6604
3.5087
3.5207
3.5195
3.4869
3.4905
3.5757
3.8177
3.5565
3.5669
3.3144
3.3666
3.7764
3.8807
3.8352
3.8706
3.6404
3.7683
3.7532
3.5021
3.8190
3.9471
3.6296
3.8458
3.8734
3.7441
3.5942
3.6482
3.4600
3.4425
3.4818
3.6285
3.4821
3.8019
3.6093
3.5564
3.6457
3.6245
3.5755
3.4638
3.6369
3.4762
3.5690
3.6970
3.8572
4.0123
4.0177
3.8897
4.1081
3.9780
4.0844
3.7865
3.9322
3.8881
3.9704
4.0095
3.8321
3.9461
3.8085
3.9823
3.9413
3.9700
3.5994
4.1195
3.9634
3.7911
3.8228
3.7622
3.6867
3.5880
3.8409
3.7721
4.1744
3.7629
3.8661
3.8936
3.8653
3.8497
3.9449
3.8616
3.7365
3.8332
3.7513
3.7146
3.5781
3.5100
3.7533
3.4703
3.5322
3.6443
3.4667
3.4483
3.5442
3.5919
3.0505
3.2121
3.4061
3.6665
3.2766
3.5538
3.4822
3.4451
3.4360
3.5798
3.3142
3.6134
3.3426
3.5517
3.4821
3.3541
3.6300
3.5616
4.0038
3.8897
4.3144
4.0742
3.8444
4.0443
3.7451
3.7540
3.6871
3.6761
3.7455
3.5732
3.7600
3.8003
3.9411
3.8421
3.9320
3.7781
3.7915
3.3998
3.5249
3.6863
3.7556
3.6999
3.3068
3.5326
3.2079
3.6334
3.6244
3.4058
3.2611
3.3019
3.6458
3.6452
3.4902
3.5725
3.3077
3.5811
3.4608
3.7567
3.6781
3.9101
3.7776
3.9436
4.0400
4.1538
4.1193
4.0858
4.1298
3.8769
3.8436
3.5556
3.8045
3.6561
3.7433
3.4385
3.4837
3.6289
3.6167
3.8777
3.6729
3.6733
3.2648
3.2289
3.2044
2.7402
3.1554
3.1759
3.1977
3.2673
3.3019
3.4218
3.3127
3.3718
3.1962
3.4769
3.2120
3.3093
3.1570
3.4270
3.3885
2.9022
2.9656
2.8814
2.9987
2.8162
3.0025
3.0337
2.9115
2.9565
2.9332
3.4155
3.5654
3.2247
3.1748
3.3936
3.0585
2.9053
3.1049
2.8998
2.9672
3.1970
2.7966
2.8138
2.7950
2.8972
2.8159
3.0543
2.7268
2.7470
2.9994
3.0366
3.3245
3.2235
3.2022
3.3193
3.3986
3.3016
3.2001
3.4056
3.5111
3.5777
3.6559
3.7395
3.8759
3.8325
4.0051
3.8009
3.6295
3.6510
3.5718
3.7884
3.8899
3.8799
3.9818
3.8616
3.7639
3.4599
3.8039
3.9135
3.8326
3.9621
3.7164
3.8241
3.6078
3.5049
3.5396
3.5485
3.6720
3.7745
3.6678
4.3000
4.1574
4.0284
3.7679
4.1407
3.9451
3.9440
4.2711
3.8575
3.7357
3.6719
3.8473
3.6626
3.7668
3.5670
3.9083
3.8631
3.9003
3.7385
3.5806
3.5441
3.4721
3.6322
3.6317
3.5963
3.7906
3.8137
3.7776
3.8697
3.8630
4.0713
3.9227
3.7813
3.9105
3.9939
3.8385
3.6984
3.6010
3.6762
3.8285
3.8672
3.7181
3.8051
3.9497
3.5047
3.5860
3.4629
3.4617
3.3889
3.5448
3.8176
3.7140
3.7290
3.8526
3.8620
3.7809
4.0616
3.8107
3.8955
3.8518
3.7498
3.9806
3.9377
3.9090
3.9438
4.1249
3.7807
3.7378
4.0525
3.8673
3.8223
3.7808
3.6852
3.9714
3.7290
3.8951
3.8397
3.9804
3.6431
3.6184
3.2928
3.6975
3.6517
3.7552
3.6224
3.5183
3.6055
4.0673
3.8416
4.1352
3.9894
3.6287
3.6023
3.7857
3.6917
3.8714
3.9159
3.9526
4.3066
4.1126
4.0742
3.7346
4.2139
4.0053
4.0700
3.9217
4.1441
4.0654
4.0485
3.7491
3.7536
3.7757
3.8194
3.9353
3.6903
3.5319
3.7787
3.7442
3.9636
3.9068
3.9027
3.8233
3.8728
3.7671
3.9675
4.0892
3.8370
3.9185
3.9120
4.1598
3.7981
3.6014
3.5771
3.6723
3.6578
3.7004
4.0128
4.0519
3.9334
4.0010
3.8959
3.6864
3.9593
4.0503
4.1185
4.2399
4.0772
4.0386
4.1369
4.1171
3.7712
3.8640
3.9249
4.0512
4.1800
3.9410
3.8862
4.2926
4.1439
4.1705
4.0370
3.9825
3.8578
3.6445
3.7588
4.1517
3.8946
3.7546
4.0071
3.9418
3.6037
3.8282
3.7535
3.9769
3.8142
3.3947
3.7958
3.7214
3.9336
3.7496
3.7610
3.9000
3.8371
3.5395
3.7953
3.6875
3.7667
3.8374
4.0147
4.0854
4.0770
4.0918
3.9431
3.8497
3.9709
3.8563
3.8885
3.9185
4.1535
3.9957
3.7454
3.9161
3.9667
3.9124
3.6875
3.6385
3.6068
3.8581
3.5502
3.5118
3.3028
3.2447
3.4637
3.1858
3.6063
3.8620
3.6312
3.5089
3.5878
3.7030
3.6193
3.4764
3.4387
3.4515
3.7800
3.4955
3.6086
3.4822
3.2143
3.4005
3.6027
3.5428
3.2820
3.3420
3.6917
3.6440
3.6494
3.2750
3.5349
3.2925
3.5616
3.4821
3.4420
3.2886
3.1294
3.0847
2.9838
3.1093
2.9525
3.0333
2.6646
2.7021
2.5366
2.5478
2.7890
2.9316
3.1938
3.1956
3.0691
2.9069
3.0398
2.8012
3.1184
3.1635
3.1222
3.2909
3.1270
3.3420
3.2956
3.2082
3.2619
3.4474
3.2881
3.4391
3.3828
3.3976
3.3928
3.7345
3.8502
4.0564
3.7517
3.8400
3.6907
3.6583
3.7365
3.7102
3.6447
3.6393
3.6153
3.4299
3.6840
3.6477
3.4591
3.5194
3.4342
3.4356
3.3389
3.3615
3.2647
3.5169
3.6854
3.6136
3.3626
3.3337
3.1538
3.5017
3.4769
3.1762
3.3271
3.3221
3.3330
3.3399
3.3718
3.1841
3.0348
3.1443
2.7537
2.8372
2.7550
2.7801
3.0058
2.9817
3.1339
3.2912
3.2250
3.2418
3.0444
3.1631
3.3631
3.2978
3.3575
3.4014
3.3018
3.4356
3.2270
3.1892
3.3681
3.2584
3.3129
3.2947
3.2027
2.8079
3.1004
3.1370
3.4652
3.4636
3.3788
3.2689
3.2732
3.1131
3.4678
3.4563
3.3204
3.1995
3.1182
3.1853
3.3664
3.2330
3.0390
2.9542
3.3213
3.3181
3.2220
3.2780
3.3110
3.5107
3.3762
3.1374
3.4903
3.5885
3.5132
3.4965
3.6654
3.8957
3.6673
3.4708
3.4013
3.7168
3.4979
3.5303
3.6823
3.5823
3.6878
3.3591
3.3641
3.4443
3.3147
2.8209
3.0746
3.0583
3.2146
3.2293
3.2398
3.2728
3.2266
3.4662
3.3123
3.5884
3.4651
3.3697
3.2716
2.9819
2.9739
3.1234
3.1207
3.3629
3.1685
3.4367
3.4588
3.2318
3.3982
3.4229
3.4544
3.5608
3.6824
3.4300
3.4459
3.4418
3.4351
3.4617
3.3357
2.9572
3.2427
3.1582
3.5520
3.4124
3.5425
3.3102
3.3856
3.1887
2.9754
2.9104
3.0640
3.1530
3.2909
3.3044
3.5332
3.5190
3.4987
3.4550
3.4069
3.3732
3.5008
3.6595
3.2212
3.1877
3.2881
3.1616
3.3075
3.1088
3.1482
3.1973
3.3687
3.3239
3.5059
3.4609
3.5581
3.3438
3.5662
3.5369
3.7252
3.7810
3.8170
3.8580
3.7368
3.5270
3.5045
3.4710
3.3413
3.5155
4.0107
3.9183
3.9905
3.8557
3.9822
3.9558
4.1713
4.2950
4.3601
4.4899
4.1787
3.9615
4.0382
3.7819
3.8642
3.8915
3.9653
3.7493
3.6451
3.6588
3.6076
3.7383
3.9292
3.8172
4.1603
4.1716
4.1312
3.9779
4.2279
3.9063
3.7960
3.5260
3.7121
3.4776
3.9948
4.0197
3.6863
3.8570
3.6732
3.8396
3.9073
3.8672
3.7692
3.5481
3.5494
3.7909
3.7726
3.7179
3.4872
3.6433
3.6038
3.5733
3.4340
3.5789
3.2430
3.4025
3.5716
3.4311
3.3104
3.1845
3.2924
3.3299
3.3395
3.1839
3.3350
3.5568
3.2197
3.2438
3.5203
3.6707
3.2823
3.2750
3.5515
3.2985
3.6201
3.6796
3.6735
3.8510
3.5030
3.4210
3.5831
3.3810
3.3112
3.5553
3.6463
3.5709
3.6902
3.7564
3.7965
3.8957
3.7679
4.0069
3.9440
3.6941
3.6904
3.2654
3.6137
3.5952
3.8231
3.7650
3.6338
3.5732
3.7441
3.7178
3.9043
3.8750
3.9570
4.0613
4.2254
4.1633
4.0671
3.7111
3.7911
3.9383
3.8351
3.8400
4.2316
4.2332
4.4080
4.0428
4.2165
4.2177
4.1495
4.0510
4.2396
3.8966
4.1923
3.7919
3.8090
3.8722
3.8846
3.8413
3.7912
4.0021
4.0230
4.2692
4.2185
4.0055
3.9972
4.3921
4.1721
3.9048
3.8661
3.7874
3.4932
3.1403
3.3821
3.6793
3.4723
3.5802
3.8906
3.5205
3.4880
3.7964
3.5382
3.5370
3.4158
3.5637
3.5502
3.5457
3.6542
3.6512
3.6966
3.5608
3.4311
3.6581
3.5639
3.3726
3.6441
3.6835
3.6675
3.4909
3.7153
3.8545
4.2019
4.0881
3.8337
3.8804
3.9981
3.8385
3.9658
3.9472
3.5197
3.4048
3.3739
3.4941
3.4706
3.3309
3.4049
3.4859
3.5280
3.7142
3.6298
3.5394
3.4257
3.5212
3.4122
3.2193
3.2671
3.2604
3.2209
3.2447
3.1022
3.2184
3.5370
3.4438
3.3866
3.4858
3.4504
3.3713
3.3320
2.9362
2.9400
2.9864
3.0353
3.0461
2.9309
3.1123
2.8875
2.8956
2.8715
2.8287
2.8729
3.0436
2.7373
2.7423
2.6503
2.8139
3.1341
2.6058
2.7673
2.9187
2.8651
2.9547
2.8937
2.7409
2.8025
3.0328
3.1982
2.8830
2.6634
3.0151
2.9097
2.8302
2.8644
2.8943
2.9295
2.8432
2.6388
3.1323
3.1834
3.0657
2.9674
3.0400
2.8858
2.9411
2.8933
2.8396
2.8162
3.1625
3.1683
3.0534
2.8326
2.7818
2.9318
2.9484
2.8738
2.8843
3.1978
2.8947
3.1527
3.1820
3.1908
3.4771
3.2870
3.1233
3.2480
3.4013
3.0124
2.9284
2.9576
2.8232
2.7845
2.8289
2.9374
2.9959
2.9581
2.9847
2.6857
2.7287
2.6355
2.9015
2.8656
2.8058
2.6120
2.7056
2.4697
2.7225
2.5811
2.6800
2.2593
2.6018
2.8034
2.9469
3.0488
2.7302
2.7493
2.6870
2.8647
2.8789
2.8002
2.8745
2.8934
2.9250
3.1953
2.8945
2.8216
2.7452
2.8835
2.9890
2.9097
3.1478
3.1852
3.1037
3.0518
2.9236
2.9795
3.2370
3.1978
3.1255
2.8906
3.0520
2.8727
2.9791
2.6968
2.8117
2.9489
2.7201
2.9727
2.9893
3.0145
3.3048
3.2423
3.3415
3.3875
3.3552
3.2474
3.2825
3.0328
3.1603
2.9233
3.2692
3.4204
3.3312
3.2580
2.9909
3.2000
2.9446
2.8281
2.7698
3.0147
2.7240
2.7539
2.9416
3.1137
3.0632
2.9891
3.1750
2.7858
2.9213
2.8801
3.1914
2.6841
3.2385
2.8792
3.2041
3.3729
3.2856
3.2948
3.1677
3.4984
3.1909
3.1155
3.0742
2.9445
2.8701
3.0091
2.8796
2.6593
2.7215
2.7319
2.9748
2.9698
2.9567
2.8150
2.9730
3.0041
3.1844
2.9897
2.9678
3.1632
3.1172
2.9499
3.3071
3.1562
3.2647
3.1028
2.6909
2.8994
3.2871
3.1776
3.0572
2.9694
2.8237
2.9749
2.7942
2.9181
3.0684
2.9048
2.8061
2.9623
2.9417
3.2626
3.2037
3.1725
3.1350
2.9516
3.1466
2.8828
2.8561
2.8010
2.8534
3.1345
3.1979
3.5633
3.5681
3.4741
3.2376
3.2848
3.2282
3.2394
3.2039
3.2753
3.4251
3.2464
3.2482
3.0338
3.2259
3.2148
3.2511
3.3307
3.2172
3.1432
3.0497
3.3162
3.0752
3.1361
3.1324
2.8097
3.3708
2.8891
3.1445
3.0747
3.0663
3.2457
3.2423
3.4062
3.0056
3.2763
3.2276
3.0799
2.9858
3.0432
2.8971
2.8283
2.8540
2.7272
2.9828
2.9222
2.8567
2.7156
2.8010
2.9362
2.9778
3.0025
3.2608
2.9623
2.9423
3.1531
3.1893
3.1204
2.9299
3.0629
3.0795
2.9327
3.1099
3.4275
3.0185
3.0129
3.2794
2.9444
3.1308
3.0868
3.0440
2.8438
2.7752
3.0289
3.0324
2.9276
3.1165
3.2590
2.9409
2.9974
3.0329
2.9490
3.1323
3.2977
3.1010
2.8952
2.9175
2.7948
2.8218
2.9431
3.1674
3.0014
3.2408
3.0928
3.1238
3.1153
2.9343
2.9124
2.8587
3.0321
3.1731
3.2339
3.6148
3.3428
3.5324
3.3202
3.5833
3.2693
3.4299
3.4817
3.1386
3.1706
3.0853
2.8451
3.0291
3.1440
2.9049
3.0838
3.1563
3.0660
3.1196
3.1804
2.9716
3.0258
2.7922
2.9552
2.9981
2.9613
2.9740
3.0132
2.9010
2.6421
2.5569
2.7966
3.0123
2.8813
3.0049
3.0948
2.8333
2.9596
3.0739
2.8307
3.0910
3.0037
3.1227
3.2413
3.1586
3.3906
3.0335
3.0695
2.6796
2.8122
2.7757
2.9655
2.8863
3.1137
3.0991
3.0978
2.8028
2.8251
3.0008
2.9911
2.7554
3.0048
2.9101
3.0242
2.9949
2.8448
2.7078
2.8436
2.8385
2.6139
2.8028
3.1004
2.7358
2.8049
2.8309
2.8170
2.7595
2.7170
2.8146
2.9016
2.9311
3.0234
3.0757
2.7892
2.8221
2.7496
2.6223
2.6830
2.6287
2.7710
2.5858
2.6132
2.6043
2.8965
2.8450
2.7236
2.9540
2.8048
2.8331
2.7406
2.9561
2.8642
2.7000
2.7424
2.7847
2.8294
3.1054
2.8803
3.1831
3.2481
3.1005
3.1393
2.9519
2.9534
3.0248
2.9635
2.7087
2.8169
2.7621
2.8917
2.6837
2.7029
3.0767
2.9504
2.8384
2.7025
2.9130
2.8368
3.0586
3.0243
3.1814
2.9098
3.0057
2.5382
2.8077
2.7285
2.7690
2.8684
2.9118
2.4755
2.6965
2.5152
2.4882
2.9144
2.8120
2.8061
2.6432
2.7188
2.8370
3.1161
3.0678
2.9205
2.6032
2.8751
2.9109
2.9759
2.9410
2.6958
2.7118
2.7853
3.1389
3.0317
2.8074
2.9492
3.0262
3.0197
2.9937
2.9118
2.7786
2.8899
3.0148
3.1090
3.1991
3.1970
3.5273
3.4458
3.4455
3.2950
3.3034
3.3016
3.4873
3.2834
3.2826
3.5717
3.2987
3.3471
3.2787
3.4217
3.4970
3.2115
3.2866
3.2028
3.1096
3.2692
3.1409
3.0014
3.0138
2.8436
2.8361
2.9362
2.9412
2.9807
2.8484
2.5203
2.6391
2.9436
2.9889
3.0598
2.9824
3.3260
2.9206
2.8541
3.0346
2.7331
3.0362
2.9975
2.8205
3.0889
3.1529
3.2440
3.1144
3.2005
3.2700
3.2549
3.1768
3.1797
3.0978
3.1151
3.1584
2.8982
3.0208
2.7227
2.7288
3.1026
3.2836
3.0944
2.9779
2.9206
3.1755
2.8295
2.7441
2.7870
2.9369
2.7430
3.0771
2.8258
2.9039
2.9322
2.5062
2.5966
2.6548
2.6272
2.7086
2.6565
2.7601
2.6874
2.9796
2.7771
2.6364
2.7960
2.9822
3.0385
2.9800
2.8719
2.9381
2.8413
2.8214
2.8020
2.8377
2.6950
2.7376
2.6531
2.4778
2.4902
2.6514
2.4739
2.6445
2.3926
2.5766
2.5492
2.6611
2.6995
2.3822
2.5905
2.3718
2.5868
2.4588
2.3509
2.3868
2.4026
2.5417
2.2893
2.3572
2.6384
2.3832
2.3913
2.5666
2.6668
2.8073
2.8082
2.7360
2.5658
2.6707
2.4760
2.6837
2.6278
2.7586
2.7678
2.7676
2.9036
3.0352
2.6284
2.5635
2.5632
2.7597
2.6437
2.8157
3.2608
2.9867
3.0402
3.0636
2.9765
3.0317
2.8236
3.1439
3.1110
3.4397
3.1212
3.0900
3.0652
3.2885
3.2910
2.9813
3.3025
3.2922
3.4549
2.9178
3.0302
3.3227
3.3381
3.2981
3.3688
3.7496
3.6884
3.6635
3.2947
3.6434
3.6387
3.5130
3.4461
3.2152
3.3677
3.3107
3.3802
3.3985
3.2688
3.4487
3.6041
3.4027
3.2297
3.2688
3.3410
3.1502
3.4110
3.4037
3.3806
3.2197
3.1970
3.3026
3.2785
3.1550
3.2501
3.3182
3.3002
3.3081
3.3101
3.3071
3.4754
3.6734
3.4744
3.4969
3.6004
3.4061
3.6428
3.5960
3.5185
3.8359
3.3900
3.3956
3.7132
3.4659
3.5161
3.5921
3.5783
3.7934
3.6980
3.6467
4.0099
3.8035
3.8190
3.7484
3.7686
3.8433
4.1526
3.9429
4.1287
3.8949
3.7591
3.6905
3.9778
4.3557
4.0485
3.9868
3.7470
3.7838
3.9568
3.7665
3.5710
3.6352
3.4260
3.5083
3.4991
3.2242
3.3312
3.1569
3.0815
3.1542
3.2753
3.2266
3.3172
3.1780
3.4649
3.5248
3.1414
2.9332
3.0606
2.9561
3.0504
3.2010
2.9832
3.2739
3.0511
2.9689
2.8618
3.1138
2.9982
3.2557
3.1845
3.1970
3.2152
3.2952
3.6445
3.3517
3.1884
3.3023
3.1994
3.3710
3.5373
3.3724
3.6604
3.7736
3.6164
3.8240
3.4555
3.6073
3.4054
3.3864
3.2586
3.2146
3.2580
3.1348
3.0369
3.3407
3.7463
3.4212
3.7904
3.6911
3.8520
3.8613
3.7215
3.7971
3.6182
4.1037
3.8915
3.7577
4.0653
3.7703
3.8230
3.3886
3.7637
3.6750
3.5372
3.5100
3.6915
3.5556
3.6386
3.6624
3.7779
3.3366
3.3989
3.6470
3.6051
3.3985
3.7175
3.6836
3.7297
3.4848
3.1927
3.2993
3.5279
3.4072
3.3691
3.0279
3.1788
3.1794
3.0911
2.8577
2.9318
3.2347
3.2365
3.1212
3.4255
3.6338
3.5153
3.3603
3.3771
3.4304
3.4757
3.7033
3.8873
3.8360
3.6918
3.8446
3.7493
3.6326
3.6267
3.7341
3.3973
3.4217
3.4669
3.3380
3.3331
3.1753
3.3447
3.3921
3.4888
3.4131
3.2740
3.2452
3.3063
3.1298
3.4687
3.4542
3.2387
3.1871
3.0891
2.9713
3.3135
3.1716
3.4749
3.6822
3.7810
3.7494
3.6508
3.5317
3.8323
3.9562
3.7760
3.8769
3.9444
3.7495
3.6336
3.6587
4.1336
3.6514
3.7432
3.3205
3.5861
3.7756
3.9603
3.4669
3.4292
3.4286
3.6140
3.7213
3.3085
3.5483
3.4554
3.7099
3.6429
3.6806
3.6477
3.5922
3.4974
3.6401
3.3524
3.6845
3.5633
3.8150
3.3763
3.5289
3.2764
3.4582
3.3454
3.4499
3.3729
3.6880
3.4443
3.4726
3.8045
3.6936
3.8647
3.7612
3.8683
3.7370
3.7389
3.4234
3.2457
3.6165
3.7873
3.6363
3.8098
3.5992
3.6938
3.4958
3.6005
3.6292
4.0513
4.0709
3.8224
4.1323
3.5577
3.7511
3.8146
3.6548
3.8391
3.9710
3.9530
3.4787
3.7686
3.7970
3.5600
3.3630
3.3833
3.3937
3.0524
3.3554
3.5177
3.3578
3.3394
3.2175
3.3568
3.3404
3.4862
3.4329
3.5453
3.2395
3.0020
3.0656
3.4513
3.1398
3.2769
3.1884
3.1730
3.1917
3.3957
3.1671
3.1175
3.2014
3.1790
3.1400
3.2307
3.0891
3.5321
3.3217
3.4780
3.5647
3.7699
3.7554
3.6283
3.8085
3.7023
3.2594
3.5884
3.2692
3.5028
3.4616
3.5509
3.3205
3.3662
3.5047
3.4919
3.8074
3.3475
3.3533
3.3862
3.4505
3.6404
3.6273
3.4586
3.5823
3.4440
3.2652
3.5109
3.5248
3.3957
3.4796
3.4300
3.7662
3.4483
3.4929
3.5560
3.4124
3.3033
3.3872
3.3700
3.3148
3.2134
3.1511
3.0713
3.3583
3.5496
3.4075
3.6480
3.5529
3.5306
3.8147
3.5806
3.5705
3.6116
3.3713
3.5544
3.2112
3.6734
3.5331
3.4901
3.4659
3.1957
3.4456
3.4202
3.2767
3.4292
3.4217
3.8667
3.2714
3.5100
3.4305
3.5341
3.5061
3.4469
3.3859
3.6609
3.8706
3.7071
3.5735
3.3126
3.4037
3.1885
3.1658
3.4521
3.4040
3.4786
2.9883
3.3123
3.4154
3.2544
3.3871
3.8524
3.5652
3.4835
3.5450
3.3466
3.1272
3.5106
3.6683
3.5721
3.2599
3.3506
3.4173
3.6911
3.3802
3.3881
3.6352
3.3758
3.3646
3.3109
3.1819
3.0932
3.3303
3.3511
3.2946
3.3541
3.2914
3.0938
3.0984
3.3182
3.1307
3.4584
3.4734
3.0862
3.2985
3.1936
3.2403
3.3869
3.1914
3.5023
3.2471
3.2132
3.1498
3.2650
3.0243
3.1946
3.4774
3.3384
3.1843
3.1185
3.2766
3.1968
3.1474
3.3723
3.2054
3.2431
2.9158
2.9127
3.1473
3.1932
3.3700
3.2539
3.3450
3.5778
3.3647
3.6333
3.3794
3.2551
3.1902
3.3358
3.2783
3.1121
3.4238
3.5131
3.2451
3.5432
3.5059
3.5832
3.6681
3.4140
3.6226
3.2423
3.6737
3.6550
3.2859
3.6931
3.6091
3.6255
3.3497
3.5470
3.2376
3.1134
3.2653
3.1714
3.3152
3.3169
3.2402
3.4345
3.0906
3.2181
3.2632
2.9844
2.9660
2.9679
3.2576
3.0098
3.0300
3.1826
3.0806
3.2008
3.2067
3.1175
2.9826
3.0886
2.9949
2.9505
2.9335
2.8657
2.8468
2.8502
3.0344
2.9709
2.9305
2.9009
3.1381
3.0827
2.9734
2.8712
2.7144
2.8712
2.7927
2.9869
2.8716
2.8812
2.8823
2.5968
2.6109
3.0372
2.8211
2.9054
2.9403
2.5676
2.7219
2.7164
2.7408
2.7350
2.8827
2.8294
2.7955
2.9829
2.8103
2.7331
2.8517
3.0375
2.7449
3.0202
2.9684
3.1091
2.7388
3.0260
2.9581
3.2875
3.3325
3.1241
3.3698
3.4693
2.9977
3.0973
2.7880
2.8674
2.8942
2.9997
3.1331
3.1613
3.1383
3.1424
3.0177
2.7660
2.8038
2.5343
2.7755
2.8756
2.7703
3.1097
2.9437
2.8105
2.7791
2.8604
2.8073
2.6689
2.6365
3.1895
2.9386
2.7141
2.9011
2.8627
3.0642
3.0666
3.2719
3.3262
3.1655
3.1413
3.0191
3.2035
2.9325
2.8966
2.7257
3.0574
3.0741
3.0470
3.2624
3.1758
3.0110
2.9808
2.8231
3.0938
3.0820
3.3425
3.4395
3.3241
3.1723
3.0139
2.9327
2.8393
2.9099
3.0354
2.8571
2.7464
2.5000
2.8745
3.1567
3.0087
2.9294
3.1020
3.2380
3.1517
3.0574
3.0720
2.8445
2.9694
2.7334
2.9875
3.0751
2.9247
3.0219
3.1601
2.8605
2.8040
2.8042
3.1184
3.0192
3.1360
3.2294
3.2742
3.1794
3.3270
3.1979
3.0771
2.8509
2.9339
2.8834
2.6030
2.6062
2.8026
2.8375
2.9637
2.5795
2.6426
3.1335
2.9924
3.0234
3.1330
2.9760
2.9797
3.0491
3.1767
2.8988
3.1874
3.3303
3.1412
3.0991
3.1102
2.8245
2.7685
2.9080
3.0112
2.9790
2.9769
2.8473
2.7441
3.1634
2.8563
2.8794
2.6238
2.7458
2.6423
2.6652
2.6680
2.4827
2.6251
2.7124
2.8004
2.7067
2.6408
2.6999
2.9049
2.9153
3.0007
2.9380
2.9506
2.8499
2.9980
2.9103
3.1461
3.0009
3.1223
3.2990
3.2741
3.2429
3.4272
3.3696
3.1543
3.2009
3.2349
3.1084
3.1265
3.0038
3.0928
2.9394
2.8514
2.7489
2.5889
2.5108
2.5905
2.8726
2.7184
2.8435
2.7424
2.8339
2.9266
3.1162
3.1825
3.0864
3.0544
2.9011
2.8111
2.8441
2.8662
2.9505
3.0184
3.0766
3.0430
2.9950
3.0068
2.9919
3.0280
3.2052
2.9254
2.9247
2.9060
2.6800
2.8355
2.7737
2.5738
2.4034
2.2193
2.4955
2.5496
2.6931
2.7129
2.8221
3.0095
3.0077
2.7852
2.8131
2.9098
2.7889
3.1132
2.7304
3.0129
3.0386
2.8746
2.6202
2.6021
2.6036
3.0436
3.2945
3.1513
2.8576
3.0001
3.0088
2.9043
3.1418
3.1622
3.1091
2.8584
2.9293
2.7070
2.8164
2.7406
2.9547
2.8799
2.7966
3.1346
3.1458
3.0791
3.4422
3.3411
3.2579
2.8391
2.8997
3.0265
2.9312
2.9419
2.8894
2.7503
3.0212
2.9634
2.6132
2.7878
2.8900
2.8515
3.0127
2.7785
2.9812
2.8477
2.9482
2.9786
2.8796
2.8217
2.8439
3.1003
2.7319
2.4976
2.4959
2.3997
2.5505
2.6469
2.6049
3.0013
2.7928
2.7533
2.6041
2.6979
2.8317
2.7666
2.5895
2.7822
2.5715
2.4517
2.3697
2.7220
2.9847
2.6256
2.7513
2.5134
2.5485
2.6943
2.5551
2.3035
2.3646
2.6064
2.4853
2.6332
2.5655
2.6406
2.7494
2.7494
2.8755
2.5696
2.6401
2.8695
2.7760
2.6733
2.7733
2.6284
2.5917
2.7267
2.5319
2.5475
2.3811
2.5274
2.5078
2.4558
2.6549
2.5759
2.6272
2.2125
2.5636
2.4719
2.6443
2.3636
2.4610
2.5121
2.1152
2.5036
2.6735
2.3654
2.3855
2.3101
2.0611
2.2130
2.1816
1.9520
2.1786
1.9849
2.1069
1.9105
1.7528
1.8673
2.0600
2.3455
2.1073
2.1548
1.9423
2.1133
2.0439
2.1462
2.1457
1.8659
1.9042
2.0705
1.8569
1.8896
1.6546
1.7532
2.0079
1.9563
2.5137
2.3818
2.2176
2.1678
2.4019
2.5812
2.5293
2.4040
2.1885
2.3098
2.1250
2.0324
2.0270
2.0652
2.0715
2.4264
2.6898
2.6115
2.4918
2.5657
2.6280
2.1663
2.0754
2.2572
2.3327
2.1528
2.2563
2.1684
2.1431
2.2005
2.3039
2.3675
2.2662
2.2616
2.3150
2.2468
2.3344
2.3554
2.7194
2.5959
2.5956
2.6876
2.8496
2.5166
2.6035
3.0640
2.7274
2.7692
2.6547
2.7226
2.7541
2.9867
2.5117
2.7565
2.5921
2.5953
2.9426
2.7669
2.6579
2.6537
2.8620
2.7553
2.7864
2.6505
2.5840
2.4055
2.6725
2.6526
2.7349
2.8578
2.6507
2.6989
2.5836
3.0489
2.6314
2.6497
2.6919
2.6544
2.5336
2.6519
2.7342
2.4654
2.7316
2.7589
2.6732
2.7008
2.6540
2.8492
2.6200
2.5579
2.3817
2.4844
2.5245
2.7048
2.6043
2.7335
2.4665
2.7963
2.5395
2.5540
2.4751
2.2021
2.3336
2.1867
2.2112
2.0479
2.1990
1.9228
2.0657
2.1133
2.4715
2.2165
2.6189
2.5815
2.7206
2.8147
3.0333
2.8521
2.5969
2.9988
2.7444
2.3135
2.2676
2.5145
2.7057
2.8046
2.7054
2.8322
2.8437
2.4060
2.4064
2.5307
2.2825
2.2907
2.3115
2.3215
2.2009
2.1465
2.3873
2.2508
2.5429
2.3167
2.2984
2.8955
2.8307
2.7573
2.7086
3.0083
2.8785
2.5804
2.6458
2.8054
2.7397
2.6404
2.6715
2.6364
3.1006
2.6218
2.8050
2.9808
2.7408
2.5956
2.7553
2.4870
2.1707
2.5470
2.3710
2.5284
2.8419
2.5523
2.5433
2.5339
2.8110
2.3349
2.6398
2.6136
2.6842
2.5400
2.6082
2.5560
2.3938
2.5541
2.4638
2.6348
2.8963
2.4198
2.7792
2.5168
2.8510
2.6420
2.6543
2.3922
2.4927
2.4279
2.8559
2.6922
2.7335
2.3597
2.4779
2.4502
2.5262
2.5787
2.5528
2.4081
2.2585
2.3593
2.1888
2.5544
2.3641
2.3709
2.2567
2.2867
2.1579
2.0260
2.8546
2.3709
2.5329
2.6074
2.5844
2.2894
2.2763
2.4440
2.3680
2.6106
2.5963
2.9176
2.9638
2.8869
2.8881
2.7955
2.7847
2.6969
2.3245
2.8329
2.9819
2.8125
2.8663
2.9223
2.8749
2.8591
2.6707
2.6643
2.8554
2.6271
3.0092
2.7057
2.6465
3.0110
3.1266
2.7781
2.5632
2.5181
2.7212
2.6765
2.7353
2.6682
2.8685
2.8615
2.9260
2.9279
2.5002
2.4612
2.4836
2.5702
2.8957
2.7400
2.7996
2.8376
2.8004
2.8416
2.6551
2.6667
2.7678
2.5070
2.5205
2.6467
2.7247
2.7158
3.0432
2.7558
2.8815
2.6989
2.8234
2.7012
2.4649
2.4049
2.2172
2.4488
2.4253
2.6201
2.6020
2.4830
2.6258
2.2987
2.4537
2.4764
2.5166
2.2794
2.2790
2.5622
2.8232
2.3125
2.2695
2.1322
2.5486
2.4202
2.4068
2.6951
2.4658
2.3250
2.2846
2.3345
2.3556
2.4055
2.8176
2.5323
3.1583
3.2706
3.1727
3.1920
3.2768
3.4386
3.0328
2.5896
2.6321
2.4970
2.4604
2.6707
2.5052
2.5166
2.4540
2.5213
2.1812
2.5309
2.7197
2.7553
2.4673
2.5899
2.8054
2.8250
2.8660
2.8552
2.9148
2.6089
2.8117
2.5511
2.4175
2.5225
2.4716
2.3980
2.1870
2.1279
2.3104
2.6037
2.2873
2.4553
2.5583
2.6321
2.6269
2.3878
2.3225
2.2288
2.3680
2.6289
2.7028
2.8662
2.8095
2.7388
2.5661
2.6015
3.3180
2.7644
2.7155
2.4263
2.6580
2.7203
2.8130
3.2079
3.1104
3.1152
3.3251
3.4069
3.4429
3.4079
2.8211
2.8379
2.8844
2.5796
2.3556
2.6370
2.5002
2.4011
2.3991
2.7404
2.6632
2.7971
2.4448
2.7911
2.7945
2.4829
2.7794
2.4981
2.8409
2.4681
2.6024
2.6066
2.3657
2.5922
3.0100
2.7009
2.6205
2.6453
2.6291
2.3006
2.4791
2.1476
2.1799
2.4281
2.1682
2.2086
2.2402
2.1141
2.1097
2.5307
2.4458
2.3623
2.3909
2.6657
2.8511
2.7735
2.4280
2.6944
2.8691
3.0153
2.9433
2.6864
3.4105
3.0649
2.9761
3.0414
2.8503
2.8905
2.6920
3.1313
3.3221
2.9426
2.9729
2.9911
2.7824
3.0134
2.6270
2.6421
2.5727
2.6225
2.7222
2.7162
3.0691
3.0727
2.8608
2.6927
2.7344
3.0338
3.0599
2.9647
2.6384
2.4546
2.6255
2.7593
2.9666
2.5438
2.5133
3.0036
2.7029
2.6782
2.4568
2.5389
2.5680
2.6204
2.7954
2.6635
2.7790
2.8493
2.9168
3.0414
2.8981
3.0279
2.9256
3.0628
2.8670
3.0100
3.1533
2.7543
2.8707
2.9364
2.8381
2.5955
3.1740
3.0934
2.6470
2.8414
3.2796
3.4188
3.4612
3.3420
3.1420
3.4813
3.6190
4.0582
3.9780
4.0182
4.1891
3.7015
3.8750
3.6738
3.4236
3.4822
3.0070
3.3528
3.2221
3.3089
3.4045
3.3689
3.4129
2.7642
2.5137
2.8249
2.7152
2.6572
2.7252
2.8480
2.9686
3.2708
2.9429
2.6914
3.0554
3.2133
3.0615
2.8090
2.9256
3.0578
3.1788
3.4066
3.3246
3.1691
3.4105
3.0846
2.9354
2.9871
3.0006
3.1893
2.8597
3.3906
3.3529
3.2846
2.9310
3.5963
3.6376
3.3488
3.3357
3.3001
3.3387
3.5013
3.5208
3.5227
3.6794
3.7666
3.2397
2.8269
2.9692
2.8094
2.8501
3.1544
2.9886
3.2121
3.1203
3.4507
3.1348
3.2168
3.4679
3.6774
3.5445
3.5155
3.1117
3.5001
3.6910
3.5574
3.5508
3.6195
3.2983
3.1977
3.1972
2.8284
3.0547
3.1576
2.8975
2.9556
2.9635
2.9736
2.8209
3.1064
3.0527
3.0215
3.1444
2.8431
2.7736
3.0660
3.0458
2.8935
2.8894
2.9522
2.8405
2.6652
2.4719
2.5783
2.5008
2.9036
2.5803
3.1541
3.0897
3.1588
3.0375
2.7716
2.7052
2.5338
2.3010
2.3027
2.6412
2.7936
2.6449
2.6005
2.6626
2.5471
2.9292
2.7595
2.7925
2.3890
2.1172
2.2692
2.4056
2.2705
2.5989
2.8112
2.8042
2.9437
3.0017
3.3405
3.0223
2.9335
3.2726
3.2516
3.2460
2.8954
3.0765
3.2861
3.4761
3.4520
3.3422
3.4995
3.9278
3.7557
3.9474
3.5027
3.1265
3.2873
3.2906
3.2477
3.2896
3.1646
2.9862
3.1006
3.2971
3.5068
3.0774
3.2392
3.2146
3.0122
2.9743
3.4640
3.5674
3.4550
3.3566
3.3170
3.2846
3.3422
3.6002
3.3470
3.6764
3.2659
3.4503
3.2783
2.9128
3.5879
3.5362
3.6907
3.4402
3.5857
3.4514
3.2035
3.1448
3.1576
2.9365
3.2258
3.2476
2.9999
3.1527
2.8932
2.9892
2.9799
2.8861
2.7095
2.8643
2.7156
2.6869
2.9055
3.1771
2.9054
3.1497
3.3130
2.9372
2.7724
2.6744
2.8786
3.0196
2.8412
3.0714
3.1356
3.4903
3.2822
3.0967
3.2162
2.9572
3.2374
3.4877
3.3308
2.8222
3.1101
3.2411
2.9105
3.1634
3.2820
2.9173
2.8181
2.6974
2.8133
2.8297
2.5972
2.9417
3.1887
3.3055
2.9395
3.3456
3.2050
3.0327
3.4260
3.3014
3.0786
3.3036
3.8464
3.6582
3.8725
3.8068
3.9667
3.6647
3.6302
3.5593
3.7038
3.5084
4.0350
3.9008
3.8568
3.5159
3.4668
3.2124
3.6107
3.6576
3.7774
3.9311
4.0013
3.8414
3.8269
4.0297
4.0201
3.8640
3.7171
3.8605
4.1040
4.0821
4.2107
3.6381
3.6029
3.9982
3.8863
3.8864
4.2499
4.0102
3.8087
3.6829
3.6565
3.5512
3.1667
3.5827
3.1413
3.1768
3.4268
3.1312
3.1823
3.2728
3.3450
3.2252
3.3228
3.5500
3.3827
3.3582
3.4219
3.6956
3.4029
3.0863
3.2436
3.4645
3.1459
2.8193
2.9840
3.1632
3.1267
3.2442
2.9999
3.1408
3.1487
3.0411
3.0471
3.3544
3.3850
3.4925
3.5854
2.9652
2.9502
2.9469
3.0818
2.9814
2.8190
2.9658
2.9739
2.8629
3.0600
3.1524
2.9648
3.1565
3.1022
3.4282
3.2395
2.9455
2.7899
2.6100
2.4904
2.8206
2.8791
2.7966
2.5258
2.6666
2.9753
2.8114
2.8848
3.1355
2.8982
2.9721
3.0021
3.0088
3.3034
3.3913
3.0692
3.1407
2.8089
3.1113
3.3609
3.1500
3.4180
2.9906
3.2696
3.2623
3.2726
3.2026
3.3353
3.1108
3.3926
3.1170
3.3516
3.0463
3.0808
3.3071
3.3440
3.5317
3.3675
3.1901
3.4324
3.2289
3.5673
3.7357
3.9424
3.8552
3.7755
3.8163
3.9640
3.9666
3.5970
3.9652
4.1079
3.7031
3.9751
3.9779
3.6096
3.5570
4.1975
3.8745
3.8988
4.0710
4.1184
3.8111
3.7754
3.5049
3.6087
3.8497
3.6574
3.5468
4.0369
3.9306
3.6355
4.2452
4.2803
4.0652
4.3182
3.9936
3.8907
3.4660
3.6889
3.6419
3.4991
3.3342
3.4057
3.1856
3.3078
3.2036
3.2121
2.9642
3.3474
3.1643
3.0272
2.7764
2.9395
2.8846
2.8977
3.1957
3.2013
3.1103
2.8085
2.8187
3.0419
3.0083
3.1631
3.0598
3.0458
3.2321
2.8544
2.8982
3.0663
3.0899
2.8523
2.8665
2.8613
2.8285
3.4331
2.8114
2.9083
3.6628
3.7924
3.3749
3.5353
3.1092
3.3533
3.2364
2.9263
3.3323
3.2196
3.4189
3.3961
3.3879
3.6812
3.5389
3.4372
3.6858
3.4502
3.8017
3.4798
3.6780
3.4409
3.6915
3.6258
3.7503
3.8158
3.7850
3.7820
3.7017
3.6418
3.3968
3.4863
3.3939
3.3069
3.5987
3.3314
3.3962
3.2994
3.3403
3.6267
3.6815
3.6696
3.7004
3.7872
3.5206
3.6994
4.0319
4.1655
4.0851
3.8250
3.4960
3.5112
3.8432
3.8980
3.8340
3.6320
3.8565
3.8015
3.6464
3.7919
3.6145
3.5835
3.2456
3.5603
3.8315
3.6125
4.1056
4.0173
3.7510
3.9499
4.1484
3.5784
3.9554
3.8144
4.1509
3.7638
3.9725
3.9057
3.6782
3.7355
3.5166
3.7404
3.5189
4.0229
4.0024
3.9864
3.5507
3.3582
3.7732
3.3817
3.3276
3.1133
3.3355
3.5204
3.9525
3.6802
3.7691
3.8758
3.4113
3.2029
3.6606
3.5576
3.3526
3.6679
3.4687
3.5277
3.2244
3.4444
3.1301
3.1330
3.0678
3.3281
3.2291
3.1629
3.3122
2.9475
3.2725
2.9439
3.0207
2.7282
3.0940
2.4580
2.6875
2.6583
2.8182
2.6981
2.3440
2.6513
2.5945
2.7053
2.7071
2.8426
3.0191
2.9049
3.1483
2.6600
2.8931
3.3293
3.3839
3.5211
3.0643
3.2894
3.3097
3.3926
3.4040
3.6064
2.9589
3.3295
3.4927
3.3245
3.4248
3.2509
2.7555
2.8734
3.0083
2.5037
2.4090
2.8641
2.8307
2.8667
2.8163
2.4649
2.4068
2.3602
2.3738
2.4670
2.3520
2.4054
2.6006
2.5034
2.5160
2.2288
2.2069
2.5339
2.3167
2.2369
1.9227
2.0248
1.7764
1.7118
1.6842
1.9117
1.9672
1.6166
1.9207
1.9898
1.6670
1.8886
1.8426
1.8379
2.0235
1.5917
1.4934
1.6389
1.4398
1.7558
1.7006
2.0438
1.8969
1.5608
1.8101
2.0474
2.1363
2.0285
1.7391
2.3046
2.3669
2.2894
2.2896
2.0395
2.1779
1.9483
1.8725
1.5042
1.7802
