91.7339
92.0493
93.0145
94.3915
93.4939
94.4341
93.7750
92.0739
91.0856
93.5488
93.0830
94.4260
93.7908
92.4472
93.0194
91.1722
91.7188
90.7930
90.5554
89.8295
90.8806
91.4860
90.8327
89.8930
90.0345
89.5586
89.1167
89.6457
88.3368
87.6153
90.2549
90.7277
90.6605
92.7463
90.9058
90.8608
91.9049
92.0020
92.9783
92.5778
91.9952
90.7209
90.8887
90.8984
90.8593
92.1349
92.6617
91.4061
93.1360
93.6921
91.1281
93.0634
91.7969
91.2449
91.0554
90.0610
88.5552
91.1137
91.2945
91.3712
90.8829
91.2030
92.0885
91.1729
91.4088
91.4874
91.1184
91.2921
89.9256
90.8907
91.1096
91.2089
90.1728
91.6686
89.8397
89.0238
90.6176
89.9480
89.5439
90.0382
91.0094
91.4573
89.6260
90.9232
91.4082
92.6029
93.3597
92.4914
92.1058
90.5692
92.0040
93.7976
91.1834
92.3508
93.2363
91.6074
90.0286
89.9139
89.2716
89.7553
89.8493
91.4555
89.2033
88.3929
90.7055
90.2880
89.8480
90.7125
91.6949
92.3264
90.6680
89.5791
90.4657
93.0693
92.4018
93.8010
92.6981
91.6747
92.8538
91.2120
91.0650
91.4329
91.8808
90.6490
90.4652
90.4321
89.7802
92.5088
91.9723
92.7017
92.5650
93.6737
91.4270
92.4961
92.9131
90.5441
90.8217
88.9207
91.9555
91.2963
92.5933
90.6333
90.0692
90.9621
92.2927
93.5364
92.8358
92.3995
91.8139
90.6321
89.9482
90.2406
91.8083
89.7886
91.0646
92.1527
92.7814
91.8564
92.0073
91.2492
92.2242
92.9827
91.0362
90.4037
90.6722
91.8321
91.5065
91.8762
91.8888
91.8003
90.6507
91.1235
90.1434
89.4779
90.2011
90.4664
90.3464
91.9617
90.3912
90.7258
91.0976
90.8888
89.2110
90.1100
90.1923
90.1962
88.6711
89.5459
86.7233
86.4806
85.8166
86.0005
87.4048
87.6107
88.4419
88.9361
88.7338
88.2981
88.8416
87.7761
89.5873
90.3341
91.2860
90.6472
89.8746
90.5728
91.4560
91.9525
90.7889
91.3313
90.4204
89.5879
89.4515
89.9955
90.1214
90.9098
92.6413
91.4386
92.0273
90.6849
91.4231
92.0875
93.1040
91.9248
91.9445
91.7844
91.7779
91.8131
91.3039
89.3393
90.3151
91.3564
92.1971
92.3542
92.9760
92.4590
91.9984
94.2253
92.7379
92.9205
93.8457
91.6590
93.0340
92.4337
92.2512
93.1534
91.7605
91.6521
92.7797
91.3686
93.6291
91.9626
92.1897
91.1895
92.0803
90.9545
90.5213
89.7460
90.6484
90.6244
89.7179
90.5409
91.0166
91.6685
93.2235
94.4360
94.9871
93.9861
95.1978
95.2957
93.6346
94.6692
95.1752
94.1523
93.7776
92.4568
92.6457
92.0130
91.5569
91.7698
92.9885
92.9897
93.6011
96.3342
96.5380
94.5971
96.2143
95.2071
93.7968
94.7214
93.7018
93.6294
93.2973
92.3219
94.0788
94.1398
92.1910
93.9017
93.4162
91.5056
93.4180
92.6374
93.2491
94.2390
94.3060
92.6866
93.5647
93.8168
94.4944
92.7105
92.9738
93.4226
95.7172
95.5639
97.5833
96.2553
95.7312
97.0367
94.6025
94.3174
93.9349
94.1226
94.9422
95.1268
94.6987
95.8325
97.8734
97.7711
98.3271
98.7750
98.9186
96.8007
97.6696
97.4307
96.2306
97.6171
98.0811
99.5993
100.3948
98.1894
97.1638
96.0065
95.5296
95.7675
94.8880
95.4227
96.2743
95.8920
94.7918
95.7895
97.5342
97.3689
96.8937
97.6643
96.7829
96.4985
97.5256
96.7968
98.1930
99.1443
97.5880
99.9408
98.2852
99.1559
99.1704
97.1605
96.8892
95.6455
96.3609
96.3280
95.5576
94.6847
94.1670
94.5752
94.3852
96.3705
97.4051
96.7558
96.9615
96.3825
95.4363
95.9414
96.2997
95.3838
95.0717
95.2202
93.0371
93.8391
92.4831
91.4164
92.3135
93.0209
92.6482
90.7645
91.1055
91.0744
89.9042
91.5157
90.6479
92.7468
91.8823
94.1922
94.6792
93.4482
92.9814
92.4376
93.5339
93.9312
94.3470
92.8408
94.3806
94.9590
95.1929
95.2691
96.1443
96.2035
96.2351
96.6339
94.9069
95.9400
96.3278
96.3090
95.2947
95.7490
95.6838
96.7063
95.4120
94.5114
93.4545
94.5909
95.2382
95.3606
97.1546
96.9442
99.1336
98.4574
98.9459
98.8636
99.5015
98.9953
99.2056
98.7705
100.7503
100.4961
98.8726
99.2105
98.6585
96.8449
97.6154
98.5683
98.1604
98.4106
97.0974
96.7087
97.6091
97.3604
97.9067
98.0227
96.4682
95.9280
96.3764
97.0657
95.2096
96.4851
95.8642
95.8530
95.3524
95.1781
95.4117
95.0865
95.2953
94.7148
95.1996
96.6148
96.9651
96.1054
97.0575
95.5715
96.6460
93.0433
93.8932
96.7138
95.9916
98.1893
96.5335
96.3365
96.2344
93.9139
95.9399
95.8910
96.4196
94.5474
94.6539
94.9957
95.6650
96.2278
95.9840
95.1091
95.8012
95.8748
95.1025
94.4968
94.9423
94.3177
93.5304
93.2648
92.5542
93.8930
95.3034
95.2279
95.9061
95.6153
96.0407
95.3401
96.2297
97.5044
96.5830
95.2789
93.0752
91.9073
93.9011
92.9369
93.7962
94.6567
94.1986
94.5222
93.2326
93.1425
93.3330
93.7487
95.5279
96.0418
95.6263
97.0057
97.3890
96.8340
97.6810
95.5163
96.1220
96.0196
96.8725
94.8917
94.2574
94.9556
95.0316
94.1440
92.2268
91.5623
93.5688
93.6898
93.8588
93.0415
94.6649
95.3622
93.9477
93.7469
93.7250
92.6795
92.0230
95.6753
96.9406
96.3913
95.3269
94.8755
96.1369
94.6377
95.8489
95.5590
95.9171
95.7348
95.3422
95.9866
95.4348
94.6433
94.2297
93.4438
93.6246
93.7852
94.8511
94.9331
94.6463
93.8030
94.1400
93.7381
93.7444
93.9435
93.0055
93.9415
95.4255
94.7237
96.2282
93.2325
92.3037
94.9317
92.5690
93.1759
91.9183
91.6355
90.6005
92.0981
94.9752
93.5740
93.8817
92.8420
90.8436
90.5738
90.4884
92.1140
92.0812
90.6998
92.8525
91.0531
91.3508
90.8802
91.7852
93.4938
92.5920
92.7110
92.1168
91.9608
93.0763
93.2954
92.8556
92.9871
93.5747
93.0966
92.8783
94.0665
93.6862
93.5070
93.9027
93.0637
93.8946
93.8388
95.4486
95.1849
95.5619
94.5489
94.3241
95.0544
96.4176
95.7300
96.0033
95.9990
95.1899
95.3067
95.8515
96.8518
97.4941
97.2017
99.6519
99.5778
99.3765
98.0529
97.9627
97.4866
97.3229
96.2524
98.3527
101.0799
99.9743
101.0608
100.4073
98.3343
99.4443
99.4171
99.7515
98.4605
98.0521
98.4012
98.5127
97.1101
98.6238
99.8164
100.7648
98.2242
98.3648
97.9511
98.1310
98.7934
97.5588
98.0675
97.9543
97.5036
97.4379
97.5690
96.4642
97.1156
97.4225
96.5996
96.1116
97.7672
99.3201
98.9007
97.5655
98.3471
99.9217
100.7760
100.2270
100.3802
98.3254
99.0383
98.9191
99.5384
98.2424
98.0527
95.6824
95.7375
95.8096
96.7833
98.8952
100.1410
100.0243
99.2458
100.3106
102.0527
103.9845
103.3492
103.1285
103.1736
103.9685
105.1577
105.2490
106.7099
105.2380
105.6884
106.8314
107.4928
104.7382
102.9055
104.0041
105.0869
105.0541
105.5202
106.2282
106.8556
105.6113
105.3182
105.9766
105.4317
104.2936
105.4112
105.8329
106.3119
106.7739
108.6558
110.1353
111.4124
108.9181
108.9189
107.2374
108.0642
108.4927
108.5659
108.3805
108.2423
107.6671
109.4524
109.3833
108.9645
107.8144
109.0704
107.3637
107.3778
105.5221
106.7915
106.7341
106.3208
105.1945
106.1537
105.0279
106.6038
106.3710
105.4333
106.8830
109.6986
107.0452
107.6316
106.9655
108.4625
107.2779
106.5300
106.8570
108.3569
107.7362
106.4021
104.1969
104.1651
104.5176
105.5691
104.6515
104.8577
103.3990
105.0113
105.0125
106.6450
106.4286
106.2092
104.4907
105.4299
105.9641
104.8311
105.5348
102.4468
103.3817
103.7067
103.9993
103.5842
101.8042
101.0654
101.7361
101.7040
102.5333
103.8760
103.7229
102.2850
101.8148
102.4331
102.3492
101.1341
101.3372
102.9979
102.4513
102.6893
101.6930
101.5845
102.1877
101.1829
103.3825
104.2532
103.4721
105.7774
104.9482
103.0876
103.8569
104.1828
103.3734
104.3388
105.3030
103.4895
102.8939
101.7185
102.0069
103.2209
103.2200
103.2611
102.1886
104.3865
102.2310
102.8593
103.0097
100.3313
101.5087
101.5180
102.4427
103.7174
102.7039
101.9697
103.5625
102.9393
103.7596
103.9073
105.0259
104.6602
104.5023
103.3057
103.0775
104.6362
103.7477
103.2335
103.5356
103.6086
103.8151
104.0775
105.0825
104.3880
105.1595
102.5577
103.5037
101.8138
102.2362
103.6253
102.2051
101.2774
100.7861
101.7020
101.8733
98.7944
100.9683
100.5830
100.2405
102.4436
101.9724
101.5605
101.0842
103.3954
102.4128
101.2402
100.6604
99.5681
99.8601
100.7636
98.2136
98.2828
98.3982
100.2872
102.6621
102.7175
103.5234
104.3112
101.9863
101.1445
101.9542
102.0487
103.6568
103.4048
103.0394
102.4565
103.0200
101.8540
100.8825
102.3115
103.0166
102.0326
103.0761
103.1715
103.5374
101.7629
103.4847
103.9026
102.7532
104.3549
105.1461
103.3023
103.0916
102.1573
103.3313
103.5101
103.2718
101.9449
101.2559
102.7092
101.7707
102.5043
100.9724
102.5224
102.3392
102.0765
101.7428
99.5550
99.5839
100.6923
99.2482
99.0120
98.9171
100.7853
101.9751
101.6525
101.2795
100.8267
102.3403
102.9107
102.4007
102.0272
101.7104
103.0389
102.9041
104.5086
104.4700
104.6896
101.1466
101.4301
103.0007
102.7587
102.8286
103.7174
101.9575
101.0223
100.3545
100.5589
101.1478
101.8609
102.5364
101.7891
102.8848
103.0170
103.1087
103.4748
102.5713
101.9502
103.4864
102.2687
100.8133
103.4626
104.2007
102.8344
102.9364
102.8176
103.0111
101.9054
102.6852
104.2483
101.3787
102.4640
103.3276
101.1394
101.6391
100.1728
101.7717
101.5264
101.1145
102.9045
102.1841
103.2159
104.1513
104.8734
102.7716
99.4146
101.3353
101.3778
99.9843
101.0728
100.6054
101.0973
98.0954
99.0759
100.9906
100.1544
99.1806
99.3014
99.9440
100.7794
99.3405
101.2174
101.3748
101.7983
100.7322
99.9842
100.5880
101.7112
99.8747
98.9392
99.3631
99.7942
99.9630
99.5465
97.2947
99.2037
97.7349
97.1541
97.3383
97.4090
99.3068
97.7644
97.5782
98.0106
97.9606
98.5695
97.9161
97.1830
98.4220
98.4744
98.5739
99.0098
100.6004
98.7668
101.1648
99.9716
100.4749
99.7315
100.6411
100.0034
100.3088
98.6368
98.2675
100.0902
100.5490
97.3952
99.6350
99.6118
100.2066
100.6764
98.8243
99.4268
99.8328
100.7936
102.4678
100.4594
101.7478
100.6568
98.8887
97.6836
98.4609
99.8297
99.4461
100.0048
100.8417
100.6615
101.6831
102.4183
102.1811
102.6048
101.6105
100.8363
103.0737
101.4854
101.1487
101.4739
101.7687
100.0357
101.0797
101.2113
102.2270
101.9338
100.4906
101.6133
103.2253
102.3107
102.2724
102.3640
102.2049
100.6847
103.0309
100.9717
99.2501
100.8481
100.8248
101.0185
99.4996
97.9579
98.5660
101.0759
102.4722
101.0530
100.9051
100.1112
100.8041
100.7684
99.4801
99.4854
98.2909
99.1899
97.9327
98.6302
97.5287
97.0882
97.8436
97.7296
97.6557
97.4597
97.8023
98.4417
98.2615
100.9699
100.9701
97.7742
99.1867
100.6286
100.2150
99.0882
98.3767
97.8656
98.4283
99.9735
102.1489
100.9223
102.7295
103.5070
101.2100
101.2531
99.5165
99.9288
100.5830
98.5794
99.5299
102.4397
99.3874
102.7729
100.8220
100.8569
99.6784
99.9901
101.9287
102.5901
102.1669
103.6030
102.5935
102.7835
103.1957
102.3281
102.7311
103.8549
102.6287
103.7916
103.4540
103.2565
103.7888
103.2075
101.9925
103.1357
102.6572
103.6597
101.8799
103.1177
102.0844
100.4722
103.2497
102.0378
102.3444
102.8199
101.8076
103.0813
102.9927
102.5595
102.4015
100.8809
102.0885
102.1464
100.6860
102.8122
100.9428
100.0224
99.8921
99.3753
99.4346
98.6366
99.5195
100.4648
100.4087
100.0858
101.9788
101.4624
101.5337
101.1789
101.6305
101.0637
100.3497
100.2104
101.1247
102.3015
101.3871
102.0583
102.0053
102.5272
102.2607
101.7228
103.7765
104.0298
102.6013
102.2418
100.7871
100.2997
99.2100
99.2392
96.9527
97.4843
97.2720
96.3378
98.8467
99.4945
100.9329
100.7464
102.0479
102.0872
99.5560
101.4339
101.3950
100.6664
101.6160
100.6461
101.2703
101.3623
102.7685
101.2566
100.1863
98.7290
100.3638
100.8676
99.1091
100.5288
102.2015
101.0299
101.3742
100.2504
101.6473
101.2020
102.6213
101.6380
101.5118
102.5583
102.7826
103.5583
102.4177
103.3228
102.7978
103.4893
103.5328
104.2848
104.1435
106.7873
107.2095
104.8664
105.1191
104.9579
103.6863
104.1820
104.3613
105.4548
106.5234
104.4610
104.4033
104.0959
102.9134
104.0121
104.2027
105.1942
106.3789
106.8597
106.8844
108.9945
107.4580
107.4828
107.3766
106.7804
107.1157
106.8082
107.2388
106.5529
104.9852
106.1368
107.1837
107.6887
105.8731
105.9510
108.8613
109.1245
108.6823
111.3088
110.2019
110.9448
108.3376
108.5905
109.1775
108.9952
109.4206
107.7538
106.4051
106.8013
105.6359
104.1813
104.9162
105.9631
106.3081
107.5580
106.3598
107.4463
106.3589
104.2315
105.8816
106.6211
105.9556
104.9521
102.5473
102.5453
101.8518
103.0594
104.4074
103.1573
105.6326
105.0346
105.3987
103.1020
102.7764
103.0698
102.0890
104.4443
103.1913
101.0269
101.5967
102.4700
100.1494
100.9574
101.7885
101.6495
101.5277
99.7721
101.2940
101.3172
101.9349
101.9252
101.0773
102.0509
101.7209
102.4222
101.6051
103.8020
103.3530
101.2906
101.4356
103.1800
104.4136
104.5038
104.5346
104.6544
106.8092
104.6232
102.9882
102.5984
103.3583
104.2886
103.2279
104.7992
105.8033
106.0918
107.1755
106.4230
105.4139
106.9742
107.4972
107.1399
108.0845
105.7570
108.5579
107.7229
106.4151
104.0045
105.3361
104.3005
106.2687
105.5888
106.9882
107.1042
107.2647
107.0862
108.4642
108.7517
107.8282
106.6243
104.9293
106.0159
106.0456
107.1774
104.4088
105.6093
104.6197
106.5023
105.9616
109.8095
109.6865
109.7046
110.0076
108.0558
108.5247
109.4684
108.4578
107.9385
108.7082
109.8679
111.0904
109.1446
107.6869
108.0553
106.7654
106.8412
108.3511
108.9582
106.3536
106.1180
105.6528
106.9819
106.3321
105.9312
105.7050
107.5640
106.8198
107.0034
107.1003
106.1291
107.3499
106.0195
105.8137
107.1566
105.0083
102.7113
103.7521
104.9942
104.8133
107.3772
105.8295
104.7847
103.7761
103.2244
104.5769
102.9695
104.0337
103.0018
104.2514
103.2884
103.4058
103.9950
103.9573
103.5518
104.2576
104.3388
103.6671
104.2597
104.5010
103.4439
102.9911
103.5017
103.1917
103.7766
105.7128
105.9566
106.6469
105.6953
106.3568
104.6350
103.2840
104.5796
103.9301
103.2229
102.2440
101.0778
101.3873
100.2609
100.7407
101.9019
103.7840
101.8448
101.2197
101.6049
103.1846
101.9105
102.1141
103.3445
103.0519
102.1327
102.3143
104.3083
101.8715
102.0589
101.2734
101.0989
103.1960
100.8221
101.6505
101.7349
102.1265
101.5921
102.4510
101.4337
101.0228
102.0646
101.6166
103.4076
102.3791
103.2685
102.6265
102.2031
101.6054
101.8803
101.5152
101.8029
101.2570
103.6606
103.4169
102.6552
101.4961
103.6257
102.7777
104.4352
102.9084
104.0537
102.4993
101.6476
103.6344
102.8224
102.8327
102.6992
104.2726
104.9100
104.8086
103.9620
103.0146
104.4807
105.8075
105.6165
105.2042
105.6378
106.7626
104.2293
105.5474
105.0406
107.0175
105.4649
105.8616
105.0324
105.2653
106.0224
104.5442
104.4441
103.7674
104.2627
103.2524
103.2939
104.4907
102.9349
102.6224
100.9643
102.5742
103.8205
103.8875
104.0579
102.6279
102.6039
104.0507
103.1122
103.6432
102.8919
105.7523
103.6330
104.8381
104.5530
105.2907
105.6896
106.7840
104.3213
103.2259
102.3518
101.8494
101.7604
101.4321
101.5239
100.7560
101.7940
100.8654
101.3273
101.2951
103.2226
100.5093
103.3160
101.2701
103.1688
101.6912
102.7581
104.9176
104.6944
107.0527
104.6549
103.6766
103.1134
102.4702
102.9488
100.9732
101.7332
103.4000
104.7894
104.5765
104.0821
102.8501
103.4239
104.6657
104.1771
104.6716
104.6068
103.0815
102.4311
104.3868
103.1802
103.0411
104.1644
103.2473
103.0408
103.4376
104.7337
104.7565
102.2152
102.6373
104.3362
103.5185
103.2817
102.4386
101.3447
100.3527
99.1665
101.8220
102.4197
100.5071
102.0346
101.6571
101.9361
103.5525
103.6572
104.4949
105.4105
103.7585
102.7287
104.4665
105.5425
105.0258
103.9399
105.6246
103.4777
101.8778
103.1863
103.8555
102.0022
103.5280
103.1765
102.5128
101.3655
102.7400
101.9691
103.6416
103.6847
104.8309
103.9949
103.9449
103.8801
102.7195
102.3209
104.0091
104.9719
105.7990
106.1026
105.7601
105.5676
104.3736
104.4960
102.9950
103.7702
105.2581
103.7436
104.0343
104.9199
103.7490
104.7271
105.4523
104.0320
104.6114
105.5278
106.3091
103.6717
105.0825
104.0022
104.0228
105.9239
107.3087
105.5535
105.9824
105.6070
106.9258
106.5295
106.0986
105.6460
105.3162
106.5672
105.5383
104.4671
103.7956
104.1234
104.0225
106.2414
107.2458
108.8410
106.5351
105.2934
107.4710
107.4605
105.7194
105.6800
105.1376
106.7338
107.0027
106.0728
106.6977
107.1811
108.1945
108.1935
108.0667
108.4091
107.3501
106.7070
106.6022
107.4303
106.5124
105.2864
105.9327
107.0257
108.0846
107.5339
107.5578
106.2600
105.5514
106.9677
106.7601
106.4565
106.9040
106.5935
106.0061
106.9820
107.5158
106.3704
107.1347
107.1037
106.1342
108.5708
107.9122
109.8690
107.2613
105.8727
106.8533
105.9335
105.6695
106.3477
104.9532
105.0004
104.9065
105.3192
104.2792
103.3493
103.0075
103.6218
103.4193
103.1490
102.2887
101.1063
102.3138
103.9766
105.9927
103.7794
102.8894
104.0166
105.3400
104.2037
107.5032
105.7925
106.0118
105.2364
102.9918
103.4684
100.9486
101.7848
100.1007
100.0411
99.9602
100.2245
99.8814
103.2883
101.5239
102.1326
101.8087
103.8912
103.1492
102.0152
102.6720
100.7811
101.1120
100.9944
99.7802
103.6359
101.2083
101.7235
103.2746
101.1439
99.7444
99.0782
101.7245
102.2460
101.3977
101.5736
99.7826
101.9236
101.0456
100.4508
100.1482
98.1400
99.7649
100.7575
101.8953
102.7296
102.5491
101.6906
100.8217
100.7401
100.5717
100.7237
100.5088
102.1794
101.2234
100.0665
101.0170
98.8187
100.9335
99.4486
102.4237
99.6039
100.7486
100.0479
102.1152
102.2668
102.2552
101.8263
99.6652
98.7103
100.0186
100.8898
99.4801
98.4929
98.3539
98.0025
98.7740
98.3369
96.8900
97.6864
97.5397
101.4750
102.1650
102.5947
101.5183
100.0436
101.1788
100.7386
102.5676
101.0173
103.6674
103.2148
105.3928
105.1264
105.1458
104.0909
102.6657
103.2133
101.0900
101.1668
97.8535
101.6209
100.1776
100.0087
99.3168
100.0353
99.7811
99.7718
100.9661
101.9191
100.4167
101.7691
101.8465
102.1785
103.2518
104.0015
104.0259
104.1948
103.7591
104.2614
102.1911
103.2016
102.7201
104.7178
101.9483
101.7380
102.2643
103.4057
102.5436
102.4488
101.3615
104.1506
102.9323
102.2746
100.8507
102.5383
101.0561
102.0290
101.8917
100.7586
100.2809
101.4444
101.8271
103.0590
101.0641
102.8174
101.4964
101.1035
101.9994
101.3942
101.8077
100.1576
101.1239
102.4938
102.2619
102.2934
102.1930
100.0074
100.5878
101.7157
101.9938
103.9775
103.3767
103.1915
103.2440
103.1566
102.5929
102.7090
101.7452
102.1766
102.7380
102.2982
103.2583
103.8258
104.3693
103.5246
105.0527
103.7000
103.8844
105.4410
102.1903
101.9534
101.8301
103.4440
104.5882
103.7170
104.3354
104.8983
103.6027
102.8695
102.9492
102.3953
102.6382
102.4363
101.0455
100.4893
100.2963
99.4602
99.6642
99.6683
98.4489
98.5021
99.5266
101.0112
101.2188
99.1656
101.8670
102.4218
101.0944
102.2491
102.8263
102.7202
103.9528
104.7116
103.9084
103.9984
104.1459
104.0482
102.4762
102.2764
102.6176
100.7920
102.4759
102.5255
102.0022
101.3032
102.6083
102.8620
102.8821
103.8738
103.5061
101.2840
100.8524
99.7879
99.1485
101.3873
101.7774
99.5736
99.5023
99.6064
101.4401
99.9798
101.4440
101.0322
100.3147
101.2240
100.6819
99.8912
101.2875
101.7809
99.4066
99.7681
98.5332
99.5634
99.9129
99.2944
100.4493
100.9245
99.8008
102.2943
100.6840
101.7087
101.9540
101.6085
101.5439
100.4972
100.7862
100.2459
100.6993
100.4249
98.7503
100.0847
100.1209
99.7547
99.2988
99.0500
100.4684
97.7062
98.1614
97.2562
98.6926
98.2480
98.0126
98.7767
98.3382
98.5818
97.8342
98.0190
96.6134
98.9243
100.7715
100.1947
100.2862
100.4235
99.1863
100.4106
97.8719
97.0843
97.2571
99.0155
99.9097
98.9006
99.0634
101.1502
100.3800
101.5127
102.2879
101.1630
101.4994
102.0449
103.0681
102.8123
102.4663
104.3787
103.0695
103.0135
102.1907
103.5976
103.0073
103.3961
104.1320
103.3183
101.0421
102.2257
103.3957
104.5831
103.8375
102.0631
100.7787
99.3084
98.6781
100.8044
100.5188
99.1506
100.0010
98.6106
98.4019
99.1879
99.0983
98.9469
100.2471
99.8037
99.3859
100.4571
99.6628
98.8344
98.4872
98.6341
98.2878
99.1935
98.9469
100.1805
101.5014
99.5827
100.2545
100.5251
97.3759
98.7695
97.9141
100.9584
99.5038
100.1388
100.5339
101.7166
101.3793
101.4753
101.8415
100.7834
101.5439
101.9701
103.7583
100.5108
101.8986
103.2378
101.9410
101.3878
101.7813
101.1550
100.4440
99.6158
99.7444
100.6283
100.3610
101.1752
100.6854
101.0865
99.9817
100.2668
101.0905
101.5249
101.2023
100.7889
100.6132
99.9365
101.3450
102.7850
101.5887
103.4814
101.8422
99.6962
99.8013
100.7574
101.3362
100.8418
99.5265
101.7148
100.5779
102.8805
103.1655
101.8168
101.2098
100.1605
99.7049
99.8791
100.4412
99.2524
100.0385
101.6682
102.6785
102.4634
100.3542
101.2911
100.1983
100.2489
100.1524
100.1278
100.1646
99.2243
101.1447
101.4025
100.4236
100.3261
100.0982
100.0830
99.9699
101.5249
100.4167
100.3417
101.4940
101.6530
100.5056
99.8516
100.3990
99.6202
97.9459
95.3331
98.3749
97.3989
97.3916
100.2816
101.5008
100.9347
101.1834
100.0416
98.9117
100.2586
98.3216
98.5276
97.3674
98.3202
99.9560
98.0862
99.1542
99.3328
97.6823
96.9745
96.6400
98.1727
99.2120
99.0843
100.4182
101.0601
100.0535
99.4182
98.9903
99.5306
100.1991
100.2014
99.4389
100.0284
99.9626
99.6341
98.7337
99.5291
98.3270
98.9296
99.2323
98.7194
98.4446
98.9741
98.0761
98.1949
99.2070
99.8755
98.9981
97.4615
97.5685
96.4020
96.2519
98.6331
99.2382
97.8275
97.5475
98.5796
98.7993
97.3319
96.7171
96.2022
96.2812
95.3638
93.9961
94.6389
95.1912
94.7967
94.8788
95.5048
96.0780
95.1650
96.2812
94.6194
96.3695
94.7056
95.8922
95.3799
95.7317
94.4553
94.4104
93.1085
93.2006
92.5316
90.6205
92.4886
94.1104
94.7238
96.3223
94.5920
95.5571
95.1714
97.1967
96.2557
94.5592
96.4415
94.7775
95.2789
95.3290
96.0263
96.8843
96.4656
97.5847
97.0174
97.2081
96.8430
98.2390
99.8900
96.7689
98.1561
97.8251
96.0356
96.5781
96.6628
97.4007
96.7120
97.9280
98.2505
98.5979
97.9688
99.0126
98.9697
99.8668
99.3933
98.7351
100.2794
100.1975
100.2063
99.3327
99.5998
97.8813
100.0995
99.9746
98.4594
98.1940
97.6554
97.1601
95.3802
95.7087
97.8778
98.6535
97.4438
97.6359
96.0241
96.8339
97.2433
96.6658
96.6091
97.7452
97.5045
96.5846
95.0710
95.7387
95.1458
95.0537
93.7534
95.4277
95.0547
94.9035
95.1058
96.5058
96.7024
96.4340
94.8140
96.4249
95.7084
96.4277
96.1824
95.2202
94.0514
95.6344
95.8843
96.0858
95.0596
94.3202
96.6068
95.6760
95.6846
95.5514
95.9774
94.5757
92.4673
92.0860
92.8246
94.5801
95.9296
95.4338
95.0479
97.5561
96.5142
98.7671
98.8457
97.2856
95.7170
96.3344
95.9130
94.8625
95.5426
93.9890
94.4954
94.9624
95.6254
95.5401
91.6645
92.6930
93.6074
92.3625
92.4245
93.1376
92.1561
92.0404
95.0426
95.6385
94.5942
94.7743
94.6062
92.7462
92.7851
92.3127
91.4482
90.7978
92.7538
92.8224
92.4479
91.2992
91.8263
92.6788
91.3396
93.9371
91.9495
91.6327
91.2420
90.7558
91.7636
92.3710
91.6049
93.8881
93.0480
93.2420
93.0849
93.7014
92.7222
92.0620
92.9517
92.6968
91.6615
92.4042
92.7100
95.1846
93.5456
92.0595
93.4850
93.7563
93.4235
92.8414
91.6190
92.3722
90.6817
91.0605
90.2755
92.0128
92.6500
91.3595
90.1983
92.0213
92.7970
94.9560
94.3419
94.2988
94.7997
96.1832
95.0908
96.6397
95.0471
95.4906
93.7446
94.0838
93.3771
94.0668
96.0290
94.2930
94.4839
94.3476
94.4551
94.2494
93.9731
92.8021
93.8700
93.5692
94.2812
94.8210
94.9206
95.9500
94.0995
95.0506
94.9945
94.2529
94.0398
93.7831
94.3441
93.8656
95.3469
95.4864
93.1248
95.0002
95.3859
93.5817
94.4425
93.6671
93.1527
92.2954
92.6126
95.8150
96.9883
95.7434
96.9639
97.2011
96.8276
97.2468
96.4184
96.7718
96.0805
96.7139
96.7165
95.2602
95.4986
94.8724
95.2834
94.5402
95.9399
94.0078
93.0568
95.2229
94.8771
94.9205
96.3865
95.4102
95.9305
96.0649
96.4221
95.9331
97.4677
96.4786
96.9557
97.9677
95.4472
96.3578
95.8438
96.4532
94.4947
94.2768
94.2756
92.5031
91.6901
90.7548
91.1237
91.3791
91.7723
91.4162
92.0106
90.9647
90.8280
92.5984
91.5345
92.4169
93.1396
91.5642
92.4347
93.9704
93.3670
93.6598
95.2165
95.1098
94.1869
94.3745
93.2860
93.7424
93.9540
93.9382
93.7207
93.2759
94.6877
94.9314
94.9819
92.0864
92.8433
94.0020
93.5862
93.7981
94.7274
94.1438
91.8317
94.0545
93.5275
94.1523
94.7672
94.9590
95.3686
95.8886
95.4475
94.8159
94.1942
94.6906
93.7147
93.1184
91.4268
93.1782
93.5034
94.0648
92.9629
94.3448
92.6959
93.8087
95.4375
95.6227
94.9498
94.9766
94.3503
95.6667
96.0988
95.4688
95.4008
95.1160
95.6401
96.0663
96.3993
95.7680
95.9545
94.4059
94.9145
95.0998
95.9981
95.0558
95.5733
97.8709
97.1510
99.1153
96.7465
99.2229
100.7454
99.7569
100.9269
101.6918
101.8838
101.2268
101.3033
100.7257
101.7160
99.8200
102.7188
100.7128
101.2393
99.7219
100.0994
100.0114
102.4828
100.8479
101.5596
100.9559
100.9425
101.4007
100.7568
101.8225
99.8398
98.9192
98.9578
99.2740
100.0796
98.3930
98.9787
99.1423
98.1392
99.9158
98.5778
98.2095
98.9559
99.9856
98.7050
99.7199
97.6385
98.6349
98.5803
97.9246
98.2868
98.3477
98.5051
97.1857
98.5140
96.9537
96.7270
97.6029
96.7799
97.6236
98.6975
98.0945
96.4116
97.1345
98.8066
96.9249
97.4084
97.0076
96.3619
96.1592
97.0789
96.7599
97.6348
97.0151
97.8377
96.8846
96.7285
96.5243
97.4569
95.9375
94.4592
94.5647
94.7485
94.2465
94.6677
94.5948
94.6748
94.4931
93.6404
94.6797
95.3192
95.8183
94.3190
94.6887
95.2213
96.4693
95.2733
94.3046
96.4974
97.1310
97.4431
99.0125
97.7792
99.0727
97.4480
98.9449
98.8051
101.0335
100.8615
100.7516
100.6746
99.2668
98.6765
97.4506
98.4746
98.9855
97.4622
96.4910
96.5979
98.7758
96.9481
96.7297
98.0497
97.8294
97.5439
97.0940
97.0614
97.3499
97.2803
97.6691
97.1694
96.1553
96.6572
97.2040
96.9635
97.4327
96.5819
95.8325
95.8992
97.0919
97.9734
97.1233
98.2105
97.6525
99.0001
98.5866
97.2814
97.1561
96.6847
98.6447
96.0007
96.0677
95.2271
95.3002
95.8086
96.7485
96.5610
96.9759
97.0665
98.2662
97.2809
96.0049
95.9543
97.9847
98.8295
97.7099
96.7310
98.1024
99.2181
97.0205
97.3282
96.3831
97.4687
98.1046
98.1231
97.6439
96.5958
98.7547
98.7972
98.4564
99.2170
97.5869
96.0788
94.2209
96.2196
95.9117
95.5099
96.6368
95.8919
95.1577
96.2875
96.0999
96.6441
96.6362
96.4709
93.3543
94.6975
94.7071
96.1495
96.7485
96.4367
97.4550
98.1083
98.5642
97.8719
96.7541
95.5210
96.4815
98.5197
98.3333
99.7116
97.8461
97.1412
98.7268
98.9115
97.9482
97.8751
98.3708
98.7504
99.8893
98.3698
98.8041
97.8428
95.8085
96.9298
96.8533
97.6198
96.7932
98.0961
96.8872
96.0513
97.0988
96.2421
96.4411
96.7265
96.7967
96.1302
96.4248
95.1050
96.1304
94.5428
94.8589
95.4622
95.0444
94.2714
95.8955
95.3820
96.1846
96.3060
94.4046
95.5034
95.9262
95.7061
97.0576
97.6560
96.7606
96.7209
96.6787
95.3531
95.6348
94.7975
95.4605
96.7458
95.9472
95.4078
95.7134
94.0873
93.7127
94.5696
93.6141
94.7568
93.0315
94.8625
95.6261
96.4748
96.3028
96.1049
95.6130
96.5030
94.7552
97.2516
97.1067
98.8768
98.2621
97.2115
97.5285
96.8719
96.6576
96.3273
97.2311
97.5176
98.3497
98.7923
97.0254
97.8898
98.4645
98.3293
98.1810
97.9311
98.7146
100.3334
99.4525
99.0108
98.6048
98.9133
97.0099
98.4564
99.1410
98.9068
98.5612
99.7733
97.7482
97.1149
96.1119
95.8641
95.0444
94.9922
94.5334
94.9119
95.0816
96.4456
97.1379
96.2693
95.5145
94.9994
94.8770
95.4350
95.4675
93.2417
94.5838
95.8614
93.4534
94.5267
96.1697
96.5873
96.8417
96.5005
99.2178
97.5028
98.2505
99.2209
97.7131
97.8671
98.2187
97.7695
97.8217
97.6878
97.8177
98.0078
97.6551
97.5175
98.2832
98.0205
99.2578
98.8686
98.3170
97.3433
97.6506
96.8959
95.3248
96.1534
97.2988
96.4439
96.8061
97.4424
97.3016
97.4873
97.6741
97.9873
98.5779
98.2856
97.6380
96.6081
96.4140
96.7146
96.7685
95.9098
96.1842
96.9030
96.5349
95.8199
94.7563
95.2014
95.0967
95.8385
93.8416
94.4364
93.5061
94.6237
94.8680
94.4096
93.2806
92.9121
95.0990
93.9480
95.3220
94.7624
96.1495
97.2666
96.6714
97.7507
98.5200
97.8877
96.5349
95.8899
97.8069
96.9063
97.3807
96.8127
97.4154
97.6784
97.5424
97.6044
97.7825
96.8197
96.2897
96.0369
97.9921
95.8937
96.2728
97.4974
97.7771
96.8906
97.8960
97.5293
96.2517
96.2756
97.2935
97.0768
96.4827
95.9975
97.6936
97.6511
98.2344
96.6843
97.3367
98.8142
99.1537
100.2590
97.9895
98.6386
98.8339
98.6237
98.9442
99.2960
99.6673
99.4058
99.9295
100.5543
99.1474
100.9846
101.6550
103.6083
99.7414
101.6542
101.5856
101.0989
101.6234
102.9925
101.8932
100.9884
101.1779
100.3574
100.8325
101.6104
99.6840
98.7044
98.8238
101.0259
100.4324
100.3808
101.3199
100.5357
101.0323
101.0941
100.0850
99.5224
99.1076
98.7156
98.8234
99.2906
97.7000
97.9784
98.5071
98.0052
97.9685
96.9420
96.4281
96.8487
96.8747
97.1761
98.3441
99.0387
97.4777
97.7721
96.9731
97.3436
94.9464
96.5758
95.1941
95.5783
96.8910
95.7019
98.6655
97.1360
98.0391
95.7883
97.1237
97.1840
97.3742
97.0633
96.6833
96.7770
94.9809
95.4242
95.3861
94.5351
95.4771
94.7660
96.2651
96.9773
98.0788
96.6836
93.1516
95.4800
94.4362
94.7532
94.5813
96.1925
94.4076
95.8925
94.8408
96.8534
96.1470
96.5880
95.9751
96.5206
96.0976
94.3472
96.2373
96.4449
95.6192
96.1882
95.5281
94.5570
94.3320
94.7305
94.3293
91.9149
92.6310
94.1777
93.8946
94.5990
95.0451
94.8160
95.1804
97.3229
97.7436
97.9862
95.5042
94.5853
95.7820
97.9031
96.2873
96.3268
96.7406
96.3864
98.1396
97.0483
97.8792
97.4397
97.0073
97.0091
96.7625
97.0694
95.6180
95.5394
95.4367
95.0173
95.6068
96.1174
96.5695
96.1390
97.5328
97.4450
97.5670
95.9202
97.0555
95.3035
95.5183
94.7723
95.5042
96.5308
95.4485
94.3711
95.7285
95.8901
94.4607
95.7215
95.2295
96.0438
96.0169
95.0160
94.1223
95.1615
95.0609
94.8765
95.3815
94.4001
95.1522
95.4972
95.8115
95.0251
95.1143
92.7229
91.9317
92.6956
93.0141
93.5569
92.9654
94.2036
93.9124
94.6860
94.9203
96.1542
96.6353
96.1541
95.4007
96.1518
96.2493
96.9732
94.8752
95.1664
94.0451
93.6228
94.0935
92.5030
92.5424
93.6998
93.7666
93.9613
93.7392
93.5630
92.7115
94.6075
95.1004
92.9679
96.1302
94.6618
95.0128
94.5381
93.6034
94.5152
94.5335
94.1076
94.2282
92.8032
92.4803
92.2074
92.5453
91.3345
93.1220
92.5276
92.2407
92.7014
91.4581
91.0434
93.1360
93.8046
93.6160
92.5311
92.0314
90.1216
92.3469
91.7324
91.9611
90.2844
92.3844
91.8111
91.2728
91.4268
91.5750
91.4265
92.3224
93.2291
93.9362
92.7451
92.6874
92.6649
93.9588
94.3076
95.5929
94.8332
96.3122
95.2154
95.0997
95.0308
95.5090
95.1517
93.9163
95.4717
95.1718
94.8238
93.9475
95.5190
94.1582
92.9096
94.7685
94.0241
94.3662
93.4564
94.6503
93.2218
94.5722
93.8457
94.3145
95.1224
95.7330
95.5716
95.2325
95.8492
96.9637
96.1572
97.7546
98.4274
97.8610
98.2355
96.7122
97.4516
94.7623
95.0843
94.1063
95.1977
94.6076
94.9405
93.6521
92.4176
92.4540
92.8001
92.5783
92.3712
92.3609
92.9993
92.1895
94.4116
95.1647
96.5645
95.6457
96.9436
95.8234
96.9316
95.2597
94.3122
93.6156
96.1204
94.4955
93.4762
94.6822
95.1418
98.0449
96.6845
94.8431
96.5173
96.1154
96.4547
96.4270
97.0484
96.3892
97.1318
97.3658
96.9244
95.8904
97.0216
95.3973
93.6522
93.7268
93.6813
93.3358
93.1995
94.5645
94.6535
93.8886
93.0210
93.2004
93.8786
93.7394
94.6609
95.9598
94.5230
94.6614
93.6832
91.9705
93.9813
92.9869
92.7861
92.4789
92.7838
91.9124
91.4806
92.5434
90.7585
92.5289
93.0534
92.7340
93.6210
93.7922
93.4057
94.0833
91.8430
92.1125
92.8581
91.6194
91.8839
91.0834
91.3346
92.6176
91.3681
93.6342
93.4003
92.6859
92.6287
91.2465
91.4873
90.7111
89.9939
90.2058
89.6973
90.2323
89.8491
90.5402
89.2054
89.1214
90.7683
89.4775
90.5347
91.3340
91.0031
90.6261
88.5483
88.3081
88.8133
87.4732
87.5772
88.8941
88.5603
88.0055
89.7495
88.4836
88.0298
89.3919
90.4207
89.4084
89.1694
89.9704
91.0200
90.6230
90.0162
91.2905
91.0644
90.4053
88.0377
88.9678
88.0846
89.4324
88.4056
87.8026
87.5281
87.9185
86.1255
86.4918
85.8637
86.7610
88.0612
87.4851
87.2501
87.0879
88.1863
88.2066
88.7555
89.4685
88.7640
88.9724
89.9683
89.9933
89.1993
88.8437
89.8439
87.5154
89.3214
88.3894
89.5862
89.6794
89.7455
88.9742
89.3586
88.3584
89.0893
88.7203
87.9283
87.5804
89.2389
89.9040
88.8409
89.2359
90.4534
89.1067
90.7402
89.2160
90.4413
91.7270
90.9997
90.8330
89.2011
88.9033
88.3378
89.1911
90.5044
90.5371
90.7765
91.1217
90.3047
89.6304
90.8873
90.5829
90.3549
88.8248
88.8971
88.5783
87.3684
87.8915
86.0601
85.7899
88.3617
89.1415
88.3835
90.2852
89.7260
90.6586
88.9794
89.9843
89.3384
90.5134
88.1247
88.6259
87.3910
87.5347
87.6669
87.0199
87.7983
89.5510
88.4992
87.1196
86.5729
85.0069
84.0264
84.3806
85.8865
87.1802
86.4876
86.3954
84.6027
86.5585
87.6592
86.6464
85.8876
86.0099
85.2318
87.6720
86.2339
84.9087
87.6910
86.6940
86.6467
86.8164
86.4339
86.7589
86.5365
87.3029
86.7385
88.3875
87.5424
89.1817
87.9453
90.2610
88.6385
88.2013
88.8631
89.2827
88.7687
89.3999
88.5737
86.9528
87.3632
87.1448
87.6268
86.1852
86.6840
85.8536
84.6934
85.5445
87.4257
86.5381
85.4538
87.2453
85.5712
87.0648
88.0949
86.8605
88.4915
88.2409
88.7196
88.2549
89.6395
88.4503
88.8952
89.2109
89.9811
89.3167
89.8329
88.1705
88.0591
87.8539
89.8397
88.1249
87.2318
87.9139
87.7344
89.1861
88.1567
87.6320
87.9662
89.1188
88.8000
88.7931
89.3673
90.9141
90.0231
91.8312
91.4616
91.7805
91.9797
92.2872
91.6557
92.1531
92.0791
94.0223
91.1773
90.0964
89.7091
91.0392
90.4845
90.6694
92.9861
92.6323
92.7383
93.0417
90.3672
90.5555
90.3420
90.3630
89.3117
89.4759
87.9111
90.5009
88.6806
90.6253
89.2921
89.4653
89.0337
88.3271
87.8479
87.2002
88.7862
88.0890
88.5683
89.4719
90.8872
89.2229
89.4145
89.9730
90.6759
90.2858
89.8253
90.2036
89.7738
90.5996
90.0646
89.8041
88.8162
88.8403
89.7270
89.5987
89.4127
88.6432
88.9253
89.2059
89.7733
87.9129
90.2811
89.6104
89.1719
90.1310
92.4330
91.1215
90.4256
89.8445
90.8570
90.1792
89.5467
89.4753
88.6333
89.4454
89.6179
89.5559
89.6662
90.6971
89.3286
89.8003
90.9125
90.3884
90.8620
89.9944
91.5350
89.8846
88.9881
89.6941
89.4120
89.3012
89.4910
90.3394
90.8181
89.6114
90.9116
91.6730
91.3591
91.2145
91.6526
91.2514
92.3265
93.8164
92.2108
92.2926
92.2792
93.0897
92.5049
92.4289
93.3720
93.4236
92.9062
94.1528
93.1084
92.7845
92.3972
92.0129
91.5710
92.9075
93.4261
92.3200
93.6136
94.2092
93.3028
93.1975
93.8288
94.0232
92.7426
94.1406
93.3738
94.5996
94.8660
95.1255
93.2035
94.4572
94.7139
93.4749
92.9530
92.9008
92.9999
91.9564
92.3909
92.9332
92.3474
93.0198
94.3608
91.6814
93.3445
91.6671
91.8154
91.3036
90.2786
90.7795
90.6283
90.2257
91.4314
91.2290
91.7597
92.3658
90.3793
90.7582
92.2555
95.3116
94.1851
92.0821
91.6254
92.9360
92.4074
92.0772
92.1887
92.4707
91.9378
91.3952
89.9271
90.2053
90.9469
90.2893
91.2293
91.1527
90.7500
89.6916
90.9209
91.5261
91.9126
90.5453
91.0106
91.3989
91.1821
92.0991
90.9514
89.7899
91.5439
91.2527
91.0895
91.8914
91.4064
90.9100
91.0588
91.0883
91.4270
91.6487
90.6971
89.7503
89.1561
89.8336
90.2478
91.2148
90.9325
92.8850
91.8346
91.5645
90.6120
90.1013
89.0607
89.3957
89.0473
90.6672
88.8845
91.2556
88.5117
89.1535
88.8349
88.1359
87.8810
88.4622
88.3736
86.4488
86.0932
86.5044
88.2763
89.0240
88.9627
89.6259
89.1432
91.1036
89.6177
88.8204
88.0000
89.4758
89.3925
88.6194
88.0608
89.0625
89.4197
89.6123
89.8129
90.6067
89.4366
90.1539
89.7048
90.5074
91.3187
91.1061
89.3902
90.5226
91.8654
91.3957
91.2676
91.4737
92.1439
92.5865
91.3922
90.1194
90.4168
90.3933
89.8452
89.0464
89.2686
90.2246
88.6516
89.4701
90.2763
87.8316
86.5108
88.3455
86.8606
87.6410
88.6583
87.4507
88.0587
88.3904
87.3570
88.3863
88.0907
87.5378
88.3575
88.8343
89.5866
90.6620
90.0805
90.1830
91.1953
90.9179
91.5176
91.5367
91.6979
91.6836
90.6688
90.7133
89.5079
90.3319
90.0637
91.0028
89.5117
90.9222
90.6651
88.9413
90.3428
91.1931
90.2150
89.0373
88.2685
88.6393
89.2302
89.5629
88.3080
87.1259
88.4323
88.2705
90.5937
88.3001
88.3910
88.8034
88.9004
89.6632
90.2519
89.2878
91.1858
90.9899
88.2226
86.4611
86.6479
89.5430
87.7662
86.9832
88.5010
87.4586
87.4288
88.1299
86.9447
87.2718
89.1471
87.2823
89.4991
87.2728
87.9845
87.8203
86.2877
87.4563
86.8242
86.3105
86.1904
86.8019
87.1139
87.8142
87.9266
86.7294
86.9903
86.6635
86.4413
86.9062
86.8110
84.1783
86.7711
85.7726
85.2643
85.6703
86.9698
87.0809
87.1937
87.1937
86.4035
85.7271
85.1920
85.3270
84.5329
85.3836
85.0210
85.8674
85.8831
86.3450
84.8341
87.9990
88.1878
87.8662
87.9767
87.7606
87.9880
88.5294
87.0589
87.6872
87.0497
86.8541
87.6249
87.2576
86.8177
88.1636
87.1492
87.0416
87.2105
86.8408
86.4927
85.2453
85.9517
87.6707
87.2257
86.6972
85.6353
85.7869
85.0452
84.8804
84.1211
84.3845
82.3936
85.7077
85.0022
84.9552
85.8031
87.1702
85.9690
86.1889
85.4697
86.0287
85.4846
86.2370
84.6642
85.6258
85.1580
84.9108
86.2287
85.1906
83.3352
85.2966
85.6855
84.9494
85.1090
87.5329
87.3410
88.4347
85.8973
86.4632
86.8020
87.2862
87.0984
88.0746
88.0588
89.7104
89.6114
90.0099
89.3462
88.7149
89.2666
89.0543
88.3203
89.5035
88.1639
87.4633
89.5539
88.7288
86.7814
87.5225
88.1992
89.8515
90.8069
91.8800
91.5634
90.6563
93.9543
92.9473
92.4549
92.0826
92.5285
93.0036
92.9967
93.8262
93.0109
92.0936
94.1595
94.3318
95.2594
92.8746
92.9319
94.2208
93.6750
92.6127
93.2283
93.3628
91.1065
89.4394
90.3390
90.2425
90.6851
90.9937
91.0672
92.0755
91.9185
91.1922
90.0804
89.2585
90.0105
88.9210
88.9520
89.9977
90.0577
88.9718
89.0629
88.6669
90.1551
91.4022
89.9494
90.1906
90.9489
92.9211
91.5691
91.6700
91.6884
93.0633
93.5381
94.1317
94.4103
93.9262
93.5355
93.3999
93.3003
92.4246
92.0615
91.2338
91.2894
93.0401
93.2179
91.6181
93.2738
91.5827
92.2692
92.9596
93.4800
92.0260
90.4148
92.3766
92.5134
92.3959
92.7573
92.9313
93.0058
93.4390
94.7563
93.7178
93.3698
92.5327
90.8230
92.4059
93.9214
94.7322
95.5732
95.3476
93.6287
93.7713
92.9794
94.1323
93.9954
93.7423
95.0817
94.4097
93.2060
94.6274
96.1019
95.2151
95.5054
94.0423
95.5976
95.2396
93.3368
94.0545
92.3975
93.6620
95.0539
95.4691
94.7251
94.6300
92.4265
91.6372
91.8243
91.6235
90.1181
89.9209
90.0623
89.3960
88.1143
87.2496
88.0614
89.1610
88.1415
87.9709
88.9819
88.6268
89.0236
89.7316
89.0597
90.0281
89.2646
89.4821
88.8578
88.9401
87.4916
88.8788
88.5790
86.9812
86.7324
85.5162
85.4258
85.6966
86.6892
86.3056
88.1885
87.4381
86.9511
85.7592
86.6468
86.0887
87.4573
87.5781
88.9632
86.6534
86.1512
87.6523
85.9688
87.2930
85.5178
86.3013
85.9593
86.2977
86.4723
87.5751
86.6243
86.0917
85.3315
86.1848
85.8412
84.9707
85.1512
84.7206
84.4018
85.7524
85.5176
89.4771
87.7031
88.7389
91.5193
89.6049
88.3617
90.5136
89.5559
87.7395
87.7576
88.4590
88.0906
87.0853
87.0175
88.9567
88.5606
89.1768
88.6625
88.2217
89.3842
88.8082
89.6972
88.0194
87.5289
89.0709
89.2581
88.6982
87.5953
87.5080
88.7969
87.9815
86.4100
87.5713
87.7323
86.4736
87.0211
87.8469
87.2708
88.4846
88.5727
87.0114
87.5022
87.9136
87.0544
87.7266
86.7966
87.2317
87.9870
85.5579
87.0774
86.6634
84.6528
85.6332
85.0756
84.6946
84.9603
86.2633
86.0073
88.1369
89.3594
89.2837
88.2824
87.3522
87.7685
88.2255
89.1564
88.0645
86.9236
87.4216
86.2935
87.6767
88.0974
87.5817
87.2962
89.3645
89.3668
87.0063
86.9441
85.7858
85.1102
84.8778
84.7068
85.3266
85.4415
85.6225
87.1029
87.2999
86.8786
87.5584
88.4882
90.7550
89.7385
89.2532
87.7939
86.7314
86.7764
87.6615
87.6948
88.1219
87.5237
86.7484
86.4938
86.5811
85.3644
87.0972
87.8766
86.2154
86.7606
85.0992
86.1102
85.5374
83.8577
83.0839
82.6387
82.7128
83.3610
83.1218
83.8437
82.7798
81.6645
81.6247
82.7631
82.5037
82.4125
85.5229
84.7678
84.3956
83.7817
82.5743
82.6165
82.3666
83.0380
84.1304
84.5636
84.0466
83.0489
83.9551
84.5194
83.0521
83.3981
85.6055
85.0816
84.7492
84.3684
82.5606
83.9329
83.7812
84.9565
84.2390
83.4391
85.2109
84.8134
84.2865
83.6829
83.2399
82.7716
83.7414
82.6650
82.2455
82.9503
82.7667
83.1915
82.1868
81.4719
80.9115
80.4030
80.7617
81.8161
81.2029
80.1502
79.4428
80.5943
80.8618
81.3769
80.2041
80.9557
81.3259
81.3146
80.3228
79.8264
82.0892
81.5580
82.4377
82.4406
83.0565
84.2939
84.2176
84.5792
85.9809
84.2015
84.1468
84.0592
84.0050
83.8715
82.7753
82.7702
83.9030
80.5329
79.6802
80.6662
82.7872
82.0922
83.5356
83.1729
84.9021
83.9059
83.4474
82.2370
81.3247
82.6596
83.8480
82.4032
79.7100
80.4065
80.5868
79.7263
80.8837
79.8401
78.8095
79.3706
80.7548
80.7518
79.6554
80.1265
80.3416
80.3131
79.7788
79.8330
80.7756
80.7626
78.8427
79.6472
79.9639
77.9692
79.4249
79.1233
77.8279
78.0439
78.2129
77.4161
77.1932
78.1431
78.8987
79.6214
79.6157
78.2935
78.3957
77.7731
78.0088
76.5326
77.9486
77.4413
77.7983
79.2223
79.8235
78.6782
78.7091
77.9194
78.9025
78.4659
78.0889
77.8121
78.4364
78.3808
77.8124
78.4814
77.1770
79.1515
78.4960
78.5643
78.0435
78.0514
77.2340
77.9933
77.9104
78.0037
77.3797
76.5371
77.8084
77.4735
75.4075
76.5270
76.8924
76.7339
77.5655
77.2230
76.9063
77.3653
77.4274
78.3996
79.9681
79.3223
79.1117
78.8563
79.8148
78.2650
79.4903
78.5692
78.0501
78.2273
78.7892
79.5475
78.2224
79.2231
79.4779
80.5955
80.2090
80.0942
79.8125
79.0507
78.6830
79.4420
78.0842
78.5131
80.7558
79.6573
79.5198
78.5065
76.8535
77.3395
77.4961
77.2306
78.1389
79.0241
79.5418
79.8754
79.1307
78.7609
79.5239
80.3958
79.3496
77.1109
77.5643
77.1041
77.2924
75.0230
76.5255
76.4540
77.4400
76.6942
76.7423
75.0015
77.9324
77.9261
77.7130
76.8471
76.8872
77.1557
77.9997
78.7590
76.3774
78.6499
77.0090
78.1969
78.1534
77.6425
75.8602
76.4893
75.3278
75.7093
76.0539
76.4230
76.1927
76.9895
75.2872
76.0445
75.9503
77.0910
76.9193
75.6800
75.9511
77.2033
76.7627
77.2243
77.3429
78.8115
79.0602
79.5461
80.2712
78.8973
79.2927
80.8979
79.3959
79.8561
80.9639
83.7430
83.7321
83.5929
81.4360
82.0922
82.8670
82.0754
83.4744
82.4444
83.2246
83.0842
82.2759
82.3958
81.4257
80.5113
79.7069
80.0617
80.2291
81.8892
81.5946
81.2568
81.2802
83.0547
80.5892
79.7948
81.6290
80.8834
79.2200
81.0817
81.7508
82.3862
81.4057
82.5659
81.7856
81.8050
84.1034
85.6911
84.6664
83.7994
82.6496
83.8238
81.8924
83.3488
82.6964
82.0731
83.5346
83.4253
84.7307
83.4682
84.4707
84.8419
83.8342
84.5155
84.2226
83.5172
82.8167
83.3286
84.9250
83.3478
83.6700
83.1744
86.2290
85.8984
86.1230
85.8500
85.3430
83.6193
83.6694
83.6445
83.9858
83.4328
84.2671
84.7738
82.9717
83.3151
81.0474
82.4183
82.2298
80.5025
80.0531
81.0282
80.4556
80.3432
79.6361
80.2231
78.7889
78.7082
79.4760
78.8662
77.2572
78.5958
78.9033
79.9374
79.3636
78.1105
77.9312
76.6733
75.9690
75.7952
76.6561
76.9843
78.0468
77.5029
77.8153
78.4030
79.5481
79.0442
80.0015
79.8972
78.7892
79.2366
78.5379
79.1420
78.8255
78.4274
78.4762
79.5430
78.2465
78.3020
78.9856
81.0424
82.1566
82.6626
82.3128
81.5000
81.7887
81.3279
83.0522
81.4641
82.4226
82.5039
81.2580
81.8298
81.1279
81.7017
80.4580
80.4802
79.8048
80.0114
80.4024
79.9899
81.3140
80.9700
82.1361
82.3298
80.2230
80.3079
82.1519
82.0383
81.0267
82.5956
82.6069
82.4818
81.8420
82.5576
83.4029
82.0613
80.5252
80.5362
83.1861
81.4088
82.8813
82.5336
84.6012
83.2283
82.9996
83.0753
82.1129
83.7998
85.6615
83.5543
81.7821
81.7801
80.3456
80.7971
79.9877
79.5141
77.4946
78.5704
78.3571
78.9516
79.9251
78.2913
77.8712
79.0912
78.2227
77.7422
77.8985
79.2616
80.6132
80.3208
80.1926
80.6126
81.6666
81.6191
82.2025
81.9648
81.0960
80.6985
80.5964
79.5625
79.5268
79.3588
79.6440
83.0748
82.0434
81.8886
81.5273
81.6975
82.0062
82.3496
82.1508
80.0106
81.3299
81.2088
82.0570
82.2234
82.0902
83.5256
