3.4212
3.3695
3.4480
3.2776
3.0253
3.0651
3.3406
3.5534
3.3823
3.2214
3.1911
3.3031
3.1263
3.3156
3.2317
3.2602
3.4929
3.4816
3.3681
3.3188
2.9841
3.4828
3.2973
3.1197
3.2629
2.8979
3.0935
3.2610
2.8881
2.8831
3.2772
3.2134
3.1878
3.1225
3.3559
3.2528
3.1907
3.4386
3.6705
3.3618
3.3986
3.6526
3.4743
3.0319
3.1195
3.3858
3.2018
3.5987
3.1941
3.2834
3.1870
3.2167
3.3842
3.3337
3.0806
3.1626
3.2346
3.3612
3.0761
3.2163
3.0660
3.1616
3.1179
3.1076
3.2469
2.9630
2.8978
2.8759
3.0834
3.0981
3.1613
3.0103
3.3691
3.2109
3.2312
3.0382
3.0558
3.1306
2.7812
3.0643
3.0156
2.6790
3.1746
3.2527
2.8844
3.0139
3.1891
3.2760
3.3444
3.3101
3.2428
3.1019
3.1200
3.3226
3.1886
3.2745
3.4324
3.1611
3.1917
2.9083
3.3048
3.0971
3.0685
2.9049
3.0902
3.1406
3.2282
3.0557
3.3661
3.2548
3.3865
2.9313
3.1795
3.0687
3.1178
2.9692
3.1226
3.1431
3.1508
3.3834
3.5572
3.2788
3.1395
3.0863
3.2684
3.1139
3.0999
3.3244
3.5193
3.3559
3.3391
2.9695
2.9929
2.8215
3.2472
2.9583
3.1429
2.9931
2.8512
2.7560
2.7643
2.9210
2.8072
2.8078
2.9243
2.9142
2.9795
3.1546
2.8207
2.8538
2.9009
2.8334
2.8367
3.0470
2.9321
2.8465
2.7043
2.7944
3.0822
3.0229
2.9671
2.9545
2.9158
2.8896
2.8384
3.0008
3.0076
2.8535
2.7797
2.8606
2.9726
3.0750
2.6676
2.8344
2.8102
2.7975
2.9270
2.9188
2.9906
2.9432
3.0248
2.9456
2.6126
2.7463
2.9644
2.8737
2.9067
3.1757
3.2016
3.1136
2.8090
3.0648
3.0573
2.6611
2.9241
2.9344
2.6837
2.8339
3.2065
2.6248
2.3324
2.5997
2.5034
2.8400
2.6528
2.7771
3.3129
3.1364
2.8313
3.0571
3.0868
2.7010
2.8998
2.9067
2.6932
2.6733
2.9107
2.8707
2.9166
2.7529
2.9302
2.6788
2.7930
3.0237
2.9691
2.6622
3.0043
2.8924
2.8672
2.8125
2.7581
2.8091
2.5878
2.6164
2.7400
2.9284
3.0927
3.1185
3.0039
2.9572
2.9478
3.0335
3.0847
3.1744
3.0929
3.0934
2.9352
3.2924
3.1849
3.0788
3.0078
3.3672
3.1859
3.2810
3.1799
3.2368
2.9773
2.9375
3.0679
3.2061
3.1177
2.9835
3.1063
3.0342
3.2248
3.0223
3.2564
2.9457
3.0918
2.6447
2.9006
3.1725
3.0044
3.0605
3.1779
2.9681
3.3457
3.1023
2.9934
2.9471
3.3161
3.0205
3.0652
3.0349
3.1417
3.0324
3.1827
3.3167
3.3093
3.0729
3.2655
3.2958
2.7742
3.1881
3.2557
3.0977
3.0627
3.2651
3.3332
3.2278
3.2086
3.0925
3.0856
3.0204
2.9444
3.2856
3.0960
3.2249
3.0612
3.3280
3.0494
3.0442
2.9958
3.4228
3.3290
3.0430
3.3330
3.2098
3.3115
3.1092
3.2703
3.0727
3.0625
3.0753
2.9626
3.2298
2.8500
2.9869
3.0097
3.1038
2.9931
3.1101
3.2794
3.3315
3.4458
3.1971
3.0622
3.1503
3.1072
3.0420
3.3338
3.0328
3.0985
3.0889
3.1210
3.0627
3.2257
3.1620
3.0958
3.1224
2.9566
2.8925
2.9808
3.1416
3.1003
2.9242
2.9079
3.0358
3.1745
3.1593
2.9891
3.3481
3.1705
3.0338
3.3428
3.3529
3.1625
3.1890
3.1746
3.1831
3.3306
3.2261
3.2858
3.2604
3.0243
2.8730
3.1139
2.9068
2.8253
2.9997
2.8256
2.9516
3.1815
3.1235
3.1059
2.9888
3.1991
3.0370
2.9570
3.1968
3.1939
3.0272
3.3280
3.2886
2.9931
3.0993
3.3030
3.1505
3.2847
2.9685
3.3594
2.9444
3.2485
3.1742
3.2291
2.9733
3.2561
3.2941
3.1554
3.5784
3.3781
3.4901
3.4568
3.3486
3.4135
3.5774
3.0379
3.2236
3.3193
3.2799
3.1876
3.2274
3.3779
3.4599
3.2571
3.6424
3.2002
3.4434
3.1472
3.1029
3.1581
3.1688
3.2519
2.9922
2.9792
3.3516
3.2287
3.2654
3.3538
3.4670
3.5907
3.5484
3.3166
3.2784
3.4752
3.5841
3.1017
3.3594
3.2208
3.3292
3.4197
3.3591
3.4253
3.4075
3.4770
3.5703
3.0762
3.3846
3.5966
3.6045
3.3878
3.1663
3.2359
3.1094
3.3010
3.2158
3.1224
3.0738
3.3906
3.4638
3.1447
3.2751
3.2113
3.1290
3.0908
3.0264
2.8142
2.9037
3.0375
2.9682
3.0721
2.9899
3.0311
3.1449
3.1800
3.1644
3.1619
3.2547
3.2644
3.2337
3.1835
3.1012
3.2086
2.9287
2.9814
3.0437
3.0081
3.0398
3.1424
3.4280
3.4363
3.2942
3.0939
3.1602
3.2106
3.1297
2.9913
3.0342
3.1040
2.8378
3.0161
3.1654
3.0687
3.1114
3.1205
3.2285
3.2380
3.3064
3.0664
3.2290
3.3358
3.1766
3.0864
3.1852
3.2840
3.1386
3.1211
3.0700
3.3523
3.2411
3.3619
3.1399
3.1474
3.1550
3.1912
3.0721
2.9069
3.2253
3.2980
3.0458
2.9786
2.8350
3.0518
3.0362
3.2709
3.0763
3.2136
3.0633
3.1155
2.9433
3.0645
3.0226
3.0709
3.1285
3.0372
3.1716
3.1605
3.3242
3.2197
3.1432
2.8870
2.7905
3.1494
3.0175
2.8731
3.1529
2.7057
3.3289
3.3062
3.3544
3.3768
3.3693
3.2232
3.1003
3.2980
3.2669
3.1153
3.1694
3.3941
3.4404
3.2245
3.2698
3.0094
3.1157
3.3128
3.2174
3.5165
3.1972
3.2099
3.3655
3.4260
3.3597
3.1833
3.0500
3.3619
3.1576
3.3200
3.4163
3.5081
3.0136
3.0066
3.1159
2.9189
3.0797
3.3657
3.5140
3.4374
3.5639
3.2465
3.6050
3.6437
3.7743
3.4832
3.8023
3.6707
3.7700
3.6550
3.5453
3.6786
3.3719
3.6412
3.8151
3.8341
3.2932
3.2546
3.2080
3.2472
3.4437
3.3815
3.2844
3.3055
3.3311
3.1956
3.3997
3.5348
3.5537
3.2030
3.4141
3.1881
3.3481
3.4745
3.2722
3.4082
3.3217
3.3840
3.4547
3.6422
3.4918
3.4160
3.3226
3.6408
3.7616
3.6056
3.4239
3.3759
3.4179
3.5672
3.4442
3.2046
3.2793
3.4373
3.4886
3.2465
3.2051
3.4164
3.3109
3.3489
3.2329
3.3703
3.2406
3.0696
3.2896
3.5484
3.1292
3.2014
3.1453
3.3351
3.1103
3.2116
3.5750
3.1319
3.1703
3.2949
3.3028
3.2198
3.0909
3.4312
3.2366
3.3328
3.1122
3.2076
3.3063
3.3144
3.3340
3.2310
3.5696
3.2811
3.2797
3.7504
3.6196
3.6784
3.4557
3.6332
3.3140
3.1759
3.4642
3.5205
3.4826
3.4617
3.6679
3.7339
3.7222
3.4532
3.4652
3.3364
3.3805
3.3890
3.1158
3.5643
3.6010
3.7474
3.6160
3.8229
3.5177
3.7883
3.3412
3.6179
3.6372
3.8115
3.7479
3.5838
3.7920
3.9462
3.7991
3.7935
4.1593
3.8619
3.7935
3.4070
3.6330
3.4555
3.3079
3.2907
3.4338
3.3709
3.1656
3.2805
3.2563
3.0259
3.0697
3.0028
3.2841
3.4006
3.3992
3.4471
3.3895
3.3884
3.4448
3.1670
3.7270
3.7101
3.4640
3.4343
3.4682
3.5770
3.6424
3.2991
3.5833
3.4651
3.2483
3.7506
3.4253
3.4645
3.7376
3.6594
3.3516
3.3852
3.4636
3.5597
3.4863
3.5908
3.5832
3.6212
3.7540
3.5915
3.5881
3.3921
3.2061
3.3961
3.4513
3.4591
3.2837
3.3737
3.0453
3.3199
3.4504
3.3378
3.3323
3.4108
3.4025
3.0947
3.0076
2.9549
3.1064
3.4033
2.8712
3.2725
3.0827
3.2874
2.9259
3.0063
2.8909
2.5475
2.6338
2.8128
2.6259
2.9852
2.7460
3.1418
3.4369
3.6429
3.3972
3.3311
3.2750
3.3104
3.1879
2.4123
3.0179
3.2230
3.3479
3.2659
3.1722
3.4151
3.4916
3.3570
3.7534
3.5833
3.7640
3.8607
3.5899
3.6221
3.6463
3.6138
3.6756
3.6674
3.6074
4.0116
3.8294
4.0332
3.8396
3.9144
3.6434
3.6230
3.8607
4.0796
3.9267
3.7136
3.7953
3.8654
3.6245
3.5793
3.7599
3.8370
3.8327
4.1448
3.8591
3.8425
3.8689
3.6323
3.6788
3.6659
3.7166
3.6699
3.2885
3.4782
3.5343
3.7293
3.9067
3.3591
3.5667
3.7007
3.4235
3.4845
3.3637
3.5161
3.4473
3.3747
3.4007
3.3170
3.3089
3.2760
3.3229
3.5408
3.4203
3.7400
3.6127
3.5852
3.6659
3.5910
3.1710
3.4935
3.3294
3.3297
3.1794
3.4630
3.3742
3.3076
3.0933
3.3600
3.2558
3.0671
3.1060
3.2356
2.8986
3.2494
3.3440
3.4051
3.4274
3.5068
3.2357
2.9716
3.3150
3.3141
3.4730
3.2331
3.3441
3.3074
3.5617
3.3539
3.4540
3.2550
3.3350
3.4783
3.2718
3.2821
3.5367
3.2257
3.4328
3.3849
3.4857
3.2215
3.4843
3.1930
3.1866
3.1362
2.9044
3.1138
3.2611
3.3036
3.0759
3.1970
3.2133
3.2831
3.1422
3.5372
3.4984
3.2815
3.3466
3.2185
3.5143
3.0454
3.4392
3.6502
3.4727
3.3891
3.3353
3.7648
3.2904
3.5440
3.5417
3.5742
3.5518
3.3564
3.4100
3.5876
3.0391
3.4953
3.0919
3.7520
3.3218
3.3822
3.7612
3.4604
3.7134
3.6469
3.5471
3.7013
3.5222
3.3818
3.2917
3.3174
3.2428
3.4038
3.4580
3.2206
3.2095
2.8072
3.0336
2.9447
3.2092
2.8189
2.8288
2.8781
3.2754
2.9153
2.8685
2.8432
2.9396
3.0449
3.1966
2.8239
2.9986
2.9236
2.9311
2.9021
3.1407
3.0676
3.1592
2.8872
2.9533
2.9758
3.1164
3.0661
2.9668
2.9581
2.9395
2.8952
2.9280
3.0558
2.7630
2.7820
2.7868
3.2160
2.8280
3.0686
3.1715
3.2851
3.1080
3.1054
2.9119
3.0637
3.2308
2.9852
2.7789
2.9798
3.0304
3.0324
2.9852
3.0440
3.0380
3.0211
2.9797
3.0571
3.1154
3.2090
3.0302
3.0284
3.1460
3.0794
2.9904
3.1459
3.1661
3.2429
2.9883
3.0294
3.0527
3.1329
3.2718
2.9878
3.2139
3.1349
2.9460
3.2389
3.0089
3.1507
3.2851
2.8666
2.9597
2.8335
2.8458
3.0143
3.1541
3.0598
2.9653
2.8961
2.9628
2.7838
2.7989
2.8576
2.6966
2.8076
3.1290
2.9852
3.0608
2.9148
2.8990
2.6300
2.9949
3.0719
3.0369
3.1498
2.8214
2.8760
3.0473
3.0476
2.8157
2.9060
3.1838
3.0614
2.9853
3.1133
2.9614
2.9363
3.0537
2.9992
3.1641
2.9091
3.0991
2.8180
3.2885
2.8729
3.0177
3.0345
3.0611
3.2644
3.1539
2.8198
3.1758
2.8375
3.4004
3.2085
3.0702
2.9370
3.1055
2.9620
3.0508
3.1554
3.2384
3.0180
2.8561
2.7155
2.9498
2.9693
2.8924
2.9759
3.5347
3.2259
3.4338
3.3640
3.0950
3.3387
3.1400
2.9083
3.0115
3.0689
3.0484
3.0048
2.9898
2.9733
3.1132
2.9612
3.1442
3.1574
3.1231
2.9626
2.9521
2.8092
2.8597
2.8689
3.1152
2.8605
2.9581
3.1028
3.0013
3.0496
3.0384
3.1931
3.1104
2.9482
3.0765
2.9453
2.9150
2.9134
3.0734
3.0527
2.9225
2.9510
2.8879
3.1600
2.9727
3.1654
3.0535
2.9933
3.0975
2.9910
2.8125
3.0642
3.2695
2.9710
2.8597
2.9177
2.9783
2.9504
3.0385
3.0785
2.7063
2.9115
2.7739
3.1534
3.0959
3.0956
3.1750
3.1590
3.0080
2.7773
2.8802
2.9430
2.8897
2.9350
3.0241
2.9931
3.2255
3.1290
2.9762
3.1068
2.9454
3.1370
3.1288
3.0867
2.9264
3.3289
3.0478
3.1347
3.0273
3.0510
3.0039
3.0169
3.0374
2.7034
3.0248
2.7733
2.9571
3.3107
2.7551
2.7871
2.9771
3.1628
2.8916
2.8550
3.1774
3.1248
3.1596
3.0671
3.0766
2.9796
2.9594
3.0313
3.1945
3.1644
3.0033
3.0104
3.1756
2.7772
2.7196
2.9379
2.9215
3.0122
3.0960
3.0784
3.1667
3.1303
3.3754
3.2056
3.2357
3.0845
2.9665
3.1730
3.1139
3.1952
3.0392
3.0230
3.0134
3.0249
2.9201
2.8490
3.3461
3.0299
2.9662
3.0312
3.0823
2.9134
3.0227
2.9327
3.0494
3.0865
2.8713
2.8890
3.0283
3.0701
3.3361
2.9715
2.8990
3.0348
2.9652
2.9603
3.1625
3.1920
3.2831
3.1163
3.1021
2.9956
2.9275
3.1055
3.0953
3.1025
3.0260
3.1529
2.7674
2.8711
2.7659
2.8948
3.0648
2.9758
2.7103
2.9023
2.9221
2.9584
2.9211
2.8278
3.0768
3.0199
3.0020
3.1379
3.0563
2.9453
2.9558
2.6800
2.8052
3.0920
3.0722
3.1187
2.7241
3.2202
3.1149
3.1149
3.1013
2.8621
2.7122
3.0883
3.1802
2.7727
3.0952
2.8748
3.0736
3.0098
2.9891
3.0952
3.0357
3.0066
3.1098
2.9871
3.1824
3.1345
3.3934
2.9987
2.9797
3.2274
3.2105
3.0560
3.0038
3.2137
3.3594
3.0066
3.2659
3.2922
3.1801
3.4586
3.3083
3.1573
2.9968
3.3170
3.1861
3.2669
3.1288
3.0445
3.1875
3.0804
3.1518
3.0790
2.9716
3.1724
3.2358
3.2823
3.0428
3.0632
3.2073
3.1121
2.8763
2.9053
3.1504
3.1895
3.1707
3.1101
2.8474
2.9958
2.9771
3.0649
2.9211
2.8070
3.0214
2.9729
2.9378
2.9508
2.8410
2.8530
3.1246
2.9508
3.1474
3.2746
3.2191
3.2591
3.2312
2.6875
2.9805
2.9737
2.8981
2.9200
2.8692
2.8697
3.1017
2.9061
2.8276
2.9470
2.8988
2.9491
2.9441
3.0471
2.8871
2.8464
3.3288
3.1455
2.8678
2.6362
2.9990
2.9559
3.0371
3.0034
3.1221
3.0590
2.8804
2.9892
2.6852
2.9079
2.8202
2.8107
2.8385
2.8436
2.9085
2.9240
2.9398
2.9130
3.0634
3.0055
2.9803
2.7858
2.7880
2.8736
2.7905
2.8908
2.8894
2.9379
2.9600
2.7525
2.9403
3.0581
3.2536
3.1844
3.2257
3.2674
3.0378
3.2369
3.0100
3.3891
2.9878
3.1982
2.9310
2.8307
3.0122
2.9075
2.9291
2.8228
3.0093
2.9262
2.8357
2.9104
2.8910
3.3961
3.1136
3.1828
3.0829
3.0787
3.0694
3.0554
2.8598
3.1650
3.1207
3.0328
2.8876
2.9047
3.1715
3.1069
3.0571
3.1401
3.2615
3.2443
3.2442
2.9259
3.1421
3.1739
3.4990
3.2663
3.2263
3.6301
2.9229
3.0083
3.1251
2.6874
2.9618
3.0089
3.0744
3.0994
3.0769
3.2649
3.1906
3.3439
3.2866
3.2327
3.2921
3.0578
3.3028
3.1631
3.2273
3.1672
3.0567
3.0703
2.8125
2.9217
3.0599
3.2142
2.8229
3.1780
3.1760
3.1951
3.2420
3.1074
3.0058
3.1642
2.9985
3.1311
3.0843
3.1313
3.0746
2.8701
2.7924
3.0159
3.0080
2.9672
3.1511
2.8106
3.0067
2.9679
2.8923
3.0744
3.1439
2.8692
3.0252
3.0535
3.2000
2.9117
2.8970
2.8822
3.3676
3.0751
3.2183
3.1860
3.0297
3.2836
3.1793
3.3312
3.4225
3.3506
3.3539
3.2357
3.2679
3.3034
3.0069
3.1829
3.0620
3.0345
2.9760
3.3056
3.0837
2.7500
2.8451
2.6767
2.8005
3.0279
2.9614
3.1029
3.2843
2.9882
3.0201
2.9847
2.8650
2.8750
2.7329
2.8166
2.8535
2.9265
3.0523
3.0855
2.9916
3.0472
2.9660
3.2357
2.9084
2.9112
2.8220
3.1376
3.2472
3.2673
3.0458
3.2491
3.0622
2.9099
3.0874
3.2480
2.9988
3.3221
2.9968
3.1337
3.1657
3.2190
3.0859
3.0860
3.0014
2.8776
2.9627
2.9449
3.1425
3.0165
2.7792
2.9942
2.9963
2.8883
2.9026
2.7797
2.9758
2.9193
2.9863
3.1255
3.2918
2.8147
2.8254
2.7092
3.0071
2.9080
2.8411
2.9793
2.9140
2.9456
2.9630
3.2179
3.0083
2.9030
3.1023
3.0743
2.9405
2.9496
2.6801
2.8723
2.8287
3.2526
3.0435
3.0188
2.8640
2.7635
3.1365
2.8664
2.7045
3.0584
3.0922
3.0583
3.0664
2.9239
2.6909
2.8676
3.0851
3.2670
3.0441
2.9481
3.0299
3.2802
2.7679
3.0854
2.9731
2.9746
3.0447
2.8851
3.0427
2.9294
3.3017
3.0910
2.9471
2.9475
2.7829
2.7464
2.6700
2.8826
2.7390
2.8130
2.7060
2.8186
2.9134
2.9214
3.0048
3.0923
3.1664
2.9309
2.8624
2.9969
2.8509
2.8450
2.8632
3.0620
3.1024
2.7900
2.9070
2.9173
3.0262
3.0914
3.0434
3.0516
3.3674
3.2086
3.1369
3.0964
3.4407
3.3824
3.2320
3.1870
3.2987
3.3936
3.1620
3.1682
3.2390
3.0283
3.2223
3.2772
3.0198
3.2262
3.0860
3.2205
3.4634
3.4380
3.3322
3.0606
3.1863
3.2696
3.1772
3.2748
3.2400
3.2788
3.3530
3.0522
3.1371
3.1518
3.0421
3.1600
3.2231
3.3198
3.5063
2.9525
3.1038
2.9698
3.0476
3.3142
3.2886
2.9990
3.2228
3.0691
3.0574
3.0900
3.0679
3.2744
3.1881
2.9580
3.0221
3.0854
3.0011
3.0799
2.8757
3.1842
3.0004
3.0106
2.9782
3.0905
3.1219
2.9505
3.0376
2.9517
2.9669
3.2947
3.3001
3.2192
3.1889
2.8440
3.0808
3.2113
2.9641
3.2922
3.0756
3.1167
2.9472
3.2335
3.0927
3.1498
2.9252
3.2878
3.2008
3.2787
3.3925
3.1909
3.1289
3.1119
3.2594
3.1142
3.3496
3.0579
3.1490
2.9226
3.3464
2.8894
2.9982
2.9847
3.1935
3.0568
2.9944
2.8561
2.9710
2.9129
2.9744
2.9862
2.8172
3.0597
2.9576
3.0605
3.0081
3.2508
3.2300
3.3468
3.0774
3.0085
2.9073
3.1408
2.9661
2.8969
2.9607
3.0928
2.9853
3.1290
3.1414
3.0668
3.0259
3.0273
2.8208
2.9307
2.8990
3.2486
3.1225
3.0629
3.1192
3.1305
3.0338
2.8824
3.3865
3.2196
3.0073
3.0596
2.9554
2.9580
2.8869
3.1810
2.8946
2.9471
3.1229
2.9556
3.1421
3.0416
3.0353
2.9940
3.1912
2.8982
3.1163
2.7829
3.0577
2.8115
3.0088
3.1752
3.3515
3.1712
3.2002
3.0225
3.1993
2.9712
3.1052
3.2785
3.0422
3.3606
3.1642
3.3436
3.1733
3.3064
3.2690
3.3460
3.2938
3.2934
3.2659
3.2844
3.1378
3.1544
3.4296
3.4657
3.1112
3.1464
3.0926
3.0045
3.2902
3.1476
3.2287
2.9442
3.0519
3.2718
3.1924
3.1581
3.0260
2.9262
3.0466
3.2811
3.0128
3.0792
3.3440
3.1938
3.0215
3.0512
3.2342
3.2141
3.2080
3.1325
3.0408
3.1978
3.0473
3.2986
3.1682
3.1431
2.8408
3.3034
3.2359
3.1256
3.3112
3.1563
3.1601
3.2592
3.3315
3.0507
3.3823
3.0546
2.9273
3.1311
3.1883
3.1431
3.5052
3.3510
3.3805
3.2500
3.0975
3.2197
3.0549
3.1930
3.4193
3.3191
3.3464
3.5156
3.5783
3.4208
3.6960
3.2294
3.1545
3.3698
3.2947
3.1305
2.9960
3.1930
3.2300
3.1329
3.0495
3.2834
3.4157
3.1144
3.1892
3.2404
3.1634
2.9890
3.0567
3.3195
3.2721
3.1456
3.0644
3.1619
3.0339
3.1549
3.0940
3.3020
3.0450
3.0611
3.2145
2.9219
3.0122
3.1565
3.0289
3.4610
3.0879
2.9725
2.9442
3.2149
3.1032
3.3919
3.5264
3.4105
3.2064
3.0309
3.0970
3.1666
3.1019
2.9037
3.1460
3.2002
3.0409
2.9859
3.0204
3.1234
3.0440
2.9476
3.0792
3.0032
2.9569
3.0512
2.8752
3.2180
3.1983
3.4183
2.6481
2.9927
3.0297
3.1081
2.9574
3.0220
2.8304
3.3569
2.8329
3.1792
3.0551
3.1007
3.0117
2.9777
3.0660
3.3689
3.2036
3.1907
3.4055
3.1957
3.1288
3.2129
3.0842
3.1128
3.0912
3.3592
3.1494
3.2512
2.9920
2.9697
3.0850
2.9929
2.7398
3.1021
3.2333
3.2605
3.2291
3.1222
3.0649
3.2072
3.3603
3.2168
3.2700
3.4575
3.2104
3.7113
3.3890
3.1389
3.5710
3.1828
3.2772
3.1991
3.2471
2.9689
3.1333
3.0910
3.0689
3.1905
3.3773
3.0769
3.1975
3.0482
2.9040
3.1682
2.9723
3.0619
2.8841
3.0249
2.9843
3.3325
2.8581
2.9157
3.1036
3.1432
2.8627
3.2143
3.1578
2.9459
3.1142
2.8651
3.0045
3.3407
2.9394
3.3578
2.8940
3.0712
3.0116
3.0254
3.0326
3.2481
3.1701
3.2628
3.3436
3.2372
3.4542
3.2872
3.3818
3.2564
3.1686
3.2157
3.2726
3.1360
2.9926
3.1506
3.0356
3.2808
2.8953
3.1626
3.1425
3.0258
3.2715
3.1908
3.1766
3.0404
3.0622
3.1293
3.1681
2.9853
2.8460
3.1030
2.9117
2.8050
2.9532
3.0485
3.0856
3.1628
2.9418
3.1508
2.9754
3.1477
2.9514
3.1453
3.1176
2.8905
3.0127
3.2037
3.3565
3.2611
3.1432
3.0940
3.0973
2.9693
3.1154
3.1512
2.9536
2.9809
3.0547
3.1423
3.3242
3.0789
3.0737
3.3133
3.2999
3.5327
3.3739
3.5766
3.3616
3.2318
3.1566
3.2353
3.1935
3.1986
3.2637
3.2870
3.0353
3.3188
3.3420
3.4749
3.4290
3.2726
3.4372
3.3254
3.1019
3.0309
3.1449
3.1869
3.2097
2.9726
3.3171
3.2903
3.2427
3.0955
2.8852
3.1057
3.3148
3.0007
3.1906
3.4786
3.2058
3.3166
3.3292
3.3623
3.3780
3.2272
3.4936
3.2906
3.2050
3.0941
3.1005
3.0047
3.2074
3.2168
3.2670
3.1451
3.0746
3.0829
3.2239
3.1935
3.2970
3.0230
3.0826
3.3417
3.3147
3.2407
3.4299
3.2241
3.2658
3.0849
3.1263
2.8630
2.9353
3.1004
2.9876
3.1604
3.1435
3.0613
2.9756
2.9515
2.7463
2.8756
2.8611
3.0970
3.1958
2.7648
2.8921
3.1322
2.7963
3.1394
2.8809
2.9205
2.8016
2.8715
2.7310
3.0166
2.8736
3.0475
2.8939
3.1931
3.0749
3.1552
2.9707
3.3171
3.1621
3.1246
2.9356
3.1324
2.9910
3.1890
3.0357
2.9579
3.2512
3.1750
3.0055
2.9359
2.8766
3.1963
2.9092
3.1059
3.1381
3.2058
2.9018
3.0408
3.0994
3.0188
2.8882
3.1390
3.3507
3.0661
3.1058
3.1661
3.3286
3.2425
3.1858
3.0317
3.3301
3.0873
3.0211
3.0807
2.9468
3.1405
2.9874
3.1653
3.0355
3.0589
3.0422
2.9854
2.8881
3.0755
2.9949
2.8315
2.8480
2.9862
3.1244
3.1475
3.0226
3.2572
3.1249
3.1204
3.1574
3.3868
3.1886
3.2272
2.9002
3.1301
3.3335
2.9999
3.0070
3.3265
3.2832
3.3751
3.1717
3.1375
2.9709
3.0453
3.0759
2.8605
2.8675
2.9216
3.1709
3.0763
3.1248
3.1476
3.1250
3.2195
3.0612
3.0784
2.8759
3.0683
2.9907
3.4290
3.2533
3.0548
3.1451
2.9855
2.7922
3.0398
3.0937
3.1006
3.1228
3.1609
3.1944
3.2598
3.1314
3.0530
2.9556
2.9741
3.0049
2.8289
3.1001
2.8258
2.8578
3.1406
3.2626
3.2585
3.2952
3.1157
3.1773
2.9346
2.9727
3.0710
3.3241
3.1302
3.1877
3.1759
3.1035
3.1139
2.9161
2.9680
2.9482
3.2545
3.2544
3.1384
3.1094
3.0979
2.9599
2.9771
3.0633
2.9846
2.9653
3.0888
2.9546
2.6747
3.0157
3.1777
2.9245
2.8260
3.0370
2.8767
2.9916
2.9947
3.2006
3.2770
3.2734
3.2690
3.3969
3.6422
2.9182
3.4164
3.2196
3.6110
3.2688
3.2830
3.1547
3.2946
3.2246
3.2941
2.9654
3.1880
2.9447
3.0452
3.0779
3.1423
3.0194
3.2220
3.4983
3.6267
3.3433
3.4057
3.0737
3.2622
3.1027
3.2424
3.1545
3.2441
3.3878
3.0721
2.9743
2.9486
3.1560
3.1723
3.3289
3.3120
3.4667
3.4626
3.2740
3.1996
3.1278
3.3246
3.2231
3.0013
3.0328
2.8470
2.9403
3.2566
3.1817
3.1825
3.3325
3.2834
2.8708
3.2180
3.3846
3.4291
3.3626
3.3225
3.0283
3.6334
3.2986
3.2720
3.3453
3.2217
3.0498
3.0565
3.2785
3.1880
3.1523
2.8887
3.1361
3.0846
3.2527
3.1555
3.2809
3.3008
3.1091
3.0636
2.9660
2.8656
3.0392
3.0008
3.1579
3.0969
2.9300
3.1490
3.1921
3.0899
3.1877
3.0268
2.9419
3.2616
2.9919
2.9929
2.8330
3.1845
3.1968
3.1312
3.0318
2.9591
3.1134
2.8699
2.9266
2.6742
2.9112
3.2962
3.2754
3.0482
3.2100
3.1293
3.0157
3.2706
3.0810
3.2508
3.2520
2.9035
2.8845
2.9547
2.8852
2.8609
3.0805
2.6795
2.9491
2.9618
2.8202
3.0176
3.0115
2.9391
2.8366
3.0345
2.9804
2.9014
2.8353
2.7296
2.9731
2.9430
2.9132
3.0492
3.0766
2.7774
2.8803
3.0776
3.0950
2.8640
3.1058
2.9796
2.7835
2.6381
3.0282
2.9230
2.8824
3.0016
2.6947
2.8174
3.0141
2.7664
3.0475
2.8023
2.8887
3.1256
2.7908
2.8872
3.1033
3.1634
3.2292
2.9577
2.8648
3.0213
3.0711
3.1132
3.0432
3.0684
2.9564
3.0540
3.2190
3.0623
2.9896
2.9996
3.1688
2.8791
3.1351
3.2314
3.3004
3.0386
2.9100
3.1275
2.8545
3.0135
2.5904
2.8006
2.9236
2.9226
2.7892
2.8630
2.9799
2.8676
2.6862
2.9617
2.9168
2.7830
2.8830
2.6903
3.0387
2.8200
3.1008
2.9632
2.8840
2.7560
3.0135
2.8692
2.7492
2.8761
3.0336
2.8157
3.1033
3.1058
3.1359
2.8509
2.6960
2.8777
2.9885
2.8724
2.6587
2.8161
2.8284
2.8181
2.6892
2.8076
2.7241
2.9400
3.0773
2.9306
3.0189
3.1347
2.9437
2.8782
2.8496
2.8913
3.0037
2.7800
3.0314
3.0540
2.8165
2.8921
2.7610
2.9993
3.0702
2.6553
3.1869
3.1085
2.8410
2.9578
2.9421
3.0340
3.0867
3.0131
2.8427
2.7049
2.5172
2.8509
3.0183
3.0415
3.1319
2.9171
3.1993
2.7419
2.7489
2.9882
3.1522
2.9755
2.8143
3.0060
3.0228
3.0211
2.9209
2.9865
2.7584
2.7462
2.8097
3.1221
3.0561
2.9534
3.0463
3.1036
3.0880
2.9518
2.8444
3.1785
2.8938
2.8532
2.9959
3.0565
2.9838
2.8535
2.9278
2.7987
2.8779
2.8256
2.7916
2.8374
2.9101
3.0631
2.7233
2.7224
2.9561
2.9744
2.8038
2.9951
3.0274
3.0639
3.0328
2.8384
2.8046
2.9750
2.7623
2.8954
2.9510
2.9774
2.8668
2.8728
2.8615
2.8351
2.9460
2.7931
2.8304
2.9460
2.7246
2.8475
2.8876
2.7061
2.7261
2.7848
2.7659
2.8016
2.6810
2.7941
2.8053
2.7595
2.6942
2.9657
3.2603
3.1524
3.1035
2.9444
3.2303
3.2346
3.0621
2.9952
2.9170
3.0519
2.8010
2.8096
3.0875
2.8431
2.8566
2.9770
2.7582
2.7099
2.7768
2.6619
2.9295
2.7367
2.9066
2.9449
3.0514
2.9875
2.9801
2.9211
2.7836
3.0455
2.8984
3.2203
3.3879
3.0189
3.1647
2.9449
3.2996
3.1541
3.1108
3.2488
3.1347
3.0467
3.1366
3.2577
3.0254
3.0734
2.9034
2.9659
3.0536
3.1223
3.0508
3.2073
3.1228
2.8979
3.1354
2.9489
2.9941
2.8021
3.0173
2.9750
3.0932
3.0519
3.1849
2.9434
2.9494
3.2103
3.1287
3.0737
2.8426
3.0586
3.0041
2.7968
3.0442
2.9890
3.0303
3.1217
2.9242
2.7981
2.7577
2.9339
2.8693
2.9774
2.7329
2.8062
2.9836
2.8284
3.0779
2.9757
3.0781
3.1115
2.7475
3.0561
3.0515
3.2851
3.1451
3.1111
3.0213
3.1565
2.7400
3.0239
3.1115
3.3097
3.0207
3.4244
3.2687
3.0328
3.3626
3.2071
3.1139
2.8797
2.8059
2.9867
3.0265
2.7838
3.0108
3.0438
2.9772
2.9047
2.9555
2.9449
2.9252
3.0217
3.0688
3.0386
2.8491
2.8789
3.2112
2.9360
3.0627
3.1819
3.1677
2.8485
2.7956
3.0936
3.2675
2.9067
2.7648
2.9438
2.8828
3.0053
3.2486
2.8235
3.0839
3.1169
3.1172
3.0507
3.1061
3.2786
3.2520
2.9469
2.9373
2.9967
2.7984
2.8525
2.7132
2.9700
2.6982
2.6567
3.0496
2.9641
3.0959
3.0685
2.7642
3.1520
2.9660
2.9372
3.0130
2.9821
3.0775
3.0819
2.9660
2.8374
2.8928
2.9377
3.1635
3.1396
3.2451
2.9374
3.2648
2.9612
3.0117
2.8360
2.5864
2.8033
2.8720
2.9672
3.0178
2.7405
2.9441
2.7743
2.5611
2.9769
2.7794
2.7862
2.7450
2.8553
2.8149
2.7679
2.7145
2.8432
2.6902
2.6819
2.6526
2.9292
2.9178
2.9075
3.2148
3.1559
2.9757
3.0265
2.8115
2.6577
2.9070
2.9529
2.7942
2.8919
2.9770
2.8430
3.1724
2.8185
3.1217
2.6538
2.8359
3.0227
3.1019
3.0942
2.9418
2.7696
2.8690
2.9615
3.1446
2.8193
2.9449
2.9954
2.7810
2.9040
2.9511
3.0096
2.7574
2.9186
2.6890
2.6349
2.7193
3.0857
2.8658
2.7728
2.9968
2.7137
2.9078
2.9102
2.8435
2.9860
3.0970
2.8653
3.0603
3.0613
3.0932
2.9730
3.2142
2.9919
3.0754
3.0879
2.8719
3.1666
2.9593
3.1629
3.1490
3.1408
3.1413
3.0088
3.3200
3.1316
2.9936
3.0512
3.0191
2.7613
3.0382
3.0758
3.0810
2.8500
2.8690
2.9984
3.0657
2.9819
2.9499
3.0053
3.0347
2.9163
2.8765
3.0664
3.0399
2.9465
3.1694
3.1069
3.0178
2.7279
3.2013
2.7339
2.8112
3.0739
2.8265
2.8423
2.9281
3.0767
2.8739
3.0305
3.1114
3.2950
3.0951
3.1223
3.1397
2.9798
2.8733
2.9205
3.0726
2.9084
2.8343
2.9433
2.9057
2.9077
2.7948
3.1088
3.0735
2.8798
2.5666
2.7399
2.7573
2.9427
2.8503
2.8023
2.8686
3.1311
2.8545
2.9505
2.9940
3.0636
3.0162
3.0035
2.9899
2.9711
2.8185
3.0110
2.9247
2.9948
3.0828
3.0551
2.8852
3.1180
3.0233
3.0681
3.1524
2.9491
3.0199
3.2068
2.8745
2.8031
2.9994
3.0871
2.7631
3.0568
2.7887
2.7910
2.6824
2.6795
2.8446
3.2127
3.1346
3.1770
3.1066
2.7109
2.9355
2.9592
2.7999
2.7646
2.7372
2.7249
2.7245
2.9940
2.9499
2.9029
2.6362
2.5656
2.9402
2.8762
2.7675
2.8871
2.9712
3.0602
2.8559
2.8027
2.7623
2.8278
2.7142
2.9275
2.6381
2.7445
3.0324
2.7762
2.8941
2.5785
2.8451
2.6456
3.0058
2.9120
2.8729
2.8387
2.8733
3.0270
2.5761
2.7877
2.9903
2.9712
2.9915
2.9682
3.1878
3.2217
2.8532
3.0546
3.1237
2.9769
2.9728
3.1736
2.8131
2.6367
2.9377
3.0523
2.9114
3.2985
3.2423
3.2018
3.1142
2.9288
2.9063
3.0287
2.8184
2.7228
2.7373
2.9121
2.7582
2.7476
3.0483
3.0941
2.8948
3.0304
2.8064
2.9554
3.0655
2.9434
2.8857
2.9936
2.5974
2.8232
2.8974
3.2054
3.0920
3.1347
3.4256
3.2122
3.0871
3.0183
2.9140
2.7808
2.7836
2.5638
2.9173
2.8570
3.1827
3.0467
3.2090
2.7960
3.0177
3.1524
2.8185
3.1083
3.0163
2.7829
2.8784
2.9825
2.8216
3.0162
2.7506
3.1670
3.0808
3.1371
2.8759
2.9617
3.0154
2.8355
3.0375
2.9399
3.0061
3.0869
2.9961
3.0484
3.1537
3.3223
3.1387
2.8811
3.0798
2.8985
3.0174
2.8333
2.9728
2.9676
3.0181
3.1775
2.7121
2.8043
2.9180
2.6622
2.7617
2.8589
2.7267
2.9282
2.9352
2.9865
3.0514
2.9917
3.0091
2.7682
2.8815
2.8676
2.8957
2.8650
3.1811
3.0217
2.9882
2.8783
2.7131
2.9516
2.7684
2.9964
3.2110
3.3506
2.9245
3.2600
3.0906
2.9660
3.1329
2.7993
3.1069
3.1154
3.0657
2.9696
3.0332
3.1164
3.0272
2.9688
3.1537
2.9910
2.7833
3.0317
2.8065
2.8914
2.8304
2.8037
2.8462
2.8830
2.9844
3.0382
2.7847
2.9218
2.8517
2.9583
2.9451
3.1943
2.8255
3.1348
3.0007
3.0302
3.0467
3.0217
2.9986
2.7036
2.6484
2.8136
2.8697
2.6724
2.9377
2.6658
3.0780
2.8556
2.7804
2.8200
2.9786
2.6923
2.7737
2.7514
2.7183
2.9085
2.9423
2.9857
2.9615
2.7956
2.8028
2.5778
2.7981
2.6652
3.0244
2.7718
2.6385
2.6686
2.8726
3.0260
2.8997
2.8115
2.7987
2.8783
3.0207
2.9236
2.7533
2.7024
3.0203
2.7732
2.9391
2.8201
2.8583
2.6662
2.9568
2.8146
2.8916
2.9067
2.8174
3.0232
2.9765
2.7897
2.6995
2.8446
2.8424
2.9702
2.9506
2.9909
2.8244
2.9610
2.6739
2.6686
2.8409
2.9368
2.9185
2.8405
2.9303
2.8520
3.1209
2.8323
2.8610
2.9330
2.8871
2.7085
2.7565
3.0575
2.8657
2.9509
3.0969
3.0368
2.8498
2.9932
3.0392
3.0088
3.0725
2.8467
3.0022
3.0206
3.0145
3.1364
2.8622
2.8453
2.9118
3.0046
2.9200
3.2464
2.9523
2.8877
2.9213
2.9120
2.7982
2.9795
2.9012
3.0645
3.0952
3.0025
2.7735
2.9362
2.8985
2.7705
2.9057
2.7687
2.7597
2.7330
2.7459
2.3789
2.8943
2.9798
2.7145
2.7875
2.8357
3.1677
2.7726
2.8432
2.6135
2.7521
2.6439
2.7429
2.6753
2.5721
2.9208
3.0018
3.0708
2.9258
2.7024
2.7988
2.8314
2.8358
2.6682
2.7145
2.6369
2.6510
2.6028
2.6768
2.5633
2.5346
2.5889
2.5033
2.6225
2.8599
2.8646
2.6311
2.6282
2.9669
2.7804
3.0028
2.9083
2.7748
2.8602
2.9545
2.5464
2.8174
2.9909
2.4978
2.4600
2.7585
2.6760
2.7968
3.0856
2.7391
2.5448
2.7688
2.7017
2.9318
2.9889
2.9766
2.8789
3.0824
2.7880
2.8101
2.9183
2.8636
2.8489
2.7923
2.9540
2.8749
2.7281
2.7400
2.7308
2.7833
3.0150
2.9542
2.6556
3.0796
2.9570
2.5954
2.5637
2.6606
2.7207
2.7931
2.6966
2.7669
2.7012
2.7745
2.5839
2.6535
2.7789
2.9046
3.2590
2.6267
2.9780
2.8012
2.8236
2.6382
2.7899
2.6758
3.0550
2.8375
2.9522
3.1614
2.9962
3.1946
3.0068
3.0621
3.1075
3.1913
3.0160
2.9325
2.7111
2.8687
2.6730
2.9002
2.8376
2.8094
2.9942
3.0574
2.8119
2.9265
2.7448
2.9685
2.7888
3.1543
3.1740
3.1090
3.0193
3.0072
3.3495
3.1484
3.0256
2.8688
2.7676
2.6914
3.0325
2.9513
2.9796
2.8868
2.8059
2.9337
3.0950
2.7162
2.8960
2.8348
2.5462
2.7787
2.8221
2.8453
2.8951
2.9427
3.0229
2.6576
2.9027
2.8241
3.0760
2.8787
2.8885
2.7394
2.7810
2.8794
2.9002
2.7056
2.6306
2.6764
2.8369
2.9952
2.8040
2.8762
2.8545
2.8504
2.9703
2.8532
2.7776
2.7031
2.7409
2.9013
2.7946
2.8420
2.8012
2.7447
2.9330
2.8040
2.8741
2.9963
2.8103
2.8080
2.7116
2.5873
2.8153
2.6187
2.9292
2.8172
2.7519
2.7515
2.7952
2.7429
2.5923
2.7795
2.8247
2.6936
2.6622
2.8227
2.7979
2.8837
2.8340
2.7435
2.6283
2.9336
2.7416
2.6856
2.7737
2.8031
2.5791
2.8630
2.8102
2.7434
2.7057
2.7775
2.5815
2.9053
2.8144
2.6863
2.8919
2.6097
2.9422
2.7901
2.7976
2.7909
2.7158
2.9093
2.9217
2.8633
2.6763
2.7740
3.0614
2.8417
2.7866
2.8561
2.8962
2.8600
3.1085
2.8234
2.9749
2.8487
2.7541
2.7936
3.1288
2.7037
2.6666
2.5868
2.8732
2.7794
2.9051
2.8808
2.9191
2.7465
2.8162
2.7397
2.5301
2.9505
2.7841
2.7493
2.7486
2.7090
2.9940
2.8126
2.8520
2.8226
2.9830
2.7949
2.7214
2.8339
2.8659
3.1002
2.8126
3.0347
2.7336
2.6773
2.5782
2.7186
2.7559
3.0929
3.0043
2.8575
2.8878
3.0244
2.6950
2.7792
3.0111
2.5511
2.7599
2.7938
2.8767
2.7154
2.5602
2.9391
2.6279
2.7344
2.5883
2.7038
2.6211
2.5528
2.7478
2.7186
2.7690
2.6672
2.9138
2.7713
2.9419
2.6263
2.8339
2.4455
2.6580
2.6056
2.8249
2.9107
2.6439
2.6983
2.7902
2.6187
2.8201
2.8499
2.8788
2.6226
2.9428
2.8602
2.7037
2.6827
2.7339
2.8679
2.7065
2.8870
3.0268
2.9361
3.1075
2.9547
2.5432
2.7559
2.3998
2.6109
2.5975
2.6513
2.8007
2.8577
2.8486
2.9080
3.0204
2.9365
2.9207
2.9047
2.8825
2.6037
2.6777
2.5755
2.8256
2.6564
2.7405
2.5548
2.9758
2.6997
2.7370
2.7231
2.6527
2.7585
2.7891
2.6087
2.8061
2.9379
2.8334
2.5404
2.6327
2.8608
2.6367
2.9990
2.7920
2.7890
2.9316
2.9443
2.7400
2.5149
2.6577
2.5781
2.7127
2.6001
2.7294
2.8886
2.8427
2.6732
2.7384
2.7662
2.7948
2.6749
2.8172
2.9554
2.8944
2.7512
2.9588
2.9220
2.6870
2.7646
2.6586
2.5505
2.6515
2.6839
2.4983
2.5271
2.7724
2.6015
2.5708
2.7346
2.9270
2.6140
2.7866
2.8009
2.7549
2.9594
2.8306
2.8047
2.9384
2.8857
2.8050
2.9403
2.7892
2.5837
2.8683
2.8596
2.7376
2.7847
2.5974
2.9877
2.6966
2.6665
2.9009
2.5888
2.6821
3.0189
3.0758
2.7809
2.5946
2.8433
2.8344
2.5612
2.8403
3.0366
2.8620
2.9880
2.7518
2.8093
2.8303
2.9313
2.8738
2.9833
3.0314
2.9663
2.8288
2.9342
2.7914
2.9907
2.7614
2.8971
2.8949
3.0255
2.7664
3.0709
2.6351
2.6821
2.6885
2.5890
2.8331
2.7449
2.9913
2.8202
3.0918
2.5976
2.6897
2.6906
2.8153
2.5487
2.7413
2.6771
2.8177
2.9743
2.4970
2.8464
2.8627
2.8798
2.9724
2.8749
3.1127
3.1850
2.8816
2.6321
2.7803
2.6758
2.6653
2.8911
2.7680
2.8336
2.7928
2.7344
2.8896
2.7523
2.9143
2.9356
2.7684
2.7761
2.7754
2.7812
3.0281
2.9720
2.8166
2.6930
2.9285
2.8315
2.7275
2.6968
2.9049
2.8406
2.7726
2.5568
2.8287
3.0220
2.9012
3.1068
2.8432
2.7259
2.7637
2.6573
2.5887
2.8583
2.8483
2.8394
2.8879
2.8506
2.8798
2.4515
2.4187
2.8564
2.8874
2.7981
2.4345
2.6439
2.7583
2.5447
2.7335
2.9863
2.8014
2.8121
2.6778
2.7678
2.9740
2.7778
2.6184
2.6522
2.5267
2.6550
2.8383
2.6136
2.8968
2.5377
2.5709
2.3488
2.4977
2.6963
2.5520
2.6038
2.5239
2.3429
2.7231
2.6376
2.5901
2.6085
2.6725
2.7137
2.8149
2.3976
2.6367
2.6026
2.7873
2.7324
2.8285
2.6510
2.6881
2.6463
2.5872
2.7140
2.6634
2.6307
2.5554
2.8389
2.6593
2.4837
2.6463
2.5359
2.6928
2.7567
2.8121
2.8190
2.7654
2.6225
2.7214
2.7218
2.6743
2.8598
2.5397
2.6905
2.6404
2.7411
3.0384
2.9831
2.7330
2.6519
2.8746
3.0502
2.8952
2.5019
2.8480
2.8217
2.8385
2.6660
2.8783
2.7003
2.6091
2.7857
2.6786
2.5650
2.5261
2.7975
2.6201
2.7461
2.4658
2.7732
2.8266
2.3781
2.7372
2.5251
2.8145
2.6400
2.6286
2.6229
2.5040
2.4971
2.6021
2.5093
2.5567
2.6722
2.7845
2.7624
2.5945
2.6331
2.6420
2.7747
2.7431
2.7574
2.4609
2.3991
2.5745
2.4842
2.7602
2.8458
2.6270
2.5745
2.7847
2.6036
2.5991
2.7597
2.4581
2.5833
2.4959
2.3343
2.3789
2.4647
2.6695
2.8289
2.5601
2.3920
2.6369
2.6087
2.5590
2.3768
2.6878
2.6225
2.5863
2.7921
2.5470
2.5619
2.4501
2.4844
2.6061
2.8764
2.7012
2.6397
2.7026
2.8263
2.5699
2.7468
2.8219
2.5709
2.7332
2.6645
3.0988
2.4652
2.7502
2.5888
2.3069
2.7214
2.5997
2.5929
2.6108
3.1306
2.6853
2.9140
2.4504
2.8012
2.8855
2.8033
2.8230
2.8810
2.7447
2.7082
2.5277
2.6044
2.6776
2.9826
2.9578
2.7438
2.8193
2.8431
2.6395
2.8276
3.0294
3.1731
2.9425
2.7539
2.9856
2.8116
2.7634
2.8224
2.7426
2.8612
2.9814
3.0433
2.7410
3.1123
2.8804
2.9418
2.4335
2.7033
2.6632
2.4936
2.7803
2.6488
2.9641
3.1540
2.8858
3.0043
3.0544
2.9385
2.7848
2.8649
2.8476
3.0896
2.8319
3.0000
3.0694
2.9158
2.9873
2.6921
2.7788
2.9128
2.8297
2.7979
2.7269
2.9222
2.6885
2.4554
2.6342
2.7711
2.9327
2.9622
2.5944
2.7933
2.6915
2.9435
2.6291
2.8832
2.6594
2.7190
2.7374
2.9846
2.9130
2.6141
2.7403
2.7917
2.8154
2.6647
2.7864
2.3707
2.9491
2.6872
2.7986
2.8032
2.8205
2.7737
2.8544
2.7118
2.8192
2.6652
2.7644
2.7122
2.7630
2.9590
2.8549
2.9477
2.8313
2.8091
2.7348
2.7341
2.9899
3.0573
3.0933
2.9410
2.8173
2.7195
2.8275
2.8675
2.7170
2.7527
2.9567
2.8478
3.1503
2.8776
2.9352
2.7923
2.8554
3.1179
2.8887
2.7236
2.7013
2.7176
2.9983
2.8646
2.9334
2.6146
2.9440
3.0490
2.8272
2.8781
2.7265
2.7266
2.9065
2.6559
2.8016
2.6020
2.6907
2.3668
2.6935
2.8980
2.7295
2.8648
2.6185
2.5850
2.6947
2.5019
2.4128
2.6088
2.5099
2.6276
2.6623
2.6107
2.8889
2.6331
2.6965
2.8160
2.8726
2.6045
2.8043
2.6892
2.8940
2.7325
2.6799
2.6463
2.7815
2.7403
2.6473
2.9032
2.9606
2.9075
2.8982
2.8408
2.8272
2.6371
2.7734
2.7005
2.5786
2.8828
2.7619
2.7993
2.7416
3.1131
2.7283
2.9350
2.9377
2.8320
3.0688
2.9893
2.9500
2.9895
2.8065
2.9109
2.9339
3.0547
3.1332
3.0644
2.9608
3.1057
2.9967
3.2110
3.0592
3.4378
3.0328
2.8766
3.1335
2.7521
3.2571
2.9755
3.0806
2.9028
2.8286
2.9118
3.0393
2.7636
3.1084
2.9655
3.0558
2.9083
2.6355
3.1818
3.1959
2.7627
2.9278
2.8793
2.8706
2.6910
2.7007
2.7826
2.9040
2.7865
2.9821
2.7268
2.8244
2.6230
2.4941
2.6608
3.0505
2.7594
2.6801
2.5982
2.8703
2.7432
2.6509
2.5981
2.6521
2.6259
2.5844
2.6091
2.4949
2.5822
2.5711
2.7426
2.9021
2.5401
2.7081
2.5545
2.5334
2.6939
2.6616
2.7143
2.6995
2.5869
2.6801
2.6876
2.6635
2.5344
2.6005
2.8118
2.6361
2.3566
2.5535
2.6054
2.5952
2.7281
2.6973
2.6796
2.8822
2.8838
2.7956
2.4854
2.6483
2.6299
2.6923
2.7985
2.6822
2.9498
2.7299
2.9135
2.6750
2.6257
2.7338
2.6916
2.8824
2.8047
2.7792
2.7084
2.5901
2.5676
2.5899
2.8087
2.8331
2.7677
2.6251
2.7405
2.7134
2.6786
2.7243
2.7632
2.6157
2.8017
3.1270
2.7196
2.5575
2.7977
3.0000
3.0915
3.0132
2.9787
2.8154
2.9004
2.7890
2.9142
2.7904
2.9204
2.7312
2.7090
3.0253
2.6910
2.9288
2.5980
2.9905
2.6076
2.9206
2.7040
2.6173
2.7345
2.8197
2.6107
3.0769
2.6288
2.7843
2.8034
2.7855
2.6755
2.8455
2.3439
2.6981
2.8243
2.8855
2.8319
2.7259
2.6353
2.5770
2.7445
2.5645
2.7484
2.6307
2.6082
2.6978
2.7325
2.6901
2.7904
2.6454
2.7525
2.5477
2.6040
2.7730
2.5596
2.6183
2.5278
2.6435
2.7416
2.8994
2.8733
2.4985
2.6407
2.7573
2.8399
2.5972
2.6630
2.8903
2.8110
2.9303
2.7507
2.6791
2.7871
2.7965
2.8791
2.7037
2.8377
2.8562
2.8286
2.8469
2.6028
2.6736
2.7351
2.6578
2.8173
2.7439
2.5946
2.7091
2.4481
2.4534
2.4749
2.7611
2.5733
2.5826
2.5223
2.6525
2.6884
2.7562
2.6344
2.8373
2.9088
2.7795
3.0808
2.7738
2.7566
2.7557
2.9658
3.1403
2.9889
2.8699
2.9887
2.9421
2.5660
2.9282
2.7542
2.8271
2.7713
2.8118
2.6199
2.7512
2.4513
2.4326
2.5558
2.6178
2.5803
2.5887
2.4942
2.5670
2.8344
2.7032
3.0798
2.7503
3.0659
2.9062
2.7246
2.8024
2.8703
2.7829
2.7933
2.8760
2.8819
2.7077
2.7862
2.6534
2.8610
2.9143
2.9062
2.8917
2.5296
2.5056
2.7301
2.9078
2.9511
2.8016
2.8517
2.8038
2.8636
2.8954
2.9515
2.7085
2.7791
2.6932
2.8121
2.9466
2.9585
2.6689
2.7697
2.7759
2.7160
2.5021
2.3256
2.4977
2.8886
2.6536
2.6718
2.7298
2.6725
2.5957
2.7846
2.6484
2.9251
2.8127
2.4182
2.4662
2.4997
2.4925
2.7063
2.7433
2.4909
2.5258
2.7266
2.7965
2.8384
2.9713
2.8721
2.9293
2.7270
2.7936
3.0683
2.9680
2.9680
2.9080
2.7380
2.6101
2.6588
2.6399
2.5023
2.5273
2.4630
2.7495
2.6183
2.7173
2.8934
2.5859
2.4790
2.5973
2.6885
2.6878
2.6397
2.7418
2.5556
2.6003
2.8619
2.7294
2.5810
2.7571
2.7137
2.4117
2.6965
2.6974
2.6360
2.7718
2.6667
2.6769
2.5828
2.5765
2.6507
2.4914
2.8675
2.7938
2.6765
2.5903
2.5992
2.5938
2.7913
2.8121
2.7390
2.7400
2.9442
2.7646
2.6985
2.8630
2.7473
2.6512
2.8707
2.6342
2.6820
2.8989
2.7587
2.7273
2.6936
2.9884
2.9764
3.0179
2.8069
2.9401
2.8378
2.7605
2.6915
2.7556
3.0006
2.9697
2.8644
2.6858
2.8640
2.7775
2.9335
2.7489
2.5501
2.7559
2.7309
2.6587
2.7384
2.7600
2.9869
2.8579
3.0188
2.9224
2.6884
2.7937
2.9467
2.7283
2.6323
2.7535
2.3191
2.7891
2.8190
2.9489
3.1547
2.7232
2.7630
2.8982
2.9166
3.1303
3.0405
2.9974
2.9690
2.8479
2.8819
2.8525
3.0930
2.7481
2.6089
2.6469
2.4276
2.7872
2.8399
2.6616
2.5259
2.7545
2.5905
2.6263
2.4361
2.4493
2.6311
2.8012
2.5958
2.6039
2.5749
2.6942
2.8552
2.6274
2.7253
2.5965
2.9558
2.7375
2.7849
2.7595
2.7753
2.9313
2.7881
2.7344
2.8313
2.8298
2.7609
2.9545
2.7925
2.8218
2.6171
2.3967
2.6466
2.8232
2.6159
2.7555
2.8729
2.7571
2.8496
2.7492
2.7524
2.9572
2.8334
2.8974
2.7846
2.8812
2.8997
2.7978
2.5359
2.6690
3.0032
2.9281
2.6904
2.6588
2.5013
2.7886
2.7244
2.9214
2.9217
3.1158
2.7977
2.9544
2.9205
2.7543
2.6845
2.7926
2.6942
2.7583
3.0039
2.7513
2.9061
2.8349
2.7381
2.6392
2.7374
2.8112
2.6891
2.8712
2.5706
2.8077
2.8755
2.8935
2.8861
2.8555
2.8525
2.7728
2.6042
2.7219
2.8566
2.6842
2.5364
2.8228
2.6856
2.8205
2.5503
3.0603
2.8473
2.6906
2.8815
2.6558
2.6831
2.9258
2.5934
3.1576
3.0089
2.7917
2.9321
2.6992
2.7425
2.8854
2.6850
2.8441
2.6437
2.7223
2.5969
2.8753
2.7393
2.6539
2.7939
2.8269
3.0290
2.7939
2.7483
2.7493
3.1065
2.8536
2.7846
2.9370
2.9341
2.8673
2.9409
2.8413
2.8248
2.7854
2.8929
2.9070
2.6890
2.4603
2.7260
2.8634
2.6643
2.7850
2.4030
2.7839
2.5723
2.4250
2.6830
2.6974
2.5782
2.7205
2.8776
2.7363
