1.9706
1.9157
1.9321
1.8079
2.0903
2.0585
1.7435
1.7836
1.6118
1.8858
1.6205
1.8659
1.9615
2.0914
1.8422
1.7064
1.5064
1.6903
2.2066
2.1683
2.1757
1.9099
1.8621
1.9201
1.7433
1.7071
1.6862
1.5767
1.6405
1.5326
1.6218
1.7136
1.9063
1.7095
1.8287
1.9121
2.1462
2.0187
2.1663
1.9454
1.8677
1.5414
1.9299
1.4649
1.9570
1.7004
1.9029
2.0407
1.9202
2.1815
1.7271
1.9649
1.9843
1.8593
1.6704
1.6258
1.9373
2.0326
2.0000
1.7177
1.8755
1.9134
1.8202
1.7958
1.5835
1.7014
1.7751
1.6870
1.7728
1.7472
1.8012
1.5885
1.5987
1.4501
1.7138
1.9849
1.7416
1.8504
1.9250
2.0467
1.7779
1.9050
2.0642
2.0817
2.1032
1.8169
1.5647
2.2419
2.1182
2.1033
2.1864
2.0586
1.9668
1.9308
1.9404
2.0075
2.1949
2.0969
2.2164
2.2721
2.1272
2.2079
1.9276
2.5413
2.3118
2.0540
1.7988
1.7064
1.5817
2.1206
1.7614
1.8655
1.9282
1.7495
1.7979
1.4926
2.5848
2.3899
2.3040
1.7371
2.2904
2.7430
2.0110
1.9467
2.2754
2.1671
2.3323
2.3104
2.1180
1.8769
2.3862
2.1469
2.3033
1.9033
2.1826
2.4441
2.3524
2.5923
2.4541
2.5569
2.5566
2.7875
2.6424
2.6197
2.4447
1.9250
2.3294
2.4692
2.6849
2.1881
2.6119
2.7112
2.8223
2.6512
2.5386
2.6512
2.2785
2.2159
2.4713
2.2317
2.0772
2.5969
2.2247
2.4185
2.4656
2.0993
2.5482
2.2483
2.2635
2.4930
2.2456
2.4647
2.3020
2.1200
2.4397
2.5782
2.5003
2.2244
2.8038
2.5101
2.4899
2.4425
2.6395
2.1696
2.0494
2.3442
2.4549
2.4381
2.4125
2.7907
2.2590
2.4495
2.2358
2.4646
2.4292
2.4799
2.2541
2.6203
2.2410
2.4058
2.3053
2.7113
2.3961
2.5114
2.2716
2.2616
2.3549
2.7145
2.8034
2.7065
2.1299
2.7195
2.3655
2.4301
2.3869
2.2803
2.4132
2.1971
2.2030
2.5870
2.1492
1.8885
2.0795
1.8930
2.3430
2.4157
2.3166
2.5564
2.2403
2.0489
2.1243
2.1157
2.2665
2.1650
2.3526
2.4013
2.1565
2.1299
2.0113
1.9933
2.0837
1.8163
2.0287
1.8696
2.0753
2.3620
2.4115
2.4212
2.0277
2.1819
2.6823
2.5484
2.2310
2.1375
2.1802
2.3524
2.3778
2.4641
2.4210
2.3259
2.2771
2.7224
2.4693
2.6246
2.3723
2.5693
2.4695
2.0603
2.5041
2.3962
2.4972
2.2502
2.2910
2.2387
2.1278
2.4517
2.2218
2.2154
2.5507
2.4917
2.2980
2.4315
2.3493
1.9267
2.3364
2.4951
2.0771
2.1771
2.1479
2.3081
1.9820
2.4123
2.5879
1.8317
2.4978
2.3361
1.9319
2.2474
2.8837
2.7016
3.1674
3.2440
2.7549
2.5017
2.6102
2.7084
2.6914
2.3044
2.6414
2.7276
2.7132
2.3120
2.3478
2.4995
2.1505
2.2773
2.3274
2.3229
2.1044
2.3671
2.5559
2.1271
2.3108
2.2964
1.9820
1.9790
2.7615
2.4790
2.5203
2.7778
2.5846
2.7812
2.5659
2.4094
2.4377
2.5379
2.6698
2.6111
2.6912
2.4324
3.1247
2.2147
2.9543
2.7237
2.8998
2.5233
2.7536
2.7902
2.6270
2.3454
2.5967
2.6299
2.1612
2.4953
2.4438
2.4257
2.3130
2.6865
2.6495
2.4884
2.5704
2.4017
2.2074
2.0808
2.3060
2.1784
2.4487
2.4932
2.5805
2.2681
2.1568
2.1353
2.0464
2.1439
2.2213
2.0999
1.8162
2.1983
2.2077
2.2898
2.3227
2.4684
2.3707
2.4611
2.4788
2.3408
2.1921
2.2610
2.8170
2.4689
2.4845
2.2924
2.2286
2.6098
2.7615
2.6753
2.2405
2.6329
2.5859
2.4535
2.6600
2.4761
2.5245
2.2492
2.4052
2.4559
2.3932
2.5466
2.4349
2.6510
2.5691
2.6260
2.7010
2.2273
2.4904
2.2528
2.2632
2.2432
2.1799
2.3378
2.2237
2.2270
2.4213
2.1829
2.2935
2.1455
1.7291
2.1544
2.5582
2.2511
2.2442
2.4232
2.4014
2.4802
2.3557
2.6583
2.2781
1.9607
2.0563
2.2218
2.3040
2.2902
2.9469
2.5771
2.8395
2.7008
2.3840
2.5935
2.8330
2.6427
2.5474
2.3546
2.5867
2.7827
2.3754
2.6453
2.5456
2.8668
2.7452
2.4110
2.9733
2.5607
2.6981
3.2319
2.9004
2.3236
2.9010
2.3920
2.4951
2.7482
2.7942
2.8323
2.5161
2.5190
3.1202
2.8189
3.2560
2.8387
2.6890
2.9961
3.0323
2.9878
2.5969
2.7972
2.5482
2.8981
3.0013
2.7477
3.1657
3.2156
2.7430
2.6591
3.2224
2.6535
2.7670
2.4671
2.3443
2.9825
2.4616
2.7786
2.8014
2.3396
2.3945
2.2792
2.5495
2.3932
2.6149
2.5381
2.4738
2.6565
2.8513
2.7052
2.3925
2.2303
2.6343
2.4690
2.7418
2.0501
2.3459
2.6061
2.3705
2.3305
2.5345
2.4497
2.5580
2.6935
2.4751
2.6343
2.1934
2.2100
2.4080
2.4183
2.6836
3.0764
3.1925
3.0844
2.8359
2.6185
2.5920
2.8782
2.4705
2.4575
2.2926
2.2437
2.5545
2.4976
2.7371
2.6674
2.2275
2.0380
2.6639
2.4722
2.2737
2.0798
2.3723
2.7227
2.7275
2.4380
2.7135
2.5734
2.7129
2.1993
2.0708
2.5354
1.9889
1.9159
1.8045
2.1281
1.9103
2.1429
2.3270
2.0934
2.3770
2.2862
1.8029
1.8833
2.1744
2.2813
1.9601
2.1709
2.4039
2.2613
2.0621
2.1006
2.3151
2.3637
2.2346
2.6596
2.6404
2.8334
2.4991
2.8562
2.1071
2.1994
2.3146
1.9058
2.0387
2.0347
2.5976
2.1614
2.4826
2.2512
2.7482
2.4277
2.2669
2.4498
2.1846
2.3199
2.5613
2.5297
2.0565
2.1140
2.2977
2.1447
2.2394
2.1608
2.5675
2.2532
2.3316
2.0197
2.2356
2.3529
2.1981
2.4877
2.6962
2.6938
2.4781
2.3543
2.3861
2.6632
2.2496
2.1973
2.4809
2.1674
2.5606
2.0506
1.9661
2.3187
2.7695
2.5482
2.7894
2.6883
2.6011
2.6568
2.4642
2.5246
3.1093
2.6119
2.0270
2.0523
2.0489
2.4633
1.9988
2.1916
2.5360
2.3152
2.7644
2.4397
2.2125
2.1612
2.2742
2.1385
2.4415
2.4558
2.3219
2.6868
2.6415
2.4986
2.5128
2.6124
2.8268
2.6781
2.1293
2.5657
2.7557
2.7011
2.4617
2.5668
2.2971
2.6245
2.4725
2.4088
2.1732
2.1614
2.2503
2.1115
2.3324
2.4005
2.7227
3.0603
2.8424
2.8228
2.5748
2.8605
2.5325
3.1919
2.7898
2.9012
2.8339
2.4516
2.7778
2.5060
2.8653
2.7373
2.5528
2.6363
2.7684
2.7361
2.6285
3.0735
2.4932
2.5703
2.4153
2.6979
2.5648
2.4644
2.5060
2.6602
2.6779
2.1919
2.2001
2.2569
2.0698
2.2931
2.2544
2.3142
2.1614
2.1267
2.3727
2.4384
2.6359
3.0960
2.5081
2.3837
2.4160
2.6190
2.7683
2.6069
2.6886
2.4703
2.7519
2.8478
2.3999
2.5987
2.2527
2.3943
2.4200
2.8738
2.9218
2.8591
2.8220
2.7806
2.8316
2.5470
2.8413
2.5956
2.3644
2.5984
2.2502
2.4332
2.8065
2.5634
2.4394
2.6025
2.2869
2.6526
2.6367
2.6447
2.8516
2.5896
2.1923
2.4821
2.4730
2.5610
2.2606
2.5452
2.6893
2.8615
2.6672
2.9922
3.2881
2.8625
3.0574
3.4094
3.3666
3.3291
3.1059
3.2301
2.7463
2.9153
2.5911
2.7932
2.6670
3.0028
2.7000
2.8167
2.6439
2.8697
3.0260
2.8672
2.9002
2.8926
2.7212
2.4897
2.4564
2.4724
3.0579
2.8337
2.6314
3.1938
3.0873
2.7720
3.0264
2.9174
3.3980
3.2212
2.6330
3.0571
3.0634
2.9728
2.8350
2.9959
2.9463
2.8767
3.1380
3.1651
2.9061
2.3770
2.8377
3.0896
2.9154
3.0433
3.2868
3.0315
2.5552
2.6678
2.6399
2.7414
2.5827
3.0852
2.8355
3.0695
3.4558
3.1870
3.1527
3.1713
3.3084
3.2802
2.8211
3.0327
3.0680
3.2037
2.9612
3.1808
2.9020
2.6509
2.7602
3.0387
2.7644
2.9180
3.1689
2.9361
2.8845
2.9610
2.7673
3.0055
3.1234
2.8564
3.2549
3.0065
3.2306
3.4502
2.9597
3.0770
3.2908
3.3195
3.0253
3.4714
3.3128
2.8931
3.7897
3.3454
3.1420
2.9102
3.0592
3.3163
3.3999
3.2289
2.8652
3.0109
2.4937
2.9785
2.8381
2.6860
2.6961
2.7792
2.6280
2.8578
3.1823
2.9890
3.0981
3.4354
3.4437
2.6354
2.7029
2.9531
3.1726
3.0902
2.8737
2.9138
3.3314
2.8695
2.8467
3.1186
2.7962
2.9990
3.1349
2.8502
2.9113
2.3536
2.6172
3.4460
2.9710
2.5585
2.6110
3.0133
2.6719
3.0012
3.3300
3.4477
3.2361
3.0975
3.1658
2.7841
3.3657
2.8260
3.0792
2.9077
2.8564
3.4242
3.3418
3.1290
2.8980
3.0550
2.9736
3.1884
3.4165
3.2752
3.0597
3.2669
3.0773
2.8227
2.8078
3.0049
3.2055
3.0527
3.0469
3.2968
2.8841
2.9956
2.8615
3.2356
3.1019
3.2254
3.0546
3.0581
3.0101
3.1059
3.1423
2.8903
3.0388
2.8300
3.1846
2.9093
3.3459
2.8215
3.4674
3.0660
3.2191
3.3662
3.5782
3.4446
3.2068
3.7771
3.4397
3.1324
2.9236
3.2814
2.9710
3.1365
3.0367
3.0246
2.7166
3.4167
3.2017
3.3121
3.3920
3.2216
3.1857
3.5415
3.2101
3.3462
2.8766
3.1816
3.0474
3.3740
2.8227
2.8885
2.5625
3.0143
2.6505
2.9334
2.6065
3.0370
2.8197
2.0690
2.4343
2.4767
2.8294
2.8723
3.2450
2.9546
2.5192
3.2204
3.1212
2.7796
2.8931
2.7599
2.8925
2.6710
3.0951
1.9434
2.6078
2.6694
2.7880
2.7491
2.8387
2.3763
2.8991
2.8147
2.6980
2.8415
2.5648
2.7371
2.6958
2.3271
3.0471
2.6795
3.0271
2.9855
2.6209
2.7843
2.5029
2.7096
2.5169
2.8647
2.7647
2.5778
2.9101
3.0351
2.9846
3.0364
2.9696
3.2276
2.9639
2.9805
3.0483
3.0980
2.8480
2.5825
2.5343
2.3721
2.8107
2.3256
2.4717
2.2543
2.5753
2.3073
2.2733
2.5276
2.0632
2.0137
1.9709
2.0313
2.3265
2.7034
2.2896
1.8535
2.3814
2.1398
2.0150
2.1555
2.5245
2.4815
2.7158
2.4997
2.6822
3.0327
2.9421
2.8796
2.9191
2.2458
2.4388
2.2080
2.7416
2.5707
2.5092
2.3139
2.4023
3.1725
2.8796
2.7368
2.1440
2.1798
2.4283
2.7677
2.6777
2.2237
2.4006
2.7746
2.6849
2.7419
2.9883
2.6231
2.6800
2.5088
3.0114
2.5439
2.5622
2.2724
2.3230
2.2265
2.3604
2.1257
1.7469
2.3490
2.3642
2.3934
2.6048
2.2342
2.2529
2.2176
2.4490
2.7174
2.3940
2.2472
2.5134
2.6171
2.6159
2.2293
2.4743
1.9650
2.3468
2.3687
2.4898
2.3934
2.4288
2.3375
2.5772
2.2258
2.7077
2.7419
3.1825
2.2807
2.3822
2.5129
2.4504
2.5607
1.9819
2.4765
2.6070
2.7025
2.5351
2.7240
2.4890
2.2455
2.4377
2.6478
2.5399
2.5584
2.6050
2.8285
3.3576
3.3372
3.0607
3.1406
3.0091
3.1091
2.7882
2.5568
2.6030
2.8611
2.8174
2.7234
2.4711
2.4235
2.5353
2.6910
2.5636
2.4130
2.6449
2.7759
2.3836
2.4214
2.3578
2.3528
2.3812
2.5967
2.9902
2.6832
2.4041
2.5001
2.2015
2.0041
1.9705
2.1418
2.1819
2.2228
1.9285
2.1759
1.8131
2.0176
2.0615
2.3526
2.2659
2.7795
2.4987
2.5784
2.5540
2.2122
2.8414
2.3786
2.5923
2.1187
2.0755
2.1687
2.3611
2.3335
2.1003
2.3591
2.5557
2.5955
2.6842
2.5257
2.2634
2.4669
2.3489
2.5876
2.5798
2.1779
2.1331
2.2002
2.2785
2.0873
2.6404
2.2766
2.0562
2.4160
2.5394
2.4795
1.9476
2.3192
2.3244
2.3026
2.3114
2.2340
2.9635
2.3459
1.9594
2.5003
2.4804
2.0752
2.2792
2.6143
2.8521
2.9100
3.0187
2.6164
2.9990
2.7074
2.6059
2.7592
2.9373
3.2112
3.0385
2.7559
2.8821
2.6689
2.6107
2.4243
3.0062
2.8922
2.7677
2.7703
2.0799
2.6727
2.6370
2.3422
2.2189
2.0989
2.4052
2.3845
2.4729
2.5372
2.8999
2.3952
2.7268
2.7425
2.8562
2.5683
2.8963
2.7365
2.7934
2.3586
2.4770
2.5659
2.2194
2.5535
2.1693
2.4369
2.3618
2.9221
2.2716
2.3442
2.7323
2.3517
2.7442
2.2342
2.5196
2.3141
2.4657
2.8162
2.5263
2.6132
2.5230
2.7115
2.2639
1.9857
1.8551
2.1349
2.0965
2.0543
2.2893
2.3515
2.0654
2.4786
2.5515
2.2393
2.5504
2.4355
1.9608
2.1635
2.3595
2.8770
2.3327
2.7946
2.4685
2.5139
2.4799
2.2907
2.3000
2.5142
2.4572
2.4757
2.7059
2.9673
2.7703
2.5867
2.0735
2.2227
2.3474
2.3338
2.2697
2.4271
2.4086
2.4057
2.0502
2.4471
2.1795
2.2836
2.4909
2.3961
2.2022
2.2258
2.5298
2.4749
2.5743
2.4558
2.2496
2.6996
2.7096
2.5618
2.8704
2.2739
2.2656
2.6169
2.4752
2.2717
2.3932
2.1879
2.1536
2.4333
2.6255
2.6504
2.3440
2.6508
2.2177
2.3859
2.4089
2.2744
2.2795
2.0608
2.1580
2.2808
2.2159
2.1808
2.0993
2.0802
2.0239
2.4419
2.7844
2.3024
2.2026
2.4178
2.1957
2.2516
2.3152
2.1871
2.4653
2.1265
1.9309
2.2173
2.2593
2.1571
2.0807
2.0576
2.3375
2.1962
2.0857
1.8360
1.9591
1.6662
1.9019
2.1623
2.0365
1.8965
2.1794
2.0767
1.9306
1.9615
2.5549
2.3161
2.0903
2.2800
2.0762
2.1663
2.4248
2.3260
2.2849
2.2945
2.3542
2.4870
2.5364
2.3638
2.0628
1.9518
2.2693
2.0424
2.0712
2.1892
2.7309
2.1845
2.2917
2.1597
2.3607
2.1051
2.5200
2.2441
1.9282
1.9934
1.8138
1.9265
2.0774
2.1510
2.1551
1.8082
1.8409
1.9277
2.1362
2.1089
2.3609
1.9578
2.5508
2.4080
1.9700
2.0819
2.5121
2.4110
2.5793
2.1506
2.3229
2.1592
2.0245
1.9746
2.0440
2.0361
2.3603
2.1794
2.2922
2.3912
2.4045
2.1200
2.0842
2.1508
1.8855
1.6552
2.0383
1.9167
2.0455
1.9567
2.1398
2.3302
2.2311
2.0146
2.2185
2.1992
2.4420
2.2214
2.5165
2.6505
2.3343
2.1837
2.3924
2.0329
2.0748
2.0924
2.3384
2.3707
2.1213
2.0769
2.3200
2.4124
2.0606
2.1756
2.1504
1.8318
2.1476
1.4457
1.9031
2.0404
2.1837
2.1070
2.0786
1.9518
2.1554
2.1070
1.7062
2.0937
1.8037
1.8349
1.6223
1.9026
1.8849
2.3568
2.1963
2.1976
1.9078
2.1496
1.6579
1.9866
2.0310
2.3299
1.9839
2.0174
2.0044
1.7757
1.8498
1.9023
2.0661
2.1586
2.2250
2.3923
2.3691
1.9426
1.7511
2.0008
1.9725
2.0787
1.9256
1.8366
1.9950
1.8261
2.0954
2.1855
1.8122
1.8526
2.0887
1.9325
2.1550
2.0022
2.2001
1.8780
2.0356
1.8132
1.8739
2.1081
2.3999
1.9511
2.1204
2.4151
2.0914
2.2045
1.9818
2.0651
2.1526
2.3236
2.0634
1.9761
2.2865
1.7420
1.9970
2.1873
1.7501
2.0315
1.6800
1.7858
2.0531
1.9701
1.7904
2.2269
1.9930
1.9533
2.0889
1.9498
2.2368
2.0900
2.6931
2.8267
2.3293
2.0760
2.6211
2.4098
2.3114
2.7357
2.3807
2.2407
2.1538
2.4031
2.3938
2.3141
2.6044
2.7986
2.0083
2.5284
2.3923
2.1455
1.8130
2.3050
2.4830
2.3905
2.3892
2.1656
2.3647
2.4905
1.9121
2.1295
1.7660
2.2452
2.1242
2.3359
2.1052
2.1770
1.9912
2.0351
1.8801
1.8472
1.9630
2.0012
2.0948
1.9549
1.3877
1.9051
1.8561
2.0631
2.1651
2.4464
1.8681
2.0384
2.2265
2.0287
2.2342
2.0365
1.8978
1.7071
1.8783
1.7441
1.6691
2.0768
1.6304
1.6876
1.5560
1.8007
1.9642
1.8262
1.8736
1.7772
1.7754
1.8056
2.0290
1.7559
1.9050
2.2120
1.9651
1.7726
2.3113
1.8872
2.2841
2.1460
2.1473
2.0710
2.2364
1.8543
2.1270
2.3412
2.4338
2.0194
2.5304
2.5398
2.3585
2.6666
2.5803
2.6536
2.4166
2.4281
2.3494
2.1428
2.1949
1.9450
2.2560
2.3487
2.4702
2.4683
2.4880
2.5810
2.5787
2.7480
2.8080
2.4059
2.7598
2.6117
2.5375
2.0630
2.2110
2.3930
2.1826
2.2090
2.6681
2.3830
2.6253
2.0971
2.3249
2.5418
2.3757
1.9649
2.0255
2.3632
2.2921
2.1386
2.3176
2.5482
2.3350
2.0521
2.0561
2.6908
2.3306
2.0930
2.3980
2.3165
2.1931
2.1038
1.7161
2.5386
2.1952
1.7662
2.1421
1.8144
2.4812
2.4119
2.1155
2.0617
2.2337
2.2750
2.1444
1.9434
2.3779
2.2679
2.1285
1.8056
1.8289
2.0261
2.1463
2.1548
2.1958
1.9688
2.2327
2.1620
1.8236
1.8225
2.0897
2.1390
2.1499
1.9272
2.0616
2.3290
2.0535
2.3435
2.2633
1.6836
1.9130
1.7794
2.2902
2.4865
2.0459
1.9442
1.9570
2.0018
2.2524
2.1995
2.2910
2.4829
1.9158
2.4391
2.3118
2.3538
2.5448
2.2491
2.3284
2.7576
2.4079
2.4934
2.6099
2.3863
2.5107
2.4180
2.1442
2.1484
2.4710
2.3574
2.3811
2.3320
2.1803
2.5485
2.4152
2.4802
2.3541
2.1998
2.1981
2.9164
2.2885
2.2795
2.3538
2.4945
2.5597
2.2793
2.7348
2.4914
2.6608
2.5475
2.8609
2.9077
2.4092
2.7817
2.6578
2.7370
2.5935
2.7035
3.1253
3.0166
2.3369
2.3067
2.3549
2.3057
2.6041
2.7778
2.4956
2.4702
2.4163
2.1895
2.2966
2.5496
2.6144
2.3721
2.4248
2.4008
2.6724
2.7636
2.6127
2.7160
2.8329
2.4387
2.5195
2.2613
2.2828
2.3737
2.7433
2.4896
2.2607
2.4525
2.3753
2.3849
2.2868
2.7731
2.6243
2.7156
2.7396
2.4910
2.7391
2.6742
2.4692
2.5263
2.6034
2.5192
2.8072
2.5809
2.5744
2.4470
2.7053
2.6859
2.2641
2.1310
2.2899
2.1580
2.2018
1.8978
2.4972
2.0677
2.1139
2.1742
2.2406
2.3146
2.4002
2.2011
2.4399
2.3404
2.2169
2.3298
2.3024
2.0914
2.1257
2.3487
2.4831
2.2109
2.2607
2.1928
2.1505
2.5219
2.5033
2.2662
2.1590
2.4821
2.7303
2.6291
2.4165
2.9740
2.2834
2.6605
2.8344
2.5975
2.4699
2.6388
2.7268
3.0495
2.6424
2.5594
2.1989
2.3619
2.1789
2.5091
2.3446
2.1837
2.3889
2.3412
2.3777
2.2529
2.0701
2.1999
2.0245
2.0128
2.1649
2.0281
2.4930
2.2152
2.6133
2.2887
2.3723
2.2848
2.0645
2.1041
1.8067
2.2934
2.4317
2.2228
2.1226
1.7650
2.2903
2.1551
2.0960
2.1459
2.4049
2.1985
2.2488
2.0448
1.8447
2.2041
2.1473
1.9885
2.0768
2.2209
2.3201
2.2584
1.9707
2.0890
2.1614
1.7490
2.2068
2.0995
1.8075
2.4069
2.1552
2.2430
2.3894
2.2186
2.5286
2.5064
2.4663
2.3070
2.5001
2.3809
2.8014
2.2699
2.1961
2.0391
2.4478
1.9089
2.2113
2.5568
2.3043
2.3852
1.7051
2.3967
2.4418
2.1320
2.3049
2.1278
1.9535
1.7296
2.4346
2.3744
2.2318
2.1782
1.9844
1.6561
2.0072
1.8941
1.8421
2.0129
2.4558
2.5253
2.6378
2.5832
2.4840
2.0589
2.3237
2.3535
2.6254
2.5649
2.4945
2.4737
2.5070
2.3553
2.8302
2.6584
2.2999
2.3664
2.4369
2.5385
2.0987
2.3684
2.6813
2.6110
2.8102
2.3363
2.1839
2.8435
2.5488
2.5968
2.6878
2.4246
2.4388
2.3600
2.7479
2.4990
2.7024
2.4039
2.5082
2.7868
2.8332
3.0354
3.4310
3.2433
3.1932
2.8262
2.6178
1.7025
2.7155
2.4958
2.8999
2.5759
2.6992
2.2983
2.7224
3.0286
2.6684
2.5558
2.6231
2.8260
2.3175
2.6590
2.3045
2.8225
2.3337
2.3190
2.2348
2.4873
2.4680
1.7339
2.4758
2.2670
2.3005
2.1698
2.2038
2.5961
1.9793
2.5115
2.5561
2.8185
2.1721
2.2612
2.4412
2.5164
2.5623
2.3193
2.5171
2.4042
2.3918
3.0019
3.0419
2.6973
2.5985
2.7635
2.7902
2.4190
3.1286
2.7360
2.7234
2.6006
2.8323
2.5228
2.5665
2.5496
2.7426
2.8638
2.9877
2.6190
2.5132
2.2234
2.1607
2.2349
2.3162
2.4885
2.3574
2.5413
2.6123
2.0909
2.4197
2.4151
2.7676
2.5045
2.4824
2.2211
2.5439
2.7990
2.3476
2.2978
2.2588
2.5367
2.3568
2.0293
2.2996
2.3310
2.2793
2.3069
2.6310
2.1309
2.7223
2.7414
2.8456
2.8309
2.6035
2.7381
3.1837
2.4695
2.6178
2.2826
2.3563
2.1715
2.5880
2.2842
2.3774
1.8759
1.9156
2.0793
1.8317
1.9581
1.9536
2.2292
2.0775
1.8417
1.9849
1.6989
2.1561
2.0801
2.2095
1.9050
2.1528
1.9992
1.8964
1.9587
2.0759
2.1409
1.8950
2.0915
1.9215
1.7880
2.1535
2.1280
2.1654
1.8919
1.9977
1.9291
2.1599
1.8053
1.9180
1.9645
2.3872
2.1346
2.1779
2.0374
2.0216
2.0396
1.8926
1.9352
1.7830
2.0897
1.9820
2.1616
2.1878
2.0375
2.2108
2.3460
2.2649
2.2400
2.1968
2.0202
2.1977
2.2786
1.8462
2.2022
2.1923
2.1474
1.9214
1.8786
2.0249
1.9737
1.8981
2.2740
2.1632
2.0957
2.5597
2.3560
1.8245
2.2045
2.7759
2.4719
2.4001
2.3261
2.2982
2.1193
2.1616
2.4079
1.9659
1.8318
2.4674
2.2549
2.3914
2.1788
1.9347
2.2437
2.4242
2.4244
2.1558
2.4144
2.4651
2.1731
2.1882
2.2464
2.2894
2.4805
2.2091
2.2445
2.4472
1.8464
2.0661
1.8717
1.9776
1.7710
1.9491
2.0862
2.3620
2.2726
2.1156
1.9655
1.9023
1.9325
1.8874
2.1520
2.1768
2.2084
2.1993
2.1554
2.1299
2.0267
1.8253
2.1594
2.0906
2.3532
2.5015
2.1430
2.1838
2.2148
1.9887
1.8885
1.8835
1.7148
2.0423
2.0897
2.1082
2.2892
2.1545
2.1975
2.4128
1.9016
2.1621
1.8979
1.8862
1.5408
2.0634
2.0693
1.9981
2.1033
2.0487
1.9761
1.8254
2.2532
2.0777
2.0665
2.1454
1.9606
1.9864
2.4620
2.2037
2.0902
2.4375
2.0783
2.0430
2.3408
2.3759
2.1930
2.1097
2.5886
2.2763
2.4123
2.4777
2.4018
2.3130
2.4250
2.0212
2.4780
2.4267
2.1337
2.1164
2.0001
1.9677
2.2180
2.4439
2.2479
2.5936
2.2164
2.4351
1.9238
2.0309
2.1304
2.9450
2.5669
2.5162
2.5600
2.6230
2.0503
2.2952
2.2149
2.2720
2.3132
2.7280
2.5440
2.5223
2.3904
2.3591
2.1562
2.1697
2.5450
2.5483
2.3378
2.5078
2.4190
1.9924
2.0115
2.1344
1.9767
2.6285
2.2174
2.2491
2.6875
2.4201
2.3052
2.4187
2.3040
2.0367
2.5549
2.6814
1.9717
2.2974
2.1310
2.5106
2.1852
2.2230
2.4580
2.1295
2.7870
2.0983
2.0714
2.1523
1.9738
2.2939
2.4581
2.0815
2.4612
2.1719
2.3968
2.1283
2.1119
2.4538
2.3210
2.5349
2.8699
2.5382
2.5245
2.3178
2.9372
2.3735
2.2381
2.1677
2.2292
2.2822
2.0496
2.5448
2.1905
2.0115
2.1218
2.0907
1.9063
2.0613
1.6169
1.8778
2.0365
1.9753
2.0353
2.2692
2.2465
2.4678
2.5322
2.3636
2.3433
2.3151
2.5426
2.3720
2.2232
2.5190
2.3514
2.2890
2.2396
1.8740
1.9421
2.4439
2.4305
2.2451
2.4576
2.3892
2.1374
2.1383
2.0859
1.6781
2.1973
2.6511
2.3251
2.5858
2.4526
2.2537
2.0700
2.0446
2.5865
2.1659
2.2444
2.0979
2.0987
2.2465
2.0095
1.9472
2.3949
2.3316
2.2867
2.3965
2.6294
2.4116
2.4241
2.4634
2.1957
2.5190
2.4278
2.3975
1.9726
2.6818
2.2540
2.0997
1.7233
2.0510
2.1854
2.2244
2.3140
1.7732
2.1481
2.4252
2.4150
2.1936
2.4316
2.1428
2.1405
2.2588
2.0389
2.5552
2.5118
1.9522
2.3018
2.4159
2.5640
2.6812
2.6698
2.5617
2.4046
2.2716
1.8205
1.7546
2.2111
2.3141
2.1023
1.9853
1.7450
2.0011
2.6265
2.3748
1.9963
2.1810
2.0450
2.1853
2.0167
2.2505
2.0716
1.9909
2.0469
2.0515
2.0599
2.1051
2.3997
2.7573
2.1854
2.2808
2.2814
2.6214
2.1332
1.9773
1.9546
2.0665
2.3985
2.4363
2.5152
2.2400
2.5851
2.0806
2.2836
2.0310
2.1212
2.2425
2.2573
2.3432
2.2011
2.0772
2.3304
2.1868
2.1832
2.1647
2.2706
2.1891
1.8299
2.3275
2.0913
2.0015
2.3722
2.2697
2.3502
2.6562
2.2791
2.3151
2.2173
2.3306
2.3561
2.2433
2.1021
2.1962
1.8525
1.9224
2.2983
2.1587
2.4504
2.1117
2.2430
2.2993
2.1792
1.8785
2.2658
1.9893
2.0235
2.0252
2.2945
2.3741
2.4827
2.3808
2.3538
2.3661
2.4462
1.9881
1.8991
2.4864
2.7768
2.4287
2.3632
2.3668
2.6181
2.1813
2.4262
2.5536
2.0721
2.4738
2.4508
2.4819
1.9736
1.9533
2.2936
2.2381
2.2979
2.1292
1.8367
2.9036
2.7971
2.3265
2.3062
2.6360
2.4739
2.7733
2.5856
2.7388
2.5860
2.1304
2.5262
2.4110
2.3573
2.1332
2.2324
1.8580
1.7202
1.9643
1.6159
2.2233
2.2789
2.5091
2.2094
2.2655
2.1758
2.2249
1.9979
2.1321
2.1849
2.3635
2.3688
2.6453
2.7363
2.7337
2.4709
2.9006
2.6655
2.6829
2.3929
2.7944
2.1992
2.4302
2.2286
2.4482
2.4777
2.2247
2.7383
3.0228
3.3174
2.9122
3.2986
2.8349
2.5079
2.1732
3.4247
3.0575
2.5902
2.5040
2.3651
2.5760
2.5226
2.4160
2.0258
2.1403
2.3311
2.4314
2.4396
2.1790
2.1205
2.2100
2.5679
2.6190
2.4739
2.4674
2.5606
2.7474
2.6990
2.6596
2.3281
2.2420
2.5821
2.2537
2.4511
2.6158
2.5920
2.2223
2.3446
2.2546
2.6018
2.2388
2.7050
1.9851
2.0897
2.4450
2.4224
2.4260
2.1435
2.1014
1.8343
1.8781
2.4052
2.0958
2.0972
1.8836
2.5106
2.1700
2.5207
2.1598
2.4551
2.3591
2.1270
2.1647
2.4985
2.5651
2.8352
2.6873
2.6576
2.6590
3.1678
3.0919
3.1268
2.5195
2.5877
2.2794
2.1708
1.9737
1.8322
2.4024
2.5601
2.4278
2.4830
2.4040
2.3519
2.7070
2.7153
2.4965
2.0123
2.2063
2.2232
2.0758
2.3746
2.0376
2.0041
2.3351
2.6193
2.5091
2.7080
2.8282
2.6201
2.5357
2.3412
2.4401
2.5836
2.1544
2.1557
2.0050
2.6381
2.5182
2.2676
2.4502
2.2096
2.0465
1.9643
2.1545
2.0669
2.4327
2.8463
2.2758
2.6182
2.5667
2.7010
2.8798
2.9841
2.4612
2.6634
2.5610
2.3256
2.5457
2.6656
2.6336
1.9370
2.2822
2.3046
2.7436
2.4775
2.6354
2.4245
2.7023
2.6389
2.3411
2.2919
2.4466
1.9989
2.6077
2.5187
2.7243
2.6268
2.5033
2.8425
2.8888
2.2523
2.7921
3.0229
3.0847
2.7762
2.8576
2.7874
2.3851
2.3829
2.3848
2.3837
2.1753
2.7123
2.7661
2.5085
2.0371
2.5245
2.1035
2.2833
2.0136
2.1711
2.1240
1.8648
1.8411
2.0726
2.2621
2.2959
2.3199
2.3670
2.0739
2.1799
1.7381
2.1408
2.2190
2.0517
1.7794
2.2101
2.3251
2.3985
2.3265
2.4500
2.3592
2.1983
2.2162
1.7051
2.0939
2.3695
2.1269
2.3576
2.5223
2.3612
2.1856
2.3702
2.2759
2.3882
2.1579
2.0992
2.2166
2.3503
2.3295
2.3493
2.1278
2.5039
2.6984
2.4227
2.0365
2.0441
1.9711
1.9565
2.0617
2.4242
1.8480
1.8638
2.0116
2.2114
1.8028
1.9965
2.4235
2.4528
2.8261
2.3275
2.0935
2.7857
2.6217
2.1701
2.6503
1.6777
2.4061
2.5764
2.4575
2.2328
2.2977
2.5509
2.3111
2.6155
2.3518
2.4185
2.1909
2.1293
2.6204
2.8666
2.4361
2.4892
2.2417
2.5602
2.2538
2.2718
2.8141
2.3960
2.3181
2.4800
2.4929
2.3650
2.5882
2.4995
2.5431
2.1502
2.6125
2.5210
3.0579
2.6018
2.6132
2.4839
2.3272
2.3075
2.3804
2.8148
2.5037
2.5063
2.5043
2.1441
1.9624
2.1903
2.2735
2.2145
2.4654
2.4378
2.4996
2.4847
2.1427
2.6705
2.3461
2.3632
2.3295
2.2860
2.9144
2.5454
1.8673
1.8703
2.1605
2.4112
2.6232
2.7262
2.1812
2.2969
2.1440
2.4007
2.3363
2.2343
2.7185
2.6498
2.2261
2.2030
2.3360
2.9433
2.6669
2.4860
2.3897
2.6071
2.6886
3.1005
2.6630
2.5428
2.5395
2.4403
2.7789
2.5494
2.4729
2.3433
2.1079
2.4823
2.7485
2.1361
2.1696
2.3921
2.1353
2.5898
2.3994
2.5721
2.3757
2.3644
2.4374
2.4502
2.4233
2.4137
2.5785
2.2324
2.6289
2.3983
2.3832
2.7771
2.5852
2.6903
2.6254
2.5824
3.0839
3.3255
3.0218
2.5282
3.0176
2.5510
2.4520
2.3918
2.8689
2.5314
2.7285
2.7974
2.7122
2.6237
2.6546
2.6105
2.5435
2.4465
2.2871
2.3176
2.3076
2.2473
2.4884
2.3710
2.4728
2.4273
2.3233
2.4137
2.8900
2.5851
2.9288
2.6823
2.8258
2.7131
2.4718
1.9949
1.8053
1.6806
2.1992
2.6334
2.4518
2.7810
2.4728
2.4516
2.8476
2.6852
2.8073
2.9731
2.9450
3.1329
3.1525
2.7242
2.9490
3.0627
2.6006
3.1852
3.0054
2.3360
2.8821
2.2538
2.2765
2.3475
2.5237
2.3998
2.3696
2.1013
2.2394
1.9274
1.6355
2.1067
1.9203
2.0796
2.0018
2.1396
2.1907
2.1382
2.2858
2.2705
2.3119
2.0827
2.0972
2.2914
2.2397
2.3629
2.1233
2.2549
2.0928
2.0640
2.1594
2.4110
2.2384
2.6025
1.9149
2.3236
2.4737
2.2665
2.0291
2.5312
2.4147
2.3438
2.0886
2.0762
2.2703
2.3505
2.4034
2.2189
2.2682
2.2048
1.9723
1.9489
1.7445
2.3497
2.1781
2.2303
1.8114
2.3206
2.3473
2.3566
2.0553
2.3475
2.2249
2.2148
2.1934
2.5445
2.7523
2.7472
2.1857
2.5212
2.6474
2.5073
2.4959
2.3214
2.5256
2.6121
2.8635
2.9919
3.0195
2.5327
2.3703
2.1433
2.3324
2.6122
2.8739
2.3452
2.2973
2.2568
2.8348
2.5779
2.3118
2.4621
2.3683
2.4412
2.3639
2.2769
2.5231
2.2303
2.3268
2.5908
2.7572
2.4691
2.6112
2.6912
2.7046
2.5154
2.4945
3.1570
2.8297
2.7767
2.8273
2.7573
2.8482
2.5963
3.2431
2.8945
3.2323
3.0873
2.8166
3.0609
2.9165
3.0136
2.8416
3.0023
3.0688
2.9944
2.9735
2.8948
2.8179
2.6700
2.4223
2.6307
2.1855
2.6030
2.6430
2.8229
2.6275
2.6686
2.9161
2.2921
2.6914
2.6846
2.4446
1.9691
2.7180
2.3723
2.4209
2.5280
2.2750
2.4803
2.3317
2.7320
2.4116
2.4790
2.5045
2.6016
2.8309
2.5107
2.6338
2.5304
2.5646
2.2009
1.8399
2.4662
2.3820
2.0707
1.9734
2.7473
2.2628
3.0537
2.6706
3.2899
3.0079
2.7410
2.6441
2.6007
2.5463
2.5642
2.8415
2.9214
2.8406
2.7081
2.5711
3.2062
3.0204
3.1120
3.2033
3.1036
3.2701
3.2018
3.0342
3.0260
2.7868
2.7582
3.1136
2.8357
2.8430
3.0660
2.4665
2.5210
2.9483
2.7784
2.4134
1.9999
2.0303
2.1548
2.0949
2.9073
2.6605
2.4907
2.5366
2.6619
2.1715
2.7806
2.5989
2.8359
2.6424
2.9668
3.0238
2.9515
2.9865
2.8657
2.8307
2.8212
2.8841
2.6491
2.7763
2.4094
3.0321
3.1921
3.0612
2.7490
2.8158
3.0709
3.4977
2.9978
2.8910
2.9250
2.9408
2.7258
2.8276
2.8985
3.4262
3.4935
3.6455
3.4743
3.4894
3.4335
3.7836
3.6677
3.7834
3.0904
2.9587
2.8087
2.8625
2.8459
2.7162
2.8519
3.0448
2.8446
3.0589
3.2646
3.3376
2.7425
2.6470
3.0617
2.9031
2.8588
2.6720
2.7809
2.3701
3.2334
3.1751
3.3141
3.1732
3.4955
3.1734
3.1802
3.2162
2.8848
3.2252
3.4800
3.1726
2.9470
2.8496
2.7829
2.8164
2.6874
2.8614
3.0016
3.0305
2.8435
3.3092
2.7154
2.7188
3.0256
2.5285
2.9287
2.7383
2.7989
2.2213
2.6210
2.7276
3.2398
2.8637
3.0294
3.0273
3.5277
3.3730
3.2524
3.4093
2.8010
3.0703
3.4314
3.1714
3.1788
3.0916
2.7952
3.1291
2.8314
3.0188
3.3014
3.3524
2.8568
3.1133
3.1592
2.8253
3.2320
3.0696
3.1447
2.8268
2.9729
3.0433
3.0458
3.0360
2.8855
2.9324
2.9124
2.9166
2.3853
2.6588
3.0599
2.8000
3.0743
2.8989
3.0100
3.1796
3.3132
3.4336
3.3327
2.8396
2.8941
2.9779
2.9551
3.0468
2.9970
2.8208
2.9726
2.9804
2.6739
2.7329
2.8781
2.9975
3.0157
3.1229
3.1645
3.1819
2.9199
2.8639
3.0809
3.0495
3.4139
2.9576
2.6725
2.6227
2.8084
2.5530
1.8108
2.4823
2.4329
2.6255
2.4902
2.6469
2.7554
2.6540
2.6210
2.5295
2.5743
2.7229
2.7964
2.5621
2.4216
2.6163
2.7039
2.7939
2.7455
2.6749
2.9299
3.0248
2.8176
3.1365
2.9306
3.3334
3.1173
2.7964
2.5736
2.5227
2.4167
2.4584
2.4141
2.2654
2.1630
2.6332
2.5145
2.2483
2.4054
2.8667
2.2636
2.0705
2.2805
2.9109
2.5338
2.8030
2.5958
2.5964
2.9499
2.3834
2.5862
2.4655
2.2788
2.7560
2.9158
2.5876
2.5916
2.8358
2.8505
2.7028
3.0023
2.7880
2.4784
2.7517
2.7894
2.3871
2.4239
2.6539
2.4836
2.6425
2.9955
3.3152
3.0397
2.7454
2.5752
3.1219
3.1190
2.7652
2.7382
2.6037
2.4916
2.6563
2.6023
2.6843
2.8223
2.8065
3.0382
2.6475
2.9751
2.8547
2.8336
2.6084
2.2390
2.5399
2.2641
2.2747
2.3810
2.9951
2.6856
2.8185
2.6928
3.0695
3.1341
3.3032
3.2442
3.0818
3.1536
3.0534
2.9358
3.3574
3.0271
2.7608
3.1036
2.8294
2.5394
2.5803
2.2848
2.6937
2.4294
2.6060
2.6297
2.6547
2.9069
2.7265
2.5492
2.2795
2.5823
2.6418
2.5708
2.8926
3.0630
2.9748
2.7597
3.0974
2.9641
2.9631
3.0741
3.1860
2.6876
3.1119
3.0615
3.0236
3.3775
3.3776
3.4873
3.8518
3.4556
3.4105
3.6646
3.5557
3.7028
3.9587
3.9181
3.4692
3.3485
3.7999
3.6369
3.5255
3.5295
3.6775
3.6245
3.7867
3.6281
3.2660
3.3239
3.3354
3.5860
3.8077
3.3710
3.0101
3.3814
3.6000
3.3979
3.5452
3.3808
2.4130
3.1417
3.3768
2.7077
3.1877
3.3950
3.5346
3.6102
3.9312
4.0632
3.6003
4.0393
3.9688
3.9334
3.1518
3.5550
2.9533
3.1267
3.3522
3.2228
2.7820
3.2223
2.9047
3.4276
3.3573
3.8335
3.1492
2.7040
2.8629
3.2920
3.0051
3.1359
2.9122
2.8134
3.1228
2.7845
3.1597
2.8500
3.2582
3.1032
2.7426
3.1441
3.2170
2.7636
2.6932
2.8095
3.2275
3.0993
2.9329
2.9657
2.6914
2.7914
2.7564
3.1305
3.3090
2.9647
3.4034
3.5044
2.9720
2.9617
2.7279
2.9607
2.5518
2.9301
2.8743
2.9980
2.7200
2.8183
3.0212
3.1350
2.8194
3.0542
2.9445
3.2850
2.6727
2.4814
2.8114
3.1434
2.4858
2.6532
2.5775
2.7066
2.7740
2.7221
2.6889
2.6818
2.8033
2.5859
2.8223
2.6179
2.3578
2.7182
2.4926
2.7907
3.0448
2.6907
2.4276
2.6856
2.2547
2.3976
2.5074
2.5365
2.5799
2.6850
2.4360
3.0040
2.9372
2.9785
2.7009
2.9553
2.8410
2.7441
2.8761
2.9134
3.0748
2.9202
2.5685
2.4069
2.6281
2.6552
2.4819
2.8771
2.8566
2.7623
2.4726
2.6348
2.6250
2.4054
2.6279
2.4830
2.8984
2.9261
2.5940
2.5955
2.7010
2.9054
2.9893
2.7228
2.3632
2.4646
2.2527
2.4158
2.2039
2.9034
2.5149
2.3273
2.2665
2.7390
2.5603
2.7509
2.3816
2.1761
2.5743
2.3580
2.8333
2.0597
2.4077
2.7636
2.7345
2.1526
2.2888
2.2105
2.1987
2.2840
2.3318
2.4588
2.3815
2.3008
2.2078
2.6929
2.7002
2.4420
2.3926
2.7059
2.6769
2.6886
2.6671
2.4539
2.2365
2.6634
2.7626
2.9312
3.2788
3.0609
2.6319
2.6407
2.6358
2.5035
2.6167
2.3033
2.5303
2.7479
2.4909
2.0035
2.2723
2.9108
2.4518
2.8555
2.7396
2.5093
2.3104
2.6459
2.4352
2.3912
2.5100
2.3948
2.8411
2.8016
2.6345
2.7066
2.8052
2.6281
2.4246
2.4733
2.5342
2.8184
2.8264
2.6495
2.7988
2.9654
3.1992
3.1448
3.0287
3.1829
2.9332
2.9042
3.0817
2.8477
3.3964
3.0362
3.2523
3.0326
3.2829
2.9412
2.8216
2.9463
3.0259
2.7119
2.8265
2.7902
3.1792
3.0427
2.6504
3.2755
3.3628
3.4295
3.0352
3.4704
3.3149
3.3889
3.1584
3.3628
3.2922
3.3791
3.0016
2.9270
2.6232
2.8256
2.7578
2.8567
2.6236
3.1581
2.7590
2.9446
3.1641
3.1355
2.5969
2.8154
2.7976
2.6935
2.3753
2.5981
2.6379
2.6169
2.1998
2.6195
3.2740
2.9170
3.0059
3.2889
3.1873
3.2470
3.5453
3.1021
2.9930
3.2500
2.8007
2.6266
2.5156
2.5091
2.7087
2.7680
2.8162
2.4573
2.5638
2.6760
2.6147
2.9429
2.6744
2.6141
2.3107
2.3339
2.5598
2.8212
2.3661
2.6347
2.3113
2.5740
2.3015
2.7386
2.9394
3.2511
3.1029
2.9088
2.6854
2.2364
2.7343
2.5389
2.4855
2.6460
2.6431
2.7967
3.2102
2.6687
2.5051
2.6000
2.4631
2.3697
2.6935
2.3119
2.7000
2.3738
2.7512
2.3755
2.6036
2.2766
2.2526
2.6470
2.5868
2.5126
2.3121
2.2273
2.6325
2.4961
2.1663
2.4340
2.7102
2.5972
2.2855
2.5876
2.2664
2.2187
2.7003
2.5428
2.3432
2.6041
2.9012
2.2723
2.7368
2.8852
2.7756
3.1691
2.9471
3.0741
3.1094
2.8105
2.9806
2.8517
2.8674
2.9499
2.4752
2.8863
2.6614
2.4911
2.5418
2.4653
2.6755
2.8136
3.0570
2.3348
2.5561
2.6799
2.6464
2.8199
2.7609
2.6360
3.1155
3.0941
2.6479
2.5682
2.8574
2.4916
2.8404
2.2974
2.2283
2.1880
2.8673
2.4567
2.5998
2.8904
2.9188
3.0194
2.7228
2.8684
2.6842
2.6304
2.5947
2.6236
2.6521
2.5093
2.5849
2.8970
2.8049
3.0075
2.7742
2.4444
2.6046
2.9468
2.8406
2.6387
3.0955
3.1130
3.0413
2.6349
2.4147
2.6657
2.5285
3.0951
2.8958
3.2690
3.1468
2.6417
2.7551
2.5509
2.9098
2.6714
2.6150
2.5086
2.3130
2.3501
2.0570
2.3047
2.2926
1.9583
2.0373
2.3607
2.6062
2.5056
2.7360
2.9031
2.9995
2.6624
2.5569
2.6936
2.6651
2.8628
2.4349
2.3209
2.5680
2.4382
2.1341
2.3081
2.8327
2.5739
2.8710
2.5930
2.6626
2.9557
3.1642
2.8142
2.7266
2.9720
2.6195
2.8330
2.7588
2.9425
2.5507
2.7290
2.7573
2.8017
2.3879
2.7347
3.2992
3.7901
3.0869
2.8314
3.1658
2.9711
2.8423
3.0449
2.6961
2.6201
2.8614
3.0881
2.6359
2.5252
2.8751
3.1657
3.2554
2.8532
3.0922
2.8373
2.9921
2.6776
2.3067
2.5799
2.9396
2.7853
2.8822
2.6114
2.1879
2.3840
2.3910
2.9521
2.9351
2.5437
2.8068
3.1248
2.9684
2.7713
2.8827
3.0087
2.9281
2.9087
2.7822
2.7453
2.9000
2.7114
2.9388
2.9195
2.8618
3.0265
3.4209
3.0215
3.1290
2.7452
3.2554
3.1797
3.0710
3.1520
3.0375
2.5491
3.0019
2.9352
2.9854
2.9458
2.9801
3.0990
3.2621
3.2309
3.2214
3.3458
3.8126
3.3981
3.6240
3.7178
3.3238
2.8947
3.1941
3.2305
2.7469
3.0368
3.0962
2.9922
3.0139
3.1618
2.4826
3.0309
2.9375
2.8284
2.6882
2.7118
3.0337
2.9911
3.1002
3.2545
3.4458
3.4654
3.3360
3.1425
3.3234
3.1069
3.0233
3.2022
3.0080
2.9265
2.7622
3.0239
2.4986
2.6081
2.4914
2.7213
2.7969
2.6276
2.7266
2.9476
3.0532
2.6445
2.5645
2.3457
2.7957
2.5631
2.9345
2.5760
2.2279
2.4110
2.8446
2.7792
2.7768
2.4665
2.7588
2.2820
2.6221
2.4918
3.1947
2.7863
2.6917
2.7918
2.5612
2.4763
2.4473
2.5187
2.7587
2.5357
2.5161
2.1365
2.0874
2.3230
2.3418
2.4551
2.0814
2.2922
2.2678
2.1344
2.0356
2.1379
2.4718
2.3324
2.2975
2.2592
2.2702
2.1800
2.2062
1.9451
2.0224
2.1642
2.3842
2.0536
1.8309
2.0990
2.3053
2.0738
2.7663
2.5561
2.5675
2.5643
2.9651
2.5603
2.2007
2.4418
2.8291
2.2349
2.4693
2.5450
2.3957
2.7100
2.3567
2.6152
2.2780
2.3008
2.4193
2.6096
2.3296
2.5881
2.8684
2.6891
2.7632
2.5703
2.7384
2.5151
2.6119
2.4879
2.6701
2.8134
2.5196
2.4718
1.9435
2.2364
2.5981
2.4629
2.0812
2.0593
2.5229
2.4636
1.6213
2.2185
2.5167
2.3189
2.1210
2.4509
2.3714
2.1776
2.3818
2.4779
2.2030
2.4658
2.5964
2.8663
2.5224
2.6464
2.9896
2.5574
2.8875
2.5073
2.9423
3.2649
3.0541
3.0116
2.7085
2.9223
2.7827
2.7881
2.9456
2.9229
3.2282
3.0996
3.4071
3.0123
2.9605
2.1991
2.5339
2.1848
2.3773
2.8539
3.2452
3.3311
3.0601
2.2388
2.6794
2.3418
2.1343
2.3771
2.4570
2.1533
2.1393
2.6483
2.6141
2.1298
2.4176
1.9471
2.2781
2.3894
2.4579
2.4805
2.3051
2.2986
2.4215
2.5068
2.3561
2.6940
2.2325
2.7015
2.4318
2.3445
2.3764
2.2974
2.2947
2.4681
2.8156
2.5195
2.7114
2.8679
2.8003
2.8319
2.4708
2.3390
2.3959
2.4402
2.1816
2.6779
2.5088
2.2219
2.4627
2.5446
2.7595
2.6233
2.8804
2.7826
2.8663
2.6763
2.5965
2.8765
2.4640
2.7094
2.5964
2.3430
2.5412
2.6971
2.8027
2.2019
2.4042
2.8089
2.4410
2.5570
2.7761
2.7167
2.5130
2.3115
2.3658
2.6205
2.2085
2.4632
2.4573
2.2768
2.1947
2.1233
2.4363
2.3499
2.5661
2.1235
2.4692
2.8281
2.5791
2.8489
2.7846
2.6236
2.1799
2.4362
2.1836
2.4877
2.2969
2.2869
2.0425
2.0915
2.1844
2.4025
2.6542
2.9323
2.5371
2.3648
2.1683
2.2524
1.9590
2.4927
2.5880
2.4379
2.4594
2.3687
2.3135
2.1832
1.8542
2.4664
2.2015
2.5141
2.1312
2.0907
2.0814
2.2965
1.8452
1.7209
2.0343
1.8016
2.1799
1.6984
2.3072
1.7570
1.8887
1.6756
1.7568
1.6860
2.0165
1.9319
1.7851
1.7366
1.8486
1.9559
1.8252
1.9345
1.9048
2.1670
2.1944
1.7949
1.9008
1.9329
1.9530
2.0695
2.2013
2.1141
2.1603
2.2685
2.4396
2.3315
2.2646
2.5311
2.2549
2.4129
2.4197
2.3991
2.1237
1.9474
1.9898
2.3878
2.3250
2.3154
2.4825
2.3826
2.5019
2.0404
2.1813
2.8773
2.5661
2.2809
2.4211
2.2988
1.9983
2.3307
2.2954
2.4824
2.0779
2.6073
2.8528
2.6415
2.5286
2.4417
2.1983
1.9340
2.0523
2.1513
2.2905
2.3516
2.2925
2.2356
2.1493
2.3244
2.1465
2.3266
2.0650
1.9638
1.7968
1.8302
1.6349
1.4795
1.7829
1.8856
1.6815
2.0009
2.0212
2.0163
2.1551
2.1158
1.7014
1.8708
2.0409
1.7555
2.0034
1.7780
1.9194
1.9261
2.2928
2.1333
1.9120
1.8170
2.0092
1.9010
2.0604
1.8168
1.9315
2.1053
2.0647
2.4091
1.9859
1.7447
2.1068
2.2942
2.2777
2.2235
2.4004
1.8073
2.3389
1.9848
2.2145
2.1549
2.2785
2.1167
2.1980
1.9977
2.0673
2.0451
1.8503
2.0312
2.0738
2.0384
2.2356
2.5760
2.2783
2.4384
2.3693
2.0724
2.0339
1.6719
1.8879
1.9321
2.1947
1.6588
1.8735
1.8777
2.3830
2.1953
1.8877
1.9810
2.0907
1.8624
1.8038
2.0780
1.8231
1.6790
1.8074
1.8646
1.8608
2.1590
1.8177
1.3690
1.6643
1.8176
2.0553
2.2896
1.7032
1.6450
2.0273
1.8227
2.2462
2.0426
2.0336
2.0609
2.0070
2.0174
2.0323
1.9035
2.1825
1.7887
2.2723
1.9022
1.8518
1.6571
1.5449
1.8113
1.9887
1.9074
1.9109
2.0239
2.2469
2.0658
1.7482
1.8148
1.8923
1.7995
2.2198
1.8381
1.8289
1.9431
1.8890
1.9341
2.0521
2.1321
2.1072
2.2376
2.2471
2.0592
1.8771
1.6615
1.9111
1.4779
1.7562
2.0286
1.7148
2.0030
2.0982
2.1045
1.8782
2.1342
2.1653
2.1288
1.7163
2.0675
1.9630
1.9220
1.9709
1.8177
1.8252
1.9340
1.5574
1.8857
1.8231
1.8622
1.8422
1.9033
1.6275
1.8565
1.8574
1.9643
1.9211
1.8596
1.8469
1.7653
1.5729
1.5469
2.1820
1.8779
1.9973
1.7031
1.8982
2.0962
1.9623
1.9670
1.9816
1.8693
2.1903
1.8766
1.7949
1.7037
1.9628
2.0151
1.7810
2.1972
2.0163
2.2158
1.7931
1.8083
1.7541
2.0110
1.9420
1.8674
2.0712
2.2015
1.8724
1.9781
2.0783
2.1914
2.0558
2.4475
2.1968
2.1491
2.2961
2.3211
2.2780
2.1757
2.0293
1.9489
1.9536
1.9346
2.0678
2.2096
2.1708
2.1113
2.0550
1.9505
2.0952
2.1819
2.2296
2.4639
1.9390
2.2253
2.1444
2.4442
1.8728
2.3406
2.4644
2.2431
2.1039
2.5636
2.2113
2.1453
2.1840
2.2125
2.0202
1.8556
1.9289
2.2246
1.7569
1.6948
1.8123
2.0768
2.0665
2.0344
2.2002
1.9614
2.0679
1.9174
2.3771
2.3684
2.4067
2.3657
2.2643
1.8868
1.9681
2.1423
2.3097
2.3695
2.2106
2.4453
2.0721
2.1940
2.0702
2.1021
2.3300
2.1800
2.5202
2.3835
2.4404
2.2816
2.2049
2.4038
2.2089
2.1287
2.4055
2.4133
2.6367
2.1377
2.0500
2.1156
2.2224
2.5792
2.5231
2.3660
2.2285
2.0807
2.4465
2.6564
2.0443
2.3499
2.3190
2.3756
2.1157
2.1644
2.1965
2.1827
2.1231
2.4352
2.4981
2.3676
2.2890
2.0632
2.1337
2.0191
2.4091
2.1595
2.3379
2.0591
2.5675
2.1557
2.2047
2.0926
1.9960
2.3954
2.4785
2.2290
1.7205
1.9028
2.4208
2.1653
2.2010
2.3146
2.4253
2.0867
1.7843
2.2510
2.1351
2.4846
2.0179
1.9344
2.2355
2.6979
2.1652
2.2707
2.6745
2.5589
2.5812
2.6576
2.4472
2.5057
2.4115
2.3832
2.2211
2.3191
2.2266
2.3826
2.0908
2.2343
2.5494
2.2080
2.1734
2.1194
1.9449
2.1915
