3.0391
3.1545
3.2016
3.0845
3.1712
3.1505
3.2789
3.4671
3.4078
3.4731
3.4292
3.2356
3.4675
3.4447
3.3408
3.5672
3.6842
3.7029
3.8190
3.8860
3.8400
4.0907
4.1624
3.8711
3.9790
4.2637
4.1467
4.1029
4.3286
4.0093
4.1936
4.0138
4.0182
3.8889
4.0330
4.0998
3.8614
3.7580
3.6800
3.8420
4.1124
4.0114
4.0017
4.0376
4.0693
4.1180
4.0397
3.8684
3.9418
4.0323
4.1474
4.4196
4.4607
4.3465
4.5433
4.3420
4.3587
4.5476
4.5138
4.2607
4.0302
4.2796
4.0850
4.4244
4.4201
4.3062
4.1895
4.2880
4.3176
4.1601
4.2192
4.2725
4.2355
4.2438
4.3565
4.3780
4.3391
4.7427
4.5394
4.4613
4.4136
4.2576
4.2708
3.8401
3.9806
4.1091
4.0457
4.0676
3.8269
3.8515
3.7961
4.0552
4.0759
4.1155
4.2771
4.3867
4.1925
4.1713
4.0227
4.2100
4.1896
4.0198
4.1898
4.1272
4.2921
4.3278
4.3048
4.1494
4.3466
4.1288
4.1599
3.9096
3.9081
4.0190
3.9871
4.3348
4.2302
4.5999
4.4976
4.5780
4.4163
4.4862
4.6661
4.7267
4.4835
4.6738
4.4492
4.5175
4.6629
4.2223
4.2116
4.2053
4.2314
4.3940
4.1947
4.0972
4.2599
4.6122
4.2566
4.3687
4.2319
4.3915
4.2230
4.1553
4.5695
4.5257
4.6994
4.5348
4.6005
4.4460
4.3680
4.1507
4.3700
4.2042
4.2355
4.0149
4.2472
4.4949
4.4310
4.3289
4.4654
4.4079
4.3143
4.5136
4.6310
4.7593
4.6858
4.5921
4.6796
4.7236
4.7892
4.7638
4.5770
4.7546
4.7834
4.6421
4.6940
4.7657
4.6874
4.6071
4.9177
5.0396
4.6432
4.7400
4.7652
4.5221
4.7757
4.5046
4.4482
4.5451
4.6045
4.6135
4.3556
4.5347
4.4589
4.3926
4.5732
4.4382
4.2471
4.4997
4.6035
4.5665
4.7484
4.6648
4.5008
4.5527
4.3712
4.3775
4.5160
4.5229
4.3725
4.4376
4.3915
4.4268
4.3545
4.5890
4.9272
4.7440
4.7061
4.6131
4.7488
4.7334
4.6460
4.3599
4.2995
4.4646
4.3301
4.3813
4.1014
4.2690
4.3459
4.3137
4.4454
4.2425
4.3023
4.3163
4.1901
4.3795
4.3290
4.4324
4.2312
4.3145
4.2131
4.4359
4.4593
4.1265
4.4104
4.4402
4.2010
4.2711
4.1783
4.2817
4.5698
4.2965
4.2164
4.3147
4.2310
4.3760
4.2991
4.4945
3.9711
4.1479
4.2841
4.0765
4.2427
4.4050
4.2812
4.2763
4.4433
4.1539
4.2876
4.3777
4.5222
4.3246
4.5199
4.4537
4.8189
4.3925
4.6326
4.5671
4.3484
4.2805
4.4691
4.7585
4.5018
4.5916
4.5281
4.4031
4.3086
4.2758
4.5714
4.2337
4.3004
4.2848
4.2938
4.3899
4.1190
4.1140
4.2375
4.3959
4.2699
4.2213
4.2111
4.1670
4.2088
4.1781
4.1968
4.2246
4.1916
4.0946
4.0797
4.1427
4.0264
4.2070
4.2870
4.4296
4.3600
4.4427
4.3034
4.5246
4.2992
4.1921
4.2697
4.1651
4.4029
4.1888
4.1232
4.2719
4.2436
4.1191
4.0876
4.2527
4.1673
3.8346
3.9386
3.8044
3.8960
3.9006
4.1544
4.2089
4.1753
4.2778
4.2155
4.1286
4.3909
4.0836
4.2092
4.1056
4.1282
4.4004
4.0147
4.1957
4.0217
4.0754
4.0912
4.0313
4.1751
4.2797
3.8616
3.9218
4.1306
4.1789
4.0706
3.9903
4.1643
4.1043
4.2252
4.1834
4.1709
4.0644
3.9889
4.1529
4.0472
4.1161
4.0807
4.0959
4.1473
4.2191
3.9729
3.8516
3.9836
3.9919
3.9917
4.0591
3.9398
4.0776
4.1839
4.1193
3.9541
4.0638
4.0915
4.2487
4.2619
4.1238
4.0097
4.1167
3.9455
3.9942
4.0669
4.0043
4.0182
3.9598
4.2237
4.0525
4.0960
4.2994
4.0549
4.1296
4.2182
3.8584
4.0457
4.1088
4.4780
4.0924
4.0324
4.1536
4.0700
4.1886
4.3361
4.3685
4.4337
4.1783
4.2279
4.0456
4.1965
4.1512
4.2289
4.0644
4.0897
4.2344
4.1307
4.0691
4.2573
4.1537
4.0254
4.0688
4.2652
4.2528
4.3556
4.3582
4.1850
4.2215
4.4213
4.2961
4.2222
4.1304
4.0836
4.1244
4.2891
4.0675
4.1859
4.1155
4.0530
4.3565
4.3909
4.0276
4.1089
4.3416
4.1703
3.9693
4.1646
4.2405
4.0491
3.9607
4.2606
4.1175
4.1229
4.0310
3.9866
4.1400
4.1638
4.1218
3.9973
4.0906
4.0141
3.9549
3.9533
3.8450
4.0571
3.9956
3.8932
3.9685
4.0679
3.7901
3.9458
3.9643
3.9668
4.1343
4.0275
3.9398
4.1183
3.9937
3.9587
3.9868
4.0954
4.3003
4.1651
4.0108
4.0421
4.1580
4.1387
4.2085
4.0542
4.0824
4.0055
3.9010
3.6936
3.9019
3.7705
3.7487
3.8786
3.7101
3.7534
3.9316
3.7343
3.7690
3.7329
3.9234
3.7605
3.8367
3.9281
3.6785
3.7279
3.7494
3.7814
3.7187
3.7470
3.8157
3.7957
3.8849
3.6412
3.8019
3.9784
3.8442
3.6429
3.9109
3.9168
3.9238
3.7605
3.7068
3.6871
3.4990
3.7925
3.7974
3.8588
3.8898
4.0480
3.8175
3.8490
3.8074
3.7591
4.1040
3.9993
4.0036
4.1315
4.1576
4.0834
4.2535
4.0548
3.7912
3.7169
3.6675
3.6535
3.8424
3.8003
3.6200
3.5633
3.6599
3.6827
3.6640
4.0812
3.9217
3.9320
3.7908
3.8438
3.8463
3.9124
3.9463
3.6612
3.8253
3.9922
3.8447
3.5212
3.8360
3.9093
3.4918
3.7815
3.8958
3.7979
3.7865
3.8525
3.8937
3.7248
3.9790
3.7174
3.9752
4.0855
4.3123
4.0930
3.6599
4.0580
4.1144
3.9689
3.5947
3.6807
3.6225
3.5487
3.6748
3.5228
3.4371
3.8594
3.9107
3.6696
3.4445
3.7293
3.7349
3.5957
3.7419
3.3857
3.7712
3.6186
3.7203
3.4972
3.8212
3.9360
3.6645
3.8155
3.6478
3.6872
3.4896
3.6673
3.6131
3.3611
3.6331
3.4549
3.4896
3.2534
3.2052
3.3943
3.1927
3.5787
3.2368
3.2894
3.4567
3.1769
3.4201
3.6131
3.6183
3.4633
3.4210
3.2707
3.5806
3.5432
3.5167
3.6151
3.5067
3.1790
3.2978
3.3386
3.3947
3.5990
3.4592
3.4183
3.5338
3.6944
3.6997
3.5286
3.4176
3.3462
3.2744
3.3188
3.5424
3.5097
3.3134
3.3418
3.2656
3.3112
3.4063
3.4851
3.2969
3.4115
3.3801
3.5605
3.3052
3.4534
3.3342
3.3840
3.2773
3.2888
3.3672
3.2117
2.9293
3.0187
3.0469
3.0146
2.9865
2.9515
2.9039
3.2202
3.1346
3.1449
3.2723
3.1446
3.4290
3.3819
3.2984
3.1884
3.3904
3.2610
3.3579
3.5398
3.4308
3.5436
3.3979
3.5196
3.2937
3.3599
3.2548
3.6296
3.6193
3.3755
3.6262
3.5411
3.6580
3.8441
3.6273
3.8765
3.6852
3.7863
3.6402
3.5994
3.5240
3.3814
3.5532
3.2636
3.3441
3.4823
3.4412
3.6479
3.5270
3.3606
3.2185
3.6541
3.4485
3.5025
3.5306
3.6676
3.5082
3.4385
3.4453
3.6956
3.5730
3.5357
3.5580
3.5182
3.5429
3.5152
3.6464
3.7630
3.6218
3.5808
3.6647
3.7305
3.9123
3.9705
3.9168
4.1086
3.8989
4.0241
3.9060
3.6552
3.7260
3.7664
3.6021
3.6144
3.6916
3.7465
3.4889
3.5206
3.3990
3.6485
3.7026
3.6119
3.7650
3.9311
3.6605
3.8700
3.8678
3.5181
3.4953
3.2426
3.4395
3.3591
3.1231
3.2263
3.4220
3.3539
3.3846
3.4832
3.4416
3.4350
3.3859
3.3061
3.4384
3.5588
3.2832
3.3207
3.3334
3.3996
3.2908
3.1585
3.4747
3.1117
3.3246
3.1597
3.3031
3.3646
3.4597
3.4220
3.3765
3.2441
3.2368
3.2326
2.9895
2.9417
3.1642
3.1627
2.7267
2.8772
2.6368
2.6645
2.4851
2.9348
2.7154
2.8167
3.0993
2.6453
2.7371
2.4557
2.2843
2.3401
2.5139
2.3611
2.2697
2.5518
2.4940
2.6939
2.5072
2.4788
2.6048
2.6697
2.5814
2.6797
2.5941
2.6439
2.4532
2.5254
2.5273
2.3369
2.3827
2.2155
2.3792
2.4775
2.5701
2.7006
2.6699
2.4519
2.6913
2.6247
2.3274
2.6167
2.4251
2.3657
2.7116
2.7136
2.4539
2.2936
2.4064
2.1515
2.3022
2.3512
2.7039
2.5276
2.7228
2.6762
2.3981
2.4743
2.3855
2.4390
2.7094
2.3715
2.5057
2.4704
2.3941
2.6443
2.4920
2.4563
2.6390
2.4176
2.5337
2.7461
2.8314
3.0646
2.8082
2.7461
2.4981
2.7352
2.8967
2.6137
2.4952
2.5887
2.6865
2.9428
2.7812
2.7306
2.9429
2.7887
2.9507
2.7295
2.4107
2.1700
2.5065
2.3896
2.3827
2.4704
2.7335
2.4932
2.4456
2.5125
2.4204
2.4136
2.8030
2.6966
2.6410
2.4152
2.4434
2.2975
2.5754
2.3081
2.0669
2.4084
2.6357
2.5799
2.6578
2.5169
2.3314
2.5129
2.4856
2.2691
2.4102
2.6424
2.6373
2.5142
2.3292
2.5677
2.2708
2.2944
2.2679
2.1145
2.0563
2.2865
2.3753
2.2942
2.4635
2.1989
2.1188
2.2040
2.4444
2.4521
2.3177
1.9960
2.2085
2.0646
2.1709
2.2341
2.0223
2.0882
2.1969
2.1517
2.4088
2.2250
2.1168
2.3368
2.2386
2.3314
2.3809
2.3721
2.2868
2.3948
2.2330
2.5607
2.4966
2.2058
2.2566
2.3823
2.3357
2.5168
2.5830
2.6836
2.6206
2.5154
2.3208
2.3042
2.3513
2.3516
2.1199
2.2947
2.2468
2.5993
2.6581
2.6447
2.2935
2.5743
2.3461
2.6945
2.3860
2.2809
2.4843
2.7326
2.4887
3.0628
2.4948
2.2430
2.2335
2.4390
2.4842
2.4004
2.5610
2.5787
2.4767
2.6080
2.5751
2.4784
2.4436
2.5242
2.4774
2.4280
2.3602
2.1985
2.5736
2.3772
2.4017
2.5913
2.5909
2.3725
2.4694
2.4152
2.4140
2.4177
2.3256
2.4783
2.5514
2.3827
2.2074
2.5581
2.1861
2.3026
2.1076
2.2500
2.2513
2.0942
2.1509
2.2776
2.3369
2.2558
2.5157
2.5722
2.4248
2.5673
2.3869
2.5570
2.5246
2.5106
2.3576
2.4173
2.4509
2.1987
2.2686
2.2319
2.2005
2.2486
2.4274
2.3943
2.1791
2.4854
2.3491
2.0505
2.1227
2.3042
2.3737
2.4485
2.4219
2.3450
2.3079
2.4041
2.4740
2.5605
2.3624
2.4535
2.5992
2.4225
2.4205
2.7580
2.5223
2.6494
2.8879
2.4609
2.6551
2.8046
2.7553
2.6505
2.6163
2.6553
2.6324
2.5106
2.3203
2.6343
2.5880
2.4719
2.1838
2.2252
2.3072
2.0700
2.3253
2.4236
2.3986
2.4371
2.2707
2.3864
2.4286
2.3176
2.1917
2.2548
2.4542
2.3055
2.7721
2.5398
2.3484
2.5614
2.5630
2.5934
2.6894
2.6006
2.6101
2.1497
2.3216
2.4632
2.5767
2.6134
2.9515
3.0845
2.4813
2.7625
2.4258
2.8857
2.4357
2.4276
2.4273
2.5557
2.1217
2.1338
2.2766
2.4062
2.6451
2.6380
2.5462
2.7190
2.6709
2.6960
3.1215
3.0149
2.9667
2.6526
2.8664
2.9678
2.9890
2.9102
2.7715
2.6072
2.6071
2.6374
2.3857
2.3385
2.2807
2.5288
2.2646
2.4576
2.3446
2.1060
1.9728
2.1404
2.2448
2.2870
2.0896
1.9713
1.9953
2.0307
2.1593
2.1017
2.1791
2.3871
2.2298
1.9369
2.2757
2.3442
1.9779
2.0974
2.1202
2.1875
2.3785
2.4327
2.3239
2.3953
2.4334
2.1500
2.0379
2.0856
2.1963
2.5271
2.3886
2.3403
2.2049
2.4298
2.4211
2.2793
2.2074
2.1882
2.3904
2.3905
2.4146
2.5123
2.4592
2.4278
2.5086
2.5415
2.4708
2.4703
2.2363
2.3660
2.4744
2.4570
2.2390
2.2803
2.5260
2.4242
2.3557
2.6289
2.4735
2.5159
2.2983
2.1464
1.9837
2.0438
1.9742
2.0436
1.7966
1.7495
1.9554
1.8881
2.1178
2.5224
2.2640
2.1182
2.1602
2.0256
2.0949
2.5266
2.2597
2.4094
2.3993
2.1477
2.6743
2.5833
2.5892
2.5579
2.5082
2.5958
2.5418
2.4142
2.4957
2.3921
2.6831
2.4024
2.6506
2.8638
2.7111
2.5789
2.4841
2.5212
2.5307
2.4691
2.4380
2.6102
2.4207
2.5187
2.4527
2.7802
2.6709
2.6106
2.4131
2.5654
2.4641
2.3018
2.3973
2.4870
2.5993
2.2954
2.5728
2.3881
2.3585
2.3354
2.5292
2.5379
2.2929
2.4184
2.3519
2.4090
2.0880
2.6314
2.4199
2.5948
2.3961
2.4727
2.2992
2.4659
2.2212
2.3740
2.4381
2.4107
2.2667
2.1590
2.4536
2.5143
2.5551
2.4555
2.6010
2.4685
2.5432
2.5080
2.3925
2.9219
2.3617
2.3396
2.3909
2.5640
2.7572
2.5772
2.3689
2.6135
2.4365
2.6575
2.6396
2.5178
2.7068
2.2408
2.4715
2.3150
2.5314
2.7426
2.3296
2.2112
2.3945
2.3025
2.4379
2.6733
2.4943
2.2545
2.3359
2.5855
2.3348
2.4655
2.4360
2.3065
2.2562
2.2873
2.1530
2.5660
2.4232
2.3773
2.2645
2.1150
2.0669
2.0594
2.1961
2.1900
2.2316
2.4719
2.4466
2.4975
2.6994
2.6423
2.7665
2.7272
2.7956
2.6443
2.7160
2.7537
2.8825
2.9508
2.9929
3.0090
3.3937
3.1105
2.9495
3.1668
3.1956
3.1943
3.3432
2.9926
2.9056
3.0495
3.2344
3.2259
3.1573
3.1569
3.2154
3.3420
3.4971
3.5708
3.4500
3.6775
3.6553
3.8552
3.6069
3.5521
3.5689
3.6458
3.4270
3.3700
3.2289
3.6066
3.6178
3.3275
3.3404
3.5333
3.7486
3.5051
3.8495
3.5993
3.5843
3.6451
3.7763
3.7298
3.7182
3.7064
3.6247
3.4566
3.5154
3.6430
3.5553
3.2439
3.5831
3.2768
3.6855
3.5774
3.3430
3.3482
3.4945
3.6826
3.7289
3.5359
3.3886
3.3778
3.3922
3.3964
3.5116
3.2234
3.3964
3.5108
3.6014
3.6036
3.6942
3.5640
3.4900
3.3434
2.9128
2.8779
3.0080
2.8326
3.0620
3.0239
3.0043
3.1456
3.1831
2.9592
3.1508
2.8699
3.1501
3.0331
2.9721
2.8239
2.6891
2.8884
3.0783
3.3260
3.2144
3.3724
3.2118
3.0768
3.0667
3.1302
3.4048
3.4464
3.8011
3.1631
3.1443
3.1782
3.4550
3.1938
3.6554
3.7995
3.5770
3.8032
3.9220
3.5732
3.4849
3.6759
3.7531
3.8026
3.6999
3.6993
3.7734
3.6523
3.4891
3.5869
3.8944
3.8709
3.8770
4.0397
3.9034
3.9935
4.0491
4.0660
3.8432
4.0215
4.1254
3.9045
3.7915
3.6953
3.6869
3.9382
3.6771
3.5915
3.7334
3.9824
3.9354
4.0420
3.7725
3.5246
3.9261
4.0468
3.6903
3.8309
3.9131
4.0010
3.6411
3.8385
3.7111
3.8200
3.6973
3.7839
3.9028
4.2035
3.8258
3.8142
3.8732
4.0123
4.3046
4.3261
4.0859
4.2924
4.3879
4.3551
4.0851
4.6058
4.5885
4.9382
4.9682
4.6134
4.3987
4.4057
4.6866
4.6462
4.5043
4.3813
4.5564
4.2993
4.4975
4.3065
4.5125
4.1340
4.0889
4.0887
3.7924
4.1246
4.2624
4.1677
3.9818
4.3206
4.1406
4.2848
4.4999
4.3837
4.3886
4.2750
3.9767
3.9546
3.8048
3.6593
3.8117
3.5984
3.5015
3.5205
3.2577
3.5884
3.3179
3.5488
3.7034
3.6499
3.6901
3.7090
4.2022
3.8346
4.2989
4.2308
4.2724
4.6082
4.5497
4.3352
4.0473
3.8974
3.6118
3.7096
3.8815
4.2516
4.0930
4.0673
4.2132
4.1759
4.2355
4.2664
4.2737
4.3660
4.3262
4.2402
4.0752
4.2468
4.4633
4.6492
4.5587
4.5898
4.5871
4.6272
4.5762
4.7678
4.6836
4.6940
4.5418
4.6537
4.9302
4.7011
4.4668
4.4252
4.3845
4.2719
4.1235
4.3275
4.6443
4.4204
4.6449
4.7802
4.5120
4.6157
4.5319
4.6604
4.5575
4.6060
4.9396
4.3090
4.2699
4.6260
4.5654
4.5620
4.6210
4.4978
4.6798
4.7104
5.1851
4.4514
4.7303
4.6731
4.6846
4.8134
4.6770
4.7569
4.3945
4.1074
4.1270
4.3131
4.3961
4.2295
4.6891
4.2618
4.4090
4.2832
4.4231
4.3677
4.4979
4.5977
4.5902
4.3649
4.2498
4.2111
4.2573
4.4716
4.5103
4.2499
4.2069
4.3110
4.4615
3.8856
4.0008
3.9145
3.9625
4.3447
3.7967
3.9545
4.3184
4.0489
4.1537
4.2237
4.2695
4.1528
4.2329
4.3900
4.4643
4.3361
4.6454
4.4374
4.2175
4.4978
4.2771
4.5502
4.4726
4.6867
4.2353
4.4711
4.5101
4.1907
4.2886
4.5384
4.5290
4.4421
4.3999
4.3681
4.3287
4.6504
4.3871
4.6810
4.4180
4.3443
4.4089
4.3612
4.5833
4.2437
3.9113
4.1928
4.3401
4.3400
4.1958
4.0985
4.1250
4.1130
4.1863
4.2804
4.2699
4.1573
4.0617
3.8435
4.1377
4.1120
3.8229
3.9880
4.0582
3.9543
4.2025
4.2029
3.8912
4.0353
4.2036
3.8634
3.9664
4.2875
4.0877
4.0182
4.1328
3.8566
3.8219
3.9086
3.7968
3.8533
3.8012
3.9373
3.8070
3.8332
3.8635
3.4132
3.6778
3.6335
3.8224
3.7978
3.8250
3.8778
3.8800
3.7227
3.8823
3.9304
3.7679
4.0928
3.8503
3.8616
4.1430
3.9589
3.6031
3.5166
3.5539
3.4229
3.7882
3.6223
3.7649
3.6919
3.6772
3.5788
3.4850
3.5984
3.6592
3.5889
3.4148
3.3281
3.6921
3.6604
3.7923
4.0130
3.7725
3.7507
3.7676
3.3352
3.6036
3.8812
3.8469
3.8035
3.7724
3.9563
3.9356
4.0567
3.9378
3.9866
3.9492
3.7226
4.0104
3.9435
3.9462
3.9240
3.9841
4.1914
4.0768
3.9391
3.9689
4.0821
4.0597
4.0000
4.0126
3.9060
4.3144
4.0960
4.1418
4.0821
4.2406
4.2481
4.0119
3.8941
3.7079
3.8896
3.9686
4.0064
4.2098
3.9096
4.1400
3.9483
3.8421
3.8559
3.8813
3.9626
3.9974
3.9179
3.9620
3.7848
3.5935
3.7878
3.9994
3.9404
4.0277
4.0065
3.8696
3.7745
3.9677
3.9131
3.9841
3.8409
3.9459
3.6592
3.5091
3.5699
3.9950
3.8541
4.2534
4.2057
4.1919
4.3714
4.1700
4.4007
4.5623
4.3962
3.8352
3.9744
4.0694
4.0254
4.0594
3.7510
3.8637
4.0251
3.8244
3.9244
3.6715
3.8412
3.8649
4.1281
3.9579
4.0426
3.9238
3.8615
3.9139
3.9628
4.1236
3.6711
3.7860
3.3910
3.6183
3.6249
3.4463
3.4693
3.2761
3.5724
3.6419
3.6438
3.7769
3.7994
3.8289
3.5471
3.6636
3.6541
3.7424
3.8532
3.5059
3.7305
3.9470
4.1309
4.2364
4.1543
3.9194
4.2000
4.0843
3.9650
3.7275
3.8619
3.8813
4.1324
3.8752
3.9590
4.0815
3.9524
3.8991
3.8328
4.2851
4.3772
4.1963
3.8707
4.1959
4.3208
4.1001
4.2197
4.3115
4.1592
4.3979
4.3566
4.3878
4.6454
4.4584
4.5206
4.3388
4.2359
4.1126
3.8075
4.0996
4.3382
4.5917
4.4363
4.4014
4.3517
4.3157
4.7959
4.5427
4.5986
4.5456
4.2314
4.2223
4.5583
4.1476
4.4902
4.4519
4.3211
4.1521
4.1874
4.2936
4.5026
4.2132
4.4035
4.4698
4.2159
4.5581
4.4326
4.3763
4.4575
4.1430
3.9626
4.1323
4.0983
3.8466
3.7397
3.8099
3.7225
3.8231
3.6523
3.7993
3.6649
3.7920
3.9718
3.8803
4.1267
3.9630
4.0561
4.0828
3.8699
3.8720
3.6088
3.7304
3.9273
3.8686
3.9337
4.0168
3.7690
3.8122
3.9311
4.0574
4.1728
4.0218
3.9311
3.9584
4.1790
4.0441
4.1047
4.0748
3.8087
3.8268
3.5213
3.9865
3.6868
3.9135
3.7172
4.0852
3.8549
3.7523
3.4965
3.6891
3.5343
3.8004
3.9243
3.9724
3.7948
3.8273
4.0598
4.0436
4.2707
4.2106
4.1896
4.0517
4.0145
4.0855
3.9451
3.8466
3.9190
4.1148
4.0010
3.7283
3.7936
3.8381
3.8923
4.0562
4.1323
4.0008
4.0001
3.9556
4.5316
4.0615
4.2839
4.3252
4.4056
4.2213
4.2536
4.6146
4.5339
4.4155
4.6226
4.5385
4.4046
4.1719
4.2397
4.4167
4.6342
4.3728
4.8138
4.3610
4.6027
4.4760
4.6024
4.6176
4.7531
4.3977
4.6843
4.3657
4.6270
4.3684
4.3716
4.3532
4.4274
4.2976
4.4551
4.1278
4.3726
4.3578
4.1168
4.2697
4.6728
4.3016
4.2257
4.2860
4.6796
4.5138
4.5603
4.5180
4.5759
4.4300
4.4934
4.6148
4.4516
4.6591
4.7511
4.4824
4.6318
4.5644
4.6031
4.4247
4.5913
4.2466
4.2261
4.1500
4.4440
4.2910
4.0480
4.2713
3.8615
3.7241
3.9851
3.9630
4.0146
4.3426
4.2220
3.8523
4.1606
4.1403
4.0439
4.1166
4.1708
4.2815
4.1599
4.3908
4.4392
4.4637
4.5487
4.4829
4.3901
4.5812
4.4151
4.4382
4.4684
4.8223
4.7750
4.6795
4.7889
4.5307
4.8917
4.8942
4.6377
4.7179
4.9019
4.9107
5.1345
5.0151
5.2895
4.9173
4.8900
4.5994
4.6111
4.2920
4.4945
4.7080
4.6580
4.5687
4.4153
4.5385
4.5202
4.4467
4.4055
4.1222
4.2326
4.4077
4.6546
4.5138
4.5082
4.2103
4.2020
4.3015
4.5224
4.4100
4.7643
4.7233
4.7134
4.4273
4.5924
4.2466
4.1551
4.6936
4.5216
4.3521
4.4263
4.2566
4.3630
4.5054
4.2349
4.2384
4.1877
4.1150
4.0254
4.1860
4.0243
4.0765
4.3592
4.6194
4.5915
4.2349
4.1782
4.1911
4.2830
4.2677
4.3972
4.3175
4.0953
4.3769
4.5949
4.7079
4.4131
4.4175
4.2028
4.2993
4.5482
4.4751
4.5025
4.5821
4.5988
4.4291
4.5928
4.5076
4.5893
4.4294
4.5644
4.2575
4.3931
4.2655
4.4339
4.3697
4.3663
4.5569
4.3927
4.3499
4.3730
4.0853
4.1696
4.1315
4.0912
3.9893
3.9410
4.0141
4.2158
4.0032
4.1023
4.3469
4.2560
4.1488
4.3637
4.4749
4.3531
4.2929
4.4202
4.3259
4.3663
4.4807
4.2600
4.0693
4.0809
4.1860
4.1531
4.2455
4.0879
3.9965
3.8554
3.7844
3.7148
3.9480
3.8096
3.7621
3.9365
3.7429
3.9778
4.0811
3.9480
3.7561
3.9635
4.2134
4.4237
4.4113
4.3189
4.3411
4.4114
4.3879
4.4462
4.2340
4.4952
4.6732
4.6832
4.6649
4.5103
4.4765
4.5231
4.3984
4.4434
4.6672
4.6936
4.6757
4.6562
4.5037
4.6001
4.6482
4.9263
4.5824
4.9298
4.9082
4.6000
4.4369
4.4318
4.3885
4.5030
4.5882
4.4463
4.5418
4.2562
4.5233
4.6536
4.6716
4.7206
4.6914
4.5983
4.6953
4.9689
4.8306
4.5646
4.5182
4.8266
4.6485
4.5014
4.6718
4.4763
4.8257
4.5282
4.3032
4.2602
4.2346
4.1712
4.2985
4.3937
4.6371
4.2924
4.4033
4.2298
4.5188
4.2532
4.2285
4.0763
4.1152
4.2440
4.1892
4.1120
3.9739
4.3564
4.1826
4.3763
4.0475
4.1816
4.1124
4.4130
4.5240
4.2430
4.3620
4.1902
4.0963
4.0002
4.2038
4.2854
4.6328
4.4210
4.1701
4.0647
4.2123
4.3571
4.1793
4.2357
4.2488
4.2909
4.4507
4.2758
4.5576
4.4212
4.3462
4.3894
4.1694
4.1813
4.0813
4.4927
4.4549
4.0160
4.1760
4.2134
4.2226
4.1706
4.1243
3.9786
4.1505
4.1683
4.1212
3.8674
4.2339
3.8039
4.2732
4.4127
4.0720
4.0897
4.1870
4.2987
3.9405
4.1084
4.2061
4.3382
4.4469
4.4032
4.5772
4.4319
4.0896
4.1264
4.3169
4.3174
4.0875
4.0156
3.8780
4.0925
4.1487
3.9963
4.0739
4.0581
4.3193
4.1806
4.1651
4.0080
4.1529
4.3401
4.2932
4.1698
4.3571
4.5257
4.5980
4.6469
4.7855
4.5423
4.7849
4.9092
5.0478
4.8258
4.6637
4.5811
4.6435
4.7789
4.7137
4.7230
4.8106
4.6942
4.6929
4.7717
4.6470
4.4569
4.6538
4.5628
4.5700
4.9627
4.7934
4.7382
4.5670
4.9178
4.8102
4.6713
4.8422
4.3397
4.5096
4.6997
4.6179
4.5166
4.5434
4.4907
4.8425
4.7541
4.7228
4.9266
4.6986
4.8214
5.0164
5.1658
5.0365
4.9915
4.8001
4.8968
4.8385
4.5789
4.8710
4.7694
4.6827
4.6823
4.7173
4.7181
4.7238
4.4837
4.5905
4.6723
4.4674
4.3876
4.3752
4.5043
4.5621
4.3263
4.2367
4.3695
4.2226
4.2167
4.1530
4.0694
4.1558
4.4205
3.9954
4.1128
4.1180
4.3831
4.3504
4.1246
4.3342
4.0914
4.1775
4.1514
4.5949
4.6001
4.5966
4.7889
4.6133
4.7006
4.5096
4.8000
4.4885
4.6209
4.6748
4.7954
4.5716
4.6274
4.7060
4.7177
4.6094
4.3437
4.5382
4.1434
4.3533
4.5990
4.8999
4.9150
4.9312
4.6905
4.6013
4.7418
4.8103
4.7335
4.4431
4.5983
4.7609
4.9307
4.7006
4.4791
4.5270
4.7854
4.7502
4.4694
4.7779
4.7693
4.8170
4.9738
4.7371
4.7352
5.0147
4.9053
5.0230
4.9787
4.9629
5.0550
5.1334
4.9218
4.9947
4.9428
4.5068
4.3777
4.5820
4.5518
4.5926
4.5773
4.7049
4.4956
4.8030
4.8381
5.0632
4.7950
4.4472
4.1952
4.4642
4.5558
4.4499
4.7066
4.7387
4.7027
4.6841
4.9330
4.9548
4.7607
4.9412
4.9628
4.8696
4.7412
5.0465
4.3513
4.8559
4.6044
4.8474
4.9934
5.0557
4.9032
4.7778
4.7960
4.8292
4.7764
4.8630
4.5866
4.7816
4.7503
4.4878
4.6355
4.5601
4.5044
4.2957
4.6732
4.8694
4.9339
4.5876
4.5377
4.6676
4.5148
4.6001
4.3816
4.3814
4.4728
4.4011
4.4797
4.5054
4.6945
4.6014
4.5051
4.5545
4.6010
4.6967
4.6785
4.7839
4.5743
4.4892
4.6322
4.3319
4.2575
4.4672
4.6171
4.3079
4.2348
4.5097
4.3609
4.1672
4.4524
4.3001
4.2527
4.3332
4.4241
4.3003
4.2132
4.2301
4.4696
4.4341
4.0970
4.3038
3.9536
4.0644
4.3846
4.2601
4.2838
4.3010
4.2851
4.4885
4.7222
4.6183
4.4894
4.6013
4.7228
4.7490
4.8170
4.6368
4.3763
4.1320
4.3603
4.6502
4.7241
4.4217
4.3719
4.6190
4.5372
4.7012
4.4056
4.5021
4.3363
4.6293
4.5614
4.4551
4.1648
3.9464
4.3291
4.3235
4.2204
4.1788
4.2488
4.0903
3.9406
4.2571
4.1218
4.3231
4.3093
4.0706
4.3239
4.1974
4.0555
3.8828
4.1178
4.2399
4.1716
4.3045
4.2949
4.0916
4.1323
4.2415
3.9994
3.8844
3.9207
4.1824
4.0974
4.1851
3.8352
3.9712
4.0790
4.0752
4.1270
4.2574
4.1281
4.2221
3.8823
4.0286
4.4216
4.3844
4.0452
4.1637
4.3165
4.1130
4.1520
4.1693
3.9575
4.1440
4.1355
4.2945
4.3009
4.2954
4.3891
4.3358
3.9848
4.3085
4.2552
3.9530
3.8305
3.8761
3.8977
3.8405
3.9103
3.7844
4.2218
4.3079
4.0743
4.1962
4.0355
4.0868
4.0221
4.2300
4.3605
4.2192
4.1975
4.1250
4.1930
4.2423
4.0695
4.1839
3.9738
4.4559
4.3391
4.3721
4.3655
4.4608
4.4043
4.1961
4.1404
3.8654
4.0703
3.9455
4.2234
4.0274
3.8969
4.1457
4.0529
4.0966
4.1305
4.2432
4.1827
4.4957
4.4226
4.1753
3.9075
4.0247
3.9364
4.0853
4.0798
3.8761
3.8755
4.0091
4.1938
3.9851
4.1183
3.9331
4.1375
4.2311
4.1102
4.1740
4.1835
3.8795
3.7966
4.2628
4.0656
4.0048
3.7642
4.0725
4.0642
4.0241
3.9356
4.0139
4.0012
3.8403
3.7835
3.9133
3.7315
3.6702
3.6695
3.6616
3.8397
3.4651
3.4769
3.5097
3.4362
3.4488
3.6647
3.6418
3.6207
3.5995
3.8987
3.5763
3.4703
3.4388
3.6123
3.4950
3.5893
3.6918
3.6752
3.8274
3.5418
3.7965
3.5573
3.9185
3.4966
3.7957
3.8882
3.4935
3.9526
4.2440
4.1448
4.2982
3.9568
4.1019
3.9591
3.9530
3.9449
4.0441
3.9704
4.0828
4.0639
3.9806
4.0307
3.8753
3.9140
4.2023
4.0654
4.1241
4.0674
3.8628
3.7106
3.7348
3.5844
3.6251
3.6309
3.6101
3.5448
3.6530
3.5086
3.3748
3.4892
3.2738
3.2226
3.1629
3.1238
3.3012
3.3159
3.4293
3.4759
3.6282
3.6626
3.4716
3.9777
3.7913
3.9806
3.9516
3.9070
3.9914
3.9290
4.1284
4.4658
4.4457
4.2374
4.3236
4.0169
4.1464
4.1996
3.8967
4.3206
4.0813
4.2818
3.9504
3.8917
3.9020
4.0846
3.6461
3.9690
4.1976
4.1466
3.9090
3.8909
4.1025
4.2949
4.0615
4.2171
4.2445
4.0667
4.2293
4.2906
4.0946
4.4468
4.4524
4.2564
4.5566
4.6056
4.6484
4.4902
4.2267
4.6676
4.6569
4.5542
4.5679
4.5972
4.2034
4.2758
4.2114
4.0811
4.3909
4.7100
4.4582
4.7118
4.5012
4.6170
4.7765
5.0837
5.0896
5.1304
5.4024
4.8717
4.7975
4.5606
4.2775
4.4674
4.4659
4.5250
4.3613
4.7531
4.8373
4.4904
4.4977
4.5369
4.4104
4.5256
4.5714
4.6453
4.5811
4.6580
4.5758
4.4565
4.3941
4.4684
4.4304
4.9335
4.8074
4.5241
4.2968
4.3526
4.5445
4.3937
4.0458
4.6840
4.3497
4.2683
4.4604
4.4586
4.4825
4.1999
4.4480
4.3516
4.2122
4.2183
4.3618
4.4243
4.5618
4.5489
4.4752
4.2614
4.1914
4.3213
4.2139
4.4625
4.4701
4.2802
4.1462
4.0986
4.2774
4.3310
4.4643
4.1414
4.1909
4.2779
4.5161
4.3029
4.2847
4.3482
4.3391
4.5965
4.2023
4.1302
4.3115
4.4182
4.4689
4.6688
4.5285
4.5441
4.7789
4.8454
4.6511
4.5167
4.8239
4.6890
4.6001
4.9367
4.7236
4.4656
4.4880
4.4123
4.6740
4.7687
4.5061
4.4846
4.6963
4.7652
4.5893
4.5096
4.3350
4.6727
4.5274
4.4623
4.3802
4.4148
4.2957
4.3745
4.3380
4.3978
4.4003
4.5689
4.8223
4.7899
4.7154
4.8920
4.8853
4.7122
4.8102
4.7791
4.6974
4.4834
4.7841
4.8701
4.7828
4.5224
4.5886
4.4763
4.5100
4.8112
4.7581
4.6527
4.7087
4.6113
4.4558
4.6528
4.6285
4.1861
4.4317
4.7386
4.3035
4.6285
4.7191
4.6650
4.8022
4.9915
4.8793
4.9492
4.6624
4.6505
4.5477
4.5052
4.6638
4.3145
4.4386
4.2408
4.2422
4.2374
4.4392
4.7570
4.3419
4.5228
4.0909
4.2544
4.4026
4.3816
4.3804
4.5808
4.5499
4.1827
4.2434
4.3182
4.2038
4.5801
4.5937
4.7242
4.8914
4.8250
5.0750
5.2409
4.8657
4.9615
5.0249
4.9267
4.8691
4.5702
4.6640
4.7833
4.8098
4.6221
4.6422
4.6470
4.6749
4.9026
4.6686
5.0273
4.8494
4.6727
4.5362
5.1595
5.2440
5.2748
5.0351
5.0040
4.8056
4.8976
4.9271
5.0604
5.0519
4.9030
5.0151
5.0670
4.7688
4.7535
4.4747
4.6848
4.8671
4.7488
4.8366
5.1250
5.1576
5.1180
5.3818
5.4525
5.1130
4.8717
5.1931
4.8803
4.9734
5.1571
5.1062
5.0247
5.0153
4.7420
4.8321
4.7012
4.5290
4.7331
5.1510
4.5677
4.6766
4.6163
4.3730
4.6124
4.9351
4.8191
4.8205
4.6916
4.7910
4.8319
4.9463
4.7592
4.5338
4.5863
4.7134
4.5629
4.6107
5.0396
4.7838
4.8789
4.8606
4.8361
4.8491
4.8058
4.5619
4.2378
4.3396
4.5173
4.7052
4.5725
4.6538
4.5543
4.5765
4.6291
4.3377
4.5951
4.6484
4.3212
4.3611
4.5326
4.5934
4.5476
4.3573
4.6731
4.4739
4.3374
4.4095
4.3492
4.7399
4.5035
4.4113
4.4533
4.6031
4.6407
4.7430
4.7559
4.7365
4.6903
4.4660
4.6507
4.5652
4.6705
4.7126
4.9720
4.9300
4.7792
4.9802
4.8870
4.6736
5.0130
4.9052
4.8425
5.0951
4.9309
5.0527
4.8688
5.0000
4.8269
5.2481
5.2574
5.3594
5.3126
4.9876
5.1204
5.2611
5.1759
5.0786
4.9934
4.9744
5.1780
5.1609
5.1110
5.0383
4.6741
4.9205
4.6428
5.0334
4.9331
5.1202
4.9957
5.0874
4.7619
5.0545
4.8926
4.6283
4.8242
4.4384
4.9337
4.8251
4.7354
4.8420
4.7815
4.9843
4.7299
4.9542
4.5219
4.6276
4.5125
4.4622
4.3279
4.7504
4.8669
4.9206
4.6944
4.6162
4.6679
4.9270
4.7601
4.8807
4.7385
4.7184
4.6503
4.6600
4.4889
4.6105
4.5742
4.8491
4.7225
4.7012
4.8907
4.5728
4.5616
4.6098
4.9231
4.6525
4.8360
4.9005
4.3298
4.5561
4.9158
4.5713
4.5079
4.7829
4.6868
4.7909
4.6525
4.9817
4.5251
4.5878
4.8696
4.6412
4.4596
4.2957
4.6595
4.3491
4.5717
4.4948
4.5789
4.6799
4.6517
4.5910
4.2440
4.3463
4.5030
4.5648
4.5422
4.4994
4.6378
4.7572
4.6055
4.6540
4.8603
4.8902
4.6604
4.6866
4.8199
5.0172
4.8417
4.7852
4.7003
4.7301
4.7401
4.7816
4.5686
4.6838
4.7366
4.9130
5.1574
4.8200
4.8365
4.9097
4.5991
4.5373
4.6563
4.7097
4.9069
4.9629
5.0277
5.1746
4.8316
5.0446
4.8251
4.9558
5.1697
5.0971
5.2936
4.7597
4.9936
4.9766
4.9462
4.5934
4.8510
4.6418
4.8859
4.9326
4.8335
4.4105
4.2344
4.4162
4.1265
4.1181
4.5496
4.5026
4.5892
4.5003
4.4764
4.4781
4.6318
4.5727
4.5988
4.4237
4.6010
4.9406
4.6028
4.6913
4.6036
4.6778
4.5134
4.8252
4.9763
4.6135
4.7721
4.9352
5.1028
4.9851
4.8679
4.7784
5.0293
4.7477
4.8615
4.9133
4.9059
4.8865
4.8846
4.8002
4.7483
4.5514
4.6763
4.3377
4.7236
4.7429
4.3540
4.2446
4.4074
4.6003
4.8651
4.9533
4.8681
4.6169
4.4992
4.5673
4.4931
4.6883
4.3983
4.3560
4.1771
4.3733
4.4376
4.3249
4.5670
4.7661
4.6570
4.6478
4.7218
4.7034
4.5256
4.3137
3.9215
4.1094
4.1818
4.0457
4.1306
4.2241
4.2664
3.9931
4.2305
4.3902
4.2724
4.5011
4.2661
4.3526
4.3593
4.3618
4.5996
4.5381
4.4809
4.4841
4.3540
4.2346
4.3471
4.2773
4.4801
4.3350
4.6270
4.4918
4.5681
4.5319
4.5975
4.5104
4.7907
4.6347
4.5256
4.7573
4.6703
4.7341
4.6166
4.5910
4.3721
4.3591
4.6512
4.6076
4.3221
4.3641
4.3666
4.4965
4.5725
4.3624
4.2642
4.4130
4.4595
4.6256
4.9837
4.7275
4.5448
4.4968
4.4019
4.0096
4.2818
4.2558
4.4551
4.6603
4.5149
4.7096
4.4021
4.4767
4.5774
4.9445
4.9594
4.7442
4.9768
4.5675
4.8611
4.6538
4.5160
4.5570
4.4739
4.7890
4.7585
4.7211
4.7202
4.8330
4.9956
4.8368
4.7650
4.8740
4.9188
4.7539
4.8818
4.6060
4.6469
4.6804
4.8161
4.9536
4.5821
4.7384
5.0386
4.9732
4.7155
4.8587
4.7267
4.7570
4.7333
4.6524
4.4755
4.4992
4.7193
4.4575
4.3873
4.8773
4.3679
4.2295
4.5309
4.4070
4.5943
4.7565
4.5927
4.3079
4.4697
4.5373
4.3922
4.3907
4.4979
4.3740
4.3272
4.5407
4.8061
4.5059
4.5447
4.3473
4.5242
4.6373
4.5841
4.8441
4.8287
4.6910
4.8307
4.4689
4.7124
4.6335
4.6485
4.8880
4.5528
4.8599
4.6424
4.6712
4.5453
4.4771
4.2421
4.0403
4.1758
4.0573
4.0075
3.8902
4.0750
4.0827
4.1246
4.3847
4.3441
4.2671
4.2153
4.5038
4.3846
4.4373
4.5240
4.4664
4.3547
4.5136
4.6016
4.3814
4.4972
4.6724
4.5806
4.4041
4.6269
4.4866
4.6198
4.6059
4.5656
4.4237
4.3538
4.4112
4.4995
4.5206
4.3728
4.4059
4.2552
4.6634
4.6016
4.5613
4.7352
4.3692
4.2751
4.3957
4.1138
4.5210
4.3732
4.4558
4.3860
4.6080
4.5035
4.2530
4.1604
4.5541
4.4751
4.5747
4.5262
4.5556
4.4008
4.3842
4.6094
4.4812
4.5881
4.4577
4.4038
4.3006
4.6629
4.4351
4.4245
4.4903
4.4764
4.6807
4.4660
4.5247
4.4987
4.5150
4.3691
4.6225
4.8112
4.2822
4.3435
4.2681
4.2429
4.2895
4.3958
4.3691
4.4155
4.3532
4.4647
4.1535
4.1467
4.3136
4.4900
4.7782
4.6063
4.4604
4.3703
4.1275
4.4097
4.3883
4.6722
4.2048
4.5767
4.2732
4.2310
4.5038
4.4860
4.9215
4.5987
4.7013
4.5688
4.4535
4.2476
4.6911
4.4692
4.3898
4.4929
4.5328
4.6785
4.5638
4.6947
4.6155
4.4518
4.4624
4.3354
4.6580
4.5145
4.3591
4.2829
4.3501
4.2989
4.3013
4.3750
4.4712
4.6236
4.6270
4.2179
4.4095
4.2904
4.3658
4.5138
4.2952
4.4863
4.3287
4.3838
4.3850
4.7216
4.2584
4.2475
4.1184
4.1659
3.9483
4.0148
3.9072
4.0595
3.8388
4.0729
4.0942
4.1465
4.1611
4.1577
3.9818
4.1059
4.4463
4.0507
4.1950
4.1679
4.0721
4.0709
4.1223
4.3602
4.3525
4.4589
4.3962
4.2193
4.0737
4.3623
4.1422
4.3216
4.5013
4.4144
4.2388
4.3619
4.0365
4.0876
4.0446
4.0453
4.2232
4.1076
3.9936
4.1127
4.2246
4.4224
4.1761
4.0462
4.1982
4.1608
4.0647
3.7925
3.9202
3.9955
3.6377
3.7798
3.4882
3.6388
3.7144
3.6873
3.5699
3.5342
3.3694
3.3991
3.4064
3.4900
3.7841
3.4398
3.6586
3.8627
3.9123
3.6305
4.0288
3.9079
3.8970
3.4773
3.6023
3.5219
3.7875
3.7852
3.7997
3.6893
3.7930
3.8203
3.7473
3.5617
3.6872
3.6002
3.5463
3.5416
3.7101
3.7640
3.7893
3.9848
4.1365
4.2095
3.7025
3.9391
4.2572
4.1566
3.9622
4.1429
3.9599
3.8881
3.9969
4.0127
4.0536
3.9165
3.9597
3.8659
4.0071
3.9774
4.0277
3.7690
3.7340
4.1488
3.9824
3.8363
3.8911
3.7366
3.7127
3.7692
3.5766
3.6674
3.7395
3.9423
3.6525
3.7239
3.6522
3.5858
3.7325
3.9048
3.8509
3.8893
3.8413
3.8655
4.0137
4.1662
4.2050
4.3412
4.1858
4.1417
4.0967
4.5341
4.6116
4.4243
4.2899
4.5984
4.3341
4.6800
4.5374
4.5986
4.7038
4.5335
4.2054
4.9131
4.8326
4.7313
4.5090
4.4350
4.4539
4.5569
4.4559
4.2913
4.3831
4.1194
4.2918
4.2108
4.2568
4.4821
4.5271
4.3439
4.3055
4.4118
4.3627
4.3188
4.3902
4.3212
4.2839
4.3649
4.3696
4.3570
4.1876
4.1249
4.3629
4.2690
4.3223
4.2619
4.2630
4.3006
4.4234
4.4702
4.4884
4.6846
4.6156
4.5158
4.2979
4.4004
4.4995
4.6230
4.7598
4.5170
4.5661
4.2100
4.2327
3.9821
3.8996
4.0178
4.2135
4.5533
4.6848
4.4099
4.4373
4.5015
4.8716
4.1381
4.0533
4.2047
4.2880
4.3685
4.4675
4.2938
4.7213
4.4457
4.0825
4.3973
4.1804
4.2304
4.3650
4.5152
4.6208
4.2623
4.2996
4.1813
4.2601
4.1889
4.1776
4.0884
4.0177
4.2915
4.2090
4.1586
4.2621
4.1266
4.5031
4.7575
4.2285
3.9648
4.2536
4.3897
4.2661
4.3544
4.5687
4.6768
4.5842
4.2078
4.0787
4.3567
4.1971
4.3826
4.2134
4.3181
4.1822
4.2684
4.3042
4.5332
4.6315
4.6886
4.6291
4.4887
4.4447
4.2378
4.0807
4.1001
4.2382
4.1860
4.0254
4.0881
3.8118
3.9211
4.0056
3.9420
3.8645
4.1584
3.8345
3.5975
3.8405
3.8938
3.9684
3.8662
4.1188
4.1230
4.1094
4.1504
4.1460
4.1567
4.2339
4.2188
3.8310
3.9327
3.7758
4.0916
4.1009
4.1558
4.1994
4.2804
4.3090
4.4150
4.4283
4.2936
4.0089
4.2906
4.5562
4.4963
4.3785
4.3176
4.4815
4.4614
4.1788
4.1763
3.7499
4.0438
4.0872
4.2660
4.0525
4.2478
4.0864
4.0580
3.9166
4.1189
3.9247
4.0220
3.8631
3.9674
3.8125
3.8368
3.9892
3.9113
4.1697
4.0863
4.0551
4.0065
4.0557
3.9421
4.0028
3.9258
4.0334
4.2730
4.0087
4.1360
4.1280
3.8839
4.1011
4.1312
4.2008
4.3971
4.2443
4.3780
4.2605
4.4757
4.0631
4.2467
4.1954
4.2964
3.9039
3.8886
3.9832
3.8815
3.9453
4.2240
3.9403
3.8375
3.9299
3.7908
3.9331
3.8577
3.8592
4.0442
3.8174
3.7466
3.6579
4.0571
4.0171
3.9510
3.7455
3.6201
3.6860
3.7458
3.7798
3.7194
3.6344
3.5558
3.5676
3.7682
3.7311
3.8329
3.7309
3.8824
4.0861
4.0000
4.0102
3.7285
3.7409
3.8623
3.4715
3.5027
3.5847
3.7235
3.5193
3.6869
3.7867
3.5600
3.5371
3.5179
3.6013
3.8429
3.6515
3.8336
3.8234
3.5649
3.6263
3.4028
3.7099
3.3565
3.4567
3.4148
3.3905
3.2812
3.3657
3.5415
3.2289
3.4953
3.4612
3.4388
3.2394
3.4630
3.4140
3.4182
3.2405
3.2492
3.2167
3.2186
3.1950
3.4464
3.3466
3.5314
3.5535
3.6565
3.6906
3.6601
3.6838
3.6721
3.4996
3.5430
3.6348
3.7655
3.4547
3.7362
3.6557
3.6735
3.6304
3.6034
3.7242
3.7123
3.7400
3.6622
3.4428
3.4660
3.6646
3.6358
3.6908
3.6327
3.6062
3.6484
3.4721
3.6383
3.4610
3.6995
3.5672
3.7780
3.7191
3.5102
3.7287
3.6228
3.8739
3.6408
3.4042
3.3312
3.5761
3.3569
3.3932
3.6475
3.6356
3.4128
3.3701
3.4174
3.5547
3.3273
3.2674
3.4084
3.3925
3.4156
3.1856
3.5105
3.5830
3.3317
3.4210
3.5214
3.3569
3.3136
3.1615
3.3806
3.4132
3.3897
3.3725
3.2070
3.5120
3.5500
3.3685
3.3163
3.5384
3.2684
3.2761
3.2021
3.2455
3.4529
3.3731
3.5933
3.5126
3.6404
3.4911
3.6675
3.5726
3.4450
3.3679
3.7683
3.6065
3.4009
3.3053
3.3474
3.2969
3.3050
3.2709
3.3888
3.4316
3.7019
3.5298
3.4998
3.3060
3.3859
3.5087
3.6881
3.5775
3.6728
3.7899
3.6089
3.6422
3.8416
3.8649
3.8426
3.8134
4.1084
3.8732
3.9328
3.8412
3.6368
3.6875
3.5511
3.6379
3.8468
3.6174
3.7674
3.9085
3.6332
3.7226
3.8889
3.7688
3.7411
3.7980
3.6629
3.7179
3.7158
3.6687
3.8474
3.7673
3.7352
3.6036
3.6421
3.7606
3.6861
3.7798
3.7541
3.6643
3.6353
3.5335
3.4750
3.5761
3.6125
3.6227
3.4938
3.6212
3.8792
3.7789
3.8707
3.6333
3.8646
3.8424
3.6778
3.6392
3.8169
3.6435
3.4950
3.6769
3.6026
3.7085
3.5430
3.6211
3.5809
3.4613
3.5691
3.6412
3.6584
3.3362
3.3034
3.4938
3.6396
3.4266
3.4926
3.1669
3.3097
3.3771
3.3636
3.3801
3.5665
3.5950
3.8089
3.8105
3.6716
3.5795
3.6822
3.5170
3.6187
3.7409
3.8773
3.8330
3.7809
3.6528
3.8460
3.8266
3.7224
3.7845
3.7464
3.5344
3.6303
3.5714
3.5055
3.3561
3.4088
3.5849
3.4837
3.3938
3.5307
3.5597
3.4795
3.8804
3.7947
3.4793
3.3013
3.4351
3.5585
3.3686
3.6642
3.6085
3.8606
3.6956
3.5004
3.4019
3.4624
3.6946
3.7863
3.5649
3.6554
3.5815
3.5670
3.4346
3.5359
3.4971
3.8596
3.6187
3.6066
3.7456
3.8425
3.7587
3.9371
3.8212
3.7848
3.5965
4.0553
3.9490
3.7411
3.7686
3.8055
3.6070
3.5814
4.1008
3.8872
4.0931
3.5921
3.8299
3.8910
3.8382
3.6293
3.2425
3.5791
3.4581
3.4744
3.5072
3.6218
3.8662
3.6815
3.5421
3.6045
3.6868
3.8388
3.7277
3.9486
3.7812
3.8353
3.8382
3.6586
3.4921
3.6165
3.5289
3.6351
3.6935
3.7848
3.5763
3.5681
3.6699
3.5825
3.7350
3.7140
3.6868
3.7187
3.6409
3.5654
3.5679
3.7191
3.6494
3.5696
3.6340
3.6186
3.4856
3.6903
3.5863
3.6950
3.7054
3.5997
3.5856
3.7291
3.5394
3.6591
3.7172
3.5845
3.5330
3.5430
3.4332
3.5732
3.6365
3.6104
3.6979
3.6663
3.5147
3.5659
3.7927
3.7991
3.8863
3.6982
3.7995
3.7518
3.8346
3.7153
3.7888
3.7494
3.6747
3.5218
3.5624
3.6133
3.4850
3.5975
3.7065
3.5819
3.4549
3.4321
3.3591
3.4370
3.4421
3.2846
3.4365
3.4799
3.6888
3.4913
3.6662
3.4987
3.7439
3.6018
3.4748
3.5476
3.4689
3.6171
3.3996
3.6257
3.5768
3.4667
3.3747
3.5940
3.8153
3.6894
3.6271
3.5757
3.6464
3.7862
3.6866
3.7542
3.7068
3.6643
3.7999
3.8746
3.8806
4.0125
3.7626
3.6485
3.5291
3.5453
3.5096
3.7471
3.7526
3.8175
3.7380
3.7655
3.6700
3.6400
3.7007
3.7846
3.8915
3.8115
3.8140
3.7830
3.7638
3.7925
3.8579
3.9097
3.9613
4.0552
4.0521
4.0083
4.1424
3.9378
4.1421
3.8956
3.8436
3.4669
3.5737
3.6712
3.7585
3.8614
3.4575
3.5616
3.5993
3.3724
3.3268
3.5595
3.8052
3.6393
3.7746
3.6410
3.6870
3.7933
3.8543
3.8290
3.5090
3.7995
3.7055
3.7348
3.8663
3.4942
3.6913
3.6199
3.6080
3.6494
3.6238
3.6856
3.6474
3.5333
3.4783
3.4953
3.3267
3.4904
3.5582
3.5865
3.6532
3.3036
3.5852
3.4192
3.5612
3.7267
3.4533
3.4808
3.6543
3.5928
3.4721
3.5882
3.5409
3.5902
3.7574
3.6320
3.5942
3.8470
3.7330
3.6451
3.6916
3.3712
3.4780
3.3707
3.4289
3.3833
3.4682
3.4464
3.4128
3.5606
3.7673
3.5550
3.8388
3.5736
3.6314
3.5463
3.3955
3.3928
3.3699
3.5977
3.5165
3.7559
3.7816
3.6134
3.6524
3.7528
3.8000
3.6203
3.5789
3.9223
3.9464
3.9186
3.8841
3.9029
3.9803
3.9660
3.9274
3.8269
3.7077
3.2340
3.2477
3.3987
3.3478
3.4041
3.3000
3.3284
3.2371
3.2654
3.3863
3.5249
3.4845
3.6629
3.5886
3.4574
3.3300
3.4840
3.2522
3.3587
3.4314
3.3787
3.4748
3.4979
3.3434
3.4057
3.7063
3.5283
3.5895
3.6016
3.4815
3.5752
3.6866
3.4839
3.7630
3.6872
3.8331
3.7020
3.6566
3.6677
3.4556
3.6213
3.7833
3.6882
3.9663
3.8132
3.9107
3.8097
3.8481
3.3919
3.6507
3.7836
3.7108
3.5468
3.5469
3.5796
3.5640
3.4246
3.6230
3.6957
3.4705
3.3607
3.6610
3.4590
3.5864
3.7894
3.9872
3.8628
3.9148
3.7063
3.6954
3.4163
3.6068
3.6483
3.9302
3.7543
3.6752
3.7038
3.6697
3.6355
3.6818
3.6430
3.6084
3.7592
3.8488
3.5483
3.6697
3.7418
3.7597
3.7092
3.7807
3.8802
3.9059
3.8906
4.1351
3.9786
4.0943
4.0888
4.1268
3.9081
4.0102
4.2403
4.1824
4.1186
4.1074
4.2609
3.9775
4.0705
4.0300
4.0814
4.0863
3.9100
3.8839
4.0890
4.0631
3.8819
3.9089
3.9414
4.1772
4.2923
4.0588
4.2180
4.4824
4.1125
4.4575
4.3933
4.4283
4.5064
4.1864
4.4892
4.2501
4.3396
4.2927
4.2529
4.1319
4.1787
4.5362
4.4159
4.4259
4.5445
4.5555
4.3502
4.2958
4.4652
4.4650
4.5641
4.4381
4.7030
4.3155
4.3227
4.2425
