2.3827
2.5242
2.0575
2.6506
2.6835
2.6219
2.4528
2.9777
2.5520
2.4246
2.0416
2.0600
2.4375
2.3990
2.1022
2.3145
2.4043
2.3610
2.1452
2.6097
2.2690
2.4334
2.2881
2.0333
1.9675
2.2595
2.3180
2.4166
2.4036
2.2333
1.9882
2.3186
2.4777
2.2286
2.1834
1.9685
2.0737
2.2941
1.7958
2.0414
2.1374
2.3186
2.3866
2.2953
2.3180
3.2158
2.2196
2.9809
2.7482
2.5226
2.4868
2.1419
2.3261
2.0239
2.2319
1.8184
1.9384
1.9862
2.0106
1.5849
1.9357
2.0035
2.0335
1.7413
1.9281
2.1020
2.2987
2.1669
2.0631
2.3272
2.0239
1.6842
1.7368
1.7510
2.1683
2.0469
1.8597
2.3918
2.1007
2.1640
2.0728
1.8386
1.8685
1.8773
2.1181
1.7083
2.0199
1.8482
1.7096
1.9843
1.9794
1.9056
1.9168
1.6486
1.9781
2.0044
2.1355
1.8226
1.9509
2.0213
1.9358
2.0823
1.9454
1.7001
1.8206
1.9278
1.8588
2.0229
2.1994
2.2708
2.1192
1.9371
1.8239
2.2436
1.9447
2.3737
2.1981
2.2487
2.6908
2.5732
2.0364
2.5095
2.1636
2.4101
2.3328
2.4538
2.2746
2.4868
2.3384
2.2537
2.0388
2.3124
2.2869
2.6893
2.5149
2.2725
2.4522
2.3963
2.0980
2.3076
2.2399
2.2512
2.2310
2.2581
2.8074
2.3662
2.5484
2.2418
2.1751
2.4722
2.4392
2.6481
2.3462
2.4452
2.2726
2.2352
2.2120
2.4689
1.9387
2.1996
2.3648
2.2775
2.1956
2.3178
2.5427
2.5069
2.7217
2.3987
2.3833
2.2947
2.3939
2.5415
2.4747
2.6374
2.3460
2.2887
2.3785
2.5245
2.7158
2.3791
2.4545
2.5785
2.5029
2.6174
2.7304
2.6035
2.5047
2.3313
2.2831
2.4093
2.2695
2.3789
2.3374
2.1430
2.4457
2.3363
2.3415
2.2587
2.5258
2.2650
2.2168
2.3650
2.1841
2.2114
2.4252
2.0049
2.0739
2.0258
2.0893
2.2040
2.4308
2.2119
2.3286
2.2514
2.0690
2.2902
2.4859
2.4285
2.3229
2.3798
2.4059
2.4324
2.3765
2.2334
1.6630
2.1438
2.3184
2.0962
2.3780
2.2736
2.0868
2.1959
2.1367
2.2508
1.8554
2.5109
2.2459
2.6334
2.2523
2.2471
1.9775
1.9225
1.9805
1.9985
1.6308
1.6594
2.0772
1.7771
1.9818
2.0698
1.8181
1.7597
1.8995
1.7181
1.8873
2.2194
1.9964
2.1134
2.2482
2.2471
1.8218
2.0743
2.2109
1.8291
1.9756
2.0841
2.0326
2.3720
2.5907
2.2304
2.3355
2.3888
1.9123
1.9287
1.7877
1.8131
1.6555
1.9146
2.0495
1.9534
1.9194
2.0791
2.3025
2.1163
1.9637
2.3680
1.9522
2.1873
1.5484
1.8317
2.0049
2.1297
1.6717
1.6996
1.9168
2.0237
1.7310
1.8651
1.3550
1.4249
1.4588
1.8447
1.6917
1.9881
2.1410
1.9916
2.1106
2.1267
1.9141
1.6298
1.4842
1.9195
1.7409
1.9812
1.9174
1.8995
2.1147
1.8694
1.8580
1.8348
1.9244
1.6926
1.6958
1.7393
1.9672
1.9293
1.8982
1.9769
1.8575
1.7756
1.8811
1.6106
1.8625
1.8805
1.8394
1.9035
1.9816
1.6741
1.6604
1.6716
1.6987
1.8368
1.9220
1.7450
1.8206
1.8581
1.6619
1.9757
1.8013
1.6392
1.6488
1.9547
1.6808
1.9354
1.7591
1.6484
1.7152
1.8808
1.7433
2.0015
2.1511
2.1635
1.9790
1.7936
1.8912
1.8762
1.8377
1.6753
1.9286
1.6727
1.9204
1.9767
1.8770
1.8746
1.8185
1.8953
1.6898
1.9330
2.0168
1.6519
1.8990
1.8016
1.6162
1.5488
1.2925
1.2574
1.2714
1.8035
1.2351
1.0160
1.1746
1.3104
1.0606
1.1964
1.0167
1.2590
1.1959
1.4119
1.1522
1.1718
1.3563
1.1474
1.3326
1.4463
1.4847
1.7291
1.3543
0.9961
0.9010
0.9723
1.1693
1.2477
1.1733
1.1029
1.0086
1.1655
1.3744
0.9809
1.6530
1.6381
2.1898
1.8359
1.6830
1.8553
1.9461
1.8158
2.2110
2.2013
1.9359
2.1912
2.1032
2.3634
2.2950
1.9015
2.2060
2.0977
2.1710
2.3702
2.3949
2.0647
1.8181
1.6739
2.1099
2.2018
2.0072
2.1523
2.0321
2.5138
1.9578
1.9950
1.8570
1.7382
2.1051
1.6516
1.9407
1.9993
1.7030
1.5724
1.8885
2.0087
1.9328
1.7945
1.6580
1.7962
1.5287
1.6963
1.8550
1.7272
1.4881
1.9691
2.0231
1.8047
2.0865
1.5305
1.7202
1.8071
1.6744
1.5613
1.8474
1.3895
1.8893
1.8865
1.7281
1.5554
1.6842
1.6647
1.8965
1.9383
1.7799
1.6318
1.6811
1.7835
1.8269
1.5884
1.4938
2.0015
1.8725
1.7054
1.7157
1.7812
1.6556
1.9462
1.8724
1.8824
1.7941
1.7541
1.7142
1.8272
1.8513
1.9155
1.6831
1.9365
1.9721
1.9136
2.4007
2.1860
1.8895
2.1231
2.1149
1.9636
1.9803
2.5480
2.0042
1.8264
1.7170
1.7486
1.9486
1.7432
2.1109
2.0299
1.6938
2.0537
1.9593
1.4871
1.8264
1.8609
1.8973
1.9592
2.1963
1.8591
1.6647
1.8259
1.9285
1.8568
2.0547
1.8168
2.1250
1.4131
1.9832
1.9740
2.0217
1.5222
1.7651
2.1139
2.2030
2.2948
2.1117
2.0970
1.8292
1.8688
1.9370
1.9318
1.8696
2.3418
2.2393
2.0456
2.0784
2.0744
2.1906
2.3736
2.0288
2.3621
1.8551
1.9880
2.0554
2.0272
2.1837
2.0829
1.9388
2.0052
1.8285
2.1430
2.2790
2.2226
1.6511
1.7138
2.2405
1.6078
1.6915
1.9402
2.1014
1.6631
1.7696
1.6747
1.5291
1.6876
1.6965
1.4991
1.8061
1.6896
1.6800
1.7070
1.5366
1.8017
1.4909
1.8430
1.6138
1.7047
1.7158
1.5451
1.5235
1.6498
1.6672
1.5271
1.6518
1.5820
1.5257
1.5561
1.8652
2.1324
1.8656
1.7982
1.9889
1.4788
2.1517
1.9313
2.0161
1.5229
1.8037
1.6219
1.8648
1.4892
1.6745
1.6106
1.6229
1.5795
1.5814
1.5718
1.7415
1.7158
1.3544
1.4130
1.4123
1.6765
1.2826
1.3712
1.5615
1.4541
1.9863
1.9539
2.0080
2.0922
1.7534
1.8156
1.8062
1.6226
1.5089
1.6212
1.8938
1.8321
1.4990
1.4416
1.8869
1.8885
1.7824
1.7395
1.7434
2.0968
2.0156
2.3069
2.2123
2.2268
2.2579
2.1631
2.4135
2.3209
2.4358
2.1533
2.0150
1.7747
1.9402
1.8900
2.0933
2.1564
1.8305
1.6057
2.3059
2.1111
2.1895
1.8560
2.1769
1.9716
2.0886
2.0229
1.9434
2.2365
1.6854
2.4448
2.3064
2.2258
1.8713
2.1943
2.3860
2.5624
2.1487
1.7919
1.9139
2.3800
1.9299
2.1272
2.0905
2.0441
1.7867
2.0879
2.1768
2.1127
2.0213
2.0069
2.1636
2.5269
1.8288
2.2370
2.2926
2.2540
2.4170
1.8379
2.3847
2.2539
1.9780
2.4316
2.2755
2.2910
2.3302
1.9942
2.4730
2.9288
1.8122
1.9240
1.9684
2.1625
2.1660
2.1278
2.2929
2.0051
2.0741
2.0063
1.9011
2.2724
2.2002
1.5905
1.8195
1.9008
2.1700
2.1594
1.8345
2.0775
2.1588
2.0278
2.0519
1.9094
2.0867
1.8462
2.2699
1.9769
2.0223
1.5149
1.5793
1.7986
1.9230
1.9627
2.2545
2.1848
2.6117
2.2055
2.1699
2.3999
2.1583
2.0348
2.0580
2.6718
2.2531
2.0332
1.8913
1.9774
2.2134
1.8935
2.3003
2.1034
2.2299
2.2591
2.3141
2.0667
2.3125
2.2396
2.3838
2.5138
2.0993
2.1593
1.9527
1.8270
2.2799
1.9643
2.1998
2.3311
2.0639
2.3471
2.3557
2.2108
2.6137
2.6397
2.4882
2.8188
2.8646
2.6475
2.2939
2.2120
2.8582
2.7543
2.2932
2.4113
2.4537
2.6360
2.4964
2.6526
2.7108
2.8172
2.5360
2.4852
2.8836
2.7708
2.8331
2.7558
2.8054
2.7791
2.2206
2.2823
1.9894
2.3212
1.8308
2.0894
2.0463
2.3563
1.8881
2.3147
2.3375
2.4905
2.2859
2.4415
2.2511
2.1542
2.1720
2.3325
1.9018
1.9076
1.5744
1.9619
2.0198
1.9978
1.7693
1.8733
1.9193
1.8287
1.8387
1.3991
1.3032
1.4697
1.4110
1.9075
1.5197
1.2542
1.2555
1.2946
1.3791
1.2001
1.3688
1.9012
1.8252
1.8809
2.1948
2.1053
1.9276
2.2479
1.8651
1.9898
2.0472
2.2019
2.0800
2.0008
2.2974
2.1421
2.2612
1.9765
1.8850
2.0715
1.8655
1.9173
1.8351
1.7996
2.0613
1.6450
2.1237
2.1019
2.4165
2.1121
2.2038
1.9644
2.4580
2.4114
2.1681
1.7118
2.0067
2.1060
2.0618
2.0343
1.7207
1.9227
2.2464
1.8589
1.7944
1.6438
1.5806
2.0135
1.8471
1.8234
1.5539
2.0051
2.0498
2.0912
2.1199
2.0668
1.8746
2.0419
1.9715
1.8619
1.7561
2.0707
1.6850
1.8549
1.6962
2.0398
2.0382
2.4170
2.3060
2.2169
2.2917
1.8620
2.0539
1.9229
1.7991
2.3186
2.4379
2.1958
2.4341
1.8112
1.9963
2.2275
1.6858
1.9711
1.8316
2.0255
1.8690
1.9928
2.1652
1.8912
1.5985
1.6904
1.8061
1.8281
1.8943
1.7110
1.7708
1.6193
1.8565
1.7373
1.8342
1.8642
2.0382
1.9856
1.8838
2.1375
1.7549
1.9193
1.7538
1.6737
1.6951
2.3495
1.8955
2.0145
1.8601
1.8703
1.7563
2.0875
1.8747
1.9250
1.5988
2.1059
2.2562
2.0525
2.0538
1.9645
1.9898
1.9061
1.9634
1.6164
1.7975
1.8310
1.8262
1.6864
1.8767
1.7955
2.1168
1.5975
1.5493
1.8507
1.5327
1.8390
1.4686
1.9032
1.6228
2.0158
1.7773
1.6918
1.8975
1.9850
1.9114
1.9851
2.0693
2.4774
2.4393
2.1675
2.0363
2.3794
2.2783
2.1641
2.3685
2.4261
2.3167
2.1945
2.5010
2.0488
2.2880
2.2142
2.2243
2.2988
2.1324
2.4350
2.2511
2.1294
2.3800
2.0170
1.9977
2.2335
2.7411
2.5570
2.6139
2.9359
2.9022
2.8235
3.1185
2.5778
2.5470
2.6255
2.5951
2.5571
2.6950
2.3010
2.6696
2.4488
2.8632
2.6071
2.5819
3.0502
3.2439
3.1265
2.9351
2.9373
3.0133
3.1221
3.3668
3.0977
3.0269
2.8886
3.4064
2.8513
2.8945
3.2027
2.6760
2.4900
2.7453
2.3546
2.3172
2.5523
2.4484
2.1737
2.2079
2.6292
2.5794
2.4195
2.2633
2.3333
2.5681
2.0515
2.0216
2.2240
2.4037
2.5984
2.4845
2.6036
2.4120
2.8104
2.2730
1.8302
2.6148
2.0496
2.2164
2.1251
2.1053
2.1061
2.1196
1.8770
1.8013
1.8979
2.1260
2.2720
2.0566
2.1021
2.3676
1.8996
1.9591
2.6020
2.7353
2.5034
2.4379
2.2416
2.5193
2.3204
2.6240
2.5819
2.0472
2.1849
2.4330
2.6118
1.9473
1.9545
2.3727
2.0699
2.1773
2.2171
1.9318
2.1892
1.5243
2.0634
2.1301
2.0110
2.0933
2.2569
2.2227
1.7794
2.1002
2.0315
1.9205
2.0102
1.6803
1.8344
1.7381
1.7294
1.9064
2.1360
1.9350
1.8568
1.9755
1.8286
2.3326
2.1391
2.0645
2.3202
2.1022
1.8917
2.1771
2.4414
2.3781
2.4533
2.2116
1.9672
2.2349
1.9970
2.2227
2.2061
2.0047
2.3604
2.8482
2.5270
2.2660
2.3772
2.1233
2.1588
2.3488
2.1140
2.8706
2.7951
2.7092
2.3604
2.2263
2.3765
2.6735
2.2802
2.3921
2.6172
2.3360
2.5168
2.3927
2.7991
2.5633
2.9638
2.9626
2.8007
2.7717
2.8608
2.9855
2.9316
2.8985
2.6180
2.4706
2.3099
2.6063
2.3955
2.9713
2.4448
2.3450
2.2089
2.3988
2.4178
2.1822
2.1524
2.5661
2.4211
2.2892
2.1745
2.2617
2.5276
2.5894
2.3867
2.3622
2.2079
2.3312
2.1239
2.3853
2.4932
2.2383
2.1671
2.2870
2.2287
2.0297
2.2105
2.2301
2.2408
1.8495
1.6160
1.6324
2.0181
1.5828
1.4213
1.6880
1.6610
1.8474
1.7904
1.8870
1.6107
1.9670
2.0479
1.9532
1.7084
1.6127
1.6006
1.2752
1.7383
1.7287
1.7586
1.7598
1.5488
1.6402
1.6827
1.9782
2.3892
2.3330
2.0084
2.3161
1.8893
1.9308
2.0475
1.7557
1.7574
1.5984
1.7635
1.7923
1.6932
2.0916
1.9256
2.2398
2.3131
2.6651
2.1470
2.2103
1.9233
1.7521
1.7293
1.6425
2.0186
2.0084
1.9556
2.1412
1.9704
2.3320
1.9412
2.3876
2.0426
2.2073
1.9266
2.3219
1.8952
2.3666
2.2957
2.1261
1.9950
2.0524
1.8342
1.8431
2.1227
2.0383
1.9008
1.9023
1.9446
2.0138
1.9502
1.9314
1.8544
2.0538
2.0770
1.9515
1.8920
2.1028
2.0486
2.0352
2.2728
2.0401
2.2832
2.2466
1.5744
2.1245
2.2115
2.0401
2.2279
2.1230
1.9237
1.8998
1.8874
1.9862
2.4059
2.4002
2.1606
2.0107
1.8219
1.9598
2.1053
2.0006
2.2187
2.5039
2.1352
2.1423
2.3507
2.4114
2.0243
2.3459
2.1330
2.1291
2.3135
1.8463
2.2464
2.1397
2.4864
2.2614
2.1502
1.9087
2.1846
2.0144
2.0726
1.9830
2.1611
1.9591
1.9856
1.7395
2.3060
2.6205
2.0958
2.1566
1.9737
2.3816
2.2387
1.7803
2.2847
2.0330
2.4968
1.8479
2.3307
2.1750
2.0982
1.8484
2.0220
2.0450
1.7693
2.0605
1.8377
1.9756
1.7438
1.7483
1.8789
1.6125
2.0170
1.6703
1.9018
2.2869
2.1253
2.3382
1.8311
2.0676
2.4063
2.2710
2.2731
2.5325
2.4181
1.9314
2.0206
2.4524
2.3859
2.5374
2.0217
2.0195
1.7098
2.1555
2.3620
2.2974
2.4284
2.4111
2.3810
2.5033
2.0576
2.1465
2.0684
2.3806
1.8776
2.0398
1.6438
1.9129
1.8380
2.3575
1.6625
1.6659
1.7910
1.6644
1.5891
1.6850
1.9098
1.9517
1.9115
2.0550
1.5189
1.6324
1.5850
1.7503
1.7644
1.5629
1.9991
1.7666
1.6045
1.6853
1.5205
1.2511
1.7194
1.6548
1.7242
1.6550
2.0852
1.8543
1.7645
1.4950
1.6378
2.1040
1.7342
1.7977
1.9651
2.0096
2.0336
2.1499
1.9870
1.7522
2.0679
2.0986
2.0663
1.9222
1.7357
1.6407
2.0157
1.9327
2.3703
2.1604
2.0571
1.9247
1.4812
1.6561
1.5716
1.7763
1.9125
1.9554
2.1394
1.6975
1.6022
2.0098
1.6413
2.0105
1.8997
1.8957
2.1313
1.8962
2.1398
2.3104
2.3584
2.4098
2.3007
2.2144
2.3860
2.2677
2.3739
2.2314
2.4940
2.2978
2.5225
2.1986
2.1435
2.1588
2.4617
2.4353
2.2670
2.2717
2.1960
2.3650
2.3385
2.5494
2.5164
2.4928
2.4266
2.2037
2.2584
1.7013
2.1958
2.1257
2.2588
2.0999
2.0160
2.0691
2.3849
2.4057
2.1541
2.3525
2.3076
2.6568
2.4740
2.2363
2.3663
2.5582
2.2137
2.1402
1.9985
2.7411
2.2144
2.0510
2.1705
2.6724
2.7393
2.6307
2.0100
2.3867
2.1193
2.1732
2.2882
1.9491
2.0122
2.2280
2.1722
2.0747
2.1574
2.1381
2.0624
1.9734
1.9691
1.9804
1.9664
1.7678
1.7842
1.8718
1.8562
1.9724
2.2785
2.0952
2.3341
2.0546
1.9163
1.8583
1.8675
2.0132
1.7506
1.8957
1.7118
1.7619
1.6361
1.4873
1.5653
2.0047
2.3424
1.8350
2.1014
1.7904
1.7688
1.9024
1.5865
1.7502
1.9645
1.7482
1.6351
1.7577
1.8093
1.6220
1.7949
1.6126
1.7488
1.5491
1.9707
1.8969
1.8718
2.0149
1.8976
1.7440
1.5965
2.0974
2.2243
2.0117
1.7631
1.8622
2.3533
2.4605
2.3386
2.4733
2.9011
2.5935
2.4903
2.4709
2.6142
2.3414
2.4076
2.5901
2.7101
2.4146
2.0590
2.0144
1.9291
1.9598
1.9402
1.8257
2.4189
2.5264
2.6638
2.6494
2.4484
2.3162
2.5645
2.3186
2.7045
2.6972
2.4815
2.3372
2.1788
2.1929
2.1562
2.1215
1.9681
2.2785
2.4858
2.5571
2.2639
2.7220
2.8656
2.4142
2.3786
2.7177
2.3656
2.4248
2.1930
2.0038
2.3598
2.1044
1.9144
2.1354
2.0323
1.8505
1.9209
1.9874
1.8733
2.1933
2.5033
2.3298
2.1347
1.9245
1.9577
1.9280
1.9382
2.1333
2.2647
2.2912
1.9405
2.1889
1.9867
1.7801
1.5252
1.7637
1.8759
2.1205
1.7370
1.7282
1.8183
1.7664
1.7329
2.0963
2.2142
1.8440
1.9992
2.0419
2.1274
1.9565
2.2743
2.4049
2.3006
2.6367
2.4128
2.5843
2.4583
2.4219
2.0943
1.9706
1.8497
1.9591
1.9271
2.1198
1.5986
2.1028
2.2583
2.3728
2.1638
2.1339
2.0292
2.4035
2.5472
2.1919
2.2578
2.1299
2.3988
2.0818
2.4177
2.3567
2.2219
2.2445
2.4459
2.3333
2.7054
2.7066
2.7697
2.6544
2.4189
2.2203
2.0231
2.1933
2.1061
2.1904
1.8610
2.1526
2.3788
1.8425
2.0580
1.7795
1.8401
1.7206
2.2880
2.6535
2.4099
2.4392
2.3308
1.8950
1.6769
1.3455
1.8109
1.8024
1.5796
1.8672
1.7485
1.7541
1.7836
1.5893
1.6986
1.6556
2.0196
2.2672
2.1403
2.3414
2.1311
2.0526
1.9315
1.6531
2.0412
1.6692
1.9841
1.6631
1.8073
2.0301
1.8729
1.8056
2.1651
1.9231
2.1792
2.0818
1.8837
1.6343
1.9993
1.7090
2.2337
1.4811
1.7344
1.6542
1.5450
1.3637
1.4466
1.6863
1.8656
1.8396
1.9752
2.4356
2.0728
2.1093
1.9035
1.6808
1.5880
1.3013
1.5369
1.6499
1.9112
1.8754
1.8295
2.0709
2.1752
1.8887
1.9962
1.7411
1.6986
1.5832
2.0814
1.8231
1.7587
1.7610
1.3714
1.7625
1.8632
1.6731
2.1314
1.9689
1.6931
1.9102
1.7194
2.2572
2.4130
2.2719
2.2683
2.1654
1.9314
2.0841
2.1874
1.8450
2.0768
1.8286
2.3263
2.1983
2.3888
2.0326
2.0446
2.2710
2.1327
2.1434
2.5735
2.3475
2.3867
2.6493
2.2019
2.5924
2.6110
2.5345
2.4363
2.5127
2.1055
1.8245
1.9681
1.9660
1.6767
1.6816
2.0932
1.7323
1.9456
1.8650
1.7247
1.6884
1.9756
1.7562
1.9991
1.9518
2.1791
2.1844
1.9286
1.8491
1.9608
1.8343
2.1027
2.0248
2.5624
1.9300
2.1878
2.2615
1.9309
2.0938
1.9483
2.0078
2.1691
1.8022
1.8600
2.0439
1.8391
2.0411
1.8418
1.8455
1.9806
1.8623
1.8752
1.7810
1.6583
2.0189
2.0913
1.7952
1.9247
1.4930
1.7175
2.0355
1.8863
1.5786
1.8304
1.9495
1.7647
1.9228
1.8856
1.7543
1.5512
1.3043
1.6786
1.4925
1.7879
1.7816
1.9380
2.0144
1.9790
1.7237
1.3266
1.3570
1.4909
1.7164
1.7791
1.7607
1.5196
1.7469
1.5164
1.5667
1.7965
2.0300
1.9173
1.6837
1.8666
1.9090
2.2350
2.1268
2.1330
1.8814
2.0442
1.9371
2.3518
2.1644
2.3321
2.2439
2.1874
1.9097
1.6879
1.8981
1.7899
1.7052
2.0811
1.7821
2.0616
1.7870
1.7685
1.8779
1.7340
1.5696
1.8445
1.5531
1.9540
1.9297
1.4427
1.7187
1.6701
1.4592
1.6986
1.8758
2.0792
2.0378
1.4056
2.0197
1.7287
2.0027
1.9313
1.8338
1.9520
1.7490
1.7566
1.6418
1.5326
1.5828
1.8538
2.0402
2.3231
1.8181
1.6885
1.7049
1.5055
1.6741
1.5296
1.4922
1.3266
1.7860
1.6628
1.5698
1.8049
1.6816
1.8066
1.2903
1.9100
1.4555
1.4250
1.3720
1.2458
1.3608
1.3279
1.6194
1.5384
1.9975
1.8559
1.7927
1.7469
1.8673
2.1583
1.5670
1.8792
1.7147
1.9631
2.1358
2.0487
2.1287
2.1910
2.1569
1.7602
1.9660
1.9180
1.7453
1.6307
1.5577
1.7378
2.2203
2.1549
1.9792
2.0204
1.7972
1.6509
1.7647
1.7747
1.7086
1.8784
1.8331
1.8165
2.0383
1.9773
1.8637
1.7488
1.7857
1.5110
1.7157
1.5538
1.3559
1.4846
1.3933
1.6275
1.7360
1.6665
1.6130
2.0840
2.0746
2.1880
1.7654
1.8958
2.0791
2.2090
2.2262
2.0451
2.0370
2.3077
1.9665
1.9095
1.9215
2.0600
1.7159
1.9982
2.0923
1.6508
2.1699
2.0975
2.2602
2.2022
1.9120
2.3699
2.3479
1.8244
2.3755
2.3247
2.0122
1.7007
1.5856
1.5199
1.6592
2.2202
2.0645
1.9376
1.8249
1.9104
2.0069
2.1205
1.8730
2.2211
2.4040
2.5767
2.7254
2.6855
2.6290
2.3253
1.9743
2.3165
2.1037
2.1517
1.9122
2.3083
2.2433
2.6569
2.0594
2.1641
1.8218
2.0824
2.0709
2.1229
1.8607
1.8809
2.0084
1.8072
1.6824
2.2164
2.1475
1.7363
2.1768
2.3287
2.1254
1.6273
1.5433
1.7501
1.8714
2.0799
2.0192
2.1757
2.1068
2.2785
2.2971
2.4426
2.4230
2.5890
1.8810
2.1930
2.2358
1.8529
2.2619
2.2402
1.9119
2.1190
2.1067
2.4694
2.4500
2.5241
2.4933
2.7397
2.3118
2.5452
2.5026
3.0432
2.6833
2.3860
2.7426
2.2450
2.3874
2.1498
2.0573
2.2895
2.2201
1.7659
1.8645
2.0972
1.9725
1.8264
1.5389
1.5155
1.6473
1.8985
1.8756
2.1225
2.0688
2.3391
1.8936
1.7685
2.0335
1.8815
1.8729
1.7778
1.7645
1.6612
1.9622
1.5830
1.9489
1.9316
1.9167
1.8480
1.7133
1.4081
1.5294
1.7722
1.7076
1.8178
1.8331
1.4776
1.6035
1.6227
1.9206
1.4076
1.4868
1.9571
1.5427
1.4996
1.4181
1.6055
2.0211
1.6247
1.8424
1.9542
2.1038
2.2331
2.3134
2.3084
2.1812
1.8260
1.8956
1.8596
2.1056
1.9606
2.1446
2.1208
2.0500
2.3993
2.0339
1.8736
2.1143
2.0910
2.0418
1.9398
1.9206
1.7496
1.9252
2.1485
2.0221
1.8435
1.9415
1.7320
2.0251
1.7692
1.9363
2.1846
1.7391
1.5988
1.7285
1.6095
1.8273
1.6892
1.7980
1.6426
1.6284
1.6120
1.6712
1.4596
1.9465
2.2020
2.1558
2.0479
1.9607
2.0345
2.1114
2.0420
2.1747
1.8507
1.7418
1.7576
1.6549
1.6764
1.7405
1.7646
1.9952
1.7646
1.6134
1.9370
1.7463
1.8682
1.6247
1.7280
1.7208
1.6208
1.9071
2.0399
1.9897
1.8595
2.0595
2.3041
2.0604
1.8093
1.9235
1.9433
2.1604
2.2271
1.9320
2.0107
2.2081
2.0337
1.7844
1.9743
2.0514
2.2305
2.2631
2.4286
2.3418
1.9181
2.3600
2.0669
2.2578
2.2907
2.2142
2.2327
1.9989
1.8475
1.9730
2.1465
1.9384
2.4403
1.5929
1.8530
1.7104
2.1524
2.2672
2.0894
1.9669
2.0904
2.2133
2.6218
2.6079
2.3850
2.4262
2.6862
2.2260
2.5242
2.1849
1.8073
1.9564
2.1320
2.1123
1.8255
1.5746
1.6429
1.6495
1.7568
1.8917
2.2349
2.0591
2.0333
1.9562
2.0177
2.0419
1.3937
1.9907
1.9868
1.9464
1.8801
1.6645
1.6821
1.7550
1.7874
1.7565
2.1274
2.1729
2.5688
2.4962
2.4947
1.9937
1.7730
2.2889
2.3297
2.3163
2.3269
2.7573
2.7596
2.2675
2.3823
2.3237
2.3678
2.7304
2.5001
2.0740
2.2450
1.9016
2.0163
1.9216
2.0899
2.4745
2.3048
2.3931
2.2058
2.0609
1.9517
2.0552
2.8795
2.1732
2.2315
2.4850
2.3692
2.3278
2.0113
2.1290
2.5178
2.3817
2.3585
2.4941
2.4594
2.4673
2.3577
2.5919
2.6783
2.0932
2.2365
2.1238
2.6128
2.1982
2.3227
2.2482
2.3733
2.3835
2.1569
2.3737
2.2308
2.3521
2.6691
2.7098
2.7408
2.3283
1.8799
2.0328
2.2439
2.0096
2.1278
2.2039
2.2481
2.2505
2.3942
2.0866
2.3396
1.9645
2.0439
2.2516
2.3124
2.1610
2.6441
2.4530
2.3183
2.1877
2.3066
2.3226
2.5953
2.4131
2.3137
2.2400
2.4088
2.1582
2.5554
2.3736
2.2021
2.4460
2.3170
2.4344
2.0178
2.5745
2.4674
2.2251
2.1658
2.1803
2.5684
2.3624
2.5246
2.5049
2.8114
2.2980
2.3672
2.3201
2.5176
2.5511
2.2244
2.5424
2.3470
2.3612
2.0708
2.3612
2.2148
2.4107
2.2040
2.5638
2.5640
2.0911
2.5604
1.8789
2.1896
2.1942
2.3954
2.2686
2.7506
2.3959
2.5822
2.4791
2.2714
2.5886
2.3334
1.9210
2.6472
2.6399
2.7009
2.4642
2.3870
2.7596
2.6062
2.4564
2.2275
2.2566
2.5516
2.3789
2.4691
2.2977
2.4676
2.6783
2.2626
2.4325
1.9418
2.4230
2.1278
2.4412
2.4017
2.5611
2.3924
2.3385
2.3343
2.4395
2.6010
2.5022
2.1748
2.4849
2.2945
2.4991
2.2723
2.4619
2.4938
2.5367
2.5314
2.7463
2.2529
2.3485
2.3596
1.9134
2.2336
1.9714
1.9734
2.4930
2.4211
2.7772
3.0903
2.2582
2.4451
2.5195
2.6240
2.4490
2.5546
2.5024
2.5245
2.7201
2.5353
2.1883
2.3905
2.8807
2.6039
2.3880
2.2496
2.4400
2.7261
2.5009
2.3725
2.6413
2.5182
2.1831
2.8051
2.5831
2.3526
2.5569
2.6624
2.2141
2.4907
2.3758
2.1566
2.1696
2.2632
2.5685
2.3575
2.4874
2.2401
2.5034
2.1013
2.4355
2.5335
2.5583
2.3629
2.2305
2.5243
2.5715
2.4630
2.8564
2.5506
2.1998
2.5279
2.6679
2.5505
2.6668
2.6218
2.6074
2.5028
2.8614
2.3534
2.1988
2.5841
2.3878
2.5017
2.7827
2.4618
2.8399
2.3498
2.2296
3.0098
2.6624
2.4682
2.5377
2.4737
2.5663
2.5374
1.8229
1.7408
1.7766
1.8154
2.0990
2.0633
2.5920
2.3671
2.1701
2.4326
2.1781
2.3891
2.1121
2.3957
2.2208
1.9770
2.2119
2.0818
2.2769
2.2315
2.3613
1.9798
1.9506
2.2724
2.0244
2.2176
1.7216
1.5941
1.6055
1.9237
1.7868
1.6529
1.8634
1.4663
1.8095
1.6928
1.7539
1.6113
1.9050
2.0520
1.8686
1.8760
1.7169
1.5435
2.1145
2.0321
1.9055
1.7212
1.5745
1.8519
1.8169
2.3592
2.2444
2.0178
1.9918
2.2265
2.0824
2.5671
2.2259
2.1004
1.9489
2.2375
2.0359
2.0557
2.4599
1.7767
1.9479
1.7590
1.7037
2.0189
1.9987
2.4759
2.4090
2.4370
2.2431
2.6010
2.1868
2.2286
1.9864
2.8123
2.4002
2.1346
2.0683
2.3982
2.1159
2.0630
2.1274
2.2196
2.1525
1.9721
2.0781
2.0032
1.8304
2.1077
2.1733
2.2018
2.2479
2.2148
2.0138
2.2579
2.1339
2.3296
2.1649
2.3525
2.2108
2.1194
2.2474
2.2998
2.3392
2.4190
2.2713
2.3130
2.2632
2.0159
2.1829
1.9245
2.1153
2.0242
1.8575
2.0184
2.2646
2.2760
2.0747
2.1543
2.0951
2.3574
1.8418
1.9792
2.3339
2.2730
2.2547
2.0844
2.3314
2.0870
2.5171
2.3546
2.4089
2.5797
2.1584
2.2216
1.9392
2.1359
2.0318
2.2833
2.0970
2.0995
1.9131
2.1691
1.8028
1.7744
2.0515
2.1948
2.2608
2.4293
2.4538
2.2890
2.3666
1.9842
2.2413
2.1695
2.3915
2.0952
2.4497
2.2888
2.2795
2.0855
1.7677
2.1274
2.2447
2.6876
1.9806
2.3826
2.7914
2.4534
1.7760
1.5824
1.6059
1.7454
1.7508
1.9703
2.1956
1.9012
2.3895
2.3478
2.3099
2.3739
2.1622
2.1294
1.8052
2.0498
2.1250
2.3084
2.1822
2.0037
2.2669
2.3141
2.3824
2.2410
2.2671
2.2378
2.1765
2.3474
2.5370
2.1887
2.4741
2.4901
2.1767
1.7608
1.7130
1.8457
2.0548
1.9067
1.6426
1.6905
2.1513
1.8126
2.0289
1.6078
1.4828
1.4942
1.6597
1.6484
1.3739
1.5436
1.2607
1.0247
1.3626
1.1747
1.4913
1.6030
1.5374
1.6599
2.0003
1.7644
2.0136
2.0153
2.2170
2.0386
1.7852
1.8914
1.7968
1.8193
1.9118
1.8894
2.0323
2.1737
2.0111
2.0128
2.0068
1.8388
1.9525
1.9044
2.2961
2.0967
2.2088
2.1383
2.5179
2.3320
2.1869
2.1881
2.1679
2.1575
2.2620
2.0166
2.3129
2.3818
2.0712
2.0168
2.4013
2.4151
2.4268
2.3338
2.3608
2.0064
1.8368
2.1362
2.0487
2.0370
1.7763
1.8967
2.1559
1.6569
1.8510
2.0975
2.0723
1.8324
1.9656
1.9404
1.9234
1.6113
1.6618
1.6455
1.8588
1.8423
2.0124
1.4901
1.3989
1.4796
1.5638
1.8126
1.9640
1.8944
2.2459
1.9846
2.1490
2.0248
2.3734
1.9629
1.8367
1.9366
2.1849
2.2727
2.4903
2.3746
2.6189
2.1798
2.2944
2.1126
2.1241
1.8683
2.2717
2.2120
2.1254
2.0950
2.1095
2.0724
2.0236
2.2722
2.1093
2.2727
2.2163
2.1300
1.8424
2.1691
2.1750
1.8491
2.0133
2.0640
2.0436
1.6184
2.1276
1.7170
2.0570
2.2720
2.0787
2.1711
2.0763
1.9834
2.0403
1.9733
1.7414
1.7460
2.0334
1.8741
2.0779
1.9469
1.7918
1.9644
1.9797
2.2272
1.7811
1.6236
1.5950
1.4766
1.6263
2.0900
1.7382
1.5849
2.1623
2.0134
1.9663
1.7044
1.9933
1.9132
2.0115
1.7993
1.9015
1.9082
2.1252
2.0728
2.0400
2.1562
2.1227
2.1100
2.5012
1.7277
2.3245
1.8989
1.6929
2.2069
2.0217
1.8735
1.8180
2.2551
1.7112
1.4716
1.8538
1.6064
1.7804
2.0237
2.2113
2.2561
1.9698
1.8521
1.8345
1.9147
1.6859
1.9426
2.0765
2.0123
1.7751
2.2483
2.1034
2.2098
1.6064
1.8485
1.9273
2.0723
1.8754
2.2040
1.8902
2.2278
2.1854
2.5606
2.0921
2.0610
2.3198
2.3794
2.2405
2.4124
2.3117
2.3413
2.2226
2.1776
2.0626
1.7018
1.7562
1.9205
2.0339
1.8444
1.9467
1.6259
2.0707
2.0982
2.2322
2.1999
2.1990
2.1421
2.1140
2.2616
2.0433
1.6522
1.6150
1.6150
1.8870
1.8960
1.9662
2.0611
1.8854
1.8061
2.1433
1.8151
2.0239
2.1750
2.1409
2.2019
1.8906
1.6617
1.7140
1.6829
2.3020
1.7300
1.8636
1.9596
2.1561
1.9383
2.1675
1.8666
1.9490
2.0276
2.1002
1.8244
1.9869
2.1142
2.1195
1.9009
2.4915
2.1057
1.9386
1.7526
1.9551
2.3471
2.0555
2.0808
2.1992
1.6688
1.7274
1.7537
1.8755
2.1195
2.1134
1.9572
1.9577
2.0364
2.0372
2.0287
2.3820
2.3376
2.3705
2.1544
2.1733
1.9855
2.1001
2.5438
2.4055
2.3513
2.0708
2.0432
2.0080
2.0333
2.1025
2.0773
2.1544
1.8317
1.5158
1.5857
1.5257
1.5674
2.1502
2.0172
1.3620
1.5914
1.6988
1.6481
1.7611
2.1188
2.0396
1.6587
2.3199
2.2784
2.2129
2.0030
2.0248
1.7789
2.1648
2.3105
1.8924
1.8540
2.0497
2.3406
2.3871
1.9986
1.8283
1.7786
2.1289
2.0202
2.0154
2.1382
1.8499
1.9853
1.9839
2.3399
1.9180
2.1356
2.1170
2.1274
2.2170
2.1234
2.0729
2.3009
2.1148
2.5300
2.1336
2.1529
2.1447
2.2092
2.2245
2.1133
2.5366
2.1594
2.4529
2.6232
2.0050
2.2986
2.5143
2.1031
2.2702
1.9562
1.6071
1.8664
1.7542
2.0343
2.1956
2.1740
2.0091
1.9807
1.9054
1.8970
2.0570
2.1163
2.0509
2.1953
2.1549
1.7198
1.7997
1.9825
2.0754
2.3047
2.2112
2.1229
2.1260
2.2314
2.4175
2.1789
1.9890
2.0234
2.4089
2.2071
1.9477
1.7875
1.8589
1.8025
1.7340
1.8291
1.8720
1.3590
1.4306
1.6419
1.4545
1.2067
1.0917
1.0024
1.3442
1.9164
2.0028
1.8429
2.3559
1.9817
1.9858
1.9096
1.8605
1.9227
2.4019
1.8613
1.9639
1.8089
1.2331
1.5920
1.7226
1.9179
2.1060
1.9579
1.8347
2.2209
1.8177
2.1824
2.3161
2.0335
2.0402
1.9629
2.0851
2.2161
2.1540
2.0642
2.0831
2.1485
2.1672
1.9975
1.9726
1.9921
2.0802
1.8608
2.2109
2.0331
2.1181
2.2601
1.9858
2.4296
2.5378
2.3078
2.9177
2.4987
2.6194
2.3130
2.4006
1.9794
2.3921
2.0936
2.0499
2.1120
2.2485
2.1647
2.0212
2.1093
2.0425
2.0510
1.9552
2.3625
2.1072
2.0530
2.0726
1.8988
1.8435
1.8965
1.7094
1.6645
1.8761
2.0090
1.9085
1.9212
1.9668
2.1954
1.9546
1.9132
2.4228
2.1115
2.1801
2.1953
2.2211
1.9728
2.0648
2.2634
2.0974
2.1268
2.1601
1.9850
2.1126
1.7716
1.9944
2.0631
1.8745
1.9627
1.7768
2.2444
2.1440
1.9048
1.9652
1.9122
2.0242
1.7949
1.9229
1.9698
2.3183
2.0364
2.2584
2.0308
2.0372
2.1843
2.0088
1.9772
2.1057
1.9003
2.1001
1.9991
1.9469
1.7950
1.8987
2.0600
1.9907
1.9339
1.9504
2.0439
1.9137
1.8085
1.9856
2.1136
2.0968
1.9184
2.0236
2.1167
2.1849
2.1929
2.0498
2.0521
1.8432
1.9025
1.9384
1.9308
2.1532
2.1241
2.1522
2.1346
2.1313
2.2465
2.1813
1.9668
1.9845
1.9612
1.8775
1.7719
1.8971
1.9838
1.8622
2.0950
1.8239
1.7341
1.8940
1.8738
2.0557
1.9870
2.0982
2.4032
2.3202
1.9043
1.7356
1.9075
1.8812
1.8923
2.1344
2.2611
2.0904
1.8102
1.8792
1.7923
2.2156
2.0748
2.0745
1.9251
2.0872
2.0779
2.4671
2.3100
2.4515
2.1124
2.0135
1.7986
1.8752
1.6404
1.9532
1.5581
1.8900
1.7288
2.0757
2.0766
1.9836
2.1390
1.9256
2.1398
1.7093
1.8907
1.9375
1.9003
2.0635
1.9696
2.1847
1.9696
2.0548
2.1349
2.0453
2.2172
2.3211
2.0769
1.9046
1.9953
2.0241
1.9676
1.8851
2.1813
2.4311
2.4751
1.8633
2.1885
2.0454
2.2352
2.4867
1.9985
2.3546
2.0255
1.9074
1.8184
1.9280
1.8938
1.9704
2.2890
2.1323
2.1001
1.9785
1.9401
1.5908
1.7688
1.9588
2.2386
1.9911
1.6337
2.0724
2.0883
2.0637
2.3218
2.0607
1.8799
2.1110
2.0674
1.7969
1.8092
1.9516
2.1226
2.1552
1.9540
2.1751
1.7634
1.6856
1.4804
1.9235
2.1592
2.3152
2.1084
2.2843
2.1401
2.2502
2.1521
1.8727
2.3432
2.1712
2.0413
2.2249
2.1121
2.2602
1.8836
2.1110
2.0252
1.9129
2.1542
1.9526
2.1281
2.4882
2.4975
1.9917
2.1146
2.1262
1.8883
2.0656
1.9772
2.4431
2.2132
2.2345
1.9934
1.7527
2.3544
2.3715
2.1776
2.0566
1.5918
1.6541
2.2211
1.5210
2.2473
2.0860
2.0650
2.1618
2.0924
1.9028
2.1491
2.1261
1.8788
2.0791
2.0097
1.9475
1.7446
1.8860
2.1403
2.1638
2.0031
1.9470
1.9687
1.8551
1.9775
1.7291
1.9377
1.8956
1.7966
1.9782
1.7831
1.9594
1.9801
1.8459
2.0510
1.9593
1.8917
1.7943
1.6484
1.7196
1.8558
2.0968
1.7485
1.9415
1.7726
1.9313
1.9117
1.9453
1.7620
1.4026
1.8455
1.8769
1.8627
2.1337
1.8689
1.7787
2.3083
2.0910
1.5155
1.6126
1.7961
1.9494
1.9468
2.2151
2.1797
2.3126
2.4084
2.3349
2.3094
2.3471
1.7783
1.8673
1.9039
1.6722
1.9959
1.7974
1.8625
1.8648
1.8835
1.7094
2.0234
1.8365
1.7898
2.0509
2.1474
2.0930
1.7809
2.0475
2.0425
2.0438
1.9965
1.8375
1.7589
1.8722
1.5082
1.8166
2.0612
2.2651
1.9126
2.0380
1.5233
1.8806
2.1579
1.8891
1.9466
1.9031
1.8641
1.9981
1.9776
1.4786
1.6861
1.8891
1.8503
1.8400
2.0417
1.8199
2.1636
2.1421
1.8094
1.7547
2.0002
1.7011
2.0713
2.1934
2.0683
2.1019
2.2957
2.2543
2.0315
2.0328
2.1621
1.7238
1.8768
2.1822
1.9740
1.8479
1.7915
1.8824
1.9415
1.8988
1.8854
1.8984
2.1189
2.1410
2.0606
1.8738
1.9591
1.8985
2.0065
2.1451
1.9978
2.0733
1.9468
2.0855
1.9417
2.1381
2.0947
2.2898
2.1823
2.2925
2.0844
2.4340
2.2309
2.2349
2.2744
2.2409
2.1409
2.2551
2.2873
2.0151
2.3759
1.8504
2.0573
2.0612
1.9940
2.1421
2.3102
1.9376
2.2260
2.0659
2.3052
2.4160
2.3284
2.2773
2.2269
2.2245
2.3292
2.3298
2.3094
2.1283
2.1429
1.9634
2.0772
2.1622
2.0404
1.8932
1.9481
2.0038
1.9597
1.9188
1.9838
2.1700
1.9042
2.2376
2.1563
1.9601
1.6136
1.6308
1.7168
1.7891
1.4480
1.6037
1.8733
2.0983
1.6948
2.1268
1.9173
1.8694
2.2289
1.9403
1.8783
1.7725
1.6783
1.7461
2.2235
1.9001
1.9951
2.1310
2.2352
2.0622
1.8775
1.6158
2.0584
2.0547
2.0307
1.8477
1.7694
1.7875
1.9830
1.7913
2.0613
2.2066
2.2524
2.2940
2.1579
2.2472
2.4409
2.0955
1.8991
1.7883
1.8640
1.9332
1.9017
2.0606
1.9872
1.9305
1.9007
1.6701
1.8450
1.3825
1.5844
1.3462
1.5337
1.4641
1.3529
1.6676
1.5719
1.8145
1.5792
1.8526
1.8529
1.6032
2.3734
2.0457
1.8593
2.0443
1.6099
1.7650
1.5862
1.6067
1.8453
1.9536
2.2955
2.2372
2.0866
1.7084
1.7612
1.3409
1.6619
1.7180
1.5341
1.4450
1.8571
1.6546
1.7630
1.5147
1.5692
1.5667
1.6790
1.6284
1.5003
1.7273
1.6948
1.4193
1.6194
1.8437
1.4013
1.8600
1.5550
1.7669
1.7284
1.6933
1.9131
1.5119
1.7217
1.5770
1.5596
1.3599
1.2721
1.2756
1.4442
1.4149
1.6229
1.6292
1.7622
1.9986
1.7324
1.9413
2.0695
2.1831
2.1562
1.8165
1.9209
1.7222
1.7925
2.2268
2.3181
1.8908
1.9690
1.8048
1.8288
1.8954
1.9091
2.0119
2.2531
1.6905
1.3751
1.6181
1.3909
2.0476
2.2658
2.3686
1.9875
2.2427
2.0959
1.7699
1.7537
1.8680
1.9066
1.8872
2.0360
1.8388
1.7826
1.9061
1.8120
1.8167
1.8479
1.5190
1.5286
1.6236
1.3026
1.5566
1.5673
1.8039
1.8173
2.1893
1.8543
1.7332
1.9821
1.6811
1.8100
2.2054
1.6480
1.7183
1.6086
1.8734
1.4803
1.4892
1.6214
2.0816
1.5337
1.8306
1.6788
1.6727
2.2465
2.2862
2.2324
2.2812
2.0134
2.2559
2.1421
2.2323
2.2799
2.1855
2.0685
2.1222
1.9620
2.4099
2.4182
1.9344
1.9289
2.6161
2.2041
2.5654
2.1098
2.1030
2.1617
2.1986
2.2905
2.1132
2.0200
2.1563
2.2764
2.3050
2.0785
2.3336
2.1280
2.2105
2.0241
2.2428
1.9299
2.2130
2.1964
2.0578
2.1010
1.9175
2.0790
1.9900
1.9103
2.2112
2.0643
1.6555
2.1451
2.0845
2.3253
2.2894
2.3819
2.3811
2.2806
2.1713
2.2963
2.6066
2.5138
2.2727
2.1342
2.0252
2.1350
2.2311
2.4389
2.5304
1.8863
2.0430
1.7742
1.9437
2.0226
2.2811
2.2961
2.5841
2.4359
2.8189
2.2340
2.3666
2.1760
2.3253
2.2111
2.4394
2.3989
2.1378
2.3736
2.2818
1.9861
2.2624
1.9384
2.2151
2.1715
2.0595
2.2875
2.1132
2.1726
2.2408
2.2459
2.2917
2.2795
2.1488
2.0058
2.2150
2.3910
2.3923
2.0774
1.9147
2.4321
2.7003
2.1188
1.8404
2.0583
2.5126
2.0769
2.4741
2.2679
2.4727
2.3883
2.3533
2.3012
2.3395
2.2788
2.2832
1.9001
2.0422
2.2969
1.8911
2.1946
2.1765
2.1983
2.4559
2.1139
2.3914
2.2497
2.3452
2.2678
2.1999
2.2323
2.1790
2.1984
1.9636
2.2225
1.9032
2.1114
1.9515
2.2328
2.5890
2.2870
1.9793
2.0218
2.1580
1.9654
2.0047
2.0026
2.3568
2.0964
2.2801
2.1686
2.5570
2.1781
2.4730
2.1367
2.1268
2.1409
2.2953
2.4649
2.6187
2.2879
2.3572
2.4704
2.6850
2.3458
2.5232
2.1061
2.1542
2.1784
2.2001
2.1792
2.3735
2.2342
2.2989
2.1643
2.2859
1.9475
2.0535
2.2217
2.5278
2.3639
2.2330
2.3880
2.0525
2.2061
2.2710
1.9280
2.1850
2.2454
2.3013
2.0145
2.2162
1.9435
1.8882
2.2543
1.6357
2.0008
2.1377
2.0779
2.1058
1.8829
2.1700
2.1662
2.1904
2.3837
2.5995
2.3070
1.9911
2.2821
1.6861
1.6744
2.4045
2.3669
2.3901
2.2074
2.8504
2.5002
2.1795
2.1972
2.1668
2.1657
2.1144
2.3746
2.5562
2.4719
2.6157
2.5267
2.1399
2.4558
2.3889
2.4161
2.2255
2.1808
2.0869
2.2142
2.1094
2.0190
2.5517
2.4165
2.4182
2.1222
2.0576
1.9423
2.4279
2.1872
2.0921
1.7615
1.8286
2.1358
1.6847
1.9484
1.8463
1.7690
1.9665
2.2738
2.0806
2.0848
2.2306
2.0843
1.6881
1.6330
1.8110
1.5918
1.6430
1.9409
1.8964
1.9088
1.4906
1.6545
1.9711
1.8615
2.1064
1.7957
1.7345
1.5814
1.6265
1.6485
1.8119
1.7323
2.0268
1.5495
2.1416
1.7777
1.8100
1.5308
1.5537
1.9920
1.7535
2.0791
1.6845
1.5805
1.6452
1.9092
1.5876
1.6557
1.8059
1.4733
1.6281
1.9012
1.6953
1.9078
2.0707
1.8964
2.0519
1.7287
1.8085
1.6061
1.6418
1.6952
1.7883
1.8965
1.5742
1.9726
1.6947
1.6463
1.6328
2.2100
2.0845
1.9448
1.7456
1.8644
2.0244
1.8800
1.7910
1.8202
1.8181
1.7678
1.5757
2.0011
1.7406
1.6266
1.5718
1.6572
1.4888
1.8473
1.5400
1.2770
1.5990
1.2116
1.6075
1.2739
1.4288
1.0972
1.4092
1.5238
1.9928
1.7461
2.0685
2.1404
1.7160
1.8453
1.7286
1.5036
1.8693
1.7324
1.5995
1.9732
1.8169
1.6345
1.9245
1.7521
1.9701
2.1686
1.9872
1.6544
2.0299
2.0200
1.7971
1.8534
1.7322
1.9526
2.0285
2.0651
2.0444
1.7454
1.5222
1.5512
1.7928
1.8551
1.4441
1.7076
1.7906
1.7227
1.4433
1.7538
1.7479
1.7313
1.7156
1.9219
2.0806
1.8608
1.7432
1.9573
1.6983
1.5826
1.4610
1.6411
1.3592
1.5224
1.4316
1.7721
1.6656
1.7200
1.6090
1.4173
1.3711
1.8713
1.6249
1.4487
1.6905
2.3945
1.8654
2.0069
1.5215
2.0362
1.8727
2.4046
2.2822
1.6098
1.8566
1.6023
1.5794
2.1028
1.8933
2.1120
2.5759
2.2110
1.9713
2.6088
2.3524
1.7491
1.6521
2.1393
1.8010
2.1834
2.0780
1.7082
1.9760
1.8282
1.9102
1.8455
2.2465
2.0919
1.8560
1.9099
1.7939
1.8576
1.6508
1.6094
1.5053
1.6679
1.6003
2.0492
1.7273
1.9923
1.6190
2.1566
2.2247
1.4975
1.5251
1.2824
1.6419
1.5702
1.7251
1.9241
1.9572
1.8749
1.7170
1.8975
1.5865
1.6385
1.5465
1.8952
1.9562
1.5560
1.6063
1.9078
1.6648
1.5117
1.8502
1.6903
1.8421
1.8558
1.4834
1.7046
1.6383
1.5737
1.6141
1.5786
1.7764
1.6417
1.8390
1.7671
1.6303
1.5526
1.6618
1.5711
1.6469
1.4686
1.9037
1.8281
1.6102
1.6523
1.7623
1.9162
2.1140
1.8988
1.9842
1.5576
1.6297
1.3371
1.5269
1.0760
1.4901
1.5272
1.4053
1.4876
1.5402
1.5358
1.4557
1.4114
1.4946
1.0208
1.5152
1.7938
1.6815
1.7256
1.7131
1.8374
1.6191
1.7034
1.8965
1.5876
1.5452
1.5468
1.6014
1.8729
1.6111
1.8950
2.2588
1.9709
2.0004
1.6013
1.7147
2.1179
2.0289
2.2043
2.2083
2.0007
1.9103
2.0348
1.6811
2.2441
1.9311
2.1138
2.3767
2.3733
1.9389
2.2108
2.0269
2.0862
2.6031
2.5059
1.7784
2.1672
2.2630
2.4158
2.2276
1.7506
1.9309
2.0415
1.7935
1.9005
2.3085
2.3429
2.0224
2.2857
1.9260
2.3900
2.2684
1.9174
1.9418
1.6366
1.9724
2.1555
2.3167
2.3921
2.2306
2.4032
2.4644
2.0406
1.9999
1.8627
1.8832
1.9169
2.1971
2.0077
1.8747
1.9952
1.9873
2.1719
1.9524
2.1638
1.9382
1.5661
1.9115
1.9972
2.0926
2.0068
2.0265
1.5746
1.6392
1.9812
1.9026
2.1765
2.2729
2.3134
2.1425
2.1302
2.2613
2.2539
2.0403
2.0308
1.9032
1.8821
2.0181
2.0143
2.1694
2.3972
2.4564
2.1792
2.3015
2.1174
2.2950
2.2867
2.0991
1.9912
2.1821
1.9108
2.2285
1.8880
2.0884
2.1697
2.0668
2.3976
2.2590
1.8766
2.2870
2.1103
2.0155
1.7754
1.9866
2.0581
1.6619
1.7926
2.0354
1.8279
1.6753
2.4666
2.1967
1.9941
2.0693
2.0504
2.5649
2.3331
2.2034
2.1522
2.0015
2.1117
1.8597
2.1499
2.0801
1.9298
2.1760
2.0766
1.7978
2.5838
2.5590
2.3963
2.2941
2.4532
2.5495
2.4915
2.3856
2.7548
2.6157
2.4543
2.1999
1.8277
2.0372
1.7965
2.1850
2.2520
1.8598
1.9461
2.2723
2.2278
1.8419
1.9112
1.6414
1.6176
1.8864
2.0127
1.8101
1.9505
1.9406
2.1372
2.1946
2.2422
2.8165
2.4876
2.3338
2.4399
2.4377
2.5908
2.4405
2.1770
1.9465
2.3492
2.3814
2.0698
2.5854
2.5515
2.4124
2.2075
2.2051
1.9063
2.0633
2.0019
2.2931
2.0788
2.0429
2.2049
2.2048
2.4754
2.2578
2.1284
2.2179
2.1379
2.0382
2.1487
1.7980
2.1527
1.8142
1.9910
2.2585
2.5205
2.4860
1.8963
1.7160
2.0524
2.0919
2.2281
2.0862
2.0474
2.3395
2.0355
1.7750
1.9288
2.3850
2.3528
2.3340
2.0553
1.8701
1.9544
2.1577
2.2803
2.1052
2.3149
2.4627
2.2166
2.0565
2.0040
2.0883
2.1710
2.1389
2.3812
2.3305
1.9366
1.9189
2.3189
2.0673
1.8612
2.2675
2.4438
2.1265
2.2562
2.0612
2.1252
2.0755
1.8008
2.4350
2.0790
1.8748
2.0989
1.9676
1.8764
1.8996
2.3067
1.9834
1.8842
2.3405
2.1260
2.2255
1.9434
1.8994
1.9641
1.9354
2.0348
1.9744
1.8407
1.9361
2.1913
2.3110
2.3446
2.2417
1.9835
1.9777
2.0227
2.0850
2.0219
2.0053
2.4105
2.4335
2.1273
2.0129
2.1886
2.1380
2.1614
2.0166
2.0448
2.2331
2.1024
2.3432
1.8932
2.1210
1.8961
2.1426
2.3606
2.2679
2.0780
1.9750
2.0326
1.8262
2.1682
1.8984
2.2267
1.8315
1.9665
2.2869
1.8152
2.2729
2.2696
1.8666
1.9574
1.9305
2.2309
2.2488
2.3157
1.6066
1.7481
1.6554
1.4659
1.6011
1.9961
2.3810
2.4723
2.0243
2.3005
1.7501
1.4505
1.6273
2.1404
1.9196
2.0012
1.9105
1.8552
1.5812
1.7711
1.5356
2.2097
1.8496
1.6878
1.7053
1.6649
1.7158
1.7107
1.6729
1.9041
1.6893
1.7670
1.8695
1.8274
1.6116
1.7362
1.9096
1.8162
1.7649
1.6992
1.6521
1.5467
1.6968
1.6828
1.7116
1.7582
1.6375
1.7369
1.6052
2.0160
1.7089
1.9604
2.0897
1.7936
1.8202
1.6575
2.3058
1.6564
2.0114
1.8970
2.0257
1.9254
1.8959
1.8196
1.7760
2.0156
1.8052
1.7832
2.0681
1.7494
1.5833
2.1508
2.1957
2.2248
2.2876
1.9463
2.0987
2.4673
2.9600
2.5548
1.9216
2.2200
2.5987
1.9172
2.3018
2.2163
1.8976
2.0000
1.7666
1.7254
1.7651
2.0583
2.1144
2.6011
2.9322
2.4158
2.7308
2.6037
2.6886
2.6322
2.3722
2.3156
2.3424
2.2890
2.2150
2.4285
