1.9928
1.6033
1.3549
1.3976
1.9677
1.7262
1.5808
1.4046
2.0372
1.7187
1.8545
1.6479
1.7790
1.5389
1.9640
1.7685
1.5398
1.4050
1.3919
1.8012
1.8697
1.8589
2.0646
2.2753
2.6983
2.1227
2.3339
2.7352
2.5791
1.8806
2.0526
2.1621
2.0285
2.5393
1.3118
2.0152
1.7508
2.2982
1.9758
1.6812
1.3609
1.5119
1.6631
1.8434
1.7137
1.9020
1.7574
1.5058
1.7023
1.5746
1.8847
1.8764
1.5250
1.9140
1.8736
1.7298
1.5880
1.8779
1.4687
1.4135
2.1854
1.9541
1.8503
2.5324
2.4986
2.1840
2.2355
2.1421
1.9029
1.8274
1.7376
1.7126
1.6718
1.6564
1.6615
1.2473
1.7020
1.8271
1.8061
1.8843
1.5085
1.4086
1.3791
1.7652
1.8150
1.8827
1.5355
1.6132
2.1418
2.2122
2.4461
2.4562
2.3989
2.0683
2.2976
2.2061
2.3283
2.1673
2.2397
2.1991
2.3983
1.8715
2.0418
2.0625
2.1138
2.1788
2.0279
2.2140
2.5567
2.4621
2.0732
2.3930
2.4496
2.5108
2.5615
3.1028
2.7556
2.5811
2.6357
2.5704
2.8200
2.9701
2.4336
2.5099
2.8318
2.7009
2.7827
2.7724
2.2728
2.6742
2.3963
2.9845
2.9374
2.8900
2.6510
2.5558
2.9303
2.4627
2.4069
2.2519
2.2640
2.3022
1.6603
1.6381
2.4788
2.2522
2.0276
1.9131
1.8758
2.2301
2.1831
2.3398
2.3029
1.9866
2.1859
2.0973
1.9433
2.1585
2.2563
1.9004
1.9393
1.8708
2.3924
2.7782
2.5406
2.5335
2.1453
2.5708
1.6511
2.0973
2.1723
2.0404
2.2638
2.4511
2.4143
2.3183
1.9971
2.6295
2.6990
2.3507
2.6268
2.1144
2.3186
2.0324
2.0977
2.4069
1.9311
2.3588
2.5199
2.5622
2.3689
2.1355
2.7449
2.5640
2.4221
2.6623
2.6506
1.8673
1.3937
1.3860
1.7512
1.6244
1.6282
1.4429
1.8679
2.0031
1.7671
1.8658
2.2844
2.2980
2.3233
2.3216
2.7179
2.5993
2.5067
2.2752
2.5653
2.2806
3.0660
3.1975
3.0258
2.8910
2.8932
2.0429
2.5708
2.0760
1.9610
2.6001
2.6809
1.7753
2.6310
2.6542
2.2815
1.7002
2.0217
2.2294
2.2229
2.1217
2.3800
2.1323
2.0436
2.5484
2.6451
2.1227
2.2911
2.0822
2.0513
2.1397
2.1808
2.4103
1.8680
2.5218
2.0512
2.0133
2.1141
1.8391
2.1025
2.2718
1.9777
2.2373
2.7293
2.3071
2.1704
2.6612
2.3312
1.8139
2.2516
1.9713
2.3850
2.0085
2.3466
2.1982
2.3017
2.6137
2.0504
2.1976
2.4537
3.1934
2.6964
2.5995
2.3396
2.5082
2.6310
2.4714
2.7446
2.7039
3.1301
2.6741
2.8424
2.4013
2.2808
2.5444
3.0223
2.2379
2.6207
2.5483
2.6063
2.5910
2.9245
2.7358
2.7803
2.8669
2.9205
2.8857
2.6164
2.6216
2.5321
2.7559
2.9377
2.5335
2.9596
2.9154
3.0592
3.4162
3.0692
3.2171
2.6465
2.6492
2.7560
2.7587
2.5887
2.6683
2.6982
2.8191
2.7396
2.6778
2.6862
2.5221
2.6448
2.7106
2.4664
2.7540
2.4234
3.0450
2.3364
2.5857
2.2628
2.1946
2.2280
2.5784
2.4891
2.3710
2.8837
2.6427
2.5556
2.5443
2.5424
2.5931
2.9640
2.9559
2.8243
2.6569
2.4181
2.5103
2.7602
2.3743
2.5868
2.7583
2.1118
2.0919
2.0719
2.4407
2.3412
2.2496
2.7045
2.4573
2.9157
2.4245
2.1619
2.3563
2.7946
2.6102
2.7295
2.8706
2.8631
2.8988
2.7041
2.5671
2.6395
2.7008
2.5423
2.6067
2.5393
1.9125
2.5352
2.5374
2.3575
2.0822
2.4755
2.4927
2.8683
2.9154
2.5762
2.2293
2.1478
2.5676
2.2870
2.5204
2.3292
2.2370
2.5803
2.4934
2.4817
2.4932
2.2839
2.8382
2.4060
2.7454
2.8251
2.2180
2.5116
2.5852
2.6685
2.4789
2.8474
2.7076
2.2589
2.5537
2.5090
2.8353
2.9972
3.0492
2.5129
2.5209
2.5680
2.7078
2.3879
2.3262
2.5410
2.4754
2.5409
2.7032
2.9038
2.9968
2.9049
3.3695
2.8289
2.8446
2.7783
2.6326
2.9468
2.6576
2.8255
2.8655
2.7367
3.1548
2.8483
2.6764
2.3871
2.5733
2.5945
2.3499
2.1093
2.2529
1.8126
1.2556
2.0084
1.7648
1.9649
2.2439
2.7624
2.7156
2.7075
2.5005
2.2019
2.6541
2.8386
2.8576
2.7782
2.5064
3.0976
2.8847
2.8687
3.0605
2.7517
2.7527
2.3945
2.8453
2.6296
3.2313
2.8799
2.3650
2.2532
2.5528
2.4943
2.8091
2.8991
2.8309
2.6675
2.5281
2.6731
3.2416
2.9014
3.1549
2.6814
3.1130
2.8606
4.1244
3.3674
3.2019
3.4712
2.7556
3.0723
2.2762
2.6954
3.0743
2.3985
3.0200
2.7955
2.2078
2.3138
2.7065
2.1244
2.6239
2.4376
2.5487
2.7728
2.5127
2.6385
2.8385
2.4113
2.6049
2.5301
2.5303
2.5282
2.9475
3.0641
2.7838
2.5551
2.3340
2.4293
2.5957
2.4343
2.2887
2.4175
2.0965
2.5134
2.0892
1.9603
2.1826
2.1911
2.6264
2.4281
2.4956
2.8367
3.3662
3.3242
3.0643
2.9167
2.7478
3.0930
2.6984
3.0370
3.1409
3.1870
2.6317
2.6051
2.9450
3.0258
2.9274
3.1925
2.8599
2.7213
3.0476
2.9030
3.0013
3.2205
2.7794
2.5500
2.6892
3.0557
2.6897
2.9285
2.7105
2.8477
2.7075
2.7772
2.1665
2.8504
2.5260
3.0976
2.4391
2.4024
2.2747
2.5277
2.5347
2.6745
3.1902
3.1321
2.7092
2.6633
2.8605
2.9371
2.6013
2.3825
2.4086
3.0046
2.6132
2.7874
2.7880
2.8175
2.6130
2.7710
3.1338
2.9978
2.5965
2.5474
2.2649
2.2913
2.4627
2.4020
2.4594
2.3992
2.4385
2.6071
2.7917
2.8414
3.0167
2.9345
2.7416
2.8115
3.1944
2.6104
2.5797
2.6124
2.9926
2.5376
2.5279
2.6099
2.8951
2.9246
2.6265
2.5891
2.2075
2.4352
2.4152
2.8094
2.6984
2.5131
2.8913
3.0499
2.7614
2.8739
2.3855
2.5771
2.6997
2.3337
2.5350
2.4569
2.0041
2.2020
2.8652
2.9541
2.3433
2.5379
2.6610
2.8297
2.6754
2.4387
2.6835
2.6681
2.7378
2.7578
3.2006
3.2002
2.9974
2.8906
2.8714
2.6910
3.4208
3.5271
3.4775
3.1925
2.9656
3.1112
3.3694
3.3215
2.5578
2.7597
2.6350
2.6812
2.6421
2.5449
2.3956
2.3094
2.8206
3.0511
2.9774
2.9151
2.7431
2.6544
3.0037
2.8854
3.2409
2.6652
2.7078
2.8581
1.8416
2.0418
2.7711
2.5248
3.1384
2.7277
2.6472
2.8654
2.9758
2.6765
2.2546
2.8525
2.9970
3.3829
2.8459
2.9708
3.4238
3.0824
2.5730
3.0049
2.6910
3.3548
3.1592
3.2409
3.3291
3.2343
2.8439
3.0599
2.5441
2.4455
2.8063
2.9277
2.6599
2.8012
2.5187
3.1618
3.2860
3.2322
3.2714
3.1494
3.1172
2.9542
2.6637
2.7513
2.8579
2.4437
2.9507
2.7811
2.6255
2.6154
2.2367
2.8076
2.5999
2.5261
2.3246
2.4487
2.7743
2.4791
2.7107
2.5884
3.0727
2.9826
2.4349
2.7004
2.6984
2.2003
2.8393
2.7130
2.7929
2.3556
2.5559
3.1000
2.5917
2.7283
3.0090
2.5600
2.7484
2.8582
2.9325
2.7334
2.4832
3.3362
3.2312
3.2296
3.1013
3.1201
3.0507
2.8890
2.6757
2.7004
2.7882
2.7359
2.7544
2.5106
2.8630
2.8243
2.5943
2.7248
3.3487
2.5496
2.5895
2.9203
3.0130
2.8373
3.1351
3.0173
2.7651
2.9031
2.6175
2.7158
2.7319
2.5795
2.4266
2.4633
2.9699
2.8465
3.1312
2.8730
3.0095
2.8574
2.6592
2.7348
2.6730
2.3962
2.8740
2.5573
2.7731
2.9365
2.8075
2.8511
2.8035
2.8923
2.8100
2.3086
2.3076
2.3150
2.6089
2.4052
2.5000
2.8754
3.1702
2.7211
2.5376
2.7898
3.0294
2.8918
3.1366
3.3107
2.7617
2.7115
3.0450
2.7133
2.6893
3.0661
2.5584
2.9052
2.9580
2.7302
2.6834
2.9122
2.4619
2.4552
2.7779
2.7396
2.7858
2.5103
2.7972
2.9272
2.9170
3.0779
2.0799
2.6033
2.4642
2.3203
1.5990
2.3779
2.5550
2.5734
2.5275
2.6192
2.5604
2.3794
2.4981
2.6033
2.1158
2.0795
2.7486
2.1083
2.4765
1.8886
2.4801
2.5388
2.6130
2.7531
2.4104
2.2856
2.6519
2.7347
2.6119
2.4113
2.0745
2.2482
2.3464
2.5720
2.3617
2.1727
2.2515
1.8926
2.4546
2.2855
2.5362
2.1479
2.1931
2.2518
2.4118
2.4002
2.3291
2.5027
2.3893
2.9920
3.1235
3.0555
2.9451
3.1944
3.1466
3.1513
2.8893
2.9452
3.0918
3.0368
2.7942
2.9912
2.5503
2.7107
2.8833
3.0594
2.7021
2.2568
2.4435
2.8188
3.0937
2.3906
2.0898
2.5067
2.3235
2.7457
2.7075
2.3617
1.9936
2.9414
2.1396
2.2434
2.1415
2.2691
2.2648
3.0112
2.3603
2.9674
2.6345
1.8664
2.3488
2.5666
2.0606
2.1481
2.6111
2.2301
2.3333
2.6540
2.9195
2.3645
2.3513
2.5824
2.3724
1.6580
2.3668
2.2486
1.9642
2.6536
2.2882
2.5959
2.2148
2.3031
2.0739
2.7825
2.5543
2.3171
2.0256
1.9723
1.9567
2.2362
2.6758
2.9359
3.0984
2.6115
2.0977
2.1881
2.3226
2.3712
2.4460
2.7398
2.3634
2.0512
1.8346
1.8382
2.0404
2.4078
2.2643
1.9256
2.0069
2.3095
2.0291
2.1378
1.7736
2.4457
2.2313
1.9724
2.1311
2.0716
2.3438
1.7960
1.8692
1.9965
2.4577
2.2233
2.1987
1.5593
1.4724
2.0891
1.4868
1.5182
1.4381
2.2642
2.5258
2.6468
2.3292
1.8522
1.7490
2.0028
1.7283
1.7409
1.9628
2.1082
1.9882
2.1609
2.2504
2.1528
2.5088
2.7942
2.6478
2.0250
2.6600
2.1592
2.2369
2.8308
2.7756
2.5800
2.7399
2.6152
2.6739
2.4020
2.2729
1.9871
1.9616
1.5156
1.6623
1.7294
1.8880
2.0142
2.0681
2.3371
2.1592
2.3245
1.9584
1.6450
2.5833
3.0588
2.6749
2.6574
2.4925
2.2353
2.0127
2.5752
2.3978
2.9735
2.1686
2.4043
2.5412
2.0348
2.4347
2.1330
2.5327
2.5896
2.4783
2.6562
2.5680
2.5692
2.0414
2.5017
2.4188
2.4116
2.1668
2.5111
2.2283
2.1126
2.6490
2.2935
2.8130
2.3423
2.3669
2.6833
2.7082
2.6116
2.6691
2.1357
2.5660
2.0674
2.4851
2.1140
2.6776
2.1565
2.4031
2.5785
2.2193
2.6115
2.5716
3.0346
2.7528
3.0616
2.8980
2.8086
2.7632
2.8592
2.9524
2.8434
2.8597
2.6351
3.3607
3.0310
2.7770
3.0990
2.8372
3.1706
2.4039
2.3151
2.4448
2.3423
2.5486
2.7789
2.8212
2.6786
2.6294
2.0315
2.8219
2.8261
2.8166
3.0517
2.8544
2.8309
2.9823
2.7274
2.7425
2.5611
2.6221
2.6911
2.5446
2.6819
2.8187
2.5349
2.5712
2.8712
2.8508
2.3919
2.4868
2.3592
2.9458
2.3010
2.5943
2.7252
2.4215
2.5247
2.5064
2.1355
2.6236
2.4547
1.9457
1.6113
1.8360
1.8939
2.3337
2.3628
2.1012
1.8555
1.9810
1.7293
2.2067
2.1888
2.2275
2.5683
2.2673
2.2800
2.3079
2.3753
2.1020
2.4087
2.5584
2.5442
2.3069
1.5982
1.4797
1.8941
1.3783
1.6216
1.3742
2.4577
2.0829
2.1653
2.1539
2.1525
2.0122
2.0288
2.4308
2.5928
2.7516
3.0578
2.3691
2.3624
2.3958
2.4867
2.5508
2.5523
2.5104
2.1838
2.3187
2.4244
2.2784
2.5301
2.2711
2.4983
2.6264
2.0555
2.3483
1.6190
1.9088
1.9588
2.1018
2.0766
2.1570
2.2194
2.8629
2.3098
2.2196
1.8220
1.6772
2.0277
2.0695
2.1318
1.8840
1.4952
1.4652
1.9060
1.5804
2.0222
2.0738
2.0738
1.8730
1.7153
2.4597
2.7724
2.3364
2.8476
2.6238
1.9251
2.4008
2.6018
2.0785
2.2680
1.8454
1.6990
1.9490
1.7353
2.0551
1.6239
1.6437
1.7217
1.7512
1.1899
1.1085
1.2725
1.0570
1.9584
1.9265
1.7763
1.5251
1.9731
1.8088
1.8994
1.4250
1.3390
1.7063
1.8749
1.3377
1.5742
1.6562
1.4032
1.1324
1.2386
1.1215
1.5745
1.5959
1.7243
1.7631
1.6764
1.5036
1.9410
1.6274
2.2436
1.9944
1.9332
1.9777
1.8012
1.4045
1.1693
1.6347
1.2809
1.5579
1.3528
1.8424
2.3948
2.1119
1.6966
1.7063
1.3072
1.5640
1.5273
1.3345
1.5857
2.0762
2.2444
2.6804
2.2681
1.9177
1.3686
1.7392
2.5860
2.0136
2.4085
1.9708
1.3455
1.6579
2.0947
2.2867
2.4410
2.0800
2.4504
2.1437
2.1306
1.9560
2.1737
2.2398
2.0864
2.7540
2.5991
2.9971
2.7409
2.9711
2.3686
2.1650
1.9318
1.8379
2.1592
2.1551
1.9678
2.1483
2.0398
1.9092
2.0777
2.1507
1.9190
1.8092
2.4036
2.9324
2.4282
2.0869
2.1952
1.4836
1.5191
1.5457
1.9286
1.6875
1.2630
1.4493
1.5430
1.5606
1.3018
1.0361
1.1875
1.4319
0.9151
1.3896
1.3377
1.5041
2.2538
2.2463
2.1247
1.2686
2.0870
2.4022
1.9892
2.4092
2.5446
2.4929
2.1630
2.5017
3.0312
2.7728
2.7000
2.7766
2.5201
2.4700
2.2624
1.5267
2.2497
2.0226
2.6619
2.6199
2.3177
2.4227
2.1696
1.9342
2.7704
2.3955
2.5320
2.5106
2.2274
2.3988
2.6869
2.8346
2.3714
2.3484
2.7126
2.6508
2.7310
3.0989
2.3822
2.3649
2.9237
2.8853
2.3836
2.4726
2.3019
1.9770
2.2908
1.9334
1.9793
1.7247
1.5478
2.1849
2.1997
2.0413
2.3192
2.4005
2.2521
2.4672
2.4215
2.5143
2.1772
1.4655
2.4026
2.3328
2.5624
2.5781
2.5073
2.2087
1.9426
2.3901
2.3278
2.9295
2.4840
2.4048
2.0385
2.6725
2.8004
2.9126
2.7479
2.4956
2.3652
2.3214
2.4723
2.5780
2.5657
2.5264
2.3016
1.6964
2.1069
2.4721
2.2705
2.2667
2.5774
1.9872
2.2063
1.8060
1.9955
1.8727
2.2295
1.6543
2.1636
2.1621
2.2400
2.2269
2.0867
2.0995
1.6162
1.7014
2.1268
2.0965
1.9811
2.1138
2.4546
2.4071
2.3547
2.2115
2.1011
2.0326
2.5699
2.2210
2.3302
1.6720
2.2547
2.4346
2.1229
2.1857
2.3620
2.4653
2.0194
2.1298
1.7697
1.8066
1.9030
1.7928
2.1057
2.5070
2.4316
2.3389
2.0328
1.9225
2.2064
2.4685
2.4701
2.2944
1.9098
2.5163
2.2019
2.3989
2.9743
2.5860
2.5230
2.5532
2.5156
2.5065
2.4841
2.3425
2.9381
2.3169
2.4406
2.2965
1.6463
1.9512
2.4106
2.4706
2.5196
2.5127
2.2713
2.2672
2.3752
2.0753
1.9421
2.6120
1.9754
2.4377
1.7219
2.2905
2.4778
1.6368
1.6845
1.7666
2.0678
1.8416
2.0444
1.9544
2.7303
2.7129
2.6940
2.7357
3.0221
2.8826
2.5376
2.8297
2.4421
2.4138
2.3102
2.9849
2.5927
2.5694
2.3590
2.6609
2.3172
2.9171
2.7073
2.7952
2.4537
2.3669
2.6262
2.9116
2.5353
2.0865
2.4176
2.2916
2.3160
2.7854
2.7241
2.5330
2.5435
2.4421
2.9193
2.8743
2.9054
2.9199
3.2140
3.1923
2.8660
2.8304
3.1135
2.7221
2.1785
2.6930
2.8172
2.5948
2.3993
2.6151
2.3263
2.2004
1.7736
1.4854
2.1179
2.7868
2.5167
2.8094
2.5991
2.3544
2.4458
1.8293
2.3749
2.6697
1.8328
1.9965
1.9306
2.4203
2.8748
2.8356
2.3675
3.0231
2.7609
3.0404
2.4184
2.6012
1.9582
2.4594
2.5380
2.7362
2.0212
2.4207
1.7117
2.4161
2.4559
2.6194
2.5423
1.7938
1.7066
2.1074
2.0872
2.4726
1.8714
2.4279
2.3947
2.4455
2.8269
2.2747
2.0236
2.1590
2.3724
2.1035
1.9101
1.8672
2.0092
1.7220
1.5081
1.7226
2.1091
1.8535
1.6290
1.7527
2.3843
1.9794
2.0668
1.9548
2.4625
2.6806
2.0667
2.6568
2.0535
2.2580
2.4387
2.4224
2.6336
1.9968
1.8543
1.6057
1.9584
1.8307
2.0170
2.1263
1.9061
1.9947
1.9932
2.2165
1.9414
1.7385
1.9297
1.9810
1.6472
2.0200
1.9992
2.2508
2.1839
2.0120
2.0345
2.0233
1.8653
1.8060
1.8130
2.0662
2.0498
2.1989
1.9275
2.2608
1.8330
2.2537
2.0883
2.0857
2.1369
2.2923
2.1300
2.4074
2.2946
2.6076
2.1898
2.4001
2.2028
2.0583
2.3631
2.3704
2.2194
2.2019
1.9222
2.3640
2.4279
2.3367
1.9857
2.1351
2.2628
2.2595
2.1236
1.8374
2.0278
2.0919
2.1182
2.2879
2.3016
2.1482
1.8153
1.5467
2.0897
2.4106
2.2657
2.2794
2.1622
2.3306
1.9454
1.7545
2.1968
2.2377
2.0541
1.9332
1.5245
1.6682
1.6137
2.1329
1.8557
1.9176
1.4281
1.5877
1.5836
2.0266
1.8795
2.4026
1.8786
1.8273
1.9323
1.8857
1.5330
1.9335
2.0713
1.7143
1.6962
1.7231
1.6562
1.8050
1.6183
1.5186
1.6922
1.4506
1.7366
1.7265
1.8145
1.3684
1.7189
1.5806
1.8208
1.4549
1.7250
1.4479
1.6263
1.5268
1.7013
1.8473
2.0253
2.1815
1.5660
1.7767
1.8508
2.4479
2.7366
2.0472
2.0863
2.4566
2.3058
2.0008
1.8419
2.2739
2.0277
2.0594
2.4738
2.3971
2.4607
2.4859
2.5704
2.7738
2.9528
2.7198
2.5313
2.6483
2.5627
2.6434
2.2348
2.5776
3.0496
2.7010
2.2405
2.4629
2.8574
2.5476
2.4250
2.0579
2.0416
2.2577
2.0727
1.9057
2.7534
2.8614
3.0944
2.3845
2.7514
2.7424
2.8412
3.1413
3.1968
2.4078
2.1532
2.1600
1.9641
2.3962
2.4677
2.1434
2.6860
2.5271
2.7239
2.2813
2.1804
2.2128
2.1716
2.3365
2.6216
2.6247
2.8396
2.7951
2.8013
2.8097
2.8029
2.4238
3.0590
2.8936
3.4244
2.9102
2.8786
2.4459
3.0835
3.0084
3.0270
2.9064
2.8452
2.8267
2.3866
3.2660
2.3527
2.5859
2.6754
2.5762
2.1280
2.4896
2.4753
2.5155
2.3547
2.3961
2.6486
2.5201
2.2745
2.5506
2.4998
2.2670
2.3767
2.4129
2.4210
2.7645
2.5189
2.5388
3.0602
3.0716
3.1958
3.1289
3.0115
3.2564
3.1366
3.0128
2.5446
2.9966
3.3194
3.0530
2.7335
3.0737
2.9003
3.0501
3.1560
3.1638
2.9580
2.8844
2.8107
2.6450
2.7146
2.6643
2.9349
3.3577
3.0465
3.1206
3.1420
3.4535
3.1618
2.5482
3.0397
2.5416
2.9072
2.7022
2.8303
3.0259
2.7082
2.4706
2.8687
2.7615
2.4031
2.6250
2.4787
2.4329
2.4967
2.5543
2.2196
2.9207
2.1025
2.2705
2.3093
2.7107
2.6396
2.5466
2.6637
3.0291
2.8101
3.1336
2.8145
2.8738
3.3548
3.0605
2.8621
3.6412
2.7514
2.5162
2.5908
2.9209
3.0874
2.5249
2.5574
2.7442
2.3619
2.5745
3.2245
2.8400
3.2102
2.9782
3.0510
2.8824
2.8776
2.4281
2.8393
2.8089
3.0079
2.8827
3.0625
2.2100
2.5860
2.7909
2.7167
3.3619
3.3659
3.4370
3.5897
3.3353
3.4056
2.9226
3.1248
3.2674
2.7752
2.8683
2.8792
3.0331
2.8667
2.7720
2.5866
2.7079
2.8125
2.8309
2.6473
3.0866
3.1910
3.1307
3.5071
3.4359
3.5270
3.3679
3.2545
3.2817
3.5531
3.1137
2.4870
2.5453
3.2704
2.8240
3.2158
3.0676
2.5527
2.9289
3.1055
2.9259
3.4689
3.0613
3.1212
3.2230
3.3806
3.2662
3.4773
3.3452
3.0596
3.4790
3.4601
3.6773
3.4857
3.2278
3.3640
3.6486
3.3872
3.3599
2.9205
3.1560
3.0321
3.0942
2.7763
2.9229
3.0410
3.0157
2.9753
2.7821
3.1201
2.9132
3.1248
2.8814
2.8268
2.5833
2.5714
2.4159
2.7650
2.5539
2.5949
2.6026
3.1056
3.3896
3.2435
3.1142
3.2357
3.1330
2.8978
3.1398
3.0468
2.7271
3.1416
2.6556
2.7773
2.9432
3.1444
2.9025
2.8765
3.2204
2.7601
2.4832
2.4435
2.7410
2.6500
2.5431
2.2222
2.3855
2.1881
2.4590
2.5063
2.4030
2.5262
2.8505
2.0122
2.8666
2.7717
2.5949
2.4735
2.5065
2.3948
2.6742
2.9543
2.9480
2.9010
2.8558
2.9518
2.8124
3.1199
2.9793
2.7317
2.7131
3.0487
3.3974
3.2923
2.7360
2.7979
2.5405
2.5078
2.5725
2.3766
3.0393
2.5263
2.8655
2.7832
2.6176
3.1951
3.3001
2.5554
2.9890
2.6408
2.9232
3.1348
2.6390
3.1085
2.9257
2.9585
3.0179
2.7287
2.3692
2.8567
2.7272
2.3937
2.7843
2.5818
2.9452
2.8901
2.6057
2.3028
2.4185
2.2502
2.7093
2.8468
2.7536
2.7549
2.6676
2.4771
2.8636
2.8155
2.8191
2.7516
2.6275
2.6661
2.2219
2.4224
2.3014
2.3465
2.5432
2.6504
2.3373
2.7510
3.0330
2.8397
2.7892
2.7136
2.9319
2.8500
2.4501
2.6028
2.6484
2.6743
2.7889
2.4801
2.5586
2.2368
2.7740
2.6518
2.6694
2.5948
2.5429
2.6454
1.9514
2.3120
2.8588
2.6375
2.4913
2.3574
2.4139
2.8319
2.6367
2.6837
3.0726
2.6147
2.5351
3.4631
3.1105
3.4072
3.5622
3.5945
4.0523
3.2729
3.3006
2.7156
3.0180
2.2613
2.9391
2.5392
2.9709
3.2066
3.0495
3.1613
2.5683
2.7455
2.3172
2.5281
2.9520
2.7634
2.8039
3.0843
2.7370
2.5120
3.3867
3.2121
3.0282
3.3803
3.0439
2.6911
2.1241
2.0419
2.7370
2.5625
2.6682
2.7697
2.3209
2.4480
2.7577
2.2889
2.7145
2.6851
3.2484
2.2242
2.3082
2.4237
2.2972
2.4404
2.1805
1.9741
2.1311
2.2882
2.8258
2.5091
2.7140
2.9751
2.4797
2.7505
2.6325
2.8152
2.7146
2.6423
2.3208
2.5447
2.7109
2.8544
2.7526
2.7468
2.6055
2.9657
3.1767
2.7465
2.8858
2.7917
2.7527
2.3549
2.2890
2.2518
2.3260
2.5743
2.3304
3.0163
2.7604
2.6092
2.3550
2.0181
1.7544
1.6488
1.9872
2.1536
2.1573
2.8094
2.4589
2.5170
2.6215
2.8595
2.7629
3.0889
3.2660
2.5264
2.5979
2.6844
2.9906
2.8647
2.6949
3.0499
2.7215
2.4510
2.1635
2.8770
2.5419
2.5709
2.6195
2.9848
3.1973
2.7087
2.6226
2.5347
2.8216
2.7085
2.7017
2.8324
2.8010
2.3235
2.7931
2.5654
2.4304
2.9931
2.4012
2.3963
2.8211
2.6280
2.8081
2.6671
2.7568
3.1536
2.7144
2.4450
2.7278
2.7230
2.8757
2.9629
2.7718
2.5258
2.3113
2.2806
2.2367
2.2222
2.3210
2.4397
2.5776
2.4248
2.2525
2.4565
2.0375
2.0930
2.3124
2.4022
2.6117
2.6501
2.6537
2.9947
2.4946
2.3176
2.7194
2.5453
2.7393
2.3209
2.6624
2.7396
2.7427
2.6591
2.5088
2.5991
2.5169
2.7271
2.8290
2.6181
2.2188
2.5816
3.0272
2.7980
2.8158
2.6573
2.5378
2.4623
2.5380
2.8978
2.5459
2.4081
2.9668
2.9687
2.7090
2.4941
2.7928
3.0161
2.2930
2.1753
2.2016
2.6292
2.8162
2.6749
2.2880
2.5598
2.9295
2.9345
2.9507
3.0935
2.5635
2.4965
2.5159
2.3340
2.5115
2.1754
2.4517
2.8885
2.6901
2.4763
2.9414
2.5474
2.7148
2.9127
2.9210
2.6682
2.6644
3.3177
2.9548
2.8337
3.1612
2.9277
3.2591
2.7507
2.8590
2.9676
2.4023
2.6303
2.9294
2.4029
2.7661
2.4340
2.8025
2.7633
2.7537
2.8566
2.9113
2.5641
2.8066
2.8031
2.8735
2.7057
2.2155
3.0862
3.1918
3.0876
2.9116
3.1387
2.9780
2.9057
2.8840
2.7869
2.6406
2.4314
2.7004
2.3407
2.0319
2.3852
2.9146
2.6322
2.6066
3.2415
2.8954
3.6888
3.2089
3.1220
3.1046
2.9870
2.6217
2.8148
3.2550
3.0305
2.8507
3.6591
3.2404
3.0153
2.9157
2.9343
2.7530
2.3597
2.6425
3.2194
3.3459
2.9295
3.0240
3.1543
3.0440
3.1355
2.5651
2.6631
2.7968
2.7066
3.0334
3.2556
2.7145
3.0153
3.1208
3.1367
3.1040
2.9482
3.0929
3.1198
3.0310
2.7621
3.0646
2.5385
2.8596
3.1648
2.7633
3.0975
3.1788
3.0046
2.6418
2.2828
2.3187
2.4241
3.0697
2.3377
2.5128
2.5250
3.1354
3.1614
3.1593
2.8753
2.9592
2.9136
2.7348
2.7568
2.6712
2.6766
2.6796
2.9656
3.1243
2.9700
2.4312
2.4538
2.6753
2.7938
2.2162
2.7677
2.7264
1.9128
2.7606
2.7437
2.9050
2.2896
2.7503
2.6391
3.0081
2.7913
2.8185
2.2554
2.4574
2.3903
2.5863
2.8355
2.7584
3.1658
3.0931
3.0113
3.2546
2.9367
3.1085
2.7388
3.0789
3.2814
2.7058
2.8921
2.3784
3.0682
3.2463
3.0599
3.1510
2.6855
2.3291
2.5492
2.5424
2.6235
2.2144
2.5649
2.7180
2.6094
3.0602
2.5199
2.4368
3.0043
2.8851
2.8458
2.4630
2.8218
2.9202
2.6972
2.6957
2.9338
2.7407
2.7619
2.7495
3.3064
2.8872
2.9566
3.0579
2.9036
3.4050
2.7437
2.8294
2.7598
2.4507
1.9134
2.7016
2.4864
2.7696
2.8555
2.4523
2.3870
2.5096
2.6481
2.9078
2.2045
2.8502
3.1181
3.0800
3.1506
2.8369
3.3738
2.9149
2.2814
2.6708
2.8367
2.4026
2.4929
2.4482
2.4663
2.8661
2.1813
2.2148
2.6750
3.0251
2.4980
2.7813
2.9623
2.9703
3.3485
2.8308
2.6309
2.3109
2.3482
2.7727
2.3091
2.2671
2.2950
2.1703
2.4576
2.5170
2.6296
2.8298
3.0540
2.4633
2.7652
2.4651
2.4290
2.5121
2.7214
2.8429
3.0184
2.9732
2.7804
2.2745
2.6782
2.6319
2.6314
2.8957
2.3689
2.4749
2.6198
2.5743
2.8714
2.8882
2.6047
2.6688
2.7176
2.7492
2.7395
3.3249
3.2138
3.4646
3.2103
3.3911
2.9092
3.3236
3.0292
3.0054
3.3607
2.5620
2.4200
2.3902
2.5638
2.4540
2.5721
2.8511
2.9392
2.5261
2.2742
2.8188
3.2002
2.7383
2.8155
3.0498
3.2320
2.7904
2.6809
2.7658
3.1217
2.6335
2.8086
2.5480
2.9635
2.4426
2.4127
2.2158
3.1241
2.8042
2.6005
2.6000
2.6317
2.8366
2.8124
3.2038
2.8391
2.8545
2.9857
2.4925
2.6399
2.5225
2.3852
2.3768
2.0283
2.0726
2.2521
2.5725
2.6946
2.4707
2.3289
2.4023
2.8190
2.3101
2.3832
2.8977
2.9522
2.7451
2.7575
3.1637
2.8921
2.5766
2.7056
2.7128
2.9251
2.6844
2.9358
2.6062
2.9442
2.6646
3.3396
3.2470
2.6776
2.7340
2.4531
2.7238
3.0156
2.6424
2.7572
2.6649
2.6366
2.1969
2.3543
2.1997
2.1725
1.9929
2.2532
2.3821
2.6692
2.5750
2.6656
2.5872
2.7787
2.8634
3.0432
3.2711
3.2435
3.1360
2.9251
2.6804
2.9658
2.7997
3.1287
2.9608
3.2486
2.5970
3.0653
2.8928
2.5787
3.1280
2.8547
3.2195
2.7460
2.7926
2.6785
2.3862
2.3783
3.1014
2.6821
2.9628
2.9863
2.7917
2.8582
3.0437
2.3647
2.5501
3.1525
2.8294
3.0846
3.4589
3.3152
2.8286
3.1105
2.4828
3.2890
2.5315
2.6937
3.3267
3.5234
2.8708
2.9023
3.0240
2.6746
2.7366
2.6385
1.9720
2.0785
2.5273
2.7467
2.9320
2.7112
3.2129
3.0815
3.1087
3.2074
2.9449
2.8411
2.5228
2.3914
2.8085
2.2812
2.1104
2.5113
2.0863
2.4155
2.5797
2.2431
2.6846
3.0532
2.9315
2.5909
2.9172
3.0415
3.2066
3.3089
2.8261
3.1413
2.8561
3.1905
2.9161
3.2504
3.4048
1.9010
2.8090
2.6483
3.0977
3.0167
3.0343
2.5279
2.7066
2.9716
2.9874
3.0185
2.6858
3.0241
2.5501
2.9446
2.1080
2.5942
2.5142
2.4628
2.9103
3.0926
3.2736
3.0549
2.9865
2.8980
2.8960
3.0096
2.7097
2.8303
3.1828
3.7069
2.9240
2.9294
2.7889
3.0503
2.4547
2.2859
2.4656
2.2446
2.7517
3.0049
2.6983
3.2515
3.0260
2.4454
2.5678
2.4937
2.0239
2.9404
2.6969
2.9070
3.1463
2.9087
3.3490
2.7255
2.9690
3.2421
3.0847
3.3589
3.0715
3.2769
3.1595
3.0857
3.1586
3.1963
2.9170
2.6022
3.0638
2.9308
2.9422
2.9637
2.7553
3.0032
2.9352
2.6698
2.5161
3.4169
2.7742
3.0818
2.6872
2.7524
2.8089
2.5242
2.1744
2.7822
2.8299
3.0497
2.6756
2.9130
2.7441
2.6577
2.8172
2.3578
2.8481
3.0489
3.3898
3.3375
3.4090
3.8215
3.5915
3.3653
3.2931
3.3421
3.2935
3.0834
2.9576
3.2573
2.7145
2.5022
2.7320
2.8899
2.6215
2.5981
2.8152
2.8803
3.0343
2.6729
3.1184
3.2663
3.2867
3.0163
3.1654
3.0811
2.6149
2.1688
2.3162
2.6746
2.0129
2.3971
2.2398
2.7271
2.5324
2.2223
2.2855
2.2144
2.2566
2.7829
2.6386
2.9093
2.7227
2.8291
2.7823
2.6832
2.5794
2.1924
2.1918
1.9051
2.0405
2.7860
2.4559
2.7424
2.7335
2.3498
2.5532
2.4249
1.8635
2.0126
2.2885
1.8473
2.4625
3.1341
2.7489
2.6821
2.6257
3.4764
3.0783
2.6030
2.8123
2.8741
2.6256
2.7546
2.7465
2.7409
2.5261
2.6882
2.6009
2.4271
2.7543
2.3254
2.2371
2.2967
2.6570
2.8152
3.0853
3.7170
3.1918
3.3466
3.2598
3.1181
2.9364
2.9351
2.6810
2.6209
3.4436
3.4760
3.6922
3.9141
3.3057
2.7581
3.1522
3.0213
3.1736
3.3905
3.0466
2.8747
3.2423
2.9550
3.0574
2.6365
2.9691
2.9664
3.1456
2.8504
2.7298
2.9555
2.9283
2.3712
2.8855
2.6423
2.6004
2.2331
2.5462
2.8084
2.6167
3.0566
2.3961
2.4587
2.7994
2.2335
2.7206
2.5061
2.5107
3.1805
2.9232
2.3639
2.9209
2.4886
2.1760
2.2599
2.3246
2.4043
2.7799
2.5452
2.0953
2.3291
2.2961
2.2177
2.0927
2.2791
2.0286
2.5160
3.1699
2.5608
2.4121
2.4643
2.8850
2.5193
2.7063
2.4828
2.3489
2.5819
2.1286
2.6071
2.5205
2.6659
2.6412
2.5390
3.2256
2.9056
2.6440
2.4776
2.2944
2.5071
2.9466
2.5438
1.9795
2.4706
2.2565
2.8342
2.5390
3.0402
2.8810
3.3160
2.7398
2.5986
2.8715
1.9439
2.3532
2.6295
2.3295
2.7661
2.3437
2.5504
2.3309
2.1571
2.0668
2.3176
2.2243
2.1479
2.6453
2.4383
2.4300
2.3533
2.2602
2.3430
2.4984
2.8560
2.8804
2.7929
2.6804
2.5038
2.7358
2.2342
2.5514
2.6401
2.4048
2.5399
2.7735
2.4778
2.3268
2.0267
1.8206
2.0632
1.7288
2.4543
2.4581
2.7110
2.8203
2.9950
2.5829
2.4409
2.5750
2.4652
2.6438
2.5276
3.2039
3.1051
3.1342
2.9110
2.8380
2.8789
2.8549
2.8375
3.1268
1.8712
1.7328
1.6061
1.7501
2.4729
2.4197
2.1750
2.3665
2.8532
2.5200
2.7831
2.8483
2.5492
2.8854
2.5995
2.6532
2.5857
2.5306
2.6456
2.7108
3.3433
3.3143
2.7611
2.9157
2.3370
2.7906
2.3243
2.3871
2.3351
2.2877
2.2796
2.3469
1.9684
2.0999
2.6482
2.9128
3.0929
2.7289
2.6271
2.7853
2.9161
2.7393
2.9726
2.4251
2.2459
1.9245
1.8936
2.8357
2.3079
2.1571
2.5720
2.7702
2.1510
2.0628
2.2615
2.4571
2.4337
2.3816
2.2834
2.7279
1.9903
2.3883
2.5652
2.8820
2.8610
2.5314
2.7020
2.7531
2.4126
2.5131
2.1497
2.2251
2.1594
2.5075
2.1579
2.2293
2.0074
1.9786
1.9376
2.0569
1.6023
1.8786
2.1060
2.2074
2.2109
2.2238
2.0397
2.1426
2.0872
2.1790
2.5406
2.6969
2.5845
2.4447
2.7452
2.6710
1.9676
2.3334
1.9804
2.1717
1.8655
2.0760
2.2323
2.3410
2.6199
2.7998
2.5769
2.6926
3.1963
2.8397
2.8072
2.6048
2.5214
1.8346
1.5684
1.9959
2.5234
2.2923
1.8528
1.7527
2.5427
1.7008
1.5533
2.0797
1.4315
2.0655
2.0949
2.1159
2.0425
2.2169
2.1323
1.6475
1.7880
2.4262
1.6356
2.1898
1.9045
1.9912
2.0501
1.8467
1.9367
1.7564
1.8781
2.2981
2.2456
2.0989
2.0662
1.9888
2.0022
2.0454
2.0253
2.3097
1.9188
2.3130
2.4489
2.2635
2.3092
2.0605
1.8086
1.6830
2.0149
1.8691
1.9941
2.2871
2.1241
2.2919
2.4851
2.2990
1.9931
2.3291
2.6498
2.3656
2.2007
1.6986
1.3138
1.3494
1.8215
1.8198
2.0629
2.5512
2.2086
2.3933
2.6287
2.4944
2.2513
2.7582
2.8311
2.4873
2.3532
2.6020
2.4431
2.6377
2.6842
2.8442
3.0515
2.9688
2.5698
2.9010
2.6629
3.0524
2.7845
2.9609
3.1052
3.1380
2.9095
2.4955
2.4995
2.3508
2.8435
2.5194
3.0207
2.7882
2.8884
2.8332
2.6834
2.6466
2.6506
2.6515
2.7775
2.7191
2.3494
2.5007
2.5224
2.4765
2.8089
2.5102
2.3372
2.6636
2.5601
2.5474
2.5222
2.8435
2.5777
2.1395
2.3941
2.2105
2.6236
2.7276
2.5771
2.4660
2.4545
2.7037
2.7366
2.7071
2.9421
2.7841
2.9739
2.6345
3.0235
3.0610
2.5741
2.4293
2.7130
2.7120
2.5937
2.8364
2.7046
2.6395
2.4589
2.8019
2.8948
2.6918
2.6692
2.8128
2.6580
2.9332
2.7246
2.3545
2.1296
2.7272
2.8024
2.6098
2.5378
2.3346
2.0321
1.9952
2.2892
2.2558
2.1230
2.4939
2.3248
2.7574
2.8593
2.0959
2.2003
2.1318
2.1150
2.3619
2.5302
2.7110
2.6141
2.7110
2.1397
2.2925
2.4407
2.3445
2.5494
2.2127
2.1023
2.3183
1.7007
2.1312
1.6882
2.1941
2.1715
2.7400
2.7246
2.3683
2.3557
2.7597
2.7568
3.0044
2.5690
2.7375
2.2408
2.4109
3.1291
2.5422
2.8728
2.8913
2.7627
2.8129
2.6504
2.3844
2.2610
2.4249
2.1353
2.4618
2.3754
3.0447
2.5104
3.1910
2.5088
2.7215
2.7853
3.2587
2.8561
2.7579
2.8128
2.6974
2.5174
2.3789
2.8295
2.7387
2.8385
2.9981
3.3057
3.3868
3.0229
3.0487
3.0206
3.0640
3.4833
2.9474
3.1210
2.6415
2.7670
2.2550
3.0859
2.8721
2.9460
3.0291
2.6556
2.7933
3.2306
2.7301
2.9353
2.2023
2.7194
2.2100
2.6254
2.4885
2.2994
2.8387
2.9510
2.7553
3.0645
3.0266
2.9416
3.0546
3.5987
3.0020
2.9135
2.5714
2.4222
3.0726
2.9631
3.1971
3.1164
3.4850
3.3900
3.1821
3.0424
3.2061
3.1306
2.7886
2.9423
3.4699
3.8302
3.3691
2.9686
3.7593
2.8099
2.6351
3.0011
3.1559
2.3376
2.6535
2.9077
3.1387
2.6791
2.3855
2.7295
2.9927
3.0756
3.4122
3.3635
2.7091
2.8432
2.7039
3.1085
3.3457
2.7302
3.0537
2.6582
3.0291
3.6469
3.3854
3.2238
2.6156
2.9640
2.8901
2.5521
2.5123
2.7353
2.7001
2.7462
2.2978
2.5643
2.3520
2.7324
2.5504
2.6686
2.6981
2.7838
2.9079
2.3093
2.5987
2.0342
2.1310
2.3081
2.7693
2.3245
2.1576
3.2610
2.9010
3.0923
2.6372
3.3927
3.1894
3.6257
3.5024
3.2128
2.5775
2.8504
2.7414
2.8794
2.8490
2.7080
3.0657
3.3285
3.0940
2.9295
2.5681
2.5837
3.0846
2.7711
2.8258
2.3194
2.5849
2.3429
2.8230
2.3345
2.6049
2.7011
3.3270
3.2154
3.6018
2.6349
2.6530
3.0748
2.7652
3.2174
2.8053
2.7609
2.9062
2.8271
2.8990
2.7213
2.1140
2.8008
2.7305
2.5652
2.2757
2.6392
3.0761
2.5973
2.5699
3.1007
3.0304
3.3487
3.3178
2.8259
2.8156
2.6338
2.7647
2.5090
2.5680
2.8087
2.3967
2.3912
2.1629
2.6610
2.4644
2.9568
2.8470
2.7407
2.9091
2.5937
2.6192
2.2673
2.3521
2.5629
2.4314
2.4715
2.2636
2.3246
2.9417
2.7935
3.3738
2.8548
2.5200
2.5794
2.5596
2.2597
2.5381
2.7389
2.3480
2.1291
2.0096
2.0711
2.8026
2.4307
2.6008
2.8444
2.8222
2.9123
3.1524
2.5998
2.6715
2.7837
2.7466
2.2623
2.5207
2.6670
2.9365
2.9694
2.8252
2.8880
2.6085
2.7829
2.9454
2.8375
2.7773
3.1851
2.9509
3.3641
2.8495
3.2417
3.3377
3.2065
3.0151
2.7559
2.9862
2.3634
2.1713
2.5678
3.1283
2.7311
2.3457
2.2166
2.6361
2.9537
3.1196
2.6090
2.7543
2.0075
2.5348
2.2879
2.6854
3.0153
3.3248
2.9463
2.5505
2.9708
2.8144
2.8236
2.8185
2.6203
2.7536
2.8682
3.0410
3.0650
2.4479
2.8087
2.4012
2.5394
3.1550
2.9030
3.1685
3.0774
3.1656
2.6494
2.3794
2.5700
1.4118
2.6073
2.2934
2.4172
2.9951
2.7241
2.6752
2.6427
3.4130
2.8210
2.0517
2.3656
2.9909
3.4137
3.1399
2.9466
3.2494
3.1986
3.3280
2.6174
2.9735
2.5258
3.0212
2.4812
1.9265
2.3547
2.7282
2.4042
2.6591
2.9275
2.0375
2.4715
3.1276
3.3204
2.9951
2.8437
2.9294
2.7008
3.1974
2.9117
3.4738
3.3620
2.4628
2.5503
2.9043
3.0666
3.1499
2.7544
3.0557
2.7801
3.1919
3.0070
2.9444
3.2737
3.0508
3.0439
2.6988
3.2383
3.0224
2.9400
3.2653
2.8224
2.7338
2.6033
2.5801
2.4712
2.5349
2.4174
2.2521
2.5317
2.4687
2.9067
2.8872
2.8525
3.0474
3.2982
3.0096
2.5430
2.8391
3.1552
2.9693
2.8810
3.0978
2.9943
3.2757
2.9239
3.0588
2.9814
2.7947
3.2201
2.9953
3.1783
3.0106
3.2421
3.1765
3.0471
3.3182
2.9762
3.0168
3.1065
3.3164
3.2374
2.9061
2.8685
2.7376
3.1372
2.9886
2.9608
2.8483
2.8546
2.5998
2.2772
3.1109
3.0140
3.0783
3.0401
2.8896
2.6705
2.3878
2.4560
2.5038
2.5557
2.9385
2.9526
2.6449
2.8414
2.6030
2.2734
1.9867
2.4796
2.3172
2.3769
2.2166
2.6972
2.7257
2.8193
2.5238
2.5198
2.3291
2.9174
2.6077
2.5817
2.8328
2.2444
3.2238
2.8519
2.9999
2.6363
2.9990
2.6674
2.6182
2.3770
2.2642
2.5803
2.5873
2.4773
2.5025
2.3379
2.7146
2.7267
2.8233
2.7368
2.3734
2.7512
2.4495
2.4790
3.1945
2.8584
2.4766
2.9737
2.8218
3.0063
3.1157
2.6803
3.0094
2.8882
2.5795
3.3478
2.4408
2.1293
2.2027
2.5017
2.9172
3.0031
2.7148
3.2445
3.1019
2.9585
2.5407
2.7764
2.7172
2.8345
2.5807
3.1334
2.9775
3.3223
2.9086
3.0163
3.2618
3.4255
2.8550
2.7678
2.1138
2.7373
2.7951
2.7131
3.0522
2.5074
2.6427
2.0995
2.3520
1.7146
2.6686
2.9246
3.1181
2.1812
2.7083
2.2560
2.5582
2.3504
2.4150
2.4272
2.5940
2.4744
2.4832
2.6913
2.5288
2.9192
3.0436
2.2301
2.0618
2.6456
2.9872
2.5075
2.9079
2.9020
2.8477
2.9728
2.3681
2.5473
2.7028
3.0416
2.4246
3.0766
2.6865
3.0723
2.4129
2.4423
2.4030
2.0727
2.1759
2.0334
2.0275
2.2433
2.0265
2.2067
1.8760
2.6000
2.6711
2.5472
2.8371
2.8009
2.9070
2.7964
3.1981
3.1866
2.9521
2.6868
2.0190
2.1257
2.1755
1.9754
2.6431
2.9175
2.8126
2.6471
2.6164
2.9416
2.8757
2.8063
2.7326
2.5134
2.3503
2.3843
2.8897
2.8950
2.8735
2.9141
2.5564
2.7880
2.7381
3.1755
2.9314
3.1666
3.2737
3.1036
2.9082
2.5636
3.0995
2.4172
2.3241
2.2566
2.3099
1.9500
2.6563
2.4869
1.9483
2.3160
2.2794
2.2108
2.0040
2.5086
2.4975
2.2478
2.4902
2.7121
2.6577
2.5106
2.6726
2.7309
2.5338
2.6444
3.4190
2.5587
2.6121
1.8259
2.0319
2.3472
2.5614
1.7770
2.1421
2.5588
2.4136
2.6485
2.0583
1.6389
1.9525
2.2640
2.5103
2.7960
2.5730
2.4588
2.4288
2.5354
2.4826
2.7767
2.7257
2.7617
2.9398
2.7031
2.8939
2.6800
2.6154
2.6589
2.2070
2.2305
2.8442
1.8697
2.6359
2.6962
2.6041
3.0127
3.1836
2.7602
2.8176
1.7989
1.7866
2.2421
1.7830
2.2276
2.4376
2.2114
2.5114
2.9024
2.1191
2.0902
2.2829
2.4220
2.5511
2.5708
2.2864
2.0615
1.7260
2.3391
2.1577
2.5698
2.4459
2.2058
2.5282
2.8336
3.1500
2.4649
2.5409
2.9535
3.0910
3.1313
3.1453
2.3754
2.7203
2.3585
2.8238
2.8901
2.9186
2.6151
2.6516
2.3158
2.6001
2.3998
2.0626
2.0568
1.9061
1.6494
2.3515
1.8092
2.3058
2.5308
2.7071
2.2336
2.5445
2.9266
2.5927
2.7820
3.2401
3.0421
3.0579
2.5237
2.3553
2.4263
2.1689
2.3968
2.0781
2.2142
2.5178
2.6488
2.1164
1.7149
1.6609
2.2725
2.0388
2.1325
2.3018
2.4849
1.8901
2.3954
2.4263
2.0144
2.2487
2.3435
2.7462
2.4046
2.4924
3.0908
3.2702
2.9860
3.1886
2.5024
2.4036
2.8586
2.3412
2.7407
2.6255
2.6931
3.0084
2.7158
2.6207
2.5495
2.0109
2.0496
2.3159
2.4691
2.5774
2.6638
2.8182
2.0713
2.1804
2.7082
2.1628
2.6454
3.0976
2.1443
2.0239
2.1901
1.7134
1.7003
2.3116
2.1406
1.7770
2.1333
2.2966
2.1940
2.1657
2.2184
1.9554
2.3215
2.4591
2.7209
2.5868
2.2420
2.5783
1.9974
1.7142
2.1022
2.5590
2.4802
2.5256
2.5329
2.2853
2.5658
2.3059
2.7214
2.3883
2.7770
2.1084
2.3596
2.3928
2.2375
2.4621
2.1246
2.0986
1.5263
1.8676
2.4258
2.5086
2.0848
2.1249
2.0515
2.7625
2.6407
2.5888
2.3410
2.1757
1.8035
1.9639
2.2972
2.9652
3.2795
2.7534
2.7875
2.6912
2.5132
2.3123
2.5339
2.4816
2.2753
1.9484
2.3123
2.3416
1.9629
1.7290
2.1719
1.4130
1.7016
1.9282
2.0624
2.2283
2.3580
2.2129
2.0208
2.1411
2.0674
2.3456
2.0189
1.7671
2.0300
2.2709
2.1824
1.7315
1.9977
2.5803
2.4387
2.9493
2.3601
1.6121
2.4318
2.1156
2.0755
1.7245
2.1530
2.5397
2.3536
2.0735
2.0061
1.6975
2.1427
2.1070
1.9886
1.4058
1.6760
1.6797
1.6182
2.2820
2.1773
2.2291
2.2025
2.0945
2.1708
2.1660
2.0962
3.0241
2.2106
2.4579
2.1406
2.8808
2.4133
2.2761
2.1984
2.1918
2.2204
2.2470
2.0049
1.8990
2.3194
2.3335
2.5831
2.1327
2.0283
1.8508
2.0597
1.7404
2.2896
2.2032
2.2048
2.3768
1.7682
2.0110
1.9803
2.1966
2.7436
2.3740
2.4353
2.0799
2.4223
2.7572
2.6392
2.4617
2.4528
1.8745
1.9363
1.4725
1.2287
1.3050
1.2316
1.7576
1.1793
1.5175
1.6758
1.5091
1.3871
1.1687
1.5818
1.3742
1.7833
2.0435
1.4243
1.7065
1.4237
1.7168
1.8168
1.6699
1.4489
1.7857
1.9889
1.6669
1.8937
1.6159
1.6376
1.8163
2.0009
2.0253
2.1546
1.9265
2.0493
1.8259
1.7199
2.1028
1.7726
1.7153
2.0481
1.7127
2.0039
1.5669
1.4562
1.1165
1.9842
1.7265
1.7382
1.8606
1.8908
1.6063
1.9774
1.5336
1.9899
2.0532
1.5013
1.8765
1.8118
1.5065
1.9324
1.6541
1.6942
1.5985
1.4313
1.8918
2.0341
2.5111
2.3718
1.9866
2.3431
2.1083
2.7381
2.7728
2.2405
2.4272
2.0776
2.4351
2.2564
2.1731
2.3814
2.1885
1.9149
2.1293
1.8389
1.9061
1.5735
1.4699
1.9332
1.7952
1.9061
2.6112
2.3714
2.2715
2.1420
2.3260
2.2080
2.2930
2.1525
2.2422
2.1500
2.1149
2.1063
2.3802
2.9821
2.3907
1.9138
1.5662
1.7697
2.1091
1.5525
1.7104
1.9876
1.9302
1.6946
2.0428
2.0172
2.3309
2.2741
2.2784
2.7570
2.2151
2.1262
2.3482
1.4105
2.2284
2.2970
2.5467
2.4218
2.3824
2.0551
2.2644
2.5387
2.0662
2.2161
2.6562
2.4077
1.7982
2.3885
2.2258
1.9436
2.3967
2.2711
2.3630
2.4224
2.2519
3.0378
2.4920
2.5439
2.8146
2.5782
2.1846
2.1412
2.2598
2.7735
2.5855
2.4526
1.9995
2.3240
2.3128
2.1082
1.7987
2.2279
2.0417
1.6980
2.1450
2.0147
2.0979
2.3302
2.3621
2.4504
2.7679
2.1364
2.4261
2.5977
2.3687
2.7590
2.9411
2.0621
2.3659
3.0920
2.9696
2.9998
2.8482
2.9233
2.5867
3.2821
2.7058
2.4531
2.5480
2.3425
2.3449
2.1825
1.7557
2.2094
2.3251
2.2442
2.6017
2.0344
1.9479
2.1544
2.4250
2.3855
2.1877
2.1199
2.5354
2.4173
1.7932
1.9011
2.0594
1.9191
2.0093
2.6085
2.0635
1.6952
2.3569
2.2687
2.0646
2.4181
2.6857
2.0986
2.6827
2.4802
2.3672
1.9011
2.0214
2.3743
2.0701
2.1311
2.4082
2.6906
2.2477
2.6046
2.8152
2.6673
2.6402
2.7930
2.1524
2.1891
2.1929
2.3492
2.1249
2.0760
2.4583
2.2279
2.3965
2.0127
1.2598
1.5230
1.9640
2.0987
1.6698
2.0257
2.1931
2.6316
2.4080
2.2363
2.1323
1.8640
2.5234
2.5766
2.2915
2.1553
2.2229
1.5608
1.8428
2.0071
2.1523
2.5275
2.5852
2.4877
2.2028
1.9529
2.2473
2.1437
2.1570
2.0220
2.4481
2.5283
1.9817
2.2830
2.1121
2.2832
2.2706
1.8167
2.3794
2.0322
2.3796
2.1464
2.7905
2.5272
2.4358
2.6458
3.2235
2.8429
2.9131
2.5225
1.8433
2.3035
2.2717
2.4385
2.1233
2.5845
2.4943
2.2046
2.5493
2.6123
2.1419
2.2755
2.2960
2.3098
2.7794
2.6398
2.6935
2.8332
2.3679
2.3607
2.0128
1.9977
1.8109
1.5941
1.9039
1.8058
2.5959
2.8286
2.7940
2.0554
2.5044
2.1295
1.7765
1.7805
2.4263
1.4984
2.2979
2.1385
2.6107
2.0590
2.3280
2.2662
2.2986
2.5045
2.4990
2.3594
1.9316
2.3524
2.2398
2.5044
1.7653
1.7464
1.8860
1.8044
2.0421
1.8780
2.0732
2.5444
1.6986
1.7616
1.9710
1.4992
2.0659
2.2096
2.4475
2.1038
2.2851
2.0308
1.8085
2.0870
2.0189
2.4415
2.4205
2.5197
2.1258
2.6410
2.2972
2.6488
2.4439
2.6851
2.0781
1.8443
1.9871
2.0082
2.1152
2.0970
1.7688
1.6753
1.8765
1.4374
2.0256
2.1194
1.7908
1.9418
2.2536
2.1088
2.2226
1.5346
1.7247
1.8149
2.0097
2.0555
2.1238
2.1194
1.9250
2.0388
2.2132
2.6173
2.9499
3.0351
2.6442
2.4048
2.0225
1.9716
2.2025
2.0142
2.0991
2.1373
2.3198
2.3366
1.8143
2.2428
2.2285
2.3850
2.0472
2.4935
1.7100
2.1541
2.3535
2.2533
2.3223
2.0333
2.1432
1.7298
2.1961
1.9480
1.7268
1.8912
1.8306
1.6158
1.3423
1.4290
1.7884
1.5398
1.7204
1.6095
1.2689
1.6430
1.9382
1.6997
1.6522
2.2478
1.7327
2.0892
1.8862
