1.3900
1.5334
1.5272
1.8274
1.6772
2.1032
2.1549
1.6382
2.0640
2.3094
1.9941
2.1907
2.4312
2.2354
2.3229
2.2657
2.1685
2.2845
2.3583
2.4465
2.4323
2.3056
2.3518
2.3697
2.2795
2.1160
1.7025
2.0976
2.2809
2.0681
2.2968
1.8871
2.3578
2.1424
2.4051
2.2696
2.3566
2.2511
2.3204
1.8917
2.3815
2.2538
2.0636
2.0102
1.6851
1.6498
1.6683
1.2592
1.9841
1.7193
2.0067
2.3433
2.0224
1.7824
2.1753
2.1573
2.3826
2.3876
2.4349
2.4496
2.5989
2.6162
2.0075
2.1580
2.4647
1.9752
1.9103
2.0689
2.0824
2.0396
2.2822
2.1197
1.7983
2.0999
1.8423
1.8785
1.8419
1.9619
1.9433
1.8082
2.1049
2.3678
2.5127
2.5038
2.3900
2.2132
2.2656
2.2176
2.2231
1.7838
2.4550
1.9701
2.1277
2.1420
2.3953
2.1975
1.9977
2.1097
2.1270
1.9260
1.8456
2.2066
2.3121
2.1903
2.0152
2.1510
2.2964
2.3331
2.3161
2.6306
2.4425
1.9125
2.3601
2.5044
2.5885
2.6910
2.3727
2.0693
2.2705
1.9342
2.1749
1.8852
1.7641
1.8286
1.7514
1.5546
1.8221
1.6871
1.7789
1.4317
1.7090
2.1522
2.2634
2.6307
2.0888
1.7903
2.1490
1.8931
1.7929
2.3349
2.1314
2.2657
2.1276
2.1235
2.2636
2.5930
2.3924
2.1752
2.0895
2.0961
2.4456
2.0971
2.4390
2.4213
2.1051
2.2479
2.1250
2.3662
2.1779
2.2700
2.0532
2.2777
2.5285
2.2693
2.6884
2.6889
2.9077
2.5075
2.6529
2.5654
2.4306
2.5545
2.5841
2.8276
2.6700
2.7205
2.2722
2.7079
2.6014
2.8638
2.5165
2.6085
2.7067
2.1437
2.1909
1.9830
2.2702
2.4552
2.2843
2.5330
2.6671
2.5283
2.7846
2.5794
2.1495
1.9348
2.0878
2.0683
2.3354
1.9343
1.9738
2.2391
1.6748
1.7526
2.0127
2.2671
1.7509
2.0019
2.1405
2.1641
2.1879
1.8941
1.9439
2.3780
2.4305
1.8781
1.7790
1.8716
2.2909
1.6567
2.0055
1.9986
1.9853
2.1140
1.9653
1.8509
1.6724
1.6263
1.8496
1.6210
2.2163
1.7810
1.9119
1.7398
1.9085
2.0832
2.2428
1.7995
2.1330
2.1102
2.1238
1.6294
1.7392
1.5308
1.6590
1.7665
1.6791
1.5998
1.7226
1.5758
1.6946
1.3949
1.8484
1.8035
2.1500
1.9268
2.4596
2.0885
1.6569
1.8915
1.8784
2.1141
1.6947
1.9536
1.7960
2.5233
2.6113
2.5639
2.5929
2.4645
1.7869
2.2592
2.6891
2.8746
2.8241
2.6862
2.5143
2.0757
2.3857
2.1054
2.1151
2.2715
2.4693
2.3802
2.2204
2.4069
2.6519
2.5903
2.2438
2.2152
2.6044
2.2859
1.8288
2.1597
2.0777
2.3072
2.2052
1.7816
1.5878
1.5649
1.7330
2.0843
1.9852
1.8699
1.9598
2.2309
2.3695
1.8602
1.8833
1.9237
1.9332
2.0383
2.3264
2.4271
2.2810
2.2342
2.2239
2.1586
2.0050
1.9825
2.6386
2.4463
2.1962
2.7024
2.3960
2.3330
1.9657
2.1535
2.2000
2.0246
2.2895
1.7409
1.9896
2.5912
2.3045
2.3290
2.6808
2.3699
2.0207
2.0711
2.2302
2.2225
1.7699
2.0625
1.9468
2.1326
2.7320
2.0208
1.6793
2.3831
2.1808
2.4773
2.6685
2.3452
2.3278
2.5027
2.3484
2.4341
2.1735
2.3504
2.3795
2.5775
2.1635
2.4252
1.9478
2.9789
2.2114
2.1040
2.3454
2.0144
1.9343
1.5646
1.4727
1.7834
2.3500
2.0574
2.0202
1.9122
2.2867
2.1748
2.2972
2.3501
2.1081
1.9217
2.5789
2.3629
2.1543
2.1085
2.2357
1.7900
2.3350
2.5114
2.1744
2.4020
2.1551
2.1197
2.0277
2.1710
2.5473
2.2978
2.0208
2.3020
2.4626
2.2607
2.1232
2.1589
2.1151
2.0669
2.1776
1.9285
2.2806
2.2632
1.7978
1.9053
2.1219
1.7700
1.7506
2.1736
2.0446
2.2682
2.0480
2.0243
2.2669
2.4282
2.6284
2.1637
2.1541
2.1092
1.8168
1.6590
1.9342
2.2126
1.7819
1.9133
1.6227
1.4559
2.0885
2.0548
2.0847
2.1858
2.6320
2.6250
2.2429
2.3042
2.0214
1.7227
2.2799
2.6459
2.8324
2.8181
2.5134
2.4075
2.4407
1.9871
1.9997
2.1387
1.9655
1.5586
1.9042
1.7885
2.0315
1.9813
1.9774
1.8713
2.0935
1.9916
1.9005
2.1327
2.0887
2.2538
2.1836
1.9310
1.5943
2.2250
1.7176
2.0400
2.3469
2.4790
2.0916
2.1677
2.2546
2.5686
2.2865
2.5227
2.6086
2.4587
2.3838
2.5998
2.2609
1.9843
2.3905
2.4300
2.2950
1.9809
2.2310
2.3040
2.0901
2.5252
2.1249
2.2975
2.0977
1.9013
2.5302
2.1436
2.2035
2.1648
2.2053
2.7576
2.0951
2.4368
2.2474
2.0908
2.2605
1.9850
2.3079
2.4203
1.9597
2.6701
2.3596
1.4462
1.4820
1.7270
1.5869
2.2905
1.9182
1.8591
1.7100
1.9477
2.0694
2.1169
1.9683
2.6459
2.2892
2.6214
2.7018
2.5588
2.6717
2.8319
2.3059
2.0039
1.9338
1.4894
2.0319
2.0527
2.0158
2.0487
1.8205
2.1307
1.8415
2.2267
2.1792
1.8671
2.0569
2.3975
2.2666
2.1370
1.9916
2.0869
2.1823
2.2947
2.2127
1.9405
2.1348
2.2032
2.0802
2.5280
2.4167
2.8730
2.3383
2.0382
1.8775
2.1866
2.0689
2.0545
1.6911
1.8032
2.3440
2.3521
2.4238
2.1135
1.9640
1.9309
1.7435
1.9303
1.7500
2.0747
1.9494
1.7558
1.8852
2.5033
3.0659
2.4377
1.8747
1.9769
2.1506
2.4127
1.9923
2.0402
2.3904
2.0908
2.0834
2.2675
1.5814
1.8041
2.2243
2.0735
1.6592
1.8868
2.1291
2.4740
2.1617
2.1085
1.7292
2.0795
2.2314
2.4218
2.4302
2.4738
2.1345
1.8769
2.2373
2.1187
2.2064
1.8637
2.3773
2.5082
2.4259
2.5511
2.7407
2.5187
2.6354
2.4675
2.3797
2.7156
2.2624
2.8882
2.6233
2.7180
2.7047
3.0652
2.6844
2.2653
2.8364
2.2882
2.3011
2.0385
2.5491
2.3944
2.3600
2.6186
2.7487
2.7087
2.6856
2.6664
2.6119
2.8133
2.8731
2.5356
2.1116
1.5099
2.3309
2.0416
2.0217
2.4888
1.8063
1.8170
1.4337
1.9556
1.8405
2.5821
2.2457
2.2262
2.2992
2.4488
2.0858
1.9788
2.4341
2.3336
2.3764
1.8221
1.9775
1.8193
1.8290
1.5152
1.7423
2.0836
1.8013
1.7381
1.8854
2.4207
1.7624
2.7820
2.3153
1.9042
1.7223
1.8147
1.8486
1.9950
1.8436
2.1177
2.1219
1.6981
1.8673
2.0243
2.0729
2.0897
1.6506
1.8684
2.0947
1.7025
1.6229
1.5952
1.9620
1.6437
2.0753
1.9142
1.7217
1.7190
1.6719
1.7545
1.9117
1.5868
2.5162
1.9114
1.7496
2.1035
1.8955
1.6818
1.7548
1.5441
1.6325
1.9568
2.0466
1.6233
1.9358
1.5834
1.4022
1.1212
1.6051
1.6639
1.3803
1.7145
1.8728
1.6094
2.1500
2.0130
2.2686
1.7259
1.9701
2.1482
1.9047
2.3526
1.9559
1.9120
1.8806
1.8180
1.7651
1.6144
1.7440
2.1687
2.0658
1.8402
2.4044
2.0198
1.9894
1.8683
2.1415
2.1790
1.9099
2.1988
2.1134
2.3185
2.1145
2.0824
2.1307
1.8802
1.6028
2.0794
2.2715
2.0278
2.3374
2.3098
2.1122
2.2063
1.9124
2.2978
2.3353
1.8831
1.7494
1.8854
1.5883
1.6941
1.9071
1.7363
1.3989
1.8389
1.5834
1.6663
2.1875
1.6806
1.2742
1.8129
1.6790
1.6966
1.6180
1.7129
1.4227
1.3979
1.7521
1.5660
1.5179
1.8180
1.9166
1.9411
1.9626
1.9191
1.7360
1.8001
2.0647
1.9023
2.1034
2.0118
2.3215
2.0173
2.5066
2.6659
2.3734
2.2367
2.3855
2.1840
2.5003
2.2984
2.1739
2.4874
2.5874
2.1697
2.3048
1.9652
2.4825
2.0980
2.0131
1.8551
1.7741
2.2719
2.2638
2.2794
1.9292
2.1836
2.3544
2.3041
2.3315
1.8023
2.0390
2.3149
2.5974
2.2563
2.4250
2.6705
2.5988
2.4100
2.4709
2.4828
2.2277
2.5310
2.8971
2.2726
2.1455
2.2547
2.2202
2.5473
2.2363
2.4073
2.0870
2.4557
1.8601
2.3890
1.9458
2.4543
2.4063
1.8488
2.4207
2.4793
2.5987
2.8330
2.4612
2.4965
2.4639
2.1811
2.5654
2.0288
2.4093
2.6184
2.3549
2.0490
1.9735
2.6432
1.9469
2.8243
2.7867
2.2161
2.5141
2.4654
2.2080
2.2422
2.3181
2.4094
2.1833
2.6822
2.3547
2.1271
2.3531
2.2879
1.7600
2.0052
2.0397
2.1111
1.9055
2.1724
2.2098
2.4337
2.2546
2.5083
2.4586
2.3406
2.6595
2.1304
2.9030
2.8227
2.0603
1.8498
1.9128
1.9872
2.4605
2.3764
2.5365
2.2455
2.0266
1.8582
2.3494
2.2555
2.2955
2.4895
2.5641
2.3203
2.3933
2.9761
2.8542
2.3268
2.7481
2.8754
2.7332
2.2682
2.2122
2.9599
2.5902
2.5773
2.4436
2.3812
2.2342
2.5050
2.2130
2.4449
2.0946
2.2023
1.9274
2.1723
1.6684
1.8213
2.0377
2.1801
2.0437
2.0582
2.0836
1.7073
1.7803
2.1278
2.4089
2.3562
1.9463
1.7776
2.3062
2.0385
2.0871
2.1871
2.5428
2.4600
2.3957
2.5206
2.0147
2.3495
2.3804
2.4969
2.3922
2.5673
2.1984
2.2529
2.1590
2.5286
2.2195
2.1708
2.1566
2.1121
1.8805
1.7949
2.3535
2.0955
1.5935
1.6432
1.2220
1.4108
1.2055
2.0977
1.9890
1.9613
2.1278
1.9546
1.8090
2.0004
1.9090
1.8871
1.8894
2.2842
2.2631
1.9816
1.4724
1.9386
2.2623
1.8343
1.8502
1.5775
2.2760
1.6484
2.3049
2.2508
1.9013
1.9742
2.0030
2.1084
2.2152
1.7861
2.2346
1.6370
1.2543
1.4850
1.7445
1.7640
1.6536
1.2768
2.1532
2.0996
1.6042
1.4295
1.7676
1.5608
1.9412
1.7557
1.9019
1.1309
0.9856
1.2733
1.1735
1.0352
1.9180
2.1117
2.0981
1.9794
2.1571
1.4928
1.8205
2.0134
1.4765
2.0065
1.4512
2.0110
1.5152
1.9004
1.6006
2.1747
2.0067
2.3033
1.8232
1.9490
1.8997
1.8941
1.7062
2.2010
1.9657
1.9658
2.4738
2.0802
2.1377
1.9830
2.0834
1.9566
2.0711
2.0804
1.9365
2.7228
2.3802
2.4337
2.1186
2.0491
2.0417
1.9939
2.0811
1.8861
1.9605
1.8486
1.9136
2.0200
2.5679
2.2948
1.7700
1.8810
2.2419
2.1637
2.0760
2.1104
1.9736
2.2648
2.2682
2.1551
2.2291
1.9761
1.9660
2.3033
2.1857
2.0542
1.8860
2.0785
2.4120
2.5235
2.1457
2.3231
2.5028
2.4584
2.4959
2.5400
2.2351
2.1404
1.9116
1.5419
1.5551
1.9766
1.8239
2.2312
2.0815
2.5026
2.0017
1.9295
1.8060
1.9160
1.7480
1.9444
2.2975
2.5688
2.4723
2.4744
2.0007
2.3411
2.2583
2.3595
1.8954
2.2079
2.1083
2.3192
1.9208
1.9232
1.9724
2.4256
2.0241
2.2914
2.2953
2.4257
2.5949
2.6807
2.6322
2.3027
2.2704
2.2289
2.3977
2.0627
2.0807
2.4307
2.0674
2.1556
2.1877
2.2247
2.8972
2.0894
1.6557
1.6887
1.9734
1.7510
1.7312
2.1163
2.3775
2.6612
2.2884
1.9672
2.3216
1.8620
2.2783
2.3837
1.9627
1.9370
1.8121
1.8237
1.9396
1.7880
1.6946
1.6203
2.6341
2.2893
2.0205
2.4815
2.8612
2.1325
2.2229
2.0163
2.0137
2.2474
2.4443
2.6288
2.4380
2.3416
2.1641
2.7464
2.6235
2.2352
2.2989
2.2863
2.0509
2.4363
2.1126
1.8293
1.9025
2.1301
1.5194
1.7042
1.7059
1.8626
2.1018
2.2902
1.8938
2.0464
2.0935
1.6801
1.6646
2.1469
2.2636
2.2011
1.9632
2.6608
2.3355
2.4814
2.0475
2.4941
2.2152
2.1222
2.2980
2.4252
2.5656
2.4510
2.2452
2.5695
2.2087
2.3864
2.4034
2.4603
1.9234
2.5965
2.4464
2.3007
2.4303
2.3438
2.2541
2.0329
1.9055
2.2629
2.0221
1.7973
1.8562
2.1532
1.9085
1.9734
1.9518
2.0531
2.4264
2.2868
2.5872
2.3784
2.4900
2.1377
2.1908
2.0244
2.4639
2.6482
2.3347
2.3186
2.4287
2.2827
2.7453
2.7358
2.6151
2.2395
2.4791
2.4255
2.3103
2.0706
2.1778
2.2117
2.5534
2.3977
2.4187
2.6930
2.1847
1.8239
1.7044
2.1256
1.8014
2.0781
1.8740
1.9939
1.9507
1.6576
1.0713
1.7371
1.7048
1.7219
1.4741
2.4432
1.5001
2.1020
1.9506
1.5712
1.6221
1.8753
1.6646
2.0251
1.5971
2.0170
1.6094
1.4319
1.8041
2.1233
1.9457
2.2043
2.4204
2.4395
2.5627
2.3972
2.3629
2.0765
2.2277
2.1441
2.5713
1.8348
1.6464
2.0880
2.0144
2.0142
1.8807
2.1040
2.1634
2.2522
2.1522
2.1562
2.0858
2.1850
1.8689
2.2778
2.2127
2.2313
1.8873
1.6319
1.4355
2.4941
2.5386
2.2104
1.4291
2.0020
2.0252
1.9894
2.0094
1.9309
2.1301
1.9312
2.1388
1.5245
1.6376
1.5598
1.9579
1.8667
2.0132
2.1186
1.9508
1.8136
1.8967
2.2068
1.7885
1.8820
2.0428
2.1906
1.9113
1.9719
2.4314
2.1097
2.3667
2.3941
2.3518
2.6666
2.4484
2.3883
2.1366
2.4612
2.1497
1.6959
2.4273
2.4962
2.3998
2.3635
2.4815
2.2518
2.5196
2.4620
2.5268
1.9423
2.0746
2.2642
2.4224
1.9029
2.0627
2.2185
2.5035
2.2891
2.4100
2.4912
2.3608
2.7502
2.3954
2.3188
2.2698
2.5590
2.2795
2.2934
2.4529
2.2148
2.2383
2.2751
2.1877
2.5598
2.3702
2.4129
2.5643
2.0596
2.4210
2.5130
2.6142
2.2764
2.1267
1.9154
1.9927
2.3108
2.3518
2.3266
1.8736
1.9507
1.9995
1.8564
1.9163
1.6431
1.9368
1.8582
1.6989
1.6452
1.8496
1.7695
1.5723
2.1381
2.1181
1.7719
1.9045
2.0134
1.9050
1.6177
1.7360
1.4597
1.6218
1.6795
1.8186
2.1235
1.9295
2.0514
1.7907
1.7512
1.7681
1.8921
1.9328
2.0849
2.0683
2.0832
2.0854
1.9776
2.1192
2.3038
1.9539
2.0904
1.6430
1.9000
1.8363
1.7523
1.5190
1.6629
1.4904
1.6611
1.7036
1.9974
1.9861
2.0089
1.7076
2.0171
2.0782
1.6712
1.7462
1.5758
1.8539
2.0083
1.7437
1.9768
1.7915
2.1702
2.1919
2.1292
2.3354
1.9800
2.0950
2.5489
1.9998
2.1198
2.3234
2.2317
2.4796
2.2353
2.2617
1.9785
2.1112
2.5692
2.2264
2.1323
2.1761
2.3343
2.0762
2.2715
1.8918
2.3432
2.0682
1.6106
2.2025
1.8391
2.1910
2.1355
2.0952
1.8124
1.9747
2.1416
1.8912
1.8291
2.3354
2.0830
2.2018
2.4780
2.4917
1.7741
1.7919
2.1071
1.9423
2.1168
1.9381
2.0811
2.1244
1.8481
2.0238
2.3695
2.2093
2.3107
1.9898
1.8440
1.8649
1.5907
1.9081
1.6146
2.0395
1.8837
2.0228
2.2320
2.2453
2.5760
2.6398
2.2396
1.7426
2.1212
2.2309
2.2116
2.1896
2.0149
2.1436
2.1991
1.9232
2.0018
2.1163
2.2469
2.2817
2.2109
2.1971
1.8334
2.0210
2.2649
2.2146
2.4086
2.1277
2.3054
2.3996
1.7611
1.4672
2.1725
2.4424
2.2296
2.2508
2.0672
1.9854
1.8282
2.1254
1.9779
1.8965
1.7521
2.0367
2.3167
2.5641
2.1912
2.6505
2.3670
2.6514
2.2328
2.6876
2.3214
2.4593
2.4250
2.5356
1.9064
2.0680
2.5567
2.1048
1.8434
2.0271
2.0470
1.9225
1.8612
2.2160
1.9051
1.8824
2.0409
1.9339
1.9197
2.2712
2.1061
1.9871
2.1713
2.0576
2.1251
1.8695
2.1163
2.3551
2.2683
2.3780
2.1187
1.8904
2.1091
2.2055
2.1912
2.1506
2.1754
2.2073
2.4696
2.2901
2.5122
2.0335
2.2958
2.6227
2.6277
2.2230
2.1912
2.5232
2.2737
2.2751
2.0054
2.2161
2.4109
2.1151
2.2017
2.4484
2.2377
1.7468
1.5641
1.7631
1.8340
2.1845
1.8369
2.0004
2.0191
1.9089
2.0153
2.2283
1.9084
2.1221
1.9578
1.8984
1.7820
1.9070
2.0809
1.9968
1.7474
1.8551
1.8367
2.0261
2.0988
1.9631
1.6343
2.1523
1.9614
2.2170
1.7839
1.6766
1.9116
2.1371
2.1697
2.0273
1.5782
1.8569
1.5807
1.8944
1.8440
1.9412
1.8382
2.1205
2.1029
2.1207
2.1994
1.9819
2.0811
1.7151
2.2228
1.6974
1.9955
2.4426
1.7065
1.8167
2.2376
1.4815
1.6056
1.7312
1.8015
1.8371
1.7530
1.7961
1.8812
1.8668
1.9884
1.7871
1.6524
2.2461
2.2402
2.4454
1.8111
2.0264
2.1121
2.1321
2.1032
1.8788
2.0477
1.8581
1.8233
1.8882
1.5306
2.0018
1.7099
2.4790
2.1033
1.9725
1.9893
2.0569
2.1512
1.8527
1.7668
1.7298
2.0009
2.1357
1.7725
2.1903
2.1591
2.1101
1.9332
1.9624
1.8656
2.0958
1.9804
2.2333
2.0584
1.8482
2.3167
2.2926
2.1231
1.9691
1.8468
2.2025
2.1787
2.4303
2.3177
1.9567
2.2387
2.0992
2.1065
2.1329
1.9478
2.0150
2.3797
1.9489
2.2049
2.0342
2.0702
2.1975
1.8634
2.1076
1.9377
1.8661
2.1930
2.7030
2.7240
2.2782
2.3018
1.8211
2.5087
2.3052
2.2783
1.9906
2.5653
2.1506
2.2213
1.9477
2.1036
2.1760
2.0546
1.9494
1.9492
2.0896
1.5860
2.0337
2.1960
1.8700
2.2349
2.1910
2.1268
2.4895
2.3483
2.5173
2.1928
2.1694
2.6078
2.2840
2.4015
2.3887
2.0076
1.9862
2.3358
2.1293
2.0612
2.2854
2.1626
2.2228
2.1204
2.1429
2.2903
1.8894
2.3225
2.3552
2.1716
2.1310
2.4158
2.3628
2.3757
2.3913
2.3933
2.4191
2.5800
2.2161
2.5675
2.3483
2.2357
2.1670
2.2000
2.2564
2.3258
2.2138
2.3649
2.3045
2.2943
2.6513
2.1731
1.8335
1.8284
2.0547
1.7859
1.9875
1.9229
1.7358
2.1079
2.0417
2.4075
1.4938
2.1512
2.3787
2.2528
2.4460
2.0395
2.3781
2.1586
2.2110
2.1625
2.0882
1.9019
2.2497
2.0806
2.0034
2.6037
2.3747
2.5592
2.2500
2.1717
2.4376
2.3153
2.1269
2.3598
1.7532
2.0069
2.0485
2.0980
2.3676
2.2109
2.1639
2.2066
2.7178
1.7703
2.1748
2.2498
2.0840
1.9610
2.0659
2.3431
1.8107
2.4199
2.1957
2.0217
1.8738
1.9306
1.3410
1.8115
1.7647
1.8251
2.1250
1.7929
1.5543
1.7152
1.8779
1.8270
1.8339
1.6449
1.9813
1.9599
2.2467
2.1030
2.1796
1.9962
2.2686
1.9875
1.8302
1.8533
1.9202
1.4456
1.7319
1.5155
1.7303
2.0015
1.4845
1.4631
2.1124
1.9174
1.6530
2.0791
2.1358
2.4295
2.4744
2.8135
2.3433
2.3710
1.9811
1.9184
1.9387
1.6277
1.9041
1.9320
2.3173
2.0257
1.9067
1.9535
2.0962
2.2880
2.0015
2.1425
2.2715
1.9113
1.8024
2.1564
1.6447
1.9866
2.3481
2.7332
2.4593
2.4162
2.1312
1.8678
1.9988
1.9273
1.8770
2.0964
2.2375
1.6268
1.9101
2.1030
2.2962
2.3004
2.4300
2.5081
2.3885
2.2589
2.3262
2.0905
1.8275
1.8012
1.8749
2.1185
1.9774
1.9380
1.9533
1.6741
2.0430
1.7230
1.5251
1.8463
2.1258
1.8857
1.8656
2.1605
2.2021
2.0825
1.9263
1.6423
1.8199
1.5637
1.5714
1.9555
1.5268
2.0553
1.9948
1.7793
1.9906
1.6615
1.7428
2.1733
1.9352
1.4814
1.8357
1.2667
1.8295
1.5938
1.8842
1.7659
1.7439
1.7003
2.0482
1.9342
2.0833
1.6948
1.5929
1.7627
1.8739
1.9285
2.0319
1.9104
1.5549
1.6407
1.3597
2.0903
1.9032
1.4162
1.6153
1.2049
1.6838
1.4775
1.4273
1.6456
1.5508
1.8659
1.6921
1.7374
1.3034
1.1164
1.5892
1.5656
1.2937
1.4946
1.7125
1.4935
1.6207
1.4661
1.5277
1.0803
1.6144
1.4235
1.5000
1.3273
1.6483
1.4414
1.7163
1.5367
1.6757
2.2739
1.8435
2.1366
1.2139
1.6627
1.7125
1.9049
2.0956
1.6489
1.8166
1.9633
1.7118
1.8449
1.9583
1.3997
1.2594
1.6513
1.4175
1.2797
1.5048
1.3961
1.4812
1.9502
1.8687
1.9001
1.9750
2.2436
2.3589
1.9902
1.8706
2.1371
2.1053
1.7180
2.2735
2.2663
2.3969
1.9716
1.9538
1.9819
1.9908
1.8798
1.3399
1.6262
1.6884
1.6089
1.6112
1.6269
1.3925
1.3112
1.3262
1.6186
1.5458
1.7983
2.0243
1.4487
1.4680
1.5592
1.8165
1.7918
2.3939
2.2645
2.4143
2.1897
2.2482
1.8124
2.5530
2.2322
1.9857
2.1928
2.0548
1.9063
2.2823
2.3784
1.9256
2.1757
1.9271
2.0919
2.1241
2.1962
2.3230
2.2373
1.9718
2.1764
1.9354
2.2666
2.2460
2.2043
1.8676
2.0437
2.3844
1.7722
1.6071
1.5804
1.5076
1.4665
1.6449
1.7438
1.8443
1.8767
2.1715
1.8139
1.9092
1.9523
1.8390
1.8269
1.5876
1.8154
1.8269
1.8421
2.0251
2.1619
2.0393
1.8594
1.5988
1.9498
1.5873
2.3374
2.2621
2.2580
1.7443
2.0186
2.2899
2.2822
2.1056
2.2914
2.0719
1.8727
1.8800
2.2305
2.1276
2.0393
1.7612
2.3317
2.3061
1.7859
1.9202
1.8359
1.5891
2.2748
1.6493
1.7432
2.2583
2.4178
1.7755
1.6712
2.0114
1.9678
1.8335
1.9367
2.0124
1.6927
1.4933
1.6932
1.5432
1.5116
2.0281
1.9978
1.7678
2.2080
2.0187
2.2192
1.8987
1.7229
1.8885
1.9308
1.6038
1.9746
2.2588
1.3123
1.6558
1.6879
1.7123
1.5853
1.7256
1.9506
1.6433
1.9211
1.6469
2.2762
1.8257
1.8948
1.6870
1.9475
2.0466
1.8327
2.1052
1.8096
1.8712
2.0521
2.0168
1.8221
1.5706
1.8108
1.7448
1.6689
1.8668
2.0151
1.6636
1.7001
1.2921
1.5323
1.6070
1.9607
1.7019
1.6245
1.7142
1.7604
1.2242
1.5644
1.3954
1.7715
2.0824
1.9456
2.2467
2.0091
2.4021
1.7887
1.7405
1.8147
1.7377
2.0313
1.7958
1.5754
2.0908
1.8499
2.2055
1.9843
1.9877
1.5009
2.1037
1.7029
1.0759
1.8435
1.4622
1.6878
1.8535
1.3140
1.3951
1.8658
2.1228
2.0886
1.9648
2.2456
1.8770
1.7499
2.0266
1.8684
1.6130
1.7780
1.9953
1.7106
1.8902
1.6670
2.0365
1.5577
2.1487
1.6724
1.4669
1.4316
1.9337
1.9071
2.1547
2.3827
1.9925
2.1163
1.4115
1.0274
1.9096
1.4319
1.9946
1.8312
1.6414
2.0860
2.5606
2.6682
2.4842
1.9321
1.9044
1.7934
1.4938
2.1304
1.6782
1.5926
1.4921
1.9450
1.7483
1.8869
2.0495
1.6083
1.3685
1.7783
1.7008
1.7171
1.7044
1.7684
1.7392
1.6129
2.1026
1.9476
1.5941
2.0606
2.3251
2.2745
2.0481
2.0504
2.2622
1.6505
2.0319
1.7091
1.8087
1.8708
1.6286
1.5182
2.0917
2.3894
2.2299
2.0552
1.8251
2.0434
1.4326
1.8596
1.4594
2.1014
2.2068
2.2234
1.6148
1.8071
1.7481
1.9627
1.7228
1.7806
2.1840
1.8598
1.8322
1.6010
1.8032
1.7403
1.9490
1.6847
1.6776
2.1482
1.8845
1.8963
2.1063
1.7060
1.6417
1.6983
1.8386
1.4103
1.4368
1.5541
1.6465
1.2817
1.6532
1.7347
1.6985
1.9676
1.9113
1.7299
1.8750
1.7300
1.5875
1.5602
1.5349
1.7234
1.9449
1.3730
1.4279
1.5639
1.4862
1.4656
1.0539
1.1392
1.4527
1.3835
1.5450
1.6522
1.7508
2.0248
1.8975
1.5945
1.4494
1.8817
1.3725
1.6001
1.3992
1.7547
1.3388
1.3113
1.2460
1.7119
1.8893
1.4078
1.5255
1.6131
2.0462
1.7016
2.3394
1.8504
1.7879
1.5072
1.7796
1.6294
1.6953
1.7762
1.5707
1.6507
1.7638
1.7447
1.8814
1.8409
1.5876
1.8057
1.8503
1.9694
2.0921
1.7644
1.7255
1.7339
1.2098
1.8834
1.8518
1.8385
2.0734
2.0796
1.8196
1.7463
2.1628
2.5528
2.0799
1.6095
1.9306
1.8618
2.1686
2.0974
1.9491
1.7619
2.0290
2.4990
2.3213
1.4475
1.4895
1.9614
1.8205
2.0808
2.1467
1.8622
1.7246
1.5128
2.1922
1.6533
1.7555
1.7341
2.1592
2.0831
1.6731
2.1447
1.7647
1.9202
2.4744
2.0430
1.9462
1.8999
2.0724
2.1713
1.9078
1.9350
2.3879
2.4477
2.2154
2.3165
2.4320
2.2005
2.1069
2.0228
2.2898
2.4011
2.2784
2.4456
2.3984
2.3831
2.7642
2.5337
2.3425
2.3539
2.4691
2.4326
2.3128
2.1776
2.3696
2.3334
2.2156
2.0284
2.3763
2.4237
2.0228
1.9336
1.9104
2.3712
2.1598
2.3821
2.2854
2.3642
2.3258
2.1534
2.4741
2.7413
2.5194
2.3847
2.6650
2.7118
2.5858
2.2861
2.3267
1.9340
2.3570
2.4257
2.3362
2.9004
2.4127
2.3267
2.2425
2.2147
2.0468
2.4745
2.3223
2.3962
2.2745
2.1165
2.3615
1.7745
2.0880
2.2950
2.0557
1.5722
2.0481
2.0748
2.3447
2.2809
2.8462
2.6403
2.1363
1.7853
2.4546
2.2147
2.1292
2.3723
1.7738
2.1475
2.2534
2.4209
2.1984
2.5784
2.2040
2.5726
2.3226
2.5680
1.8753
2.0940
2.0850
2.6043
2.3279
1.9539
1.8674
2.4279
2.8629
2.4205
2.5654
2.0168
2.8848
2.6552
2.5958
2.2586
2.3194
2.4410
2.4733
2.2615
2.5776
2.4071
2.5579
1.9601
1.9423
2.3192
2.4027
2.5955
1.9666
1.9523
2.1989
2.1123
1.8708
2.0272
2.0243
1.8590
1.8008
1.5188
1.2311
1.9492
2.1740
2.0647
1.8771
2.0322
1.4930
1.5878
1.3999
1.6050
1.5126
1.2640
1.7891
1.5332
1.3658
1.1955
1.4062
1.2905
1.3442
0.9929
1.6254
1.5685
1.2162
1.2835
1.2141
1.6859
1.1264
1.2953
1.3994
1.4854
1.3522
1.5425
0.9903
1.2975
1.5440
1.5582
1.5131
1.5369
1.4400
1.4452
1.1523
1.7146
1.7197
1.3616
1.5474
1.5334
1.8660
1.9302
1.5672
1.4529
1.2604
1.0201
1.4961
1.3870
1.2729
1.3709
1.7275
2.1034
1.8092
1.7939
1.3601
1.2047
1.1249
1.3571
1.4332
1.3400
1.5254
1.8009
1.9587
1.9607
1.8281
1.4622
1.5513
1.4478
1.3378
1.3905
1.2662
1.4181
1.2786
1.5697
1.5842
1.7101
1.2544
1.6639
1.8329
1.9282
1.7241
1.6838
1.6435
1.8098
1.5303
1.7559
1.6047
1.4498
1.7189
2.1724
1.8264
1.3378
1.5657
1.3881
1.9812
1.9349
1.7225
1.9951
2.0142
2.0669
2.1914
2.3211
1.9875
1.7503
1.9723
1.8640
1.4987
1.8879
1.8458
1.6273
1.9040
1.5024
1.9082
1.5985
1.8773
1.7631
1.8888
1.5476
1.6414
1.9427
1.4246
1.1467
1.2679
1.3751
1.0787
1.3821
1.4094
1.4290
1.3950
1.4957
1.7114
1.6832
1.5323
1.5466
1.1928
1.2115
1.5507
1.2149
1.3432
1.7777
1.7767
1.2504
1.3287
1.6972
1.7992
1.9075
1.7352
1.4988
1.8781
1.8881
1.6934
2.1729
1.9835
1.7579
1.5217
1.6244
1.6146
1.3901
1.2700
1.1612
0.9459
1.3602
1.8814
1.5298
1.3624
1.5550
1.3354
1.1628
1.4700
1.5420
1.7350
1.7225
1.6375
1.7364
1.6909
1.6370
1.7649
1.9733
2.0589
1.9122
2.1848
1.9043
2.2674
1.9277
1.7502
1.7309
1.7312
1.8466
1.4290
2.0586
1.5454
1.8732
1.9906
1.7863
1.5926
1.7093
1.2731
1.4964
2.0633
1.5759
1.6982
1.5905
2.1012
1.8238
1.5817
1.4673
1.5240
1.8208
1.9908
1.8166
1.5193
1.7557
1.6105
2.1317
1.3516
1.0929
1.8899
1.7528
1.9394
2.2832
2.3637
2.3172
2.6451
2.3198
2.4506
2.4087
2.1401
2.4265
2.1739
2.4880
2.2276
2.5512
2.3046
1.8636
1.9329
2.0914
1.7212
2.0878
1.7772
2.0524
1.7506
1.8889
1.8512
1.6394
1.6370
1.9165
1.6843
1.8136
2.4367
2.2071
2.1970
1.8813
2.4707
2.0244
2.0636
1.7893
1.6119
1.5575
1.8155
1.8567
2.0911
1.8024
1.9251
2.4193
1.6712
2.1076
2.2088
2.1657
1.7086
2.2824
2.2783
2.1140
2.0049
1.9986
1.6831
1.5907
1.6702
1.8256
1.5914
1.6332
1.4976
1.8120
1.6150
2.1934
2.1003
2.1299
1.7774
1.7530
1.6552
1.6849
2.4299
1.9369
2.0922
2.2042
2.3994
2.1257
2.1464
2.2327
2.1581
2.2571
2.2413
2.1387
1.9225
2.4103
2.2380
2.2828
2.3785
2.7721
2.2299
2.1533
1.3578
1.8103
2.3262
2.1495
2.1886
2.3134
2.6744
2.2622
2.4182
1.9427
2.1615
1.9949
2.1462
2.0594
2.2614
2.1088
2.1498
1.9436
2.3129
2.4715
1.9990
1.7397
2.1327
2.1467
2.1946
2.2854
2.2658
2.5151
2.6699
2.3160
2.3455
2.1306
2.3540
2.3769
2.4278
2.3477
2.4126
2.5298
2.4558
2.0694
1.9165
2.5632
2.3250
2.5520
2.3975
2.3905
2.5568
2.3155
2.5052
2.2281
2.2538
2.4008
2.1559
2.3322
2.1277
2.1453
2.7769
2.3760
2.4893
2.3618
2.3396
2.7125
2.6814
2.1508
2.8771
2.7571
2.6200
2.5964
2.4304
2.1427
2.4618
2.2994
2.3840
2.4714
2.3543
2.5307
2.2727
2.2008
2.4817
2.5758
2.3561
1.9609
1.9521
1.8142
2.0530
1.8102
2.3124
2.3294
1.9458
2.0181
2.1427
2.2686
2.3772
2.2309
2.3783
2.0526
2.3978
2.2007
2.1389
2.2198
2.2034
2.4354
2.7674
2.6201
2.1046
2.0312
2.1702
1.6963
2.0335
2.0422
2.3242
2.2271
2.1502
1.8222
2.1693
2.4407
2.0637
1.9221
1.9437
1.6937
2.2612
1.9972
1.9530
1.9212
1.9161
2.1382
1.9930
2.0204
2.1646
2.1230
2.2877
2.5579
2.1346
2.0957
2.4902
2.5188
2.0794
2.5148
1.8768
2.4316
2.2744
2.2380
2.3407
2.4828
2.1225
2.0131
2.1066
2.4333
2.2843
2.2867
2.2589
1.8599
2.1883
2.1294
1.9352
2.7069
2.2947
2.6792
2.1214
2.3092
2.1077
2.3359
2.1578
1.9004
2.5122
2.2516
2.2985
2.2047
1.9325
1.9872
2.4093
2.3680
2.1304
2.1743
2.1519
2.4421
1.8961
2.0653
1.8832
1.7278
1.6567
2.0285
1.8417
2.1148
2.1147
2.2407
2.3080
2.1431
1.9418
2.0408
2.0627
2.2598
2.6179
2.1127
1.7354
1.9311
1.8170
1.7514
1.8131
1.5723
1.5392
1.8499
2.2666
1.9876
2.1583
2.0599
1.7296
1.6374
1.5357
1.7154
1.6385
1.8979
1.5539
2.2897
2.2413
2.0693
1.9290
2.4426
2.5497
2.2269
2.5541
2.7873
2.8054
2.3729
1.9337
1.9641
2.5016
1.8056
1.9629
2.8983
2.5311
2.3001
2.3430
2.4300
2.4546
2.1376
2.1007
1.6667
1.8916
2.1254
1.9007
2.0767
1.9563
2.0698
2.0333
1.8796
1.7459
1.5310
1.7266
1.9586
1.9486
1.9749
2.1176
1.6764
2.3676
1.9982
2.1243
2.4832
1.7745
2.0743
1.9373
1.9173
1.8427
2.1992
1.8032
2.2698
1.9250
2.0012
1.9833
2.1139
1.8288
2.1580
2.1831
2.2863
2.5778
2.2760
2.1702
1.6131
2.0819
2.1594
1.9889
1.8529
1.6036
2.0180
1.8468
1.5788
2.1142
1.9189
2.1138
1.6660
2.1253
2.3161
2.2414
1.6671
1.7642
1.8453
1.6391
1.7181
2.2673
2.0698
1.9777
2.5254
2.5706
2.2115
2.1972
2.7062
2.7013
2.1688
2.3139
2.0040
2.2064
1.9187
2.0735
2.0832
2.2217
2.0447
2.3638
2.3926
2.0766
2.2798
2.5643
2.6596
2.5459
2.0605
2.3341
2.2562
2.2529
2.4571
2.9074
2.5733
2.4478
2.2922
2.0708
2.3751
2.0818
1.9577
2.4151
2.4124
2.3965
2.0329
2.2583
1.8824
2.2199
2.2120
1.8264
2.1570
2.3144
1.9496
2.5202
2.0614
2.2908
2.5914
2.2932
2.4659
1.9014
2.0422
2.3675
2.3437
2.0925
1.8840
2.0459
1.8637
1.8479
2.0499
2.0224
1.8562
2.0169
2.4669
1.6865
2.1330
1.9999
2.2026
2.5101
2.1923
2.4795
2.7183
2.0983
2.0350
1.9441
2.2892
2.2775
2.0234
1.3439
1.8193
1.9425
1.9817
1.9296
1.9428
1.7074
1.7925
1.9669
1.9750
2.0830
1.8914
2.1652
1.9603
1.9160
1.4763
1.3970
2.0926
1.7214
2.0297
1.5722
1.9153
1.7669
2.1194
2.1393
1.9535
1.8408
1.9504
2.3066
2.5279
2.1748
2.2742
2.0739
2.0803
2.1599
1.9585
2.2868
2.0020
1.7296
1.9839
1.8002
2.1000
2.2217
2.1917
2.1378
1.5867
2.0542
2.2488
2.1835
1.9462
1.9127
1.9708
1.9084
1.8877
2.3301
2.1980
2.1275
1.9820
2.4172
1.8936
2.0442
2.1703
2.3389
2.0953
2.1636
2.3321
2.3955
2.1280
2.3133
2.4261
2.4448
2.1308
2.3261
2.1794
2.2222
2.4288
2.1162
2.4046
2.1798
1.8782
1.9895
2.2304
2.2272
2.3540
2.4358
2.2730
1.6484
2.2694
1.9717
2.0022
1.7619
2.1675
1.9937
2.6136
2.6748
2.8607
2.2583
2.3225
2.3480
1.9708
2.4174
2.6514
2.3320
2.3885
2.6237
2.2433
2.4863
2.3645
2.3739
2.3098
2.4297
2.6224
1.7724
2.2462
2.0866
2.3187
2.3363
2.1108
2.1322
2.6361
2.6079
2.4879
2.1282
1.9960
2.6080
2.5530
2.5183
2.3060
2.1380
2.2190
2.4158
2.5541
2.2097
2.3140
2.3587
2.5328
2.6050
2.4963
2.4179
2.4793
2.7077
2.3162
2.2245
2.1107
2.6226
2.5616
2.4053
2.2516
2.2446
2.5914
2.3426
2.4573
2.1105
2.1573
2.0379
2.1671
2.2989
2.6931
2.4185
2.1799
2.1674
2.4173
2.2293
2.1394
2.8835
2.5744
2.2144
2.3250
2.0435
2.2043
2.4367
2.3924
2.1360
2.3480
2.2628
1.9007
2.0466
2.1233
2.3478
2.2748
2.1079
2.4369
2.3354
2.2281
2.3778
1.9708
2.4613
1.6841
2.0814
2.1564
2.1705
1.7842
2.1936
2.0577
2.1818
1.9838
2.2544
2.6500
2.2402
2.2174
2.1179
2.5358
1.9115
2.1327
2.2662
2.4714
2.4234
2.5701
2.3522
2.0115
2.2142
2.4045
2.2397
2.3632
2.1599
1.9748
2.1461
2.0440
2.4055
2.0574
1.9223
1.9573
2.3701
2.2926
2.1926
2.3887
2.1356
2.2181
2.5612
2.4110
2.5292
2.7951
2.4472
2.4195
2.9779
2.6245
2.8593
2.5187
2.1284
2.3369
2.1926
1.9742
2.2758
2.1294
2.4406
2.8418
2.2286
2.2025
2.2898
2.9675
2.5634
2.5224
2.4585
2.1419
1.9105
2.3384
2.5677
2.6419
2.1028
2.5175
2.2842
2.6236
1.9931
1.8267
2.1158
1.5095
1.9011
2.1111
2.2437
2.2353
1.8337
2.1302
2.6680
2.1842
2.3410
2.2171
2.3485
2.4477
2.5845
2.3997
2.3485
2.4315
2.5070
2.5465
2.3859
2.1262
1.9720
1.7208
1.6753
1.8906
1.9398
1.8655
2.2742
2.3443
1.6345
2.1718
2.3746
1.8662
1.9987
2.0612
1.7179
2.2223
2.1980
2.1946
2.2949
2.4167
2.4469
2.2425
2.3571
2.3855
2.1072
1.8262
2.7442
2.2566
2.7605
2.0108
2.2444
2.0208
1.8486
1.9229
1.2709
1.7278
1.6234
1.4729
1.6498
1.9295
2.1781
2.3728
2.1740
2.3207
2.2348
1.9262
2.4745
2.3932
2.3465
2.1009
2.1979
2.3112
2.4765
1.8258
2.4257
2.2477
2.0698
2.1537
2.5692
2.3290
2.3736
2.2861
2.3663
2.0302
2.1253
1.9340
1.9240
1.7358
1.7738
1.7695
1.6109
2.0706
1.9292
1.9377
1.9077
2.2887
2.2489
2.3047
2.2277
2.1538
2.3153
2.2589
1.8404
2.2392
2.4589
2.1977
1.9019
2.0850
2.2970
2.0835
1.9120
1.7526
1.4231
2.3533
2.0536
1.9975
2.3956
2.0022
2.1768
1.9989
2.0315
1.7618
2.2066
1.7261
1.5755
1.7762
1.8201
1.6512
1.8225
2.1125
1.9569
1.7598
2.2728
2.1211
2.1742
2.2152
2.0433
1.5896
1.4820
2.0098
1.9429
2.1769
1.9384
1.9651
1.8502
1.7339
2.4018
2.1218
1.9781
1.5220
1.2062
1.8665
1.7864
2.2265
2.1798
2.1851
1.8815
1.5627
1.8498
1.5592
1.6905
1.7882
2.3601
2.1124
2.4232
1.8876
2.2572
2.2485
2.4479
2.2235
1.8472
1.7240
2.3594
2.4707
2.6781
2.0019
2.4142
2.3853
2.3889
2.4620
2.2984
2.2526
2.2417
2.5308
2.7055
2.3452
2.0269
2.2670
2.1533
2.2028
2.4133
2.0297
1.7575
1.5181
1.6946
1.9699
2.1745
1.6509
1.9201
2.0151
2.3275
2.6936
2.6529
2.0206
2.0398
1.8203
1.9875
2.3330
1.9222
1.8275
2.1525
1.7227
1.7244
1.9457
1.6053
1.6740
2.2527
2.2282
2.7184
2.2284
2.3195
2.1749
2.2500
2.2606
2.5369
2.3211
2.3541
2.4708
2.5320
2.4434
2.1866
2.1166
1.6020
1.9286
2.2834
2.4425
2.6786
2.5540
2.5577
1.9211
2.0354
2.0745
2.4259
1.8334
1.9742
2.3512
2.0571
2.0022
1.9244
1.9872
1.8085
1.7114
2.2346
2.2732
2.3285
1.9051
2.1028
1.9073
2.2831
2.3413
2.2645
2.4919
2.2612
1.9380
2.6907
2.2852
1.7989
1.9794
1.8152
1.7589
2.1658
2.1110
2.4207
2.0691
2.3900
2.5734
2.3495
2.2740
2.4185
2.2624
2.0228
2.1421
1.7030
1.6868
2.0243
1.7335
1.1926
1.1710
1.6608
2.1608
2.1711
1.9983
1.9228
2.5305
2.1940
2.2949
2.0808
2.3065
2.0036
2.2456
2.4805
2.1312
2.2498
2.2600
2.0068
2.1242
2.2731
2.0509
2.2184
1.9651
2.0398
2.0364
2.6622
2.5660
1.9344
2.0734
1.8026
2.1752
2.1357
2.6159
2.3465
2.0529
2.4201
2.2437
2.1520
2.2769
2.1735
1.8585
2.0858
1.7100
1.6970
1.7538
1.9242
1.9232
2.3010
2.0880
2.1547
2.0713
2.2570
2.4352
2.0738
1.8335
2.0065
1.7815
2.1580
2.1414
1.5648
2.0311
2.1302
2.0148
1.9872
1.6669
1.8632
1.8094
2.3081
2.5610
2.3221
2.2576
2.2916
2.2993
2.0181
1.9276
1.6375
1.8360
1.7717
1.7135
2.1425
2.0351
1.8882
1.8636
1.7527
2.1050
2.1763
1.9452
2.0612
1.8779
1.8952
1.8639
1.5196
1.3601
1.6294
1.6483
1.5145
1.4249
1.3980
1.5459
1.6468
1.2926
1.4612
1.8861
1.6150
1.5467
1.9287
1.5809
1.8227
1.9701
2.2681
2.5792
2.2301
2.3122
2.1516
2.0099
1.9914
1.9260
2.1536
2.1990
2.1985
1.8552
2.2114
1.6815
2.2318
1.8518
1.7053
1.8110
1.9856
1.8141
2.3394
2.1928
2.0720
2.0244
2.1639
2.3015
2.2245
2.4374
2.6986
2.5286
1.8975
1.9181
1.9562
2.0173
1.9476
1.8124
2.1762
2.5832
2.8593
2.4685
2.7590
2.2369
1.9935
1.9097
1.8647
2.3884
2.0339
2.3314
2.6723
2.0150
2.0866
2.2232
1.7754
1.7616
1.7243
1.4647
1.9461
1.7632
2.1250
2.1527
2.0175
2.1817
2.4305
1.9367
1.6357
1.9658
2.0325
1.9829
2.1500
2.0445
2.0194
1.6655
2.1656
2.1768
1.9970
1.6714
1.7844
1.6805
1.8083
2.1669
2.2017
1.9559
2.0365
1.9195
2.1986
1.8499
1.7843
1.8775
2.0540
1.9581
2.0504
2.0669
1.9317
1.6379
1.9135
1.6770
1.9992
1.7634
1.9586
1.7191
1.6480
1.7842
1.5955
2.0137
1.9744
1.9071
1.8463
2.1998
1.6325
1.7932
1.8460
2.0437
1.8493
1.7618
2.0019
1.7102
1.8641
1.9006
2.1070
1.8070
2.0288
1.9618
2.0309
2.1611
1.7802
1.9560
2.0137
1.7284
1.8238
2.0316
2.0790
1.9776
2.1046
1.9985
1.7202
2.1246
1.9175
2.1944
2.0971
1.8126
1.9805
1.6937
1.5848
1.8171
1.5584
1.6703
1.7316
1.8331
2.0079
1.8453
1.6284
1.9961
2.1672
1.8892
2.2346
1.9339
1.7398
1.9769
2.2073
2.5181
2.4137
2.2350
2.0342
2.0646
2.2937
2.5088
2.1392
2.4340
2.2210
1.9182
2.2850
2.0635
1.7657
1.7924
1.8390
2.0952
1.8890
1.6772
1.7369
1.8326
2.0311
1.4436
1.7561
1.7356
1.6526
1.6621
1.4594
1.8308
1.9776
2.0274
1.7520
1.5866
1.5769
1.5840
1.7137
1.3512
1.8461
1.7980
1.6558
1.7868
1.3869
1.6320
1.8196
1.8342
1.6315
1.4327
1.4161
1.6320
1.2919
1.4202
2.3633
1.7579
1.8904
1.6029
1.7825
1.8192
1.5693
1.5462
1.7709
1.4912
1.9677
2.0652
1.4130
1.7699
1.7705
1.8694
2.1770
1.9072
1.8226
1.8881
1.7833
1.5821
1.8843
1.6807
1.7812
1.9211
1.7804
1.5570
1.7955
1.8448
2.1584
1.3151
1.6241
1.2385
1.5212
1.5135
1.5336
1.5682
1.5595
1.6211
1.7136
1.6150
1.8624
1.6862
2.0440
2.0017
1.7587
1.8630
2.1772
1.8757
1.9340
1.7012
2.1880
2.4124
2.1203
1.6547
2.2184
2.1260
1.9725
1.9674
1.7862
2.3935
2.5031
2.0380
2.1789
2.0593
2.0035
2.1960
2.0047
2.0227
1.4951
1.3178
1.6574
1.7934
1.8299
1.5136
1.5607
1.8829
2.1827
2.1736
1.6819
1.1544
1.4133
1.6225
1.7490
1.9519
1.5246
1.1444
2.0784
2.2257
2.0202
1.9646
2.2405
2.1964
2.3934
2.4587
1.8365
1.5973
1.9088
2.0858
1.8675
1.6214
2.0272
1.4693
1.8224
1.8811
1.5433
1.8243
1.3534
1.6370
1.7329
1.5476
1.7507
1.9687
2.2543
2.0526
1.7926
1.6557
1.9441
1.4737
1.2497
1.5735
2.0284
2.1608
2.2782
2.0321
1.8212
1.8989
1.8632
2.1092
1.7687
2.2460
2.0210
1.8983
2.2449
2.1180
1.9269
2.0017
2.2274
2.0648
1.9859
2.1736
1.9571
2.1848
2.3945
2.4559
2.0994
2.2354
1.8811
1.5154
1.7821
1.7171
1.6577
1.4708
1.8178
2.0263
2.1896
2.0393
1.4751
1.7869
1.9827
1.8593
2.3638
2.0351
2.1430
1.5815
1.4432
1.3876
1.5591
1.8589
1.7449
1.6064
1.7999
1.8734
2.2272
1.8773
1.4076
1.4967
1.3619
1.7607
1.5673
1.7648
1.7355
1.8251
1.8549
1.7934
2.5042
1.9273
1.8740
2.3869
1.9786
1.8239
1.6853
1.2485
1.5658
1.9868
1.5458
1.4139
1.7802
2.1527
2.2227
2.2918
2.2460
2.2142
2.3429
2.4364
2.0888
2.2452
2.0019
2.0587
1.8800
1.6358
1.8975
2.2915
2.5674
2.6662
2.1306
2.2979
2.1010
2.3532
1.6897
2.3637
1.7985
1.5324
1.5232
1.7622
1.8513
2.1465
2.2335
1.9227
2.0989
1.8089
2.2609
2.2532
2.3673
1.8549
2.1238
1.8877
1.7505
1.6375
1.7513
2.2189
2.2338
1.8568
2.0559
1.9062
2.1312
2.1669
1.5277
2.0951
2.4679
2.3420
2.4321
2.2126
2.1873
1.9271
2.1620
2.4801
1.9550
2.1774
2.1021
2.0074
2.1073
2.0808
2.1410
2.3551
2.1358
1.7303
1.7281
1.5788
1.6913
1.8804
1.6791
1.4329
1.6598
1.9075
1.6777
1.8865
2.0560
1.9031
1.8048
1.9867
1.8861
1.8751
2.1379
2.0170
1.8034
2.0145
2.3410
1.8011
1.7472
2.0824
1.7531
1.8909
1.9461
1.6673
1.6813
2.0290
1.7178
2.0136
1.9664
2.1149
1.9699
2.0551
2.1412
2.0976
1.7628
2.2085
1.4566
1.6370
1.5583
1.6525
1.3363
2.0149
1.9849
2.1398
1.8764
1.7880
1.8764
1.9942
2.1834
2.0053
2.2307
2.1426
2.1888
2.1693
1.9741
1.6107
2.1306
1.9441
1.4067
1.7175
1.7618
1.9179
1.4683
2.1112
2.1525
2.0292
2.2078
2.0674
2.0808
2.4737
2.4785
2.4270
2.0508
1.8189
2.0912
2.0604
2.1501
2.1738
2.0299
2.6876
2.1271
2.0670
1.9941
1.9057
1.3953
1.7408
1.9487
1.7306
1.7448
1.6915
1.8105
1.8984
1.8828
1.7110
2.0009
1.6214
1.8853
1.8264
1.8522
1.3173
1.5063
1.7812
1.6190
1.8871
1.9689
1.6228
1.6508
2.0048
1.9602
1.7588
1.4286
1.7156
1.1419
1.6573
1.4247
1.7464
1.8810
1.4702
1.3233
1.6112
1.3801
1.5495
1.3683
1.3223
1.3062
1.5893
1.8389
1.3773
2.0160
1.7031
1.7919
1.7566
1.7415
2.0599
1.6516
2.1430
2.0890
2.3954
2.3308
1.9740
2.3055
2.3481
2.0978
2.5455
2.1487
2.3045
1.9158
1.7804
2.0719
2.2285
1.8063
1.7182
2.1319
2.1505
2.6038
2.1888
1.8897
1.6269
2.0031
1.8785
1.8294
1.8638
1.3038
1.3509
1.4055
1.6446
1.7102
2.3733
2.3173
2.1393
1.8442
2.0333
2.2700
2.0984
2.7093
2.0983
2.3757
2.1481
2.3947
1.8719
2.0160
2.2472
1.9433
2.1107
2.0225
2.1499
1.8722
2.3352
1.7222
1.9455
1.7518
2.0872
1.8003
1.5597
1.9059
2.0521
2.1094
1.7746
1.8909
1.7959
2.0046
1.9972
2.0265
1.9644
1.6094
1.8455
1.8572
1.4285
1.5005
1.1754
1.3055
1.5740
1.5487
1.8899
1.8371
1.8090
1.9585
1.6203
1.6273
1.3438
1.6772
1.4865
1.6447
1.5305
1.7331
1.4190
1.9369
2.1400
1.8129
1.8729
2.1622
1.7312
1.7416
2.0418
1.5997
1.8302
1.6365
1.7692
1.7888
1.4979
1.8884
1.7998
1.7837
1.9685
2.0920
1.4768
1.7849
2.0493
2.3389
2.0752
2.5229
2.1147
2.0419
2.2046
1.7901
1.9030
2.1621
1.5537
1.4635
1.7962
1.4618
1.9201
1.6723
1.5315
1.6037
1.6209
1.4373
1.4665
1.4809
1.0205
1.6922
1.5388
1.9168
1.7733
1.5816
1.3618
1.2956
1.4959
1.3293
1.3983
1.2780
1.4062
1.5926
1.2169
1.3834
1.8854
1.8940
1.9728
1.5776
1.8487
1.6778
2.0528
1.3892
1.4872
1.8332
1.2095
1.5795
2.4270
2.1384
2.5070
1.9218
2.1826
1.9660
1.5282
1.6266
2.0809
1.8452
2.0409
1.7186
1.9669
1.9750
1.9799
2.1181
1.4460
1.5819
1.9119
1.8573
1.9298
1.4902
1.6454
1.1245
1.4460
1.6438
1.3166
1.5222
1.4873
1.3119
1.1235
1.2682
1.4518
1.4101
1.6112
1.3182
1.5335
1.6556
1.6366
1.9367
1.8690
2.0752
2.1101
2.0083
2.3270
2.1652
1.8371
2.0323
2.2636
1.6866
2.2715
2.1971
1.9051
2.2917
1.9224
2.2056
1.9774
1.8111
1.8108
1.9668
1.9291
1.9044
1.7278
2.1064
1.9307
1.6163
1.9776
2.1697
2.1483
2.1279
1.8366
1.7583
1.2828
1.4821
1.4063
1.4752
1.6670
1.7516
1.8448
1.8558
1.6292
1.6865
1.2860
1.7023
1.6126
1.7666
1.3653
1.8246
1.3387
1.6155
1.5354
1.8855
1.5157
1.3288
1.3557
1.4750
1.7481
1.7121
1.6868
1.5873
1.5190
1.7583
1.6545
1.5150
1.8009
2.0216
1.1378
1.3832
1.2726
1.1771
1.3104
1.6412
1.2680
1.3403
1.4802
1.9102
1.9865
1.8395
1.7470
1.8116
1.8003
1.9600
1.8371
1.6807
2.0372
1.5554
1.7888
1.5800
1.6323
1.7951
1.7212
