77.2156
79.4122
77.9597
78.7598
78.6797
79.3655
78.1415
80.3322
79.3826
79.9508
78.8172
80.4016
81.1929
79.4475
78.5344
79.1363
77.6403
77.8330
76.6633
78.9763
77.5681
78.2822
77.9335
77.5362
76.5842
78.4466
79.1337
77.8575
77.5337
77.0967
77.4604
77.7740
76.3481
76.8329
76.6081
76.8734
77.7225
75.9094
75.3896
76.8030
76.5875
76.8274
76.3222
76.2728
77.8035
76.0622
76.4957
75.9501
76.6341
76.0689
73.6016
75.1368
76.5338
75.2721
75.7329
76.6583
75.4249
74.1927
75.9147
74.9044
74.0321
73.5269
74.8540
74.4721
75.3553
77.7281
76.8331
76.4609
77.1761
77.6284
78.0599
75.7103
76.7473
77.8532
78.4351
77.8233
76.2244
77.4268
76.1991
77.3866
77.2276
77.8912
77.7708
76.8193
76.0528
76.4291
76.4117
75.8731
77.3059
76.8964
76.9152
76.7594
77.3887
77.4662
77.0346
77.9009
76.7778
76.6443
77.6279
77.2056
77.4227
77.0876
75.8524
76.7726
78.2971
76.6432
75.6186
77.0147
76.3103
76.4368
76.2308
74.0771
77.2012
74.7386
77.4036
77.0278
76.8363
77.5726
78.5607
77.2388
77.6703
76.9306
76.1881
78.4697
77.9382
76.0316
74.8815
75.1192
74.1168
75.5659
76.1144
75.6014
75.8292
74.1302
76.1454
74.6929
75.5915
73.6379
74.1333
74.1702
71.8992
73.9692
75.3007
76.2322
75.7864
75.7284
75.4308
73.9292
73.3092
72.9794
72.5769
72.4979
72.2496
72.5067
72.4219
72.2605
72.5857
72.2903
71.7177
72.2876
73.3279
72.7274
74.5271
74.2732
73.1864
73.5528
74.7843
73.3904
74.7440
74.9601
75.5046
76.5756
77.1604
76.1318
78.4701
78.2391
76.9999
77.5415
77.5061
74.8917
76.8029
76.3491
77.1590
76.4724
76.3704
77.2863
78.2050
76.6307
76.9796
76.8991
75.6019
76.2955
74.3073
75.2331
76.5108
75.9814
76.8897
77.2360
78.1323
77.0165
77.5447
77.5412
77.8216
79.5689
78.4300
78.6785
77.6242
78.4276
78.7368
77.0631
77.9342
77.5309
76.5089
77.3028
79.4396
78.9471
78.2382
78.8903
79.0002
78.1484
77.3467
76.0308
77.3724
76.5332
75.9401
75.3293
75.0343
75.2916
77.0550
76.8437
76.6723
76.7522
75.8375
76.9787
76.8996
76.5778
76.1265
77.3755
75.8824
75.5503
77.1001
78.6261
79.2779
76.9758
76.4226
78.5357
76.7972
77.5463
75.4296
74.7160
75.0057
74.9952
74.9840
76.6730
76.7821
75.3448
76.3241
75.9729
75.1922
75.6607
74.0420
76.1582
75.4077
76.8890
76.5832
75.8186
76.2630
76.0244
78.2897
77.6001
80.6256
80.3880
79.3822
79.7572
80.3838
78.8039
80.0587
81.4755
81.5226
81.5213
81.1999
81.6780
81.3349
79.8830
81.1446
81.4065
82.2552
82.9682
80.3612
81.0691
82.3321
82.4338
78.8275
77.6462
80.1913
78.7100
77.8850
76.2242
75.6891
75.6308
74.6871
75.1622
74.8090
74.1184
73.4632
72.8105
73.6883
73.1833
74.8223
73.6142
73.4068
72.0938
73.1722
73.6585
74.0447
73.2269
73.1588
73.2107
72.2974
73.0296
71.7577
74.7819
74.8420
73.3791
75.6225
74.8853
73.9140
73.9765
75.2789
74.4276
73.4511
76.5938
76.5060
76.3797
76.1675
76.0379
75.4797
73.8489
74.4277
73.4667
74.8328
75.6727
74.0915
75.0648
75.5813
76.8615
78.2494
75.6042
75.7581
76.7126
76.8403
75.4751
77.6285
78.5726
78.0648
77.0860
76.7429
76.6118
76.5853
75.1676
75.5923
76.7279
78.6160
77.2674
78.5354
77.7232
78.1804
78.8215
78.9454
79.2675
79.7729
80.3183
79.6136
80.7695
79.4240
80.2313
78.1620
77.9469
77.7312
76.0299
76.2182
75.5747
75.1836
74.7442
74.3871
74.4302
73.9330
72.7911
71.7583
72.1067
72.3929
73.2971
74.0687
74.4264
72.7614
72.9445
72.4938
70.7343
72.9372
72.0267
72.7304
71.6546
71.1618
71.3664
71.1113
71.5145
74.2624
73.2496
72.4976
73.6738
74.4544
75.2000
76.1413
74.8853
73.8488
73.5911
71.7733
72.7792
73.8376
73.7993
74.0551
74.7471
75.0281
75.9421
74.5270
74.1904
73.5854
75.9099
75.4422
74.2555
73.2933
74.6245
73.6773
73.9501
73.3115
74.3271
71.7169
73.3477
74.4757
72.7784
74.3737
73.3289
73.2868
73.1225
72.9630
71.7380
71.5515
71.0332
70.6074
72.5056
72.6405
70.9320
72.2563
69.6495
68.9120
69.7260
71.4288
72.2160
71.6937
71.6276
72.2224
71.8704
72.6531
71.9066
72.1662
72.2910
74.2578
73.6098
75.3966
72.8034
71.4134
71.6663
71.3178
72.5785
72.2981
72.3294
71.2857
71.7585
73.5122
73.4917
71.4104
72.7073
73.2779
71.7828
73.0794
72.5861
72.7127
71.3438
73.3706
72.6881
73.5457
74.6497
72.8605
71.7273
72.6944
71.8172
70.7511
71.3200
71.0629
71.3567
71.3398
72.5779
73.5206
71.5506
71.5735
70.5192
70.1679
71.4292
70.1120
70.6409
73.2173
70.9399
70.6809
70.2099
71.1305
71.9154
72.2145
71.2994
69.7643
69.7877
70.6543
70.7285
73.6986
74.3398
74.6686
74.5900
73.8248
73.1292
72.7963
73.5171
73.8322
73.6881
72.7200
73.2583
72.6901
73.2370
73.5517
72.7885
73.9802
74.3675
74.9380
74.8838
72.4974
72.9845
72.5020
73.8023
74.4211
74.5650
74.5064
74.4933
74.2106
74.0856
72.6164
71.4159
71.4077
72.2321
71.9232
71.5741
71.2563
70.8725
71.8530
70.4636
69.8679
68.8139
70.9897
70.4891
72.3648
71.9671
72.3259
71.6250
71.6161
72.1112
71.9979
72.9687
73.0989
73.5198
72.9808
73.8371
73.0730
73.6588
73.0399
72.9522
72.4485
73.1539
72.7682
72.9230
73.2530
73.2131
72.9692
73.9520
73.6295
73.0994
74.1249
74.0655
74.8472
74.5823
75.7220
74.9336
73.9076
75.8143
73.8959
74.6549
74.5081
75.0132
73.0101
73.6029
74.7458
74.0788
73.4375
75.4979
75.4045
75.3400
74.1634
74.0080
74.0789
75.7674
74.8047
75.0566
74.1262
74.1694
74.5238
74.0493
73.3346
72.7324
73.7259
73.4090
73.9423
76.1170
76.4368
78.1494
76.6943
75.4265
75.3916
74.7493
74.7353
75.8501
74.9786
75.7053
75.5590
75.0159
76.4379
75.5363
74.3535
73.1439
72.5982
73.4901
73.9971
74.3020
73.2747
73.8068
74.2395
75.1618
73.5374
74.3479
72.9181
73.1001
73.3735
75.3214
75.0972
74.3215
72.6792
73.6162
72.6227
72.7204
71.7472
72.7435
72.5723
73.9476
73.5226
73.9753
73.8629
74.0520
74.6379
74.3308
73.1553
72.5815
70.8485
71.3289
72.5184
72.4271
72.2072
70.8989
71.6549
72.4338
70.7365
73.0209
72.1627
74.1054
72.5534
72.8873
73.3956
72.8739
74.1997
72.4078
72.4040
73.6455
72.7640
74.2680
72.3318
72.2207
72.5227
72.9358
73.6827
73.5208
71.6506
71.7381
72.0503
71.9205
71.5676
72.5420
73.0328
71.6577
72.4111
73.4870
74.1317
73.4598
74.0656
73.9203
72.7079
72.4260
74.1735
74.7802
73.6963
72.1159
74.9978
76.2536
76.6016
77.3450
76.2091
75.7862
75.9696
75.4486
76.0626
76.5854
76.0962
74.4896
74.2831
74.8743
73.6314
73.6817
74.1578
75.4680
74.9346
75.0771
75.0006
74.2818
73.4024
73.2381
74.7986
74.7610
74.4017
73.8979
73.4576
74.7235
77.3459
77.5784
75.8301
77.6567
77.7059
77.1419
77.0495
78.2545
77.9050
75.5217
75.3892
74.2231
74.1224
73.2908
75.7173
75.3017
75.6378
76.3023
76.2722
75.9169
75.4772
74.5400
73.6902
75.0263
74.9799
75.3857
75.1152
74.4694
75.2849
75.0104
74.3938
73.7116
73.6981
72.2410
74.1442
73.5461
73.5349
74.9914
74.5167
73.9895
73.9629
73.2600
73.7198
74.9111
73.4685
72.7141
74.0313
74.8194
75.6551
75.7776
74.4981
76.1095
75.5683
73.9168
75.1294
76.3293
75.3888
76.1940
76.2629
77.3148
76.7819
76.6562
78.7959
77.1782
78.3401
80.4138
80.1749
79.9961
80.4779
78.5262
77.8290
79.8900
77.9112
77.9619
77.4163
77.6777
77.1005
78.8662
78.7784
78.8845
79.6676
78.8551
78.6059
78.8837
79.6560
79.6181
79.5467
81.0750
78.6574
78.7148
79.1593
78.2076
76.7761
77.6015
76.5889
78.9123
78.1771
78.8829
79.3577
78.9525
76.9536
76.2954
76.7736
76.8415
76.8775
77.8897
79.8612
79.7777
78.5270
78.2742
78.1735
77.8421
78.5651
76.9180
77.6789
76.8144
77.3513
76.6456
76.2092
76.4476
75.0963
76.5959
75.8442
78.3894
77.7412
77.6943
76.8714
75.7544
77.0765
77.2247
78.6187
77.9596
77.8592
78.0076
79.5764
80.6340
80.3398
80.1225
79.8786
79.3016
80.1042
81.1961
80.9093
82.5945
83.8066
81.1367
81.4150
81.5349
81.8459
80.1322
81.3957
81.0685
79.3583
80.4682
79.4625
79.1015
79.3762
80.5138
79.5087
77.9390
78.3540
79.6216
78.1193
77.7523
78.7391
77.7801
76.6807
75.5464
75.7557
76.3726
77.3706
77.7125
76.0856
76.8599
77.5127
76.9282
76.8369
76.9913
75.7889
77.3645
76.7046
77.2080
79.1553
78.3956
78.3213
79.3044
78.6914
79.7539
78.9976
79.3855
80.1825
80.6211
80.3504
79.1119
78.2284
79.2058
78.3200
77.7151
77.8477
78.1571
77.4454
76.2963
78.2348
77.2833
77.4581
77.3266
76.1244
77.8998
78.8888
76.1887
78.9800
79.7854
80.4361
80.0707
79.9812
79.4771
78.5742
77.9099
78.0732
77.2623
78.6399
76.9926
77.9530
78.0638
77.2923
77.0254
75.0122
75.2585
76.4255
75.6696
74.0827
74.3941
74.0224
72.3329
73.6290
70.7667
71.9604
70.6811
72.3232
69.8362
71.1958
72.5339
72.5177
74.0355
71.9890
73.5144
73.7466
73.2679
72.0033
74.1248
73.2795
72.8622
73.5388
72.7414
74.1970
74.7204
74.1803
75.1814
74.6710
73.2521
73.9435
73.5558
73.2390
72.7254
72.0200
72.4140
72.3067
72.4686
71.4520
70.8487
70.2688
73.1348
72.6067
72.0056
70.8429
70.9582
72.2434
71.9578
72.7784
72.3454
72.2707
72.8543
73.5588
73.6576
72.7957
74.0166
72.9077
73.3062
72.9585
72.4921
73.8094
71.9494
71.3963
70.9576
72.1969
70.7859
71.4327
71.3388
71.2318
71.4915
72.2065
71.0862
72.1744
72.7831
72.7935
74.2622
73.9435
74.3912
74.8322
73.1831
72.8005
73.4976
72.2855
73.0064
73.6010
75.6909
75.2243
74.2284
74.1465
76.7824
77.0759
76.7348
79.0798
79.1891
78.6580
78.4760
76.5333
76.8442
76.8156
77.5386
79.2004
78.1052
79.8503
79.7529
79.6804
77.9525
77.1578
78.3221
77.9620
78.9651
78.5284
77.6533
78.1283
76.4963
75.1715
76.4891
77.0004
77.8364
78.0887
77.6602
78.5703
77.4726
79.0863
79.7432
78.3599
79.9071
78.5510
77.9613
77.5624
79.0008
79.9497
79.4874
80.1290
80.9262
80.8484
79.5115
78.1988
77.3221
79.3859
77.1768
78.0217
77.6807
76.8123
77.7150
77.1295
77.1254
77.7653
78.4219
79.8304
80.6517
80.0793
80.4744
79.5098
79.9203
77.8060
80.0275
80.6039
79.6466
78.9187
78.7535
79.5114
79.3208
78.7321
79.4314
79.3304
78.7272
79.4314
76.7852
77.8492
79.0701
78.1513
75.9251
79.6322
78.0794
77.9334
77.1274
75.9839
77.7232
77.7446
78.6945
76.6975
78.0471
79.8404
79.6353
80.5824
79.1017
79.1912
79.7116
78.2519
78.2170
78.9353
79.8202
79.2309
78.5008
79.5855
79.7032
79.0490
78.8131
78.9775
78.8264
79.1447
79.5341
78.4336
78.6965
78.0424
78.5005
79.1345
78.7182
78.2108
80.1522
79.4784
79.4875
79.5056
80.9813
78.9235
79.9557
79.4485
79.4777
80.1508
79.8479
78.1658
80.5186
78.4622
79.4511
78.9241
77.7920
79.2436
81.2671
80.1316
80.3127
80.0747
78.3620
79.4590
79.3450
79.8589
79.6421
78.4388
78.7656
79.3009
77.6776
79.7481
77.9228
78.1116
79.0102
78.4732
77.6740
79.0485
79.1752
79.2906
78.1823
78.7376
78.2625
78.5789
77.9809
77.3971
76.4510
77.2657
77.2970
77.6922
76.9460
75.5030
77.8947
77.0179
77.0980
76.6050
76.9919
77.9702
77.9146
77.5334
77.4248
74.6272
76.1403
74.6218
73.4363
75.5034
74.3407
75.1856
73.6212
73.5527
74.7243
75.5479
74.3345
75.1754
74.8708
73.6291
75.6448
74.9003
75.1142
76.5688
75.2014
74.1100
75.1920
75.1030
76.5427
77.8668
76.1195
74.6999
75.8771
76.2231
76.0938
75.4681
76.9313
77.3553
74.7682
75.2152
75.6787
75.3639
75.2372
75.3494
75.6788
75.3947
76.4830
75.8740
75.2350
74.9487
72.9625
74.0014
75.6427
74.4914
74.8949
74.8691
74.2078
75.3137
75.3362
74.4724
75.4321
76.4375
76.1240
76.3754
76.8091
75.7517
75.8582
77.3819
76.6456
77.0092
77.0959
77.5409
77.9317
77.2895
77.1862
74.8168
76.2599
74.1047
74.1206
74.5163
74.7163
76.3999
76.9676
77.5523
75.5928
77.0585
77.0612
77.4445
78.6679
78.1419
78.3660
77.4475
78.2400
78.4119
77.9040
77.5382
77.9554
77.7184
76.7290
76.7981
77.8698
77.4531
76.2114
76.2626
76.1153
75.9095
76.2881
76.3591
76.3581
76.3064
75.0986
76.7854
74.9926
74.9950
74.7309
74.5173
76.2193
74.3203
75.3338
75.1665
73.9949
74.6693
75.2648
75.1745
73.7979
74.2590
73.3927
72.8015
73.8792
73.8866
74.5938
76.2325
74.4167
74.6137
75.5759
75.4797
73.8805
73.4447
75.2171
74.3785
73.9730
71.8065
72.4656
72.7330
72.0987
73.2031
72.1052
72.0366
73.2840
72.5231
72.3989
71.0831
70.6624
71.8444
73.0224
74.1559
74.0129
73.2153
75.1905
75.4533
75.5987
76.1401
74.7163
74.2384
74.4773
74.2406
74.8834
72.8637
73.7956
73.6403
75.0242
74.7687
74.8440
74.4574
74.7419
72.9706
73.4872
72.5169
73.6860
73.8221
74.4398
74.0460
72.3409
73.2492
72.7220
71.1059
71.8571
74.5981
73.5971
73.0320
74.6610
75.2049
75.3993
77.1057
76.8761
78.2534
76.4488
77.6626
77.7581
78.5279
76.6600
76.5254
76.1727
76.9983
77.2561
76.6510
76.9285
76.4076
75.4360
76.1650
74.2493
73.6533
75.9675
75.6930
74.1940
73.9700
73.9657
73.9153
74.2939
73.8805
74.2931
73.5502
73.5997
73.2154
73.0376
71.6528
74.3952
74.1189
74.0106
75.2453
75.9529
74.8716
75.5330
75.4675
74.1427
76.4042
76.2742
74.8099
76.1229
74.4778
75.5702
74.5363
74.1831
74.7503
74.8216
74.9802
75.7901
76.2698
75.5716
73.4902
74.8310
74.0297
74.9265
73.7659
73.8059
73.3687
74.6216
73.7492
74.7074
74.7521
75.0201
74.5793
75.1010
75.9679
75.7240
75.0093
75.5032
75.4465
74.4181
74.9938
75.4121
77.3410
77.2728
78.6023
77.8105
76.6357
76.9235
77.5014
78.4590
78.1095
76.8128
77.4175
77.4086
78.5411
77.7132
77.6427
76.7363
76.5708
74.8847
75.4836
73.7439
74.7193
74.2422
75.8589
74.2290
74.0745
74.3653
75.9610
77.4840
75.3340
75.3257
74.6738
75.9724
77.3329
77.1145
76.8785
76.8729
75.0818
75.3433
76.9908
76.8478
77.1111
78.1421
77.6825
77.0375
75.5626
74.5408
74.5738
75.5109
74.9492
75.2985
76.8934
76.4049
76.3727
75.2042
75.8267
76.4761
75.9939
77.9771
77.4191
76.3769
76.5162
77.1364
75.7161
73.1927
72.8449
74.1846
76.1176
76.4601
77.4870
74.7977
75.8082
77.2971
77.1039
76.0792
75.2602
74.9452
75.9515
75.2367
74.0108
73.2703
74.1374
74.2228
75.7208
74.8128
73.8404
74.1782
74.0909
75.1333
75.7649
75.4545
75.4942
75.5194
74.6379
74.1252
75.4268
75.8896
74.5904
75.1682
76.3126
75.6201
76.0312
75.5233
76.2270
75.8528
76.6108
76.4467
75.4619
74.5685
75.8956
75.6368
76.5869
77.5737
74.2227
75.7987
76.6817
76.2028
75.6784
74.5720
77.1158
74.2905
74.9611
74.4052
76.1001
75.3874
75.0806
74.8963
76.2010
75.2262
76.1155
76.3392
78.0320
78.2516
79.3697
78.3418
77.6554
79.5913
78.7702
77.4943
76.7120
77.5584
79.3363
76.9459
77.1881
76.8726
76.9752
76.0650
75.0682
75.8851
75.1884
72.7376
74.3478
75.1346
75.6677
74.2330
74.1710
72.5833
72.9317
73.3707
75.2035
73.7900
72.8826
72.4318
73.9880
73.3852
74.0648
73.4923
73.2176
74.4728
75.2867
74.8872
74.7733
75.1501
74.3966
72.2455
73.4154
73.4001
73.2260
74.4898
74.2942
74.3058
72.4951
71.7947
73.7511
73.7231
74.0118
73.5931
72.6577
73.2991
74.1358
74.2692
75.5936
74.0695
75.2963
75.2948
75.4676
76.1038
75.8534
75.3493
75.4081
73.7503
75.8077
74.4794
73.7558
74.6966
75.6156
74.6970
75.0680
72.4937
73.6990
74.4415
73.7962
74.3773
74.6850
74.7311
76.1506
76.0457
75.5526
75.4721
75.0074
75.8878
77.2873
76.6480
76.9183
77.3183
77.2405
77.5065
78.6014
78.4532
77.8401
77.4508
76.9462
78.3237
77.7334
76.0168
76.1707
77.0889
74.0019
72.7373
74.6558
73.5999
73.4492
71.7040
73.0212
73.4025
73.9935
74.4648
74.0901
74.9755
74.6198
73.8221
74.5790
75.7306
74.4231
74.9629
74.7087
73.8226
75.1269
73.3629
76.5698
76.6233
74.7503
75.8800
75.9394
76.0986
76.3698
76.7125
78.4433
76.6964
77.0411
75.6090
75.2796
74.1038
74.1325
74.8375
74.3416
74.7280
72.0216
73.4820
75.0199
75.4479
75.6144
75.2647
75.3616
75.2556
75.9559
75.9912
73.2351
73.5002
74.8010
74.9155
74.3137
73.5921
75.3758
73.0014
73.6641
74.3723
74.0305
75.3331
75.9787
75.3410
74.9992
73.8430
73.3842
73.3872
73.4110
72.2016
72.7333
74.5050
73.3244
72.0765
71.7675
72.0903
72.3587
73.0403
72.4470
73.0759
72.9951
72.4024
74.8189
74.4347
74.7888
74.0917
73.8779
74.3522
74.2841
73.9737
75.1850
74.3000
72.8646
73.3960
71.7194
72.5116
73.8412
72.3747
73.5089
73.7753
73.7899
74.5541
75.3027
73.3764
74.4396
74.5114
74.8955
75.0788
73.3148
74.0407
74.8942
73.6694
73.8074
75.1402
72.7534
73.7996
75.1890
75.5807
77.3856
76.4725
76.2183
75.6247
74.9146
75.6907
75.3122
74.9503
74.9868
74.9917
73.8602
73.2236
73.3474
73.6695
73.6682
73.9007
73.4143
74.9849
74.4346
74.5995
75.8418
76.6153
74.3649
76.2516
75.3687
74.7688
75.1025
75.5169
75.9451
75.9835
75.9910
76.1756
75.3617
75.6242
74.1990
75.1507
74.6025
74.6128
73.8565
73.1967
74.5070
74.7976
73.6519
76.1174
76.3401
75.4256
74.3313
74.5580
72.9508
73.9555
73.1016
73.7247
72.9817
72.2865
73.8999
72.1658
70.7337
72.1498
70.6032
70.4440
70.4931
70.4642
69.0494
68.8669
68.7870
72.0584
72.6114
74.4799
72.5535
71.6698
71.2715
71.2083
70.9037
70.1186
71.6425
70.4890
70.9136
71.9691
71.3888
71.8097
69.8947
70.4455
69.2386
69.1283
67.9107
69.0567
68.5743
67.7969
69.6403
67.5600
68.7449
66.9978
68.2411
68.6696
68.6711
68.8587
68.7789
67.9823
69.2601
68.7962
69.1962
69.5500
70.3911
68.2449
69.4167
68.3537
69.4382
65.2794
69.1259
68.5239
68.5153
68.5740
68.0950
69.0076
68.2779
67.6941
66.9191
67.1686
67.2631
69.5855
68.6088
67.0750
68.4885
70.5493
70.8444
71.1801
70.7654
71.1436
71.4081
70.5552
69.5765
70.8435
70.6882
70.9803
71.6906
71.5195
71.6892
72.6016
73.1527
73.9760
73.9777
73.3401
73.8214
72.8763
71.8622
72.3281
70.6962
72.4368
72.0068
71.7005
73.1919
71.6454
70.7633
71.5595
71.2428
72.2598
73.3776
72.8453
72.3717
72.6849
74.0713
74.3799
73.7576
73.3718
73.2629
71.7409
71.8658
72.1237
74.3550
74.4137
73.3599
74.9543
75.4873
74.2088
73.8385
73.9750
73.7626
73.3049
72.7844
72.3793
73.0744
74.5535
73.7909
74.2529
71.7848
72.2666
72.9120
72.6202
72.5152
72.7524
72.3705
71.9333
73.6546
71.8155
73.8804
73.5040
74.1273
72.9368
70.7445
72.0898
73.1265
73.5465
72.9189
73.1179
71.4657
73.6587
73.2678
73.1776
74.2732
73.9353
74.3413
74.1321
73.2717
73.8978
75.3224
74.0389
73.8242
73.1072
70.8247
72.7537
71.7225
71.8599
72.4291
71.4857
70.7299
71.7140
70.5327
71.1234
69.6753
69.4603
70.0536
69.2358
68.4069
70.5431
69.6444
71.3658
68.6957
70.2127
69.9255
70.2284
69.4673
69.8275
70.1077
70.7266
70.2147
70.3293
69.7630
69.9730
71.2031
69.8947
69.7864
70.2557
69.4511
71.3902
72.3094
71.0744
71.4569
69.1598
69.3441
68.7997
69.7192
68.8004
68.8056
68.2023
68.3405
67.6101
67.6769
67.8506
68.6712
67.7397
68.0139
66.8395
66.8876
67.0009
68.7689
68.8577
68.5675
67.2198
69.0531
67.8106
67.3314
66.6343
67.7355
68.7966
69.6545
69.5032
73.0836
70.5567
71.9810
72.6443
71.6000
72.2876
71.6217
72.0609
72.7888
72.6090
71.5250
73.5088
71.9904
71.8272
73.3052
74.3246
73.2885
75.0280
72.9280
74.2197
73.8819
72.5492
73.7211
74.4975
74.2511
74.2973
73.1537
73.8683
74.9775
74.7536
75.4440
74.8913
75.6882
75.6855
76.9643
75.9630
74.8551
75.7524
75.7370
75.1281
73.7285
75.4107
74.6716
73.9845
73.5377
74.0006
72.9096
73.7080
73.7421
74.2015
73.2740
76.8775
76.0810
75.9895
75.0566
74.1182
75.2960
75.3908
74.8899
75.4424
74.6870
75.5323
76.0535
75.4121
75.0225
74.9691
74.4264
74.8248
74.4424
72.6570
72.7846
72.0686
72.7094
71.7046
72.6172
73.8606
73.5640
71.2738
73.4780
72.2337
72.8408
73.1141
73.8805
73.2211
72.6336
70.8227
70.7813
70.6954
71.6222
70.2597
70.8794
71.6552
72.1170
72.3875
74.5200
73.3858
72.0415
72.8079
72.0526
72.8413
72.0257
73.6780
73.8754
72.8901
71.8528
73.9110
73.1238
72.4595
72.7681
73.7754
72.6331
71.7116
73.7219
72.8301
71.0180
71.0930
71.1265
72.2164
71.2802
73.9565
73.6279
73.9314
73.5653
75.2139
73.4263
74.3041
73.8553
72.8468
72.5904
70.1680
72.6578
72.3686
69.3868
71.4776
71.5564
69.7980
70.5861
70.9750
70.6417
71.9876
71.0627
72.2960
72.3141
71.6744
71.6341
71.0119
70.1331
69.8733
69.9824
69.7660
68.8656
69.2900
70.5452
69.0894
69.2861
70.0233
69.4750
68.2399
68.6475
68.7712
69.9890
69.2897
70.4436
69.8246
69.0903
70.7084
72.3367
71.8885
71.6961
70.9640
71.8523
70.7802
71.0628
71.4863
72.2032
73.7952
72.8666
71.7198
74.4803
72.6509
73.9146
73.1660
72.3684
73.8417
72.5468
72.1009
72.0872
72.2783
72.9351
71.6490
72.7993
72.4912
72.7218
71.3271
72.4198
71.8410
72.3369
71.1645
71.9414
70.2828
71.0247
73.0379
71.8015
73.0699
72.5923
71.2950
71.1240
71.4977
72.1327
71.3043
73.0537
74.0172
74.3694
73.8160
73.6435
74.2438
75.1676
75.0785
74.9623
76.8734
74.9134
74.6519
76.5878
76.1345
74.8317
74.9632
74.8623
73.1637
72.9904
75.0016
74.6135
74.0614
74.8455
74.1708
74.0115
75.1770
74.1572
73.7410
74.2965
75.2753
73.6230
73.5093
73.2369
72.5899
72.7397
73.3813
75.2395
75.2785
74.2739
74.6059
74.4572
73.6270
75.5455
74.7411
73.4833
73.4773
73.9871
73.5672
73.4939
72.8174
73.5273
73.1800
74.2229
74.1994
74.4042
75.2040
75.1969
74.4626
74.3713
74.9113
74.7684
75.6571
75.3083
73.4638
72.8413
73.2426
73.4823
73.8220
75.3292
74.8416
73.2148
73.6062
75.0831
75.3486
74.9278
74.3320
72.7261
72.4251
72.6639
72.1421
71.2113
70.9118
71.6924
72.0880
73.3010
73.2427
72.2155
70.7294
71.6641
70.3648
70.6126
68.9622
69.4268
68.4442
68.8557
70.4858
70.4837
71.5662
71.4603
71.4503
69.5380
69.8830
70.7838
69.6422
71.0466
71.1078
70.3939
70.8300
70.1179
69.9183
69.7725
69.2584
70.2906
70.4151
70.1581
71.5119
72.1580
71.6328
73.6376
73.3905
71.7944
72.7918
71.7932
73.0195
72.6460
72.6860
74.4016
73.3651
73.2623
72.4265
72.4398
71.5523
71.3653
71.7237
70.3137
72.0135
72.0365
73.0354
72.9192
72.2581
72.7086
72.3326
73.1626
74.7981
73.8434
73.6078
73.9836
74.3264
73.9332
74.6524
73.6089
72.9556
73.1994
71.9802
72.5249
70.4672
69.9116
71.2342
71.4157
72.0967
71.0410
71.3398
71.2688
72.7338
72.8029
73.6564
72.3108
72.6046
72.8170
74.0129
73.0033
72.3031
72.5701
73.8355
73.5408
72.9958
73.0862
72.5260
72.4451
73.5434
72.7150
73.3852
72.3106
74.3445
74.3920
74.2326
74.6953
74.6402
75.8210
72.4730
74.4623
73.4508
73.9789
73.1296
72.9433
75.0927
74.6852
75.2776
73.0377
74.0768
72.3565
73.7495
73.1792
74.6946
73.7943
73.9325
73.0391
72.7294
72.5023
72.4029
71.6669
71.7447
72.8076
72.3050
72.0857
72.0825
72.1657
71.2875
72.6530
71.9904
72.5518
72.9708
74.0148
74.1097
74.7920
76.3568
76.8051
75.8514
75.8390
76.0893
76.4316
74.7597
74.7829
74.0803
74.4152
74.3590
73.2344
71.9786
70.7780
71.2031
72.1833
72.4723
72.6622
73.4778
71.4869
73.4960
72.7704
72.9059
72.1984
72.6728
71.7275
71.9867
72.2944
71.7224
71.5209
72.5211
72.3601
71.5098
70.4969
71.2006
72.1469
72.3301
72.7022
72.1662
71.8481
72.1940
71.0226
70.5574
71.0894
72.4575
72.7825
73.2313
73.6944
73.0272
72.9955
73.5734
73.3432
74.3266
72.3335
73.5735
73.7717
75.7143
73.2888
74.6879
75.5590
74.7077
73.0196
74.1198
73.9203
74.1902
74.3548
74.6548
74.9652
76.0321
75.1651
75.7202
78.0890
74.7478
74.7886
74.1420
74.8496
74.7183
74.6623
74.0764
74.4500
72.9168
74.3899
74.0596
75.2041
77.4162
77.6462
75.9667
76.5996
74.4226
73.3788
74.8548
75.0330
76.2001
75.3121
75.9665
75.3526
74.4140
75.1972
75.4882
75.4256
75.3752
75.4709
74.4760
74.5314
75.4120
77.3753
76.3242
74.8118
75.4113
77.7260
77.1344
78.7503
77.9174
75.6898
76.0436
76.5425
76.9480
77.4818
79.4641
79.7581
78.4120
78.0154
78.6247
76.7404
76.9011
78.2057
77.8848
76.3152
76.2887
75.9981
76.4060
77.1443
76.8042
77.4098
77.0584
74.8838
76.7730
74.6783
76.1938
74.6925
74.4474
74.6170
74.2730
73.4897
74.4066
76.1300
74.3550
74.7493
75.5019
76.4662
74.8547
75.6227
76.9975
76.4913
76.3039
76.2911
77.8010
77.2185
75.9176
77.3953
78.0436
78.1640
78.4346
77.7672
79.7696
79.3264
78.3146
78.7836
78.0631
78.5568
77.6368
77.0419
75.8608
76.7903
75.6874
76.1510
76.6452
76.1925
77.1211
76.0166
76.3013
77.2601
76.4601
77.3497
78.1632
77.1716
77.3049
78.3392
77.8806
76.2694
77.6303
77.3175
79.3383
79.0868
78.3441
78.0894
78.2941
78.2324
77.9172
78.6533
76.5057
76.2594
77.2237
76.1884
75.7999
75.6486
76.5376
78.7908
78.2947
77.4896
77.2047
78.5625
78.5848
77.6333
80.0113
78.4029
77.3877
77.7122
78.4753
78.7611
76.8009
77.8756
78.5562
77.5883
78.3833
77.6350
76.4830
77.5315
76.9480
75.7858
76.1719
74.9782
75.1425
74.5109
74.3024
73.6520
74.0257
72.9781
73.8715
74.2179
74.8533
74.4776
73.5536
73.9852
72.6374
73.8973
73.5380
75.1460
72.9175
74.8469
75.0789
76.2370
76.2218
74.3103
74.1841
75.8130
76.8185
76.1553
76.1549
75.9505
76.0493
76.1664
76.1626
76.0094
76.5544
75.2853
76.3990
75.8733
76.2290
76.3038
75.7855
76.6248
74.1079
74.1141
74.3031
75.0719
75.0968
75.8319
74.9209
76.2727
77.7733
78.3400
76.8508
76.5616
78.2009
77.9148
80.5085
79.4392
78.4160
78.0307
77.2769
79.3614
76.9272
76.9640
77.6042
78.0966
78.4178
77.0783
77.6414
78.2617
77.7499
78.8766
78.7272
78.4720
77.8809
76.4879
74.7321
77.2635
79.3097
78.3987
79.4980
79.0439
79.5609
79.1783
77.3866
79.3436
78.7867
79.3934
78.8087
80.5717
78.3954
77.6649
78.2382
79.0598
79.5355
79.5447
79.5615
81.8474
80.2116
80.1235
79.9289
79.2374
78.8118
79.7411
78.5581
78.2188
78.9967
78.5664
78.4377
77.4023
77.9654
78.3003
76.3663
75.7910
75.8589
76.6809
77.2104
77.1544
74.6850
76.9797
75.8406
75.3859
75.8278
75.3852
73.4625
73.4763
74.2182
73.8296
74.2725
75.1555
74.7027
74.7782
76.3895
76.0083
75.1179
76.4261
75.7266
75.7821
77.3225
76.6074
77.1715
77.1293
76.0075
77.6661
77.6099
77.0916
75.6066
75.7869
75.5375
77.0143
77.7683
77.0858
75.4224
76.1678
75.4277
75.6850
76.8631
74.8044
73.6755
73.9831
72.3310
73.8701
73.3499
74.4486
75.2415
75.9866
75.5696
75.2848
75.9570
75.5464
74.4923
74.6074
73.4445
74.6008
73.9827
75.5182
76.5371
76.7440
76.5633
75.7094
74.3134
74.5468
75.8467
76.3514
75.4969
75.8373
76.2005
77.8672
78.7677
78.2717
77.1877
78.5232
77.4605
77.3150
76.3249
77.4042
77.3529
77.3680
77.6604
77.6933
75.8354
75.4513
77.3498
77.4315
77.5243
76.9138
78.0239
76.9886
75.5171
77.0091
76.3850
75.7839
75.6973
75.3020
75.8915
75.6482
73.8825
72.3333
72.3382
73.1662
70.8093
71.2048
70.8747
71.6189
71.0585
72.8759
71.7867
72.0484
72.5815
71.0900
70.6815
72.1478
70.3689
70.3461
70.4685
72.2931
72.6200
71.5060
73.2075
74.0250
73.9790
74.5040
72.2917
73.9211
73.9281
75.9250
75.1935
74.7577
75.8727
75.6360
75.9584
74.9734
75.8164
74.9165
75.3616
75.6968
74.5852
74.5812
74.7975
75.6901
75.8654
75.9558
75.0295
75.4531
76.9978
75.9814
77.8493
77.4352
79.9953
79.3163
77.4903
77.0306
76.9051
77.8258
77.3962
78.9579
78.6872
77.7992
76.9127
77.4129
79.8867
79.9049
81.3415
80.2040
79.8877
78.8471
80.2054
79.5139
81.0971
82.2567
80.7816
78.9346
79.8756
78.6917
77.3554
79.4200
77.4481
75.1461
75.0893
75.5560
75.8188
75.9738
75.7963
76.2239
77.5309
76.7411
75.4569
75.6111
76.3826
75.1014
74.6209
75.5945
75.9396
74.7303
75.2700
75.2628
75.8334
77.3854
77.1452
76.9764
75.4455
75.4388
75.0524
75.8570
75.5628
76.0944
76.1111
75.2346
74.3688
74.5341
74.7321
73.5599
74.5121
75.2184
73.4437
74.0823
73.5546
72.9089
72.1607
73.0851
72.5645
72.8345
74.2227
73.9951
73.7489
72.9293
72.9152
71.6948
72.1559
73.5700
71.7529
71.2921
71.7937
72.1407
72.2463
72.5235
69.8360
70.9473
71.4498
70.7829
73.3371
73.5883
74.6428
74.0241
74.1185
74.8828
76.1617
73.9065
74.5066
76.2145
75.9926
76.6742
75.0235
75.8170
76.4689
78.0523
77.4290
76.1213
75.4703
75.3802
75.7584
76.2579
76.6810
78.7984
77.7131
77.6209
77.6506
77.5027
77.4847
77.0119
75.9924
77.4408
76.2520
77.7930
77.0803
77.8968
76.4796
74.9470
76.3851
77.0197
77.1242
77.7764
77.8672
77.2162
77.5483
78.4054
78.3965
76.6377
76.2543
76.3898
76.0439
78.4007
77.4272
78.0787
76.1820
76.6072
77.2790
76.6155
77.3366
77.8926
79.0841
78.0346
80.1439
80.7657
79.7381
80.5534
78.2603
78.6558
79.0170
78.2093
79.1802
78.6324
78.2839
78.1314
78.7892
77.2555
77.1423
77.3197
76.5276
77.4093
77.5723
77.8031
77.8581
77.1723
75.7398
75.6598
74.6914
74.7334
73.5162
74.2818
74.9691
74.8770
74.9965
74.9367
74.3577
75.1192
75.9813
77.0657
76.3576
76.7927
78.6080
77.4327
77.9432
77.1674
79.1578
79.3890
77.4142
76.8533
76.3979
75.5689
73.8407
72.8776
72.9521
74.7778
75.6660
76.9828
75.3130
75.1954
75.7907
76.7425
73.8910
73.1187
73.8033
74.8512
76.4017
76.0910
73.7728
74.5674
75.4236
74.2155
75.8217
73.9312
75.9982
75.1557
75.8142
75.6288
76.0867
74.6218
75.2928
74.8289
75.1599
75.6098
75.2221
74.6076
74.9199
76.4884
75.8066
75.9573
75.7158
77.1486
77.5147
78.1355
77.5070
77.5219
76.1132
74.9147
75.6016
76.0619
76.2367
75.1942
74.0557
73.9433
72.4237
71.8054
72.1233
72.7430
73.5522
73.0472
74.0051
73.5172
73.6814
73.7558
73.9765
73.0488
72.7308
72.0816
71.6613
71.8169
73.1188
72.3823
73.3168
74.1474
72.5427
74.0887
74.0916
73.7276
72.8365
72.6454
72.5280
72.8425
72.9010
72.9548
74.1879
74.3639
74.1800
75.3658
76.0133
75.0546
74.4403
74.8917
73.1671
74.9804
75.8979
74.8968
75.3826
75.3255
74.5127
75.9705
77.6053
76.3735
74.0204
74.9439
73.2757
74.2358
75.1088
75.3380
75.3139
75.1133
75.3862
75.3638
74.6139
75.0306
75.2731
75.4834
74.4293
73.7160
73.0639
73.4303
73.9250
74.6485
75.7348
74.5378
73.8211
72.9564
73.7533
74.2482
75.2963
74.1063
74.6681
74.4397
74.0425
73.5677
73.3629
74.2289
74.0150
72.3293
72.9637
73.1839
72.9467
72.7345
72.8805
72.3919
74.0128
73.2329
72.2634
72.6091
73.7252
72.2026
71.5852
70.2193
71.8890
70.4651
71.4158
71.4471
71.7446
71.8509
70.7416
70.7725
71.8041
72.5693
71.3582
70.6106
71.7279
72.4331
71.5688
72.2850
71.3350
72.9996
71.5261
70.9811
71.7853
70.5358
72.6896
72.0180
73.2801
73.6991
72.0114
72.6108
73.0693
73.6637
72.4551
70.7668
71.6071
72.1632
72.0013
71.1625
73.2956
70.8485
72.9062
73.5707
73.5579
73.3788
73.3898
73.6329
75.3284
75.6088
75.2781
75.6891
75.5979
75.5991
74.7509
74.4712
74.2498
75.1500
74.8736
73.6735
73.0470
74.5597
74.8744
74.7302
73.8990
74.9271
76.3182
75.4468
76.5089
78.1390
77.0856
76.5024
76.3109
77.6226
78.3499
76.7061
77.3779
77.9078
78.0454
77.8370
78.3405
77.5843
79.1800
78.2304
77.4588
76.0853
77.6585
77.7136
75.9348
75.4081
75.4583
76.9361
75.7611
77.3495
75.9386
76.4629
77.8222
74.5686
75.6828
76.9449
77.1431
75.7122
74.9417
76.1289
75.9191
75.1034
75.2197
74.4446
74.4076
74.5430
73.6599
75.0111
77.3671
76.0260
75.6591
75.4726
75.6978
77.0995
78.5227
77.2415
75.2250
74.9442
74.9035
75.4359
74.9421
74.3092
75.0220
75.5859
75.3475
75.5814
76.3478
75.6947
76.1857
76.1496
78.0048
75.9763
76.0983
74.8472
76.0854
75.3239
76.7184
76.1781
75.9033
77.1825
77.8755
78.2009
78.0060
77.2124
77.1583
77.3460
77.5794
77.0851
77.9169
77.0130
75.7868
76.5952
77.1095
75.8696
75.0830
76.0040
76.3171
73.9471
75.1942
74.1704
75.7991
75.6035
75.6341
75.8084
74.7951
76.0874
75.7949
74.7731
75.7082
74.1458
73.9787
73.9558
73.7698
74.2152
72.5613
72.9174
74.6988
74.9158
72.6940
72.7209
72.2976
72.0954
72.6639
72.3227
73.6442
73.2094
73.8246
74.5745
72.9700
73.0996
72.3900
72.0574
72.1899
71.9139
72.9704
72.3733
72.4687
70.4751
72.0482
72.4713
73.0193
73.2292
74.3440
74.8375
77.2613
75.9305
75.5854
75.2236
75.2522
74.5300
74.9421
74.7936
73.6337
73.8329
72.9812
72.0737
72.3077
72.9200
72.0134
73.2304
73.5050
73.6458
71.2953
72.3708
71.2632
72.2722
73.0992
74.0289
73.3177
73.4440
74.2575
74.6326
75.2699
74.2898
73.2920
72.8451
74.0878
73.3208
74.1561
73.7916
71.7831
72.1573
70.9343
72.0318
72.9859
72.8135
73.3768
73.9796
73.0139
72.6962
71.1599
71.6572
70.9578
73.0091
72.1720
72.8000
72.4412
70.9899
72.7133
72.5326
73.0464
73.5340
73.0886
71.9045
72.3149
70.7196
72.4530
72.5520
73.8451
72.8322
72.5651
72.4188
72.0609
72.3106
73.0395
71.4138
71.8258
71.2072
70.9803
72.0658
69.3867
70.2538
72.2053
70.4232
70.7928
71.7945
71.1750
71.1823
71.0458
70.5256
70.4730
71.4769
71.5934
72.0589
71.0131
70.9518
70.8166
69.8142
71.4180
71.6838
70.7795
71.8341
73.3521
74.5367
74.5082
73.0109
72.6157
71.9321
73.3940
72.3397
70.2353
71.6268
73.3681
71.5745
73.0056
71.9114
72.6449
73.5879
73.7286
74.2453
74.8525
73.2263
75.8551
75.0375
74.5476
74.7234
74.7243
74.9979
73.0535
72.0048
72.8344
73.2094
73.1963
72.9121
71.5700
71.1312
71.1527
70.9314
72.5838
71.7407
70.8950
71.1205
71.9533
71.1974
72.4794
72.4528
73.4958
72.3257
72.9182
75.0285
74.2676
73.9015
73.9144
74.1732
74.8913
75.1209
75.9563
75.7391
74.6068
74.0693
73.3278
72.5904
74.4618
71.7202
72.1597
73.8983
73.7720
73.3881
75.2209
73.1092
72.6985
73.8468
75.4275
74.4170
75.0528
75.7032
75.0265
75.5120
76.5289
75.6152
74.1517
74.2848
73.9340
73.4401
73.6600
75.1091
75.6932
75.4690
73.8292
73.3771
72.7035
72.6219
74.5768
73.5531
74.3843
74.5493
72.9520
73.1657
73.3788
72.2606
72.6882
74.3294
74.4050
73.7887
73.7904
72.3677
71.5114
71.9232
71.3590
71.4270
70.4586
70.7539
71.1176
70.4576
69.7948
69.8133
71.1676
70.6257
71.3159
71.5385
71.4017
71.1331
71.6393
71.5661
70.5641
70.9439
70.6330
69.8952
70.6195
70.5254
70.8222
71.1812
72.2882
70.2378
70.7033
69.5630
70.5202
71.6724
72.4795
70.9271
71.1246
70.5881
70.5771
70.5423
70.2137
69.7624
70.8000
70.5541
70.6517
69.7633
69.6192
69.0816
69.6984
69.4771
70.6539
70.1254
70.2531
68.9991
70.0257
69.3225
68.6827
70.0427
70.7103
70.7630
71.1024
71.9401
70.7467
71.9776
72.5821
72.2822
73.4182
72.2839
71.4710
70.8893
72.2810
72.8870
71.3495
69.4880
70.2144
68.6827
68.9781
69.2819
70.2381
70.0957
70.7093
71.0263
71.3617
70.9360
70.1999
69.1475
69.7009
69.5838
70.0556
71.2218
71.4018
70.1636
70.9932
70.4586
70.1183
71.4482
70.6748
69.9527
70.1973
70.8383
69.5481
70.3297
70.0739
70.2245
69.7675
70.7245
71.5335
72.5473
72.3354
71.1185
70.8937
70.5659
70.7445
72.1884
70.9818
70.0579
70.5321
70.2041
70.5134
70.7645
71.6151
72.3523
70.9876
71.8297
72.2952
71.9874
72.7808
71.3595
72.4575
73.1145
73.8184
73.1533
73.5623
73.9339
73.5887
73.9792
73.5888
73.1110
72.5389
72.2679
72.4100
71.5423
71.1882
70.6187
71.2605
72.6339
72.0046
70.6301
69.0379
71.0618
70.8718
71.4533
70.7590
69.8669
70.0831
70.4878
68.5037
69.9033
69.1185
70.0251
68.9788
67.8383
69.3544
69.7026
70.0815
71.1263
70.4648
68.8711
70.6286
70.7028
72.8362
69.4087
70.2848
70.3181
69.1583
70.6429
69.3079
71.1064
71.2726
70.9084
70.0392
70.9723
70.1231
72.1541
73.2110
74.2514
72.9920
74.0044
73.3523
71.4169
71.9081
71.7170
70.7153
71.5901
72.1943
73.1067
71.9370
71.8355
72.1276
72.9651
72.9759
72.0686
72.0942
71.8661
72.2008
72.2525
72.3997
71.8178
70.7879
70.4144
68.9324
71.9569
71.8489
71.8103
72.3969
72.1167
71.3296
71.3428
70.8665
71.0382
71.1947
71.6536
70.1063
71.1293
71.4320
71.6095
72.0071
72.6257
74.0521
72.3283
72.9188
74.8972
74.3402
72.8003
74.3249
73.8053
73.2208
72.5208
72.4318
74.1273
73.4045
73.4561
72.9200
73.8453
73.0835
71.1431
71.4640
70.0637
69.8883
71.8659
69.7277
72.0615
70.6985
71.5940
71.2188
71.2237
72.0460
72.1965
73.8422
73.6061
71.9713
72.6889
71.5446
71.3781
71.4907
71.6928
72.8035
70.5701
70.7030
70.9931
71.1273
69.8229
71.7506
71.0419
72.7554
71.5979
72.2096
71.7361
71.9820
71.4916
70.3598
71.2793
69.8997
67.4013
67.5579
68.5182
69.0328
69.7479
68.0757
68.0075
68.2947
70.3760
69.5460
68.1407
68.2509
68.7165
69.2830
69.7137
68.0382
69.1391
68.2815
68.6727
69.4125
69.7627
67.6228
69.3506
68.2839
68.8539
70.4936
69.0749
70.9275
70.5554
71.2647
72.2320
71.6640
70.7686
72.5632
73.4119
74.1975
71.8464
72.6162
71.0943
73.6590
72.8475
74.0553
72.1478
72.1866
72.1365
72.0682
72.4512
71.8066
72.1198
72.5297
72.7052
72.4831
71.3010
72.4551
72.1084
73.0233
73.4117
74.2745
73.7208
74.1675
72.1309
71.8584
72.5696
72.4356
73.0637
73.3155
73.2896
73.0801
72.2925
73.5021
73.0937
72.8540
72.4160
71.5248
71.0272
70.9334
71.4461
70.2121
69.4903
71.1745
70.3163
70.2488
70.6376
71.3024
70.8060
70.2722
69.2601
70.3692
70.1283
70.0703
70.6335
70.9959
70.3520
70.8548
72.9854
71.3964
71.7532
71.6559
72.1362
70.9752
72.8842
74.3516
71.9680
73.0242
72.0632
70.9796
71.4382
71.4946
72.0375
72.9071
72.1468
72.5204
71.2117
70.2736
71.5744
72.5138
71.7436
71.7406
71.8249
70.8587
72.5222
71.3151
71.6017
71.7325
72.7485
72.3631
71.0695
73.6906
73.3821
74.0217
73.7137
73.8972
73.3354
73.3161
73.1803
73.0588
74.0871
75.6632
76.0895
76.2200
75.1399
74.8078
73.9777
72.8695
74.3761
74.4708
73.8261
74.2251
74.2274
73.7465
73.1659
74.1673
73.6488
73.3986
73.2837
73.3901
73.6766
74.1854
72.6572
72.1883
72.7718
73.5224
73.8651
72.9953
73.5601
72.9026
73.9127
72.4941
73.7754
72.2583
72.0787
72.0959
72.4333
72.0338
72.9383
73.3862
74.9773
74.4889
73.8489
73.9540
74.2484
74.8330
74.3022
74.6339
75.2014
76.9807
76.8704
77.3140
76.1904
76.1804
75.5656
76.8241
77.3719
77.8360
77.7805
76.6923
76.8706
76.0467
75.4773
76.3569
78.2373
77.3938
79.1205
78.4924
78.9493
78.8103
79.1766
79.1066
78.0336
78.8770
79.2007
79.5104
78.4539
76.3329
78.5063
78.6849
78.5770
79.0173
79.1121
78.2573
77.4167
75.8265
77.7216
75.8310
76.5328
77.5907
77.6520
77.1810
76.4093
78.1833
77.4398
78.0532
77.9811
78.3326
76.0614
77.8771
77.4258
77.1994
77.7576
77.7362
75.3853
74.6420
73.8236
73.7685
74.1254
74.5872
75.5382
75.8389
74.6196
75.3471
74.7579
76.1435
74.6278
74.2695
74.9677
76.3135
76.6009
76.2749
76.2494
74.7598
77.0102
75.8591
76.9863
76.5317
76.8366
76.2954
77.3313
74.9845
76.2965
75.6159
76.7812
75.8300
76.8980
75.6975
76.4206
76.6610
77.5874
77.8943
77.5158
76.2790
76.5445
76.9954
77.3850
78.8009
77.5254
76.6837
75.8528
74.8095
74.0663
73.6558
73.8407
76.1251
75.4753
74.5713
74.8367
78.6873
78.1178
76.8531
76.9135
76.5653
76.0059
77.6139
76.0478
76.6400
77.3588
75.1527
76.3738
75.1136
75.9148
74.9252
75.8229
75.0337
74.9154
74.3328
74.8756
74.9206
74.1806
74.0273
74.0987
74.7235
75.1405
75.6014
75.9591
74.3969
75.8127
74.9276
75.2026
75.5667
74.7018
74.0642
72.7992
73.7964
74.0887
73.3749
72.2495
72.9705
73.1779
72.5445
73.7463
73.5765
74.2382
74.1062
74.8889
72.2258
73.3806
72.1205
73.4710
74.2591
73.7268
73.3792
72.6202
70.8237
72.2809
72.1681
72.3986
73.0398
73.4896
71.9781
73.5817
72.7112
74.3339
74.3074
73.6083
72.9801
73.5956
73.9317
74.5923
73.9817
75.6555
75.9451
74.7666
76.0476
76.1258
75.4983
77.4546
76.5942
77.3216
76.7293
78.0992
77.8078
77.4168
77.2203
76.8945
77.0581
75.8322
77.3929
76.9797
76.1532
77.3096
78.7157
78.4705
77.0994
76.6865
79.0787
77.8407
77.0856
76.3970
78.0372
76.6549
76.9609
76.8004
76.3210
74.6901
75.9099
74.7120
76.4802
75.6965
75.1054
75.1123
76.1047
78.0758
78.1330
76.7496
77.1515
76.7462
76.8963
75.9998
76.3517
76.4637
75.9184
76.1687
76.1171
76.2446
77.2829
77.7874
76.4576
76.2192
76.6674
76.7554
78.0941
77.0729
76.4467
77.9813
76.0919
75.4269
76.1111
77.4484
76.9333
76.3881
77.8088
78.8073
78.3282
77.9276
78.9159
80.7969
79.5320
79.9791
80.3055
78.9659
78.3311
79.3024
80.9728
79.7036
79.2835
80.0096
80.0696
79.9131
79.0762
78.9025
79.2751
80.1323
78.7196
78.2799
77.7613
79.3367
78.7287
77.1256
77.1875
76.7460
77.8540
77.7509
77.5333
77.0380
76.1197
76.0263
74.9170
75.2252
76.8254
76.0600
76.1632
76.4940
76.3021
75.8123
75.9480
75.6763
75.7320
76.1024
76.2624
76.9596
77.3629
76.7077
77.7284
77.8327
77.8359
78.7685
76.8306
76.8802
77.4529
76.8480
77.5594
77.1747
76.4910
77.0486
78.3665
78.5213
79.2473
78.4584
78.2528
78.8446
78.0489
79.1626
79.8374
79.0476
79.9310
78.8810
79.1229
79.2638
78.5212
79.7613
79.6473
81.2054
79.7918
78.4513
77.7459
78.6737
79.4959
79.9435
80.0237
80.3232
80.1893
81.0989
80.4538
79.6511
80.1115
78.8708
77.6017
79.0080
78.6997
78.2590
78.7511
77.4745
77.1011
75.9054
76.9324
78.3493
77.7287
78.0722
77.7533
78.0488
78.7705
77.4167
77.7619
77.1340
78.0466
77.6587
78.1954
77.3022
77.6339
78.7871
80.2525
80.0375
77.9310
77.3248
77.0117
76.7718
76.4066
77.5016
80.0870
79.4749
77.9973
77.3448
76.5431
75.7160
77.5480
75.9429
76.2290
75.9448
76.3191
75.9366
75.7695
75.6447
76.3928
76.2590
75.8617
77.2099
75.9530
76.8973
76.6124
76.7825
77.1091
76.8610
77.2846
77.2230
75.3608
74.9235
75.0303
74.3905
75.0497
76.0328
76.2105
76.1132
74.8537
75.5808
76.6024
76.5662
76.3327
76.6228
76.9804
75.2317
75.7334
74.7851
76.9726
79.0154
77.2673
77.8734
76.5178
76.3687
75.7115
75.8968
74.0223
74.8566
75.9276
76.3499
74.4554
75.4191
73.9485
75.1328
75.4162
75.4148
75.2370
75.5924
75.4060
76.2796
75.9480
76.4545
75.5179
76.0592
76.7747
76.0442
75.4480
76.4661
75.4519
75.0068
76.8894
76.0071
74.7165
74.5670
75.8629
76.3381
75.3700
75.7928
75.4324
74.1729
73.7513
73.1317
74.3714
73.8257
74.0116
73.9778
74.1822
75.8152
77.3163
76.7102
77.8383
75.2718
75.8785
76.5871
75.8330
75.7068
75.3831
73.7086
73.6696
73.8782
73.2580
74.5589
75.2765
74.6235
73.9658
75.1912
76.3803
76.3868
77.1786
77.2779
76.4116
76.5692
75.9133
76.5929
76.8764
76.9232
77.5928
76.2793
76.4435
77.9290
77.0517
76.3234
78.3578
78.2623
77.8961
77.3247
77.9815
77.8642
77.5798
78.5686
78.4767
78.9349
78.4630
77.0006
79.5055
78.3817
75.9164
77.1990
76.4748
76.4369
76.6112
76.3800
76.6192
75.1206
75.1009
77.6112
77.5896
77.3853
78.1460
76.9624
78.2813
76.5546
78.1652
77.5004
76.8639
78.6910
78.7592
78.8343
80.3876
78.8976
78.5312
77.6185
79.1799
78.3151
77.9559
76.8546
76.3926
77.7096
77.5357
77.4112
76.6176
76.5862
77.4172
76.7456
77.3886
78.3551
77.6527
76.3520
78.3617
78.5121
79.6093
79.3028
80.2000
79.8010
78.7244
80.3190
80.8708
81.4059
80.2231
79.6532
77.8579
78.6085
78.2345
77.1211
78.8197
78.5691
78.7579
77.7250
77.9148
77.4769
76.7915
76.9653
76.7703
75.4531
75.0905
76.8323
75.4119
75.4061
77.9000
78.6077
77.4727
78.4577
77.1412
79.1597
79.3947
79.7880
79.2149
79.5014
79.9915
80.6182
79.1721
78.6102
78.3565
78.5007
79.3950
78.4146
77.7957
78.4687
78.7887
78.1472
78.4176
79.9662
78.5934
78.7195
79.0917
78.6100
78.6011
78.9661
80.9373
81.1216
81.6754
80.5931
78.1442
78.4060
78.7789
80.7805
79.9874
81.3339
82.4138
82.1607
82.1042
82.8024
83.3179
83.5924
82.5492
81.3055
81.9802
82.7472
82.6810
81.0889
79.6800
79.7562
80.1214
80.7510
80.9988
80.5534
78.5714
80.3458
79.3330
80.2386
81.1164
81.0535
81.5275
80.7588
80.5216
81.7627
82.8722
79.6922
81.9602
81.3409
82.6652
82.4264
83.0093
82.7115
80.3064
80.3226
80.1766
82.0958
82.3699
81.7304
83.1345
81.2318
80.7777
80.4635
79.2354
