3.3795
3.2448
3.3176
3.3886
3.5098
3.4276
3.7403
3.5661
3.6415
3.7694
3.5344
3.5045
3.4365
3.1803
3.3297
3.3784
3.5533
3.3989
3.2326
3.6262
3.6833
3.5528
3.5821
3.7977
3.3652
3.5611
3.7407
3.8923
3.7421
3.7097
3.6075
3.5075
3.7406
3.8948
3.8749
3.6966
3.7700
3.6554
3.5614
3.3156
3.5530
3.6449
3.3826
3.4426
3.6077
3.2097
3.3145
3.1513
3.2116
3.4094
3.5133
3.4813
3.4947
3.2092
3.5709
3.2887
3.2361
3.3355
3.6620
3.4462
3.3876
3.4282
3.3426
3.5331
3.5413
3.2723
3.4594
3.5239
3.7431
3.6748
3.5208
3.8072
3.6190
3.5266
3.2539
3.0377
3.5540
3.0461
3.5880
3.3642
3.7928
3.6796
3.4623
3.3424
3.2136
3.1951
2.9417
3.1684
3.0421
3.1656
3.3402
3.4146
3.3050
3.4842
3.3963
3.8035
3.4657
3.4966
3.2266
3.4347
3.0771
2.8508
3.0403
3.2547
3.2616
3.3651
3.2062
2.9876
3.1081
3.5832
3.3500
3.0201
3.0934
3.2240
3.4863
3.4560
3.0643
3.4140
3.4525
3.3963
3.3249
3.1341
3.0735
3.0869
3.0164
2.9600
2.7913
3.0783
3.1289
3.3985
3.5508
3.3525
3.2779
2.9806
2.7819
2.9035
3.2125
2.9302
2.9428
2.7832
2.9802
3.4475
3.3696
3.3732
3.9264
3.8976
3.2768
3.1499
3.4737
3.6119
3.5706
3.7403
3.7163
3.5273
3.4865
3.3337
4.0218
3.6911
3.6236
3.4391
3.8684
3.6184
3.7167
3.3639
3.6920
3.5128
3.5836
3.8841
3.5005
3.6806
3.7492
3.7728
3.4985
3.8616
3.6849
3.9502
3.7290
3.8581
3.5581
3.7484
3.8354
3.8023
3.6138
3.6915
4.1507
3.8205
3.2917
3.5576
3.6757
3.9578
3.6600
3.4537
3.2628
3.6803
3.9354
3.7010
3.7895
3.9508
3.7172
3.9716
3.9958
3.6054
3.8071
4.1855
3.8333
4.0418
3.6998
3.6720
3.7479
3.5109
3.9455
3.6759
3.6466
3.9601
4.1329
4.0604
3.9043
3.7653
4.0454
3.7745
3.6544
3.1953
3.4944
3.6655
3.7814
3.8725
3.8619
3.6498
3.9361
3.6730
3.8970
3.6764
4.1151
3.5192
3.7911
3.3304
3.2564
3.7363
4.0387
3.3552
3.7797
3.6111
3.9560
3.7913
4.0079
3.5595
3.2998
3.6414
3.3425
3.4496
3.3953
3.4589
3.3883
3.5529
3.5811
3.6746
4.1226
3.5540
3.4831
3.8089
3.6106
3.6399
3.7191
3.3652
3.3813
3.3172
3.6544
3.3985
3.5057
3.6836
3.7330
3.7174
3.7261
3.5558
3.7293
3.5221
3.4827
3.8300
3.4474
3.8147
3.9777
3.9680
3.8771
3.7632
3.7189
3.4026
3.4181
3.4963
3.2937
3.4439
3.4333
3.7736
3.5126
3.4646
3.2079
3.5683
3.7380
3.6901
3.6705
4.0065
4.1018
3.8137
3.9063
3.7868
3.6842
3.6693
3.8507
3.4959
3.6813
3.7512
3.7207
3.6992
3.6505
3.6868
3.8240
3.5437
3.9372
3.4984
3.6801
3.9571
3.8247
3.7533
3.9056
3.9604
4.0447
4.1110
3.5313
3.8602
3.7848
3.6593
3.6432
3.7832
3.7923
3.9064
4.0421
3.8760
3.6594
3.6011
3.6793
3.7480
4.0437
3.8125
3.8727
3.9676
4.0664
3.7835
4.1089
3.9910
3.8900
3.9062
3.8749
3.8534
3.5829
4.0734
4.1214
4.0357
4.0110
4.0425
3.6042
4.0354
3.8850
4.0673
3.8550
3.9563
3.6935
3.4313
3.7020
3.6877
3.9193
3.9399
3.9660
3.8546
3.6514
3.5638
3.9683
3.7505
3.9667
3.4805
3.6567
3.4813
3.6941
3.9208
3.6875
3.6856
3.6521
3.6378
3.5385
3.5742
4.0734
3.9253
3.5781
3.7473
3.4990
3.6958
3.7101
3.6420
3.8183
3.8845
3.5247
3.6104
3.5774
3.7944
3.6522
3.5608
3.8076
3.6165
3.3636
3.4877
3.6027
3.6053
3.8705
3.6218
3.8250
3.5197
3.7811
3.9654
3.7609
3.7728
3.8228
3.8265
3.7476
3.8370
4.0411
3.9703
3.8632
3.5737
3.6471
3.6651
3.4285
3.8790
3.7276
3.6840
3.7063
3.7075
3.9485
3.6798
3.6317
3.8235
3.6668
3.6426
3.9953
3.9178
3.8910
3.5338
3.8095
3.8372
4.1631
4.0435
3.9893
4.1024
3.9757
4.3489
4.1001
4.1722
4.1493
4.2648
4.1230
3.6034
3.9127
3.6683
3.9281
3.5821
3.6415
3.7155
3.7867
4.2064
4.0447
3.9479
3.9046
4.1927
4.1042
4.3301
4.6227
4.3836
4.2874
3.7498
3.8966
4.2210
4.0068
3.8986
4.1986
3.9649
4.1389
3.9399
4.2077
3.9902
3.7352
4.0932
4.3157
3.9247
3.8896
3.6965
3.7597
3.9137
3.7498
3.7519
4.0739
4.1818
4.0471
4.0405
3.9993
4.0656
4.1070
3.8860
3.6420
3.6788
3.8446
3.7060
3.8327
3.5267
3.5320
3.7698
3.8814
3.7926
3.9775
3.7316
3.7642
4.0594
4.0551
3.4836
3.5867
3.6278
4.1154
3.6392
3.6176
3.9695
3.5911
3.5218
3.6303
3.9156
3.8715
3.6552
3.9837
3.9188
3.9586
4.1496
4.2100
3.9360
4.0199
3.8411
4.0486
3.9864
3.9989
3.8313
3.6698
3.6456
3.5517
3.6306
3.6705
3.6713
3.8457
3.8507
3.8741
3.5753
3.5964
3.1971
3.2897
3.4387
3.5183
4.0890
3.5649
3.6747
3.7776
3.8148
3.7640
3.7249
3.8372
3.7321
3.5072
3.6626
3.3465
3.9032
3.7222
3.8809
3.7924
3.9091
3.4367
3.4193
3.4508
3.5180
3.6609
3.2014
3.5257
3.9014
3.8299
4.0988
3.8188
3.2888
3.5753
3.4607
3.6631
3.6943
3.6511
3.8974
3.7903
3.8260
3.9082
3.5331
3.3730
3.6457
3.7951
4.0101
3.5225
3.9543
3.9824
3.9828
3.7459
3.7555
3.8037
3.9157
3.9010
3.8365
3.6569
3.8617
3.7217
3.6228
3.8430
3.6254
3.7881
3.8787
4.0328
3.7874
4.2120
3.7215
3.7656
3.9783
3.9641
4.3750
4.0202
4.0924
4.0973
4.1821
4.0163
3.8750
4.3004
4.0885
4.0937
3.9028
3.8448
3.9660
3.9559
3.8193
3.7899
4.1932
3.9274
3.9632
3.5911
3.5238
3.6958
3.5566
3.8320
3.8417
3.7702
3.6206
3.4331
3.4046
3.6113
3.3442
3.5515
3.8074
3.6572
3.5724
3.7781
3.5372
3.7269
3.8875
3.7951
3.7063
3.7513
3.7065
3.9096
4.1356
3.8924
3.4790
3.7705
3.7180
3.4426
3.7735
3.8567
3.7400
3.8630
3.6973
3.3911
3.8202
3.6669
3.5618
3.6255
3.4531
3.6663
3.6895
3.5709
3.5656
3.6592
3.5316
3.5208
3.5999
3.6089
3.5168
3.7468
3.4475
3.4446
3.1037
3.4965
3.5238
3.4075
3.7610
3.5560
3.5006
3.6330
3.6556
3.7096
3.3666
3.4610
3.3773
3.6550
3.4130
3.3785
3.3724
3.6871
3.4446
3.3296
3.5664
3.6327
3.6408
3.3783
3.6143
3.3960
3.6944
3.5056
3.6982
3.5623
3.6149
3.4573
3.8257
3.5249
3.6532
3.4676
3.4494
3.7141
3.6802
3.5257
3.6778
3.4323
3.6464
3.5817
3.3847
3.4848
3.4631
3.4416
3.3292
3.6700
3.5408
3.6624
3.1569
3.2385
3.2946
3.2932
3.4570
3.6616
3.4463
3.1126
3.2964
3.3934
3.4392
3.1098
3.1327
3.3700
3.4215
3.2508
3.3271
3.3314
3.4677
3.6072
3.3786
3.5021
3.2356
3.5543
3.7739
3.8028
3.7086
3.4322
3.4594
3.5082
3.5943
3.5234
3.6851
3.3439
3.6751
3.6402
3.6331
3.7602
3.8480
3.7320
3.7494
3.7139
3.7021
3.5395
3.2995
3.3738
3.4854
3.4838
3.2962
3.2854
3.7650
3.7346
3.9540
3.6640
3.7817
3.2560
3.6159
3.5552
3.3070
3.5363
3.2703
3.3090
3.3667
3.5908
3.7424
3.5791
3.5575
3.5220
3.5866
3.4820
3.4208
3.3281
3.6877
3.4756
3.7380
3.3030
3.4305
3.6610
3.7831
3.9717
3.7699
3.5482
3.4292
3.5205
3.4624
3.5088
3.5240
3.2132
3.4210
3.3683
3.5249
3.8317
3.7029
3.9847
3.5996
3.5840
3.7624
3.9851
3.5728
3.7374
3.6845
3.7563
3.9108
3.8959
3.7291
3.6558
3.5880
3.4957
3.7186
3.5233
3.6208
3.4164
3.7469
3.6194
3.8460
3.8782
3.6620
3.8701
4.0089
4.0262
3.6198
3.7470
3.6975
3.9597
3.6459
4.0289
4.0240
4.0891
3.6010
3.9506
4.0157
3.8456
3.9566
3.6254
3.6372
3.5716
3.4516
3.7572
3.5398
3.5113
3.3617
3.3839
3.3047
3.4690
3.5636
3.2906
3.4676
3.3792
3.5562
3.7233
3.4262
3.5897
3.9302
3.7400
3.8034
3.5795
3.9019
3.7563
3.4838
3.2303
3.5083
3.6051
3.4002
3.4362
3.3859
3.5548
3.4622
3.3830
3.4778
3.5334
3.4887
3.5175
3.7758
3.6816
3.4060
3.2283
3.3944
3.1652
3.3970
3.7022
3.3401
3.6637
3.5546
3.5056
3.6276
3.4912
3.2557
3.5446
3.7744
3.8919
3.8610
3.9522
3.5547
3.6679
3.6396
3.4165
3.6010
3.4760
3.6129
3.4877
3.4698
3.2048
3.6870
3.5301
3.5380
3.6800
3.7580
3.6352
3.5799
3.6302
3.7369
3.6403
3.6676
3.7202
3.7489
3.6722
3.5387
3.5392
3.4706
3.7047
3.7653
3.5665
3.7789
3.6380
3.8530
3.5430
3.8022
3.4921
3.5446
3.4361
3.5301
3.3607
3.1291
3.1241
3.4509
3.2337
3.5694
3.3769
3.5653
3.3796
3.6128
3.3293
3.5732
3.3622
3.5325
3.5976
3.3890
3.3266
3.7271
3.6861
3.4844
3.6607
3.6038
3.3864
3.3499
3.4282
3.7477
3.5775
3.7175
3.8561
3.8544
3.7856
3.6787
3.9085
4.2181
4.0574
3.7949
3.5933
3.5193
3.8430
3.6294
3.7486
3.5009
3.6880
3.6396
3.6683
3.5637
3.8309
3.9047
3.5314
3.6104
3.5862
3.5204
3.6357
3.5509
3.6490
3.5613
3.7496
3.4478
3.5977
3.6407
3.9886
3.7677
3.8631
4.1794
4.0092
3.9714
3.9639
3.8335
4.0472
4.0113
3.8146
3.8657
3.8562
3.9241
4.0698
3.8819
4.0043
3.8427
3.8541
3.8587
3.6966
3.6701
3.6826
3.4938
4.0760
3.7678
3.6656
3.7180
3.7067
3.7249
3.9262
3.8849
3.9454
4.1380
4.2298
3.9962
4.0010
4.1750
4.0572
4.0198
3.8173
3.6950
3.7823
3.4416
3.8108
3.9370
4.0592
4.1365
3.8860
3.6821
4.0783
3.7923
3.5945
3.4733
3.6028
3.8728
3.7975
4.0279
3.7559
4.1606
3.9649
4.0609
3.7634
4.0587
3.8741
3.6624
3.9373
3.8307
3.9245
4.1347
3.5010
3.7255
3.9037
3.6412
3.4779
3.6734
3.5427
3.5181
3.8150
3.8510
3.5828
3.7579
3.9440
3.8387
3.8429
3.7303
3.8211
3.9788
3.6561
3.5683
3.8291
3.7215
3.8251
4.0422
3.7074
3.9233
3.7800
3.7346
3.9767
3.7186
3.4445
3.8548
3.7983
3.9543
3.5845
3.6702
3.6921
3.6676
3.5154
3.3842
3.7335
3.6430
3.5063
3.7474
3.7508
3.9554
4.0553
3.9068
3.8645
3.9023
3.6827
3.9270
3.8875
4.0012
3.7361
4.0056
3.6288
3.7914
4.0081
3.9626
3.7058
3.8687
3.9624
4.0102
4.0170
3.6877
3.8306
3.7443
3.5584
3.7190
3.9281
3.8892
3.6516
3.6529
3.7161
3.3696
3.6273
3.9881
3.6924
3.8446
4.0804
4.0761
3.9764
3.8410
3.9806
3.8347
3.7672
3.5702
3.9955
3.8031
3.9758
3.6792
3.2161
3.4300
3.5783
3.7519
3.8153
3.7650
3.6220
3.4027
3.3708
3.6315
3.2519
3.5057
3.2336
3.3933
3.5492
3.6865
3.5247
3.4917
3.5941
3.8105
3.8823
3.6723
3.4448
3.8686
3.6216
3.3579
3.6568
3.5476
3.7467
3.6157
3.5385
3.5652
3.3784
3.3628
3.7995
3.6666
3.4647
3.6256
3.6268
3.5491
3.6918
3.7525
3.6579
3.6337
3.4495
3.5595
3.6022
3.4765
3.4238
3.6913
3.5751
3.5547
3.4618
3.5103
3.5385
3.5920
3.6416
3.5285
3.6265
3.9011
3.5708
3.5086
3.8744
3.7183
3.5330
3.3870
3.6518
3.6172
3.7612
3.8205
3.7366
3.8665
3.7511
3.7217
3.7721
3.6182
3.6233
3.7871
3.6879
3.5625
3.4756
3.6848
3.6940
3.5554
3.7215
3.8690
3.4517
3.6524
3.7589
3.5553
3.6436
3.7086
3.4736
3.6325
3.4285
3.6741
3.4468
3.8511
3.5268
3.4493
3.5040
3.2787
3.4922
3.4745
3.5848
3.5304
3.5973
3.6104
3.7959
3.7247
3.5606
3.6432
3.4509
3.6340
3.6138
3.5223
3.7631
3.4702
3.7584
3.4819
3.2814
3.7369
3.5042
3.5145
3.4259
3.8161
3.6865
3.5460
3.8738
3.7769
3.6894
3.5611
3.8582
3.6380
3.5875
3.6528
3.5646
3.6231
3.8759
3.7775
3.8174
3.9764
3.7506
3.6141
3.6050
3.4132
3.7812
3.7306
3.9445
3.6156
3.6167
3.6216
3.7479
3.9470
3.8419
3.7909
3.6038
3.3944
3.4351
3.3605
3.6168
3.4796
3.4719
3.7400
3.7781
3.8145
3.9504
3.8492
3.6297
3.6618
3.5867
3.5775
3.9251
3.9699
3.9133
4.0349
3.9194
3.6758
4.1103
3.6422
3.6450
4.0520
3.8787
3.8691
3.9981
3.6856
3.7647
3.7827
3.8399
3.7921
3.7465
3.8778
3.6491
3.6661
3.6165
3.7899
3.5423
3.6506
3.7208
3.7165
3.6751
3.8735
3.7941
3.4993
3.9933
3.7331
3.7296
3.7873
3.8695
3.5729
3.8884
3.6846
3.5717
3.7229
3.8048
3.8758
4.0674
3.9028
3.6541
3.7023
3.8550
3.7734
3.7865
3.9910
3.9958
3.8358
3.5925
3.9004
3.8548
3.6169
3.6701
4.0940
3.9851
3.9723
3.8407
3.7783
4.0888
3.9272
3.8723
3.8895
3.8428
3.8857
3.9750
3.8492
3.8638
3.6232
3.6489
4.0021
3.7558
3.8016
3.7286
3.8561
4.0561
4.1419
4.2373
3.7857
4.0641
3.7638
3.8186
4.0542
4.2480
3.9015
4.1389
4.3198
3.7773
3.8526
3.6073
3.7580
3.6520
3.9034
4.0130
4.0162
4.0374
3.8769
4.0090
4.0499
3.9182
4.1651
4.1096
3.6011
3.9690
4.0778
3.9968
4.1120
4.3137
4.2764
4.1871
4.0708
4.1274
4.0445
4.0606
4.1482
4.1114
3.7624
3.9966
4.0856
4.3482
4.2564
4.1853
4.0413
3.8736
4.1794
3.9181
4.3356
4.0880
4.1535
4.4423
3.9067
3.8459
4.0476
4.0549
4.1611
4.1535
4.5139
4.3335
4.3089
4.3980
4.2436
4.1334
3.8611
3.9638
3.9094
3.7242
3.8788
3.7184
4.1493
4.0757
4.0350
4.1128
4.0846
4.0864
4.3068
4.2300
4.2186
4.1201
4.2145
4.5878
4.6217
4.8193
3.9524
4.4643
4.4424
4.2011
4.2987
4.1088
4.2691
4.3641
4.0156
4.1911
4.1860
4.1705
4.1499
3.9806
4.1020
4.1246
4.2477
4.1644
4.2482
4.1019
4.2385
4.1012
3.9537
3.9840
3.8042
4.0288
4.0600
4.0418
4.1480
4.1888
4.2759
4.2539
4.1155
3.8975
4.0224
4.0192
4.2805
3.9301
4.2467
4.1511
4.0934
4.0074
3.9187
3.7031
3.7529
3.9933
3.8362
4.1075
4.1033
4.2090
4.1018
4.1418
4.1422
4.5078
4.3246
4.2770
4.0556
3.9866
4.3334
4.0895
4.0347
4.2660
4.1354
4.1798
4.0800
4.1529
4.0256
4.1641
4.1691
4.3028
4.0885
4.1641
4.0422
3.9702
3.9678
3.8067
4.1018
4.3147
4.1372
4.0793
3.7633
4.1220
3.7842
3.9694
4.0222
3.9300
3.7529
3.7030
3.9785
3.7686
3.8255
3.9413
4.0127
4.6126
3.8831
4.0067
4.1055
4.1050
3.7969
3.8998
4.0181
4.1865
4.0753
4.3245
4.0996
4.1956
4.1602
4.0487
4.1364
4.1137
4.0422
3.7380
4.0024
4.0756
4.1604
4.5644
4.2448
3.9157
4.3617
4.0933
4.2606
4.3769
4.2670
3.9653
3.8884
3.8325
3.8272
3.5299
3.8495
3.8131
4.0433
3.7152
3.7943
3.9355
3.8635
3.7807
3.7704
3.8387
3.9637
3.9733
3.8363
3.4729
3.8377
3.9519
3.8055
3.6600
4.0933
4.2201
3.9729
3.7615
3.6942
3.6720
3.7366
4.2417
3.8029
4.3004
4.1473
3.9730
3.8170
4.1901
4.1923
3.9187
3.6776
3.9933
3.9688
3.7015
3.7708
3.7515
3.7868
3.7054
3.6242
3.8538
3.9388
3.6459
4.0966
3.5448
3.7223
3.7233
3.7322
3.7331
3.9271
4.0152
3.8939
3.7169
3.8638
3.4920
3.7894
3.6246
3.4833
3.6651
3.8183
4.0377
3.9091
3.7917
3.7322
3.5605
3.6622
3.7456
3.6807
3.7968
3.9605
4.0872
3.9786
3.8108
3.7925
3.8152
3.8330
4.0248
3.9846
3.6061
3.5108
3.7887
3.6846
3.7032
3.8997
3.7994
3.7580
3.9595
3.9038
3.7419
3.8851
3.7364
3.8756
3.9183
4.0770
3.9291
4.1880
4.1966
4.0295
4.0009
3.7776
3.7788
3.7093
3.6496
4.2039
3.9678
3.9609
3.9468
4.0405
3.9983
3.7667
3.8936
3.8768
3.8492
3.8380
3.8093
3.8699
3.6499
3.6413
4.0499
3.9723
4.0701
4.0480
3.6741
3.7130
3.7166
3.6126
3.9268
3.7299
3.6782
3.6579
3.8669
3.9579
3.9521
3.9132
4.2727
3.8510
3.8290
4.0083
3.9851
4.2724
4.0646
3.7656
3.9648
3.9828
4.0928
3.5727
3.6820
3.8730
3.9465
3.8443
3.9597
3.8033
3.5404
3.6634
3.9032
4.0133
4.0882
3.9427
4.1641
3.8353
4.0185
4.1563
3.8756
4.0486
3.7416
3.7084
3.9559
3.6991
3.9182
4.2873
4.0829
3.6508
3.8896
3.9850
4.0871
3.9129
3.8680
4.1085
4.2794
4.0193
3.9515
3.7358
4.0242
3.8699
3.8447
3.5503
4.0278
3.7734
4.1360
3.8147
3.8842
3.7353
3.8490
4.2172
3.8336
3.7767
3.8619
4.0811
3.8270
3.9967
3.9264
4.1603
4.0627
3.9223
3.9128
4.0714
3.8279
3.8661
3.9785
3.8615
3.9343
3.7525
4.0496
3.7555
3.7545
3.7535
3.7175
4.0237
3.6678
3.4297
3.8156
3.8942
3.7195
3.9186
3.5766
3.5078
3.5502
3.6448
3.8211
3.4891
3.4622
3.5413
3.6850
3.8293
3.5782
3.6580
3.8717
3.6674
3.5215
3.7678
3.7170
3.5807
3.6283
3.4914
3.5453
3.6626
3.7111
3.6760
3.6337
3.6573
3.7324
3.8425
3.6854
3.9048
3.6363
3.8372
3.9776
3.8649
4.0497
3.9647
3.8029
3.5587
3.5816
3.7543
3.7061
3.6717
3.8350
3.9505
3.5789
3.6718
3.5495
3.5985
3.6925
3.6660
3.4145
3.4928
3.8524
3.6855
3.5495
3.7376
3.4822
3.2756
3.3170
3.3267
3.3590
3.5453
3.5074
3.7302
3.6449
3.7191
3.6730
3.7295
3.8715
3.6946
3.6298
3.8289
3.6701
3.7479
3.5905
3.4698
3.6717
3.7810
3.7998
3.5060
3.7856
3.8574
3.5907
3.6690
3.6239
3.7837
3.8587
3.6616
3.6105
3.8725
3.7645
3.9436
3.6897
3.8544
4.2006
3.9416
3.9103
3.9217
3.8653
3.9853
3.9385
3.8780
3.8122
3.8512
4.0050
3.9540
3.7677
3.8445
3.8870
3.9341
3.9399
3.9251
3.7960
4.1544
3.8856
3.9587
3.9600
4.0862
4.0872
3.9976
3.9298
4.0938
4.0194
4.2565
4.2994
4.1089
4.2072
4.3433
3.9783
3.9594
3.9388
3.7234
4.0745
4.2495
4.0637
3.9177
4.0237
4.2613
3.8960
3.9637
3.7596
4.0384
3.8396
4.0089
4.0210
4.1807
4.1849
4.0466
4.1180
3.9329
3.9360
3.9266
3.8946
4.1430
4.0968
4.1212
3.9962
4.0645
3.9707
4.0591
4.2390
3.8850
3.7052
3.9979
3.6162
4.0683
4.2256
4.0223
4.1978
4.1973
4.1006
4.0620
4.1917
4.4168
4.3468
4.1126
3.9844
4.1792
4.2311
4.2810
4.3817
4.0951
4.0742
4.3179
4.1664
4.3604
4.3263
4.1950
4.2957
4.0414
4.2708
4.2418
4.2304
4.1159
4.4473
4.1070
4.2692
4.2550
4.4264
4.1770
4.4026
4.5416
4.1399
4.4602
4.0487
3.9704
4.1388
3.9386
4.1322
4.0733
3.9845
3.9388
3.7549
3.8330
3.9631
4.0247
3.9289
3.7482
3.8076
3.8094
4.0234
4.0638
3.8507
3.7275
3.8087
3.7768
3.8620
4.0512
4.0701
4.2493
4.0460
4.2359
4.4600
4.1489
3.8746
4.0352
3.6634
3.7814
4.0255
4.1749
3.9507
3.7452
4.0370
3.8539
3.8062
3.6980
3.8820
3.9514
4.0716
4.0035
3.8178
3.2316
3.6687
3.7663
3.4728
3.9411
3.9374
3.8640
3.8869
3.9662
3.9400
3.8657
4.0754
3.8195
3.6905
3.5222
3.7307
3.7284
3.8403
3.7748
3.8616
3.5933
3.7050
3.8575
3.6084
3.5259
3.7189
3.8962
3.9803
3.7812
4.1074
4.0024
3.6319
3.7723
3.8592
4.1038
3.9948
3.6808
3.7949
4.0166
3.8465
3.9140
3.8372
4.0708
3.9598
3.8420
3.7052
3.6511
3.8274
4.0733
3.7613
3.8133
3.7092
3.8054
4.0052
4.2533
4.0240
4.0842
3.7397
3.8973
3.7509
4.1317
3.7498
4.0055
3.7571
3.7810
3.6837
3.8045
3.9036
3.8095
3.8347
3.9515
3.8108
3.5707
3.3783
3.7296
3.7864
4.0254
3.9909
3.7941
3.6296
3.9923
3.8276
3.7347
3.8878
3.6713
3.4441
3.5760
3.5884
3.5704
3.6831
3.8176
3.5469
3.8256
3.4116
3.6683
3.8425
3.8749
3.6965
3.5860
3.5959
3.5902
3.6170
3.7541
3.6415
3.7669
3.7684
3.6964
3.7238
3.7613
3.4174
3.8386
3.6725
3.6316
3.7631
3.5553
3.7093
3.5644
3.5736
3.7266
3.8201
3.7067
3.7555
3.7745
3.8036
3.6210
3.5123
3.4472
3.5784
3.4288
3.4539
3.4706
3.3395
3.5258
3.4674
3.6073
3.3419
3.5560
3.4439
3.4879
3.5464
3.5072
3.2241
3.2877
3.3470
3.5974
3.5428
3.5948
3.3003
3.4076
3.4060
3.3825
3.2931
3.4250
3.4737
3.6260
3.7117
3.5300
3.6766
3.7824
3.8224
3.6605
3.6209
3.5145
3.6087
3.7817
3.7492
3.5484
3.5312
3.6365
3.6325
3.6616
3.7532
3.8353
3.8559
4.1799
3.8032
3.7024
3.6271
3.7695
3.8544
3.9782
3.6721
3.9962
3.8413
3.9673
4.1707
4.0013
3.8242
3.7725
3.7784
3.6732
3.8293
3.5258
3.7235
3.5853
3.6999
3.6661
3.7686
3.6720
3.7611
3.6434
3.5795
3.7185
3.7597
3.6306
3.7569
3.7887
3.7257
3.7835
3.6911
3.8353
3.7328
3.9579
3.9603
3.9171
3.7656
3.8783
3.9937
4.0698
3.8720
3.8157
3.6288
3.7448
4.1342
4.0501
3.6795
3.7311
3.9670
3.6963
3.5826
3.7966
3.6190
3.8638
3.8650
3.8672
3.8543
3.9304
3.7279
4.0006
3.8612
4.1322
3.9150
4.0582
4.3107
3.9867
3.7892
3.8057
3.6323
3.8904
3.8483
3.6918
3.7714
3.9463
3.6710
4.1050
4.0276
3.8448
4.0169
3.8716
3.8636
3.8638
3.7303
3.6883
3.8513
3.6072
3.7871
3.8612
3.6843
3.7898
3.8998
3.6806
3.7704
3.5509
3.4696
3.8649
3.7788
3.8090
3.6887
4.0596
3.7261
3.9493
3.6286
3.6652
3.6417
3.6682
3.7175
3.6323
3.5686
3.7184
3.8219
3.5608
3.7293
3.7134
3.8258
3.6956
3.7304
3.7463
3.7140
3.8578
3.4766
3.7422
3.7486
3.4048
3.5101
3.6444
3.7978
3.9074
3.5618
3.8348
3.8770
4.0088
3.8519
3.6201
3.7081
3.7791
3.8980
3.9474
3.6725
3.8606
3.7773
3.9957
3.7922
3.5593
3.7589
3.4158
3.6112
3.8809
3.7162
3.7090
3.9855
3.9944
3.9480
3.6268
3.7926
3.9704
3.7725
3.5739
3.7501
3.6324
3.6388
3.5895
3.3045
3.6549
3.7459
3.7505
3.5892
3.7964
3.9844
3.9400
3.9112
3.6832
3.6919
3.6627
3.5821
3.7180
3.6365
3.6179
3.8945
3.5234
3.7944
3.7352
3.5128
3.6851
3.6636
3.8235
3.6238
3.4728
3.5602
4.0289
3.7490
3.9622
3.6654
4.0804
3.6036
3.9230
3.7994
3.6583
3.8337
3.8788
3.6274
3.5836
3.7171
3.6155
3.8630
3.3906
3.6175
3.4856
3.8044
3.9192
3.7476
3.8943
3.8868
3.7377
3.7273
3.6409
3.5773
3.5940
3.9222
3.5350
3.7329
3.5342
3.6224
3.8648
3.8205
3.6530
3.6355
3.5262
3.7776
3.6766
3.6736
3.6174
3.6558
3.8903
3.8390
3.9606
3.9314
4.3402
4.0301
3.7029
3.7059
3.7753
3.6205
3.5981
3.5025
3.4969
3.3547
3.6388
3.5594
3.9066
3.7189
3.6979
3.6540
3.6067
3.6326
3.4240
3.5822
3.6439
3.7436
3.9492
3.6505
3.9906
3.8806
3.8552
3.9171
3.7806
4.2458
4.1046
3.9380
3.9220
4.0049
3.6814
4.0698
3.7650
3.6455
3.7760
3.6649
4.0114
3.7381
3.7556
3.6837
3.8801
3.9550
4.2403
4.0364
3.9050
4.2534
4.0715
4.1605
3.7805
4.2195
4.0784
3.9303
3.6974
3.5981
3.9292
3.9940
4.0403
3.9242
3.8562
3.9840
3.7937
3.9214
3.7463
3.9312
3.6350
3.8446
3.8345
4.0935
3.9661
3.9859
4.0841
3.8615
3.7181
3.8312
4.0938
3.9508
3.7590
4.0161
4.1386
4.1478
4.0155
3.9779
3.7222
4.0359
3.8299
3.7264
3.6319
4.0745
3.8064
3.8396
3.5641
3.9318
3.8531
3.5983
3.5711
3.5536
3.8908
3.6035
3.9635
3.8345
4.1176
4.1383
3.7180
3.6750
3.8174
3.5368
3.7468
3.7098
3.8969
3.7127
3.6895
3.5118
3.4464
3.6856
3.5745
3.6275
3.8016
3.5542
3.7665
3.7579
3.5488
3.8509
3.6357
3.7651
3.6996
3.7509
3.7814
3.6850
3.8577
3.6961
3.7565
3.6001
3.6097
3.8513
3.5924
3.5908
3.7487
3.7574
3.6362
3.5122
3.5965
3.7864
3.5378
3.7243
3.7413
3.8436
3.7416
4.0164
3.8949
4.1694
3.6548
3.9790
3.6758
3.9791
3.9601
3.9117
3.8505
3.8010
4.0967
3.7907
3.7677
3.7626
3.8413
3.8145
3.5799
3.8688
3.5779
3.8200
3.7417
3.7668
3.6351
3.8063
3.6522
3.8168
3.9457
3.5953
3.7662
3.9517
3.7984
3.8877
3.7509
4.0798
3.7811
3.9562
3.8501
3.9268
3.6935
3.7440
3.9559
3.7401
3.6721
3.7463
3.5217
3.5360
3.7628
3.5592
3.6342
3.9236
3.7461
3.6905
3.5720
3.8840
3.8154
3.5724
3.7473
3.8187
3.6717
3.4519
3.7502
3.8304
3.7802
3.5645
3.7608
3.7135
3.6158
3.7848
3.7117
3.7615
3.7379
3.9396
4.0728
3.8142
3.8867
3.8764
3.9412
3.8618
3.8835
3.8811
3.8920
3.8455
3.7103
3.8567
3.9658
4.1179
3.7472
4.1807
3.9763
4.1368
3.9433
3.8276
3.9347
3.7498
3.8344
3.8392
3.9677
3.6045
3.7391
3.9192
3.6141
3.9075
4.0317
3.7997
4.0613
4.1697
4.1151
3.8487
3.8882
4.0371
4.1093
4.2321
3.7517
3.8532
4.1244
3.9496
4.0105
3.6444
3.8269
3.9623
3.9898
3.6372
3.8563
3.6737
3.6470
4.0461
3.9673
4.0132
3.8283
3.6033
3.9283
3.8247
3.6557
4.0428
3.8061
3.6370
4.0309
3.7575
3.7766
3.5819
3.8967
4.1420
3.9699
3.8889
4.0026
3.9980
3.7848
4.0904
3.8110
3.7394
3.9418
4.1842
3.6917
4.1766
3.6828
4.0464
4.1387
4.1438
3.6084
3.9724
4.0810
4.0004
4.1285
3.8764
4.1511
4.1400
4.1925
4.2517
4.0082
3.9849
3.8355
4.1754
3.8654
3.9617
4.0430
4.0227
3.9907
3.9636
3.9411
3.9845
3.8216
3.7566
3.8828
3.8767
3.7490
3.8435
3.6434
3.5207
3.9427
3.7140
3.4633
3.6507
4.0581
3.9396
3.6605
3.4667
3.7267
3.5761
3.6993
3.7117
3.4927
3.5195
3.6876
3.5640
3.5462
3.1655
3.3426
3.3547
3.6115
3.3452
3.6744
3.6424
3.5374
3.4922
3.6608
3.5905
3.3027
3.5649
3.7840
3.7744
3.4651
3.7473
3.6565
3.6982
3.4657
3.7706
3.7394
3.9048
3.7343
3.4524
3.8737
4.0496
3.6439
3.7449
3.8339
3.6037
3.7933
3.5586
3.9113
3.8523
3.5640
3.8565
3.8159
3.7372
3.9250
3.8390
3.9265
3.7423
3.7487
3.5204
3.6545
3.5641
3.6546
3.8438
3.6607
3.5131
3.7046
3.5809
3.3855
3.7870
3.5221
3.6045
3.6705
3.5903
3.8161
4.1625
4.1885
3.7269
3.8169
3.6397
3.9045
3.6854
3.9855
3.9657
3.8971
3.7536
3.7742
3.6757
3.8344
3.8246
3.9260
3.5594
3.8887
3.6921
3.6483
3.8656
3.9489
3.9875
4.0206
3.6423
4.0003
3.8223
3.7562
3.8913
3.7976
3.9133
3.6767
4.0355
3.8990
3.8468
3.7836
3.8705
3.5908
3.7524
3.9613
3.8186
3.8548
4.0059
3.9249
4.0666
3.7625
3.6604
3.9499
4.2546
3.9733
4.1777
4.0556
3.9699
4.3450
4.1587
4.4554
4.2441
4.0709
4.2670
3.9799
3.9204
4.1109
4.2089
3.9347
3.7332
3.8311
3.8282
3.8903
4.1429
4.0909
3.7193
3.7246
3.6696
3.9493
3.7476
3.5515
3.2789
3.6535
3.3811
3.6045
3.5825
3.2867
3.6008
3.5696
3.7023
3.6635
3.6969
3.8317
3.4059
3.3741
3.5371
3.8961
3.5966
3.6327
3.3906
3.6604
3.3464
3.6880
3.2942
3.6272
3.7601
3.7618
3.9402
3.7255
3.7709
3.8139
3.6110
3.9274
3.8426
3.9719
3.8278
3.8230
4.2083
3.9054
3.9785
3.9097
3.9295
3.6995
3.7176
3.6811
3.7172
3.7176
3.6866
4.1200
3.7788
3.6182
3.7419
3.7139
3.8455
3.5634
3.8382
3.7524
3.7928
3.5234
3.7786
3.4603
3.9468
3.8284
3.8336
3.8109
3.8251
3.7353
3.6194
3.8657
3.9392
3.6458
3.5475
3.9696
3.6300
3.7054
3.5034
3.7567
3.7886
3.7350
3.6427
3.3298
3.1633
3.4011
3.1923
3.8873
4.1364
4.0220
3.7834
3.9136
3.8680
3.5535
3.6098
3.7986
3.9897
3.6639
3.7157
3.6654
3.9084
3.7587
3.4103
3.6000
3.3630
3.2417
3.4223
3.6160
3.6014
3.3203
3.3310
3.1233
3.3843
3.5302
3.7708
3.6035
4.1610
4.0175
3.5064
3.4630
3.4296
3.5496
3.3512
3.4436
3.6093
3.3720
3.2418
3.3482
3.5539
3.3520
3.2982
3.6522
3.5047
3.3556
3.4031
3.2823
3.2721
3.0798
3.4171
2.9045
2.9089
3.0182
3.0503
3.0910
3.0149
2.9197
2.9717
3.0710
3.2415
3.5040
3.6332
3.1060
2.9535
3.0725
3.2027
3.2056
3.4292
3.6700
3.3385
3.3447
3.4199
3.3304
3.0498
3.2222
3.2536
3.2840
3.7718
3.7665
3.6032
3.4901
3.2001
3.3913
3.2525
3.2260
3.2700
3.6909
3.1501
3.3176
3.4279
3.6299
3.5252
3.3266
3.5335
3.4884
3.4518
3.2118
3.4785
3.5583
3.2657
3.1164
3.2233
3.6484
3.3333
3.3559
3.3159
3.3710
3.6503
3.4598
3.6876
3.7208
3.7063
3.6111
3.4398
3.6411
3.6293
3.5974
3.6948
3.6234
3.8471
3.5111
3.6607
3.8446
3.6009
3.8484
3.9809
3.8759
3.6136
3.6054
3.7987
3.7444
3.6799
3.6077
3.7308
3.5531
3.9741
3.5993
3.4786
3.7520
3.7738
3.8139
3.9171
3.9865
3.7605
3.9101
3.6725
3.8759
3.6452
3.8909
3.5929
3.9530
3.9941
4.0159
4.2349
3.6084
3.6645
3.7745
3.6256
3.6415
3.4338
3.7036
3.8161
3.9261
3.8724
3.7517
3.3265
3.9514
3.7194
3.9840
3.8459
4.2020
4.1495
4.0892
3.8492
3.9832
3.7409
4.0277
4.0870
3.7868
3.7634
3.5270
3.9713
3.7148
3.9505
4.2113
4.2300
3.6652
3.6114
3.5083
3.6163
3.5497
3.2709
3.3085
3.3911
3.7417
3.8407
3.8153
3.7268
3.8153
3.8602
4.0840
4.4197
4.3080
3.5048
3.9269
3.9601
3.5896
3.7858
3.7059
4.2045
4.0407
3.6785
3.9629
4.1895
3.5797
3.7498
3.9723
4.1217
3.7701
3.7710
4.1168
4.0964
3.6200
3.7782
3.6026
3.5703
3.6491
3.9300
3.9489
3.9315
3.7683
3.8231
4.0033
3.7641
3.3353
3.4695
3.6868
3.6217
3.6649
3.8854
3.7150
3.8929
3.9198
3.9322
3.9212
3.8484
4.0579
4.0234
3.7577
3.8860
4.0132
4.0520
3.8633
4.1004
3.9475
4.1466
4.0148
4.1201
3.9723
3.7809
3.7408
4.1805
3.9828
3.8140
3.9239
4.1956
3.9684
3.8127
4.0063
3.4165
4.0893
4.0788
4.0085
3.9063
3.9855
3.9665
3.9737
3.9075
3.9647
3.7374
3.9003
3.8987
3.9190
3.8011
3.8447
4.0261
3.8150
4.0573
4.0097
4.0844
4.0661
4.0548
3.5923
3.9023
4.0172
3.9173
4.1806
3.9976
3.8453
4.1298
4.0911
4.0974
4.0512
4.0664
4.0842
3.9353
3.9068
4.1369
3.9907
3.9019
4.0574
3.7721
4.0492
3.8854
3.9777
4.1331
4.3778
4.2148
4.3059
4.1962
4.2675
4.1774
4.1674
3.9862
3.7068
4.0595
3.9220
3.8204
4.2314
4.2906
4.2266
4.1661
4.1058
4.0051
4.0406
4.2742
3.8700
3.9013
4.0592
4.1243
3.8504
3.7241
3.8706
3.8649
3.6769
3.9746
4.0413
3.8217
3.6533
3.7208
4.0667
4.1652
4.2373
4.2637
4.3060
4.3286
4.1298
4.1236
4.0358
4.1645
4.0876
3.9517
4.0294
4.2692
3.9139
4.1271
4.1957
4.4226
4.0470
4.1045
4.1053
3.9219
4.2464
4.5312
4.5150
4.6391
4.3646
4.4876
4.4916
4.4017
4.3303
4.5834
4.3454
4.5909
4.4883
4.6152
4.5272
4.8858
4.5251
4.3468
4.3827
4.6700
4.2166
4.4555
4.3018
4.4514
4.4459
4.2562
4.5014
4.5205
4.2751
4.4588
4.2135
4.3321
4.4013
4.8495
4.4065
3.8859
4.3043
4.0261
3.7273
4.1449
3.8795
4.4585
3.9484
3.9866
3.7217
3.9264
3.8970
3.7629
3.9134
3.6796
3.6602
3.3254
3.7084
3.5980
3.9977
3.6611
3.6778
3.5104
3.7315
3.5650
3.7884
3.9564
3.9213
3.6798
3.5239
3.7349
3.6631
3.6127
3.6395
3.6254
4.1777
4.2418
4.0301
4.3181
4.2095
3.9726
3.9699
4.2381
3.9500
4.3072
4.2966
4.2635
3.9205
4.0468
4.1022
3.6725
3.7559
4.0022
3.9342
3.7811
3.7813
3.7789
3.9069
3.8311
3.7443
3.8336
4.0549
3.8580
3.7654
3.9750
4.1614
3.9299
3.9507
3.6403
3.8451
4.0255
3.8964
4.2998
3.9398
3.9233
3.7874
4.0798
3.7058
3.8528
3.8877
4.3850
4.0030
4.2247
4.1051
4.1680
4.3189
4.1754
4.1724
4.1053
4.3480
4.1919
4.1727
4.2583
4.2504
4.1276
4.0253
4.2393
3.9111
3.9461
4.0831
4.1314
4.3145
4.1865
3.8902
4.2594
4.2722
4.0255
4.0617
4.0393
4.1796
4.1207
3.9370
4.2887
4.2915
3.9767
3.9724
3.9729
4.1382
4.1841
3.9453
4.1172
4.0436
4.1448
4.0138
3.8115
4.0052
4.1370
3.7221
4.1894
3.8394
4.0165
3.8512
4.1101
4.1563
4.2224
4.0097
4.0499
4.1756
4.5992
3.9288
4.0298
4.0495
3.8165
4.0893
4.1528
4.1135
4.0404
3.7525
3.9378
3.9819
3.9964
3.6606
3.6844
3.8076
4.0064
4.1547
3.8411
3.9327
3.6282
3.8098
3.8945
3.6371
3.5337
3.7306
3.6606
3.6740
4.0098
3.9065
4.2300
3.9409
3.7141
4.0753
3.8538
4.0414
4.2457
4.0283
3.6463
4.0630
3.8889
4.0211
4.1668
4.2119
4.1008
4.1024
4.3336
4.0716
4.1728
4.1136
4.2256
3.9201
4.0596
4.2941
4.3069
3.9907
4.0141
4.1530
4.1213
4.1040
4.2026
4.1079
4.0375
3.8707
4.3035
3.6998
4.2771
4.2782
4.4137
4.0423
4.3008
4.2609
3.8647
4.2021
3.9714
4.1982
4.0545
4.1357
4.1572
4.2991
4.1095
4.4800
4.3014
4.2264
3.8971
4.0347
3.8573
4.2812
3.7912
3.9503
4.0516
4.1247
3.9699
4.1981
4.0101
4.1735
4.2595
3.9864
4.0561
4.0630
4.1215
4.0259
3.9724
3.8433
4.1231
3.8446
4.1650
4.1744
4.1055
4.2673
4.0357
4.2009
4.0507
3.8225
3.9717
4.0567
3.9836
4.1163
3.9786
4.2045
4.1558
4.0560
4.0488
3.9237
3.9512
4.0632
4.1125
4.0226
4.2008
4.0485
3.9589
4.1177
3.7945
3.9265
3.9704
4.1658
3.9965
4.2488
4.1004
3.7996
4.0104
4.0434
4.3028
3.9226
4.1061
4.0478
4.1520
3.8098
4.0204
3.7826
3.9744
4.0310
3.9308
4.1959
4.3173
4.4006
4.0340
4.1694
3.9966
3.7244
3.7564
3.9107
4.1050
4.0375
3.8996
3.9229
4.2317
4.0725
4.0583
4.5303
3.9458
4.1339
4.4003
4.4352
4.4728
4.4425
4.1410
3.7880
4.3624
4.2266
4.2085
4.0498
4.4304
4.0887
4.5159
4.3137
4.3667
4.2909
4.2289
4.0663
4.1022
4.2373
4.2687
4.2177
4.1655
3.9456
4.0074
3.9961
4.1132
4.1280
4.0306
4.1623
3.9188
3.9818
4.3023
3.8145
4.1891
4.0079
4.1304
4.3998
4.1715
4.5290
4.0168
3.8733
4.2228
4.2682
4.4273
4.2357
4.3445
4.2940
4.3526
4.4437
4.4220
4.1995
4.0988
4.1626
4.3450
4.4288
4.1110
4.3662
4.3556
4.7099
4.4300
4.5208
4.4403
4.5981
4.2785
4.2952
4.0314
4.3602
4.3179
4.3894
4.4193
4.2230
4.1883
4.1950
4.1585
4.2917
4.2030
4.1318
4.0201
4.1847
3.8764
4.0460
3.9034
3.8046
4.0860
4.4379
4.1486
4.2813
4.3757
4.4632
4.3736
4.4527
4.2438
4.3041
4.2156
4.3467
4.3781
4.6846
4.1603
4.5168
4.2222
4.0769
4.2026
4.2682
4.1772
4.2494
3.9442
3.7874
4.0999
4.0710
3.9273
4.3851
3.9525
4.1765
4.1412
3.6917
4.1917
4.1264
3.9989
3.8880
3.9175
4.1806
4.1884
4.0952
4.2025
4.0893
4.2229
4.3372
4.3456
4.3113
4.2270
4.3868
4.5623
4.1610
4.2834
4.0778
4.4943
4.1987
4.3897
4.0306
3.9382
4.0010
3.9686
3.9954
4.1460
4.1795
4.0787
4.1306
4.1872
4.1087
4.3605
4.3923
4.2591
4.2190
4.0594
4.3877
4.2113
4.1133
4.2571
4.0396
4.6091
4.4822
4.1711
4.0782
4.0754
4.1933
4.2010
4.2626
4.3703
4.1199
4.1896
4.2215
4.0279
4.1331
4.1851
4.1075
4.2036
4.5630
4.3620
4.0930
4.2548
3.9560
4.0370
4.0793
4.0427
3.9724
4.2139
4.2616
4.3522
4.1850
4.1387
4.2848
4.2604
4.1403
4.4527
3.9988
4.1060
4.2337
4.3592
3.7782
3.9913
4.3405
4.2168
4.2891
4.1270
3.7924
4.0569
4.2393
4.4029
4.2501
4.3301
4.1583
4.1550
4.0143
4.0578
4.3979
3.9269
4.0334
4.0045
4.3983
4.4274
4.4001
4.1097
4.1721
4.0840
4.4422
4.2648
4.3013
4.3400
4.6168
4.6895
4.0912
4.3022
3.9432
4.1293
4.1551
4.1806
4.3307
4.1252
3.7347
3.9543
4.0390
3.9195
4.1035
4.0834
4.2645
4.0753
4.3381
4.1796
4.2000
4.2046
4.1025
3.9648
4.1754
3.8160
4.0029
3.7696
4.1173
4.0967
4.0163
4.0229
3.8799
3.7532
4.0204
4.0312
3.6865
3.6986
4.0512
4.4847
4.2732
4.2163
4.4322
4.1569
4.0925
4.2202
4.0522
4.0338
3.9674
4.1331
4.1919
4.1034
4.0318
4.0576
4.1388
4.3974
4.3769
4.4450
4.3640
4.4412
4.0083
4.0628
4.0746
4.1482
3.9360
3.9104
3.9479
4.0408
4.3005
4.1839
4.1417
4.2296
4.2554
4.1198
4.1418
4.2458
4.3195
4.2981
4.4392
4.1966
4.3650
4.0603
4.2785
4.1927
4.4649
4.3621
4.2010
4.3055
4.1698
4.4780
4.3797
4.2041
4.0326
4.0099
4.1370
4.3741
3.9842
4.3022
3.9141
3.9052
4.1218
4.0422
3.7483
4.1011
4.2647
4.0004
3.9594
4.0823
4.1722
3.9254
3.9746
3.9836
4.1049
3.8411
4.0934
3.8890
4.1002
3.9741
3.8918
4.0958
4.1936
4.1436
3.8819
3.8878
3.7415
4.1076
3.6325
3.9089
3.6858
3.6734
3.9231
4.0418
4.0310
3.4304
3.8101
3.8370
3.7346
3.8123
3.7950
4.3644
4.1095
4.0033
4.1081
4.3111
4.0237
3.8619
4.0121
4.1600
3.8988
3.9527
3.9602
3.7478
4.0505
3.9580
4.0801
4.3155
4.2577
4.3330
4.1637
4.1041
4.1289
4.1599
4.3791
4.2398
4.0586
4.2539
4.3176
4.1784
4.2255
4.3858
4.2981
4.1853
4.2039
4.2600
4.4322
4.2264
4.2667
4.1786
3.9471
4.2306
4.4050
4.4318
4.3906
4.2845
4.4164
4.7203
4.4384
4.5073
4.0274
4.2553
4.4950
4.2069
4.1586
4.1060
4.2754
4.0660
4.3472
4.1658
4.1694
4.2234
4.2740
4.3785
3.9668
4.4740
4.3804
4.0828
4.3149
4.2467
4.5431
4.2101
4.1478
4.2563
4.2626
4.2809
4.4384
4.2962
4.3508
4.4845
4.0293
4.0696
4.3403
4.1142
4.0435
4.2406
4.1587
4.0278
4.2166
4.1005
4.1385
4.1382
4.1761
4.3661
4.1724
4.2828
4.1241
4.2854
4.3521
4.1541
4.2367
4.4400
4.3043
4.1768
4.4834
4.2255
4.6534
4.4373
4.3043
4.2373
4.1732
4.1399
4.1956
4.1251
4.4524
4.3111
4.3640
4.2511
4.4311
4.4774
4.3702
4.2846
4.3311
4.4962
4.1775
3.9643
4.2204
4.3141
4.3117
4.2282
3.7193
4.2717
4.2661
4.2333
4.3645
4.5048
4.4080
4.3994
4.3529
4.5030
4.5930
4.4561
4.8138
4.4887
4.5325
4.6091
4.5280
4.4496
4.2995
4.0814
4.2945
4.4590
4.4319
4.5106
4.1248
4.0926
4.4583
4.3511
4.6724
4.2129
4.3913
4.6050
4.3997
4.2819
4.2636
4.3832
4.2345
4.4969
4.2468
4.4380
4.4036
4.5388
4.5208
4.4113
4.4927
4.3222
4.4395
4.2966
4.7397
4.4465
4.2374
4.2568
4.4558
4.3210
4.2393
4.3166
4.2576
4.4408
4.2257
4.5250
4.4283
4.4934
4.3484
4.5009
4.6274
4.3761
4.5463
4.3856
4.2502
4.6370
4.4815
4.1622
4.0668
4.3003
4.1723
4.2245
4.4721
4.0452
4.3801
4.1799
4.3772
4.3511
4.1058
4.5928
4.3133
4.3647
4.3646
4.5733
4.4710
4.1763
4.1328
4.0748
4.3723
4.7392
4.5255
4.4971
4.7016
4.6159
4.4542
4.2938
4.3287
4.3914
4.4124
4.2258
4.2695
4.0923
4.2361
4.1904
4.2345
4.3355
4.0946
4.6675
4.0910
4.3463
4.3178
4.2132
4.1425
4.2328
4.3298
4.1138
3.8214
3.9292
4.1265
4.1861
3.9832
4.2180
4.1077
3.8631
3.9941
3.8900
3.9557
4.1041
3.9753
3.8641
3.6734
4.1962
3.9777
4.0802
4.0967
4.1658
4.0870
4.1583
4.2085
4.1873
4.2621
3.8238
4.0847
3.8790
3.8100
3.7713
3.5649
4.1199
4.1645
4.1076
3.9149
3.9524
3.8569
4.0466
3.7920
3.7497
4.1495
4.0578
4.0711
3.9481
4.1030
4.0140
3.7748
3.8113
4.0328
4.0421
3.9300
4.2062
3.9422
4.0864
4.0972
4.0354
3.8124
4.0978
4.1151
4.2766
4.4011
4.5674
4.3368
4.7202
4.6540
4.4160
4.4352
4.5027
4.2903
4.5360
4.4766
4.3185
4.4209
4.3806
4.5053
4.3576
4.0493
4.1078
4.0597
3.5774
3.6047
3.9832
3.5325
3.7850
3.6982
3.9098
4.0390
3.9942
4.3754
4.3190
3.9805
3.9304
3.6264
3.9186
3.9997
3.4516
3.9230
3.8398
3.5438
3.9071
3.6956
4.1169
4.1425
4.1584
3.7823
3.8686
4.0198
3.9216
3.7103
4.0412
3.6524
3.6504
3.8265
3.9155
4.0644
3.9129
3.8659
3.7427
3.5646
4.3170
3.9970
3.7560
3.8902
3.9594
4.0739
3.8841
4.0847
4.1537
3.9385
3.9685
4.1000
4.1404
4.0288
3.8754
4.0547
4.1478
3.8271
4.0754
4.0562
3.8998
4.2060
3.9795
3.7175
3.9247
3.9660
3.7391
3.7709
3.9976
3.9438
4.0595
3.7259
4.0628
4.0762
3.9192
3.9465
4.2834
4.0737
4.2786
4.2820
4.3125
4.0716
4.5344
4.1387
3.9402
4.1535
4.3277
4.0590
4.1302
3.9806
4.1354
4.0900
4.1175
3.9219
4.0545
4.1064
4.1031
3.9069
4.0459
3.8007
3.3561
3.7201
3.5478
3.9379
3.8936
3.6684
3.9190
3.9665
3.7207
3.8667
3.8326
3.8739
3.9580
4.0325
4.0294
3.7496
3.8784
4.1111
3.8165
3.7045
4.0684
3.8412
3.6561
3.6670
4.2164
3.7990
3.8755
4.0157
4.0043
3.7861
3.8856
3.8938
4.1965
3.9414
4.1149
4.0150
3.8845
3.5914
3.8117
3.9294
4.1146
3.7882
4.1278
3.7369
3.3700
3.7661
4.1963
4.2370
4.2136
4.2633
4.4004
4.1685
4.3413
4.2568
4.0864
4.1446
3.8331
3.9653
4.1494
4.1426
4.0504
3.9679
3.7696
3.6387
3.7059
3.8279
3.8788
4.0448
4.1692
3.8851
3.9679
3.8668
3.7602
4.1236
3.9979
4.1880
4.1288
4.1723
4.2295
4.1139
4.3457
4.1545
4.1610
3.7284
4.2555
4.2657
4.0515
4.1064
4.3989
4.3444
3.9184
3.7525
3.9429
3.7539
4.0655
3.9121
3.8358
4.2337
4.1592
4.1112
4.3329
3.8608
4.2770
4.2588
4.2086
4.1570
4.3203
4.4029
4.0180
3.9689
4.1356
4.4205
4.0828
3.9025
4.0185
3.9869
3.9883
4.0449
4.1869
4.4683
4.1514
4.0425
4.3727
4.1456
4.4362
4.3479
4.5520
4.2589
4.2827
4.4477
4.4443
4.4314
4.5085
4.1608
4.5660
4.4117
4.5031
4.5145
4.4363
4.5681
4.0194
4.2774
4.2469
4.2784
4.4625
4.2221
4.1565
4.4511
4.3056
4.1298
4.0944
4.0162
4.1536
3.9733
3.8494
4.0563
4.2287
3.8900
4.1766
3.9801
4.0243
3.9722
4.0789
4.1117
4.0580
3.7541
4.1946
4.1108
4.3162
4.2907
4.3103
4.1603
4.3444
4.5330
4.3134
4.2753
4.1149
4.0489
4.3689
4.2846
4.2040
4.1517
4.3695
4.2280
4.5439
4.4556
4.4216
3.8693
4.2129
4.0653
4.3239
4.3707
4.3109
3.9359
4.0197
3.9944
3.9090
3.8517
4.2992
4.1578
4.2730
4.2202
4.1446
4.0775
3.8198
3.9974
4.1493
4.2557
4.0001
4.0849
4.0960
4.1487
4.2062
4.0648
4.3483
4.0766
4.0803
4.0835
4.2810
4.1669
4.0584
4.0522
4.4655
3.9429
4.0880
4.0364
3.9073
4.0829
4.0442
3.9370
3.8644
4.2244
3.9548
3.8746
4.4844
4.5178
4.1404
4.2440
4.1856
4.3226
4.1062
4.0727
4.2172
4.3455
4.2005
4.3053
4.2103
4.2008
4.4519
4.1060
4.3515
4.0538
3.9932
4.1765
4.1455
3.9519
4.0866
3.8909
4.0023
3.7907
4.1643
4.1384
4.0596
4.1978
4.0582
4.0518
3.8787
4.1074
3.8630
4.1859
3.8092
4.0107
4.0521
4.1344
4.0026
3.9547
4.0847
3.9083
4.0303
4.1177
4.2590
4.0149
4.1358
3.9223
4.0133
4.0485
4.1272
4.0744
4.1890
3.9764
4.0253
4.0693
4.1288
4.0184
4.2346
3.9473
3.9119
4.1447
4.1703
4.0799
4.0883
3.9422
4.0077
4.1427
4.1949
4.1241
4.1825
4.5065
4.5684
4.2570
3.9719
4.2924
4.0041
4.3350
4.2317
4.3329
4.1251
4.1624
4.1960
4.1502
4.0556
3.9003
3.9329
4.1735
4.0859
4.2067
3.7612
3.9874
4.1267
3.7260
4.1295
4.3704
4.1089
4.0053
4.0869
3.9389
3.9837
4.2963
3.9899
4.0806
4.1179
4.2540
