1.6271
1.6743
1.6335
1.7447
1.5916
1.6218
1.8219
1.5633
1.7662
1.9300
1.5677
1.7349
1.6731
1.7667
1.7643
1.8325
1.5523
1.6412
1.6648
1.7635
1.8039
1.6576
1.6246
1.5759
1.6501
1.8042
1.6505
1.7271
1.8779
1.6971
1.8599
1.6841
1.9669
1.8945
1.8543
1.9404
2.0718
1.9462
1.8993
1.8633
1.8078
1.9383
1.7661
1.9399
1.7207
1.9575
1.9551
1.8216
1.8944
2.1016
2.0688
2.0479
1.7308
2.0388
2.1580
2.1218
2.2765
2.0978
2.2272
2.4851
2.2649
2.0294
2.0948
2.0960
2.0413
2.0292
1.8674
2.3079
2.0161
2.3491
2.2245
2.4334
2.4684
2.4237
2.5991
2.3899
2.4499
2.4846
2.4239
2.1973
2.3158
2.4997
2.2513
2.3336
2.5918
2.8029
2.7837
2.4645
2.5449
2.8329
2.8376
2.7939
2.8075
2.8306
3.1083
2.9267
2.6491
2.7350
2.9370
2.5495
2.5174
2.4255
2.6415
2.4315
2.5032
2.6523
2.5269
2.8356
2.9723
3.0263
2.9335
3.1890
2.9845
2.4719
2.3676
2.7293
2.6154
2.5040
2.6435
2.7932
2.5277
2.3470
2.2238
1.8896
2.3953
2.3930
2.0873
1.8829
1.9797
1.8071
1.8537
1.5690
1.7401
1.5551
1.8163
1.8295
1.9009
1.6987
2.0679
2.0657
2.1081
1.7964
1.9432
2.0826
1.9443
1.7963
1.8817
1.8813
1.7105
1.9106
1.7394
1.6532
2.0448
1.6822
1.6392
1.6331
1.6719
1.6189
1.5721
1.4805
1.3960
1.4925
1.5851
1.6014
1.7393
1.5236
1.5898
1.3780
1.4892
1.5559
1.4476
1.4618
1.2565
1.3591
1.7131
1.5369
1.8608
1.6705
1.7811
1.6409
1.6654
1.6781
1.4538
1.5123
1.5929
1.6941
1.7936
1.8792
1.8172
1.6777
2.0114
1.9545
2.1466
1.9969
1.8965
1.8796
2.1059
1.8832
1.9671
2.2683
1.9099
1.5980
1.9344
2.2089
2.0655
2.0064
1.9378
1.8988
2.1308
2.1460
1.9305
1.7566
1.8815
1.9620
1.8882
1.9654
1.7691
2.2992
2.0025
2.0682
2.2393
2.2806
2.0914
2.4634
2.2135
2.2819
2.0870
1.9674
2.0084
2.3253
2.4134
2.5367
2.7553
2.4690
2.2684
2.2612
2.4073
2.4505
2.4627
2.5338
2.4862
2.4411
2.2489
2.1568
2.4758
2.5667
2.5501
2.6281
2.9048
2.5766
2.8152
2.6419
2.7325
2.8688
2.6740
2.6843
2.4949
2.2123
2.5263
2.3064
2.1750
2.6166
2.7176
2.7895
2.5347
2.9765
2.9413
2.7043
2.5104
2.7160
2.4176
2.2429
2.0942
2.1342
2.3485
2.1777
2.3746
2.5787
2.6784
2.2005
2.4407
2.3145
2.5498
2.7180
2.6563
2.3632
2.3615
2.5983
2.5664
2.5357
2.7016
2.6055
2.7372
2.6213
2.8120
2.6941
3.0399
2.6575
2.8805
3.0532
3.3766
3.0860
2.7793
2.7420
2.5994
2.9100
3.3221
2.9269
3.0725
2.9447
2.5406
2.4673
2.5586
2.4632
2.4411
2.5546
2.6620
2.3338
2.3858
2.3260
2.6430
2.3237
2.1183
2.2950
2.1387
2.4780
2.1710
2.1660
1.9974
2.5169
2.5560
2.4652
2.5284
2.4297
2.3236
2.2890
2.2919
2.5988
2.6294
3.1097
3.1833
3.0460
3.3169
3.0798
2.8341
3.0322
2.7931
2.8216
2.7106
2.5354
2.3936
2.5384
2.8445
3.0246
3.2547
3.5170
3.5188
3.2600
3.2140
3.5393
3.2114
3.3539
3.2260
2.9298
3.0881
3.3953
3.2300
3.0812
2.7478
2.6554
2.7600
2.9013
2.7186
2.4032
2.8180
2.5017
2.6684
2.4873
2.6435
2.6825
2.6657
2.9343
2.5786
2.5343
2.3872
2.1824
2.0860
2.2708
2.3160
2.3182
2.4766
2.3414
2.4085
2.1940
2.5745
2.4035
2.1944
2.3092
2.0760
1.9689
2.1495
2.4653
2.6949
2.4914
2.6037
2.0941
2.1711
2.1600
2.0612
2.1828
2.0344
1.8602
1.7953
1.8616
1.8444
2.0247
2.1186
2.0583
1.8765
2.0254
1.9419
1.8960
2.1094
2.2001
2.1788
2.3497
2.2482
2.1516
2.3600
2.3388
2.1555
2.0827
2.2240
2.3906
2.2080
1.9956
2.2542
2.2522
2.0855
2.1907
2.0430
2.3960
2.5412
2.3091
2.1265
2.0596
2.6226
2.5004
2.0648
2.1166
2.3109
2.0488
2.4350
2.1391
2.2900
2.2707
2.1334
1.9886
2.2519
2.0644
2.1144
2.0877
2.1679
2.1447
2.4863
2.4880
2.2951
2.0947
2.2700
2.2375
2.0929
2.1141
2.1608
2.2231
2.6868
2.3120
2.3483
2.3697
2.5274
2.8549
2.6795
2.4505
2.3637
2.3477
2.6170
2.6855
2.6536
2.3947
2.6567
2.9555
2.5359
2.6843
2.4091
2.9785
3.1424
3.1430
3.0737
3.0177
2.8796
3.2819
3.2704
3.1082
3.2013
3.1564
2.8733
3.0738
3.1344
2.9789
2.9824
2.6696
2.5952
2.5078
2.5652
2.6292
2.4262
2.5544
2.9082
3.2779
2.9899
3.0496
2.8765
3.1908
2.9613
2.9698
2.8079
2.8773
3.0792
3.0116
2.8436
2.9381
2.9811
3.2771
3.3948
3.0431
3.0915
3.1841
2.8837
3.0511
2.9689
2.8937
2.7383
3.0493
2.4026
2.7603
2.6049
2.3341
2.5120
2.4581
2.3845
2.3947
2.4267
2.5085
2.8872
2.9587
2.8653
2.9293
2.9810
3.1306
2.7202
2.4919
2.9218
2.8432
2.7790
2.6115
3.1608
2.9874
2.8496
2.8812
3.0162
2.8623
2.7385
3.2996
2.8789
3.1419
2.9293
2.8808
3.1070
3.0457
3.0887
3.3903
3.2119
3.3907
3.2097
2.7447
3.1638
3.2282
2.9022
2.9760
2.7272
2.7778
2.8378
2.5687
2.7543
2.4825
2.7670
2.7180
3.1422
3.0583
3.6259
3.4081
2.7739
2.6642
2.6116
2.8389
3.1935
3.3408
3.0896
3.0660
2.9457
2.8918
2.8530
3.0179
2.9331
2.7084
2.7207
2.5451
2.3358
2.7093
2.5467
2.6474
2.4287
2.5923
2.9170
3.1025
2.5515
2.5811
2.5759
2.8086
2.9094
2.9431
3.1103
3.0276
2.9429
2.6725
2.9229
2.8458
3.1476
3.3575
3.5668
3.4462
3.1135
2.8656
2.9551
2.8648
3.1720
3.4352
3.3352
3.3853
3.4740
3.1701
2.8248
3.0819
3.1421
3.0571
3.2864
3.2021
3.6235
3.6277
3.2705
3.2926
3.6475
3.3425
3.2433
3.7423
3.5500
3.2848
3.0506
3.3402
3.2002
2.9886
3.0581
3.4215
3.1537
3.3737
3.1443
3.3045
3.6328
4.0772
3.7567
3.7100
3.7905
3.8889
3.9130
3.8558
3.6943
3.9447
3.2524
2.9977
3.1820
3.5658
3.2105
3.2814
3.5379
3.3766
3.3027
3.2783
3.0274
2.9828
3.1023
3.3169
3.0845
3.1214
2.9455
2.9097
3.1476
3.3826
2.9355
2.8279
2.6251
3.2983
2.9307
3.0833
2.9099
3.1366
3.4405
3.0896
3.2036
3.3963
3.6126
3.6937
3.6404
3.4079
4.0826
3.7229
3.5526
3.5074
3.7940
3.4554
3.4196
3.3919
3.2524
3.2240
3.0450
3.5439
3.3691
2.8481
2.9247
2.6697
2.8817
2.9552
2.7277
3.0105
3.2875
3.3185
3.4529
3.0504
3.4977
3.2166
3.2451
3.5030
3.4857
3.3697
3.2706
3.5037
3.6164
3.8573
3.5168
3.2752
3.4398
3.4373
3.3961
3.4386
3.0834
3.4123
3.3561
3.3559
3.2988
3.5281
3.6388
3.3257
3.2396
3.5381
3.4782
2.9595
3.3741
3.3441
3.1021
3.2404
2.9545
3.0886
2.9223
2.8767
3.2443
3.1656
3.1700
2.9405
3.1830
3.5370
3.2964
3.7421
3.3017
3.0301
3.0409
3.0839
2.9077
2.6412
2.6851
2.2551
2.3707
2.1838
2.4334
2.7352
2.6561
2.5150
2.4682
2.6806
2.6859
2.6464
2.9735
2.9747
2.4609
2.7624
2.7622
2.4616
2.4511
2.6400
2.6525
2.6859
2.9811
2.8956
2.5755
2.6137
2.5198
2.8914
2.6091
2.8324
2.7796
2.8083
2.8102
2.8996
3.1150
3.1096
3.3629
3.2911
2.9959
3.3100
3.1395
3.5628
2.9541
3.2057
2.8307
2.9683
2.9962
2.8672
2.8093
2.6582
2.4705
2.4018
2.7677
2.6844
2.6375
2.8501
2.5002
2.7791
2.7586
2.9507
3.0064
2.8031
2.8015
2.8278
2.6085
3.1381
2.6069
2.7150
2.5087
2.7922
2.7849
2.6810
2.9956
2.6981
2.7958
2.8745
2.6906
2.7003
2.7011
2.4964
2.9198
2.8228
2.7440
2.6074
2.4145
2.5135
2.3516
2.5317
2.8086
2.8083
2.5601
2.9003
2.7021
2.8474
2.6263
2.5148
2.8730
2.7447
2.5524
2.6649
2.6757
2.7024
2.3867
2.4034
2.4033
2.4808
2.3309
2.3196
2.1239
1.9483
2.3651
1.8652
1.7804
1.9569
1.8471
1.8346
1.7005
1.7914
1.9862
2.1127
2.1574
2.1372
2.0423
1.9909
2.0495
2.0019
2.5151
2.2704
1.9713
1.9413
2.0937
2.5023
2.3796
2.2747
2.4498
2.6916
2.5088
2.6524
2.7172
2.3975
2.4077
2.3553
2.4160
2.1918
2.3356
2.2488
2.5269
2.6284
2.8463
2.7043
2.7252
2.8460
2.8325
2.9180
3.0266
2.9422
3.1947
2.9589
2.9533
2.5493
2.7247
2.4634
2.0066
2.1594
2.0576
2.1254
2.3072
2.0191
2.0051
2.2517
2.4477
2.2371
2.4153
2.5842
2.8516
2.6650
2.5544
2.4623
2.6765
2.5154
2.7779
2.7042
2.7706
2.8702
2.8440
2.6565
2.8940
2.6457
2.7401
2.7582
2.6277
2.6494
2.6253
2.5335
2.5146
2.7097
2.8120
2.7140
2.4140
2.6001
2.6555
2.6507
2.7036
3.2122
3.1461
3.1700
3.1292
2.7721
2.9121
3.3831
3.3174
3.1788
3.2386
3.0850
3.2519
3.7667
3.4443
3.2667
3.7400
3.6356
3.4621
3.4020
3.1492
3.0259
3.1362
3.2940
3.0659
2.6512
2.5881
2.6295
2.7939
2.7344
2.4933
2.4818
2.4296
1.9101
2.3283
2.4275
2.5962
2.5614
2.6218
2.6139
2.7923
2.3954
2.3940
2.3187
2.4732
2.2168
2.0277
2.1809
2.3379
2.7998
2.2455
2.0527
2.2254
2.0508
2.0665
1.8307
2.0732
2.1008
2.2074
2.4473
2.4231
2.5760
2.3030
1.9220
1.8670
1.9625
2.0170
1.7721
1.5534
1.8473
1.7377
2.1693
2.1276
2.4618
2.1123
2.2475
2.2388
2.1939
2.3383
2.3975
2.5668
2.2612
2.0789
2.0572
2.1693
2.1319
2.0239
2.0615
1.7887
1.8107
1.6888
1.7140
1.4625
1.4832
1.6608
1.7034
1.4622
1.4873
1.6059
1.6877
2.0741
1.8866
1.7445
1.6515
1.8732
1.8794
1.6895
1.7484
1.8091
2.0152
1.9257
1.7560
1.8903
1.7249
1.6463
1.9879
2.2101
2.1916
2.0995
2.1423
1.9185
2.1043
1.8890
1.8868
2.1988
2.2237
2.1702
2.2241
2.0805
2.3416
2.2890
1.9280
1.8537
1.7760
1.9108
1.9995
1.9214
1.9159
2.3608
1.6850
1.7002
1.8780
1.8183
1.9275
1.9840
2.0462
1.8517
1.8047
1.6816
1.7814
1.7203
2.1298
1.9936
1.7750
2.0306
2.0298
2.1793
2.5381
2.1125
1.9314
1.8789
2.2348
1.7652
1.5678
1.8508
1.8397
1.9589
1.9798
2.1094
1.8970
1.9866
2.0470
1.8460
1.7770
1.7797
1.6441
1.4835
1.4881
1.6687
1.4367
1.5829
1.6586
1.5242
1.7396
1.5711
1.6415
1.6356
1.4462
1.5039
1.5134
1.6483
1.7775
1.6779
1.8732
1.7735
1.8831
1.4522
1.6288
1.3476
1.5739
1.8364
1.6970
1.5653
1.7152
1.7371
1.7331
1.8074
1.9491
2.5266
2.0140
2.0943
1.7428
2.3080
1.8261
1.4292
1.7439
1.8680
1.6883
1.7785
1.5302
1.5755
1.8265
1.7869
1.6539
1.8550
2.0251
2.4394
2.5470
2.3222
2.5130
2.1339
2.0498
2.5036
2.5608
2.3792
2.4973
2.3086
2.5912
2.2552
2.0148
2.2773
2.4927
2.5508
2.3876
2.0620
2.1384
2.1600
2.3557
2.3475
1.9741
2.1839
2.2529
2.2830
2.0568
2.1507
2.2162
2.1643
2.1618
2.1799
1.9361
2.0138
2.2348
2.3586
2.1776
1.8556
1.9174
2.0948
2.1283
1.9817
1.8955
2.0817
2.3963
2.4046
2.2475
2.2775
2.1282
2.1243
1.9792
1.9674
1.9885
2.3289
2.2252
2.0957
1.9448
1.9004
2.0082
2.3310
2.1600
2.2679
2.1623
2.2341
1.8399
1.8849
1.6376
2.0724
1.9910
2.1934
2.2205
2.3881
2.1668
2.2017
2.1613
1.9161
2.0375
2.0382
2.0038
2.0159
1.7177
1.7382
1.8429
1.8802
1.9271
1.9024
1.9270
1.8580
1.9722
1.9768
1.8508
1.4691
1.7379
1.7273
1.7775
1.7999
1.6053
1.9648
1.6501
1.8262
1.8274
1.5513
1.8056
1.8952
1.8425
2.0924
2.0036
2.0073
2.0851
2.0946
1.9839
2.0134
1.7264
1.8782
1.7926
1.8695
1.9918
1.9193
1.8870
1.7621
1.8484
1.8670
1.8581
2.0964
2.0152
2.0055
2.0564
1.8416
1.9915
1.9066
2.1441
1.8098
1.6853
1.8885
2.0349
2.2303
2.1497
2.0406
2.2227
2.2856
2.1149
2.1727
2.0735
2.2415
1.9776
2.1096
2.0450
2.0826
1.9734
2.1123
2.1600
2.2232
2.1540
2.1055
2.2354
2.2000
1.8959
2.0307
2.5193
2.5289
2.5344
2.3229
2.3075
2.5288
2.1946
2.4611
2.1486
2.4810
2.2947
2.5470
2.2802
2.1271
2.2754
2.1277
2.0937
2.0482
1.9411
2.2083
2.1098
2.2134
2.0267
1.9423
1.8326
2.0209
2.2828
2.1516
2.1220
2.2744
2.1296
2.3323
2.5832
2.6328
2.7710
2.5623
2.7568
2.1223
2.3039
2.0454
2.1127
1.9047
1.9765
2.0729
1.7654
1.9067
2.0892
2.1210
1.9970
2.2055
1.9446
1.9112
2.0603
1.9118
2.0524
2.0357
2.1249
1.9829
2.0141
1.8598
2.2843
2.3544
2.2668
2.4241
2.4218
2.4636
2.2255
2.0982
2.2356
2.2724
2.0988
1.9680
2.1337
1.9666
1.9554
2.1716
2.2927
2.3565
2.2591
2.0845
1.8756
1.8587
1.8905
2.0152
1.9341
2.0009
2.0331
1.8372
1.9894
1.8333
2.0696
1.8785
1.9268
2.1914
2.3587
2.2509
2.3215
2.0075
1.7401
2.0341
2.0394
2.1603
1.8608
1.9206
1.9846
2.0466
2.0214
2.4050
2.3998
2.1223
2.2387
2.7806
2.4418
2.3335
2.6269
2.5382
2.2954
2.0616
2.1429
2.0749
2.3297
1.9779
1.9497
2.4028
2.4029
2.3828
2.7173
2.4943
2.5015
2.4958
2.3483
2.3027
2.0656
2.1551
2.3055
2.0937
2.1626
2.4116
2.5254
2.1705
2.2330
2.2125
2.2044
2.0879
2.4776
2.0196
2.3194
2.2663
2.2673
2.2652
2.4491
2.5411
2.2982
2.4808
2.4033
2.5985
2.6140
2.7939
2.7497
3.0084
2.8348
2.4420
2.6368
2.3328
2.4089
2.3015
2.3207
2.5146
2.2252
2.3044
2.3637
2.6050
2.8201
2.7260
2.7596
2.4600
2.6997
2.4226
2.1993
2.6593
2.1005
2.2537
1.9701
1.8793
2.1959
2.0068
2.0380
1.9298
2.0627
2.1187
1.9829
2.0142
1.7149
1.7934
2.1366
2.1090
1.8873
2.1321
2.0535
2.0656
2.3695
2.8328
2.4655
2.1797
2.1553
1.9198
2.0274
2.0208
2.1092
1.9737
2.1618
2.0856
2.2937
2.1375
2.1034
2.1718
2.1728
2.0349
2.4877
2.2006
2.3326
2.5110
2.1939
2.4837
2.3384
2.5915
2.5385
2.5543
2.4339
2.5667
2.5511
2.8266
2.5427
2.7666
2.6570
2.4572
2.3605
2.5068
2.5862
2.4401
2.5738
2.2916
2.5857
2.7314
2.4905
2.3203
2.6007
2.6173
2.5491
2.4271
2.5159
2.5095
2.4682
2.4651
2.4198
2.5518
2.3492
2.5937
2.6311
2.5692
2.4010
2.3655
2.4515
2.2336
2.6498
2.5828
2.7999
2.6037
2.7319
2.6398
2.8401
2.6441
2.5426
2.5139
2.6445
2.8260
2.8527
2.8102
2.9271
2.7957
2.9710
2.8214
2.7486
2.7686
2.9698
2.8989
2.6926
2.5764
2.5843
2.6421
2.7022
2.7166
2.3373
2.7089
2.8700
3.0335
2.9426
3.2406
3.0450
2.9248
2.7888
2.7329
2.8063
2.9581
2.5354
2.8458
2.9228
3.0985
2.9248
2.4384
3.0526
2.8849
2.8622
3.0583
2.9918
3.0479
3.1685
2.8636
3.0563
2.8233
2.9063
3.0601
3.1215
2.9896
2.7795
2.8259
2.5910
2.3051
2.5183
2.2372
2.7946
2.6345
2.5464
2.6102
2.8951
2.8467
3.1838
2.5484
2.8557
2.5858
2.8034
2.5727
2.6516
2.9459
2.7531
2.6902
2.7900
2.9758
2.9037
2.6094
2.7252
2.7125
2.5690
2.8016
2.6389
2.7753
2.7046
2.6459
2.7015
2.6527
2.8934
2.7222
2.5508
2.5787
2.6069
2.1634
2.8855
2.7619
2.7259
3.0717
2.7574
2.8367
2.8376
2.9589
3.1657
3.0336
3.3383
3.4214
3.0350
2.8973
3.1571
2.8610
2.6649
2.7724
3.0189
3.1177
2.8024
2.8940
2.8034
2.9014
2.9741
2.5426
2.4590
2.1246
2.1867
2.5471
2.6306
2.7065
2.5372
2.7753
2.7603
2.4671
2.7245
2.6023
2.7513
2.6288
2.7079
3.0576
2.6830
2.6818
2.6736
2.7175
2.9654
2.6812
2.7621
2.7836
2.9833
2.9720
2.7536
2.6562
2.2106
2.6019
2.4890
2.3713
2.1884
2.5668
2.4967
2.4879
2.4933
2.4318
2.4349
2.5347
2.6566
2.6587
2.7985
2.7599
2.5745
2.2378
2.2219
2.3339
2.4465
2.7901
2.9530
2.7800
2.6200
2.4558
2.2645
2.4298
2.4086
2.4527
2.3848
2.4911
2.7539
2.6584
2.7268
2.6506
2.7958
2.8167
2.9550
3.0009
2.8475
2.6875
2.5459
2.5991
2.4707
2.5043
2.5952
3.0385
3.1421
2.8667
2.8079
2.5442
2.7148
2.8906
3.1103
2.8681
2.8494
2.8958
2.5992
2.6890
2.2391
2.5094
2.1140
2.1806
2.4668
2.9745
2.4187
2.2973
1.9907
2.2365
2.2548
2.1117
2.2797
2.1742
2.2265
2.1918
2.1589
2.2699
2.3935
2.1232
2.4215
2.2905
2.4381
2.8594
2.7510
2.5877
2.5392
2.1934
2.5260
2.2439
2.6979
2.9699
2.6020
2.7299
2.7278
2.6530
2.8298
2.5566
2.8291
2.6317
2.6464
2.7388
2.8530
2.3368
2.8601
2.7052
2.7917
2.7359
2.7455
2.5612
2.6079
2.7287
2.7293
2.6615
2.8255
2.9672
2.9670
3.0489
2.9550
2.5172
2.5943
2.5136
2.9560
2.7197
2.7692
2.7289
2.4315
2.5962
2.4711
2.6833
2.6905
2.7637
3.0745
3.1121
2.8312
2.6201
2.7744
2.6565
2.7984
2.7933
2.6943
3.0115
2.9319
2.7380
2.6590
2.9265
2.7986
2.6760
3.0747
3.2937
3.0886
3.2925
3.0601
3.1467
3.4435
3.3890
3.4034
3.1786
3.2846
3.0887
3.2568
3.2331
3.5043
3.2818
2.8533
2.9758
2.7285
2.6966
2.9523
2.7216
2.7074
2.8540
3.0024
3.1324
2.8763
2.7281
2.6990
2.7829
2.9366
2.7662
2.8281
2.9094
3.2474
3.0782
3.0844
2.9101
3.0076
3.0976
3.0759
3.0515
3.2129
3.0148
2.9818
2.9892
3.0201
2.8482
2.8946
2.8195
3.0002
3.1149
2.6313
2.7689
2.8705
2.7603
3.2014
3.0867
2.9712
3.3235
2.9874
2.9285
2.9118
2.9059
3.2912
2.9331
2.9269
3.1403
3.0749
3.0388
3.3971
2.8581
2.7988
2.9130
2.9896
2.9302
3.2592
3.3677
3.0230
2.8782
3.0889
3.0830
3.1900
3.3388
3.1397
3.2477
3.4952
3.3839
3.4508
3.4165
2.9698
2.8655
3.1996
3.1597
2.7412
2.8669
2.7743
2.7292
2.8741
2.9633
2.8022
3.0069
3.3576
3.3008
3.3628
3.3849
2.9501
3.0321
2.9395
3.0118
2.9943
3.6051
3.4189
3.3789
3.5368
3.3658
2.9949
3.3862
3.5986
3.1872
3.4986
2.8878
3.0414
3.1438
2.8080
2.7230
2.9119
3.1432
3.0993
3.3420
3.1124
2.9661
3.0194
3.1932
3.1255
3.2476
3.2813
3.2665
3.5502
3.4171
3.4183
3.1652
3.3265
3.2232
3.2846
3.0091
3.0009
3.1935
2.9186
3.4839
3.7065
3.3007
3.5782
3.5872
3.4486
3.3225
3.3768
3.5693
3.1525
3.5464
3.4911
3.3403
3.2505
3.4993
3.4529
3.2237
3.0598
3.0990
3.0166
3.2201
3.2821
3.3622
3.4115
3.3616
3.2691
3.1909
3.1692
3.0345
2.9790
3.3286
3.1198
3.1582
3.4946
2.8583
3.0156
2.7514
2.7333
2.7598
3.0244
2.9154
2.5872
3.0055
3.0626
3.1108
3.1712
3.1193
3.2336
2.9177
3.0098
3.3033
3.2697
3.1653
3.0073
3.3757
3.3390
3.2393
3.0850
3.1326
3.3295
3.6030
3.3593
3.5624
3.1689
3.2542
3.1495
3.0059
2.9301
2.9673
3.1716
2.9525
2.9599
3.0129
3.2241
3.5068
3.0957
3.0198
3.3910
2.9000
2.8724
2.8057
2.9354
3.0533
2.9645
3.3737
2.8985
3.2368
3.2249
2.9481
2.9824
2.9989
2.7775
2.8141
2.7912
3.0830
3.1123
2.9770
3.6400
3.3765
3.2661
3.4128
3.2838
3.0119
2.6860
2.9336
2.8908
2.8953
2.9361
2.7377
2.9093
3.0688
2.7404
3.0143
3.1985
3.2717
3.4394
3.5259
3.5894
3.3974
3.4481
3.4646
3.5203
3.4389
3.1699
3.2860
3.2683
3.5340
3.3181
3.1683
2.9630
3.0330
2.6972
3.2926
2.9580
2.9687
2.9054
3.0332
2.9679
3.2906
2.8690
3.0852
2.8812
3.1687
3.0963
3.1344
2.9761
3.1030
3.5106
3.2435
3.4735
3.5844
3.5144
3.6555
3.5992
3.6327
3.8565
3.5068
3.4989
3.4595
3.4401
3.6098
3.3919
3.9615
3.4341
3.4197
3.5463
3.8341
3.4155
3.1226
2.9405
2.9624
3.0290
3.4707
3.2642
3.3267
3.1821
2.9382
3.1751
3.5194
3.1752
3.1023
3.5648
2.9752
2.9904
2.9048
2.8474
2.7315
3.3047
2.9064
2.6058
2.6926
2.9493
2.7670
2.8802
3.2534
3.0028
3.0246
2.8621
3.2183
3.1427
3.2940
3.2229
3.1447
3.4288
3.3783
3.3685
3.3823
3.4219
3.1425
3.3557
3.2997
3.0688
3.2103
3.1488
3.1721
3.4676
3.1469
3.3562
3.1168
3.1915
2.8932
3.1427
3.3947
3.5428
3.0894
3.4957
3.8142
3.7272
3.4943
4.0444
3.3765
3.5018
3.4810
3.4004
3.3465
3.2503
3.4006
3.3374
3.3673
3.4258
3.6643
3.4585
3.5514
3.2985
3.3760
2.8294
3.1644
3.2808
3.3848
3.2827
3.3149
3.2885
3.5257
3.4924
3.9897
3.3469
3.2567
3.2297
3.2054
3.4238
3.5169
3.2920
3.0860
3.3429
3.7430
3.7950
3.7705
3.6799
3.5583
3.3426
3.4639
3.3571
3.1503
3.0238
3.3317
3.0799
3.1638
2.9437
3.0554
2.8474
2.8297
2.8228
3.1484
3.0628
3.1731
3.0743
2.8112
3.2975
3.3021
3.0918
2.7686
2.9213
2.9246
2.8689
3.1637
3.0492
2.9086
3.1572
2.8560
2.9452
2.8528
2.7871
2.9686
2.9982
3.2143
3.1635
2.9990
2.7908
2.7004
2.6720
2.7025
3.1019
3.0758
2.8912
2.8814
3.0632
2.6187
2.8248
2.5730
2.8872
2.6196
2.5411
2.4150
2.3464
2.4595
2.2429
2.2113
2.2849
2.1909
2.0361
2.3907
2.5272
2.2261
2.4583
2.4874
2.1502
2.6796
2.5780
2.5287
2.5083
2.5400
2.5650
2.4917
2.4389
2.5281
2.5828
2.5250
2.3981
2.1525
2.1838
2.4234
2.5034
2.4696
2.2971
2.2622
2.5986
2.6682
2.5286
2.1877
2.0892
2.1025
2.1980
2.0035
2.2253
2.0130
1.9720
2.0279
1.9224
1.9649
2.1528
2.6118
2.2456
2.2264
2.1214
2.0769
2.5946
2.2276
2.0141
2.5013
2.4424
2.5623
3.0324
3.0340
3.2051
3.3450
3.1198
2.9960
2.8017
2.6969
2.9107
2.7108
2.8477
3.1785
3.3448
3.0041
2.8860
2.6685
2.4556
2.8728
2.9127
2.6133
2.8076
2.7730
2.5856
2.6505
2.6025
2.6089
2.7035
2.6137
2.5108
2.5563
2.8843
2.6990
2.8807
2.6652
2.4349
2.4834
2.4115
2.2765
2.2970
2.0548
2.3253
2.4342
2.0518
2.8736
2.9617
2.6869
2.7401
2.9349
2.9595
2.8811
3.2817
3.2286
3.5851
4.1932
3.5317
3.3211
3.3578
3.4293
3.0951
3.3636
3.5047
3.3438
3.1281
3.0999
3.3127
3.4134
2.8085
2.8813
3.1745
3.0660
3.0453
2.7772
2.9443
3.2324
3.4381
3.1914
3.2080
3.0308
3.1416
3.0736
3.1559
3.3063
3.0767
2.9769
3.0615
2.9978
3.1262
3.1365
3.2453
3.4239
3.5405
3.2609
3.2062
3.2766
3.1811
3.4833
3.3000
3.2121
3.3265
3.1711
2.8389
3.0147
3.3013
3.2333
3.1631
3.2482
3.1809
3.1321
2.7376
2.9031
2.8135
2.9378
2.8183
3.0496
2.8585
2.8248
2.9133
3.0250
3.0640
2.8314
3.2489
2.9212
3.0292
2.9646
3.0450
3.1517
2.8908
2.8120
2.9647
3.2373
3.0877
3.1481
3.0061
3.1531
2.8907
3.0240
3.1090
3.0259
2.9701
2.9324
2.9150
2.8028
3.1289
2.9890
3.0160
3.0094
2.9743
3.1736
3.0339
3.0045
2.9583
2.9054
3.2332
2.9109
3.0462
3.0305
3.2074
3.4124
3.4239
3.3798
2.9470
3.1160
2.7402
3.0204
2.9627
2.8071
2.7460
2.4703
2.7553
2.5571
2.4796
2.6197
2.6619
2.7047
2.4539
2.9282
3.0098
3.2016
3.0066
3.3291
3.2649
3.3373
3.1718
3.5457
3.6334
3.5625
3.5853
3.9924
3.7847
3.6034
3.6480
3.4718
3.5107
3.3440
3.1504
3.3603
3.5121
3.5213
2.8728
3.1575
3.1741
2.5002
2.9616
2.8632
2.7545
3.2382
3.1949
3.0845
2.8126
2.8647
3.2251
3.2724
3.3333
3.1138
3.1643
3.0644
2.8568
2.6977
3.0035
2.7126
2.8800
2.7749
2.8523
2.9448
2.7446
3.4127
3.5600
3.3072
2.9174
3.3772
3.0248
2.8699
2.7951
2.6627
3.1201
3.2918
3.4432
3.6541
3.3626
3.2983
3.3635
3.5018
3.3878
3.4899
3.3221
3.3001
3.8232
3.9826
3.5946
3.7574
3.5634
3.2721
2.9709
3.5102
3.7843
3.5850
3.2606
3.1989
3.3520
3.3100
3.3697
3.3371
3.6455
3.3489
3.2147
3.4994
3.0508
3.0253
2.9434
2.9209
3.0191
3.2369
2.8768
2.6791
2.8607
2.5849
2.8523
3.0392
3.1545
3.1957
3.1088
3.3553
3.2370
3.5847
3.5666
3.1381
3.4596
3.4353
3.0039
3.5692
3.5001
3.2768
3.1699
3.1452
3.1797
3.4646
3.4188
2.9665
3.0643
3.1471
3.0860
2.8910
2.8335
3.1158
2.9090
2.8547
2.8528
3.1219
3.2105
3.1800
3.1422
3.2901
3.2278
2.9435
3.1827
2.8684
3.2589
3.6118
3.3633
3.3503
3.4615
3.5977
3.6561
3.4518
3.4780
3.5544
3.0942
3.4567
3.2973
3.2445
2.8813
3.0230
2.9673
3.1012
3.0220
2.7764
3.0512
3.2029
3.4056
3.4652
3.2456
3.1684
3.2499
3.2482
3.1962
3.0218
3.6232
3.3163
3.4924
3.2434
3.1279
3.4252
3.2983
3.1848
2.4583
2.9459
3.2421
2.9672
3.1322
3.2775
3.1855
3.2409
3.4590
3.4929
3.2837
3.2057
3.2459
3.0565
2.9713
3.3213
3.6040
3.3404
3.6021
3.4636
3.7043
3.2994
3.5305
3.6287
3.6032
3.3609
3.4034
3.4723
3.5239
3.3066
3.5699
3.8854
3.8590
3.7411
3.2716
3.5956
3.5508
3.3567
3.1495
3.0738
2.8447
2.8711
3.0932
3.1229
2.8900
2.9852
3.0148
3.3100
2.9861
3.5120
3.3178
3.5770
3.4427
3.6350
3.5838
3.6903
3.4636
3.3501
3.2392
3.4583
3.3903
3.5079
3.0337
3.4931
3.3646
3.0182
2.9101
2.9392
3.0237
3.0725
3.1854
3.5319
3.0979
3.2402
3.0890
3.1692
3.2553
3.2531
2.8887
3.3905
3.2265
3.2325
2.9579
3.2522
3.0340
3.3421
3.3114
3.3037
3.3270
3.4089
3.4869
3.8548
3.9755
3.8064
3.7738
3.9827
3.9454
4.5291
3.9461
4.0843
4.0107
4.0387
3.9706
3.8630
4.0026
3.6067
3.6574
3.7235
3.8736
3.9029
3.8608
4.0346
3.8823
3.9345
3.9346
3.6603
3.9436
3.6634
3.8561
3.7701
3.8320
3.9372
3.9325
3.7808
3.7249
3.8552
3.9231
4.0503
4.1192
3.7979
3.9183
4.0003
3.8546
3.8188
3.7680
3.9436
3.8162
3.3795
3.1129
3.3271
3.8756
3.5447
3.4884
3.6317
3.5548
3.6891
3.5261
3.6412
3.4496
3.4514
3.3302
3.6954
3.5024
3.6471
3.2373
2.9050
2.9554
2.7394
2.9793
2.7736
2.8363
3.2728
2.8824
2.9956
2.8457
3.1864
3.1573
2.9837
2.9859
2.5685
2.7841
2.8417
2.9665
2.9360
2.5289
2.8319
3.1858
3.0748
2.9952
3.3626
3.3484
3.3085
3.5881
3.8146
3.4180
3.5467
3.6172
3.4429
3.2467
3.4276
3.1474
3.2017
3.7157
3.4426
3.5692
3.4040
3.2766
3.1791
3.2106
3.5461
3.2754
3.9584
3.7794
3.6357
3.5094
3.3484
3.3895
3.2041
3.0206
3.2232
3.5415
3.3460
3.3640
3.5714
3.6517
3.8694
3.3591
3.8633
3.8219
3.9730
3.7279
3.6901
3.4529
3.5858
3.5211
3.3191
3.2681
3.3045
2.9211
3.1684
3.1517
3.2728
3.1752
3.2450
3.2376
3.3177
2.9150
3.0940
2.9907
3.1828
3.1655
3.1329
3.0700
2.7422
3.5994
3.4786
3.3524
3.5629
3.4951
3.4914
3.2208
3.4661
3.6304
3.4514
3.6144
3.5684
3.3299
3.6565
3.9161
3.7224
3.4007
3.5000
3.3392
3.3600
3.3866
3.4967
3.4038
3.4025
3.2535
3.2941
3.3977
3.1440
3.1822
3.3279
3.3701
3.4276
3.3137
3.4475
3.2089
3.2463
3.2119
2.8910
3.1603
3.2057
3.1957
3.2123
3.2288
3.2413
3.6606
3.4077
3.4705
3.2612
3.5594
3.2401
2.9759
3.2453
2.9574
2.9202
2.5570
3.2229
3.3400
3.3080
3.2561
3.4805
3.0815
3.2804
3.6662
3.2804
3.2463
3.2254
3.0819
3.2388
3.0545
3.0740
3.5120
3.1416
2.8913
3.1913
3.3838
3.0895
2.9746
3.2921
3.0325
3.2315
3.0361
2.9818
3.1938
3.1897
2.9710
2.9565
3.2648
3.2934
2.7034
3.2624
3.1809
3.1358
3.3055
3.3641
3.4379
2.7459
2.9893
3.0139
2.9682
2.8271
2.9534
2.9317
3.1320
3.0679
2.9699
2.8722
2.8581
2.6991
2.6552
2.8240
3.0740
2.7181
2.8704
2.6199
2.7733
2.9260
2.8470
2.7979
2.9333
3.0652
2.9987
3.0239
2.9402
2.9441
2.6832
3.1299
3.3186
3.3002
3.2788
3.1141
2.9679
2.8878
2.7702
3.0942
2.7752
2.6634
2.9125
3.0878
2.8169
2.8327
2.9394
2.9079
2.8068
2.5481
3.0293
3.1560
3.1425
2.9746
2.7369
2.9125
3.1026
3.2526
3.1101
2.7539
2.9846
2.9511
3.0401
2.8722
3.0750
3.2539
3.3095
2.9794
3.4534
3.1234
3.1340
3.2612
3.0438
3.2141
3.0316
3.3092
3.4974
3.1129
2.8239
2.4782
2.4100
2.5406
2.3595
2.2619
2.3451
2.4619
2.5223
2.4659
2.3539
2.3901
2.1932
2.5099
2.7073
2.7130
2.7612
2.9614
2.9417
3.4821
3.5516
3.6334
3.6627
3.7150
3.2115
3.3839
3.2525
3.7791
3.7329
3.2445
3.2285
2.8722
3.0080
3.1260
3.3021
3.2825
3.3266
3.3946
3.3729
3.0943
3.2507
2.9900
3.0000
2.8368
3.1658
3.7063
3.7355
3.2810
3.7038
3.0405
3.2963
2.9731
3.1540
2.9536
2.6103
2.4411
2.7336
2.6094
2.4987
2.7285
3.1248
2.8202
2.8732
2.6474
2.7975
2.3835
2.3793
2.5748
2.6086
2.3010
2.5158
2.7763
2.7767
2.6713
2.9428
2.7608
2.5450
2.6929
2.6430
2.8273
2.8227
3.0751
2.8593
2.9116
2.5509
2.9090
3.0551
2.9034
2.8865
2.5603
2.9818
3.3182
3.3389
3.1565
3.2924
3.0124
3.1826
2.8283
3.4731
3.1141
2.9466
2.9624
2.9323
3.1356
3.2382
3.3646
3.3422
2.9850
3.2002
2.8568
2.7162
2.9588
2.8639
2.9467
3.0554
3.3057
3.7197
3.1651
2.8531
3.2140
3.1332
3.1733
2.9157
2.8696
2.4327
2.2065
2.2620
2.8655
2.1798
2.5533
2.6070
2.8310
2.8501
2.6933
2.9524
2.8186
2.5690
2.8999
3.0234
2.6012
2.4579
2.6158
2.8964
2.5079
2.4885
2.1609
2.2056
2.2108
2.4297
2.0998
2.4506
2.9531
3.3029
3.0585
3.2376
3.0332
2.6907
2.9587
2.7460
2.6506
2.6674
2.7989
2.9134
2.9721
2.7611
2.5903
2.3626
2.2708
2.6293
2.5562
2.5097
2.7976
2.9885
2.8502
2.8612
2.9243
3.1787
3.7802
3.1777
3.2150
3.3199
3.1460
3.3143
3.3457
3.3435
3.1460
3.3166
3.5018
3.1861
3.3294
3.0374
2.9856
2.5567
2.3486
2.6419
2.9050
2.9821
3.2275
3.3793
3.0348
3.5050
3.5033
3.3550
3.1675
3.3068
3.5222
3.7104
3.9623
3.9318
3.1992
3.1854
3.0827
3.1255
3.8019
3.5317
3.9046
3.5037
2.9827
3.5923
3.8817
3.8105
3.8221
3.9872
4.0352
4.0009
3.9618
4.2291
3.8223
3.5775
3.6092
3.6143
3.5910
3.7164
3.6253
3.8531
4.0809
4.3480
4.2093
4.4748
4.0493
4.0853
4.1915
3.9932
3.9269
3.6510
3.8360
4.0544
3.8408
3.7981
4.0144
3.6663
3.6890
3.6668
3.4939
3.7113
3.5122
3.3902
3.4095
3.7974
3.5558
3.5776
3.6389
3.3230
3.6513
3.3283
3.8661
3.9068
3.8763
4.0483
4.0679
3.8939
4.1237
4.0212
3.7046
3.5609
3.1791
3.5226
3.5457
3.9939
3.8082
4.4689
4.0564
4.2161
4.0355
4.2041
4.1631
4.0092
3.5983
4.0075
4.3706
3.7835
3.6796
3.4528
3.4271
3.2650
4.0746
3.8370
3.6111
3.8703
3.9054
4.2563
3.9886
4.1825
3.9877
4.2065
4.3392
4.5035
4.3735
4.1582
3.4607
3.8895
3.8630
4.0604
3.5448
3.5660
2.9760
3.2113
2.8998
3.2831
3.0643
3.2003
3.1512
3.2708
3.3175
3.0886
2.7330
3.3374
3.0728
3.3958
3.4077
3.1936
3.3231
3.2562
3.2466
3.0513
2.9069
3.0075
3.3622
3.5214
3.7080
3.5742
3.0027
3.1893
3.0642
3.3848
3.1709
2.8930
2.8580
2.9834
2.9584
3.1980
3.1002
3.2284
2.8120
2.8536
2.5599
2.7114
2.5900
2.5579
2.5438
2.6510
2.6337
2.3759
2.6468
2.4283
2.5269
3.1594
3.2082
3.2237
3.1733
3.2186
3.3063
3.0920
2.9742
3.2870
3.3768
2.9964
3.2059
3.1060
2.9735
2.9146
3.1473
3.3759
3.4851
3.4098
3.4159
3.4732
3.6392
3.7699
3.3387
3.4326
3.2760
3.5447
3.9066
3.5285
3.2845
3.0771
3.4041
3.4786
3.5865
3.2138
3.4712
3.2945
3.4023
3.3262
3.3556
3.4252
3.2126
3.6789
3.7688
3.1122
3.6293
3.4271
3.5381
3.4371
3.3614
3.2928
3.4068
3.1953
3.2504
3.6425
3.7964
3.8319
3.6353
3.5945
3.3890
3.1860
3.3730
3.1742
3.3451
3.4920
3.4490
3.1994
2.9552
2.9438
3.1177
3.0939
2.9612
2.8767
3.1857
2.9414
2.9311
2.9848
3.1454
3.0162
2.9935
3.1782
2.9717
3.1698
2.7665
2.6296
2.9340
2.5665
2.3728
2.5385
2.4106
2.3571
2.1470
2.2538
2.4255
2.2898
2.3802
2.3159
2.3192
2.4719
2.4831
2.9748
2.7418
2.7233
2.8132
3.0419
2.9539
3.0565
3.0311
2.7911
3.0168
2.9305
3.1370
2.8908
2.9893
3.2690
2.8436
2.9465
3.1169
2.9731
2.9255
2.9667
2.6681
2.6607
2.6328
2.4659
2.4477
2.4420
2.3025
2.3576
2.1452
2.0860
2.1265
2.2010
2.5383
2.7617
3.0202
2.8122
2.7093
2.6730
2.7575
3.1098
2.7807
2.8807
2.8254
2.7551
2.7885
2.9263
2.8773
2.7991
2.5926
2.6779
2.3439
2.4400
2.2656
2.2879
2.4357
2.4984
2.4543
2.6266
2.6367
2.5757
2.6442
2.2935
2.6971
2.3625
2.5979
2.6947
2.7289
2.8315
2.8381
2.9215
2.6011
2.4156
2.2301
2.0785
2.3207
2.6411
2.6030
2.9341
2.8774
2.7404
2.6703
2.6148
2.6421
2.9163
2.5295
2.4849
2.6870
2.6927
2.6673
2.8129
2.4509
2.6207
2.1799
2.3855
2.0427
2.3335
2.4572
2.5840
3.1671
3.3239
3.5802
3.0710
3.0051
3.1077
3.0823
3.1279
2.7577
2.5712
2.3416
2.5886
2.5231
2.3083
2.3492
2.4956
2.0821
2.3250
1.9988
2.0075
2.1920
2.1496
2.3971
2.2443
2.1777
2.4085
2.3577
2.1843
2.0592
1.9191
2.3118
2.1246
2.0707
1.9352
2.2070
2.3100
2.1317
2.0966
1.7397
1.7761
1.5805
1.7492
1.8913
1.7788
1.9010
2.0199
1.8347
1.8348
2.1221
1.9943
2.1516
1.8591
2.2457
2.1476
2.2037
1.7539
1.8580
2.0064
2.3702
1.9361
2.3461
2.4054
2.2664
2.2097
2.3455
2.2317
2.2135
2.6101
2.6828
2.3767
2.4306
2.4435
2.3083
2.5569
2.3357
2.4556
2.6783
2.6091
2.6431
2.5006
2.4995
2.4438
2.2466
2.0661
2.1351
1.8985
2.0197
2.1747
2.4172
2.0120
2.1085
2.0513
1.9892
1.9698
2.3194
2.4893
2.7976
2.6138
2.3878
2.3087
2.2381
2.4404
1.9702
2.0174
1.9310
2.0275
2.2018
2.2996
1.9808
1.8979
2.0646
1.9556
1.8327
1.8344
1.9512
1.9261
1.7807
1.9803
1.7983
1.9799
1.9931
1.6935
1.8248
1.9055
1.8767
2.1976
1.9049
1.7246
2.2431
2.1321
2.0052
1.8681
1.8272
1.6822
1.8232
2.0402
2.0077
1.8864
1.9944
1.9239
2.1437
1.9319
2.5841
2.7489
2.6581
2.9174
2.7560
2.9328
2.8153
2.4630
2.9256
3.0448
2.8317
2.8511
3.0945
2.9676
3.3998
3.2682
3.4235
3.6149
3.7568
3.3079
2.9729
2.6441
2.7953
3.2647
2.8757
3.5501
3.2153
3.5216
3.3946
3.3055
3.6361
3.8323
3.4931
3.7143
3.1881
3.0918
3.1560
3.3230
3.3946
2.8777
2.7569
2.4577
2.6904
2.5184
2.6022
2.3826
2.0150
2.0174
2.2786
2.1322
2.3113
2.2053
2.0756
1.8569
2.1125
2.0046
2.3407
2.2682
2.2727
2.3572
2.3827
2.6706
2.5001
2.2738
2.6810
3.1786
2.6696
2.7324
2.9561
3.2233
3.1892
2.9266
2.8896
2.6195
2.5191
3.2326
3.1616
3.1673
2.7303
2.7768
2.7793
2.8328
2.9484
2.8024
3.1959
3.1226
3.1123
3.2000
3.4217
3.4618
3.4523
3.1364
3.4521
3.5078
3.0412
2.9898
3.1399
3.2731
2.6802
2.9840
2.8084
2.6323
3.0395
3.0556
2.6411
2.7025
3.1938
3.2034
3.4706
3.3161
3.0593
3.3569
3.2877
3.1591
3.4479
3.3966
3.2240
3.1636
3.2076
3.5625
3.6189
3.4625
3.0239
3.1177
2.8113
2.9955
3.0324
3.0277
2.9798
2.7948
3.0241
2.8851
3.0798
2.6950
2.4749
2.8048
3.0470
3.3273
3.1004
2.9680
2.9983
2.6646
2.6675
3.1367
2.8481
2.6280
2.7340
2.6435
2.6733
3.0711
3.1806
3.0832
2.5289
2.7206
2.9151
2.9255
2.8779
3.0250
3.1452
2.8130
3.0357
2.9822
3.1848
3.2972
3.3887
3.8152
3.8116
3.7030
3.8817
3.7741
3.4170
3.7100
3.7115
4.0134
3.8710
3.4595
3.6433
3.8666
4.0994
4.2726
3.9273
3.5823
3.3919
3.4607
3.0509
3.0337
2.8352
2.5346
3.1718
3.0936
2.8817
2.5604
2.7125
2.9874
3.0507
2.8560
3.0419
3.3331
2.6183
2.7261
2.5138
2.8828
2.9130
2.8640
2.8066
2.7801
2.4981
2.1462
2.3509
2.2348
2.3169
2.6137
2.7293
2.1659
2.5269
1.9906
2.0351
2.2514
2.1143
2.1038
1.7379
1.4154
1.6289
1.4677
1.5288
1.7759
1.4882
1.7767
1.9175
2.0562
1.7370
1.8882
1.5496
1.4201
1.4783
1.3264
1.4777
1.4999
1.7593
1.8499
1.7124
1.6946
1.7059
1.4756
1.4728
1.4329
1.4783
1.4864
1.6657
1.9283
1.6867
1.8521
2.1798
1.7854
2.2762
2.5698
2.3885
2.0955
1.9182
2.0948
2.2266
2.0384
2.3005
2.2947
2.4244
2.4009
2.5441
2.8272
2.7550
2.7758
2.5972
2.6542
2.3101
2.4666
3.0111
2.7093
2.3549
2.5622
2.6941
2.2739
2.5307
2.4834
2.6732
2.6880
2.6737
2.3871
2.3330
2.3874
2.4537
2.5956
2.3468
2.4727
2.4466
2.8915
2.6792
2.8666
2.5364
2.6894
2.3284
2.8126
2.6383
2.5212
2.2170
2.6826
2.3761
2.2568
2.5030
2.5469
2.5344
2.9366
2.6789
2.6155
2.6628
2.6926
2.7731
2.8867
2.6912
2.5231
2.3991
2.7240
2.9023
2.8251
2.6447
2.5635
2.9507
2.7703
2.5710
2.2914
2.1414
2.0877
1.8577
2.4380
2.2477
2.6101
3.0424
2.8212
3.1904
3.2734
3.0893
2.9403
2.9072
2.5297
2.6248
2.9725
3.2790
3.7274
3.6450
3.5092
3.2924
3.0288
3.4015
2.8961
2.8543
3.1992
3.0765
3.0577
2.8775
2.8370
3.4463
2.8197
2.6564
2.6645
2.4193
2.2874
2.6399
2.5809
2.4869
2.7193
2.7101
2.6719
2.7936
2.7465
2.6755
2.6369
2.8840
2.9122
3.3227
2.9396
3.1508
3.5470
3.4341
3.2649
3.3907
3.2744
3.0912
3.2428
3.0286
3.0968
3.2677
3.1348
3.4717
3.7224
3.6862
3.2196
3.3944
3.3134
3.9748
3.7570
3.7964
3.5185
3.8659
3.4137
4.1707
4.3842
3.7229
4.0816
4.0583
3.7095
3.3326
3.6846
3.4943
3.5018
3.2927
3.7125
3.7902
3.6706
3.7202
3.6072
3.2944
3.2962
3.4119
3.8519
3.6850
3.5452
3.7981
3.7125
3.8200
3.9848
4.0207
4.0919
4.5804
4.6743
4.2623
4.0540
4.1679
4.0738
3.9072
4.3455
4.0298
4.0753
4.2130
3.7195
3.9948
3.9488
3.6828
3.8734
3.7315
3.8739
3.9883
4.1319
3.9979
3.7275
3.8815
4.0889
3.7003
3.7026
4.1177
4.0948
4.2304
4.0325
4.1132
4.1260
4.0434
4.2638
4.2949
4.2998
4.2653
4.3089
4.1507
4.1638
3.8973
3.8175
3.6981
3.7515
3.6798
3.5096
3.8522
3.3659
3.3866
3.0592
3.1758
2.9926
3.4949
3.3509
3.0376
3.4268
3.4188
3.7298
3.7108
3.6817
3.3676
3.1382
3.4493
3.5751
3.0287
3.2373
3.4433
3.6826
3.0683
3.5854
3.6259
3.3865
3.7782
3.7634
3.7698
3.3286
3.8290
3.3313
3.3127
3.3921
2.9124
3.4242
3.5596
3.4667
3.4818
3.7720
3.3349
2.8303
2.9152
2.6568
2.6299
2.9164
2.5741
2.5494
2.4743
2.6365
2.6530
2.7702
2.9702
3.0496
2.9202
2.5150
2.8764
2.6503
2.7786
2.8457
2.6210
2.6200
2.5483
2.7016
3.0449
2.9649
2.8919
3.0013
2.8858
2.9907
2.8567
3.1097
2.8226
2.7969
2.7923
2.9517
2.5439
2.5641
2.6263
2.3425
2.3571
2.4910
2.8616
2.9569
2.7523
3.0198
2.6054
2.8455
2.6295
2.5666
2.6003
3.1068
3.2319
3.4153
3.3236
3.1722
2.9831
2.9200
2.6493
2.5832
2.8363
2.8692
3.0874
2.5973
3.5660
3.0634
3.1899
3.2819
3.2251
2.6309
3.1040
3.0998
2.9409
2.5611
2.6934
2.7857
2.9046
2.7985
2.7871
2.8863
2.9169
2.9431
3.0620
2.7137
2.7172
2.4020
2.8127
2.6542
2.8122
2.6529
2.7877
2.4611
2.7063
2.9357
2.6937
2.5976
2.5312
2.3589
2.9217
2.7023
2.6991
2.8701
2.7679
3.0627
2.7908
2.9520
2.6597
2.6338
2.7907
2.7098
3.0152
2.7087
2.5889
2.8575
2.8359
2.6512
2.7841
2.6674
2.5532
2.1322
2.1182
2.2200
2.4151
2.4224
2.6517
2.6004
2.6266
2.5688
2.3931
2.4763
2.3036
2.8652
2.8683
2.8426
2.7480
3.0623
2.9036
2.9623
3.0653
2.8754
2.7179
2.9740
2.9441
2.7364
2.9893
2.7930
2.8623
2.7835
2.7954
2.9249
2.9466
2.9324
2.9063
2.9122
2.9957
3.2445
2.7452
2.5566
2.7560
3.1966
3.5592
3.5154
3.3842
3.0820
3.2270
3.0624
3.1857
2.9068
2.9129
2.9152
3.0333
3.0003
3.5087
3.2084
3.3526
2.9629
2.8491
3.0213
3.2688
3.4966
3.2007
3.1150
3.0209
3.0138
3.1778
3.0335
2.8120
3.0875
2.5679
2.7467
3.0810
3.5140
3.4562
3.3952
3.5313
3.5256
3.3808
3.7100
3.6578
3.4007
3.5379
3.5282
3.6804
3.3878
3.6892
4.0208
4.0990
3.6943
3.6032
3.7084
3.6842
3.9277
3.4328
3.7797
3.3956
3.3405
3.6870
3.7854
3.7045
3.7439
3.9589
3.9100
3.8956
3.7851
3.7680
4.0873
3.9188
4.0482
3.7581
3.6951
4.0066
3.7116
3.8258
3.7533
3.8185
3.7663
3.7706
3.5298
3.7697
3.5950
3.6575
3.2133
3.8535
3.8598
3.5408
3.5042
3.2998
3.4537
3.3168
3.6901
3.5841
3.4337
3.3092
3.3403
3.4683
2.9787
2.8710
2.9942
2.8530
3.1674
3.1774
3.1473
3.4358
3.3336
3.3469
3.3415
3.0163
3.3646
3.1427
3.3203
3.4521
3.4923
3.2972
2.9837
3.3120
3.0093
3.1111
3.1036
2.9839
3.2705
3.2278
3.0690
2.9022
2.7206
2.9263
2.5862
2.8322
2.9692
2.7456
2.6957
2.7472
2.9591
2.6756
3.0411
2.9316
2.9671
2.6496
2.6999
3.0383
2.8730
2.9590
3.0993
2.8360
2.8607
2.8942
2.8995
3.3302
3.1259
3.1125
3.0853
2.9954
2.9422
3.0723
3.0358
3.1637
2.8596
3.0251
2.9920
3.3767
3.2986
3.3156
3.2394
3.3177
3.4570
3.8066
3.2924
3.3296
3.4223
3.4698
3.7192
3.6858
3.5104
3.4601
3.1705
3.3866
3.1971
3.3029
3.4297
3.7875
3.6216
3.2899
3.4379
3.6999
3.2973
3.1536
2.9366
3.2514
3.3717
3.0016
2.7298
3.0860
3.5015
3.5747
3.6401
3.7188
3.3269
3.2871
3.3011
3.5490
3.5271
3.2331
2.7767
2.9883
2.8958
2.8647
2.9653
3.0960
2.5374
2.2626
2.3660
2.5400
2.5550
2.3816
2.9281
2.5400
2.4055
2.2902
2.5169
2.5892
2.5453
2.6195
2.8720
2.8185
2.4827
2.5894
2.7799
2.7135
2.6708
2.4781
2.4853
2.3578
2.3124
2.4092
2.5692
2.6350
2.5015
2.5949
2.5104
2.5730
2.2294
2.2487
2.6250
2.4477
2.6741
2.4320
2.4673
2.3900
2.2864
2.1369
2.3333
2.3370
2.2646
2.5956
2.5254
2.7715
2.6992
2.5960
2.4242
2.5077
2.7853
2.7782
2.6830
2.6399
2.9312
2.6639
2.5944
2.6976
2.3592
2.5508
3.0789
2.5391
2.7012
2.6093
2.4480
2.8241
2.5998
2.3047
2.4387
2.4546
2.6919
2.8349
2.7331
2.8910
2.7273
2.7468
2.5833
2.7431
2.8035
2.6276
2.5025
2.4016
2.4144
2.5698
2.9521
2.8385
2.8853
2.2565
2.2745
2.1593
2.3677
2.0450
1.9911
2.1187
2.3079
2.1880
2.1887
2.3572
2.2081
2.3290
2.5563
2.2136
2.1343
1.9819
2.1507
2.3653
2.2500
2.3716
2.3850
2.3484
2.4674
2.5034
2.3511
2.5340
2.6440
2.6370
2.5167
2.5859
2.4140
2.2199
2.5651
2.5777
2.5725
2.4500
2.4453
2.9318
2.6499
3.1060
2.7497
2.9301
2.7279
2.8121
2.5942
2.5117
2.4404
2.4846
2.7362
2.7559
2.7558
2.4669
2.7140
2.6516
2.9067
2.4449
2.6460
2.6255
2.6227
2.3902
2.8881
2.5209
2.7985
2.5034
2.7985
2.9439
3.5404
3.7810
3.7374
