0.7215
0.8220
0.5583
0.8035
0.7235
0.7921
0.7421
0.6541
0.7896
0.9454
1.3833
1.3792
1.2574
1.1637
1.4052
1.4669
1.6353
1.5781
1.7189
1.7526
1.2577
1.6643
1.7485
1.4878
1.2934
1.4543
1.4753
1.6108
1.9127
2.0095
1.9757
1.6473
1.6730
1.4309
1.5039
1.4309
1.1828
1.4137
1.2775
1.0365
0.9537
1.3193
1.6782
1.6330
1.1720
1.5873
1.5663
1.4848
1.0944
0.9915
0.9415
1.0199
1.2285
1.2395
1.0848
0.7578
1.2686
0.8839
0.9601
1.1309
1.0088
1.3212
1.2228
1.4983
1.3310
1.3699
1.6822
2.0376
1.7489
1.3523
1.2204
1.1370
1.1729
1.2891
1.4208
1.3796
1.1967
0.8385
1.0645
0.7505
0.9025
1.0554
1.1060
1.2564
1.0975
0.9697
1.0515
1.5895
1.2480
0.9649
0.9441
1.3631
1.2636
0.8887
0.8482
0.6808
1.2351
0.8303
1.2691
1.1727
0.7955
0.6041
0.5331
0.6469
0.6814
0.8292
0.5632
0.8187
0.6978
1.0411
1.0349
1.2736
0.9681
0.6594
0.7866
0.6856
0.8574
0.9141
0.6781
0.7862
0.9659
1.0458
0.8610
0.6961
0.7452
0.8970
0.8212
0.7962
0.7624
0.6372
0.8247
0.7381
0.8899
0.5010
0.5509
0.9380
0.7342
1.0055
1.4563
0.8322
0.8538
0.9237
0.7038
0.7677
0.7816
0.8615
0.6738
0.5067
0.6288
0.9066
0.7114
0.6921
0.7549
0.7304
0.7273
0.8959
0.9062
0.7009
0.7549
0.5454
1.0517
1.2420
0.9925
1.0728
0.7992
0.7761
1.3792
1.2455
1.0258
0.9876
0.8705
0.9544
1.1903
1.0886
1.1230
2.0138
1.8163
1.5273
1.2364
1.4282
1.3707
1.2943
1.2015
0.8692
1.1433
1.5333
1.1826
1.6133
1.0732
1.1269
0.7504
1.3668
1.6278
1.3055
1.3395
1.3657
1.3898
1.6760
0.8390
1.3982
1.5301
1.4189
1.5804
1.5328
1.3544
1.8461
1.2653
1.0078
1.1036
1.3174
1.1480
1.3433
1.3886
1.5649
1.7812
1.5930
1.3030
1.2197
1.4518
1.0358
1.1394
1.0144
1.5690
1.3895
1.6671
1.7182
2.0498
1.9505
1.5342
1.7544
1.4007
1.2612
0.9205
1.1443
1.4026
1.2140
1.2177
0.9006
0.8884
1.1178
1.4597
1.3452
1.2409
1.3319
1.4516
1.4137
2.1055
1.8216
1.3344
1.1813
1.1450
1.2443
1.2804
1.6396
1.6668
1.6656
1.4232
1.9616
1.9759
2.0711
1.5962
1.6654
1.7649
1.9084
1.4835
1.4965
1.7028
1.1911
1.5276
1.8799
1.8931
1.6195
1.4495
1.1569
1.7046
1.5847
1.7221
1.9328
1.6715
1.7058
1.2042
1.2925
1.2008
1.4310
1.4715
1.2202
1.3673
1.1361
1.7549
1.2841
1.8737
1.6149
1.3521
0.9718
1.3009
1.3977
0.8674
1.1284
1.3101
1.6713
1.5018
1.3168
1.0654
1.1424
0.9194
0.9932
0.8028
0.7055
1.0121
0.7068
0.8151
0.7841
0.7531
1.2542
1.0258
1.1460
0.6894
0.6977
0.7725
0.8608
0.8540
0.7349
0.9128
1.0234
1.1860
1.2941
0.8501
0.8718
0.8171
0.8704
0.3886
0.6944
1.1184
1.0114
0.7224
0.6209
0.7969
0.8002
0.8222
0.7675
1.0036
1.0374
0.8733
0.8424
0.8774
0.8951
1.0116
1.0156
0.7242
1.1511
0.9393
0.7775
0.7768
0.9131
1.0153
0.9999
0.9998
0.9602
0.7707
0.9848
1.1138
1.0507
0.9706
0.9083
0.7367
0.9436
0.5978
0.7483
0.6109
0.6495
0.6722
0.8636
0.6021
0.8873
1.1040
1.1794
1.2573
1.5213
1.3485
1.6652
1.4161
1.3662
1.4684
1.4626
1.5064
1.8219
1.4857
1.3408
1.2708
1.1217
1.3701
1.2226
1.1723
1.0598
0.8393
0.9972
0.8386
1.0108
1.1615
1.1527
1.3522
1.1571
1.3931
0.9329
1.0164
1.2628
1.0727
0.9797
1.0863
0.7082
1.1747
0.7616
1.1478
0.8470
1.1804
1.1702
0.8674
1.0141
1.2849
1.3722
1.0844
1.0446
1.0636
1.4301
1.1373
1.2365
0.9872
0.6802
0.9346
0.8088
0.6751
0.8904
0.9936
0.7573
1.2734
0.7525
0.9240
1.1863
0.9523
0.8799
1.0614
1.1770
1.0752
1.3041
0.6593
1.0480
0.7293
0.5439
0.8422
1.1013
0.8470
0.9701
0.9119
1.0055
1.2607
1.1748
0.8319
0.8841
0.9340
0.9833
1.0496
0.9846
1.1790
0.7752
0.8136
0.8091
0.8058
0.8506
0.6571
0.8407
1.0062
1.2470
0.8440
1.1635
0.9619
1.3508
0.8309
1.0782
0.9496
1.0953
0.7850
0.9166
1.0546
0.8544
0.7856
0.7550
0.6778
0.7688
0.8521
1.0065
0.8295
0.6628
0.9748
0.9729
0.9027
0.7262
0.7040
0.6549
0.7991
0.5803
0.7259
0.6148
0.6539
0.6973
0.7298
1.0382
0.8343
1.1298
1.1792
0.7307
0.7450
0.6840
0.8862
0.9212
0.8754
0.9910
1.0817
0.9641
0.8915
0.9375
0.5924
0.7231
0.8622
0.8385
1.0872
0.8952
1.0680
1.1741
0.9118
0.8359
0.6504
0.8868
0.7458
0.8585
0.9411
1.1150
1.0788
0.8272
0.6689
1.0413
0.9089
0.8837
0.8830
0.8834
0.9044
1.2964
1.5604
1.4899
1.4593
1.5821
1.2550
1.4579
1.3254
1.8748
1.5435
1.4357
1.5224
1.2429
1.2109
0.9654
1.2786
0.9870
1.0126
1.2722
1.5078
1.1147
1.6460
1.4128
1.3131
1.2748
1.3225
1.4731
1.3737
1.1058
1.1824
1.8848
1.8933
1.5738
1.4239
1.4895
1.4685
1.4928
1.6188
1.0774
1.2568
1.6357
1.2556
1.0992
1.3303
1.1064
1.6383
1.4169
1.2117
1.6390
1.2754
1.1745
1.0530
1.3643
0.7953
0.7456
0.8553
0.8980
0.7290
1.0432
0.7120
0.9258
0.7833
1.1034
1.1067
1.2980
1.2417
1.1944
1.3053
1.0774
1.2301
1.0195
1.1157
0.9934
1.2634
1.3093
1.5377
1.4309
0.9746
0.9525
1.3170
1.1049
1.5024
1.4412
1.3230
1.4839
1.2768
1.4377
1.1040
1.2314
1.2786
1.0440
1.3089
0.9725
1.2880
1.2107
1.2667
1.0658
1.3166
1.1938
1.1885
1.3882
1.0403
1.2463
1.2523
0.9879
1.2186
1.1140
0.9676
1.0684
1.2494
1.2591
1.3950
1.0573
1.1024
1.0614
1.2724
1.0772
1.2510
1.3236
0.8021
1.0929
1.0931
1.0912
0.9834
0.8227
1.0524
1.1418
1.3304
1.2496
1.0304
1.1834
1.0627
0.5286
0.7849
0.8615
0.9300
1.0804
0.7852
0.9199
0.7332
0.8276
0.6633
0.6560
0.7210
1.1750
0.7407
0.9043
0.9312
1.2868
0.9729
1.0588
1.0036
0.9981
0.8702
1.0098
0.8084
0.9162
0.7203
0.7362
0.7221
0.6785
0.5738
0.7993
1.2441
1.2556
1.6274
1.3420
1.1024
1.0141
0.6240
0.6040
1.0848
1.0578
1.4330
1.3195
1.2781
0.5488
0.8715
0.9610
0.9393
0.6806
1.0713
1.0742
1.0098
0.8398
0.9129
0.8348
0.7867
0.7706
0.6609
0.7551
0.9308
0.5621
0.9862
0.7709
0.7572
0.5214
0.6319
0.5306
0.8545
0.6878
0.8677
0.5563
0.8338
1.0229
0.5643
0.5222
0.7000
0.7625
0.6802
0.7777
0.6873
0.8153
0.9687
0.7214
0.6573
0.9187
0.8592
1.0472
0.7829
1.0867
1.1159
0.9016
0.7940
0.7115
0.9248
0.5640
0.6297
0.9207
0.6960
0.7094
0.7198
0.5956
0.6688
0.7395
0.6741
1.0328
1.0553
0.8708
1.0482
0.9047
0.9769
0.8183
0.8693
0.7790
0.8860
1.1517
1.1089
1.2235
1.2755
1.3152
1.2725
1.1205
1.2333
1.3799
0.9945
1.5431
1.2822
1.3500
1.5771
1.5037
1.3122
1.4614
1.3198
1.2483
1.3215
1.1482
1.2943
1.4380
1.1281
0.9735
1.5369
1.4188
1.3210
1.0195
1.1795
1.3799
1.4530
1.4654
1.2915
1.2094
0.9767
1.1718
1.0882
0.8721
1.2323
1.1336
1.0202
1.3720
1.2147
1.1838
1.0658
1.4504
0.9702
1.3330
1.1993
1.4873
1.4295
1.1938
1.3373
1.3349
1.3707
1.0764
1.1173
1.2485
1.1878
0.9160
1.1485
0.9656
1.0161
0.9184
0.8762
0.8093
0.9063
0.8248
0.9366
1.2890
0.9197
0.4860
0.6970
1.0168
0.8138
0.4956
0.8875
0.9297
0.8045
1.0370
1.2238
1.1071
1.0176
1.2166
1.2095
1.0904
1.2938
1.3836
1.1893
1.0444
0.9009
0.9772
1.1647
1.3777
1.1537
0.9688
1.0609
0.9648
1.1713
0.8397
0.9149
0.9929
0.9694
1.1613
0.9318
0.9874
0.8419
0.7047
1.0349
1.0752
1.3557
1.3935
1.4573
1.0987
1.4202
1.3895
1.3034
1.0510
1.0851
0.9233
1.0317
0.9755
0.7537
1.2387
1.0486
0.7423
0.6610
0.6831
1.0035
0.9679
0.6377
0.8988
0.8484
0.8911
0.8009
0.8549
1.1306
1.0589
0.9622
1.5090
1.3644
1.3440
1.2922
1.1571
1.1141
1.1495
1.3589
1.0903
1.4718
1.1472
1.5363
1.3476
1.1204
1.3682
1.4693
1.2417
0.9771
1.4464
1.3470
1.3642
1.2891
0.9953
1.1365
1.2612
1.0184
1.1858
0.9490
0.8457
0.9933
0.7158
0.7659
1.0032
0.9974
0.8280
0.7740
0.5068
0.7991
0.7940
0.7828
0.9134
0.6626
1.0994
1.0329
1.3389
1.0464
0.8951
1.3582
1.2126
0.8644
1.1504
1.1239
0.9649
1.1458
0.9170
0.7945
0.7962
0.9711
1.3014
1.0861
0.7284
0.6450
0.8050
1.2974
1.1818
0.7208
0.6953
0.8712
0.7943
0.8982
0.9957
0.8231
0.8998
0.9805
0.9367
1.0115
1.0687
0.9249
0.7318
0.9343
1.0651
0.9708
1.0602
1.1584
1.2374
1.0988
0.8142
0.6823
1.1260
1.1321
0.9819
0.9603
0.9847
0.9523
0.9756
0.8627
1.0459
1.0901
1.1745
1.1460
1.2996
0.8779
1.2874
1.1805
1.3858
1.2706
1.2087
1.1732
1.3268
1.5034
1.5255
0.8786
0.7820
1.0374
1.0611
1.1073
0.7772
0.9102
1.1280
1.0282
1.0790
1.0294
1.0514
0.9738
1.2526
1.2381
1.4584
1.1525
1.1722
1.1717
0.9731
0.9967
0.9745
0.7809
1.0656
1.1420
1.2277
1.1406
1.1006
0.9410
0.8223
0.8231
1.0961
0.8768
0.8181
0.8607
0.6970
0.7555
0.7961
0.7537
0.9504
0.7169
1.2352
1.0752
1.1093
1.1885
1.2242
0.9912
0.8504
0.7793
0.7424
0.9798
0.8859
1.0229
0.8692
1.2134
1.2051
1.0232
1.2778
0.9788
1.2252
0.9074
0.7994
1.2864
0.9975
0.7822
0.8722
0.8709
1.0134
0.9363
0.8514
1.0167
0.9257
0.8427
0.9317
0.8929
1.1490
1.1014
1.3096
1.4254
1.2693
1.6177
1.2329
1.1166
1.1274
1.1551
1.2292
1.2838
1.1028
1.1673
1.4878
1.2941
1.4071
1.4677
1.2763
1.1479
1.3174
1.2018
1.1484
1.2007
0.9201
0.9868
0.9512
0.8900
0.8946
1.0111
0.9088
1.2676
1.0326
1.1698
1.4514
1.4220
1.6192
1.4100
1.3619
1.1831
1.0480
0.8263
1.3378
1.2588
1.2950
0.9563
1.2758
1.1942
1.2265
1.2254
1.1476
1.2066
1.2295
1.3533
1.0440
1.2190
1.0611
1.2593
1.2111
1.2708
1.2045
1.1636
0.9190
0.9027
1.0168
1.2385
1.0356
1.5635
1.6117
1.3627
1.1852
1.1783
1.4595
1.3234
1.5491
1.4526
1.6013
1.5752
1.2142
1.4242
1.5539
1.2569
1.4250
1.4201
1.4397
1.6387
1.8492
1.7807
1.2258
1.3247
0.8170
0.6910
0.9037
0.6433
0.8991
0.8662
0.8943
0.9364
1.3397
0.9336
0.7891
0.7223
1.3174
1.1684
0.8718
1.3727
1.1065
1.1792
1.1617
1.1543
1.1293
1.3079
1.2178
1.3555
1.4234
1.0590
1.3450
1.2797
1.1834
1.3940
1.3226
1.2672
1.1754
1.6328
1.5385
1.1490
1.3003
1.2151
1.1652
1.3245
0.8870
1.0808
0.9504
0.7531
0.9519
1.1918
1.0069
1.3628
0.8248
0.8835
0.9254
0.7850
0.8643
0.9384
0.8668
1.0436
0.9126
0.9489
1.4138
1.5482
1.7127
1.4660
1.3554
1.0643
1.4218
1.3055
1.5529
1.3849
1.2665
1.9740
1.7595
1.7924
2.0871
1.8364
1.6586
1.5195
1.4117
1.0378
1.2911
1.4501
1.4321
1.6034
1.5630
1.5861
1.4316
1.4537
1.6521
1.3659
1.6834
1.8614
2.1428
1.7207
2.2496
1.8364
1.2794
1.4389
1.3651
1.6912
1.3150
1.5518
1.3022
1.3332
1.9507
1.9875
1.8955
1.7257
1.8264
2.0414
1.8294
1.8923
2.0485
2.0098
1.7788
1.6526
1.5448
1.2815
1.2811
1.3548
1.3302
1.2688
1.4986
1.4491
1.6956
1.3703
1.3640
1.3588
1.1097
1.3096
1.2760
1.6433
1.1949
1.2847
1.5261
1.5208
1.5650
1.5866
1.3082
1.2901
1.5976
1.4764
1.3180
1.1007
1.3597
1.2552
1.0933
1.3367
1.2345
1.3218
1.0673
1.0115
1.0073
0.8297
0.8628
1.0672
1.3545
1.0490
1.1554
1.4165
1.3761
1.1319
0.9930
1.2830
1.2161
1.1752
1.4373
1.4268
1.3028
1.2091
0.9090
1.0154
1.3803
0.8021
1.1582
1.1009
1.0670
0.7717
1.0090
0.8363
0.9580
1.1017
1.1116
1.0741
1.0797
1.1910
1.2191
1.4301
1.2747
1.3341
1.0052
0.8531
1.0409
0.8397
0.8863
1.0630
1.3365
1.2552
1.2119
0.9726
1.0498
1.0346
0.9301
1.1752
0.7437
1.0745
0.9675
0.9477
0.9468
1.1523
1.4338
1.7328
1.4484
1.1584
1.5218
1.4167
1.1134
1.2576
1.2149
1.1623
0.9810
1.0126
1.1097
0.9788
0.9028
1.0214
0.7004
0.7773
0.8038
1.0674
1.3369
0.8286
0.8071
0.7707
0.9449
1.0124
0.8721
1.2255
1.1022
0.8579
0.7644
0.8381
0.7011
0.4985
0.8158
0.8974
1.1171
1.0127
0.9489
1.0025
0.9489
0.7975
0.9571
1.1342
1.2821
1.0480
0.9923
0.8499
0.8154
0.8353
1.0935
0.9326
0.8590
1.1805
1.2074
1.0906
1.0500
1.3588
1.3680
1.1133
1.0293
1.2025
1.1007
1.1370
1.0297
0.9012
0.9290
0.9721
0.7868
0.7914
0.9575
0.8701
0.8045
0.7906
0.5937
1.1449
1.0008
0.7540
1.1156
0.8501
0.7979
0.9527
0.9688
0.7819
0.8410
0.9946
1.2592
0.9953
0.9266
1.1616
0.9596
0.7709
0.6088
0.6927
0.7758
0.9892
0.7915
0.5191
0.6504
1.0525
0.9565
1.2391
1.1025
1.0020
0.8990
0.9570
1.0512
1.2102
1.3161
0.9609
1.6876
1.1509
1.4280
1.5894
1.6238
1.4191
1.6620
1.4091
1.4782
1.4309
1.0504
1.2859
1.2139
1.1165
1.0663
1.1941
1.0690
1.0203
0.9138
0.8235
1.1859
0.7325
1.1214
1.0224
0.8236
1.1720
0.8705
0.7503
1.2231
0.7472
0.7846
0.6450
0.9086
1.1129
1.1295
1.0175
0.9795
1.4654
1.1810
1.1440
0.9141
0.9130
1.2100
1.4224
1.1707
1.5090
1.2583
1.3081
1.4907
1.4081
1.0397
1.1084
0.9789
1.1151
1.1573
1.1714
1.2067
1.3036
0.9450
0.7269
0.5127
0.6617
0.9999
1.1935
0.8289
0.8451
1.1568
1.1127
0.7652
0.6931
0.8046
0.4399
0.6722
0.6726
0.7065
0.6566
0.7971
0.7459
0.5321
0.4322
0.6448
0.4983
0.5888
0.8825
0.9707
0.7762
0.6876
0.6944
0.9311
0.8861
1.6637
1.3054
1.3091
0.9936
1.1535
0.9329
0.8553
1.0663
1.1597
1.0639
1.2958
1.1830
0.7980
1.5158
1.4453
1.4673
1.1924
1.3318
1.8994
1.9425
1.6521
1.4466
1.6389
1.3596
1.3270
1.7071
1.5441
1.1104
1.6525
1.2626
1.6204
1.6115
1.4469
1.7176
1.5521
1.4769
1.4345
0.9790
0.5877
0.9734
1.5255
1.3919
0.8651
0.9515
0.6754
0.6218
0.8978
0.9028
1.1741
1.5173
1.3756
0.9388
1.3335
1.1134
0.9260
1.0684
0.7664
0.9901
1.0710
0.9220
0.9775
0.7950
0.8375
0.5832
0.7593
0.7646
0.7269
0.8644
0.8027
1.5280
1.2228
1.3033
1.1903
0.7771
0.7568
0.8100
1.0199
0.7639
0.8614
0.5811
0.6786
0.8431
1.0069
1.1810
1.0563
1.4104
0.8515
1.1157
0.8540
0.5136
0.7320
0.6186
0.6423
0.7612
0.8498
0.5432
0.5853
0.8082
0.6034
0.9928
0.5368
0.7048
0.5703
0.4973
0.4651
0.8552
0.6113
0.5483
0.6779
0.7562
0.4837
0.5113
0.7374
0.7646
0.8695
0.7732
0.6650
0.5917
0.6229
0.6545
0.8966
0.7590
1.0919
0.9108
1.1998
1.2629
1.0751
0.8734
1.0255
1.0417
0.7344
0.8661
0.9309
1.0592
1.3496
1.1384
0.8692
1.1370
0.6657
1.0695
1.0273
0.7433
0.7052
0.8351
0.9899
0.6452
0.6168
0.8548
0.9616
1.0143
0.9466
0.6882
0.8607
0.6795
0.6068
0.9475
1.1187
0.9112
0.8588
1.3538
0.9711
0.6060
0.9597
0.7156
0.7497
0.7616
0.6370
0.8826
0.9354
0.8454
0.8401
0.6992
0.6782
0.9628
0.6925
0.5397
0.6219
0.7932
0.6866
1.3247
1.0829
1.1784
0.9544
0.8351
0.8116
0.8448
1.0757
1.0688
1.1093
0.9746
1.1761
1.5007
1.5642
1.2680
1.2658
1.3868
1.4301
1.5444
1.4100
1.3497
1.3527
1.7756
1.6001
1.5848
1.3084
0.9582
0.9689
0.8556
1.1140
1.1488
1.4783
1.4532
1.1955
1.3296
1.4047
1.1099
1.2928
1.3669
1.0389
1.0830
1.1617
1.4185
1.0211
1.0746
1.1251
1.2850
1.1441
1.1376
1.4125
1.3900
1.0945
1.0767
1.1135
1.3189
1.1054
1.1211
1.2105
1.2442
1.1837
1.0867
0.9846
1.0797
1.0033
1.2906
0.8926
0.9100
0.9827
0.5608
0.5768
0.9829
0.7794
0.7587
0.9415
0.8726
0.7381
0.8716
0.7908
0.8359
1.0586
1.0044
1.0112
0.8698
0.7202
0.6780
0.7294
0.7411
0.7034
1.1212
0.8774
0.5848
0.7866
0.6582
1.0583
0.7342
0.9024
1.4132
0.8840
1.1493
1.2253
1.4012
0.8936
0.8928
0.9418
0.7401
1.2013
0.7374
0.6373
0.6537
0.6935
0.7863
1.0196
0.8699
0.6140
0.9444
0.9088
0.7477
0.8817
1.1046
1.1307
1.0540
0.5203
0.8153
0.8215
1.1871
1.2518
0.9728
1.1647
0.7971
1.2214
0.8331
1.5282
1.1940
1.2379
1.0041
1.3172
1.3542
1.4706
1.5658
1.6677
1.3967
1.4250
1.1231
1.0765
1.2417
1.3864
0.8672
1.0429
1.1472
1.1266
0.9038
0.9733
1.0137
1.0668
0.9331
0.9458
0.6841
1.2092
1.0146
1.2760
1.3633
1.4163
1.1923
1.0808
1.0422
1.1770
1.3770
1.4430
0.8543
0.8237
0.6650
0.7856
0.7167
1.0918
0.9696
0.7138
1.1822
0.7687
0.9134
0.8736
1.1583
1.2173
0.9420
1.0633
0.8188
1.1624
0.7692
1.1053
0.9064
0.7988
0.7764
0.9804
1.1954
1.3828
1.3257
1.3074
1.2992
1.1952
0.6160
1.2645
0.9732
1.0799
0.9752
1.2780
0.9485
1.1349
0.6831
1.0117
0.7810
0.7333
1.1264
0.7854
0.7859
1.0034
0.9188
1.1280
0.7616
0.8306
0.8799
0.9178
1.0690
0.7678
0.9392
0.8610
0.6657
0.4437
0.5291
0.6096
0.9003
0.9525
0.4732
0.6812
0.4574
0.5215
0.5539
0.5808
0.9022
1.0011
0.9228
1.0454
0.9563
1.3871
1.3824
1.4621
1.0335
0.7401
0.7492
0.7440
0.7449
0.6490
0.8839
0.9092
0.6995
0.8634
0.5449
0.6011
0.7182
0.6770
0.7075
0.7644
0.6345
0.5214
0.6440
0.7972
0.8555
0.7017
1.0795
0.8937
0.8001
0.7411
1.2674
1.1519
0.6870
0.8315
0.9404
0.9585
0.8419
1.4457
1.1959
0.7682
1.0308
1.3061
1.1412
1.0923
1.3322
1.2459
0.7640
0.9372
0.8923
0.8703
1.0058
0.9308
1.0812
0.9374
1.0670
0.9715
1.5424
1.6060
1.3857
1.2952
0.9093
1.3916
1.0781
1.0368
1.0652
0.8777
1.2738
0.9126
1.0917
1.6499
1.5728
1.5958
1.4250
1.0759
1.3314
1.4721
1.4945
1.4946
0.9989
1.4489
1.2231
1.2973
1.1347
0.8304
0.9955
1.1546
1.1191
1.3634
1.1206
0.9457
1.1018
0.6545
0.6056
0.9703
1.0374
0.7470
0.6221
0.7503
0.7147
0.4247
0.7792
1.1079
1.0579
1.0441
0.8511
0.5560
0.5088
0.8843
0.9514
1.1142
1.0602
1.1239
1.2516
1.4449
1.3708
1.2992
1.5728
1.2680
1.3268
0.8908
1.2200
1.3884
1.2215
1.4356
1.3262
1.3856
1.3691
1.1471
1.4732
1.1877
0.9472
1.3004
0.8534
0.7616
1.0813
0.8295
1.1451
0.8160
1.2976
1.8305
1.2518
0.7958
1.1597
0.9701
1.3443
1.1313
1.3964
1.3859
1.6736
1.2265
0.9891
1.0243
1.0620
0.9501
0.9181
0.4751
0.7708
0.8444
1.4638
1.1528
1.0767
1.6014
1.7254
0.8679
1.0597
0.7690
0.7695
0.8523
0.6462
0.6338
0.5480
0.7184
1.0171
0.8001
0.9556
0.9617
0.9169
0.9930
0.7209
0.7025
1.1033
0.9177
0.8123
1.1257
1.2325
1.1632
1.1834
1.1588
0.6037
0.8900
0.5999
0.8627
0.7074
0.9948
1.1246
0.8135
0.7514
0.4625
0.6486
0.6471
0.8370
0.5216
0.6366
0.5173
0.7861
0.6130
0.6938
0.6099
0.7294
0.8690
0.8920
1.0210
1.0618
1.0425
1.0434
1.0006
0.8094
0.9262
0.7318
0.9431
0.7765
1.1177
0.9649
1.1376
1.1600
1.0341
1.0660
1.2872
1.1930
0.9809
1.4165
0.9852
1.1649
1.0385
1.3447
0.9197
1.2964
1.4930
1.6895
1.3636
1.3746
1.4478
1.0835
1.0767
0.9740
1.3888
1.4869
1.3137
1.4923
1.4237
1.4839
1.4345
1.5083
1.4127
1.3216
1.5746
1.3515
1.1969
1.5438
1.3415
1.3344
0.8737
1.0768
1.3416
1.0261
1.1363
1.6439
1.5609
1.6974
1.3352
1.1729
1.2308
0.9944
0.7503
1.1594
1.3727
1.4772
1.2021
1.2752
1.4898
1.5755
1.6898
1.6511
1.6698
1.7663
1.5359
1.2822
1.1617
1.4122
1.4585
1.2080
1.4170
1.4334
1.4966
1.4894
1.2757
1.3886
1.4104
1.5082
1.0740
1.3944
1.5507
1.1592
1.3234
1.1629
1.5456
1.1270
1.5648
1.3857
0.9942
1.2379
1.0582
1.2567
1.0227
0.9263
0.8702
1.0925
0.9111
1.0852
1.0027
0.9869
1.1652
1.0621
1.4073
1.0997
1.1140
1.0233
0.9725
0.9505
0.7577
0.8275
1.2790
1.1481
1.0001
1.2921
1.6111
1.5863
1.5456
1.3319
1.1948
1.2493
1.1965
1.0042
0.9480
1.3487
1.0019
1.0209
1.2671
1.3821
1.4115
1.3858
1.0262
1.3325
1.1288
1.2218
0.9428
0.6732
0.7712
0.9077
0.8077
0.8784
0.8247
0.9411
1.1220
1.1165
1.1730
1.0987
1.0253
1.1949
1.1038
0.9328
0.8773
0.9497
1.1989
1.2629
1.3418
1.1134
1.2914
1.2132
1.0014
0.9531
0.9493
1.2271
1.2993
0.9705
1.5334
1.4656
1.4172
1.4258
1.6839
2.0222
2.1728
2.3989
2.4562
2.4480
1.9917
2.1312
1.6892
1.5856
1.9851
1.6938
1.6326
1.4616
1.5165
1.6969
1.6241
1.8138
1.9413
1.7497
1.9680
1.4075
1.6092
1.7162
1.3503
1.3271
1.1732
0.9379
1.0817
0.8354
1.0742
0.9177
1.0267
0.8727
0.8948
0.8252
1.1954
1.4787
1.6169
1.5320
1.5254
1.1509
1.3411
1.1799
1.7564
1.5335
1.5513
1.2117
1.4840
1.3329
1.3803
1.6348
1.2483
1.5659
1.8291
1.5542
1.4328
1.4034
1.2117
1.1405
1.2688
0.8839
0.9256
0.7029
1.1290
1.2510
1.2581
1.2180
0.8587
1.4672
1.5236
1.5759
1.8352
1.2295
1.4130
1.2839
1.0858
1.1249
1.1289
1.3414
1.2931
1.2433
1.6164
1.4575
1.4716
1.5964
1.4104
1.8205
1.4135
1.6632
1.9653
2.1374
1.8686
1.5298
1.2473
1.3887
1.2134
1.2490
1.6482
1.4572
1.9048
1.6403
1.4129
1.5283
1.4277
1.5392
1.3503
1.2807
1.3239
1.1699
1.1925
1.4430
1.4071
1.6352
1.4635
1.8561
1.6663
1.7238
1.5214
1.3070
1.0726
1.0970
1.5211
1.2138
1.3717
1.6012
1.5399
1.2367
1.1712
1.1918
1.3496
1.5659
1.5284
1.8932
1.6147
1.2875
1.1802
1.1672
1.2502
1.3889
1.3946
1.0770
1.3710
1.3023
1.2966
1.6041
1.3010
1.3494
1.2628
1.3574
1.6555
1.5233
1.7661
1.8559
1.9228
2.1676
2.4206
1.8522
1.8571
2.3729
2.5088
2.7344
2.4944
2.5633
2.5826
2.5805
2.4556
2.6344
2.3762
2.0736
2.2663
1.9537
2.3967
2.1491
2.3755
2.6178
2.9265
2.6210
2.2898
2.5048
2.2665
1.9388
2.1048
1.9649
1.9046
2.1064
1.8528
1.6128
1.7004
2.3960
2.2842
2.3816
2.1238
2.7649
2.4098
2.2129
2.0811
2.2790
2.4501
2.4310
2.2035
2.1522
2.0271
1.9568
2.0514
2.3805
1.7558
1.6682
1.6036
2.0769
1.9308
2.3052
1.9985
2.0437
2.1038
2.3450
2.4324
2.1256
1.8910
2.3021
2.6281
2.2240
2.4829
2.2935
2.2958
2.3246
2.6908
2.7351
2.7361
2.8623
2.7998
2.5229
2.1373
2.1945
1.8440
1.9796
1.9721
1.9660
2.2907
2.1151
2.2981
2.1315
1.6400
1.5044
1.5903
1.3429
1.3894
1.2595
1.3041
1.6296
1.3445
1.4865
1.6010
1.6825
1.7043
1.4671
1.6713
1.4951
0.9961
1.4914
1.4924
1.4040
1.3918
1.7051
1.4274
1.3322
1.0750
1.4868
1.5055
1.2561
1.4623
1.2898
1.1375
1.4014
1.5008
1.2566
1.2262
1.2367
1.4795
1.2321
1.1859
1.1177
1.3067
1.4389
1.2803
1.2284
1.0300
1.1773
1.0887
1.1013
0.9538
0.9856
1.0821
0.8156
1.1084
1.1364
1.1931
1.2045
1.3973
0.9529
1.2114
1.2688
0.9185
0.8634
0.7887
1.0490
1.2849
1.0922
0.7491
1.1511
1.4362
0.9821
1.4837
1.2446
1.3834
1.6556
1.3718
1.2087
1.3139
0.8701
1.0028
0.9437
1.2689
1.4311
1.4718
1.2090
1.0985
1.0683
0.9927
1.1450
1.1327
1.2693
1.2016
1.5002
1.2967
1.7121
1.3649
1.3669
1.3086
1.2389
0.8831
1.4409
1.3274
1.0832
0.7811
0.7959
1.2455
0.9797
1.1624
1.0001
1.0921
1.5764
1.3601
1.3314
1.0594
1.2971
1.2104
1.2640
0.9549
1.8243
1.5292
1.4669
1.5841
1.6796
2.0358
2.0457
2.1635
1.8685
1.8121
1.6126
1.5368
1.1159
1.0316
0.8141
0.7673
1.1008
1.2399
0.9853
1.2772
1.2370
1.7292
1.6014
1.7646
1.6374
1.8606
1.0555
1.5029
1.5647
1.5067
1.7950
1.4626
1.2275
1.5461
2.3201
1.7731
1.7567
2.2118
1.7712
1.6879
1.1299
1.6084
1.3954
1.4350
1.2409
0.8887
1.0997
0.7260
1.4311
0.7497
0.7658
0.5833
0.9067
0.8642
1.0528
0.8798
1.4701
0.8312
0.8494
1.1354
1.6355
1.2802
1.1893
0.9553
0.7961
0.8904
0.7640
1.0374
1.1958
1.3455
1.5558
1.3396
1.1588
1.2065
1.3828
1.0233
1.0759
1.0409
1.1024
1.1380
1.1946
0.9380
1.0579
1.2813
1.0840
0.8881
1.0447
1.1074
1.1315
0.9556
1.0489
1.0162
0.8379
0.6387
0.7842
0.8327
1.2603
0.8628
0.8973
0.9267
0.8621
1.2226
0.8305
0.7818
0.7848
0.8315
0.6027
0.7761
1.1716
1.0700
0.8942
0.9879
1.0793
0.9431
0.6999
0.8413
1.2780
1.0878
1.3936
1.3087
1.2637
1.5656
1.0592
1.1953
1.1343
1.3526
0.8268
0.9429
0.9281
0.7898
0.7451
0.8847
0.8193
0.9396
1.0411
0.7974
1.0793
1.2640
0.9293
0.8639
1.0003
1.2045
1.3014
0.9247
0.8319
1.0062
1.2253
1.1830
1.2431
1.3920
0.9928
0.8052
0.7656
1.0967
0.9427
0.8018
0.7061
1.0755
0.9492
1.1523
0.8129
0.7225
1.0340
0.8844
1.2219
0.9339
1.1631
0.8362
0.5975
0.5092
0.8910
0.7656
0.9564
1.0321
1.3866
1.2605
1.1266
1.1134
1.2413
1.5375
1.5628
1.4944
1.4995
0.8885
1.3543
1.0021
0.4761
0.9714
1.2322
1.2397
1.2814
1.1352
1.2873
0.6452
0.7043
0.5968
0.6318
0.7627
0.7971
0.8204
0.9029
0.9240
1.1084
1.7447
1.7935
1.7373
1.5743
1.5625
1.4843
2.2235
1.9068
2.1222
1.9791
2.1114
2.1337
2.3296
2.2965
2.2118
2.2308
2.1328
2.2576
2.1271
2.2462
1.9779
2.2831
2.2593
2.1235
2.3829
2.1754
2.3816
2.1627
1.8927
2.1056
1.7766
1.7990
2.1169
1.9562
2.3181
2.2601
1.9788
1.9430
2.2865
2.5531
2.2408
2.3309
2.2162
2.4263
2.2942
2.3927
2.1436
2.2142
2.2906
2.4765
2.3381
2.6806
2.4724
2.1944
2.2207
1.9987
2.0341
2.0063
1.8681
2.0570
2.3769
2.0869
2.2485
1.9884
1.9229
1.5960
1.8313
2.1970
2.1362
2.1493
2.3598
2.2728
2.2401
2.3671
2.2339
2.3261
2.4606
2.1518
2.3546
2.2871
2.2792
2.2737
2.3963
2.3885
2.2521
2.6809
2.7676
2.5360
2.5859
2.7603
2.3241
2.4070
2.4901
2.4571
2.5837
2.9687
2.9252
3.0897
2.6950
2.9849
2.6984
2.9508
2.9844
2.9319
2.7673
2.5444
2.5962
2.5574
2.4104
2.5166
2.5680
2.4660
2.8035
2.7724
2.4935
2.7905
3.0412
2.8691
2.8474
2.8390
3.2996
3.5962
3.4892
3.3631
3.2390
3.3361
3.3706
3.4498
3.4026
3.9013
4.0387
3.8672
3.3700
2.8801
3.0588
2.7992
2.7917
2.7575
2.7740
2.8849
2.4533
2.7928
2.6123
2.7039
2.3902
2.7194
2.5096
2.6403
2.3345
1.9938
1.8650
2.2315
1.9604
2.0602
1.9311
2.0133
2.3915
2.0272
1.8569
2.0565
2.2308
2.2081
2.2434
2.4561
2.0712
2.1339
2.1777
2.4433
2.2860
2.4293
2.0982
2.0456
1.7610
1.6866
1.8072
1.3265
1.7676
1.1031
1.3250
1.6600
1.4164
1.3341
1.3013
1.6866
1.3525
1.6570
1.7439
1.6257
1.4807
1.8934
1.8319
2.1483
1.7467
1.9348
1.6615
1.7925
1.7942
2.0956
1.5738
1.7172
2.1442
1.8291
1.9136
1.6557
2.0302
2.7014
2.5660
2.1850
1.9842
1.5355
1.5096
1.8647
2.0005
2.0939
1.8867
1.7311
1.8883
1.7312
1.4697
1.5311
1.4539
1.8355
1.7154
1.7891
1.7988
1.9828
1.9558
2.0046
2.4167
1.9645
1.5518
1.4282
1.6719
1.6279
1.7281
1.6906
1.6385
1.4809
1.4731
1.2648
1.2273
1.3805
1.2703
1.7742
1.4010
1.6111
1.6151
1.5463
1.6274
1.6296
1.6828
1.7156
1.7126
1.7928
1.8362
1.8023
1.4763
1.7877
1.7236
1.7452
1.9606
2.2034
2.1121
1.9850
1.8590
1.7496
1.5268
1.5368
0.9558
0.9355
0.5927
0.9117
0.9952
1.0928
0.7447
1.1462
1.1576
1.0298
1.3070
0.9774
1.0355
0.9904
0.8313
1.4180
1.5558
1.4835
1.6085
1.7456
1.2136
1.3340
1.3869
1.4487
1.3869
1.4520
1.6508
1.9835
1.8366
1.5444
1.5169
1.9473
1.4448
1.5172
1.2424
1.2965
1.2937
1.3145
1.0746
1.3065
0.9407
0.8793
0.9353
0.8989
1.1761
1.3940
1.2503
1.5758
1.4884
1.5712
1.5334
1.3029
1.5121
1.0577
0.9106
1.2871
1.2002
1.1787
0.9261
1.1133
1.2538
1.4316
1.2503
1.7425
1.4944
1.4097
1.3820
1.2133
1.0860
1.0355
0.9906
1.2100
1.3659
1.2967
1.4245
1.2062
1.3495
0.9709
1.0245
1.2389
1.4535
1.4725
1.4977
1.6937
1.5154
1.5526
1.4274
1.6893
1.4325
1.5028
1.6650
1.9521
1.6522
1.5083
1.5872
1.2825
1.3516
1.6106
1.4024
1.6163
1.3509
1.2922
1.1804
1.1923
1.4963
1.6287
1.3902
1.1547
1.2873
1.2288
1.5172
1.7026
1.4490
1.1853
1.1534
1.6854
1.8692
1.5343
1.2710
1.1776
1.0700
1.2956
1.4470
1.6654
1.0479
1.1973
1.1225
1.3776
1.1017
1.1534
1.1749
1.3061
1.3358
1.4179
1.3889
1.8966
1.3531
1.4117
1.0866
0.6560
0.7347
1.1709
1.1858
1.3301
1.2907
1.2313
1.3125
1.4365
1.7056
1.6519
1.3995
1.4367
1.7193
2.1034
1.5548
1.5586
1.2516
0.7642
1.0630
1.2575
1.2090
1.0942
1.1911
1.4568
1.5304
1.3738
1.5719
1.6010
1.2282
1.0597
1.0131
0.8671
0.9678
0.8906
1.0754
1.0137
1.1208
1.1643
0.9944
0.8445
1.2024
1.3777
1.6602
1.2572
1.2646
1.2544
1.4570
1.2959
1.3598
1.4515
1.8149
1.3688
1.6352
0.9445
0.9516
1.5061
1.0223
0.9915
1.0978
1.3665
1.1530
1.0950
1.6415
0.9572
1.0461
1.0951
1.1557
1.1905
1.4202
1.1402
0.9705
1.1888
0.9756
0.7405
0.9034
0.9047
0.8857
0.9063
0.9406
1.2951
1.5048
1.4835
1.1931
1.0947
1.6085
1.6557
1.7209
1.1537
1.3629
1.4243
1.2351
1.3054
1.5920
1.6718
1.1796
1.3179
1.4043
1.3064
0.9674
0.9072
1.0458
1.1686
1.3260
1.1477
1.6130
1.0201
1.3133
0.9231
1.2756
0.7625
0.8202
0.6875
0.5781
0.5565
0.5413
0.6239
0.8986
0.7830
1.2113
0.9623
0.8355
0.7600
0.9040
1.0228
1.0505
0.8822
0.6911
1.0796
1.0899
1.0891
0.7142
0.8475
1.1314
1.4699
1.5132
1.3592
1.3838
1.3713
1.4022
1.7396
1.3402
0.9622
1.1963
1.4915
1.4104
1.4719
1.3449
1.1453
1.2750
1.4939
1.4733
1.2717
1.8128
1.2491
1.7293
1.7401
1.7940
1.4034
1.1221
1.3372
1.5699
1.9702
1.8778
1.9315
1.5474
1.6865
2.0032
1.8131
1.9159
1.3378
1.7531
1.7904
1.8782
1.4773
1.5796
1.8291
2.2174
2.0871
2.1380
2.0453
2.0829
2.1350
1.3533
1.8525
1.6090
1.5723
1.3924
0.9944
1.2010
1.0439
1.3258
1.0418
1.0691
0.8092
0.9120
0.8144
0.7300
0.9463
0.9215
0.7705
0.6968
0.6288
0.5234
0.8124
0.5641
1.3670
1.0879
1.1630
0.8258
1.0935
1.2389
0.9314
0.9903
0.8778
1.2310
1.1163
1.0158
0.8039
0.6566
0.8550
0.5483
0.9917
0.8912
1.1773
1.1133
0.9820
1.3098
1.2664
0.9533
0.8233
0.8188
0.8311
0.8649
1.2150
0.9901
0.8089
0.7706
0.9770
0.8499
1.0221
0.7526
0.8345
0.7794
0.9071
0.8269
0.5367
0.7320
0.9587
0.6965
0.7513
0.9985
0.7665
0.6969
0.8757
0.6212
0.5756
0.4821
0.7478
0.8618
0.9602
0.8622
0.8579
0.7960
0.9115
0.9285
1.0555
0.9077
0.8599
0.9241
0.7612
0.9348
0.9654
0.9244
1.0577
1.1427
0.9610
1.1735
1.3533
1.3087
1.4074
1.4765
1.3865
1.4240
1.8604
1.6040
1.6080
1.6179
1.3713
1.4592
1.1492
1.3094
1.5520
1.3659
1.6736
1.7264
2.0373
2.0980
2.2109
1.7580
2.0316
2.4463
2.2684
2.2858
2.4302
1.9334
1.6963
1.6202
1.8054
1.6667
1.5405
1.8089
1.9015
1.9950
1.9480
1.4851
1.5907
1.8746
2.0850
2.1347
1.9168
1.8948
1.8033
1.7320
1.7013
1.8137
1.9635
1.8356
1.7245
1.8822
1.7125
1.6182
2.1445
1.7562
1.8979
1.5735
1.7512
2.1841
1.4347
1.7998
1.5725
1.0936
1.2229
1.3725
1.4451
1.6803
1.6500
1.4850
1.9804
2.2933
1.9461
1.7435
1.5202
1.5043
1.4399
1.1477
1.2421
1.3341
1.1491
0.9668
1.2419
0.8327
0.8360
0.9253
1.0016
0.8797
1.0257
1.3160
1.1808
1.3601
0.9488
1.3437
1.2237
1.1177
0.9614
0.7948
0.6128
0.6235
0.9221
0.8980
0.9193
0.9776
0.8718
1.1095
0.8548
0.8395
1.0067
1.0281
1.4303
0.9878
1.0767
1.3690
0.9484
1.3185
1.4406
1.5677
1.1197
1.3874
1.2479
0.8989
0.9619
1.1117
0.9930
1.0353
1.2522
0.9820
0.7081
0.8020
0.7994
0.9613
0.7374
1.0018
1.0669
1.1619
1.0828
0.9076
1.1738
1.1150
1.4513
1.4148
1.4017
0.7210
1.0949
0.9512
1.1049
1.0768
1.1161
0.8565
1.0346
0.7103
0.7639
0.8614
1.1853
1.0091
0.8547
0.9881
1.0803
0.9829
0.9351
0.9602
0.8868
0.8316
0.9691
0.8412
0.8960
0.9115
1.0448
1.2929
1.8935
1.1969
1.1601
0.9041
1.1500
1.3149
1.3142
1.3056
1.1846
1.3801
1.6512
1.6122
1.4574
1.5132
1.9356
1.6719
1.7744
1.4739
1.3357
1.5536
1.4452
1.4533
1.4824
1.5701
1.1273
1.1870
0.9181
1.4184
1.1335
1.0750
1.3410
1.1666
1.3026
1.3780
1.2387
1.3465
1.1240
1.3925
1.0073
1.0537
1.1637
1.4391
1.0469
0.9519
1.0157
1.0972
1.1528
1.1147
1.2092
0.9342
0.8285
0.9054
1.4513
1.4551
1.2831
0.8199
1.1923
1.0190
1.2658
1.1929
1.4034
0.9809
1.2948
0.9438
1.3515
1.3275
1.3175
1.3001
1.3959
1.5348
1.6539
1.4031
1.3442
1.4665
1.4232
1.4288
1.4184
1.7713
1.5911
1.5132
1.5940
1.3522
0.7246
1.0407
0.9357
1.1901
1.3168
1.3354
1.5726
1.2923
1.2243
0.9492
0.9642
1.0699
1.0471
1.0638
1.1790
1.4033
0.8551
0.9724
0.9460
0.8198
1.0645
0.6930
0.6788
0.8889
0.6028
0.6179
1.2075
1.2314
1.1443
1.4873
1.2168
0.8518
1.2261
0.8071
0.7729
0.8236
0.7774
0.6016
0.6199
1.0005
0.7402
0.6700
0.6633
0.8767
0.7949
0.8411
0.6600
0.9576
0.8543
0.6366
1.0830
1.1832
1.2015
0.9368
0.9731
0.8632
0.7938
1.0197
0.6448
0.8624
0.7823
0.9452
0.9000
0.7733
0.7557
0.8280
0.8896
0.6884
0.8836
0.5881
0.8342
0.7737
0.9480
0.9325
0.9585
1.2307
1.0456
1.1899
0.9815
0.7882
0.8179
0.9837
0.6591
0.7724
0.8665
0.8240
0.6504
1.0770
0.7508
1.4853
1.2252
0.8827
1.1433
1.0918
0.8517
1.0606
0.6825
0.9512
1.1938
0.9836
1.1648
1.0818
1.3203
0.7581
1.0254
0.9850
0.8207
1.1579
1.5148
0.7534
1.1613
1.3016
0.9995
1.3421
1.2305
1.0938
1.3442
1.4391
1.4382
0.7656
0.9254
0.9345
0.8532
0.7669
0.7617
0.9728
0.9607
0.9785
1.0026
1.0166
1.3159
0.7369
0.8696
0.8443
0.7123
0.8785
0.9747
0.7748
0.6870
0.9353
0.8932
1.0151
1.0261
0.8569
0.9676
1.0228
1.0708
0.8751
1.1268
1.2357
1.0604
1.3439
1.2881
0.8242
0.5862
0.8914
1.1852
1.0485
0.8715
0.7741
0.7159
1.0419
0.6151
0.8481
1.0437
1.1530
1.2237
1.1360
0.9763
0.8378
0.7593
0.9338
0.8771
0.9536
1.0687
1.3235
0.9942
1.0395
1.2564
0.9416
0.9937
0.7138
0.6613
0.7029
0.9050
0.7878
1.1162
1.1563
0.9971
1.0882
1.2834
1.0560
0.8251
0.7760
0.9397
0.9314
1.1918
1.0442
0.9751
1.1233
1.0129
0.8653
1.1779
1.0650
0.9723
0.9811
0.7888
0.7421
0.8067
0.6693
0.6173
0.7034
1.0587
0.8843
0.8424
1.0153
0.9628
0.8445
0.8682
0.7599
1.0352
0.9992
0.8755
0.7319
0.7651
0.9158
0.9350
0.8492
0.7756
0.9262
1.3811
0.5349
0.9019
1.1260
1.2155
1.0314
1.0290
0.9638
0.9102
0.9620
1.1743
0.8080
0.6908
0.5390
0.6785
0.6068
0.5127
0.7697
0.9625
1.0245
0.8821
1.1593
0.8699
0.9263
1.2419
1.0414
0.8079
1.1390
0.8866
0.9936
0.8036
1.2358
1.3625
1.3617
1.1653
0.9525
0.8808
0.8264
0.9561
0.6904
0.7161
0.8567
0.8216
0.7990
1.2532
1.1157
1.2700
1.2673
1.1072
0.9758
0.9623
0.9059
1.0647
0.9396
0.8169
0.7567
0.7574
0.8074
1.1909
0.9396
1.3173
1.6755
1.1131
1.3963
1.0567
1.3408
1.1091
1.1752
1.4906
1.1758
1.3766
1.3351
1.2090
1.2180
1.4499
1.3751
1.3981
1.3073
1.1935
1.0825
1.1893
0.9827
1.1895
1.0981
1.1697
1.0002
0.7006
0.8287
0.5085
0.8223
0.5037
0.9342
1.0538
0.7361
0.9218
1.1272
1.0246
0.7184
0.8221
1.0379
1.3503
0.9663
0.9920
1.1073
1.1514
0.9609
1.0494
1.0285
1.2065
0.8562
0.7558
0.9300
0.8379
0.8498
1.1604
1.2203
1.1978
0.8981
0.9992
1.3329
1.2330
1.7576
1.4469
1.5985
1.6926
1.3148
1.2526
0.8443
0.8161
1.0474
1.1638
0.8493
0.7566
0.6941
0.7762
0.5643
0.8408
0.5264
0.6353
0.7340
1.1198
0.8157
1.2194
1.3313
1.0860
1.0750
0.6500
0.7214
0.9548
0.8771
1.1415
1.1412
1.0153
1.1948
1.2928
0.8871
0.9384
0.7075
1.0021
1.0837
1.2259
1.1730
0.7481
0.8982
0.5750
0.7657
0.8601
1.0521
0.7930
1.0513
1.0948
0.7362
0.8652
1.0244
1.1163
0.8886
0.8220
1.2529
1.0377
0.8417
1.3734
1.0568
1.0948
1.2767
0.8632
1.1951
1.1616
1.3789
1.1204
0.9791
0.9392
0.9908
0.9552
0.9342
1.1830
0.8701
0.9694
1.1110
1.0265
0.7157
0.6884
1.1317
0.8710
0.7109
1.3245
1.0195
0.9824
1.0865
1.0430
1.3457
1.0510
0.9872
0.9218
0.9751
0.9492
0.6722
1.0678
0.8115
1.4191
1.3333
1.4490
1.2656
1.5030
1.0603
0.9297
0.5673
1.2275
0.6237
0.8616
0.7014
0.8157
0.6518
1.1974
0.8850
1.1082
1.2004
1.2870
1.2007
0.9479
1.1037
1.0347
0.8214
1.5630
1.2080
1.2480
1.0615
1.0160
0.8756
0.9749
0.9458
0.9765
1.1039
1.1500
1.0754
0.9238
0.7285
0.9221
0.9175
1.0811
0.9185
1.1138
1.1115
1.1582
0.8040
1.0475
0.9851
0.4989
1.3788
0.8580
1.3957
1.1460
0.8791
0.8800
0.6558
0.5427
0.9033
0.9058
0.7998
0.8728
0.6804
1.0906
1.3165
0.8367
0.9345
0.9183
1.0761
1.1327
1.3920
1.0991
1.1748
1.6046
1.8735
1.7842
1.5752
1.4392
1.1585
1.2113
1.6078
1.3694
1.2721
1.4871
1.4536
1.7000
1.3020
2.0558
1.5331
1.4660
1.3983
1.0949
1.7760
1.9293
1.3558
0.9218
1.0830
0.9792
1.0071
1.5037
1.2584
1.2188
1.3410
1.7192
1.3892
1.1399
1.1283
1.5261
1.8088
2.0765
1.8344
1.6251
1.8074
1.3746
1.2537
1.1383
1.2840
1.1587
1.2796
1.0197
0.9056
1.2037
1.3013
1.1407
1.0247
0.9982
1.4646
1.1805
1.0358
1.3139
1.3263
1.3077
1.5202
1.3865
1.6481
1.3550
1.3898
1.7255
1.5463
1.3580
0.9109
1.5663
1.3583
1.1182
1.3177
1.3026
1.4579
1.8573
1.5301
1.6777
1.5054
1.5350
1.6080
1.6414
1.7615
1.3218
1.4125
1.8313
1.7581
1.5102
1.3322
1.4794
1.3630
1.2066
1.3033
1.1061
1.2781
0.8072
0.8851
1.4644
1.4570
1.4343
1.1756
1.3408
1.5537
1.7556
1.5668
1.2062
1.1747
0.9928
1.2869
0.9694
1.5950
1.6038
1.8819
1.9116
1.6106
1.6544
1.4943
1.5370
1.1796
1.2125
1.4082
1.1917
1.2173
0.8956
0.9594
1.3569
1.0382
1.1292
0.9262
1.0308
1.0021
0.9267
1.1809
1.1298
0.9292
1.1726
0.8789
1.0115
0.9785
1.1923
1.0793
1.1225
1.3220
0.9812
0.8989
0.7337
0.8329
0.8861
0.8328
1.0008
0.9543
1.0842
0.9289
1.0043
1.2601
1.2951
1.8195
1.7511
1.6742
2.2628
1.8730
1.5855
1.7061
1.5386
1.6874
1.3484
1.5485
1.7207
1.6093
1.4833
1.5838
1.2818
1.1194
1.0072
1.0219
0.6237
1.0270
0.7014
0.8718
0.5221
0.7579
0.9848
0.8727
0.7808
0.8710
1.0601
0.6979
0.7864
0.9365
0.8851
0.9758
0.8834
0.7774
0.8485
0.9595
1.2075
1.0171
1.1741
1.0424
0.6785
0.6236
0.8623
0.7866
1.2154
0.9212
0.9421
1.0596
0.8466
1.0577
0.7416
1.2513
1.2379
1.3491
0.9508
1.1418
0.9971
0.9608
1.0734
1.2191
0.8883
1.0265
1.3308
1.4096
1.2513
1.0134
0.9317
1.0004
0.7416
0.7968
0.9879
0.9388
1.0343
1.0121
1.0517
1.1505
0.8994
0.8703
0.6863
0.8863
0.6932
0.6931
1.1280
1.2317
1.6312
1.2083
1.0950
1.6325
1.4136
1.4516
1.3224
1.3109
1.8005
1.5925
1.0603
1.1997
1.2451
1.2201
1.2789
1.3847
1.7300
1.9796
2.0775
2.3381
2.2400
1.9326
2.0911
1.5065
1.3738
1.3352
1.2520
1.3084
1.0425
1.1589
1.2894
1.1236
0.9346
0.9868
1.2193
1.4019
1.4584
1.6647
1.8355
1.7528
2.0216
1.9454
1.6012
1.6995
1.4080
1.8688
1.6068
1.2764
1.2810
1.2647
0.9590
1.1535
1.2462
1.5178
0.9517
1.1421
1.0482
1.4754
1.2928
1.8447
1.5865
1.4740
1.2892
1.6299
1.5587
1.4889
1.2941
1.4107
1.5450
1.3370
1.3443
0.8550
1.1436
1.1311
0.9198
1.0063
1.2657
1.1780
0.9531
1.0880
1.0638
1.2889
1.1417
1.5753
1.8683
1.6653
1.7962
1.6754
1.4524
1.6242
1.4591
1.5268
1.6357
1.7029
2.0267
2.1501
1.7508
1.8833
2.0900
1.8488
1.7297
1.9913
2.0593
2.6502
2.7678
2.8385
3.0525
2.9991
3.1237
2.7590
2.6987
3.0532
2.8988
3.2688
2.6456
2.6622
2.6293
2.4023
2.2432
2.1000
2.3031
2.1399
2.3339
2.3838
2.3566
2.8389
2.6330
2.5396
2.3507
2.3235
2.5034
1.9600
2.1981
1.4141
1.8358
1.4186
1.7326
1.6363
1.6970
2.4765
1.8281
2.0118
1.6044
2.0668
2.2389
1.7951
2.6052
1.8370
1.7820
2.0731
1.6306
1.7356
1.9377
1.8818
1.7250
1.9036
2.1490
2.3591
2.3288
2.1722
2.1139
2.0960
1.7443
2.0921
1.6111
1.3469
1.4467
1.5026
1.5270
1.6649
1.6426
1.7936
1.6569
1.4765
1.8744
2.0431
2.1661
1.8501
1.6207
1.8483
1.7388
2.2348
1.9933
2.5255
2.0633
1.5363
1.8352
2.2655
1.4668
1.6364
1.5700
1.7981
1.4591
1.5389
1.7965
1.4140
1.1948
1.3460
1.1619
1.0567
1.3118
1.4014
1.5758
1.4019
1.1448
1.6108
1.4167
1.3389
1.5419
1.3009
1.1743
1.3142
1.1889
1.3851
1.4461
1.0108
1.0296
1.0805
1.0135
1.0363
0.9961
1.1364
1.2241
1.6182
1.5673
1.8724
1.8614
1.6157
1.3462
1.3879
1.1728
1.5380
1.4872
1.4500
1.1733
1.0767
0.8414
1.0880
0.8852
0.8876
1.2421
1.1022
1.0228
0.9406
1.0610
1.0000
1.0104
1.1155
1.0028
1.3258
0.9639
1.3890
1.2980
0.7646
0.9371
0.7939
1.1775
1.1943
1.1492
0.8540
0.8166
0.9050
0.5794
0.5704
0.6398
0.6047
0.6771
0.7560
0.5739
0.9982
0.9683
1.1378
1.0922
0.8927
0.8289
0.6249
0.5846
0.8891
0.6117
0.7695
0.8492
0.9002
0.9901
0.9351
0.5410
0.9890
1.1068
0.9834
1.2737
1.3590
1.4627
1.3219
1.0743
1.4303
1.4509
1.2243
1.3381
1.0121
0.8405
1.2291
0.8834
0.7172
0.8988
0.7940
0.6131
0.9035
1.0212
0.6481
0.8967
0.7779
1.0442
1.2394
1.2268
1.5986
1.3956
1.5273
