1.5332
1.5946
1.7675
1.5763
1.4127
1.6435
1.6456
1.3893
1.8058
1.8870
1.9180
1.7152
1.6889
1.6541
1.6186
1.9863
1.7735
2.1817
1.8974
1.9798
1.9348
2.2212
2.1574
1.7492
1.9547
1.8453
2.0517
1.5996
1.8069
1.7501
1.6426
1.8788
1.9098
1.7537
1.8288
1.8632
1.9056
1.8541
1.7430
1.8432
2.0649
1.5763
1.6719
1.6681
1.6305
2.1060
1.9724
1.6669
1.9321
1.7277
1.8264
1.7746
1.7463
1.7192
1.7578
1.8574
1.7102
1.5942
1.5877
1.9305
1.9185
1.7220
1.9981
2.0215
1.9136
1.7719
1.8466
1.9786
2.2872
2.2691
1.9757
1.7739
1.6858
1.8368
1.8858
1.9145
1.8934
1.9225
1.8569
1.8721
2.0869
1.8853
2.0868
1.9777
1.9755
1.8826
1.9429
2.0661
1.9292
1.5490
1.7259
1.9157
1.8333
1.9094
1.9600
1.8601
2.0128
1.9300
1.9541
2.0357
1.8234
1.8120
1.8756
2.1167
1.9258
2.0567
1.8734
1.7153
2.2841
1.7218
1.9119
1.7769
1.4340
1.7709
1.7376
1.5534
1.6804
1.6823
1.6721
2.0941
2.0212
1.8821
1.8920
1.7808
1.8570
1.6806
1.7450
1.7795
1.7079
2.0336
1.9983
2.1207
1.8674
1.7886
1.8807
2.0761
1.8344
2.1126
2.1452
1.9518
1.9788
1.8208
1.7706
1.9507
1.8464
1.8122
1.7282
1.8275
1.7316
1.8228
1.7005
1.7114
1.6013
1.6800
1.7057
1.7107
2.0970
1.8485
1.5721
1.8725
2.1631
2.4578
2.1885
2.2309
1.9585
1.6990
1.8761
2.2260
2.1163
1.9027
2.0886
2.1402
1.9823
1.9097
1.9696
2.1839
2.0949
2.4415
2.0079
1.8321
1.3811
1.7821
1.7666
1.5689
1.5740
1.4155
1.5190
1.7994
1.7154
2.0305
2.1624
2.1131
2.1159
1.9838
1.7895
2.1394
1.9949
2.5941
2.1776
2.1483
2.1276
2.3078
2.2116
2.0848
2.2473
1.9259
1.9927
2.1619
1.9597
1.9586
2.2432
2.4896
2.2970
2.3123
2.4355
2.0933
2.0851
1.8820
2.1888
2.0373
1.7372
2.3089
1.9790
2.2079
2.1096
2.3434
2.2799
1.9982
2.0128
2.1684
1.8386
2.1652
1.9804
2.0087
2.0526
1.8608
1.9556
1.9463
1.9247
2.0753
2.0420
2.0444
1.9653
1.7960
2.0481
2.1301
2.1849
2.2898
2.1191
1.8801
1.7372
1.8592
2.0611
2.0491
2.0696
2.0299
1.9576
2.1895
2.1367
1.9907
1.9741
2.0739
2.2242
2.1880
2.3090
2.1150
2.1257
2.0074
2.0250
1.9294
2.1095
1.9464
2.1516
1.8223
2.0571
1.7124
1.7958
1.7252
1.6499
2.1743
1.7004
1.5054
1.7731
1.8998
1.9640
1.9743
2.0160
1.7895
1.9804
1.7068
2.0369
2.1118
1.8643
2.0285
1.9581
1.4060
1.8489
1.8550
1.9867
1.7938
2.2333
2.1658
1.9361
1.6563
1.9664
1.9693
1.9699
1.8013
1.9156
1.6360
1.7143
1.6004
1.5622
1.5665
1.7650
1.7913
1.7913
1.7021
1.6691
1.8081
1.7698
1.8301
1.7545
1.8779
2.0406
1.7156
1.6028
1.5721
1.5755
1.6831
1.8654
1.6463
1.6059
1.5226
1.6531
1.7693
1.8752
1.6482
1.8534
1.6587
1.8688
1.7799
1.7109
1.7577
1.6383
1.7611
1.5092
1.6921
1.8107
1.6985
2.1077
1.7429
1.7033
1.6349
1.6504
1.7407
1.9232
1.7621
1.6414
1.6351
1.7247
1.4417
1.3772
1.5680
1.8010
1.7500
1.8995
1.8808
2.3168
1.9984
1.9340
1.9170
1.9703
1.7846
1.7781
1.5908
1.8853
1.8941
1.8454
1.9804
1.7666
1.9493
2.2636
1.8839
1.7277
1.9567
1.8318
1.9572
1.7751
1.7095
1.6905
1.7606
1.6374
1.8512
1.8137
1.6649
1.9955
1.9241
1.6801
1.8165
1.8888
1.9442
2.1564
2.1869
1.9102
2.0501
1.8932
1.6871
1.8232
1.6850
1.8900
1.7023
1.8556
1.9960
2.2133
2.3341
1.9002
2.0550
2.0891
1.8824
2.1223
2.0279
1.7234
1.7168
2.0031
2.0337
2.0688
1.6271
2.0086
1.6705
1.6964
1.6387
1.7693
1.8520
1.9745
2.1338
1.9415
2.0309
1.9460
2.2803
2.3577
2.0717
2.2473
2.4236
1.9525
2.3710
2.1174
2.0927
2.0579
2.1902
2.0438
2.1434
1.9236
2.0799
2.1073
1.7516
1.7309
1.7495
1.9228
2.0102
1.7154
1.7863
1.9404
2.1177
1.7047
1.7980
1.8274
1.9440
1.8256
1.6446
1.5555
1.6588
1.4918
1.7597
1.6556
1.7522
1.8008
1.6981
1.7726
1.6995
1.7078
2.0086
1.9394
1.7652
1.7287
1.6551
1.7329
1.7612
1.7670
1.8352
1.8050
1.8340
1.6823
1.6941
1.7135
1.5852
1.6566
1.6862
1.7169
1.6465
1.7079
1.8771
1.8173
1.6346
1.6543
1.8573
1.7673
1.5921
1.6455
1.5722
1.7181
1.7977
1.6431
1.5706
1.5103
1.5813
1.3878
1.6647
1.8415
1.5963
1.7026
1.7634
1.5239
1.8175
1.6477
1.6278
1.4203
1.5481
1.5673
1.5818
1.4442
1.4488
1.6343
1.5582
1.9957
1.5550
1.4845
1.9776
2.0628
1.6150
1.7582
1.7215
1.3845
1.5821
1.5922
1.7046
2.0436
1.8855
1.9404
1.6307
1.5756
1.4139
1.6021
1.6882
1.6413
1.6002
1.5020
1.6344
1.7858
1.6583
1.6050
1.5783
1.3926
1.7188
1.4625
1.4280
1.6017
1.6718
1.7616
1.8367
1.7411
1.9529
1.7997
1.8588
1.6267
1.7020
1.3653
1.6874
1.5496
1.9534
1.6814
1.9146
1.6952
1.9788
1.8033
1.7803
1.5247
1.4826
1.5882
1.5035
1.3842
1.5354
1.6212
1.9479
1.9305
2.2175
2.0324
1.8702
1.5786
1.7397
1.7619
1.8794
1.9158
1.8137
1.9151
1.9205
1.6898
1.9440
1.9211
1.8291
1.6823
1.5438
1.7698
1.8585
1.7966
1.7924
1.7736
1.7663
1.4330
1.4457
1.6082
1.6552
1.6474
1.6546
1.8700
1.7072
1.7567
2.2023
1.9082
1.8833
2.0639
1.8815
1.6003
1.7934
1.8674
1.5872
1.6838
1.8718
1.7852
1.6980
1.7711
1.5016
1.7741
1.5693
1.6125
1.8025
1.7101
1.5880
1.5914
1.5965
1.8750
2.0514
1.6232
1.9269
1.7745
1.8073
1.8547
1.6490
1.8825
1.7077
1.9397
1.6199
1.9086
1.7582
1.5664
1.7368
1.3482
1.8380
1.8920
1.9080
1.9901
2.1140
2.2490
2.1193
1.7216
1.6293
2.1254
1.8691
1.5508
1.7955
1.5203
1.8301
1.8775
1.9612
1.7241
1.7059
1.8640
1.8938
2.2450
2.0506
1.8286
1.8652
1.9581
1.8979
1.8817
1.9635
1.9461
2.0669
2.0706
2.0329
1.9209
1.9676
1.9648
1.9772
1.9167
1.7023
1.8040
2.0292
2.0600
2.0590
2.2466
2.2112
1.8688
1.7356
2.0262
1.8766
1.9767
2.0977
2.0215
2.3515
2.1530
2.2187
1.9080
1.8465
1.8422
2.0429
1.9193
1.8864
1.6507
2.0427
1.9988
2.0907
2.0340
2.4046
2.2099
2.3671
2.0376
2.1875
1.9165
1.9900
2.2273
2.1376
2.4200
2.1746
2.3955
2.4099
2.0098
2.4649
2.5568
2.5346
2.6083
2.0575
2.4172
2.4899
2.3226
2.4094
2.4401
2.3980
1.9847
2.1790
2.0289
2.3197
2.1351
2.3610
2.4788
2.0823
2.2334
2.1615
1.7205
1.7484
2.2884
2.2774
2.0890
2.0712
2.0273
2.0454
2.1416
2.0635
2.3757
2.0702
2.2339
1.9729
2.2274
2.0519
1.6578
1.7398
1.7015
1.7767
2.0428
1.9570
1.8003
1.8439
2.2225
2.0371
2.0374
2.2747
2.5578
2.2444
2.2026
2.3353
2.3052
2.3672
2.2038
2.0865
2.2448
2.2638
2.2418
2.2595
2.2670
2.3086
2.1939
2.1499
2.2297
2.7412
2.3044
2.6232
2.2991
2.0629
2.2970
2.2642
2.0867
2.0534
2.0954
2.1979
2.1915
1.9477
1.7230
2.1800
2.2071
1.7705
1.7711
2.4361
1.9430
2.1676
2.2751
2.3679
2.6170
1.9404
1.7217
1.8378
1.9301
2.1755
2.1959
2.0929
1.9646
2.2557
1.8158
1.7637
1.7757
1.7889
1.5452
1.8499
1.8229
1.8208
1.7115
1.7266
1.9010
1.8240
1.6740
1.8617
1.7410
1.7743
1.7595
1.6220
1.4501
1.8288
1.6580
1.7230
1.6163
1.6832
1.8801
1.7123
1.7569
1.8413
1.7517
1.9497
1.5493
1.8948
2.2060
1.7617
1.9109
2.1917
2.0519
2.0567
1.9852
2.0718
1.7631
1.9564
2.0221
2.1242
1.9659
2.1732
2.0802
2.0117
1.7700
2.0492
2.0656
2.1799
1.9371
1.8865
1.8243
1.8508
1.6198
2.2034
2.0222
1.9618
2.1641
2.0385
2.1306
2.1010
2.0571
1.7927
1.8482
1.8223
1.7659
1.6078
1.5674
1.7986
1.9984
1.6417
1.6820
1.7671
1.9597
1.7091
2.0547
1.7391
1.6310
1.9394
1.8944
2.1790
1.8780
2.1019
2.2084
2.5492
1.9819
2.1307
2.4085
2.1500
2.3783
2.3125
2.3616
2.1287
2.0562
2.2533
2.2369
2.1883
2.3038
2.3937
2.3888
2.0821
2.0590
2.2830
2.1156
1.8677
2.5517
1.9776
1.9974
1.7802
2.0779
2.1741
1.9776
1.9663
1.9714
1.9397
1.7247
1.8205
1.7453
1.9022
1.7465
1.8370
1.9949
2.1068
1.9587
1.8777
1.7540
2.4014
1.9028
2.0822
1.9960
2.3093
2.2203
2.0756
2.0528
1.9333
2.0539
1.8677
1.9238
1.9454
1.8628
2.1256
1.8395
1.8204
1.8679
1.9709
1.8938
2.0657
1.9390
2.1707
1.8849
2.0164
2.1667
1.9798
2.1417
2.0686
2.3803
2.2448
2.2057
1.8360
1.9414
1.8391
2.1112
1.9881
1.6970
1.9826
1.8854
2.4171
2.4549
2.1655
1.7590
1.9501
2.1423
2.3285
2.1929
2.5603
2.0464
2.0045
1.9938
1.9322
1.9639
2.2620
2.1813
2.4389
2.2495
2.2043
2.1793
2.1605
2.0466
2.2956
2.3836
1.8203
2.1088
2.2961
1.8427
1.8556
1.7843
1.8098
2.3505
1.8669
2.1117
2.3769
2.2339
2.1736
2.2238
2.2236
1.9126
1.7905
1.7869
1.7884
1.6056
1.6515
1.8649
1.7432
1.6537
1.7033
1.8284
2.0547
1.6912
1.4552
1.6650
1.6855
2.0949
1.5131
1.7889
1.6578
1.9369
1.5540
1.6533
1.2195
1.8316
1.7185
1.7092
1.7928
1.3661
1.9810
1.8932
1.4452
1.4571
1.6070
1.9873
1.5686
1.4642
1.3999
1.3547
1.5846
1.5615
1.9402
1.6362
1.4899
1.6637
1.5243
1.5225
1.4869
1.6729
1.5245
1.5718
1.6251
1.5207
1.5681
1.7247
1.7571
1.7182
1.7348
1.4496
1.5390
1.6573
1.9147
1.6102
1.4797
1.7278
1.8974
1.7478
1.5619
1.8280
1.7194
1.9871
1.8156
1.4818
1.6027
1.5247
1.5104
1.5084
1.5476
1.9333
1.5026
1.5705
2.0000
1.4716
1.8663
1.7638
1.4234
1.7672
1.8227
1.9271
1.8380
1.5724
1.7995
1.8533
1.7866
1.6322
1.6861
1.9016
1.8370
1.9613
1.8258
1.6544
1.7823
1.8832
1.8107
1.3495
1.5604
2.0971
1.8428
1.5948
1.6461
1.9430
1.9121
2.0533
1.5120
1.7497
1.5750
1.4653
1.6823
1.7529
1.6614
1.4112
1.5645
1.3823
1.6650
1.3652
1.3152
1.6863
1.2311
1.5232
1.4518
1.6248
1.7800
1.4556
1.6384
1.5167
1.5567
1.8086
1.6140
1.8295
1.7932
1.9596
1.9619
1.9896
2.1362
1.6526
1.7534
1.3865
1.5080
1.8965
1.7641
1.8725
2.0579
1.6147
1.3951
2.0129
1.4835
1.5273
2.0368
1.2525
1.4265
1.4390
1.4895
1.5073
1.5194
1.5810
1.5514
1.7277
1.7526
1.9420
2.0153
1.7795
1.6847
1.6841
1.4653
1.5390
1.3991
1.2213
1.2354
1.1545
1.2722
1.1857
1.3184
1.1570
1.4500
1.2518
1.7374
1.4211
1.1768
1.6723
1.2332
1.3111
1.0911
1.5262
1.3926
1.4987
1.5999
1.3210
1.8281
1.1982
1.3605
1.4953
1.3109
1.5479
1.6665
1.7088
1.5329
1.7466
1.4880
1.3087
1.7284
1.8976
1.9210
1.6330
2.0207
1.9903
1.6802
1.3250
1.6841
1.8790
1.3772
1.9208
1.6247
1.8115
1.3029
1.4790
1.9075
1.8524
1.5719
1.1958
1.6633
1.6927
1.3869
1.6037
1.2294
1.6936
1.1899
1.0616
1.5673
1.9849
1.6669
1.9272
1.8694
1.8501
2.1452
1.9571
2.0276
1.6908
1.5111
1.9209
1.4866
1.8429
1.5707
1.7651
1.4104
1.5150
1.9838
1.9138
1.9376
1.8623
1.6415
1.9931
1.6292
1.5914
1.7113
1.6571
1.9100
1.6293
1.5490
1.7974
2.0000
2.2782
2.0003
1.7019
1.8834
1.7612
1.8220
2.0375
1.8949
1.8449
1.6326
1.5837
1.9340
1.8882
1.4944
2.2086
2.0527
1.9817
1.9725
1.7826
2.2223
1.8209
1.8090
1.8462
2.0320
1.9122
1.7789
1.4001
1.6298
1.6838
1.6622
1.4538
1.5562
1.4083
1.6353
1.6030
1.3274
1.3661
1.8090
1.5760
2.0745
1.8647
1.6559
1.6801
1.7316
2.1176
2.0736
1.7541
1.7548
1.8191
1.7955
1.7687
1.8378
1.8225
1.4463
1.6772
1.7644
1.6664
1.8247
1.2873
1.1636
1.3920
1.2384
1.3519
1.4619
1.4516
2.0581
2.2965
1.9760
1.3840
1.9791
1.4459
1.3477
1.6180
2.0610
1.7852
1.4648
1.5711
1.9148
2.0717
1.8040
2.0220
1.6624
1.8224
1.8925
2.0140
1.9939
1.9805
1.6103
1.8745
1.7785
1.8701
1.8374
2.3113
1.9318
1.8260
2.2161
1.9352
2.0542
1.9325
1.9065
1.8783
1.8307
1.8951
1.7061
1.7246
2.1752
2.3408
2.0278
1.9143
1.8147
1.8903
1.9287
1.6211
1.5842
1.8473
1.9217
1.9230
1.8691
1.7429
1.7145
1.8618
1.7349
1.9072
1.7881
1.8544
1.9258
1.5886
1.6463
1.6184
1.6257
1.7036
2.0227
2.0404
1.9335
1.8244
1.9667
1.7617
1.9002
1.7820
1.6418
1.8873
1.7778
1.7828
1.9202
1.8764
1.9977
1.9173
1.8554
2.1012
2.1134
2.0472
1.8211
1.8184
1.9492
1.8010
1.6483
1.8519
1.9107
1.6265
1.5994
1.5885
2.2239
1.9398
1.4332
1.8826
1.8465
1.9455
1.7288
2.0321
2.0168
1.8819
1.8122
1.6975
1.9883
1.9346
1.7064
1.7073
1.8855
1.6417
1.5338
1.6629
1.6975
1.9431
1.7442
1.8675
1.8876
1.9061
1.8239
1.6442
1.7000
1.9405
1.6448
2.2543
2.3470
1.8590
1.8732
1.8913
1.6957
1.9183
1.4823
1.7563
1.6956
1.7687
1.8578
1.9108
1.8807
2.0009
2.0840
1.9586
1.8598
1.7662
2.0055
1.7096
1.7201
1.8730
1.7988
1.6790
1.9257
1.8245
1.9202
1.9727
1.7772
1.7729
1.8300
1.9049
1.9192
1.9380
1.9459
2.1885
1.8351
2.1738
1.7717
1.8235
1.8181
1.8323
2.0989
1.7989
1.9439
2.5116
2.1605
2.0815
2.1449
2.0272
2.2934
2.4678
2.0629
2.6917
2.1421
2.3484
2.5463
2.5171
2.7250
2.1094
2.1438
2.0819
2.0535
1.9007
1.9821
1.9121
2.2831
1.9953
1.7506
1.8565
1.8533
2.0669
2.1621
2.0478
1.9644
1.6646
1.9937
1.7092
2.1892
2.1972
2.3095
2.5793
1.9810
2.1213
1.8929
1.9256
1.6742
1.7383
1.7639
2.1556
1.9356
1.8862
1.7108
2.0463
1.6849
1.9026
1.9485
1.8487
2.0694
2.2192
2.1831
1.6681
1.9650
1.7522
1.6162
2.1601
1.7747
1.8697
2.2893
1.8341
2.2513
2.3616
2.2765
1.9766
1.5077
2.1769
1.7891
2.2785
1.8969
1.7690
1.7653
1.7081
1.9970
2.0559
1.8494
1.8643
1.9569
1.7562
2.2006
1.8472
2.2838
1.8432
1.5529
1.9809
2.1872
1.8721
1.7022
1.9989
2.0136
1.5966
2.0090
1.8146
1.8523
1.6085
1.5603
1.7863
1.8565
1.5194
1.8542
1.7434
1.7386
1.6881
1.7639
1.5270
1.3555
1.6454
1.3018
1.5878
1.2901
1.6832
1.3637
1.0965
1.2739
1.1721
1.6083
1.1469
1.6095
1.6619
1.8315
1.4363
1.5584
1.6959
1.7584
1.6552
1.4515
1.4536
1.6893
1.4778
1.6142
1.8443
1.5364
1.5455
1.3976
1.5167
1.5306
1.6262
1.7640
1.6033
1.5350
1.5446
1.7056
1.7328
1.4582
1.5628
1.6589
1.7029
1.6309
1.5475
1.6679
1.5344
1.8058
1.6938
1.6244
1.6717
1.6142
1.5265
1.8876
1.8099
1.3821
1.8714
1.6819
1.9212
1.5119
1.8105
1.7410
1.8695
1.5132
1.7746
1.6616
1.7642
1.7560
1.9508
2.0280
1.9418
1.4594
1.6157
1.7056
1.8403
1.8615
1.8499
2.1536
1.8512
1.9671
1.8551
1.8138
1.5787
1.6341
1.6714
2.1046
1.7209
1.7690
1.8992
2.2062
1.6637
1.7952
1.9002
1.5317
1.7406
1.8010
1.5987
1.5098
1.7495
1.8153
1.6595
1.8234
1.8333
1.7559
1.6999
1.5824
1.5231
1.6806
1.3424
1.6370
1.7759
1.4082
1.5515
1.4893
1.7611
1.4721
1.7431
1.5866
1.7827
1.8387
1.6529
1.6616
1.5182
1.5417
1.3018
1.4628
1.7268
1.2810
1.5899
1.3726
1.2152
1.4722
1.5987
1.3874
1.2148
1.5629
1.6296
1.4059
1.2142
1.4720
1.4976
1.3326
2.0247
1.8074
1.1648
1.7559
1.7767
1.7704
1.3458
1.6600
1.8209
1.5669
1.7678
1.4634
1.4365
1.8800
1.7638
1.3645
1.5508
1.2642
1.4995
1.7829
1.7031
1.5469
1.4523
1.6996
1.6866
1.6522
1.4919
1.4758
1.8504
1.5310
1.6318
1.6515
1.6718
1.7425
1.4190
1.5032
1.2748
1.3575
1.7974
1.7554
1.8110
1.8556
1.6840
1.7987
1.7432
1.8352
1.7216
1.8319
1.8973
1.7320
1.8517
2.0303
1.5788
1.7029
1.6228
1.8170
1.6059
1.9852
1.2700
1.4548
1.6753
1.8100
1.5020
1.6511
1.6534
1.6286
1.6146
1.6951
1.6287
1.6918
1.7884
1.5610
1.5675
1.7352
1.5655
1.8059
1.5053
1.7277
1.9254
1.5734
1.7677
1.6845
1.7578
1.5255
1.7548
1.9149
1.6092
1.7564
1.6952
1.6479
1.5449
1.6492
1.7090
1.5013
1.4235
1.6225
1.8879
1.5745
1.5189
1.3158
1.8929
1.8020
2.0810
1.5084
1.5961
1.6227
1.8219
1.6598
1.6431
1.7759
1.8086
1.4367
1.5645
1.6768
1.5812
1.7331
1.8637
1.5016
1.9152
1.5476
1.7228
2.3347
1.8133
2.2701
1.4274
1.6783
1.5864
1.7447
1.7679
1.8154
2.1410
1.6566
1.5787
1.7119
1.9917
1.8477
1.5261
1.5162
1.4543
1.4326
1.6265
1.7715
1.6366
1.6157
1.6553
1.6134
1.6211
1.4596
1.8181
1.4752
1.5429
1.5410
1.7339
1.3573
1.8931
1.7367
1.5413
1.6182
1.5588
1.5546
1.5162
1.7216
1.3760
1.4469
1.4829
1.6626
1.5052
1.6231
1.5782
1.5697
1.4312
1.3393
1.6306
1.6536
1.5323
1.4083
1.6815
1.4080
1.6039
1.7871
1.7445
1.5296
1.4443
1.6370
1.5195
1.5943
1.5073
1.7915
1.5579
1.3268
1.6024
1.5354
1.2944
1.6745
1.5432
1.6574
1.6576
1.5585
1.3033
1.5214
1.6231
1.4299
1.8482
1.8208
1.4832
1.4781
1.8352
1.3244
1.4481
1.9618
1.8338
1.4170
1.8779
1.5360
1.4108
1.4806
1.3459
1.7347
1.4296
1.5713
1.3796
1.7361
1.7870
1.5258
1.6841
1.4436
1.5093
1.7203
1.3069
1.4751
1.6415
1.7163
1.3968
1.4299
1.3896
1.4170
1.4548
1.3725
1.6031
1.6070
1.6011
1.8122
1.3925
1.6348
1.7641
1.3774
2.1385
1.5708
1.6310
1.6687
2.0247
1.5752
1.6099
1.5686
1.6624
1.6120
1.4362
1.6116
1.6573
1.2766
1.8961
1.5958
1.4556
1.5886
2.1441
1.9743
1.9371
1.5449
1.8488
1.5683
1.8006
1.6393
1.9568
1.6494
1.6842
1.7025
1.4746
1.7892
1.5750
1.5677
1.8843
1.7208
1.8346
1.8030
1.5059
1.7417
1.6860
1.7214
1.6966
1.4490
1.5727
1.4786
1.4865
2.1978
1.6857
1.8651
1.6679
1.8983
1.8584
1.7295
1.3742
1.5914
1.8240
1.8144
1.9957
1.6397
1.4953
1.7356
1.7162
1.5352
1.9146
1.8900
2.1397
1.7808
1.7286
1.5904
1.4528
1.6665
1.6261
1.8990
1.9950
1.4039
1.5493
1.8250
1.7385
1.7097
1.6687
1.4362
1.6110
1.6346
1.8220
1.7668
2.2127
1.9280
1.4591
1.7142
1.3444
1.5911
1.6538
1.9295
1.8182
1.7452
1.7904
1.8882
1.7480
2.0915
1.9186
1.8729
2.0302
2.5785
2.2718
2.4976
1.8750
1.9620
1.9392
1.5175
1.8936
1.8676
1.6993
1.6122
1.8162
1.7455
1.9282
1.4605
1.8033
2.0454
1.5057
2.0383
2.0443
1.6299
1.9329
1.8113
2.0195
1.4210
1.8411
1.8101
1.7881
1.9243
2.2109
1.9785
1.6973
1.9448
1.5373
1.5988
1.8145
2.1344
1.9042
1.8437
1.6191
1.4657
1.6706
2.1352
1.5712
1.8470
2.0048
1.6726
1.6693
1.3983
1.4438
1.7649
1.7879
1.5923
2.0745
1.6790
1.8290
2.0712
2.3232
1.9911
1.9210
1.6370
1.7191
1.5968
1.5526
1.6811
1.5139
1.5840
1.6399
1.5160
1.5107
1.5181
1.3260
1.6407
1.5886
1.6420
1.6778
1.4924
1.4906
1.3917
1.5247
1.6200
1.3373
1.5459
1.5953
1.6669
1.8027
1.3723
1.2502
1.4970
1.5737
1.5929
2.0411
1.9719
1.8128
1.4031
1.4708
1.4725
1.4475
1.4424
1.3964
1.7027
1.7430
1.7241
1.5075
1.5732
1.5336
1.6028
1.5838
1.5192
1.5721
1.4166
1.2234
1.2543
1.3503
1.4961
1.6616
1.3576
1.6435
1.3718
1.4497
1.6575
1.7077
1.4752
1.3156
1.6626
1.9675
1.4822
1.8003
1.9292
1.3894
1.5141
1.7012
1.5282
1.8772
1.5049
1.4625
1.3748
1.3862
1.5763
1.3997
1.3543
1.4639
1.7024
1.4547
1.6432
1.4821
1.4703
1.4335
1.4949
1.3747
1.4582
1.3899
1.4065
1.5663
1.9288
1.5435
1.5892
1.6333
1.3632
1.3167
1.2899
1.3588
1.4899
1.4541
1.8756
1.8652
1.3891
2.0746
1.5865
1.7725
2.0504
1.6068
1.8339
1.5727
1.6523
1.3572
1.4589
1.7276
1.6393
1.5596
1.6260
1.7821
1.8393
1.7554
1.9010
1.6646
1.5976
1.6368
1.6940
1.6447
1.6440
1.6211
1.7342
1.7679
1.5715
1.8316
2.1704
1.8083
1.7124
1.4873
1.6067
1.5771
1.6322
1.3225
1.3187
1.8390
1.6877
1.6789
1.8428
1.7613
1.7392
1.5963
1.7012
1.5694
1.6010
1.4487
1.6834
1.7284
1.7149
2.1213
2.1591
1.5720
1.6634
1.8332
1.5502
1.9053
1.7062
1.7514
1.6806
1.6192
1.8606
1.1555
1.5914
1.9341
1.6569
1.5492
1.6969
2.0867
1.7421
1.4513
1.5787
1.4801
1.4775
1.6154
1.8810
1.6889
1.6519
1.7041
1.9864
1.7782
1.8527
1.8794
1.7925
1.7940
1.7420
1.6195
1.9739
1.8205
2.0288
2.2590
2.0535
1.8788
2.2621
1.8222
1.8321
2.1569
2.2777
2.0850
2.2484
1.8560
2.0865
2.0508
2.0679
1.8149
1.5951
1.5887
1.9770
1.6062
1.7882
1.9666
1.7585
2.1115
2.1152
1.8650
2.1901
2.1684
2.2950
2.1524
1.5704
1.5223
1.8167
1.9169
1.4152
1.5814
1.7369
2.0431
1.4836
1.7029
1.7690
1.4292
1.5033
1.7102
1.8012
1.3791
1.7396
1.5686
1.3350
1.3779
1.5206
1.4369
1.6214
1.5916
1.9774
1.5061
1.5983
1.6989
1.9350
1.8103
1.7047
1.7607
1.6351
1.9402
1.8150
1.5081
1.5611
1.7084
1.6864
2.0100
1.8300
1.8869
1.7798
1.6739
1.7181
1.6837
1.8851
1.8475
1.9344
1.5774
2.0954
2.0333
1.8470
2.1468
1.7862
2.1074
1.8383
1.8207
1.7547
1.9904
1.8794
1.8473
1.7150
1.7726
1.9376
1.8243
1.8501
1.5901
1.4742
1.7792
1.6690
1.9014
2.3213
2.1193
1.7295
1.9740
1.8717
2.1509
1.8117
1.9218
1.8937
1.8092
1.8804
1.8726
1.7962
1.5534
2.3531
2.0814
1.7913
1.7115
1.7556
1.4809
1.7792
1.5188
1.7430
1.8000
1.7676
2.0363
1.9156
1.7833
1.8187
1.5701
1.8095
1.9690
1.4525
1.5961
1.6203
1.9162
1.6920
2.1300
1.5846
1.8985
2.0673
2.0310
1.7734
1.4303
1.9037
1.6111
1.6901
2.0290
1.4329
1.6525
1.6006
1.7899
1.7570
1.7879
1.7499
1.4985
1.5620
1.8110
1.7342
1.5125
1.7801
2.0721
2.2588
2.5529
2.2903
2.4186
2.2411
2.6633
2.2534
2.5849
2.1316
2.2413
2.2183
2.3083
2.2436
2.2349
2.0236
2.3406
1.7980
1.6190
1.7315
2.0094
1.8070
1.9709
1.9974
2.0792
1.9217
1.7813
1.9767
1.7747
1.7810
1.7649
1.8296
1.7726
1.8484
1.8364
1.6273
1.5868
1.7686
1.9458
1.6822
1.6999
2.0723
1.7176
1.7801
2.0395
2.0876
1.7182
1.7571
1.8840
1.9913
1.8281
1.6940
1.7198
1.5948
1.4337
1.7068
2.0474
1.7440
1.7712
1.8535
2.0485
1.6132
1.4999
1.6746
1.9926
1.6074
2.1362
1.7878
2.0848
1.8568
2.0937
2.0275
2.4567
2.1325
2.2297
2.1343
1.6574
2.0235
1.9791
2.2619
1.8417
1.5538
1.7066
1.7870
1.5511
1.9678
1.6885
1.7713
1.9177
1.6471
1.9347
1.6815
1.6273
1.7189
1.4255
1.5313
1.6742
1.7749
1.8266
1.8153
1.8241
1.9391
1.5956
1.4930
1.6667
1.4349
1.5787
1.6357
1.7343
2.2816
2.2467
1.9874
1.8068
1.7959
1.4481
1.5193
1.6379
1.6324
1.7873
2.2435
1.9232
1.6154
1.5746
1.4317
2.0966
2.2386
1.8559
1.6251
1.7329
1.6603
2.0221
1.2625
1.4695
1.6557
1.4760
1.2602
2.0337
1.7808
1.7426
1.5032
1.2854
1.7070
1.5621
1.4494
1.5927
1.5391
1.3700
1.6814
1.5376
1.5427
1.7276
1.6927
1.5434
1.7258
1.6642
1.6793
1.2319
1.7113
1.3693
1.6805
1.7527
1.4660
1.3874
1.6276
1.5849
1.8102
1.6542
1.8554
1.9798
1.9651
1.5127
1.4747
1.4609
1.7075
1.5266
1.5343
1.3820
1.4462
1.4667
1.9287
1.6200
1.5312
1.6394
1.6949
1.6619
1.9629
1.3540
1.6810
1.6338
1.6439
1.8035
1.8288
1.8101
1.6905
2.0236
1.9727
1.9922
1.9065
1.8425
1.7277
1.6256
1.5006
1.5987
1.6980
1.4589
1.7845
1.6531
2.0423
1.5944
1.4944
1.4461
1.6962
1.7133
1.8533
1.5437
1.5243
1.6992
1.4521
1.8750
1.6373
1.5422
1.6394
1.5559
1.6573
1.8013
1.4939
1.5686
1.8025
1.6856
1.5700
1.6260
1.5785
1.5125
1.7047
1.7102
1.6895
1.6070
1.6434
1.8508
1.4480
1.7434
1.8322
2.2023
2.0180
1.8555
1.8910
1.9968
1.8949
1.9768
2.1645
2.3875
2.0571
2.1312
2.1962
2.1308
1.8312
2.1002
1.6909
1.9847
2.3297
2.1045
1.8114
1.6390
1.7483
2.0262
1.5807
1.7878
1.7298
1.9203
1.6693
1.5885
1.5326
1.6397
1.3996
1.6106
1.8426
1.5543
1.4395
1.9270
1.5533
1.5726
2.0638
1.8961
1.7370
1.6965
1.5679
1.5715
1.7550
1.4956
1.5404
1.4095
1.5658
1.4913
1.8753
2.0986
1.9073
2.4715
2.3245
1.9694
1.7442
1.6703
1.8636
1.7032
1.7763
1.7545
1.7276
1.3726
1.7260
1.8650
1.5862
1.6525
1.6281
1.7593
1.5210
1.5344
1.4355
1.7184
1.7160
1.9313
1.6428
1.6851
1.5079
1.7317
2.0488
1.2450
1.8668
1.4479
1.3566
1.4878
1.3650
1.6428
1.5598
1.5201
1.6482
1.7169
1.7320
1.5679
2.1042
1.9777
1.7417
1.9036
1.8393
1.4019
1.4134
1.6588
1.4864
1.7456
1.5187
1.5990
1.6383
1.4277
1.4762
1.6351
1.5261
1.7640
1.5821
1.6144
1.5746
1.3695
1.6185
1.4876
1.3784
1.3456
1.7160
1.4737
1.4904
1.6084
1.6221
1.5844
1.4959
1.5036
1.6196
1.5355
1.7719
1.8322
1.7326
1.4709
1.5664
1.6680
1.6859
1.7546
1.7616
1.9115
1.9609
1.8554
1.8744
1.7498
1.9696
1.7809
1.9291
1.8194
1.7757
1.6527
1.4518
1.5615
1.5487
1.7093
1.7473
1.8121
1.2911
1.5318
1.6203
1.6256
1.8504
1.7683
1.6870
1.5416
1.6632
1.7316
1.9631
1.7722
1.8655
1.7005
1.5361
1.6468
1.8456
1.7846
1.8521
1.5967
1.7584
1.5806
1.8406
1.8043
1.6655
1.8181
1.9033
1.7944
1.6287
1.6735
1.7766
1.8801
1.8880
1.8141
1.2889
1.6112
1.3835
1.6262
1.5783
1.7665
1.7459
1.4593
1.6785
1.7686
1.8783
1.9644
1.4869
1.4615
1.9163
1.6830
1.7327
1.8719
1.7300
1.6529
1.7115
1.7145
1.6980
1.6811
1.3617
1.8355
1.8523
1.4966
1.4110
1.5937
1.1561
1.4454
1.5641
1.3419
1.7672
2.2466
1.8934
1.6089
1.4149
1.8329
1.6389
1.6251
1.5356
1.5979
1.7856
1.7362
1.8419
1.9403
2.3937
2.2435
2.0462
1.8749
1.4921
1.6649
1.7552
1.6263
1.6208
1.6784
1.9210
1.8978
1.9726
1.9538
1.9198
1.8571
1.9946
2.0081
1.9884
1.8952
1.7506
1.8274
1.5823
1.5515
1.8199
1.7842
1.6117
1.5041
1.4978
1.5125
1.4922
1.7843
1.8548
1.5768
1.7157
1.9589
1.4154
1.8743
2.0417
1.6492
1.8351
1.8690
2.0602
1.7344
1.4390
1.5756
1.6695
1.6045
1.6259
1.7894
1.6105
2.2740
2.2966
1.8345
1.6985
1.4163
1.5727
1.7258
1.5427
1.5685
1.6444
1.5868
1.9282
2.0981
1.7257
1.6901
1.4243
1.7107
1.6341
1.7467
1.7490
1.6920
1.9704
2.1265
2.2068
2.2450
2.0405
1.6419
1.7085
1.5285
1.7332
1.7479
1.5665
1.7270
1.6272
1.5850
1.6954
1.7670
1.7945
1.8129
1.8036
1.7521
1.7794
1.8170
1.8302
2.0905
1.5758
1.6297
1.3661
1.7929
1.4755
1.7670
1.7322
1.6046
1.7069
1.7740
1.7919
1.6723
1.7319
1.9490
1.9534
1.7904
1.7242
1.6152
1.8259
1.5783
1.5479
1.6819
1.9451
1.5306
1.7248
1.6889
1.4409
1.8188
1.6056
1.4913
1.8029
1.8017
1.6402
1.6643
1.6872
1.7262
1.9860
1.8746
1.5634
1.2972
1.7175
2.1269
1.8569
1.7903
1.6139
1.6252
1.7123
1.7613
1.4881
1.4666
1.5697
1.5899
1.6267
1.6489
1.5630
1.4306
2.0552
2.0341
1.6976
1.8058
1.6940
1.5068
1.5239
1.6711
1.6778
1.6379
1.6896
1.8677
1.4606
1.6984
1.7904
1.8692
1.7605
1.6093
1.8223
1.8631
2.0738
2.2737
1.9828
2.0782
1.9256
1.5876
1.6053
1.5810
1.7070
1.6021
1.5637
1.6692
1.8377
1.4791
1.6903
1.6688
1.4617
1.7831
1.5749
1.5630
1.7702
1.5869
1.6640
1.8149
1.4142
1.6680
1.7694
1.4051
1.6664
1.7892
1.5505
1.3862
1.6306
1.5562
1.6261
1.7451
1.5868
1.6340
1.6535
1.6838
1.8706
1.5632
1.7148
1.8514
1.8067
2.1416
2.2425
1.9742
2.0753
1.5731
1.7904
1.6263
1.8792
1.5948
1.6629
1.7572
1.5556
2.0969
2.0522
1.7403
1.9467
1.7101
2.2507
1.8391
1.9278
2.0501
1.6771
1.8492
1.8666
1.7193
2.2458
1.9309
1.8557
1.9118
1.7311
1.6875
1.8751
1.7976
1.7849
1.7342
2.1208
2.3611
2.4983
2.0815
1.9899
1.9973
1.8846
1.8315
1.9556
1.7634
1.8843
2.0075
2.1339
1.5738
1.8948
2.0080
1.8383
1.9801
2.1786
1.7869
1.8641
2.0485
2.1803
2.0613
2.1090
1.9699
1.8487
1.8084
2.2176
2.1177
2.1449
2.0755
2.5210
2.0208
2.0505
2.3350
2.3146
2.1988
1.8915
1.8350
1.9856
1.8534
1.9636
2.1891
2.0014
1.7843
1.9285
1.6188
1.7260
2.3215
1.7454
1.7451
1.7688
1.9337
1.9290
1.7843
1.7169
1.7011
1.7420
1.6883
1.5956
1.7498
1.5343
1.6716
1.5058
1.6811
1.7631
1.4608
1.5269
1.4908
1.6335
1.5553
1.7014
1.4248
1.8908
1.9242
1.6826
1.5120
1.3687
1.8129
2.0234
1.5787
1.5433
1.5748
1.5588
1.7648
1.7435
1.7474
2.0893
1.7261
1.8068
1.8762
1.4040
1.6756
1.7107
1.5276
1.5811
1.4558
1.6348
1.4480
1.5023
1.6849
1.5694
1.9182
1.9693
1.4979
1.4123
1.6756
1.7553
1.6131
1.5613
1.5705
1.8476
1.5641
1.3468
1.5085
1.5198
1.5348
1.7245
1.6764
1.5407
1.7022
1.7288
1.6028
1.6818
1.5017
1.7308
1.5736
1.9378
1.7575
1.7841
1.8246
1.7549
1.5318
1.4563
1.7856
1.5918
1.6627
1.6027
1.8435
2.1374
1.6306
1.7158
1.7117
1.2948
1.5645
1.6470
1.5702
1.8039
1.5495
1.6990
1.7854
1.6275
1.5515
1.5211
1.5219
1.6480
1.5459
1.7239
1.4176
1.5518
1.5252
1.6483
1.4412
1.4133
1.6276
1.6877
1.7434
1.4538
1.7089
2.0110
1.7323
1.5809
1.4656
1.5910
1.7674
1.5718
1.4362
1.5185
1.3953
1.6673
1.4167
1.3771
1.7132
1.5516
1.5784
1.4993
1.5877
1.3651
1.6373
1.6607
1.4831
1.5968
1.6989
1.8298
1.5345
1.4745
1.6285
1.8995
1.7630
1.3944
1.5592
1.7642
1.5812
1.4895
1.5696
1.6365
1.7848
1.4684
1.5874
1.6614
1.6110
1.6095
1.5364
1.3959
1.5504
1.7629
1.5102
1.5059
1.6527
1.5469
1.6374
1.6274
1.6179
1.7765
1.6747
1.7610
1.7776
1.8182
1.6475
1.7148
1.8929
1.7053
1.6933
1.8341
1.6317
1.7131
1.6990
1.6148
1.9849
1.6431
1.7785
1.7538
1.5789
1.7687
1.7222
1.7139
1.7061
1.8146
2.0309
1.7434
1.6176
1.7341
2.2179
1.9388
1.6880
1.7003
1.8067
1.6772
1.5462
1.8471
1.6281
1.7681
1.6218
1.6336
1.8220
1.6942
1.6696
1.5580
1.6544
1.8974
1.6303
1.9662
1.7632
1.5071
1.8248
1.8011
1.4628
1.7709
1.6690
1.6245
1.5419
1.6754
1.5234
1.7058
1.5657
1.3077
1.5760
1.8093
1.7002
1.5652
1.7134
1.6805
1.6333
1.3932
1.4830
1.6480
1.6637
1.4552
1.7124
1.4995
1.4791
1.6050
1.6297
1.4877
1.5607
1.6530
1.5663
1.6579
1.6777
1.8660
1.9259
2.0180
1.6924
1.7265
2.0215
2.0472
2.1958
1.8320
1.7468
1.8247
1.5943
1.5937
1.9183
1.8525
1.5993
1.5963
1.7935
1.8236
2.2327
1.6720
1.4365
1.7258
1.8716
1.4144
1.8008
1.7398
1.4603
1.8495
1.4973
1.2980
1.6176
1.7880
1.7051
1.6848
1.7092
1.6781
1.7979
1.6846
1.6084
1.6191
1.3864
1.3210
1.1256
1.0479
1.0530
1.4120
1.2979
1.6065
1.6508
1.4646
1.5525
1.3427
1.3913
1.8295
1.8603
1.7670
1.9444
1.7803
1.5916
1.9567
2.1809
2.0964
1.8832
1.9584
2.1345
2.2778
2.0503
1.7536
2.0252
1.6248
1.8418
1.9734
1.7346
1.8566
1.7206
1.3086
1.4757
1.6157
1.4642
1.6156
1.6434
1.7651
2.0825
2.2207
1.9994
2.4658
2.5149
2.2597
2.3332
2.4748
2.2229
2.0974
2.4125
2.2540
2.0888
2.2959
2.0648
2.0924
2.0537
2.2037
1.6353
1.7575
2.2399
2.0232
2.1212
2.1864
2.4428
1.8623
1.9201
1.6751
1.7803
2.2685
1.7702
1.9177
2.2378
2.1850
2.0039
2.0661
2.1577
2.3020
1.8348
1.5924
2.4285
1.7981
2.2019
2.0696
1.9297
1.9436
1.9037
1.8308
1.5707
1.3332
1.6829
1.7423
1.8504
1.8405
1.5513
1.4418
1.2861
2.1979
1.8967
1.7560
1.8765
1.9838
1.9388
1.6604
1.7076
2.1052
1.9716
1.9767
1.6478
2.0185
1.7965
1.8136
1.8036
1.8704
2.1870
1.6646
2.0642
1.4261
1.9482
2.0795
1.6936
1.5397
1.7583
2.0730
2.2435
1.7090
1.8608
1.8388
1.7012
1.6954
1.8709
1.7096
1.9737
1.7012
2.0079
1.7594
1.8813
1.6897
1.8903
1.8666
2.0610
2.4567
2.1606
1.9999
1.6805
1.6423
1.9687
1.9073
2.1833
1.9087
1.9209
1.8673
2.0547
1.8558
2.1930
1.7930
1.7417
2.1173
2.0073
2.2135
2.3108
2.3169
2.1017
1.7275
1.9957
1.8304
1.5898
2.0019
1.8649
1.5123
1.9971
2.0352
2.1355
2.5707
2.4641
2.3138
2.1881
2.3681
2.2930
2.4774
2.0950
2.0693
2.4888
2.2882
1.9299
1.8796
2.3428
1.9798
2.1156
2.0854
2.2377
2.5146
2.3127
1.9340
2.1532
1.9097
1.9152
1.9928
1.9186
2.1294
1.7888
1.8053
2.0762
2.3766
2.0858
2.0576
2.1252
1.8127
2.0946
1.9798
2.2650
1.6019
2.2064
2.1513
1.9879
2.1057
2.2114
2.2183
1.5807
1.8245
1.9198
1.8366
1.7142
1.9831
2.3822
1.8476
2.3962
2.7489
2.7074
2.5005
2.0806
1.7218
1.7983
1.9983
2.0239
1.6790
1.9242
1.8514
1.8149
2.0555
1.7304
1.9367
1.8447
1.8826
1.8821
2.1631
2.3180
2.2776
2.4169
2.1965
2.1310
1.8778
2.0108
2.4304
2.3977
2.1043
2.2900
2.0367
1.9470
1.8697
2.1423
1.7631
1.5864
1.8295
1.9051
1.7599
1.6048
2.2874
1.6548
2.1324
1.7846
2.1018
1.9137
1.7898
1.8739
1.6857
1.5641
1.4573
1.6532
1.8287
1.6706
1.5546
1.3977
1.5807
1.6323
1.6474
1.8392
1.6379
1.7919
1.8610
1.6560
1.6962
1.5666
1.6763
1.7734
1.5631
1.7102
1.6838
1.8449
1.8206
1.5258
1.5124
1.6348
1.6968
1.7485
1.6879
1.8560
1.6530
1.7498
1.6127
1.6699
1.8682
1.7897
1.7732
1.8815
1.7794
1.8161
1.9641
1.8968
2.0878
2.0246
1.6620
1.8990
1.7239
1.6359
1.8919
1.9058
2.0884
1.7736
1.6154
1.6274
1.7552
1.7423
1.6367
1.5159
1.8167
1.7783
1.6244
1.4996
1.5613
1.5290
1.6109
1.8245
1.8764
2.0287
1.5594
1.5480
1.8223
2.0216
2.0853
1.7212
1.6293
1.7795
2.3159
2.2229
1.5720
1.7229
2.3511
2.1319
2.0330
1.9205
1.8607
2.2654
2.7903
1.9284
2.5401
2.0418
2.4345
2.1557
2.2478
2.1037
2.0157
1.9754
1.7813
1.8003
1.5181
2.0336
1.8585
1.8419
1.8406
1.9223
1.5708
1.9492
1.6379
2.0655
1.6531
1.4574
1.8359
1.4822
1.5399
1.6730
1.5317
1.5918
1.5829
1.4585
1.6243
1.5701
1.6493
1.8035
1.7505
1.8254
1.6363
1.4687
1.5682
1.3684
1.6351
1.8465
1.6847
1.7418
1.7849
1.6729
1.8366
1.7243
1.6819
1.6340
1.4285
1.5056
1.8721
1.4911
1.6284
1.6599
1.6206
1.6565
1.5788
1.4432
1.5863
1.5660
1.7094
1.7215
1.7224
1.3983
1.7240
1.6296
1.5110
1.5341
1.7653
1.6214
1.8695
1.6574
1.6739
1.5212
1.5564
1.5927
1.6452
1.7503
1.5620
1.5537
1.6238
1.4331
1.5009
1.6675
1.8558
1.4810
1.6579
1.9399
1.6517
1.4055
1.6009
1.5228
1.8628
1.5584
1.5449
1.4153
1.6763
1.6902
1.7204
1.4635
1.4847
1.5812
1.4930
1.6279
1.8195
1.6807
1.8205
1.4604
1.7681
1.9356
2.0313
1.7290
1.5146
1.6600
1.5608
1.8728
1.5963
1.7870
2.0453
1.7033
1.8445
1.6728
1.4837
1.3784
1.8107
1.8301
1.7148
1.5824
1.6754
1.6437
1.6888
1.7314
1.5989
1.5466
1.6779
1.5683
1.5359
1.7010
1.7722
1.8246
1.6917
1.7392
1.5354
1.7349
1.7562
1.5017
1.5519
1.7050
1.5590
1.6334
1.6283
1.8002
1.5886
1.8034
1.5760
1.6789
1.5105
1.5315
1.5979
1.6950
1.5980
1.4924
1.6545
1.6471
1.5548
1.5086
1.5248
1.5136
1.5728
1.5291
1.4163
1.3811
1.7699
1.4989
1.5184
1.6636
1.4714
1.5558
1.8091
1.6904
1.5066
1.6124
1.5170
1.5828
1.4778
1.4528
1.4856
1.4988
1.6308
1.4629
1.6949
1.6692
1.6802
1.9889
1.5292
1.5537
1.7051
1.5278
1.6448
1.5766
1.2894
1.7199
1.4551
1.6018
1.4614
1.5377
1.4775
1.4317
1.4169
1.5955
1.4971
1.6301
1.5379
1.3818
1.5778
1.3897
1.6140
1.4530
1.7885
1.6690
1.6376
1.4717
1.4493
1.5595
1.3194
1.4314
1.4552
1.4981
1.6469
1.7153
1.6701
1.6769
1.5203
1.6998
1.4821
1.6033
1.6915
1.7402
1.4954
1.4187
1.8395
1.4929
1.5925
1.5256
1.7054
1.5909
1.4371
1.5171
1.7031
1.6637
1.8008
1.7667
1.6123
1.6297
1.4947
1.5951
1.7119
1.5235
1.4993
1.5649
1.3489
1.5879
1.5872
1.4262
1.5485
1.3887
1.3432
1.5313
1.4188
1.5767
1.3966
1.5445
1.7173
1.6786
1.3949
1.3885
1.5706
1.8597
1.5366
1.7495
1.7502
1.5494
1.5624
1.6388
1.6449
1.4682
1.4609
1.8308
1.4387
1.4399
1.5158
1.4635
1.6819
1.6865
1.4472
1.4521
1.5159
1.7340
1.7434
1.6531
1.5628
1.4692
1.7244
1.4799
1.3412
1.4819
1.2310
1.5381
1.5524
1.5668
1.6733
1.5061
1.5160
1.4294
1.7217
1.5923
1.6652
1.7471
1.5641
1.6078
1.6252
1.9110
1.7938
1.9578
1.6189
1.4850
1.4118
1.7934
1.4661
1.6268
1.4365
1.9852
1.8548
1.6903
1.7976
1.9413
2.0155
1.7973
1.6918
2.0321
1.5615
1.8377
1.8906
2.0310
1.8880
1.8942
2.1585
2.0075
1.6502
1.4119
1.6530
1.5696
1.8944
1.9084
1.6924
1.8186
1.7706
1.6085
1.4330
1.4722
1.6627
1.6549
1.6662
1.5250
1.7401
1.4909
1.5138
1.5331
1.7813
1.5585
1.8990
1.7450
1.7052
1.8872
1.5374
1.6486
1.7802
1.5798
1.5912
1.6586
1.6051
1.6458
1.5494
1.6014
1.7380
1.4564
1.4824
1.5929
1.6159
1.5764
1.5630
1.5118
1.4923
1.5074
1.2948
1.7351
1.5256
1.5737
1.4081
1.7614
1.4554
1.5101
1.6137
1.5583
1.6795
1.5689
1.6433
1.5922
1.6353
1.7157
1.4329
1.5984
1.7045
1.6757
2.0770
1.8943
1.7839
2.1254
1.7202
1.8397
1.8018
1.7625
1.6975
1.8146
1.9751
1.8682
1.9614
1.9238
1.8564
2.0102
1.7197
1.9731
1.5975
2.0559
1.7709
1.8809
1.7131
1.6999
1.9522
1.7620
1.6501
1.6825
1.8941
1.8510
1.6323
1.4807
1.7878
2.0942
1.7240
1.8546
1.4918
1.8244
1.6299
1.7915
1.7652
1.6485
1.9740
1.8793
2.0754
1.8521
1.9241
1.8770
1.8550
1.9741
1.7874
1.9102
2.2846
2.0300
2.0701
1.9494
2.2520
1.9708
1.9045
1.7646
1.9604
1.6164
2.1297
1.5460
2.2210
2.2720
1.9272
2.3171
1.9447
1.9673
2.0332
2.3245
1.9850
1.9559
2.1306
2.2046
1.9500
2.0186
2.0918
1.8868
1.6715
2.3577
2.2917
1.9700
1.7290
1.8908
1.7268
2.0319
1.9701
1.9683
1.7375
1.9883
1.9311
1.8078
1.7166
2.2951
1.9216
1.6442
1.8340
2.0660
1.7392
1.9305
1.9182
1.8273
1.8518
2.4389
2.0988
2.0712
2.1290
1.8873
1.5668
1.6414
1.8256
1.8051
1.8611
1.8893
1.7219
1.8253
1.8531
1.9233
1.7395
1.7461
1.7483
1.7453
1.8099
1.9295
1.7069
1.6088
1.3787
1.7364
1.5969
1.6121
1.8182
1.8670
1.8679
1.8066
1.5185
1.6793
1.5742
1.8890
1.8277
1.7011
1.5395
1.6986
1.6750
1.7110
1.6296
1.9190
1.7413
1.6784
1.7697
1.6571
1.4965
1.7626
1.8383
1.7157
1.5956
1.7438
1.4587
1.7350
1.6044
1.7555
1.6927
1.7376
1.5630
1.4652
1.3827
1.4275
1.7746
1.6171
1.5509
1.4836
1.5079
1.4508
1.6259
1.5534
1.3131
1.4192
1.5421
1.7793
1.4667
1.5949
2.0478
1.8144
1.8999
1.8350
1.8134
1.6027
1.8073
1.9866
2.1023
1.6784
1.5365
1.7701
1.6905
2.2373
2.4772
2.1246
2.0245
2.0129
1.8084
1.5955
1.6096
1.8425
1.7703
1.7977
1.5210
1.5788
1.5172
1.6238
1.6008
1.5955
1.5290
1.8282
1.6462
1.5865
1.5951
1.4990
1.5088
1.4735
1.8051
1.5866
1.6360
1.6316
1.3166
1.6572
1.6947
1.6387
1.5957
1.6048
1.4453
1.3036
1.5500
1.5683
1.6401
1.6400
1.6299
1.4985
1.8156
2.0151
1.8512
1.9010
1.8939
1.9018
1.9581
1.9221
1.9393
1.4956
1.6417
1.6774
1.6848
1.7234
1.5019
1.7097
1.9065
1.4429
1.8238
1.5778
1.4795
1.6886
1.6362
1.7796
1.7504
1.7221
1.6659
1.7422
1.6327
1.8905
1.6002
1.5274
1.6834
1.7238
1.6893
1.6190
1.6685
1.7438
1.5289
1.9981
1.7330
1.5061
1.4681
1.5493
1.9093
1.6496
1.9297
1.6445
1.8482
1.7794
2.0165
1.6104
2.0202
1.9881
1.9095
1.9602
2.1910
2.1525
1.9074
1.9741
1.8994
1.8156
1.7944
1.6810
1.8077
1.9196
1.7451
1.6775
1.5095
1.5786
1.6535
1.4798
1.6605
1.5613
1.6395
1.5524
1.9234
2.0364
2.0798
2.0962
2.0335
2.4484
2.0483
2.2857
1.8371
1.8673
1.6766
2.0422
1.9028
1.7955
2.0573
2.1209
2.2616
2.0144
2.0713
1.9439
2.1312
1.7224
1.9127
1.7854
1.6234
1.7387
2.0714
1.6932
1.9794
1.7901
1.5461
1.6712
1.5504
1.6506
2.2879
1.9604
2.1521
1.9483
2.0553
2.2539
2.1897
2.3633
2.1792
2.0246
2.1389
1.9266
2.2785
2.4062
2.2176
2.2881
1.9606
1.8352
1.8168
1.7841
1.6512
1.9830
2.0484
1.6576
1.8160
1.5934
2.1494
1.8452
2.3204
1.5524
1.6830
1.7374
1.6248
1.5887
1.6301
1.4703
1.5736
1.4563
1.5873
1.4763
1.6659
1.5939
1.9572
2.4659
2.5774
2.5953
2.2927
1.7922
1.7188
1.3241
1.7448
1.7013
1.4924
1.5560
1.6408
1.4942
1.5465
1.3965
1.5811
1.6699
1.6408
1.5380
1.7700
1.4292
1.2890
1.6815
1.5983
1.7772
1.6344
1.6627
1.6575
1.4677
1.4939
1.5873
1.7279
1.7748
1.6827
1.5771
1.7695
1.8312
1.7355
1.5998
1.6940
1.5960
1.6787
1.7708
1.5881
1.7509
1.8052
1.6077
1.8143
1.6523
2.0815
1.6944
1.7420
1.8920
1.6028
1.5739
2.0519
1.8344
1.8054
1.8886
2.0115
1.4990
1.5865
1.6996
1.8324
1.6031
1.7689
1.5730
1.5118
1.6605
1.7598
1.6198
1.6008
1.7684
1.7602
1.3965
1.4812
1.4944
1.5896
1.5110
1.6364
1.4880
1.5773
1.5191
1.6194
1.5589
1.5713
1.4958
1.4326
1.3587
1.4895
1.7049
1.6701
1.5042
1.5449
1.6566
1.4480
1.5865
1.5392
1.5086
1.4085
1.4882
1.6694
1.4150
1.8430
1.4953
1.4633
1.4569
1.7900
1.7441
1.7382
1.4414
1.7441
1.4982
1.5344
1.3299
1.7224
1.6590
1.5361
1.5704
1.7594
1.6985
1.6352
1.5314
1.7282
1.5437
1.3787
1.5184
1.7695
1.5698
1.5665
1.7181
1.7080
1.7337
1.5847
1.8929
1.8392
1.7654
1.7754
1.7145
1.6968
1.9765
1.7480
1.7927
1.8664
1.7033
1.9816
1.8496
1.8989
1.5500
1.5754
1.6358
2.0219
1.6861
1.8571
1.8668
1.9855
1.6785
1.9110
2.0905
2.1305
