6.1749
6.5554
6.7974
6.8900
6.5206
6.3385
6.2398
6.6513
6.7785
6.6924
6.8860
6.6613
7.0875
7.0258
7.3536
7.1035
7.1334
6.8030
6.4804
6.6195
6.6730
7.0623
6.7890
6.7850
6.6261
6.7532
6.8439
6.7255
6.6960
6.5572
6.8028
6.7309
6.7706
6.7262
6.5467
6.8116
6.7284
6.7666
7.0884
7.0646
7.3294
7.5385
7.6212
7.7296
7.6130
7.8091
7.3956
7.5865
7.3385
7.4270
7.3123
7.2646
7.4777
7.2399
7.2380
6.7469
6.8376
7.1140
7.0814
7.0007
6.9254
6.7644
6.9907
6.6378
6.5842
6.4517
6.4187
6.5138
6.8052
6.8304
6.5115
6.5015
6.5211
6.5117
6.3390
6.5332
6.8906
6.5640
6.9366
6.7853
6.7841
6.8183
6.5634
6.5426
6.3317
6.4980
6.7258
6.9388
7.0019
7.3627
7.0889
7.3152
7.1959
7.2311
6.9889
7.0651
6.9764
6.8922
6.9548
6.7020
7.1116
7.2011
7.5587
7.3506
7.2330
7.1200
6.8712
6.6321
6.6411
7.0301
7.0120
7.2817
6.8204
6.8594
6.7606
6.8260
6.8384
7.1555
6.7528
7.0365
7.0988
6.7330
7.1323
6.9905
7.0976
6.8869
6.6750
6.7537
6.8242
6.5174
6.4763
6.4807
6.4170
6.4039
6.1518
5.9960
5.7340
6.0538
6.2413
6.4288
6.1381
6.4848
6.5309
6.6288
6.6336
6.8495
6.8800
6.8463
6.6417
6.8249
6.7477
6.6971
6.7579
6.8674
7.0202
7.1683
7.1942
7.1497
7.1028
6.7058
6.8821
6.6441
6.7080
6.6788
6.9638
7.0607
6.6213
6.7472
6.6993
6.5971
6.5930
6.6191
6.7156
6.8148
6.8478
6.6613
6.7255
6.6540
7.2428
6.8169
6.8483
6.7144
7.1072
7.1147
6.6248
6.7394
6.7994
6.9418
6.6739
6.7982
6.7683
6.6985
6.7620
6.9771
7.0346
6.9192
7.2302
7.0025
7.0701
6.9565
6.9868
7.3368
7.0330
7.2658
7.2321
7.4322
7.6241
7.2920
7.4173
7.5899
7.5661
7.7404
7.5954
7.3091
7.2925
7.0042
7.0724
7.2889
7.1088
7.2500
7.1999
7.0836
7.1550
7.3769
7.3777
7.4778
7.4983
7.4178
7.2016
6.8903
7.0573
7.0040
7.0127
6.9281
7.2480
7.1096
7.4023
7.1918
7.0515
7.3526
7.2562
7.0815
6.9748
6.9618
7.2296
7.3860
7.1334
7.1263
7.1358
7.1770
7.1358
7.0761
7.0223
7.2019
7.0172
7.4876
7.7081
7.5529
7.5053
7.7185
7.6723
7.5289
7.3572
7.2217
7.4314
7.3423
7.1191
7.0640
7.2141
7.3844
7.3983
7.3461
7.2749
7.3764
7.5338
7.4480
7.1398
7.3054
7.6062
7.1958
7.3071
7.2067
7.1862
7.1800
7.3640
7.4271
7.0058
7.6833
7.5603
7.3935
7.5350
7.4389
7.3416
7.4998
7.5944
7.7562
7.5345
7.7196
7.3438
7.4993
7.5803
7.4362
7.4809
7.4015
7.1847
7.4550
7.5698
7.5435
7.6194
7.7436
7.6851
7.1751
7.3105
7.7471
7.4774
7.3626
7.3904
7.3010
7.6962
7.7694
7.6373
7.5405
7.4701
7.5140
7.5871
7.3287
7.4745
7.3100
7.3964
7.5618
7.5103
7.2515
7.6953
7.4970
7.4445
7.3660
7.6800
7.4652
7.3706
7.8096
7.6915
7.6718
7.5477
7.4039
7.3732
7.5544
7.3219
7.8582
7.5173
7.1339
7.2138
7.4139
7.1152
7.0102
7.3687
6.9923
6.9281
6.6476
6.8885
7.0092
7.0517
6.9359
7.0759
7.2521
7.1950
7.2436
7.5433
7.5332
7.0407
7.2419
7.3009
7.2848
7.3715
7.3283
7.5049
7.5266
7.3902
7.5712
7.4889
7.3833
7.5256
7.5203
7.5023
7.2989
7.5081
7.5718
7.7907
7.9025
7.7021
7.8790
7.6888
7.4927
7.1773
7.5025
7.4985
7.4725
7.4847
7.5518
7.6832
7.4944
7.5978
7.3662
7.4202
7.2984
7.4366
7.0306
7.3186
7.2656
7.4415
7.4045
7.6123
7.1791
7.3959
7.5891
7.4236
7.3774
7.2886
7.0890
7.1228
7.3662
7.2676
7.0657
7.0230
7.0868
7.2258
7.4085
6.9669
7.1284
7.1656
7.2226
7.4462
7.3452
7.3236
7.4651
7.1461
7.0793
7.0147
7.1504
7.0072
7.0498
6.9944
7.0179
6.8937
6.5000
6.3974
6.6926
6.6660
7.1379
6.9786
6.7653
6.6912
6.6854
6.7958
6.8145
6.7310
6.8369
6.6910
6.8325
6.6497
6.8705
6.5950
6.9277
6.9076
7.0455
6.8922
6.7819
6.8790
6.9157
6.8261
6.7339
6.6091
6.9253
6.5991
6.7575
6.8225
6.8242
6.9777
7.0514
7.0961
6.8311
6.7621
6.7879
6.8743
7.0245
6.9688
7.0747
7.1999
7.0580
7.0422
6.9682
6.8089
6.8229
6.8500
6.7514
6.9610
7.0516
7.3211
7.3017
7.1649
7.0651
7.0507
6.8646
6.9438
6.7095
6.6779
6.8591
7.1501
7.3948
6.9611
7.1164
7.0337
6.9925
7.0766
7.0529
7.0487
7.0977
7.0589
6.9974
6.8801
6.8078
6.8843
6.8007
6.7972
6.5511
6.8122
6.9500
6.6559
6.8358
6.7957
6.9228
7.0446
7.1881
6.9727
7.1102
7.3817
7.1919
6.8750
7.3712
7.0855
7.0475
6.9826
6.9145
6.9546
6.7291
6.9198
6.7814
7.0514
6.8698
6.9259
6.6839
6.8012
6.7005
6.8649
6.8072
6.9131
6.7544
6.5631
6.7658
6.8233
7.2721
6.9838
7.1872
7.1799
7.2036
7.0222
7.0189
7.3835
7.2746
7.2614
7.1140
7.2069
7.2790
7.4166
7.1460
7.2000
7.1107
7.5185
7.2551
7.1659
7.1603
7.1540
7.1233
7.3751
6.9649
7.1274
7.0479
7.1016
7.0337
7.2200
6.9811
6.6190
6.9204
6.7490
7.1407
6.9462
7.1019
7.1745
6.8732
7.2667
7.0823
7.0116
6.9524
7.1481
6.9920
6.7706
7.2049
6.8467
7.1157
6.8395
7.0914
6.9960
7.1526
6.6622
6.9340
7.1703
6.9544
7.0744
7.1640
7.2373
6.9657
6.8605
6.6730
6.5689
6.6449
6.6628
6.9094
7.1990
6.8717
6.6682
6.8753
7.1095
6.8586
7.2603
7.5308
7.2284
6.9206
7.0606
6.7674
7.0160
7.0030
6.6986
6.7540
7.1014
6.9674
7.0390
6.9550
6.8874
7.0194
6.9954
7.2332
6.9238
7.3603
7.0864
7.3005
7.4591
7.6258
6.9960
7.1510
7.1917
7.5138
7.4694
7.4509
7.3535
7.4649
7.6224
7.4183
7.6504
7.3548
7.1569
7.3554
7.3094
7.5223
7.6996
7.3110
7.4783
7.1174
6.8580
6.8946
7.1294
6.9321
7.1761
7.2258
7.0133
7.0809
7.0514
7.0810
7.1388
6.9930
7.0309
7.2095
6.9750
7.0718
7.2589
7.3330
7.3358
7.2663
7.0563
7.2576
7.1897
7.3845
7.4597
7.5059
7.3484
7.2936
7.3243
7.5944
7.4952
7.5190
7.3400
7.7006
7.4654
7.4217
7.3074
7.4946
7.4463
7.5112
7.4785
7.4982
7.4700
7.4401
7.4776
7.5041
7.4774
7.2047
7.3924
7.3486
7.4178
7.5845
7.2895
7.1261
7.3598
7.4870
7.5239
7.5931
7.7509
7.4262
7.7777
7.5278
7.5931
7.3916
7.3862
7.2301
7.4763
7.3010
7.1636
7.2591
7.2482
7.4025
7.2078
7.6293
7.3565
7.3361
7.4296
7.0514
7.2175
7.3178
7.3583
7.2985
7.1862
7.2370
7.2083
7.4134
7.1900
7.2223
7.2921
7.3257
7.2399
7.1826
7.1963
7.1969
7.2488
6.9470
7.1400
7.1585
7.4737
7.4611
7.3278
7.5163
7.4555
7.5039
7.2595
7.2176
7.3933
7.1641
7.3539
7.3812
7.3459
7.1272
6.9253
6.9245
7.2511
7.2049
7.0727
7.3371
7.0878
7.1739
7.1447
6.9527
6.7963
7.2672
7.2254
7.2349
7.2044
7.1016
6.8553
7.2967
7.0592
7.0676
7.1674
7.1485
7.1573
7.0593
7.1687
7.0034
7.0584
7.0656
7.1105
7.3189
6.9148
7.1895
7.0385
7.0170
7.1021
7.3191
7.2046
7.3070
7.4088
7.4684
7.5122
7.2675
7.4238
7.3604
7.4751
7.4914
7.2901
7.3443
7.5547
7.3578
7.2634
7.1250
7.3450
7.4093
7.4017
7.6913
7.7315
7.6097
7.2073
7.3262
7.3440
7.4325
7.4847
7.1435
7.4445
7.2592
7.4714
6.9448
7.5453
7.6210
7.4886
7.4674
7.5769
7.3866
7.5615
7.6352
7.7128
7.5798
7.5503
7.6206
7.5253
7.4038
7.4003
7.6170
7.3782
7.6886
7.6682
7.7346
7.5970
7.2175
7.4718
7.4586
7.6097
7.7184
7.9240
8.0338
7.5294
7.6005
7.6800
7.8242
7.4897
8.0576
7.7654
7.7073
7.7615
7.6353
7.6579
7.8950
7.7473
7.9096
7.9953
7.8790
7.6588
7.9341
8.0592
7.8928
7.7706
7.6581
7.5961
7.2620
7.7406
7.8988
7.4642
7.6002
7.4049
7.5431
7.3757
7.1292
7.2801
7.4088
7.2503
7.3486
7.1321
7.4350
7.3713
7.2272
7.3389
7.2822
7.4121
7.0253
7.2564
7.4499
7.0993
7.4064
7.3248
6.9850
7.0561
7.1925
6.9048
7.2996
7.0564
7.2922
7.7106
7.2719
7.6204
7.1987
7.3980
7.3992
7.3434
7.2312
6.9692
7.4097
7.2025
7.0576
6.9323
7.0644
7.0074
6.9100
7.0026
6.8669
6.6106
6.7553
6.7268
6.7444
6.9501
6.8293
6.9397
6.8079
7.0008
6.8314
7.1494
7.1214
6.7965
6.7135
6.7939
6.8647
6.9144
7.2356
6.7767
6.6902
6.7444
6.9859
7.0322
7.0323
6.6097
6.6192
6.8251
6.7737
6.9273
6.8106
7.0576
6.8055
6.8277
6.8774
6.6909
6.9863
6.5085
6.9121
6.9742
7.1155
6.8906
6.5002
6.4051
6.5014
6.7894
6.6184
6.6255
6.5404
6.8260
6.5626
6.5860
6.6166
6.6734
6.5261
6.6445
6.8728
6.6261
6.8562
6.8899
7.1286
6.5516
6.8565
6.9188
6.8961
6.9736
6.6875
7.0080
7.0309
6.8369
6.7916
6.8637
6.7105
6.8130
6.7591
6.6269
6.6090
6.6826
6.5656
6.8168
7.1122
6.8711
6.8973
6.9335
6.7503
6.6702
6.5728
7.2398
6.7116
7.0687
7.1390
7.2124
7.5767
7.1316
7.2028
7.4260
7.3733
7.3876
7.3154
7.2936
7.5185
7.3696
7.3391
7.6603
7.2545
7.3190
7.1082
7.3505
7.3537
7.3953
7.4830
7.6231
7.6114
7.2172
7.1659
7.2187
7.1363
7.4523
7.3091
7.4427
7.3628
7.3671
7.2392
7.3453
7.1203
7.2349
7.1796
7.3593
7.4022
7.2442
7.4547
7.5812
7.6732
7.6836
7.3918
7.5534
7.4152
7.0172
7.0747
6.9798
7.1534
7.1394
7.1335
7.2436
7.2474
7.5493
7.3981
7.3818
7.3232
7.4730
7.2833
7.2373
7.2441
7.4108
7.2281
7.2303
7.1933
7.3776
7.3781
7.2394
7.0777
6.8510
6.9509
6.9260
6.8460
6.9066
6.4052
6.4275
6.3316
6.4380
6.8018
6.6170
6.9178
6.6950
6.5659
6.8609
6.8717
6.6137
6.8307
6.7920
6.8565
6.7564
6.6552
6.4770
6.5524
6.3695
6.3049
6.4034
6.7600
6.4277
6.4462
6.5281
6.6309
6.6077
6.6613
6.4946
6.4327
6.7410
6.6920
6.6886
6.7077
6.7252
6.5864
6.7774
6.7817
6.7923
6.5376
6.5023
6.3796
6.5035
6.5294
6.6511
6.5716
6.6849
6.1692
6.7409
6.5514
6.7845
6.7596
6.9745
6.9403
7.0282
6.7744
6.9605
6.9522
6.9242
6.8715
7.0353
6.7271
6.9283
6.6910
6.5746
6.5166
6.5871
6.5534
6.8285
6.6705
6.9969
6.7733
7.0917
6.7586
6.8049
6.8703
6.9756
6.9803
6.8288
6.9684
6.9948
6.8462
6.7749
6.7996
6.8462
6.6248
6.6718
6.5813
6.3637
6.7252
7.0449
7.2893
7.1422
6.8328
7.2293
7.4764
7.4560
7.3277
7.3903
7.2951
7.5300
7.3069
7.6835
7.6003
7.1669
7.6497
7.5892
7.4222
7.2426
7.4254
7.3787
7.6883
7.5693
7.5440
7.4900
7.3550
7.4483
7.3482
7.5133
7.5756
7.3606
7.5482
7.6161
7.3336
7.3180
7.3830
7.3960
7.3262
7.3876
7.2433
7.6362
7.5051
7.5640
7.5961
7.2452
7.1696
7.3207
7.3510
7.4112
7.3178
7.3380
7.2901
7.2489
7.2700
7.2418
7.1326
7.3140
7.2539
7.3846
7.5226
7.2351
7.6030
7.2153
7.0008
7.2056
7.3189
7.1482
6.7840
7.0027
6.8258
6.9205
7.2971
7.0242
7.0576
7.0488
6.8088
6.6085
6.8089
6.5055
6.7467
6.7133
6.9399
6.4951
6.7764
6.8814
6.6573
6.9238
6.6828
6.5561
6.7111
6.6935
6.5760
6.7611
6.4504
6.8835
6.8209
6.5378
6.6247
6.4816
6.7474
6.6934
6.6103
6.6083
6.7240
6.9773
6.9188
7.0084
7.1735
7.2754
7.2009
7.3570
7.2776
7.0273
6.8726
7.0725
6.8550
6.9266
7.0154
6.9016
7.0716
6.9744
6.6061
6.7308
7.1503
7.0194
7.1216
6.9396
6.5891
6.5236
6.1684
6.4837
6.4732
6.8095
6.8478
6.4042
6.4725
6.5109
6.3654
6.5252
6.3759
6.7709
6.7008
6.4531
6.3842
6.4283
6.3133
6.4233
6.3977
6.3276
6.3320
6.2463
6.4792
6.2849
6.6120
6.4939
6.5605
6.6656
6.7269
6.4826
6.5795
6.6909
6.4675
6.4080
6.4635
6.5197
6.3240
6.6280
6.2992
6.7250
6.6486
6.7305
6.5361
6.6592
6.8319
7.0093
6.7802
6.9010
6.8829
6.8548
6.4364
6.5882
6.7859
6.9151
6.7252
6.5393
7.0274
6.6350
6.6919
7.1131
6.8326
6.8307
6.8884
6.7356
7.3088
7.3069
7.1144
7.0993
6.9471
6.9956
6.7519
6.6630
6.6420
6.7973
6.8341
6.8659
7.0936
7.2948
7.3274
7.0646
7.2988
7.1324
7.0816
7.2349
6.7638
7.1726
7.2762
6.9806
7.0411
7.3042
6.9887
7.3372
7.1488
6.8475
6.8699
6.9937
6.7030
6.7929
6.9084
6.7058
6.8799
7.1184
7.0371
6.8205
7.0207
6.9228
6.9324
6.8133
6.8235
6.9635
6.8614
6.9137
6.9519
6.8739
7.0507
6.8208
6.7453
6.7004
6.7875
6.8713
6.7529
6.9457
7.1900
7.6249
7.4224
7.6144
7.4301
7.4685
7.4324
7.2383
7.1389
6.8825
7.1368
6.8082
6.6733
6.6757
6.5315
6.6349
7.1750
7.1524
6.9144
7.3668
7.3355
7.4019
7.2132
7.2213
7.3038
7.6360
7.4870
7.3881
6.9342
6.9812
7.1677
6.9850
7.0327
7.0067
6.8908
7.1271
6.8512
7.1489
7.0621
7.1614
7.0278
7.3236
7.6496
7.9322
7.6228
7.6365
7.4767
7.8090
7.7939
7.8393
7.7843
7.7265
7.7747
8.0669
7.9150
8.0093
8.0009
7.7838
7.7709
7.9924
8.0142
7.9495
8.0575
7.9302
8.0942
7.8611
7.9279
7.8553
7.7275
7.6866
7.7817
7.6237
7.5005
7.1630
7.0644
7.3082
7.5553
7.7059
7.5840
7.7038
7.2848
7.3520
7.6126
7.7896
7.6273
7.5588
7.5138
7.7350
7.1052
7.6273
6.8710
7.3463
7.3022
7.4882
7.6060
7.4273
7.3341
7.3757
7.3288
7.3288
7.3875
7.5177
7.6790
7.6793
7.6396
7.5918
7.5930
7.5950
7.5977
7.8248
7.8532
7.6832
7.7520
7.6272
7.6467
7.7801
7.6656
7.8946
7.9392
7.9833
7.4796
7.7497
7.5061
7.6220
7.7272
7.3642
7.4249
7.7703
7.9090
7.7794
7.5201
7.5721
7.6998
7.9010
7.8758
8.1146
8.0913
7.7678
7.9499
8.1743
8.0521
8.0287
7.9952
7.9139
8.1091
8.3447
8.0716
8.0594
7.8198
8.1471
8.4274
8.2343
8.0550
8.1880
7.9187
7.9614
7.7482
8.2392
7.8524
7.9472
7.6732
7.8504
7.6068
7.5373
7.1475
7.0044
7.3691
7.5189
7.3033
7.5182
7.3551
7.5643
7.5168
7.4022
7.5855
7.5120
7.2888
7.6063
7.2926
7.3250
7.3003
6.8368
7.0152
7.2260
7.1637
6.8999
7.2054
7.2297
7.2181
7.4254
7.2327
7.3497
7.2950
7.2200
7.3248
7.4153
7.5366
7.1557
7.3736
6.8577
7.1447
7.0111
7.1795
7.0018
6.9771
7.1251
7.2890
7.3092
7.1410
7.3269
7.2558
7.3674
7.5881
7.0673
7.0895
7.0466
7.1814
6.9625
7.1742
6.9924
6.9167
6.9436
7.0509
7.1227
6.9027
7.0905
7.0323
6.7605
6.8641
6.5999
6.9253
6.7000
6.5934
6.5200
6.6011
6.6753
6.9293
6.9419
7.1180
6.9789
7.0015
7.1513
7.3571
7.4509
6.8926
6.8826
6.8444
6.6480
6.6744
6.7254
6.9145
6.8034
7.0024
7.1120
7.3364
7.3635
7.1004
7.4930
7.3678
7.6174
7.3105
7.4845
7.2838
7.2953
7.0585
6.7668
7.0321
7.1341
6.9946
6.6713
6.6969
6.9525
7.3294
7.2739
7.2348
7.0839
6.9377
6.5462
6.5633
6.4378
6.4787
6.3330
6.1210
6.3204
6.3164
6.6809
6.4180
6.5487
6.3787
6.3749
6.3321
6.4667
6.3386
6.3254
6.2140
6.2441
6.4184
6.9584
6.9529
7.0929
7.3320
7.1982
7.0106
7.2783
7.2834
6.9938
7.0665
6.9788
7.2326
7.3111
7.2617
7.2411
7.3007
7.3537
7.1970
7.1547
7.3253
7.0561
7.2600
7.0146
7.1477
6.9727
6.9452
6.9969
6.9561
7.0470
6.7053
6.5911
6.5643
6.5315
6.6179
6.8501
7.0526
6.9645
7.3188
7.0607
6.7838
6.8341
6.8474
6.9602
6.7012
6.9623
6.7033
6.6339
6.7738
6.6016
6.6921
6.5144
6.7033
6.7986
7.0067
6.8771
6.9309
6.8963
7.0556
6.8455
6.9861
7.2799
6.9089
6.7585
6.9830
6.9954
7.2930
7.0437
7.0385
6.9093
6.6021
7.2845
6.8078
6.3141
6.9349
6.6896
6.8680
6.6355
7.0435
6.9634
6.8366
7.1815
6.9365
6.8408
7.0147
7.1376
7.0854
7.2572
7.2112
7.2571
7.0462
6.8776
7.3790
6.9721
6.9652
6.8607
6.7820
6.6974
6.9719
6.7619
6.7453
6.7089
6.8236
6.8259
7.1752
7.0232
7.1096
6.8938
7.1125
6.9342
7.0560
6.9975
7.1459
7.2670
7.3662
7.4444
7.1921
7.0831
6.7848
6.7147
6.9743
6.9041
7.1635
7.2667
6.6137
6.7779
6.8823
6.8105
6.8711
6.5655
6.7887
6.8271
6.8043
7.0073
6.7868
7.0390
6.6351
6.6872
6.8618
6.8572
6.4301
6.3658
6.3191
6.5302
6.3875
6.7077
6.8192
6.8686
7.0711
6.7809
6.8378
7.0531
7.0412
6.8757
6.9314
6.9368
6.8212
6.8591
6.5806
6.7293
6.5280
6.5682
6.5581
6.4859
6.7538
6.8361
6.7796
6.9631
7.0218
6.8987
7.0039
6.9125
6.7702
6.8651
6.9115
6.9627
6.8895
6.7675
7.1254
6.9294
6.4902
6.5555
6.7024
6.8203
7.0536
6.9875
7.0166
7.0013
7.0415
6.9062
6.7716
6.9538
6.9650
7.0702
6.8826
7.2979
6.8565
6.6000
6.7193
6.6251
6.4997
6.5529
6.6067
6.5197
6.4666
6.3757
6.3314
6.6745
6.8446
7.0049
6.8731
7.1987
7.2101
6.7678
6.6574
6.7052
6.6262
6.7200
6.6291
6.6858
6.7524
6.6198
6.9392
6.9942
7.0865
6.8191
6.8683
7.0952
7.3033
7.1455
7.2099
7.5496
7.2079
7.5810
7.5623
7.0650
7.1914
6.8338
6.8634
6.9058
6.7316
7.1172
7.2215
7.0417
7.0023
6.8664
6.8420
7.1794
6.9041
6.5717
7.1152
7.1310
7.0295
6.8007
6.9964
7.3113
7.0406
7.1787
7.1543
7.0895
7.3187
7.2907
7.2039
7.2413
7.5358
7.3088
7.2085
7.3895
7.2492
6.9336
6.8933
6.9954
7.0588
7.0063
7.2953
7.1175
7.0397
6.8941
7.0870
7.1273
7.3019
6.9800
7.0405
6.9274
6.9796
7.0500
7.1541
7.4061
7.0678
7.1859
7.4336
7.0721
7.2696
6.9999
7.0073
7.1046
6.9524
7.1085
7.1269
6.7828
6.6693
6.7799
7.0140
6.7528
6.8084
6.8261
6.9084
6.8132
6.8851
6.8937
6.9959
6.9544
7.2969
7.6329
7.1621
6.7874
7.0124
7.0969
7.0429
7.2297
7.3108
7.1609
6.9902
7.1014
7.0130
6.7461
6.7409
7.0791
7.0079
6.9220
6.7602
7.0223
7.2755
6.9694
6.7798
7.1519
7.0311
6.7304
6.9961
6.9616
6.8938
6.8370
6.8318
6.9341
6.7261
6.7281
6.7767
6.7853
6.8595
6.5898
6.6613
7.0119
6.7092
6.8163
6.9134
7.2003
6.9033
7.0543
6.8438
6.8506
7.0770
6.9672
7.2019
7.2273
7.1517
7.3288
6.9503
6.8012
7.1756
7.0713
7.3157
7.2177
7.0287
6.7711
6.9545
6.9070
6.6437
6.8007
6.9757
7.0978
6.8120
7.1056
7.0556
7.0974
6.8951
7.0856
7.2019
7.4668
7.5685
7.4832
7.4805
7.5828
7.4027
7.0924
7.2615
6.9644
6.8326
6.8043
7.0780
6.8624
6.7469
6.6226
6.6927
6.8556
7.0152
6.8899
7.0554
6.9116
6.8246
6.6960
6.8140
6.6460
6.8989
6.6375
6.6292
6.9458
6.9620
7.0377
6.6702
6.7640
6.5763
6.7529
6.9390
6.8186
6.8709
6.7686
6.5615
6.6398
6.7130
6.9164
7.1164
7.0395
6.8040
7.0395
6.8395
7.0576
6.7908
6.8511
6.7162
6.8569
7.0362
7.0380
7.0558
7.1322
6.9594
7.1225
6.9942
7.1809
7.0033
6.7093
6.9855
6.7511
6.9362
6.8434
6.7480
6.7608
6.6814
6.8117
6.5469
6.9227
6.8352
6.6589
6.6885
6.7075
6.4486
6.6328
6.5394
6.9495
6.9426
7.0065
7.0290
6.9216
6.9132
6.7999
6.8380
6.9260
6.6071
6.7121
6.9182
6.8570
7.0167
7.0659
6.9011
6.9703
7.2732
6.4913
6.7559
6.7569
7.3220
7.5760
7.3485
7.3543
7.6694
7.2185
7.4487
6.7076
7.2605
7.0696
7.0193
6.9296
6.9591
6.9763
6.9769
7.0257
6.9209
6.7867
6.6502
6.8171
6.6769
6.6528
6.7489
6.7331
6.8303
7.0486
6.8557
6.6333
6.7292
6.7569
6.8749
7.0171
7.0619
7.2213
6.8140
6.9475
6.8167
6.5862
6.5435
6.6991
6.6874
6.9183
6.4247
6.4956
6.9297
6.9870
6.7867
6.8137
6.8867
7.0446
7.0520
6.9213
7.2079
6.9115
7.1121
7.0657
7.1929
7.2659
7.1423
7.0759
6.9573
7.0556
6.9220
7.0948
7.1496
7.2339
7.1717
6.7076
6.8179
6.8940
7.0800
6.8328
7.0439
6.7811
7.0810
7.2812
6.9215
6.9575
7.1733
7.3840
7.4552
7.4406
7.2684
7.4339
7.2626
7.0432
7.3524
7.0147
7.1804
7.0188
7.0640
7.1371
7.4320
7.2229
7.2780
7.3464
7.4821
7.6454
7.6037
7.6339
7.4571
7.2974
7.1669
7.4805
7.7546
7.4462
7.6746
7.7529
7.6953
7.6903
7.8718
7.7992
7.5920
7.8493
7.7855
7.5565
7.7128
7.6631
7.4916
7.5297
7.3181
7.3170
7.0780
7.0253
7.2709
7.4770
7.1597
7.5318
7.2726
7.3752
7.4124
7.3395
7.4014
7.3128
7.7437
7.0497
7.0944
6.9345
7.0939
6.9916
7.0784
7.2573
7.0343
6.7142
7.4095
7.4116
7.3348
7.4293
7.3197
7.0278
7.1470
7.1427
7.2665
7.1021
7.2139
7.1556
7.1508
7.3289
7.1303
6.9753
7.1928
7.1067
7.2282
7.0226
7.2253
7.3461
7.0829
7.0388
7.3003
7.0143
7.0706
7.0288
6.8167
7.1327
7.1764
7.3654
7.3888
7.3855
7.0586
6.9250
6.9490
6.7438
6.6226
6.7357
6.9656
7.2735
7.2242
7.0861
7.1693
7.1984
7.2570
6.8614
7.1751
6.8982
7.3979
7.4115
7.5115
7.4752
7.2492
7.3707
7.4298
7.4422
7.7331
7.7695
7.6158
7.5458
7.7159
7.5438
7.2901
7.2457
7.2012
7.3091
7.1154
7.3570
7.2157
7.5204
7.4768
7.7046
7.3033
7.1822
7.2109
7.4264
7.2407
7.2834
7.2752
7.2427
7.4990
7.6574
7.3704
7.2099
6.9099
6.9930
6.9176
7.2611
6.9836
7.1661
7.2171
6.9509
6.8567
7.0016
7.2329
7.2487
7.1187
6.9262
6.9253
6.8631
6.7989
6.7346
6.7190
6.6897
6.3887
6.6716
6.5962
6.7014
6.5667
6.8679
7.0752
6.8659
6.9552
7.0326
7.3013
7.4066
7.3247
7.1397
7.0613
6.9034
6.9034
7.1997
7.2921
7.2128
7.3702
7.2690
7.1370
6.8566
7.1275
7.2099
7.2796
6.9976
6.7636
6.7042
6.8036
6.5860
6.9066
7.1193
6.8814
6.8849
6.7982
6.6946
6.6892
6.8669
6.8696
6.8660
7.0243
6.9864
7.0223
6.5932
6.7578
7.1020
6.9311
6.9156
6.8685
6.8278
6.8303
7.0057
7.2063
6.9213
7.0191
6.8712
7.2244
6.7665
6.7931
6.8987
6.6841
6.5236
6.8122
6.8163
6.5278
6.6878
6.7494
7.0184
6.9320
6.7492
6.8195
6.8908
6.9055
6.6926
6.7669
7.0716
7.1181
7.2744
7.3819
7.4860
7.6130
7.0508
7.2733
7.2850
7.1709
7.2458
7.3235
7.4520
7.3696
7.2840
7.1824
7.3005
7.0415
7.0887
7.0300
6.9703
7.1718
7.0282
6.8682
6.9403
6.7691
6.9898
7.0803
6.8448
6.9535
7.1890
7.1385
7.1193
7.0053
7.1006
7.3859
7.1489
7.1339
7.0177
7.1511
7.3000
7.3639
7.3962
7.4708
7.3739
7.7167
7.6314
7.4601
7.1675
7.2990
7.0544
6.9079
6.6254
6.6659
6.7215
6.6536
6.8108
6.9425
6.9889
6.9896
6.9685
7.1140
7.1358
7.0598
7.2020
7.2304
7.4805
7.3180
7.1889
6.9115
7.0609
7.1165
6.7457
6.6435
6.8793
6.8395
6.9679
7.0953
6.9883
6.9969
7.1545
6.8377
6.9311
6.8266
6.7301
6.9153
6.9183
7.0148
7.1787
7.1114
7.1636
6.8975
7.2165
6.8903
6.9292
6.7517
6.5531
6.1545
6.4654
6.2876
6.2701
6.2617
6.4899
6.4826
6.7735
6.6512
6.7804
6.8131
6.8023
6.9071
7.1618
6.9445
7.1340
7.2878
7.0373
7.0649
7.1075
7.2551
7.1754
7.1220
6.9404
6.6463
6.6679
6.6229
6.6068
6.8181
6.8732
7.5092
6.9832
7.0923
7.0090
7.0636
7.0107
6.8787
7.0594
7.1202
6.8751
6.8301
6.7925
6.9712
6.9021
7.0350
7.1845
7.1840
7.1048
6.9948
7.0504
7.0440
6.7671
6.9323
6.6333
6.7096
6.7974
6.9540
7.0551
7.0024
6.8241
6.8391
6.6236
6.5965
6.8974
6.9577
6.8132
6.8449
6.8355
6.7500
7.1361
7.2382
7.1646
7.1670
7.2835
7.5679
7.2880
7.3430
7.2972
6.9400
6.8322
6.9987
6.9410
6.7321
6.6475
6.9761
6.6948
6.8226
7.1912
7.2431
7.3677
7.2328
7.1496
7.1517
7.0073
7.0689
6.7370
6.8300
6.8046
6.8018
6.7326
6.9586
6.7787
6.6121
6.6560
6.6958
7.1374
7.1072
6.7939
6.4733
6.6226
6.4313
6.7231
6.5339
6.7112
6.9287
6.5878
6.4404
6.6848
6.8098
6.6071
6.6529
6.3571
6.6418
6.1999
6.6030
6.7596
6.5994
6.8005
6.6547
6.5468
6.8709
6.7511
6.6348
6.7058
6.8868
6.7233
6.7017
6.6372
6.7945
6.9474
6.6044
6.7594
6.5939
6.5850
6.4275
6.4719
6.5835
6.8678
6.8683
6.5471
6.7658
6.8763
6.6939
6.8336
7.0892
6.8265
6.4504
7.0732
6.7946
6.6606
6.9115
6.8597
7.0593
6.8114
6.4562
6.4910
6.5279
6.4077
6.2302
6.2377
6.2430
6.1792
6.5411
6.5241
6.4176
6.2189
6.2898
6.4395
6.2588
6.7100
6.5699
6.7962
6.9129
6.9151
6.6498
6.6710
6.3538
6.7994
6.6558
6.4682
6.5622
6.4796
6.3761
6.5048
6.8263
6.8587
6.5953
6.7815
6.7745
6.7973
6.8555
6.6880
6.6148
6.7592
7.0776
6.9161
7.2316
6.9011
6.9560
7.1222
7.2783
6.8987
6.9486
7.0631
7.0449
7.2041
7.3973
7.1753
7.0909
7.1393
7.0707
6.9062
6.9592
7.2531
7.3349
7.3210
7.3770
7.4334
7.4201
7.3941
7.3272
7.2114
7.0921
7.0409
7.4680
7.3719
7.4279
7.2296
7.3778
7.1399
7.2455
7.2718
7.1419
6.9997
6.8421
7.3316
7.1191
7.1731
7.1766
7.5006
7.2908
7.3754
7.3943
7.3767
7.5010
7.2683
7.1929
7.3104
7.1694
7.0345
7.1431
7.1404
7.1083
7.2175
7.2745
7.1575
7.3260
7.3287
7.4566
7.0921
7.2885
7.0953
6.7061
7.0616
7.4380
6.9785
7.3580
7.4253
7.5964
7.3759
7.5059
7.3477
7.2239
7.3179
7.5146
7.5982
7.2959
7.4191
7.3642
7.3811
7.2009
7.1288
6.9980
7.2322
6.9355
7.1472
7.3068
6.9401
7.2028
7.3169
7.2087
7.0809
7.3285
7.2969
7.1782
7.2945
7.1183
7.2223
7.0495
7.2604
7.1552
7.2974
6.9053
7.0673
7.1497
7.0067
7.2628
7.4631
7.3020
7.4458
7.2236
7.4259
7.0110
7.4409
7.3664
7.2137
7.0856
7.2488
7.0128
7.5823
7.4851
7.2527
7.4979
7.6191
7.1287
6.9381
7.0061
7.0959
6.7116
6.6546
6.7459
6.4188
6.6379
6.5313
6.4229
6.4354
6.7799
6.8180
6.6760
7.0248
6.5748
6.5641
6.7109
6.7769
6.6947
6.6815
6.6602
6.8121
6.8659
6.6391
6.4003
6.4250
6.5509
6.8228
6.7708
7.0775
6.9823
7.0850
7.2148
7.1535
7.2189
7.1372
6.9518
6.9448
7.0355
6.9895
7.1824
7.0940
7.2621
7.5225
7.5705
7.1122
7.0235
6.9576
7.1891
7.0348
7.3539
7.2247
7.3958
7.5103
7.2118
7.0737
7.0439
7.3686
7.2148
7.4774
7.3615
7.1292
7.4110
7.2204
7.3880
7.3199
7.5289
7.1047
7.4832
7.2252
6.8896
6.9681
6.8070
7.1158
6.8859
7.2660
7.2700
7.2565
6.9383
6.8993
7.0063
6.8794
6.7807
6.7449
6.7898
6.8065
6.8706
6.9025
6.9314
7.0321
7.2743
7.0517
6.8445
6.8972
7.2860
7.5791
7.4289
7.4408
6.9558
7.5661
7.2722
7.0081
7.1109
6.8316
7.0601
7.0772
7.2151
7.4025
7.5083
7.5713
7.2561
7.8158
7.5872
7.6746
7.6370
7.4610
7.3946
7.1485
7.4749
7.3032
7.3125
6.9792
7.3653
7.1577
7.3344
7.2733
7.3995
7.2366
7.2549
7.4507
7.7055
7.3726
7.3639
7.2650
7.4154
7.4196
7.3243
7.2814
7.3276
7.2559
7.5580
7.1371
7.0092
7.2573
7.1226
7.1789
7.0961
7.2708
7.0199
6.9321
7.3361
7.3078
7.5879
7.2426
7.1683
7.5210
7.4672
7.5435
7.5463
7.1393
7.4567
7.2504
7.2597
7.2680
7.6187
7.7170
7.5988
7.2265
7.2755
7.2545
7.3211
7.3254
7.2629
7.3141
7.1700
7.2023
7.0208
7.2413
7.1107
6.9809
7.2481
7.2299
7.3939
7.4866
7.7236
7.4051
7.3331
7.0742
6.9066
7.1525
7.2553
6.9231
7.1759
7.1939
7.0915
6.8387
6.9651
6.9845
6.8179
7.2360
7.1617
7.0917
7.1175
7.1351
7.1657
7.0350
7.1306
7.0556
7.1114
7.3754
7.4084
7.4809
7.9222
7.4762
7.8209
7.5110
7.7890
7.6714
7.5704
7.6672
7.5771
7.4164
7.7263
7.5737
7.3059
7.4672
7.5218
7.5187
7.5640
7.4279
7.3832
7.3363
6.8820
6.9784
6.9758
7.1112
7.1967
7.1203
7.2838
7.5405
7.2035
7.1276
7.4556
7.3030
7.5789
7.2804
7.3650
7.4939
7.6877
7.7649
7.6836
7.5060
7.5510
7.5532
7.4115
7.3381
7.4567
7.5091
7.5217
7.5003
7.4406
7.6470
7.6002
7.6679
7.6391
7.7771
7.7143
7.4522
7.3399
7.1959
7.0687
7.1212
7.0612
7.0045
7.0567
7.1201
6.9308
7.2856
6.9359
7.4626
7.3473
7.2272
7.5944
7.1456
7.4217
7.1615
7.5958
6.9911
7.2507
7.1485
7.1265
6.6632
7.0606
6.7183
6.8776
6.7661
6.9325
6.7590
6.8942
6.6732
6.8492
6.7542
6.9503
6.8373
7.0202
7.2030
7.0471
7.0204
7.1151
6.8100
7.0570
7.3101
7.1502
7.0351
6.8792
6.8711
7.0848
7.0081
7.0095
7.0758
7.1881
6.9161
7.0148
6.6894
6.9580
6.9502
7.0131
6.7513
6.7609
7.1605
6.9242
6.8756
6.9504
7.0113
6.8037
6.7302
6.7979
6.8206
6.6376
6.8602
7.0279
7.1107
6.9854
7.2294
7.2308
7.2522
7.4036
7.4172
7.4469
7.0361
7.0809
6.8972
6.8493
7.0303
7.2648
7.0554
6.8866
6.9942
7.1449
7.0442
7.1998
7.1396
7.2687
7.1846
7.5632
7.2364
7.3231
7.6219
7.1761
6.8110
6.9435
6.9768
6.8577
6.7244
6.6642
7.0849
6.6366
6.5609
6.3816
6.8894
6.7511
6.7825
6.7083
6.4519
6.6807
6.5151
6.7312
6.9840
6.5132
6.3224
6.4198
6.2901
6.3685
6.7137
6.3762
6.6184
6.8429
6.8374
6.8592
6.7929
6.3475
6.7263
6.4921
6.1858
6.2981
6.0724
6.1365
6.1568
6.0782
6.1430
6.1430
5.8758
6.1285
6.2093
6.1719
6.1861
6.4789
6.6189
6.1279
6.0536
6.0592
6.1778
6.1008
5.8480
6.0216
5.9412
5.8151
6.0325
6.0508
6.1112
6.0729
6.0236
5.8493
5.9834
6.0966
5.5931
5.9609
6.0375
5.9917
6.1216
6.0084
6.2791
6.2772
6.2610
5.8903
6.1897
5.9393
5.9770
5.8923
6.0244
6.0616
6.0733
6.4631
6.1670
6.2089
6.3741
6.2045
6.3391
6.2887
6.7311
6.6419
6.6929
6.5907
6.7002
6.8467
6.6286
6.1831
6.3422
6.3828
6.3229
6.0636
6.2638
5.8479
6.4077
6.3928
6.4484
6.3547
6.4589
6.5224
6.3473
6.1756
6.0403
6.1051
6.2369
6.1235
6.3427
6.4100
6.0695
6.2940
6.3418
6.4414
6.3673
6.5984
6.3950
6.1192
6.3707
5.9810
6.2663
6.4391
6.4561
6.1468
6.3722
6.4812
6.6408
6.4941
6.5539
6.5604
6.3004
6.1154
6.2549
6.5171
6.2716
6.3497
6.2792
6.2643
6.5885
6.6183
6.3469
6.4661
6.6216
6.6640
6.7462
6.5839
6.4062
6.4682
6.3906
6.9070
6.7616
6.9408
6.4231
6.4628
6.4260
6.3236
6.5551
6.6938
6.9594
6.5728
6.6920
6.8010
6.9703
6.9163
6.5893
6.7344
6.6618
6.6861
6.6798
6.5418
6.8561
6.9540
7.1288
7.1698
7.1131
6.7833
6.7733
6.6228
7.0007
6.6564
6.7599
6.6907
6.7364
6.6720
6.7830
6.8358
6.7461
6.3011
6.6798
6.5994
6.6558
6.5578
6.5554
6.6018
6.6782
6.4779
6.5597
6.7217
6.5291
6.2860
6.3725
6.5687
6.5617
6.6368
6.4174
6.3200
6.3665
6.4931
6.6253
6.5964
6.4225
6.5651
6.2950
6.2636
6.6948
6.7753
6.5126
6.5112
6.7521
6.6184
6.7118
6.7848
7.0316
6.6633
6.9956
6.8758
6.7112
6.5822
6.4928
6.9047
6.7413
6.5688
6.7114
6.6490
6.8412
6.7767
6.8980
6.9665
7.0555
7.3082
7.1618
7.3454
7.3187
7.4195
7.0612
7.1638
7.3049
7.3711
7.3142
7.0182
6.8456
6.8932
7.0769
7.5036
7.3335
7.5245
7.3176
7.2344
7.1627
7.0620
7.2032
7.3721
7.2306
7.1689
7.3977
7.2140
7.5073
7.6629
7.7865
7.7725
7.9250
7.6100
7.2083
7.3844
7.3097
7.3301
7.4951
7.3732
7.5880
7.7526
7.6163
7.8310
7.6598
7.8087
7.6876
7.4994
7.7387
7.4974
7.4665
7.9262
7.6387
7.4260
7.4975
7.5180
7.3287
7.7650
7.7873
7.7182
7.6969
7.8384
7.5579
7.3189
7.2514
7.2786
7.2559
7.6072
7.1719
7.1837
7.0588
6.9726
7.3163
7.2251
7.0553
7.3159
7.2139
7.1977
7.4668
7.1106
7.3778
7.5518
7.7120
7.2515
7.0897
6.9095
6.4623
6.7969
6.7576
6.6574
6.5463
6.4206
6.5907
6.7885
6.8391
6.7187
6.6634
6.6271
6.2807
6.2909
6.4940
6.6345
6.7545
6.6477
6.7049
6.3060
6.2815
6.2796
6.6473
6.8572
6.8859
6.8437
6.9279
7.1970
6.7877
6.5654
6.1436
6.6320
6.2973
6.8933
6.5676
6.6021
6.5427
6.8954
6.8870
6.9671
6.7783
6.9060
7.0882
7.2730
7.3861
7.3708
7.1833
7.1210
7.0528
7.1331
7.1372
6.8830
6.7849
6.6620
6.4080
6.5194
6.8607
6.8548
6.8691
6.4532
6.7864
6.8133
6.8087
6.6689
6.3017
6.5049
6.3773
6.7304
6.5378
6.5522
6.9326
6.8411
7.0418
6.9758
7.0012
6.6568
6.5806
6.7177
6.3029
6.6322
6.2909
6.5227
6.5492
7.0062
6.8483
6.4173
6.5929
6.5917
6.5245
6.9073
7.0252
6.9221
6.6175
6.7807
6.7699
7.0823
6.7788
6.5707
6.5645
6.3383
6.6475
6.3722
6.3729
6.6617
6.3927
6.4750
6.5684
6.6216
6.7198
6.4496
6.5634
6.5639
6.5506
6.6480
6.6340
6.3090
6.2104
6.5217
6.6189
6.3389
6.6590
6.4648
6.7592
6.7279
6.7501
6.8555
6.8219
6.8215
6.5931
6.6219
6.6376
6.9829
6.7553
6.8221
6.3070
6.2716
6.4654
6.5539
6.5735
6.4342
6.5149
6.6639
6.6585
6.6723
6.7374
6.7735
6.8974
6.9910
6.8040
6.7543
6.5425
6.7894
6.8640
6.7883
6.8027
6.7544
6.9489
6.8155
6.8835
7.1584
6.5314
6.6589
6.8171
6.9553
6.7293
6.6578
6.9126
6.8226
6.9470
7.0832
6.9680
7.3164
6.9784
7.1612
6.9280
7.1585
7.1260
7.4159
7.2558
7.2056
6.9498
7.3108
7.0387
7.0028
7.0417
7.1581
7.3183
6.9987
7.0386
7.1023
6.9512
7.0653
7.1403
7.2149
6.8438
6.8429
6.8412
7.1054
6.7842
6.9596
6.9118
6.9247
6.8587
6.7699
6.8488
7.0476
7.0155
6.9861
6.6150
7.0373
7.0986
6.8381
6.7406
6.7591
7.1795
7.0038
6.9479
7.1193
7.1892
7.4058
7.1754
7.4163
7.5970
7.4256
7.3674
7.2573
7.4372
7.6665
7.0482
7.1030
7.0881
7.1485
7.1706
7.2972
7.1536
7.0300
7.2732
6.8794
6.8794
7.1074
7.1045
6.7437
7.0928
7.0900
7.1101
7.1416
6.9657
6.5790
6.8685
6.6625
6.6716
6.5272
6.8455
7.0100
6.7433
6.5980
6.9817
7.0368
6.8390
6.8707
6.7744
6.7078
6.8188
6.7137
6.5162
6.4308
6.6128
7.0909
6.9611
7.1566
7.2753
7.1271
7.0207
7.1372
7.0427
7.0379
7.4205
7.0779
6.9958
6.8475
7.1436
7.3331
7.2525
6.8775
6.9029
6.8287
6.5765
6.6799
6.4497
6.7196
6.9268
6.7381
6.5132
6.5970
6.6482
6.6634
6.7455
6.5817
6.8615
6.6860
6.6898
6.6680
6.7698
6.4813
6.6770
6.7498
6.4379
6.6399
6.7352
6.5635
6.4889
6.6622
6.5654
6.7600
6.5717
6.6223
6.6087
6.8507
6.7424
6.7882
6.4349
6.1791
6.4357
6.4879
6.9279
6.8993
6.6656
6.3549
6.3029
6.3582
6.3716
6.7837
6.6201
6.5964
6.6477
6.8189
6.7327
6.4838
6.5289
6.6362
6.7070
6.7915
6.5868
6.4741
6.4469
6.5109
6.3860
6.4321
6.6071
6.5921
6.7370
6.9614
6.9142
6.6792
6.7064
6.6731
6.6631
6.7441
6.6068
6.6185
6.5283
6.7537
6.6754
6.9297
7.3001
6.9441
6.8591
6.7769
7.1087
6.9171
6.9661
6.7619
6.8096
6.8367
7.0129
7.2202
7.2629
6.9974
7.2313
7.0528
7.1546
7.1785
7.1540
7.2730
6.8499
6.7902
6.9931
7.0958
7.4125
7.0391
7.1252
7.0677
7.0893
7.4061
7.1298
7.1314
6.8349
6.7772
6.6734
6.9565
6.8470
7.0207
6.9630
7.2552
7.2616
7.4643
7.4455
7.1263
7.4015
7.3536
7.4330
7.4228
7.1179
7.1676
7.2072
7.0173
7.3607
7.5292
7.8053
7.6940
7.6836
7.4660
7.4104
7.2712
7.3310
7.6030
7.8110
7.9863
7.5356
7.4976
7.6120
7.1974
7.1934
6.8809
6.8244
6.9055
6.7259
6.5792
6.7784
6.8500
7.0929
6.7925
6.7505
6.6971
6.7372
6.6169
6.4916
6.9600
7.1380
7.0857
7.2100
7.0454
7.0336
6.7879
7.1417
7.2673
7.1795
7.2766
7.2800
6.9904
6.8842
6.6777
6.9569
6.9656
6.9033
7.1385
6.9367
6.8891
6.7386
6.7804
6.7010
7.0832
6.6836
6.5178
6.2056
6.6337
7.0623
7.0451
7.2116
7.2780
7.1780
7.0588
7.3521
7.1344
6.7805
6.6238
6.6329
6.8585
6.6529
6.7466
6.6937
7.0881
6.6963
6.9020
7.1330
6.9643
7.0248
7.0108
7.0076
7.2319
6.7820
7.1758
7.1114
7.1109
7.3285
7.0228
7.0469
7.4356
7.5188
7.3875
7.0455
7.2647
7.2761
7.0119
7.2849
7.1216
7.2029
7.3661
7.4538
7.5229
7.2536
7.1429
7.2112
7.4885
7.4508
7.4600
7.7715
7.7479
7.5775
7.3802
7.5218
7.4899
7.2751
7.1928
7.3428
7.3690
6.7772
7.2620
7.2475
7.2401
7.4008
7.3999
7.1885
7.1827
7.0928
7.1306
7.0306
6.9447
7.3119
7.2307
7.0612
7.0233
7.0689
7.2077
7.0807
7.1500
7.1676
7.3449
7.1271
6.8316
6.9517
6.8592
6.7247
6.5302
6.9874
6.7316
6.5294
6.8853
6.9759
6.9550
6.6693
7.0193
7.0379
7.0695
6.8886
7.0117
6.7537
6.5076
6.8330
6.5705
6.7551
6.7800
6.6337
6.7931
6.6738
6.7617
6.5972
6.6169
6.7529
6.7161
6.6222
6.5367
6.5024
6.5961
6.6597
6.5495
6.8884
6.8698
6.6603
6.8367
6.5907
6.4081
6.4890
6.6172
6.2433
6.4153
6.4398
6.2270
6.3131
5.8913
6.2623
6.1409
6.2852
6.2051
6.4966
6.1356
6.2000
6.2156
6.4086
6.5994
6.7959
6.7072
6.7600
6.7625
6.9195
6.6988
7.0377
7.2276
6.9746
6.9371
6.8375
6.8105
6.8650
6.7581
6.7312
6.7453
6.7247
6.9109
6.7867
6.5454
6.6362
6.4617
6.2891
6.2949
6.2979
6.3014
6.6974
6.8817
6.9257
6.9492
7.2258
6.7551
6.9341
6.9151
6.9021
7.0558
7.1132
6.8216
6.7379
6.6333
7.1464
7.0623
6.9858
7.1768
7.1953
7.2180
7.0762
7.2077
7.0839
7.2987
7.0118
6.8662
6.9342
6.9512
7.0451
7.0189
6.9087
6.8809
6.8250
6.7837
6.6007
6.7970
6.9273
6.7405
6.7044
6.6335
7.1281
7.1577
7.3397
7.5257
7.5330
7.2156
7.2143
7.0661
7.1224
6.9788
6.8485
6.5935
6.8992
6.7116
6.5068
6.5327
6.8821
6.7417
7.0334
6.9428
6.7053
6.7745
6.6499
6.7635
6.5981
6.5612
6.6917
6.7024
6.6616
6.9334
6.6163
6.9089
6.8449
6.4622
6.5813
6.5628
6.4564
6.5761
6.3358
6.2432
6.6968
6.3911
6.7044
6.5575
6.5498
6.3821
6.6677
6.7586
6.9102
6.6913
6.4584
6.5259
6.4271
6.2987
6.5227
6.2366
6.5008
6.3855
6.7395
6.3521
6.6258
6.5175
6.4993
6.2658
6.2801
6.3121
6.5739
6.6679
6.6215
6.5592
6.7982
6.7359
6.7063
6.8961
6.6137
6.5387
6.2395
6.2499
6.3049
6.2102
6.3219
5.9834
6.3331
6.5532
6.5883
6.3016
6.6458
6.5763
6.4681
6.7978
6.7992
7.0110
6.7051
6.8694
6.7766
6.6422
6.6346
6.5764
6.7601
6.8371
6.8034
7.1863
7.0729
6.9519
6.7922
6.8970
6.6491
6.5765
6.7913
6.8109
6.9224
6.9527
6.8790
6.7834
6.6863
6.8125
6.7146
6.7505
6.6791
7.0880
6.6751
6.7577
6.4778
6.3265
6.5439
6.6423
6.3918
6.2186
6.3556
6.6008
6.6432
6.7140
6.6078
6.2519
6.3256
6.4949
6.8640
6.9242
6.7309
7.1175
6.9250
6.4105
6.5780
6.6691
6.3698
6.2568
6.5293
6.7189
6.8193
6.7408
6.8226
6.8307
6.6217
6.6565
6.7144
6.7461
6.7671
6.6561
6.9367
7.1880
7.1256
7.2100
7.2146
7.3263
7.1186
7.2527
7.2708
7.0090
7.0030
7.1009
7.1658
7.4118
6.8635
7.0261
7.2207
7.0166
7.1546
6.9706
6.9649
7.3175
7.7965
7.4073
7.3120
7.6289
7.6075
7.1775
7.1603
6.9516
7.2808
6.7462
6.6931
7.2594
7.0033
6.9813
6.5645
6.5194
7.3195
7.2845
7.1958
7.1968
7.0977
6.7986
6.7307
7.1918
6.9421
6.8072
6.7578
6.6740
6.7410
6.6140
6.6923
6.5758
6.6570
6.8201
6.8003
6.8651
6.8797
6.7473
6.8500
6.8746
7.0243
7.3099
6.8647
7.0297
6.8400
7.2013
6.8797
7.1800
6.9945
6.9377
6.8758
6.6012
6.6659
6.5902
6.7983
6.6177
6.4449
6.6392
6.9616
6.8620
6.8442
6.8547
7.1338
6.7115
7.0139
6.6444
6.5844
6.4559
6.8325
6.6540
6.8468
6.9881
7.2151
7.1587
7.3360
7.1433
7.2320
7.1999
7.0699
7.3231
7.2738
7.1405
7.2705
7.5312
7.7022
7.5360
7.3804
7.5279
7.5538
7.5520
7.4759
7.2872
7.5324
7.2664
7.1722
7.0885
7.6181
7.6102
7.2982
7.2448
7.2637
7.2779
6.8898
6.7785
6.7733
6.8233
7.1329
7.2057
6.9199
7.0749
7.0069
7.0642
7.1279
7.1628
7.2230
7.1454
7.3673
7.2298
6.7371
6.9010
6.7935
6.9693
6.6006
6.8312
7.0162
6.8823
7.0356
7.1653
7.1387
6.8201
6.6159
6.7022
6.5521
6.4438
6.9045
6.7357
6.7378
6.6275
6.6252
6.7879
6.9359
6.8679
7.0493
7.0852
6.8750
7.0499
6.7806
6.4435
6.3644
6.8095
6.6040
6.8364
6.8660
6.3903
6.5573
6.3965
6.3295
6.3866
6.3892
6.4971
6.7229
6.8132
7.0268
6.9390
6.6639
7.0087
7.0112
6.7655
6.8899
6.8204
6.9175
6.6625
7.1073
6.8848
7.0315
6.7544
7.0032
6.9184
6.5962
6.5205
6.7677
6.8531
7.0246
6.4595
6.3008
6.4967
6.5979
6.7906
6.8146
6.5396
6.3435
6.3442
6.3440
6.3487
6.4421
6.5346
6.6987
6.3628
6.4189
6.1862
6.4178
6.1788
6.4233
6.6530
6.5892
6.6616
6.8111
6.8702
6.9133
6.6310
6.4834
6.8471
6.4595
6.6730
6.8766
6.9631
7.2095
7.0620
6.6382
6.7685
6.7031
6.7804
6.4241
6.4843
6.8427
6.5737
6.7195
6.7130
6.8526
6.9104
6.8871
6.9799
6.4504
6.8989
6.6954
6.6399
6.9413
6.8295
6.9526
6.9889
6.9574
7.1410
7.0066
6.9142
6.8676
7.2200
6.8554
6.7718
6.9096
6.7796
6.9049
6.8718
6.8121
6.5998
6.5596
6.8338
6.6611
6.4779
6.8123
6.7014
6.7150
6.3966
6.3709
6.6846
6.7336
6.9013
6.5527
6.8801
6.7685
7.2063
7.2432
7.1034
7.2165
7.3546
7.4395
7.4339
7.4508
7.5661
7.0161
7.3045
7.2953
7.8136
7.8635
7.4848
7.6604
7.5851
7.4728
7.6114
7.6064
7.5071
7.6072
7.3943
7.3038
7.0441
7.5669
7.5005
7.7458
7.6805
7.4999
7.5900
7.3766
7.5650
7.3501
7.7072
7.1251
7.2982
7.2496
7.3129
7.4138
7.4514
7.2110
7.2581
7.1688
7.1280
7.3994
7.0930
6.8275
6.8559
7.0796
7.4277
7.4449
7.1744
7.1170
7.1756
7.1474
7.1712
7.3578
7.2856
7.1572
6.9353
7.0936
7.1639
7.3707
7.2911
7.5158
7.3346
6.9305
7.3371
7.1846
6.9872
7.0275
7.0044
7.0576
6.9325
7.1877
7.1685
7.0696
7.1195
7.2338
6.8487
6.9803
6.9888
7.3950
7.5794
7.1991
7.0595
7.0887
6.8410
7.1069
7.2921
7.3526
7.1622
7.2369
6.9091
7.0407
7.0389
7.3971
7.4108
7.3947
7.4787
7.4545
7.3659
7.6224
7.9554
7.5142
7.4194
7.6066
7.1430
7.0784
7.5097
7.5037
7.3797
7.5339
7.4496
7.6560
7.8680
7.8832
7.6545
7.6711
7.6830
7.5829
7.5797
7.6491
7.7050
7.6688
7.7500
7.4151
7.7530
7.6167
7.2244
6.8849
7.1933
7.2297
7.4099
7.0234
6.7958
7.1560
7.3545
7.1370
6.9695
7.0686
6.9528
7.3036
7.4857
7.3014
7.1798
7.1924
7.2833
7.2728
7.3883
7.0639
6.6333
6.5758
6.4920
