2.7666
2.7970
3.0505
2.7429
2.7246
2.8722
3.0045
3.0526
3.0516
2.9098
2.9971
3.0651
3.2991
2.8080
2.9748
2.7191
2.9963
3.1732
2.9850
2.8430
2.9997
2.9187
2.7902
3.1173
2.7825
2.8285
2.8547
2.6031
2.6699
2.4762
2.0920
2.3430
2.0553
2.2529
2.0183
1.8029
2.0206
2.0278
1.9955
1.8917
2.1380
2.2883
1.8632
2.0474
2.2238
2.4094
1.9650
2.2780
2.1227
1.9331
1.8286
1.9399
2.2598
1.8799
1.8930
2.0436
1.9248
2.0553
1.9886
1.9840
2.0575
1.9092
1.6687
1.6939
1.9884
1.7721
1.8983
2.0051
1.8329
2.4112
2.0713
2.5096
2.1852
1.9820
2.2600
1.9753
1.8030
2.0695
2.3940
2.3000
2.2262
2.0744
2.2545
1.7846
1.6308
2.2879
2.2454
1.8037
2.2841
2.1598
2.2038
2.4076
2.4033
2.2498
1.9615
1.9363
2.0670
1.8861
2.0993
1.9191
2.2490
2.1219
1.8504
1.8947
2.0398
1.7349
2.2279
2.0912
2.2002
2.1217
2.1364
2.1289
1.9304
2.0819
2.2420
2.1798
2.1945
2.1112
1.7932
2.1068
2.1151
2.1469
2.0217
1.9731
1.8914
2.0936
2.4755
2.2414
2.1316
1.9063
2.0194
2.1641
2.0215
2.5999
1.8472
2.1335
2.1486
1.8814
1.9438
1.8357
1.9994
2.3030
2.0766
2.3176
2.2011
1.8847
2.2939
2.0436
2.3297
2.1474
2.0816
2.1281
2.0766
2.1590
2.3144
2.1294
2.1595
2.2312
2.0612
2.1745
2.3680
2.1872
2.1541
2.0368
2.2603
1.9472
2.2342
2.1502
2.2357
2.0810
2.4563
2.0593
2.0711
2.3830
2.3071
1.9744
2.1399
1.9127
2.2793
2.3125
2.3617
2.0660
2.1677
1.9972
2.1199
1.9189
1.9074
2.1850
2.3606
2.0633
2.0386
2.3064
2.2017
2.2099
2.2702
2.2691
2.3366
2.1852
2.1798
2.4124
2.2317
2.3862
2.1777
2.2209
2.2614
2.5852
2.1469
2.1593
2.4502
2.3427
2.5757
2.6043
2.7085
2.5378
2.3442
2.5703
2.4943
2.3733
2.5646
2.1264
2.3839
2.5250
2.4708
2.4924
2.6968
2.8123
2.7157
2.6317
2.4704
2.5705
2.8425
2.6753
2.5556
2.6108
2.4365
2.5700
2.6315
2.3847
2.2171
2.1575
2.3790
2.8128
2.1590
2.2067
2.1395
2.1023
2.4806
2.6860
2.7588
2.6923
2.2574
2.1870
2.4531
2.2952
2.2687
2.0079
2.3086
2.3482
2.2100
2.2808
2.3726
2.3999
2.1470
1.8583
1.8961
2.2634
2.3097
2.2335
2.2340
2.3026
2.0833
2.3440
1.9101
2.2457
2.4661
2.1305
2.2644
2.3652
2.1870
2.3139
2.4626
2.2429
2.2609
1.9921
2.2624
2.1475
2.0413
2.0148
1.8693
2.1512
2.1707
2.1755
2.0608
2.1924
2.2624
2.0462
2.2344
2.0138
2.1880
2.3540
2.3073
2.1155
2.2830
2.2020
2.1944
2.4280
2.3345
2.4095
2.2102
2.6496
1.9757
2.1571
2.5849
2.3445
2.3888
2.6497
2.3836
2.5992
2.3545
2.4750
2.3568
2.8168
2.5613
2.6313
2.6316
2.6710
3.2693
3.0318
2.7926
2.9654
2.8952
2.8214
3.1446
3.1631
3.0948
3.1420
2.7646
2.7724
2.8634
3.0596
3.0869
3.3137
3.0824
3.1680
2.9353
2.7896
3.0854
2.6768
2.9138
2.8905
3.1401
3.1739
2.8920
2.9740
2.7307
3.0046
3.4046
3.2038
3.2870
2.9020
2.7303
3.2328
3.3145
2.8315
3.0834
2.9837
2.7695
3.1206
3.0941
3.1274
2.9902
3.2227
2.9545
3.0765
3.2481
2.9346
2.7222
2.9538
2.8108
2.8986
3.2739
3.0327
3.0874
3.1738
2.8610
2.7339
2.9571
3.2881
3.0524
3.5425
3.0167
2.6679
2.9752
2.9930
3.2450
3.1461
3.0289
3.0271
2.6081
2.6745
2.9978
2.8859
2.7595
3.3654
3.1288
3.1491
3.0262
2.8614
3.0349
2.8616
2.6496
2.7856
2.9605
3.3496
2.9133
3.0835
3.2244
3.6251
3.4239
3.2178
3.3309
3.4763
3.3374
3.1475
3.0225
2.7721
3.1481
2.9771
2.7273
2.6725
3.0818
3.0250
3.1890
2.7664
3.0206
2.8761
3.1141
3.2373
3.6385
2.8976
3.1880
3.1052
3.5625
3.0960
3.4833
3.7593
3.1136
3.3585
3.2486
3.4244
3.2081
2.9595
3.4100
3.3138
3.7288
3.4053
3.4548
3.6438
3.4973
3.4897
3.4372
3.6733
3.3829
3.6553
3.6458
3.4858
3.5743
3.3883
3.1546
3.2613
3.2424
3.2898
2.9874
3.5497
3.4046
3.5009
3.2490
3.1837
3.2126
3.5744
3.3315
3.6436
3.0887
3.3774
3.2626
3.1098
3.0449
3.3892
3.1463
2.7640
2.8910
2.7300
2.9363
3.0127
2.9530
3.6216
3.0835
3.1077
3.1176
3.1286
3.2113
3.1947
3.1417
3.1081
2.9998
3.1147
3.3523
3.2246
3.1387
3.4750
3.5094
3.2008
3.1138
2.9728
3.0797
3.0057
3.1127
3.0433
3.5794
3.6331
3.0601
3.3278
3.2674
3.1024
3.0257
3.1149
3.2771
3.3948
3.1383
3.1194
3.6159
3.1962
3.0430
3.0553
3.5308
3.3053
3.1710
3.0159
3.1595
3.3998
3.4562
2.8939
3.2299
3.1825
2.9125
3.0265
2.9463
2.9352
2.8581
2.7713
2.8859
3.1755
2.8096
2.8563
3.0085
3.0045
2.9076
3.0231
2.4320
2.9854
2.6971
2.4961
3.0228
2.8624
2.7286
2.9659
2.6577
2.9885
3.2269
3.2209
3.0037
2.3060
2.7048
2.7758
2.8460
2.7440
2.8754
2.7216
2.5547
2.8805
2.6218
2.3015
2.5619
2.4432
2.6732
2.5661
2.2528
2.4499
2.4412
2.4386
2.3221
2.3346
2.3792
2.3061
2.4623
2.4850
2.3977
2.5714
2.5593
2.0972
2.4128
2.2721
2.7839
2.0582
2.3450
2.4848
2.6970
2.5083
2.7720
2.5250
2.5035
2.6680
2.6552
2.7297
2.5558
2.8061
2.4015
2.5892
2.9267
2.5401
2.4708
2.5661
2.4058
2.4373
2.3162
2.7357
2.4794
2.5032
2.6885
2.8204
2.6976
2.6274
2.6258
2.5789
3.0565
3.1710
2.8402
2.6690
2.5503
2.5259
2.4522
2.7920
2.9944
2.5879
2.7452
2.7845
2.6385
2.8737
2.5384
2.9457
2.8918
2.9412
2.8419
2.8905
2.5692
3.0632
2.8530
2.9157
2.7279
2.6390
2.6084
2.7395
2.7696
2.8456
2.6697
2.7365
2.9181
2.9383
2.7505
2.3645
2.8933
2.6815
2.5919
2.5629
2.6245
2.7522
2.4486
2.5032
2.3809
2.4662
2.5244
2.7655
2.7949
2.5922
2.5498
2.8200
2.6380
2.9229
2.8111
2.5871
2.5750
2.6338
2.6117
2.5726
2.5405
2.7982
2.6766
2.6128
2.5930
2.4643
2.6327
2.6245
2.9387
2.6983
2.7307
3.6540
2.8166
2.9875
2.8400
3.0872
2.3441
2.7994
2.5149
2.4784
2.6858
2.8976
2.8150
2.2983
2.7204
2.3918
2.4692
2.7583
2.7543
2.8917
2.8134
2.7435
3.4436
2.9268
2.9598
3.1390
3.0212
3.0885
2.9565
2.8762
2.6071
2.9837
2.8108
2.9980
2.7755
2.3836
2.1259
2.7879
2.5175
2.7395
2.8047
2.7230
3.1027
3.0224
2.9191
2.9795
3.2019
3.0344
2.6694
3.0857
2.5094
2.3743
2.5493
2.5847
2.9922
3.0333
3.2086
3.1303
2.8518
3.0858
2.9917
3.0039
2.8431
2.9732
3.2231
2.9263
2.9797
3.3073
2.9074
2.9512
2.8615
3.4224
3.2768
3.3239
3.7271
3.1656
3.3618
3.6785
3.4427
3.6810
3.6405
3.2952
3.4491
3.5136
3.4437
3.4157
3.2000
3.2944
3.2579
3.4227
3.4011
3.0871
3.0317
2.6279
2.9810
3.0356
3.2736
2.8697
3.0527
3.0753
2.8786
3.0367
3.1806
3.0662
3.2708
2.9723
2.9743
3.1204
3.1866
3.2740
2.7335
2.7457
2.7137
3.0782
3.0863
2.9786
3.0564
2.9882
2.7485
2.5726
2.9716
2.9506
2.7203
2.8018
2.8931
2.7250
3.0574
3.1020
2.7941
2.7949
2.8323
2.8101
2.8253
2.7558
2.9041
2.9203
2.9694
2.8157
2.7417
2.9426
3.1196
2.5803
3.3752
2.9983
3.1218
3.0108
2.9147
2.7795
3.2835
3.1725
3.1573
2.8717
2.8568
3.0693
2.8840
2.6514
2.8100
2.8198
2.5914
3.0415
2.9551
2.9926
3.3664
3.3233
3.0003
3.3000
3.2919
3.3742
3.1811
2.8535
2.9489
2.8397
3.0380
3.0499
2.9353
3.3628
3.2929
3.2952
3.2684
3.5471
3.0213
3.4003
3.3362
3.6597
3.4484
2.9898
2.9536
3.4333
3.2267
3.3603
3.0435
2.8537
3.1405
3.2428
3.1681
3.2194
3.6447
3.6403
3.7384
3.8493
3.6035
3.4900
3.5966
3.4651
3.4960
3.5371
3.4102
3.4291
3.7452
3.5305
3.8750
3.5192
3.4951
3.8353
3.8414
3.5893
3.2150
3.3094
3.2597
3.5429
3.3281
3.3499
3.3594
3.3142
2.9504
3.4638
3.2637
3.2974
3.2356
3.4767
3.5144
3.1091
3.1764
3.2003
3.1192
3.3070
3.3714
3.2254
3.3744
3.2519
3.4289
2.9884
3.1899
3.1895
3.0625
3.2080
3.3440
3.1725
3.4824
3.4102
3.3538
3.4384
3.7500
3.5386
3.2757
3.1802
3.5856
3.5511
3.3059
3.5618
3.5598
3.3130
3.2263
3.0678
3.5049
3.4682
3.6889
3.5965
3.5946
3.4805
3.7025
3.3369
3.2872
3.8102
3.2961
3.3163
3.4968
3.7944
3.6274
3.8630
3.8330
3.8288
3.6032
3.6830
3.8274
3.6733
4.0094
3.8158
3.7810
3.8935
3.7016
3.8026
3.8592
3.7566
3.4801
3.6007
3.5970
3.6927
3.6075
3.4381
3.5984
3.4868
3.4752
3.8143
3.6569
3.7757
3.5842
3.6596
3.8925
3.8368
3.8480
4.0064
3.6034
3.6791
3.7813
4.0312
3.7801
3.7993
3.7602
4.0338
3.8701
3.9756
3.4516
3.4502
3.7332
3.7604
3.5028
3.4777
3.4541
3.5244
3.6306
3.2230
3.4651
3.2822
3.4722
3.6081
3.3598
3.3652
3.6972
3.7415
3.2688
3.3456
3.6898
3.6071
3.2800
3.4024
3.3165
3.4964
3.7390
3.5760
3.3324
3.4250
2.9556
3.3960
3.4569
3.6249
3.5102
3.4305
3.4147
3.2992
3.4137
3.6323
3.6981
3.4398
3.5798
3.5736
3.7375
3.4565
3.4560
3.5606
3.6648
3.6635
3.8482
3.8771
3.7599
3.7094
3.6904
3.8603
3.5657
3.7008
4.0363
3.9907
4.0853
3.8021
3.4205
3.6252
3.6767
3.6213
3.6441
3.7525
3.7508
3.6028
3.6881
3.5861
3.5457
3.2339
3.9339
3.7527
3.6888
3.4770
3.4758
3.6512
3.5661
3.8661
3.7162
3.7458
3.5479
3.4513
3.5576
3.4413
3.4466
3.5271
3.9261
3.7953
3.8081
3.5344
3.7213
3.5429
3.9643
3.8661
4.0133
3.6344
3.6356
3.9890
3.7543
3.8841
3.8170
3.5139
3.6737
3.8145
3.7830
3.6438
3.7668
3.2965
3.6101
3.6897
3.7990
3.4152
3.5913
3.7932
4.0755
3.5033
3.6084
3.6267
3.4263
3.2352
3.4301
3.6556
3.7919
3.8924
3.8747
3.8751
3.7259
3.7026
3.6894
3.3296
3.9394
3.8207
3.5895
3.5229
3.5720
3.4170
3.5644
3.5520
3.7232
3.3879
3.4339
3.3780
3.4686
3.4931
3.7444
3.7625
3.5541
3.6640
3.4901
3.4596
3.7218
3.5910
3.8116
3.7791
4.0569
4.0283
3.4936
3.5292
3.6239
3.4807
3.4661
3.6213
3.7914
3.4217
3.7772
3.3100
3.7559
3.5598
3.6999
3.8558
3.1627
3.7158
3.9383
3.3836
3.6943
3.5342
3.4759
3.5655
3.5177
3.5024
3.4072
3.6617
3.1248
3.5128
3.6397
3.5099
3.4209
3.3949
3.7269
3.4589
3.5080
3.4968
3.3232
3.5125
3.5099
3.3396
3.3822
3.5809
3.7071
3.4040
3.5600
3.5976
3.3203
3.2629
3.3754
3.2363
3.7454
3.4844
3.2708
3.4190
3.4658
3.3780
3.4329
3.6744
3.2427
3.3896
3.5026
3.6617
3.4749
3.5054
3.6116
3.6050
3.9989
3.8528
3.9419
3.8271
3.9619
3.9569
3.9387
3.7546
3.9495
3.7842
3.5451
3.6253
3.6210
3.8270
3.8316
3.3646
3.6017
3.6965
3.7280
3.6035
3.6553
3.7023
3.6519
3.4736
3.6087
3.7862
3.6626
3.7782
3.6725
3.7696
3.6488
3.6025
3.8010
3.6654
4.0091
4.1240
4.0192
3.6048
3.5775
3.8087
3.8350
3.6899
3.8883
3.8646
3.7990
3.8587
4.0053
4.0860
4.0551
4.1163
3.6196
4.1758
4.2117
3.7756
3.9875
3.9779
3.7127
3.5225
3.9821
4.3152
3.8423
3.6108
3.5426
3.8175
3.5840
3.9470
3.7657
3.6178
3.9532
3.5576
3.5420
3.6652
3.7018
3.4871
3.4716
3.5127
3.7076
3.9051
4.0331
4.0752
3.8293
3.9854
4.1986
4.0925
3.9290
3.8995
4.0406
3.9948
3.8976
3.6676
3.9249
3.7022
3.7628
4.0243
4.0283
3.9231
3.9512
4.0616
3.7890
3.7987
3.9403
4.3210
3.7635
3.8295
3.7341
4.0820
3.8699
3.4908
3.5065
3.7250
3.7199
3.8281
3.5741
3.6973
3.9479
3.6263
3.5466
3.8790
3.7999
3.6147
3.8353
3.5937
3.8628
3.8867
4.0447
4.0903
3.6180
3.5549
3.6017
3.6539
3.6327
3.9062
3.9714
3.7868
4.0008
3.7872
3.6938
3.6524
3.4826
3.5670
3.5392
3.6578
3.6910
3.5540
3.7078
3.7626
3.8258
3.8936
3.5293
3.4201
3.6283
3.8719
3.5030
3.9403
3.7113
3.7306
3.8432
3.5436
3.8187
3.6433
3.8305
3.6491
3.6478
3.8082
3.5726
3.4827
3.5757
3.7137
3.6657
3.8657
3.6539
3.6255
3.5100
3.5064
3.5894
3.9389
3.7860
3.7254
3.9732
3.7680
3.7586
3.8444
3.9219
3.9211
3.7993
3.7020
3.7097
3.8120
3.9495
3.7669
3.6874
3.7731
3.8443
3.7655
3.7137
3.6507
3.7546
3.5378
3.5574
3.5931
3.8730
3.3673
3.9437
3.3263
3.7157
3.5961
3.7841
3.5472
3.7283
3.6634
3.6124
3.6120
3.5581
3.5669
3.3388
3.3348
3.2752
3.5857
3.5577
3.3938
3.8092
3.6410
3.6345
3.6885
3.6454
3.4227
3.2162
3.6702
3.4197
3.2283
3.3115
3.2746
3.4117
3.4835
3.5936
3.6153
3.2567
3.4045
3.5877
3.2813
3.7938
3.8968
3.7913
3.5463
3.8148
3.7358
3.6985
3.5900
3.6088
3.8800
3.5974
3.6708
3.5585
3.6294
3.6556
3.9736
3.6566
3.7051
3.7426
3.8580
3.8895
3.7500
3.9005
4.0158
3.8568
3.6901
3.8416
3.8102
3.6003
3.4858
3.5351
3.7753
3.7034
3.3327
3.7128
3.7100
3.4778
3.3835
3.8893
3.7250
3.6774
3.5656
3.5976
3.7817
3.9797
4.1239
3.6163
3.5873
3.6123
3.7082
3.9578
3.8865
3.7714
3.6371
3.7086
3.6725
3.7507
3.6890
3.4022
3.7254
3.9546
3.7237
3.8384
3.4312
3.6304
3.7342
3.2756
3.5462
3.5665
3.4953
3.4199
3.7496
3.6333
3.6495
3.3913
3.2451
3.2576
3.4580
3.2731
3.5532
3.3446
3.3253
3.5763
3.6841
3.5397
3.6093
3.6209
3.2640
3.1891
3.3966
3.5390
3.2827
3.5720
3.5029
3.4241
3.3654
3.5781
3.5161
3.5695
3.6925
3.5048
3.4927
3.4693
3.2226
3.4869
3.4911
3.3519
3.3920
3.4912
3.5563
3.4003
3.5527
3.4571
3.2923
3.4201
3.4887
3.6702
3.7437
3.6084
3.4340
3.7737
3.3062
3.5774
3.3061
3.3865
3.7752
3.4165
3.5955
3.4139
3.4079
3.4292
3.3537
3.2385
3.2113
3.2786
3.2503
3.2504
3.2234
3.2960
3.1050
3.0136
3.0846
3.1120
2.9678
2.9212
2.8192
3.1873
3.0090
3.2323
3.2000
3.4060
3.2469
3.3694
3.5519
3.0995
3.4930
3.4523
3.0449
3.3565
3.4338
3.1537
3.5259
3.1606
3.2818
3.2828
3.2060
3.2394
3.3538
3.3818
3.3642
3.4450
3.7218
3.6485
3.6719
3.6254
3.2689
3.4797
3.2870
3.4716
3.6627
3.3488
3.6838
3.4272
3.5059
3.3976
3.4158
3.7153
3.3099
3.2761
3.2456
3.4401
3.3457
3.2475
3.2774
3.2312
3.3189
3.3702
3.8605
3.4390
3.2012
3.3293
3.6613
3.2724
2.9410
3.3712
3.3830
3.5450
3.7268
3.3329
3.8194
3.3213
3.6260
3.5706
3.5463
3.6093
3.7038
3.3485
3.4334
3.2156
3.5556
3.5449
3.6268
3.4882
3.2418
3.0873
3.1356
3.1615
3.3161
3.2978
3.4216
3.5143
3.8587
3.4548
3.2348
3.2355
3.1572
2.8899
3.2370
3.3632
3.4999
3.4004
3.6835
3.6197
3.4424
3.3543
3.5203
3.4063
3.5583
3.1800
3.3138
3.3995
3.2884
3.6488
3.3997
3.6169
3.3940
3.5710
3.6866
3.4952
3.3470
3.2138
3.3789
3.4757
3.2575
3.3803
3.6090
3.3414
3.6210
3.3254
3.1889
3.1943
3.1894
3.2441
3.1211
3.4479
3.6040
3.4113
3.4076
3.4133
3.3201
3.3672
3.0374
3.0973
3.2000
3.0492
3.1939
2.9697
3.0250
3.0888
3.4812
3.3681
3.4870
3.3938
3.3763
3.2267
3.6196
3.6890
3.3724
3.3959
3.6180
3.5758
3.3071
3.6544
3.3556
3.6468
3.5840
3.3851
3.1211
3.3145
3.3805
3.6427
3.8651
3.4104
3.4710
3.6384
3.2761
3.4623
3.0468
3.4357
3.2279
3.4256
3.5156
3.2860
3.4141
3.4958
3.2991
3.3320
3.2258
3.2632
3.4820
3.3659
3.3642
3.6332
3.3307
3.2655
3.2219
3.5119
3.4131
3.6207
3.4877
3.3349
3.2948
3.3625
3.2899
3.4645
3.4682
3.5210
3.4772
3.5400
3.9599
3.5862
3.7526
3.8669
3.4882
3.7409
3.3157
3.4775
3.4642
3.3375
3.6148
3.4535
3.3950
3.4990
3.5500
3.5163
3.6329
3.3546
3.5513
3.4954
3.2275
3.5446
3.7950
3.5241
2.8726
3.3108
3.1849
3.0242
3.2711
3.2035
3.4249
3.2641
3.2749
3.2344
2.9582
3.4982
3.2947
3.0738
3.2124
3.5157
3.4029
3.2329
3.1316
3.2458
3.1730
3.0744
3.6216
3.1347
3.2998
3.2527
3.2003
3.3593
3.3143
3.3527
3.7242
3.4129
3.5584
3.5474
2.8773
3.0292
3.0534
3.1772
3.4664
3.2626
3.4629
3.2632
3.0309
3.1711
3.1343
3.1696
3.2220
2.8644
3.2871
3.2220
3.3260
2.9458
2.9208
3.0554
3.0677
2.9723
3.1931
3.0928
3.0838
3.3537
3.2985
2.9678
3.4529
3.1989
3.3840
3.2658
3.3504
3.0630
3.1406
3.1049
3.1702
3.1499
3.5049
2.9887
3.1684
2.8124
2.7629
3.1917
3.3505
3.5275
3.3683
3.2255
3.2719
3.3243
3.5203
3.3952
3.4619
3.3207
3.0166
3.1395
3.0286
3.2164
3.2887
3.3776
3.2133
3.2492
3.0879
3.3183
3.1452
3.4163
3.2013
3.3046
3.4047
3.5203
3.4723
3.4785
3.5283
3.5703
3.3026
3.3028
3.5196
3.3800
3.5852
3.4739
3.2485
3.3599
3.5242
3.2890
3.2638
3.2455
3.2686
3.4416
3.3197
3.3347
3.1289
3.3755
3.2019
3.3479
3.2641
3.1488
3.1396
3.1364
3.2124
3.0621
3.2448
3.3638
3.3919
3.3601
3.5544
3.4461
3.4441
3.3024
3.7922
3.4780
3.3113
3.2859
3.4773
3.6330
3.2344
3.4874
3.4298
3.2761
3.4814
3.3388
3.3098
3.4945
3.4796
3.3090
3.2457
3.4792
3.3963
3.3668
3.3884
3.4717
3.4113
3.5732
3.6857
3.6871
3.5229
3.4437
3.3708
3.3606
3.4328
3.3347
3.5111
3.3747
3.5101
3.3221
3.2692
3.3859
3.2346
3.1016
3.4066
3.2576
3.3101
3.4227
3.3098
3.5749
3.6934
3.9588
3.5468
3.2017
3.3472
3.5028
3.3578
3.0860
3.4739
3.8164
3.4420
3.4341
3.4333
3.4418
3.5362
3.5339
3.6241
3.3640
3.1116
3.1389
3.2725
3.2171
3.0518
3.0123
3.4317
3.5807
3.3588
2.9995
3.0486
3.2991
3.2487
3.3216
3.5398
3.4377
3.6670
3.2396
3.3400
3.6134
3.2415
3.3133
3.2521
3.4472
3.6589
3.6976
3.7789
3.4805
3.4926
3.7607
3.5545
3.6673
3.1732
3.3602
3.3223
3.7624
3.4424
3.5251
3.5234
3.3745
3.5800
3.5068
3.3667
3.3380
3.4827
3.4805
3.0515
3.0990
3.6016
3.2619
3.7761
3.6905
3.3364
3.1601
3.4068
3.4368
3.3603
3.3601
3.6797
3.8764
3.9919
3.7276
3.7069
3.7406
3.5311
3.6330
3.9515
3.6373
3.4133
3.4617
3.2147
3.4435
3.2985
3.4376
3.4503
3.4717
3.3404
3.4521
3.3876
3.4953
3.5036
3.3838
3.7463
3.5570
3.2422
3.5734
3.4097
3.4861
3.7398
3.5923
3.8041
3.7128
3.5703
3.4954
3.6495
3.3605
3.6292
3.7116
3.4678
2.9422
3.3099
3.3449
3.1571
3.2279
3.3972
3.0577
3.3686
3.2770
3.1416
3.4826
3.1384
3.2688
3.3454
3.3807
3.5164
3.2145
3.2830
3.2799
3.1620
3.3192
3.2353
3.5011
3.6443
3.7005
3.6650
3.5348
3.5366
3.7004
3.6291
3.5775
3.3223
3.5734
3.4048
3.4527
3.4992
3.5266
3.3532
3.4884
3.2016
3.6350
3.5651
3.5164
3.6413
3.3823
3.3390
3.3942
3.1079
3.1543
3.0844
3.4407
3.1532
3.2247
3.1923
3.4449
3.2391
3.7811
3.8291
3.4674
3.7355
3.5380
3.0860
3.5722
3.7347
3.6384
3.4020
3.6556
3.4057
3.2647
3.5871
3.3126
3.3894
3.4479
3.4723
3.1686
3.4079
3.4844
3.4747
3.6110
3.4781
3.6199
3.4656
3.6752
4.0358
3.9141
3.8664
3.6198
3.3436
3.6501
3.5048
3.7273
3.5770
3.3990
3.6439
3.5213
3.5646
3.3739
3.6953
3.3107
3.3440
3.4557
3.3239
3.4273
3.4023
3.3385
3.4787
3.3388
3.3220
3.6810
3.5671
3.7961
3.6802
3.3075
3.3127
3.3092
3.3233
3.3829
3.1646
3.5308
3.5384
3.2986
3.3076
3.4196
3.4525
3.7346
3.4720
3.4665
3.7412
3.8153
3.7572
3.8576
3.5307
3.6138
3.6605
3.6169
3.2518
3.4919
3.3165
3.3574
3.2403
3.5476
3.2586
3.3881
3.2221
3.5835
3.3279
3.1566
3.5232
3.1804
3.4061
3.7641
3.9195
3.6085
3.6522
3.4731
3.3689
3.7454
3.4203
3.4651
3.4557
3.4558
3.3850
3.5415
3.6157
3.5715
3.6725
3.6325
3.5152
3.6074
3.7746
3.5022
3.7230
3.4774
3.5732
3.3193
3.4243
3.6103
3.3287
3.7121
4.0168
3.4494
3.7453
3.5523
3.5573
3.4216
3.5722
3.5953
3.7036
3.5949
3.8686
3.7054
3.5998
3.8876
3.4163
3.3961
3.6680
3.5670
3.0627
3.2485
3.4619
3.5094
3.7171
3.5935
3.5724
3.3276
3.5889
3.4793
3.4826
3.5591
3.3305
3.5427
3.3628
3.4001
3.5782
3.6081
3.6045
3.7912
3.8507
3.3411
4.2176
3.5988
3.4268
3.6349
3.5150
3.4194
3.6188
3.6632
3.4882
3.5112
3.4147
3.5291
3.5557
3.6548
4.0712
3.6961
3.4574
3.8654
3.5963
3.6709
3.7378
3.8110
3.5137
3.6144
3.7966
3.6712
4.0229
3.3559
3.3938
3.4455
3.1141
3.3172
3.3394
3.8673
3.6447
3.6605
3.5921
3.5089
3.8677
3.6944
3.6486
3.7383
3.9795
3.6770
3.6137
3.6277
3.4355
3.7653
3.6389
3.5169
3.7825
3.6750
3.5781
3.6925
3.3313
3.4687
3.7733
3.8327
4.0147
3.8012
3.6097
3.6810
3.7792
3.7313
3.5352
3.9025
3.5128
3.2757
3.4489
3.5474
3.5533
3.2217
3.5847
3.6891
3.4662
3.5911
3.3946
3.7377
3.6629
3.7179
2.9432
3.4191
3.4321
3.4086
3.3709
3.3104
3.4700
3.2909
3.2529
3.5714
3.5546
3.5213
3.5857
3.5940
3.4898
3.6606
3.4805
3.4511
3.2380
3.5615
3.9901
3.4844
3.6259
3.5914
3.6725
3.2481
3.4327
3.3434
3.2856
3.5706
3.4541
3.9130
3.5265
3.2078
3.4031
3.2604
3.5346
3.4819
3.4772
3.6253
3.9274
3.5451
3.5883
3.4532
3.4804
3.6263
3.5443
3.4539
3.4584
3.1996
3.3096
3.4435
3.2814
3.2614
3.7145
3.5434
3.4479
3.2502
3.4524
3.1608
3.1265
3.3606
3.2812
3.4917
3.3785
3.4395
3.5598
3.2765
3.6674
3.6549
3.6043
3.3941
3.8973
3.7249
3.2657
3.6815
3.8429
3.6498
3.5450
3.2002
3.3803
3.7817
3.2332
3.6503
3.4573
3.2121
3.5970
3.5428
3.4658
3.4956
2.9934
3.4114
3.3458
3.4339
3.3298
3.3508
3.2976
3.3974
3.2700
3.4255
3.4304
3.5940
3.2014
3.1429
3.5429
3.4491
3.5431
3.2802
3.4557
3.1739
3.3559
3.4108
3.2673
3.2613
3.5627
3.2378
3.5046
3.3021
3.2881
3.2077
3.3714
3.5919
3.4629
3.4824
3.1754
3.1604
3.0953
3.2842
3.4174
3.2945
3.3884
3.1874
2.9680
3.0514
3.0525
3.2588
2.9670
3.1463
2.9085
2.7969
3.0102
3.3319
2.9734
3.3028
3.5315
3.0267
3.4906
3.2841
3.1252
3.0421
3.3359
3.1836
2.9609
3.3602
2.9864
2.9668
3.1186
3.3327
3.2185
3.3575
3.2682
3.3785
3.2677
3.3124
3.3634
3.8325
3.7171
3.4782
3.4926
4.0431
3.4086
3.2267
3.3747
3.5158
3.2767
3.1689
3.3138
3.3948
3.4997
3.3981
3.4870
3.3824
3.3864
3.5831
3.2298
3.4557
3.5097
3.6448
3.6559
3.3171
3.3009
3.4463
3.4483
3.2761
3.3314
3.4370
3.4226
3.4662
3.6328
3.4844
3.4842
2.8393
3.1001
3.5373
3.4450
3.5432
3.4460
3.2994
3.4682
3.2361
3.6125
3.2570
3.2358
3.4683
3.4177
2.9095
3.0453
3.4036
3.1446
3.1563
3.3455
3.2021
3.1524
3.2514
2.8446
3.3934
2.8758
3.1887
3.1556
3.2605
3.3392
3.2793
3.6897
3.3309
3.5304
3.6336
3.1728
3.2032
3.1585
3.3946
3.3268
3.4096
3.2882
3.3331
3.1959
3.1234
3.1964
2.9437
3.2759
3.0762
3.3111
3.3013
3.2535
3.1711
3.0150
3.0513
3.3597
3.2364
2.9995
3.3031
3.4085
3.4622
3.2786
3.2256
3.2245
3.3855
3.5308
3.7939
3.4291
3.4294
3.7127
3.5500
3.4660
3.5028
3.5595
3.4491
3.6354
3.3856
3.4434
3.6152
3.6105
3.5380
3.4041
3.3205
3.4703
3.5054
3.5542
3.4513
3.4315
3.5586
3.5214
3.4449
3.2549
3.6199
3.6203
3.2463
3.6909
3.0879
3.7107
3.5120
3.9392
3.9007
3.7863
3.7034
3.5379
3.5942
3.7602
3.3761
3.6529
3.7493
3.7758
3.5832
3.5505
3.5564
3.8609
3.8305
3.6606
3.9663
3.5880
3.6219
4.0664
3.8077
3.7579
3.9376
4.1304
3.6568
3.8162
3.2777
3.7608
3.5969
3.5981
3.4256
3.5174
3.7229
3.6543
3.7688
3.8203
3.5538
3.5911
3.6022
3.4490
3.5871
3.7437
3.4776
3.7756
3.7118
3.9475
3.9548
3.9187
3.7132
3.6932
3.5718
3.6332
3.7814
3.7693
3.7719
4.0084
3.7852
3.7084
3.8048
3.7199
4.0437
4.0211
3.7432
4.0907
3.8676
3.6439
3.7144
3.4572
3.5412
3.5701
3.5858
3.6206
3.5482
3.4089
3.6513
3.5633
3.2093
3.4477
3.5069
3.7471
3.7199
3.3732
3.4683
3.6288
3.5361
3.2820
3.3961
3.3950
3.2895
3.3121
3.4959
3.5654
3.2169
3.2274
3.2048
3.7025
3.4013
3.4538
3.5645
3.5133
3.6947
3.7107
3.8425
3.9382
3.7772
3.5779
3.6470
3.7878
3.7025
3.2263
3.5964
3.7047
3.7494
3.7390
3.6026
3.8047
3.5511
3.4936
3.4511
4.0924
4.0829
3.9079
3.9651
3.8916
3.5451
3.3979
3.8777
3.7085
3.4675
3.6568
3.6887
3.5253
3.5002
3.7332
3.1542
3.5254
3.5447
3.3726
3.0293
3.3050
3.1373
3.2454
3.2888
3.3494
3.4021
3.4483
3.5146
3.2623
3.4249
3.4967
3.5872
3.5323
3.3917
3.6103
3.9653
3.6680
3.8594
4.1004
3.5875
3.6535
3.7856
3.7208
3.7482
3.9104
3.5170
3.5276
3.7419
3.8504
3.8227
3.7563
3.6266
3.0834
3.4796
3.5754
3.4771
3.8711
3.7806
3.6991
3.6914
3.8147
3.7941
3.8844
3.7267
3.3779
3.7622
3.3981
3.5841
3.5833
3.6403
3.3934
3.7963
3.3318
3.1126
3.5369
3.3054
3.3361
3.4693
3.5556
3.6516
3.7669
3.5664
3.7086
3.5242
3.5042
3.3752
3.8406
3.7245
3.5522
3.3261
3.6412
3.6081
3.6897
3.8415
3.6784
3.5274
3.7598
3.6749
3.7172
3.5090
3.6924
3.4277
3.4116
3.5358
3.5038
3.7345
3.4509
3.7311
3.4827
3.8351
3.8736
3.6467
3.7138
3.7369
3.4613
3.7630
3.4470
3.3159
3.6606
3.4626
4.0731
3.8144
3.6007
3.3268
3.9508
3.7269
3.4725
3.8527
3.6180
3.8438
3.6656
3.6209
3.7365
3.4528
3.6531
3.8623
3.4803
3.3550
3.4594
3.6759
3.7229
3.6024
3.4657
3.8221
3.8576
3.8080
4.0223
3.5597
3.6042
3.7755
3.7490
3.6688
3.8692
3.4813
3.7169
3.8710
3.6577
3.8703
3.5311
3.8123
3.9548
3.6671
3.7340
3.9090
3.5149
3.5582
3.9120
3.7128
3.8603
3.6869
3.8214
3.5887
3.8690
3.6754
3.2953
3.2785
3.3569
3.2405
3.3479
3.4785
3.5365
3.7623
4.0660
4.0035
3.9681
4.0800
3.8768
3.6523
3.5937
3.6771
3.6427
4.0829
3.8332
3.5008
3.7686
3.7859
3.7315
3.4981
3.9921
3.7251
3.7332
3.6195
3.3894
3.4335
3.5439
3.3827
3.2689
3.5723
3.5672
3.4782
3.7314
3.7586
3.6610
3.8169
3.7661
3.6415
3.7620
3.5161
3.5873
3.3421
3.6046
3.8001
3.8344
3.5330
3.5883
3.7488
3.5223
3.4264
3.3889
3.4031
3.7535
3.2848
3.4812
3.3558
3.3313
3.3470
3.4471
3.6615
3.7594
3.4648
3.6477
3.4324
3.2259
3.6614
3.7009
3.8474
3.9060
3.4817
3.5980
3.7926
3.4359
3.9042
3.8219
3.5278
3.4601
3.5410
3.4439
3.6001
3.4707
3.7178
3.8213
3.7708
3.5498
3.4606
3.3244
3.5049
3.4672
3.1125
3.1854
3.4421
3.5336
3.5461
3.6720
3.8721
3.9540
3.6540
3.8591
3.6182
3.5745
3.4279
3.6459
4.0028
3.5410
3.9102
3.9248
3.9272
3.6042
3.4431
3.8658
3.5282
3.6778
3.6716
3.8286
3.7539
3.6583
3.8251
3.6027
3.9194
3.9107
3.9749
4.3337
4.1019
3.7201
3.6231
3.8004
3.6713
3.7564
4.1120
4.1026
4.0268
3.9432
3.8680
3.6329
3.8292
3.6157
3.9607
3.8184
3.7045
3.1150
3.3251
3.2481
3.3989
3.5567
3.6541
3.5530
3.3564
3.4937
3.4160
3.3121
3.3103
3.6641
3.7592
3.7520
3.5129
3.7393
3.8228
3.9034
3.5585
3.6848
3.7169
3.7043
3.5214
3.1579
3.7249
3.6929
3.4893
3.2196
3.4968
3.5763
3.4935
3.8165
3.3670
3.1812
3.3686
3.5146
3.4956
3.1696
3.1353
3.2361
3.4493
3.2722
3.3132
3.6496
3.5743
3.4840
3.5930
3.7396
3.7620
3.6696
3.3619
3.5491
3.5335
3.1985
3.5027
3.5318
3.3701
3.9846
3.6861
3.6252
3.5085
3.5795
3.3897
3.4925
3.8659
3.3907
3.4671
3.5135
3.7246
3.5733
3.6327
3.6217
3.6627
3.5577
3.3232
3.5187
3.5818
3.6588
3.6760
3.6935
3.6774
3.4040
3.2183
3.5069
3.1576
3.4955
3.2220
3.5324
3.5656
3.7889
3.3338
3.4143
3.1795
3.5061
3.4698
3.2233
3.3831
3.3074
3.5747
3.2728
3.3200
3.5542
3.8867
3.7071
3.6303
3.6870
3.7831
3.5687
3.6814
3.5485
3.6878
3.4888
3.6222
3.4253
3.6057
3.5768
3.7425
3.7762
3.5716
3.8922
3.5769
3.7914
3.7120
3.7765
3.8093
3.5799
3.4841
3.7409
3.5720
3.8151
3.5940
3.6715
3.4700
3.9195
3.6069
3.9088
3.7673
3.1896
3.4589
3.2835
3.5876
3.7836
3.7947
3.4563
3.5762
3.4919
3.2764
3.2998
3.3380
3.4253
3.3177
3.4102
3.3274
3.2254
3.1475
3.4315
3.5417
3.4989
3.6708
3.4391
3.1860
3.3662
3.3805
3.5960
3.5114
3.2927
3.3539
3.2483
3.4161
3.2939
3.5122
3.3065
3.2964
3.0358
3.3324
3.4720
3.7336
3.6343
3.4347
3.5891
3.2907
3.3954
3.4188
3.3038
3.5890
3.4507
3.3980
3.3326
3.4326
3.2197
3.5224
3.5476
3.4060
3.3270
3.0176
3.2195
2.8925
3.2170
3.1346
3.2118
2.9836
3.2636
3.6032
3.1196
3.3921
3.5630
3.5626
3.2919
3.1437
3.3526
3.3020
3.2450
3.0752
3.3580
3.3184
3.3501
2.8787
3.3622
3.0208
3.0106
3.2980
3.2886
3.3985
3.2718
3.2491
3.2222
3.3260
3.2427
3.5691
3.6169
3.4686
3.3222
3.2632
3.3593
3.2160
3.5069
3.0899
3.1669
3.0209
2.8119
2.6874
2.7291
2.8055
3.3822
3.1429
3.5195
3.2548
3.1798
3.0972
3.0177
3.1971
3.1598
3.3006
3.2517
3.3063
3.1499
3.3219
3.0508
3.1343
3.1197
3.4014
3.2761
3.1604
3.5216
3.1096
3.3103
2.7143
2.8163
3.0169
3.0325
3.1482
2.8883
3.2292
3.1609
3.0322
2.9658
3.2138
3.3013
3.0237
3.5442
3.1807
3.2171
3.3830
3.2712
3.1605
3.1519
3.1781
3.2396
3.1395
3.3391
3.0521
3.0710
3.0604
3.2531
3.5717
3.3237
3.1805
3.5374
3.5089
3.1032
3.4689
3.2121
3.4106
3.2983
3.3105
3.1734
3.2563
3.3761
3.2561
3.5055
3.3254
3.4019
3.2953
3.2904
3.5075
2.9824
3.1543
3.3378
2.6282
3.1353
3.0634
3.5461
3.2271
3.1018
3.2261
3.3435
3.1653
2.9741
3.0539
3.1377
3.3490
3.4469
3.2298
3.2279
3.2950
3.1299
3.1074
3.2038
3.0848
3.1733
3.2636
3.2258
3.3352
3.1537
3.4141
3.3641
3.3194
3.5550
3.2998
3.3361
3.3911
3.3824
2.9923
3.1083
3.2217
3.2746
3.3206
3.1392
3.2236
3.0694
3.3291
3.2171
2.9954
2.9037
3.0395
3.1415
3.3330
3.3707
3.3446
3.2629
3.2593
3.3914
3.2503
3.2582
3.5263
3.5779
3.3360
3.7744
3.5116
3.4515
3.4267
3.5676
3.5254
3.5198
3.5811
3.3756
3.4305
3.1586
3.3853
3.5278
3.2325
2.9996
3.0518
3.3164
3.5326
3.4247
3.6149
3.4686
3.4821
3.1700
3.3456
3.7242
3.7298
3.3223
3.2041
3.1525
3.0663
3.1762
3.0896
3.3099
3.4107
3.6040
3.4229
3.4960
3.3944
3.4619
3.1373
3.3152
3.6397
3.8931
3.2964
3.1740
3.2453
3.3250
3.2076
3.3487
3.4586
3.4433
3.2369
3.2164
3.3281
3.3001
3.1214
3.6879
3.4234
3.3304
3.3926
3.7180
3.4458
3.3965
3.4808
3.2657
3.5968
3.5946
3.4278
3.3754
3.7568
3.1207
3.7410
3.0540
3.4919
3.1295
3.2820
3.0746
3.3122
3.3332
3.3876
3.4807
3.1988
3.1845
3.3932
3.5186
3.4463
3.4408
3.4917
3.4637
3.4342
3.6678
3.3019
3.0711
3.2243
3.2817
3.1703
2.8731
3.2264
3.3579
3.2633
3.6045
3.3484
3.6506
3.1898
3.0611
3.0965
2.8616
3.4594
3.3690
3.6114
3.4086
3.2274
3.3680
3.2871
3.2765
3.2048
3.0612
3.3866
3.2736
3.2176
3.5213
3.5847
3.5936
3.1289
3.1690
3.5483
3.5429
3.4678
3.1106
2.8944
3.3032
3.3434
3.0218
3.1078
3.3049
3.3308
3.2950
3.3243
3.2238
3.5105
3.0113
3.3589
3.2579
3.1903
3.3696
3.3629
3.4594
3.1149
3.1861
3.1495
3.2057
3.5649
3.1163
3.3353
3.5603
3.4511
3.4845
3.3851
3.3879
3.3525
3.4322
3.6234
3.6880
3.1991
3.3694
3.4092
3.0684
3.0356
3.4498
3.4043
3.2722
3.1539
3.6963
3.5179
3.3382
2.9838
3.0388
3.3770
3.3426
3.2992
3.0046
2.9391
3.1047
2.9906
2.9403
2.9344
3.0967
2.9154
3.2455
3.4064
3.3745
3.5176
3.7031
3.1503
3.1971
3.1005
3.2120
3.4111
3.3731
3.4215
3.2039
3.4210
3.2686
3.3451
3.3284
3.4087
3.6130
3.5760
3.5541
3.9252
3.7315
3.7207
3.7488
3.3899
3.3167
3.7177
3.6066
3.6127
3.7353
3.7685
3.6887
3.6200
3.1772
3.5180
3.1817
3.1682
3.4348
3.4278
3.1989
3.4861
3.4388
3.5015
3.5597
3.3062
3.7574
3.5231
3.6098
3.4621
3.5309
3.4972
3.5669
3.1192
3.2393
3.2197
3.2324
3.5737
3.2519
3.4374
3.4080
3.2762
3.3715
3.4093
3.4290
3.2458
3.4220
3.6739
3.3922
3.5321
3.5938
3.6383
3.6555
3.7773
3.7251
3.8968
3.6693
3.6839
3.9401
3.5113
3.8660
4.0130
3.7348
3.8442
4.0626
3.5896
3.5880
3.2266
3.5709
3.5459
3.3817
3.5866
3.2537
3.5982
3.4531
3.7237
3.6471
3.4762
3.5984
3.4841
3.5628
3.6357
3.3354
3.3122
3.2421
3.4904
3.2945
3.3350
3.1866
3.2992
3.3048
3.1281
3.2943
3.1630
3.2996
3.4235
3.4728
3.2357
3.9527
3.6024
3.2025
3.7071
3.5209
3.5879
3.5584
3.3289
3.3851
3.5262
3.5007
3.3253
3.4911
3.3654
3.3794
3.5786
3.2131
3.5381
3.3392
3.7188
3.7132
3.5350
3.6429
3.6609
3.6845
3.6400
3.5714
3.7458
3.5482
3.3792
3.4264
3.7819
3.2237
3.2193
3.2153
3.4326
3.3238
3.2508
3.3440
3.2630
3.3266
3.3932
3.4176
3.6685
3.6016
3.5362
3.3204
3.6732
3.5992
3.6611
3.3512
3.5553
3.5750
3.3153
3.8392
3.2725
3.5738
3.8507
3.5592
3.7418
3.5354
3.6002
3.6438
3.4684
3.4244
3.5943
3.5095
3.4758
3.2221
3.4033
3.4176
3.4250
3.4304
3.3010
3.5344
3.4516
3.7358
3.5346
3.6746
3.7125
3.5954
3.5210
3.6278
3.5985
3.4756
3.5317
3.5928
3.8138
3.7455
3.7627
3.5341
3.7018
3.6464
3.4047
3.5120
3.3073
3.4662
3.3032
3.8282
3.7374
3.5326
3.3453
3.4095
3.3032
3.5502
3.5422
3.8727
3.6670
3.7074
3.2475
3.3260
3.3856
3.5310
3.4701
3.2011
3.4061
3.6735
3.5391
3.5872
3.5350
3.9752
3.9460
3.7685
3.6712
3.8378
3.7108
4.0702
3.7536
3.7528
3.0355
3.5304
3.7986
3.9259
3.6800
3.9328
3.2799
3.3475
3.7621
3.4508
3.9049
3.8607
3.9645
3.8593
4.0385
3.7463
3.6881
3.8683
3.7299
3.6387
3.8419
3.7994
3.6904
3.8990
3.8002
4.1353
3.7684
3.5117
3.9635
3.8095
3.7375
3.9036
4.0931
4.1098
3.8150
3.7657
4.0409
4.2367
3.8586
3.5843
3.8084
3.7768
3.7388
3.6434
3.6781
3.5696
3.7495
3.6815
3.8062
3.9833
3.6249
3.8139
3.7438
3.8279
3.6230
3.8283
3.6464
3.8615
3.8653
3.4128
3.5690
3.3313
3.7611
3.6306
3.6330
3.6184
3.8905
3.3453
3.8009
3.7154
3.5946
3.5890
3.5556
3.8262
3.2800
3.3840
3.6629
3.3131
3.6318
3.9820
3.8993
3.3448
3.6996
3.5483
3.6386
3.4477
3.2781
3.2819
3.7544
3.8614
3.5858
3.6012
3.6483
3.6223
3.6308
3.5399
3.4267
3.5620
3.4933
3.5621
3.5573
3.3455
3.4314
3.4116
3.5063
3.6921
3.6902
3.7061
3.8132
4.0134
3.8311
3.6015
3.5690
3.5671
3.6503
3.8275
3.7664
3.7524
3.9741
3.5873
3.3737
3.7428
4.0264
3.8570
3.7226
3.8361
3.7382
3.4630
3.7114
3.6344
3.4557
3.6319
3.8106
3.7284
3.9901
3.8446
3.8408
3.3982
3.7488
3.6606
3.9229
4.1536
3.8343
3.8575
3.6313
3.8115
3.4593
3.4978
3.3538
3.4896
3.5071
3.4743
3.6239
3.3471
3.2103
3.5451
3.3541
3.4697
3.5900
3.5187
3.4440
3.7014
3.3939
3.8366
4.0415
3.6696
3.8713
3.7587
3.5842
3.6592
3.6259
3.8273
3.8538
3.7352
3.7051
3.4976
3.7890
3.8524
3.8550
3.5285
3.4226
3.5548
3.6098
3.2538
3.2810
3.5237
3.4327
3.2396
3.6561
3.6143
3.6892
3.3260
3.4730
3.2857
3.6052
3.6162
3.6746
3.3276
3.4997
3.3247
3.4808
3.3914
3.4090
3.5215
3.3089
3.4776
3.5677
3.6662
3.5820
3.1641
3.6728
3.7698
3.7811
3.4587
3.4825
3.5219
3.2558
3.4848
3.1030
3.2383
3.2708
3.4260
3.3737
3.1903
3.1488
3.3012
3.7863
3.5416
3.2148
3.4703
3.2011
3.3914
3.2452
3.1614
3.3456
3.3285
3.4685
3.2103
3.2066
3.2475
3.0170
3.1809
3.0849
3.0772
2.9730
3.1647
3.2178
3.2953
3.3513
3.4014
3.5056
3.4427
3.5631
3.4151
3.6383
3.4441
3.2406
3.2112
3.0322
3.3677
3.1113
2.9916
3.1549
3.2675
3.0250
3.1351
3.1999
3.1666
3.0949
3.0797
3.3848
3.1510
3.3532
3.0569
3.1892
3.2671
3.1516
3.2819
3.2186
3.1855
3.2893
3.3294
3.2312
3.4595
3.3895
3.4393
3.4286
3.5171
3.3948
3.3816
3.2207
3.3678
3.1986
3.4839
3.5487
3.4270
3.2048
3.4714
3.1807
3.3293
3.5635
3.2197
3.2794
3.2192
3.3398
3.1501
3.1503
3.1978
3.3630
3.1751
3.0321
3.2453
2.8823
2.9932
3.2220
3.1875
3.1042
2.7922
2.9862
3.5819
3.2896
3.0406
3.1923
3.6492
3.0969
3.2854
3.3768
3.6302
3.0943
3.3430
3.0245
3.1213
3.1218
3.3219
3.4435
3.3106
3.1682
3.4689
3.3650
3.3352
3.1143
3.4087
3.1231
3.3105
3.3967
3.7041
3.4091
3.3203
3.3640
3.1595
3.5149
3.4307
3.5199
3.2979
3.4178
3.3925
3.3932
3.2666
3.3219
3.3196
3.7448
3.9542
3.9676
4.0132
3.6054
3.6879
3.6861
3.4375
3.4255
3.1771
3.4646
3.5204
3.5541
3.3958
3.5108
3.3100
3.7911
3.6068
3.3167
3.3330
3.6519
3.6303
3.5495
3.4297
3.4664
3.4726
3.6726
3.5350
3.5192
3.7287
3.9697
3.5563
3.3541
3.7310
3.6126
3.9710
3.5340
4.0025
3.7358
3.8090
3.2997
3.5355
3.3597
3.3660
3.1586
3.2635
3.3461
3.3063
3.5149
3.5483
3.5608
3.4819
3.0169
3.6011
3.6215
3.4080
3.7987
3.9354
3.8331
3.8081
3.7645
3.4244
3.7099
3.4509
3.6856
3.6447
4.0343
3.8857
3.8073
4.1037
3.3846
3.6787
3.1839
3.7015
3.7041
3.3823
3.5209
3.5006
3.7030
3.8561
3.6128
3.6993
3.6500
3.6710
3.5897
3.7295
3.5356
3.2289
3.6400
3.7626
3.6721
3.9101
3.4707
3.7896
3.7089
3.6710
3.4861
3.2734
3.5977
3.5325
3.5366
3.7323
3.7076
3.9386
3.7918
3.6363
4.1009
4.3597
4.0401
4.0998
3.7622
4.1415
4.2226
3.7423
4.2065
3.4351
3.7462
3.6912
3.7493
3.6858
3.7585
3.5571
3.4278
3.2350
3.5261
3.3990
3.3203
3.2614
3.5377
3.5373
3.5266
3.6638
3.5910
3.5636
3.5245
3.7368
3.3326
3.7049
3.6622
3.3429
2.7853
2.8647
2.9441
3.0933
2.9706
3.0821
3.5452
3.5831
3.2506
3.2901
3.4723
3.3210
3.3298
3.0906
3.1808
3.2693
3.0532
3.3794
3.3262
3.2754
3.4923
3.3508
3.4891
3.5597
3.7023
3.2147
3.7034
3.6837
3.3476
3.5617
3.4033
3.0177
3.3107
2.9182
3.2691
3.0535
3.4747
3.4786
3.4201
3.1184
3.2671
3.0796
3.2432
3.5707
3.2869
3.5821
3.5155
3.5818
3.2614
2.9595
3.4438
3.5823
3.2921
3.2732
3.5186
3.5299
3.6102
3.6916
3.7106
3.5776
3.8043
3.7353
3.6256
3.4421
3.6358
3.9917
3.5882
3.7625
3.8541
3.8808
3.8582
3.7945
4.1300
3.7802
3.5334
3.6848
3.5292
3.7304
3.7480
3.1208
3.4532
3.5603
3.3623
3.3362
2.8431
3.2709
3.0603
3.2892
3.4068
3.0755
3.1498
3.1940
3.2607
3.3104
3.2644
3.4137
3.2137
3.1573
3.2948
2.8426
3.4225
3.1191
3.6348
3.3548
3.4316
3.5544
3.2238
3.1210
3.2499
2.9644
3.2166
3.3220
3.0192
3.4069
3.1129
2.8732
3.3237
2.8772
3.0894
3.5836
3.1714
2.7611
3.4261
2.9186
3.4488
3.3236
2.9282
3.1098
2.8724
2.8325
2.6595
2.8182
2.7125
2.7258
3.1058
3.3124
3.1833
2.8466
3.1147
3.0008
2.8726
2.7457
2.8589
2.7809
3.0854
2.7417
3.0629
3.2054
3.3470
2.9985
3.1269
3.2838
3.0209
3.1095
3.1759
3.1599
2.9494
2.8387
2.8205
2.9435
3.3090
2.9567
3.1239
3.1219
2.7189
3.2675
3.7008
3.4917
3.3437
3.6471
3.6372
3.2942
3.4376
3.0363
3.0530
2.9454
3.6097
3.4347
3.3274
3.7665
3.5821
2.7007
3.0183
3.1490
3.2912
3.3285
3.0533
3.0989
3.1474
3.1398
3.4256
3.2092
3.6258
3.5346
3.3533
3.3624
3.4905
3.1707
3.2330
2.9963
3.5323
3.1610
3.3499
3.0026
3.0166
2.9191
3.2730
3.1604
2.9309
2.9249
2.8999
2.8815
3.0319
2.5942
2.8329
3.1816
3.4855
3.0540
3.3004
3.2051
3.5058
3.1867
3.4600
3.3562
3.3697
3.4319
3.5872
3.3454
3.5546
3.4986
3.6815
3.2136
3.3682
3.2849
3.4503
3.4255
3.3609
3.2352
3.5727
3.2238
3.1528
3.1202
3.1345
3.4855
3.3402
3.3652
3.4403
3.3753
3.3476
3.4039
3.4960
3.4829
3.3156
3.3608
3.6010
3.3487
3.0517
3.2420
2.9171
3.2606
3.3734
3.4130
3.3536
3.2013
3.2760
3.2621
3.2424
3.2985
3.5017
3.4931
3.4027
3.5187
3.6100
2.9694
3.0054
3.4527
3.3353
3.5073
3.2468
3.2850
3.3273
3.2333
3.2228
3.1833
3.3902
3.1425
3.2524
2.9207
3.3348
2.8253
3.3022
3.1358
2.6875
2.9638
2.9773
3.2517
2.8642
3.0696
3.2149
3.2026
3.1815
3.4303
3.2211
2.8759
3.0332
3.1112
3.2629
3.2042
3.1220
3.0512
3.1101
3.0439
2.7793
3.3226
3.2470
3.5641
3.3158
3.2155
3.3689
3.2601
3.4882
3.3395
3.0711
3.2828
3.1542
3.1774
3.6835
3.1364
3.5800
3.2634
3.3951
3.0796
3.4875
3.2337
3.7839
3.4951
3.4030
3.0083
3.2837
3.3910
3.4099
3.2715
3.1013
2.7340
3.3849
3.2349
3.2408
3.5611
4.0691
3.8433
3.9206
3.6572
4.0088
4.0115
3.9729
4.0760
3.7044
3.8695
3.5770
3.7759
3.6010
3.6290
3.6138
3.8046
3.3712
3.8233
3.7779
3.7235
3.5757
3.6220
3.4639
3.7123
4.0101
3.8248
3.5941
3.7425
3.8622
4.1445
3.9564
3.9680
3.4811
3.7165
3.8653
4.0566
3.7297
4.2801
3.5930
3.4463
3.7405
4.1375
4.1234
4.0117
4.1562
4.0372
3.4512
3.9888
3.9724
3.6846
3.7928
3.6200
3.9129
3.6236
3.7644
4.0018
3.5913
3.8281
3.6816
3.9269
3.4412
3.5085
3.5237
3.4067
3.7100
3.4173
3.5284
3.4598
2.9733
2.8180
3.5061
3.2415
3.4347
3.0743
3.2555
3.2527
3.0402
3.1896
3.2792
3.3306
3.5298
3.1961
3.2347
3.5363
3.4633
3.4079
3.2587
3.6096
3.4978
3.2327
3.0620
2.9850
3.2442
3.4178
3.4870
3.1391
2.9004
3.1074
3.0158
3.2664
3.1763
3.3066
2.9518
3.1585
2.9444
3.3486
2.8582
3.1935
2.9479
2.9815
3.4809
3.5487
3.6651
3.2785
3.1327
3.6666
3.5954
3.1933
3.1965
3.5543
2.9052
3.2679
3.4404
3.4833
3.2627
3.0414
3.2915
3.4952
3.1266
3.3261
3.5682
3.1238
