1.5532
1.7187
1.8325
1.6879
1.5416
1.7990
1.6858
1.7164
1.7426
1.8614
1.9128
1.9521
2.1383
2.0754
1.9898
1.8938
2.1427
1.9956
1.8781
1.9291
1.9592
2.1252
2.2151
2.4939
2.4685
2.2327
2.0364
2.2204
2.1455
2.3492
2.2085
2.3581
2.7137
2.6450
2.5545
2.8825
2.8300
2.9629
2.9975
3.1101
2.7958
2.6454
2.6516
2.6853
2.5763
2.7586
2.7930
3.0676
2.8179
2.7195
2.7732
2.8930
2.7857
2.6790
2.7181
2.7098
2.4579
2.8482
2.8756
2.7160
2.6246
2.5436
2.4614
2.4240
2.3801
2.8050
2.7565
2.3565
2.4250
2.4838
2.6486
2.8671
2.4672
2.3880
2.5663
2.8745
2.7619
2.6049
2.5172
2.6884
2.4074
2.5575
2.9008
3.0977
2.9208
3.5373
3.3050
3.3864
3.2259
3.3691
3.3514
3.2386
3.3580
3.0527
3.0119
3.0246
2.8143
3.5192
3.2915
2.9081
3.3226
3.0740
3.1657
3.0971
3.0439
2.9666
3.1746
3.6607
3.5436
3.0425
3.1253
3.5903
3.1251
3.1377
3.1583
3.0958
3.2900
3.1944
2.9241
2.8347
2.7668
2.8791
3.0476
2.8246
2.9099
2.5569
2.6952
2.6609
2.8171
2.6468
2.4384
2.7112
3.1165
2.5094
2.4225
2.5924
2.8967
3.2643
3.3227
3.3201
3.4226
3.4500
3.3598
3.2207
3.4220
3.4963
3.5954
3.8925
3.3093
3.4225
3.5220
3.2491
3.5923
3.3667
3.4926
3.4352
3.3142
3.3220
3.0286
3.2766
3.5295
3.5976
3.8156
3.6269
3.4739
3.5508
3.7729
3.8686
3.4265
3.2935
2.9245
2.8332
3.1866
2.9407
2.9214
2.8531
2.6881
2.5440
2.5854
2.6369
2.4691
2.4455
2.7561
2.8540
3.0177
3.0402
2.9691
3.3270
3.2023
3.3976
3.2739
3.2858
3.5768
3.4337
3.5066
3.2631
3.1405
2.8526
2.9275
2.7849
2.9499
2.8945
2.9780
2.7597
2.7318
3.0460
2.8440
3.2264
2.8276
2.8020
3.1049
2.8471
3.0156
2.7577
2.8733
3.2213
2.9351
3.2584
2.9777
2.9497
2.7102
2.9143
3.0841
3.0067
3.1048
3.3244
3.1487
2.7957
2.9237
2.7672
3.0151
2.9452
3.2822
3.1315
3.4822
3.0929
3.2125
3.3205
3.2967
2.8776
3.1794
2.8489
2.9419
3.0345
2.7232
2.8642
2.9369
3.3076
3.5491
3.5447
3.4973
3.4421
3.5944
3.2775
3.6276
3.5003
3.8883
3.9839
4.1229
3.6837
3.9179
4.0208
3.9398
3.8752
4.2851
3.8169
3.7627
4.0214
3.9043
3.8918
3.6498
3.9244
3.7145
3.4580
3.6043
3.5765
3.7227
3.5652
3.4247
3.7502
3.5799
3.2551
3.2392
3.1949
3.4708
3.2779
2.9846
3.0053
2.9764
3.2818
3.2544
2.9790
3.1397
3.4471
2.9419
3.0247
2.9312
3.2124
3.0668
3.1915
2.9836
3.1059
3.1756
3.1742
3.1829
3.3323
3.1966
3.4640
3.5781
3.2367
3.2971
3.2370
3.2030
3.3541
3.2072
3.2661
3.1787
3.1897
3.1857
3.2014
3.0766
3.1161
2.8934
2.9706
3.3621
3.2654
3.2390
3.1858
3.2323
3.1729
3.3817
3.4940
3.2277
3.4525
3.4599
3.3437
3.3334
3.4510
3.9094
3.8350
3.7944
3.9068
4.1098
4.0173
4.1548
4.3373
3.9211
4.1589
3.5851
3.6584
3.3534
3.5463
3.7353
3.3834
3.4380
3.3959
3.7880
3.5463
3.4672
3.2435
3.1387
3.1197
3.1651
3.1127
3.1905
3.3776
3.2749
3.1236
3.2683
2.9336
2.9477
3.0063
2.9309
3.1360
2.9413
3.2654
2.9170
3.0165
2.7239
3.0261
2.9634
3.2986
3.2917
3.1239
3.2521
3.3796
3.2161
3.3226
3.2063
3.1864
3.1656
3.0093
2.8776
2.9211
2.9568
2.8887
3.0338
3.1987
3.5370
3.2715
3.1753
3.0148
3.3502
3.3108
3.1052
2.9222
3.0908
3.2366
3.1526
2.9630
3.0851
3.2570
3.2334
3.5333
3.6062
3.4665
3.6304
3.7150
3.6668
3.4969
3.4172
3.5784
3.3375
3.5188
3.2931
3.0035
3.2839
2.8168
2.7754
2.8921
2.9608
3.2275
3.0201
3.2924
3.3013
3.3607
3.0873
3.4029
3.2058
3.5187
3.8456
3.4635
3.4764
3.3674
2.8703
3.1908
3.1230
2.7772
2.8639
3.0059
2.6754
2.8400
2.7566
2.7309
2.9616
2.8251
2.5376
2.4222
2.6830
2.9628
2.9173
2.9376
2.9295
2.7979
2.7374
2.8414
2.7119
2.6071
2.8053
2.7770
2.8705
3.0025
2.9110
3.0417
2.9279
3.0980
3.0669
3.1897
3.0696
3.2812
3.4553
3.3458
3.3622
3.1517
2.8835
3.1341
3.1130
3.2356
3.2545
3.6175
3.4147
3.2789
3.2971
3.4855
3.5019
3.4987
3.1905
3.1703
2.8804
3.2359
3.1212
3.3211
3.3322
3.3086
3.0562
2.8895
3.0330
2.7943
2.8904
3.0098
2.9809
2.6401
2.9810
3.0533
3.2488
3.0062
2.7351
2.9607
3.0679
2.9083
2.9094
2.9750
3.0882
3.3878
3.4487
3.3758
2.9787
2.8534
2.9895
2.9622
3.1355
3.5191
3.0641
2.9849
2.6077
3.0390
3.1526
3.2563
3.2792
3.2100
3.1819
3.3792
3.0960
3.1613
3.5554
3.5459
3.2372
3.3537
3.2502
2.9777
2.8144
2.8547
3.0961
2.9954
3.0188
3.0103
3.1709
3.2787
3.1816
3.0886
2.9414
3.1453
3.0829
2.7136
2.7161
2.8594
2.7519
2.6636
2.7807
2.9377
2.8482
3.1282
2.9012
3.0330
3.0184
2.9356
2.9273
3.1309
3.1143
3.4332
3.4182
2.9596
2.8459
2.7608
2.9735
2.7956
3.0015
2.7661
2.5759
2.8123
2.7000
2.8420
2.8368
3.1535
3.1333
2.9568
3.0160
2.8638
3.0859
2.9971
2.8415
2.9776
2.7939
2.7077
2.9174
2.8741
2.8631
2.9138
3.0888
3.2823
3.0677
2.9605
2.9736
2.8465
2.7118
2.7849
2.7303
2.5299
2.4287
2.5681
2.6177
2.6372
2.6777
2.6656
2.6218
2.6392
2.5262
2.5640
2.9101
2.8875
3.1393
2.8311
2.7781
2.5435
2.7227
2.7546
2.9333
3.0101
3.0040
2.9558
2.7657
2.7474
2.8631
2.5548
2.7235
3.0917
2.8201
2.7653
2.6810
2.6555
2.8794
2.6656
2.6218
2.9806
2.8551
2.9547
2.8162
2.8815
2.6966
2.9440
2.9329
2.9966
2.6528
2.9709
2.6560
2.6077
3.0038
3.0505
3.2295
3.1289
2.9317
3.0663
2.8366
2.7888
2.9944
3.0145
3.0326
2.6299
3.3620
2.8885
2.9511
3.0173
2.6945
2.6556
2.8341
2.6586
2.7709
2.9556
3.0380
2.9490
2.8336
2.7243
2.6712
2.6328
2.7765
2.9149
2.8040
2.6144
2.7081
2.8018
2.9215
3.1328
2.8044
2.9045
2.6848
2.8173
2.8224
2.8125
2.7729
2.7379
2.4697
2.4574
2.5468
2.4924
2.6980
2.7919
2.8138
2.6714
2.9323
2.9256
2.7155
2.8031
2.7121
2.6333
2.5725
2.4213
2.5600
2.4542
2.6692
2.7173
2.8163
2.5235
2.7313
2.5941
2.6451
2.4881
2.3771
2.3871
2.4989
2.6002
2.3172
2.6064
2.6289
2.4806
2.4187
2.5866
2.5581
2.2083
2.4960
2.5625
2.3761
2.5102
2.5207
2.5968
2.6504
2.5585
2.4903
2.4711
2.6028
2.4277
2.4268
2.4830
2.6461
2.7470
2.5271
2.7252
2.6310
2.6742
2.7425
2.5449
2.3704
2.6339
2.5119
2.3321
2.5790
2.5962
2.5557
2.8068
2.6748
2.4685
2.6798
2.6296
2.9370
2.7337
2.5067
2.4702
2.4390
2.5959
2.3640
2.4273
2.3647
2.3467
2.7028
2.6292
2.3980
2.2759
2.3391
2.4207
2.3946
2.2788
2.1444
2.2805
2.2792
2.3057
2.1485
2.0618
2.0451
2.1757
2.0567
2.3637
2.5200
2.2814
2.2258
2.0144
2.3722
2.2973
2.1174
2.4622
2.4770
2.5109
2.5116
2.5513
2.3361
2.4158
2.6789
2.7588
2.6133
2.4935
2.5580
2.4671
2.3774
2.1747
2.2556
2.3217
2.3902
2.4168
2.8278
2.6173
2.7287
2.6094
2.6534
2.8176
2.8677
2.9419
2.6424
2.9532
2.8200
2.7013
2.7142
2.8074
2.5768
2.6159
2.5401
2.5329
2.4660
2.5148
2.6642
2.6453
2.7813
2.8526
2.9441
2.4874
2.9076
2.8207
2.8940
2.9296
2.6087
2.7199
2.6774
2.6580
2.8816
2.9079
2.7956
2.7233
2.7533
2.7861
2.8235
2.8725
3.2122
2.8186
2.7930
3.1616
3.0561
3.1904
3.3087
3.2326
2.9761
2.8694
2.8504
3.0749
3.0079
3.0041
2.9825
2.9097
3.1789
3.0857
2.7782
2.8958
3.2557
3.0326
3.0512
3.1684
3.3155
3.2229
3.3208
3.3123
3.1950
2.8086
2.9311
2.7296
2.8271
2.8003
2.8645
2.8626
2.9206
2.8167
3.1159
2.8718
3.0241
2.9502
2.8576
2.4741
2.7040
2.7575
2.9916
2.9664
2.5705
2.6159
2.1864
2.4028
2.7873
2.7770
2.6379
3.0064
2.8681
2.3068
2.8374
2.5592
2.5701
2.5888
2.7307
2.5195
2.3141
2.4452
2.5457
2.4757
2.7189
2.9792
3.2024
2.8400
2.7087
2.4762
2.4184
2.4733
2.5966
2.4580
2.5215
2.2032
2.2915
2.2993
2.3507
2.3978
2.3901
2.4174
2.4507
2.3638
2.3825
2.3802
2.2038
2.1142
2.3005
2.0561
2.3791
2.3976
2.2062
2.1322
2.2432
2.3151
2.4474
2.4535
2.4057
2.3602
2.1905
2.4279
2.4612
2.5844
2.6872
2.4388
2.4023
2.4039
2.7281
2.5191
2.2872
2.1792
2.2450
2.3535
2.4883
2.2886
2.4969
2.5030
2.5601
2.7469
2.6532
2.5580
2.3926
2.2903
2.4194
2.5303
2.5543
2.2735
2.4484
2.5640
2.4817
2.5568
2.6780
2.7823
2.8566
2.7190
2.6127
2.8306
3.1250
3.2409
3.0566
3.3154
2.8866
2.9979
3.0842
3.3717
3.5952
3.3058
3.2779
3.6051
3.3092
3.4975
3.3376
3.4417
2.8805
3.1578
3.0563
2.9747
2.7673
2.8837
2.8299
3.1598
2.9783
2.7794
2.7803
2.7524
2.7995
2.7927
2.9116
3.3531
2.9979
2.5515
2.4180
2.6251
2.5203
2.7074
2.3927
2.3114
2.4234
2.3779
1.9794
2.2427
2.4049
2.5061
2.4300
2.4771
2.2845
2.4366
2.1854
2.6108
2.7030
2.7823
2.7395
2.5608
2.5760
2.7487
2.6770
2.8432
3.1008
3.0044
3.0375
2.9240
2.6446
2.9881
3.0709
3.0436
2.8994
3.0828
2.9276
3.0628
3.2972
3.0978
3.3071
3.4106
3.4218
3.3427
2.9973
3.0028
2.9360
2.7851
2.9754
2.8717
2.9538
3.0384
2.9654
2.9620
2.9844
3.0706
3.2576
3.6310
3.5066
3.2156
3.0281
2.7969
3.1160
3.1514
3.3352
3.5019
3.1944
2.8786
2.8551
2.9577
3.2845
3.3704
3.1749
2.9728
3.1415
2.8954
3.1043
2.7573
2.7662
2.7845
2.8596
2.8406
2.8966
2.7923
2.9177
2.8560
2.6646
2.7480
2.6841
2.8412
2.9477
3.2072
3.3563
3.5013
3.4465
3.2823
3.2786
3.0620
3.4360
3.8462
3.7892
3.6096
3.6517
3.7141
3.6467
3.5464
3.6036
3.7108
3.7704
3.8687
3.8201
3.9949
3.7902
4.0852
4.1365
4.2705
4.2887
4.3343
4.2878
4.6969
4.9256
4.7410
4.3533
4.4756
4.1020
4.4901
4.3363
4.4354
4.1969
4.5356
4.8050
4.9703
5.0082
4.6044
4.2741
4.2438
4.1734
3.8750
4.0105
4.0051
4.1013
3.6418
3.8061
4.0207
3.7741
3.7271
3.8515
4.1209
3.7875
3.9216
3.7598
3.3009
3.3150
3.0599
3.2182
3.2812
2.9285
2.9706
2.7922
2.8081
2.7263
2.9617
3.0171
2.9852
3.0542
3.2248
3.0314
2.9614
3.0289
3.1784
3.1273
3.0329
3.2426
3.2346
3.4283
3.4008
3.4595
3.4800
3.2718
3.1784
3.3621
3.0300
3.1859
3.2181
3.3049
3.3606
3.1041
3.1820
3.2965
3.5866
3.5488
3.1704
3.2085
3.1846
2.9694
3.1270
3.0350
2.8580
2.9298
2.9843
3.0229
3.0651
3.1526
3.0457
3.0932
3.2115
3.2562
3.1717
3.2707
3.1276
3.1222
2.9429
2.9913
2.9444
3.0843
2.8769
3.1076
3.0144
2.8467
3.1974
3.3453
3.2213
2.8661
2.8735
3.0509
2.8039
3.1324
3.2784
2.9954
3.0903
3.3141
3.2368
3.2793
3.0910
3.1985
3.0603
3.1786
3.5718
3.4736
3.5454
3.3646
3.3606
3.1608
3.5767
3.7154
3.5253
3.5074
3.2458
3.4170
3.3370
3.2608
3.2177
3.2547
3.3358
3.3384
3.1808
3.1934
2.9057
3.1102
3.3594
2.9223
3.3078
3.2164
3.1555
3.2327
3.2414
3.3336
3.3262
3.8421
3.5863
3.4776
3.3711
3.3633
3.2257
3.2444
3.2735
3.5130
3.1562
3.3371
3.3166
3.4217
3.2714
3.3094
3.4204
3.3106
3.4145
2.9898
3.2925
3.3890
3.2849
3.2614
3.2123
3.2866
3.2012
3.2884
3.1382
2.8250
3.0737
3.2012
2.8544
2.8498
2.9944
3.0227
2.9504
3.0249
2.8542
2.9101
3.6047
3.3494
3.2591
3.1586
3.0589
3.0381
3.0208
3.1543
3.1330
3.4452
3.2134
3.2527
3.3522
3.3450
3.3374
3.4068
3.3759
3.5776
3.7509
3.9985
3.8589
4.0449
4.0547
4.2398
3.7222
4.1278
3.7286
3.7141
3.6854
3.9339
3.7103
3.3813
3.6406
3.9876
3.7839
3.8366
3.6763
3.4416
3.4680
3.5811
3.1853
3.4148
3.3922
3.3879
3.1586
3.1416
3.1431
2.9921
2.9174
2.7999
3.0500
3.2221
3.3829
3.6083
3.3525
3.2414
2.8850
2.9289
2.7730
2.7250
2.8119
2.7049
2.6877
2.8982
3.1021
2.8064
2.8912
2.9161
2.9321
3.3207
3.1297
3.1661
3.2836
3.1374
3.1993
2.9953
3.0527
3.0807
2.9507
3.4380
3.1010
3.1969
3.1337
3.1992
3.3305
3.0198
3.0859
3.2535
3.4015
3.0372
3.1284
3.3340
3.6669
3.3128
3.4389
3.3695
3.3971
3.0608
3.2135
2.9402
2.9733
2.9330
3.0145
2.8872
3.1962
3.4177
3.6185
3.6911
3.8087
4.1105
4.3020
3.8981
3.7928
3.8243
4.0850
4.1233
4.1359
3.6398
3.7314
3.7162
3.5976
3.3391
3.3633
3.4091
3.3123
3.8423
3.4502
3.9393
4.2963
4.2768
4.3124
4.4526
4.4415
4.4470
4.4329
4.3528
4.2282
3.8438
4.0076
3.7460
3.8835
4.2706
4.2772
4.0091
4.0458
4.1219
4.0400
4.4588
4.0033
3.7785
3.7297
4.1762
3.6927
3.8515
3.6565
4.1658
3.8429
3.8266
4.0178
3.9993
3.9348
3.9206
4.1648
3.9360
4.1671
4.3516
4.6392
4.4948
4.8638
4.3157
4.5047
4.3548
4.4820
4.6411
4.3668
4.6846
4.7023
4.5305
4.0995
4.0143
4.0179
3.5212
3.8425
3.5153
3.9766
3.4766
3.4650
4.0294
3.8576
3.8599
3.7971
3.7135
3.4466
3.7036
3.6529
3.6348
3.8305
4.0623
3.9369
4.1201
4.2648
3.9392
4.0910
4.6346
4.4230
4.5667
4.6976
4.5266
4.6702
4.0560
3.9861
3.9150
3.9715
3.7857
3.6152
3.4324
3.6895
3.8507
3.8173
3.4507
3.5572
3.8506
3.9326
3.9695
4.3293
4.2759
4.4401
4.0435
4.0260
4.2425
4.2176
3.7917
4.3027
4.2618
4.2650
4.4637
4.5801
4.3777
4.4721
4.8170
4.9506
4.9502
5.0385
5.6857
5.3030
5.4954
5.4605
5.1696
4.9954
5.0016
4.5800
5.1751
5.3550
5.0760
5.0520
5.5035
4.9007
5.1679
4.9978
5.4923
5.2841
4.9037
5.0039
5.0095
5.2934
5.2125
5.4905
5.4055
5.4190
5.6858
5.5076
5.5196
5.4112
5.6127
6.2404
6.4079
6.3447
6.6062
6.5856
6.5414
6.4096
6.1725
6.2846
6.1181
6.2223
5.9461
5.9193
5.7861
5.7947
6.0157
6.3156
6.2399
6.0820
5.7850
5.8352
5.6250
5.9738
5.9493
5.8954
6.0100
6.0717
5.7437
5.6225
5.5538
5.6006
5.2420
5.5089
5.4414
5.0082
5.0898
5.1134
5.0360
5.0394
4.8373
4.6993
4.9842
5.2217
5.0817
5.0848
5.0140
5.2360
5.1142
4.8364
4.7444
4.9044
5.1527
4.8762
4.8663
4.4267
4.5149
3.9430
4.5902
4.6488
4.3134
4.4282
4.2809
4.3891
4.4120
4.8608
4.5170
4.4947
4.6304
4.6033
4.7910
4.9760
4.4365
4.5872
5.2047
5.2050
5.5759
5.3072
4.9854
5.1083
4.7925
5.2170
4.7771
4.3171
4.6629
4.3991
4.2217
3.9139
3.7373
3.9321
3.6676
3.7736
3.8213
3.6454
3.4909
3.2410
3.3020
3.4349
3.2479
3.5564
3.2177
2.9144
3.2734
3.3136
3.0821
3.3008
3.5701
3.6659
3.5591
3.5934
3.5886
3.5074
3.5069
3.7050
3.6080
3.5148
3.4948
3.3733
3.5312
3.2273
3.4867
3.4065
3.5060
3.3784
3.2307
3.0252
3.0018
3.2516
3.2564
3.1698
2.8757
2.9123
2.8798
2.9048
2.8943
2.9316
3.1483
3.0412
3.0499
3.0046
3.1776
3.2721
3.2216
3.4193
3.2040
3.2311
2.9569
2.8920
2.9707
2.9659
2.7200
2.9341
2.7662
2.9088
2.9552
2.9643
2.8502
2.8812
2.7809
2.7623
3.1713
3.2496
3.0294
3.1564
2.9873
3.0885
3.1915
2.9383
2.8766
3.0217
2.9994
2.9602
3.0627
3.0442
3.0688
2.7236
2.9230
2.9053
2.9026
2.8118
2.8290
2.7105
2.9525
2.9177
3.0801
3.2066
3.1454
3.0406
3.5905
3.0419
3.0683
3.4200
3.3223
3.1080
3.4051
3.0663
3.2550
3.1847
3.2751
3.2923
3.2204
3.2562
2.9495
3.0066
2.6414
2.7991
2.7777
2.6180
2.6266
3.0161
3.0397
3.0942
2.9165
2.8750
3.0480
3.0995
2.8692
2.7794
2.6528
2.6503
2.8762
2.6423
2.9562
3.2124
2.9654
3.0774
3.0919
3.0284
2.6750
2.8030
2.7860
3.0120
2.9665
2.8305
3.1444
3.2283
3.0975
3.2032
3.1175
2.8662
3.0072
3.0950
3.1316
3.1794
3.2876
3.1695
3.4522
3.6560
3.2859
3.5386
2.9865
3.0969
2.9327
3.0576
3.1219
3.0299
2.8236
3.0850
2.9828
2.9353
2.8549
2.5808
3.0943
3.1275
2.8980
2.8843
3.2723
3.1303
3.1470
2.8869
2.7820
2.9048
2.8507
2.9216
3.1331
3.2213
2.9933
3.1489
3.3378
3.1335
3.1995
3.2985
3.2713
3.1955
3.2709
3.0985
3.2709
2.9949
2.9146
2.7434
3.1018
3.1512
3.1244
2.9251
2.8526
2.6728
2.6475
2.4623
2.5499
2.9203
2.6980
2.7703
2.9457
3.1465
2.9433
2.8226
2.7335
2.8154
2.6521
2.6840
2.8467
3.0740
2.7654
3.1475
2.7435
2.4554
2.5882
2.5359
2.5642
2.8504
2.4167
2.6263
2.5811
2.7758
2.7864
2.7124
3.0533
2.9294
2.6036
2.7222
2.9482
2.8861
2.9979
2.8538
2.7991
2.6183
2.8498
2.8000
2.9546
2.6556
2.6995
2.5317
2.6718
2.4151
2.4408
2.4016
2.4395
2.4751
2.4781
2.4821
2.4048
2.6160
2.6268
2.7055
2.6121
2.4218
2.4368
2.3828
2.1163
2.2616
2.2786
2.5001
2.5280
2.8263
2.7233
2.8097
2.4511
2.5321
2.6050
2.6083
2.6080
3.0274
2.7417
2.5372
2.5664
2.5092
2.4366
2.8222
2.6667
2.8324
2.9247
2.8954
2.7915
2.9184
2.9459
2.7252
2.6847
2.8856
2.9540
2.7560
2.4560
2.9064
2.8769
2.6965
2.7123
2.4512
2.5823
2.6223
2.6691
2.5777
2.8474
2.8544
2.7017
2.4830
2.4372
2.4994
2.3637
2.6211
2.3275
2.4257
2.4529
2.2226
2.2883
2.1300
2.0882
2.3036
2.2973
2.3252
2.2250
2.2963
2.0071
2.0820
2.0686
2.0724
1.9639
2.2544
2.0699
1.9237
2.2477
2.0294
1.9308
2.0685
2.1423
2.0239
2.1587
2.2738
2.1556
2.1603
2.1969
2.1582
2.2120
2.0239
2.2300
2.0253
2.3116
2.1974
2.1589
2.1097
2.1632
2.4748
2.2350
2.5782
2.3866
2.6244
2.3485
2.5575
2.3620
2.6628
2.5119
2.5985
2.6487
2.6516
2.6549
2.4578
2.4056
2.6249
2.5869
2.3944
2.6174
2.4486
2.5389
2.7161
2.7347
2.7669
2.6659
2.4916
2.3822
2.5596
2.4120
2.4135
2.8194
2.8555
2.9015
2.5978
2.8681
2.7841
2.7888
3.1577
2.9029
2.9563
2.9228
2.8834
2.8967
2.4095
2.7248
2.7298
2.6859
2.5131
2.4307
2.6246
2.5363
2.6969
2.4775
2.4652
2.5355
2.5304
2.8777
2.9314
3.0489
2.8793
2.8530
2.7053
2.7386
2.6860
2.5937
2.8627
2.6566
2.7902
2.3933
2.7143
2.9183
2.6214
2.6920
2.6184
2.4672
2.7234
2.9273
2.8839
3.1425
3.0127
2.8512
2.7485
2.9530
2.7824
2.7121
3.0007
3.0971
3.1272
3.1445
3.3096
3.0233
3.0348
2.8997
3.0522
2.6746
2.5803
2.6381
2.9262
3.2150
3.3109
3.0743
3.1360
2.8875
3.1585
3.1748
3.0157
2.9547
2.6643
2.9543
2.6006
2.7506
2.7903
2.8994
2.9066
3.0442
2.7375
2.8473
2.9267
2.6296
2.6369
2.7255
2.8442
2.8064
2.8428
3.0826
2.9103
3.1407
3.2666
3.2666
3.0527
3.2299
2.9273
2.8123
2.9791
2.7358
2.8815
3.1020
2.8321
3.0090
3.1823
3.2456
3.3139
3.3603
3.2111
3.3845
3.3197
3.1270
3.0136
3.0909
2.9813
2.9339
3.2555
2.9840
3.2636
2.7256
2.6869
2.4505
2.6308
2.8833
3.1067
3.0609
2.9541
3.0863
2.9139
2.9627
3.0673
3.0031
2.9083
2.7636
2.6371
2.5536
2.6998
2.5963
2.7096
2.6995
2.6656
2.7239
2.9388
3.2094
2.9198
2.7384
2.5758
2.6805
2.8579
2.4555
2.6628
2.6492
2.5516
2.4150
2.3163
2.3877
2.5660
2.3767
2.4985
2.4430
2.6277
2.3720
2.3948
2.3276
2.2990
2.4792
2.4117
2.5886
2.4192
2.4022
2.6041
2.6159
2.6085
2.6663
2.5098
2.5914
2.5662
2.6328
2.7900
2.5459
2.6893
2.8091
2.6588
2.6935
2.6911
2.5256
2.6141
2.5494
2.4980
2.4324
2.5087
2.6362
2.3064
2.3510
2.5740
2.3940
2.2664
2.5699
2.2987
2.5462
2.4937
2.5162
2.8454
2.6245
2.6108
2.4987
2.3019
2.4015
2.6018
2.3672
2.4388
2.3194
2.2842
2.2298
2.3960
2.5458
2.5239
2.5977
2.5236
2.4456
2.6264
2.6797
2.7857
2.7210
2.6355
2.7769
2.5447
2.4917
2.4796
2.2851
2.3792
2.1570
2.4271
2.3134
2.3007
2.2615
2.4290
2.3954
2.6409
2.5189
2.4422
2.4530
2.3323
2.2709
2.3761
2.5223
2.6048
2.6739
2.8405
2.6835
2.8179
2.7473
2.6272
2.6383
2.6323
2.4901
2.6606
2.6162
2.4489
2.2764
2.6617
2.6317
2.2405
2.3827
2.3382
2.5370
2.6205
2.7061
2.5941
2.6068
2.5114
2.3387
2.4470
2.3492
2.1133
2.3068
2.6344
2.4927
2.5111
2.6943
2.2774
2.4385
2.4984
2.3672
2.2288
2.4850
2.7803
2.4888
2.4857
2.6000
2.5558
2.5971
2.5521
2.8623
2.7137
2.7592
2.7036
2.5276
2.5765
2.6637
2.5822
2.5867
2.4231
2.2979
2.3029
2.3276
2.3714
2.3851
2.2717
2.2773
2.2579
2.1411
2.3645
2.1766
2.2696
2.1809
2.2004
2.2661
2.2333
2.2670
2.4886
2.3566
2.5038
2.3864
2.3971
2.4607
2.3006
2.4731
2.6024
2.5853
2.5227
2.7257
2.5764
2.7837
2.6208
2.3853
2.5786
2.4304
2.5191
2.2383
2.2557
2.2896
2.4361
2.3440
2.6305
2.4102
2.6416
2.4943
2.6217
2.4717
2.4581
2.5163
2.4024
2.4650
2.3709
2.4642
2.3084
2.3658
2.5823
2.3790
2.4830
2.4603
2.6192
2.4332
2.4166
2.3087
2.2450
2.4999
2.0856
2.1147
2.2873
2.4177
2.1095
2.2332
2.0478
2.0806
2.0463
2.1827
2.2372
2.1796
2.1455
2.3155
2.0346
2.2569
2.1084
2.3559
2.1674
2.3157
2.2208
2.2889
2.1937
2.2903
2.0493
2.0005
2.4558
2.3300
2.3933
2.3276
2.2797
2.1325
2.2565
2.1407
2.3749
2.3022
2.1642
2.0828
2.2621
1.9503
2.2428
2.2155
2.6036
2.3953
2.3671
2.4105
2.1196
2.2552
2.3004
1.8866
2.2088
2.2628
2.2985
2.2087
2.5646
2.3969
2.4405
2.4222
2.2138
2.4354
2.4761
2.4144
2.4273
2.3560
2.6723
2.2665
2.2290
2.2583
2.2259
2.1993
1.9388
1.9665
2.1851
1.9777
2.0593
1.9610
1.9709
1.9303
2.1368
2.1411
2.0887
2.2884
2.1430
2.0913
2.3742
2.4050
2.4641
2.3259
2.2042
2.3176
2.4206
2.3189
2.5638
2.7255
2.4386
2.5582
2.3374
2.5019
2.5117
2.4250
2.3667
2.3728
2.2368
2.5965
2.4379
2.6298
2.7176
2.6986
2.7241
2.5871
2.3970
2.6471
2.7387
2.8671
2.6470
2.6876
2.6974
2.6502
2.3082
2.5732
2.3731
2.2284
2.3759
2.5454
2.5855
2.4073
2.4896
2.4945
2.8396
3.0006
2.6362
2.7543
2.6039
2.5735
2.3574
2.6065
2.3183
2.2306
2.2072
2.4206
2.3204
2.4008
2.3617
2.4203
2.4603
2.5506
2.5234
2.4896
2.5385
2.6819
2.7032
2.6056
2.5406
2.2403
2.6051
2.7530
2.6859
2.5787
2.5147
2.4186
2.3298
2.3445
2.3026
2.4840
2.2385
2.6000
2.5273
2.4158
2.2906
2.3548
2.1843
2.3567
2.4486
2.2731
2.6098
2.4785
2.6889
2.3637
2.4981
2.3841
2.1935
2.2896
2.4176
2.4869
2.2858
2.5462
2.4019
2.5133
2.7861
2.5463
2.3456
2.6190
2.6666
2.5107
2.5720
2.5290
2.2788
2.4443
2.7470
2.2562
2.2533
2.1905
2.6530
2.5615
2.5494
2.5052
2.4122
2.4637
2.2716
2.4753
2.5393
2.1501
2.4727
2.4959
2.1635
2.2600
2.3936
2.4954
2.2604
2.1722
2.1655
2.1042
2.2614
2.2367
2.1809
2.1386
2.5152
2.1961
2.1900
2.4502
2.3134
2.6082
2.6380
2.6451
2.3633
2.3166
2.4666
2.6703
2.7434
2.5231
2.6727
2.7493
2.5243
2.7569
2.5670
2.7204
2.7595
2.5689
2.4458
2.7640
2.6778
2.5219
2.5553
2.6363
2.6160
2.7250
2.8012
2.7737
2.7631
2.6914
2.4494
2.6156
2.6293
2.5215
2.5946
2.8111
2.5843
2.8345
3.0859
2.9996
2.6364
2.6095
2.9746
2.4198
2.9831
2.7863
2.6932
2.6015
2.5869
2.4949
2.6812
2.5042
2.5086
2.4837
2.3007
2.3820
2.3733
2.6303
2.6605
2.5455
2.5008
2.3398
2.4730
2.5952
2.3813
2.4725
2.4801
2.6545
2.5633
2.6887
2.8386
2.8991
2.9298
2.8198
2.8775
2.7634
2.9209
2.9174
2.8174
2.9321
3.0634
2.7986
2.2750
2.2520
2.7476
2.6693
2.4764
2.4683
2.5652
2.5912
2.6514
2.6689
2.4288
2.4946
2.6443
2.6680
2.7133
2.6473
2.3783
2.6226
2.4950
2.4845
2.6123
2.6128
2.3593
2.2852
2.5832
2.7088
2.6523
2.6482
2.3624
2.5959
2.5525
2.5626
2.7387
2.9175
2.4200
2.6069
2.5547
2.6674
2.5777
2.5852
2.5960
2.7380
2.4797
2.6642
2.7196
2.5932
2.8768
2.7965
2.6374
2.7254
2.6203
2.8051
2.7181
2.4755
2.6401
2.6690
2.6572
2.7840
2.6338
2.4813
2.4752
2.9426
2.6877
2.4750
2.7116
2.5925
2.6237
2.3060
2.3984
2.5552
2.2426
2.4937
2.3509
2.6868
2.6873
2.6457
2.6826
2.9882
2.6856
2.4579
2.4056
2.6646
2.7119
2.8259
3.0842
2.9970
3.1771
3.3167
3.4034
3.0260
3.1179
3.4332
3.2456
3.2531
3.0326
3.0896
3.1957
2.9302
2.6970
2.5318
2.9495
3.1646
3.0893
2.9038
3.1413
3.1300
3.1333
3.2378
3.0832
3.2635
3.1391
2.9527
3.1515
3.1251
3.1933
3.2523
3.1601
3.1589
3.1754
2.9932
2.9151
3.0335
3.1449
2.9197
2.8931
2.6515
2.7040
2.7571
2.8401
2.9069
2.6429
2.9805
3.1158
2.9727
3.2089
2.8496
3.0890
3.0434
3.0327
2.8036
3.1467
3.1425
3.2980
3.5675
3.3083
3.2859
2.9742
3.2040
3.0431
2.7804
2.9935
3.1296
2.9464
3.0109
2.6411
2.4825
2.7307
2.5566
2.6098
2.6472
2.8904
2.8748
2.8362
3.1245
3.0180
2.5906
2.9601
2.9551
2.7573
2.8590
2.8870
2.5676
2.9943
2.7727
2.8031
2.6538
3.0234
2.8786
2.8261
2.9330
2.6250
2.9036
3.1019
3.0143
2.9025
2.7973
2.8903
2.6567
2.7014
2.8831
2.5984
2.4426
2.6621
2.5413
2.7613
2.9136
2.9482
3.0169
2.6690
2.5420
3.1691
2.8064
2.8767
2.8073
2.8280
2.9360
2.9595
2.9584
2.9313
3.0719
2.6911
2.6893
2.8536
2.7906
2.8447
3.0912
2.9736
3.1645
3.1829
2.9793
2.8751
3.2394
3.0674
3.2164
3.1523
3.1593
3.0374
3.1655
3.0133
3.2443
2.9881
3.0958
2.9766
3.1856
3.0549
2.9637
3.1409
3.0176
3.0861
3.0355
2.9987
2.8444
3.0686
2.6992
3.0639
2.8242
2.7388
2.8697
2.6396
2.7924
2.5846
2.7324
2.9041
2.7004
3.2212
3.0780
2.6760
3.1634
2.8496
2.5077
2.7508
2.5711
2.5636
2.7973
2.6678
2.8908
2.7493
2.9671
2.7781
2.8809
2.9161
2.8488
2.8610
2.8186
2.9554
2.9963
2.5454
2.8206
3.0228
3.2957
3.1308
2.8561
2.7219
2.4060
2.7221
2.7712
2.5627
2.6375
2.6515
2.6059
2.6172
2.5669
2.7513
2.7351
2.4372
2.6567
2.5943
2.8886
3.1597
2.8642
3.0778
3.2693
2.8221
2.9213
2.7847
2.8667
2.8523
2.8479
3.0030
3.0616
2.6377
3.0964
3.0813
2.9070
2.7564
2.7616
3.0990
2.8727
2.9506
3.1949
2.6605
2.8218
2.9867
2.8953
2.9079
2.8319
3.0579
3.1644
2.9656
2.9594
2.8430
3.0673
3.2830
2.9887
2.6903
2.8804
2.9010
2.4498
2.6025
2.6393
2.6543
2.5110
2.3582
2.3803
2.4413
2.4664
2.7977
2.4230
2.7140
2.7705
2.6009
2.7562
2.8558
2.9634
2.9939
3.1698
2.9718
2.9089
2.6234
2.6681
2.7952
2.6369
2.7266
2.6272
2.5120
2.5604
2.5775
2.8419
2.4872
2.7300
2.5947
2.6144
2.5009
2.4331
2.5394
2.6291
2.6323
2.7571
2.7527
2.7803
3.1055
2.8672
3.0037
3.1667
3.1689
3.2747
3.1147
3.2263
3.0056
3.1547
2.9257
2.9569
3.1510
2.8862
2.8590
3.1839
2.8311
3.0048
3.2793
3.0648
3.1121
2.8891
2.7152
2.9960
2.9898
2.7069
2.7035
2.8097
2.7733
2.9208
2.8492
2.7272
2.8421
2.9160
3.2607
2.7047
2.5928
2.9821
2.9994
2.8315
2.7657
2.7746
2.6480
2.8614
2.7711
3.0577
3.0806
2.8564
3.1464
2.9381
2.9503
2.8038
3.1661
2.6232
2.3245
2.2722
2.8966
2.5992
2.4081
2.7859
2.5024
2.7276
2.7460
2.8831
2.8394
2.7380
2.9954
3.0230
3.0736
2.6801
2.8329
2.7715
2.7792
3.0533
3.1140
3.0561
3.1848
2.8091
3.1910
3.0755
3.0442
3.3201
3.1331
3.5582
3.2863
3.5912
3.3129
3.3339
3.7647
3.5219
3.6393
3.4160
3.3297
3.6008
3.5625
3.6724
3.6234
3.8880
3.5684
3.2767
3.3877
3.5384
3.6458
3.3204
3.4003
3.4315
3.4669
3.4086
3.1533
3.3634
3.1638
3.4226
3.6377
3.2480
2.9230
3.2959
3.0664
3.2935
2.8207
3.1322
2.7942
2.5049
2.6072
2.6007
2.6630
2.7331
2.5988
2.7442
2.5188
2.9472
2.9281
3.2856
3.3704
3.2457
3.1077
3.2232
2.8664
3.0928
2.9972
3.1205
2.9128
3.0199
2.9738
3.0640
3.0381
2.9447
2.9779
3.0045
3.1689
2.4881
2.5418
3.1863
3.0459
3.2798
3.2252
3.1214
3.1074
3.4066
3.1295
3.1024
3.2464
3.1402
3.1555
3.3134
3.4987
3.3552
3.0460
3.1288
3.0479
2.9174
2.7243
2.9541
2.3719
2.9697
2.7883
2.8365
2.9073
2.7262
3.1271
3.0071
2.9443
3.0893
3.2078
3.2313
3.4951
3.3258
3.1523
3.1845
3.2995
2.9293
2.9416
2.8871
3.0977
2.7822
2.6560
2.6196
2.4401
2.6561
2.7367
2.7034
2.8557
2.8513
3.1520
2.9897
2.9990
3.2706
3.2104
3.4648
3.3444
3.1221
2.9318
3.1417
3.1201
3.1476
3.3509
3.3576
3.6286
3.2276
3.3035
2.9387
2.6420
2.7939
2.5991
3.0326
3.0560
3.1294
3.1349
2.8987
2.7335
2.7268
3.1444
3.2214
2.8944
3.0099
3.0354
3.1277
3.0617
3.1343
3.3326
2.9733
3.1232
2.9889
3.1153
2.8502
2.8783
2.7255
2.9337
2.5302
2.5205
2.5724
2.7695
2.5258
2.5778
2.4946
2.7574
2.6085
2.6380
2.2996
2.3352
2.2815
2.5116
2.1171
2.1936
2.3626
2.2262
2.2250
2.4248
2.4294
2.6906
2.6142
2.7336
2.7380
2.4602
2.6084
2.9022
2.5742
2.4280
2.7584
2.8658
2.8436
2.8603
2.5431
2.3414
2.1785
2.0873
2.1853
2.1159
2.3888
2.3288
2.2961
1.9786
2.2836
2.4242
2.5042
2.5616
2.2926
2.1072
2.3223
1.8946
2.0752
1.9874
2.0463
2.0987
2.2913
2.1317
2.2161
2.2428
1.9430
2.3146
2.3856
2.5933
3.0689
3.0002
3.0855
2.4531
2.7061
2.7818
2.9526
2.7436
2.6520
2.7117
2.5043
2.5502
2.5200
2.3136
2.5625
2.5438
2.6007
2.5128
2.5948
2.4859
2.1902
2.2304
1.9948
2.1473
2.3470
2.3293
2.5140
2.3538
2.2350
2.3100
2.0951
2.0129
2.1039
2.1585
2.3093
2.2138
2.2802
2.2501
2.2465
2.3013
2.3331
2.3880
2.2421
1.9563
2.1207
2.1991
2.2808
2.3932
2.4704
2.4274
2.2565
2.1574
2.2782
2.3000
2.2582
2.2564
2.1702
2.2785
2.3586
2.4043
2.5524
2.7119
2.5620
2.5308
2.6413
2.7780
2.4702
2.4497
2.2916
2.1155
1.9699
1.8348
1.9255
1.8765
1.8371
1.7987
1.9543
2.0611
2.2531
2.0403
2.3283
2.2108
2.0301
2.1930
2.1955
2.1165
2.0104
2.1966
2.2261
2.0360
1.7692
1.9152
2.0267
1.7469
1.8097
1.8633
1.9908
1.9450
1.9899
1.8552
1.8697
1.9227
1.9259
2.0237
2.1376
2.1576
2.2574
2.3684
2.2280
2.2191
2.2402
2.0646
2.5037
2.1422
1.8163
2.0277
2.2940
2.4533
2.4530
2.1924
2.3621
2.5115
2.3487
2.3991
2.3695
2.3572
2.4717
3.0122
2.9626
2.8295
2.5710
2.4540
2.3895
2.1587
2.3271
2.4308
2.4812
2.5382
2.7094
2.8630
2.5989
2.7050
2.4200
2.3882
2.5796
2.5058
2.4573
2.4168
2.5440
2.6534
2.4305
2.5156
2.6294
2.4942
2.5866
2.5193
2.7549
2.5215
2.5060
2.6938
2.7423
2.5958
2.4715
2.6559
2.4822
2.5112
2.4580
2.5306
2.7912
2.7082
2.7517
2.8911
2.9232
2.8269
2.8156
2.6129
2.6815
2.3116
2.4245
2.3723
2.5949
2.4945
2.3784
2.6042
2.3454
2.4975
2.3500
2.0978
2.3301
2.3089
2.4688
2.2206
2.3510
2.2547
2.1862
2.1619
2.1372
2.0787
2.1931
2.1740
2.0874
1.9973
2.2382
2.1479
2.0133
2.2362
2.6128
2.3315
2.4799
2.5958
2.4347
2.3964
2.4952
2.3933
2.5884
2.4085
2.4459
2.6801
2.8194
2.7358
2.4278
2.4857
2.5209
2.5229
2.4362
2.4821
2.3607
2.4585
2.4783
2.3004
2.3367
2.6269
2.8967
3.0511
2.8513
2.5662
2.5326
2.5323
2.6347
2.8727
2.7078
2.5532
2.5692
2.8710
2.6552
2.5743
2.6622
2.7730
2.7884
2.6230
2.7695
2.7289
2.6087
2.4603
2.6504
2.5462
2.6419
2.5564
2.6285
2.5375
2.6793
2.6113
2.5603
2.3461
2.5112
2.7077
2.5872
2.6569
2.4607
2.6817
2.5373
2.5647
2.6835
2.6590
3.0253
2.8146
3.1341
2.7161
2.8642
2.9061
3.0002
3.0045
2.5721
2.7846
2.5898
2.5026
2.7287
2.7101
2.6737
2.5954
2.7119
2.6589
2.5563
2.7870
2.6080
2.5867
2.4439
2.7092
2.4587
2.3747
2.1881
2.5785
2.5043
2.3613
2.3322
2.3943
2.1193
2.1429
2.3161
2.3799
2.5039
2.7071
2.5350
2.5423
2.5063
2.5511
2.8377
2.6529
2.7300
2.7721
2.5855
2.6242
2.6833
2.7657
2.5660
2.4959
2.5477
2.6152
2.6293
2.6436
2.9831
2.7865
2.7058
2.8470
2.8195
2.7472
2.6510
2.8658
2.5118
2.7660
2.6694
2.7011
2.9987
2.8300
2.9778
3.0174
2.9371
3.0688
2.8260
3.0552
2.8926
2.8547
2.7710
2.5401
2.5552
2.2982
2.3902
2.4815
2.6535
2.6748
2.7867
2.7418
2.9537
2.9643
2.7047
2.4454
2.5788
2.7404
2.9976
2.7485
2.7270
2.4324
2.4285
2.6380
2.7919
2.9177
2.7117
2.8292
2.6143
2.6766
2.5897
2.4625
2.5775
2.3186
2.4719
2.4155
2.6407
2.5557
2.6368
2.4446
2.5849
2.5602
2.7973
2.7056
2.8800
2.8439
3.0721
3.1740
3.4894
3.4205
2.8750
2.8249
2.9648
3.0287
2.8952
2.6502
2.6859
2.8677
2.6824
2.8095
2.8504
2.8197
2.9120
2.8963
2.9031
2.9051
2.8454
2.7358
2.5184
2.4564
2.3999
2.4171
2.7526
2.6132
2.5081
2.6561
2.6046
2.6611
2.6675
2.4788
2.8059
2.3903
2.6503
2.8689
2.6943
2.8499
2.7066
2.5515
2.4947
2.6838
2.8300
2.9041
2.9035
2.6282
2.6074
2.3620
2.3652
2.2888
2.3473
2.3219
1.9643
2.3579
2.5588
2.4211
2.3544
2.0879
2.1718
2.4247
2.5408
2.7098
2.6575
2.7264
3.0291
2.6359
2.7207
2.9370
3.0857
2.8701
2.7442
3.0526
2.8295
3.0269
2.8673
2.8358
2.6230
2.9648
2.9901
3.1529
3.0973
3.3438
3.0094
3.1951
2.9944
2.7767
3.0537
2.9545
2.6660
2.9161
2.7239
2.5768
2.6048
2.5913
2.4451
2.5069
2.5664
2.5707
2.2568
2.4136
2.4113
2.3792
2.8372
2.6172
2.3364
2.6776
2.3627
2.5118
2.4686
2.2123
2.3791
2.7029
3.0197
3.0421
2.9637
2.7923
2.6437
2.5768
2.8872
2.8615
2.7035
2.8025
2.7931
3.1020
2.7810
2.6111
2.8247
3.1248
2.8851
3.1222
3.0776
3.2573
3.1890
2.8843
3.0768
3.2595
3.3461
2.9396
2.8495
3.0106
3.0340
2.5957
2.4739
2.3780
2.7087
2.7214
2.7233
2.6365
2.7048
2.7241
2.7142
2.7623
2.7384
2.7638
2.7157
2.5994
2.6557
2.4977
2.7712
2.6071
2.7285
3.0167
2.8912
2.7782
2.8243
2.8869
2.7891
2.7249
3.0811
3.1744
3.1810
3.1326
2.9557
2.6830
2.5573
2.6024
2.5775
2.4929
2.3614
2.3516
2.3642
2.6284
2.5813
2.2810
2.2960
2.5520
2.5418
2.3393
2.4403
2.3944
2.4225
2.1302
2.3910
2.3190
2.3477
2.3864
2.3492
2.4558
2.4551
2.2215
2.1592
2.2939
2.3979
2.4068
2.1943
2.1029
2.2512
2.4129
2.4388
2.3244
2.3192
2.6879
2.7059
2.6048
2.5362
2.5885
2.5941
2.8027
2.4836
2.4131
2.5815
2.6449
2.5907
2.3945
2.6189
2.6508
2.5220
2.4473
2.5650
2.4101
2.5945
2.5038
2.6486
2.7471
2.4910
2.6110
2.5752
2.7873
2.5063
2.8190
3.4315
2.8600
2.5964
2.7993
2.6360
2.9994
2.9440
2.7631
2.9122
2.7033
2.7249
2.6946
2.4890
2.5018
2.7548
2.9501
2.9293
2.7919
2.8327
3.0064
2.6239
3.0491
2.8436
2.7945
2.9301
3.0229
2.7395
2.5907
2.7455
3.2104
3.3880
3.2724
2.9920
2.9712
2.9789
2.7927
3.2094
3.1346
3.0137
2.8294
2.9436
2.8903
3.1716
3.1465
3.1641
3.1378
3.4061
3.4394
3.2406
3.3201
3.4705
3.6241
3.2444
3.4902
3.3450
3.2253
3.0312
3.1814
2.9999
2.6136
2.9626
2.9101
3.3130
3.0116
2.9459
3.3306
3.2752
3.3478
3.1654
3.0751
3.3704
3.2607
3.3130
3.4269
3.2407
3.2262
3.0840
3.1374
3.0119
3.0578
2.9621
2.9502
3.3260
3.4209
2.9564
3.2349
3.1614
3.0944
2.7576
3.1615
2.8892
2.9211
2.8460
2.8224
2.6732
2.9118
2.6505
2.8478
2.9779
2.7977
2.9813
2.5077
2.7128
2.6596
2.5240
2.7343
2.7474
2.7309
2.5173
2.4290
2.3971
2.4065
2.6241
2.5400
2.4773
2.5326
2.6741
2.5662
2.9527
2.6935
2.8632
2.7958
2.8053
2.9313
2.8670
3.0296
3.0046
2.9069
2.7773
3.2031
3.1792
3.0433
3.5294
3.3680
3.6015
3.6254
3.1255
3.2512
3.4008
3.2286
3.1770
3.1449
2.6802
3.0665
2.6760
2.8529
2.9750
3.1309
3.0834
2.8808
2.7471
3.2949
3.3662
3.1782
3.1268
3.0109
3.3974
3.2216
3.1447
3.2763
3.0959
3.3113
3.4924
3.2112
3.1835
3.1500
3.1364
3.2688
3.1905
3.2875
3.3542
3.2869
3.6830
3.8644
3.7120
3.5879
3.9122
3.8330
4.1402
3.9930
3.8249
3.6297
3.5638
3.4107
3.1568
3.0838
3.1230
3.2659
3.0138
2.8960
2.6787
2.8023
2.8988
2.7520
2.7985
3.0025
2.7579
2.9994
3.3096
2.9818
3.1076
2.8898
2.9122
2.7473
2.8166
2.7428
2.9038
3.0184
3.2715
2.9166
2.8816
2.6797
2.8192
2.9255
3.2844
3.1093
3.1546
3.1809
2.7740
2.8063
2.6982
2.8125
2.9262
2.8917
2.6757
2.4418
2.6078
2.3477
2.4048
2.4654
2.4711
2.4063
2.6889
2.6652
2.5046
2.5959
2.7639
2.6705
2.7110
3.0923
2.9646
3.1889
3.1636
3.0367
2.9821
3.0976
3.1636
2.9708
2.8892
2.9414
3.0661
3.0634
3.2371
3.2353
3.1607
3.0632
3.2904
3.0637
2.9205
3.1074
3.2137
3.3561
3.1397
3.1004
2.9645
3.6539
3.4903
3.3155
3.4956
3.4026
3.2323
3.1566
3.3713
3.7108
3.9344
3.6087
3.7682
3.9333
4.0702
4.0149
3.7021
3.6006
3.7883
3.9936
3.7623
3.4147
3.7044
3.7170
3.7565
3.7950
3.8876
3.9138
3.7958
4.0074
3.7930
4.2977
3.9671
3.9593
4.0537
3.7425
3.6022
3.3643
3.7796
3.5950
3.6692
3.8472
3.6765
3.6694
3.6072
3.5691
3.5296
3.5983
3.8491
3.3335
3.2909
3.6350
3.8517
3.7721
3.8783
4.1012
4.1956
4.2539
4.0247
3.9909
3.5946
4.0111
3.8128
3.4018
3.9427
4.0101
4.0280
4.3071
3.9792
3.9297
3.9422
3.8464
3.7773
4.2565
3.8673
3.6784
3.3371
3.3604
3.6557
3.3333
3.3291
3.0125
3.3009
3.2009
3.3851
3.5822
3.3885
3.2214
3.2888
3.1359
3.3041
2.8820
3.2689
2.7434
2.8939
2.8187
2.9264
2.9334
2.8844
2.9473
3.1736
3.0926
3.2089
3.1591
3.2989
3.3826
3.4388
3.6606
3.9705
3.5105
3.5041
3.5260
3.6685
3.6728
3.7583
3.8323
4.0512
3.8368
4.0995
3.7761
3.8727
4.1185
3.9816
4.4497
4.3209
4.3199
4.3318
4.2809
3.6986
3.5968
3.3947
3.8414
3.7748
3.6168
3.9201
3.7368
3.7410
3.7921
3.7828
3.3967
3.4114
3.5208
3.8347
3.9299
3.4827
3.2632
3.1552
3.3024
3.3001
3.4600
3.1836
3.6683
3.4790
3.5817
3.6597
3.5014
4.0212
3.7193
3.4843
3.6680
3.5861
3.9100
3.7548
3.6346
3.8915
3.8288
3.8339
3.5603
3.3399
3.5108
3.6110
3.2073
3.4228
3.2129
3.4278
3.0345
2.9343
3.2153
3.2067
3.3323
3.2209
3.5128
3.6786
3.5937
3.7527
3.8906
3.8420
3.5794
3.6912
4.1205
3.9408
3.7278
3.6817
3.6281
4.2133
3.6443
3.6943
3.7830
4.0094
4.1167
3.7798
3.6977
3.9700
3.8365
3.7071
3.8252
4.1007
4.0748
4.2421
4.5161
4.2262
4.2022
4.0358
4.0303
4.0395
4.1501
4.0398
3.8338
3.5400
3.7003
3.7790
3.5106
3.4394
3.3602
3.7585
4.4062
4.0103
3.9316
4.0170
4.1444
3.9344
4.1755
4.1546
3.7110
4.0571
4.0498
4.1031
3.8578
4.2211
4.1339
4.0655
3.7951
4.0043
3.9560
4.2743
4.3228
4.0817
3.7893
3.7399
3.9300
4.2144
4.2266
4.0083
4.1977
3.9752
4.1455
3.7953
4.1109
3.8450
3.7829
3.9564
3.9020
3.9784
3.8137
3.5328
3.7237
3.4954
3.8112
3.4713
3.5928
3.7382
3.8875
3.7949
3.2136
3.5952
3.4379
3.6360
3.5629
3.2669
3.6170
3.6834
4.0901
3.5457
3.6233
3.3313
2.9933
3.3782
3.6149
3.7906
3.7920
3.5670
3.5734
3.1958
3.3521
3.1934
3.5871
3.4580
3.3868
3.4661
3.4724
3.2013
3.2805
3.2944
3.6372
3.2901
3.4509
3.8361
3.6075
3.3634
3.2868
3.3106
3.3621
3.1285
3.3371
3.4072
3.4964
3.2612
3.0719
3.1614
3.1041
3.3767
3.3015
3.1219
3.1940
3.3398
3.2237
3.5281
3.3260
3.4115
3.3721
3.3720
3.3255
3.4092
3.5944
3.4358
3.4129
3.6815
3.8193
3.7358
3.5063
3.4455
3.4715
3.5727
3.7857
3.8760
3.7800
3.8477
3.9128
3.9327
3.9261
3.6130
3.3476
3.4259
3.4981
3.2612
3.2256
3.1235
3.4769
3.2074
3.1422
3.3270
3.4460
3.3918
3.3466
2.9674
3.4317
3.5214
2.6769
2.8828
2.9406
3.0210
3.0634
3.0072
2.8242
2.8604
2.8738
3.0479
3.0463
3.2004
3.0032
3.2399
2.9685
2.8577
3.2206
3.3121
3.3721
3.4009
3.1355
3.2371
3.2559
3.2777
3.4786
3.1915
3.0054
3.3170
3.3944
3.2638
3.3892
3.4074
3.2695
3.6734
3.7503
3.4466
3.7059
3.5985
3.1521
3.0873
3.2421
2.9967
3.3909
3.5116
3.4520
3.2888
3.4887
3.3316
3.3400
3.4425
3.5856
4.1334
3.6661
3.8712
3.8955
3.7772
3.7887
3.7368
3.4232
3.4476
3.4411
3.5760
3.6415
3.4511
3.8091
3.6579
3.6115
3.2506
3.3318
3.7939
3.4506
3.9377
3.9097
3.8139
3.6133
3.4243
3.7384
3.6379
3.6716
3.3527
3.6241
3.4783
3.4056
3.3218
3.3629
3.5284
3.5306
3.8245
3.5990
3.5345
3.6148
3.8905
3.8677
3.7848
3.9138
3.5897
3.5158
3.6096
3.7268
3.9979
3.6087
3.7473
3.5785
3.4936
3.4975
3.2514
3.1534
3.1994
3.3310
3.2106
3.4154
3.3559
3.1626
3.4867
3.2115
3.1706
3.2683
3.5809
3.6281
3.4565
3.3944
3.6143
3.5942
3.6944
3.6633
3.4713
3.5407
3.7943
3.5743
3.5711
3.6233
3.2979
3.5873
3.4801
3.3432
3.4923
3.5185
3.2376
3.2630
3.3792
3.2753
3.2337
3.1372
3.4466
3.5757
3.5417
3.6055
3.8029
3.5225
3.1888
3.3178
2.9564
2.7896
2.6255
2.7610
2.6045
2.7283
2.7840
2.8579
2.8011
2.9831
2.8527
2.9326
2.7075
2.8304
2.6199
3.0575
2.8692
2.9383
3.1223
3.2105
3.3360
3.2284
3.2197
3.2392
3.3719
3.2310
3.0581
3.1746
2.9704
2.8740
2.7762
2.9581
3.0467
3.0083
3.2163
3.0287
3.0976
3.0544
2.9438
3.1126
3.3381
3.2151
2.7402
2.6913
2.7232
2.7495
2.8209
2.8024
2.9380
2.8383
2.8479
2.6912
2.7146
2.8238
2.5006
2.3532
2.5768
2.5671
2.7880
2.7109
2.5996
2.9304
2.7194
2.7109
2.6522
2.8169
3.1429
3.0211
2.8775
3.3710
3.8320
3.2697
3.2278
3.1102
3.1007
3.2238
3.2565
2.9558
3.3669
3.3360
3.0858
3.1245
3.1929
2.7507
2.8008
2.8708
2.8371
2.8142
2.7459
2.8060
