1.6358
1.6818
1.7610
1.6316
1.7548
1.6756
1.6338
1.7228
1.8027
1.6579
1.7868
1.8223
1.6866
1.6951
1.7856
1.9333
1.9759
1.8535
1.6732
1.6949
1.5590
1.6277
1.6126
1.6047
1.6444
1.8930
1.9277
1.7853
1.6685
1.8533
1.8578
1.7983
1.8626
1.7933
1.8687
1.7744
1.5102
1.9618
1.4885
1.4689
1.9046
1.8384
1.6346
1.3332
1.8726
1.9618
1.7538
1.8354
1.8823
1.6988
1.7596
1.5213
1.4440
1.8364
1.8848
1.6124
1.5386
1.8431
1.8320
2.1125
1.9903
1.7904
1.7423
1.6825
1.8114
1.4307
2.0387
1.7667
1.8041
1.6132
1.5940
1.9293
2.0079
1.6257
1.6096
1.7151
1.3431
1.3690
1.3282
1.3783
1.3799
1.5358
1.4404
1.2535
1.8154
1.5397
1.7478
1.7878
1.8615
1.6132
1.6503
1.7924
1.8026
1.6900
1.8040
1.7420
1.9357
2.0338
1.7221
1.9937
2.0783
1.7979
1.8992
1.8394
1.9782
1.8667
1.7878
1.8689
1.8565
1.6454
1.6129
1.4733
1.5343
1.5072
1.7352
1.4164
1.8332
1.7460
1.9985
1.9187
1.6907
1.9752
1.9676
2.1262
2.2559
2.1710
2.0632
2.3059
2.2497
1.9470
2.1147
2.3089
2.2886
2.3331
1.8257
1.9572
1.9252
2.2871
1.8949
1.9152
1.7364
2.0718
2.1806
1.8646
1.9004
2.2691
2.3362
2.2267
1.9698
2.2091
1.8414
1.7895
1.8329
1.6859
1.7663
1.8186
1.8000
1.6794
1.9665
2.0553
1.9564
1.7019
1.6471
1.8098
1.8916
2.3142
1.7539
1.9454
2.1037
2.1530
2.2562
2.0768
2.2502
2.2199
2.0442
1.8966
2.3035
2.1395
1.9092
2.5547
2.2069
1.9748
2.0333
1.8242
2.0991
2.1886
2.0743
2.1019
2.1531
1.9026
1.9823
1.8152
1.8530
1.8463
1.7927
1.6125
1.6688
1.6031
1.7450
1.9748
1.9480
1.6977
1.5456
1.5921
1.6487
1.5115
1.5678
1.6361
1.8366
1.5970
1.4006
1.5025
1.5781
1.7024
1.9135
1.9551
2.0115
1.6576
2.0204
2.1152
2.1242
1.7819
2.0794
2.1084
1.8615
2.3104
2.1805
1.9610
2.5219
2.6787
2.7294
2.3417
2.1263
2.0336
2.0282
2.3659
2.3321
1.9867
2.0285
2.1771
2.2968
2.0952
2.1590
1.9543
2.0303
1.9299
2.3364
2.2990
2.0778
2.3269
2.3551
2.3603
2.6383
2.6867
2.7981
2.6637
2.1980
2.2741
2.4859
2.3476
2.0115
2.0634
2.0995
1.9169
1.8817
2.0605
1.8673
1.7922
1.9402
1.8821
2.0792
1.9535
1.9517
1.9389
1.8040
2.0685
1.7666
2.0027
1.9463
1.8734
2.0126
1.9045
2.1391
1.8941
2.0589
2.0919
1.9567
1.8339
1.8163
1.9108
1.7150
2.0019
1.7554
1.9675
2.0794
2.0790
1.7333
1.7438
1.9339
1.7301
1.8506
1.8090
1.8409
2.1323
1.7267
1.9185
2.0357
2.0226
1.8129
1.7091
1.5536
1.7631
1.5392
1.5557
1.5655
1.6971
1.8390
1.8525
1.9447
1.8241
1.9573
1.9030
1.9155
1.5948
1.8655
1.9133
1.6278
1.6810
1.7306
1.6657
1.7720
1.6071
1.8084
1.6291
2.0070
1.7407
1.4442
1.6572
1.7114
1.8155
1.5211
1.6234
1.9032
1.8979
1.7139
1.6123
1.8784
1.8279
1.7864
1.7066
1.8727
1.8932
1.8572
1.8161
1.9429
1.6291
2.0293
2.0845
2.1627
2.0659
1.9721
1.7551
1.9965
2.0353
2.2939
1.9900
2.0391
2.2312
2.1886
2.1770
2.1293
2.1479
2.4989
2.4193
2.3783
2.4837
2.3664
2.4972
2.6420
2.7661
2.7509
2.3444
2.5576
2.4502
2.2665
2.3847
2.2893
1.9557
2.1472
2.0331
2.0933
2.2136
2.3622
2.4105
2.1119
2.3535
2.3169
2.2100
2.6494
2.4931
2.5284
2.5383
2.6010
2.4530
2.5685
2.5112
2.4451
2.5675
2.7497
2.6622
2.6730
2.3187
2.3223
2.5176
2.6330
2.5925
2.8112
2.6124
2.5497
2.6376
2.3509
2.5377
2.2610
2.3409
2.7768
2.6594
2.7548
2.8678
2.8019
2.9244
2.7922
2.9337
3.1873
2.8128
2.7735
2.8321
2.7102
2.4004
2.5527
2.5787
2.7497
2.6711
2.7981
2.9693
3.2059
2.9252
3.2265
3.0011
3.3434
3.0317
3.3949
3.2732
3.1735
3.7126
3.5803
3.6583
3.2276
3.4822
3.4932
3.7038
3.5508
3.3142
3.4612
3.3595
3.4055
3.0255
2.6641
2.9442
3.1310
3.2136
3.2266
3.1643
3.2915
3.3846
3.2471
3.0621
2.9926
2.9307
2.9746
3.0505
3.4416
3.5906
3.7325
3.8703
4.3206
4.0186
3.4556
4.0911
3.9352
3.9562
4.0544
4.3421
4.2889
4.7436
4.8485
4.6428
4.9921
4.8035
5.0662
5.4277
5.0566
4.7047
5.0471
4.7750
4.3523
4.3050
4.6778
4.5550
4.5191
4.5764
4.0016
4.3358
4.6106
4.3952
4.4752
4.4036
4.3940
4.5053
4.4590
4.6368
4.3225
4.3280
4.1201
3.9811
4.1343
4.4682
4.4981
4.1372
4.0942
4.2127
4.0027
3.8116
3.7460
3.4741
3.4655
3.2292
3.3258
3.1170
3.5196
3.3894
3.2925
3.2583
3.2492
3.1966
3.1157
2.8379
3.0237
3.1656
3.3290
3.1594
3.2800
3.7614
3.4520
3.6326
3.3977
3.3510
3.4367
3.1376
3.6535
3.8452
3.8044
3.7000
3.5589
3.7733
3.4290
3.5464
3.3108
3.3148
3.1864
3.0791
2.9747
3.2569
3.3117
3.2803
3.1854
3.2432
3.1473
3.2257
3.0124
3.1440
3.3220
3.4852
3.5248
3.4418
3.4558
3.2958
3.1758
3.2136
3.7243
3.5709
3.7500
3.9538
3.5033
3.7037
3.4796
3.6452
3.4916
3.6858
3.9231
3.5718
3.7955
3.7750
3.7527
3.9197
3.9227
3.6759
3.9268
4.1002
4.1565
3.6736
3.9008
3.8528
4.3706
4.1574
4.5866
4.2699
3.9365
4.1562
4.3229
4.1751
4.1396
3.9992
4.1043
3.8437
3.9944
3.9189
3.4791
3.7271
3.6386
3.9968
4.0301
4.0545
4.0789
4.3203
3.9494
4.2348
3.9348
4.0808
4.0482
4.1667
4.4563
4.3972
4.0452
4.0218
4.1069
3.6268
3.7734
3.4645
3.8906
4.4647
4.1340
4.0596
3.8476
3.8597
3.7299
3.5820
3.7612
3.7678
3.7424
3.7207
3.3834
3.6729
3.5892
4.0927
4.2925
4.3366
4.1826
4.0771
3.5409
3.8109
3.9010
3.2399
3.1513
3.0822
2.9362
3.1489
3.2204
2.8558
2.9187
2.9248
2.8168
2.7091
2.6974
3.1473
3.0714
2.8862
3.0645
2.8455
2.6972
2.8920
2.8742
2.5683
2.8659
2.7201
2.8371
2.8210
2.9607
2.7770
2.5260
2.4168
2.6104
2.5137
2.5061
2.5689
2.6661
2.4471
2.8349
2.6232
2.3850
2.3401
2.4775
2.9799
2.5192
2.7200
3.0395
2.4602
2.7222
2.6869
2.4526
2.6740
2.5248
2.3236
2.5525
2.6480
2.4039
2.3496
2.6743
2.7070
2.5276
3.0113
2.9777
2.7502
3.0540
2.9433
3.0293
2.8186
2.8107
2.9066
2.8599
2.9706
2.8583
2.6428
2.6840
2.9429
2.5105
2.7832
2.5554
2.6496
2.5942
2.7427
2.7256
2.4381
2.4556
2.9195
2.7348
2.4074
2.3180
2.2659
2.6347
2.7862
2.8022
2.7306
2.5828
2.6289
2.4002
2.3328
2.6308
2.4684
2.6209
2.3096
2.3973
2.4042
2.3347
2.0202
2.2591
2.3800
2.2629
2.3823
2.5551
2.5739
2.3464
2.6599
2.4409
2.5263
2.2581
2.2525
2.2182
2.3910
2.3266
2.3612
2.2456
2.3340
2.3550
2.3536
2.2864
2.1062
2.0593
2.2318
2.2623
2.1901
2.3688
2.1057
2.3180
2.5982
2.8021
2.6945
2.8216
2.9052
2.7776
2.6587
2.5737
2.5672
2.4787
2.5590
2.6305
2.2923
2.4088
2.3197
2.2269
2.4056
2.5925
2.3321
2.6213
2.4481
2.8323
2.4965
2.5035
2.6806
2.8938
2.9461
3.1230
3.1448
2.8118
2.9359
2.9146
2.8652
3.1250
3.0375
2.9858
2.8770
2.7200
2.9359
2.8093
2.7047
2.7711
2.7704
2.6875
2.4224
2.3554
2.6151
2.5407
2.4990
2.1866
2.3112
2.3210
2.4997
2.4475
2.4690
2.4987
2.7006
2.5576
2.4355
2.8509
2.5630
2.3714
2.6085
2.4931
2.7452
2.5021
2.6547
2.6310
2.6683
2.5502
2.7300
2.3148
2.6989
2.4728
2.6682
2.5283
2.8255
2.9885
2.9874
2.6720
2.6421
2.9694
2.9151
2.5578
2.5209
2.3591
2.6179
2.7823
2.5534
2.5083
2.4895
2.6297
2.4310
2.5769
2.7191
2.6664
2.5496
2.8773
2.9333
2.7086
2.8723
2.7365
2.4303
2.3501
2.4962
2.2564
2.4866
2.4966
2.5596
2.7105
2.6340
2.7992
2.7364
2.7383
2.7314
2.8990
2.8721
3.0941
3.2931
2.9558
3.1162
3.4286
3.1482
3.4277
3.1144
3.2463
3.0744
3.1428
3.4952
3.1852
3.0066
3.0176
3.2934
3.5833
3.5685
3.0987
3.1811
3.4357
3.2265
2.9555
3.2488
3.1414
2.9475
3.2668
3.3001
3.2445
3.2593
3.1985
3.1510
3.2422
2.8358
3.0002
2.9863
3.3897
3.0479
3.2848
3.1673
3.0671
2.8591
2.8177
3.0268
3.0967
2.9146
2.8289
2.8415
2.8072
2.8939
2.7092
2.8248
2.7437
2.6014
2.6581
2.4717
2.4395
2.8015
2.3765
2.3611
2.1808
2.1359
2.3464
2.3834
2.4320
2.2402
1.9905
2.2326
2.4051
2.3407
2.8183
2.8449
2.8817
2.6147
2.6444
2.6645
2.6312
2.7355
2.5608
2.3402
2.3609
2.5805
2.4511
2.6118
2.3881
2.6034
2.5407
2.2951
2.5437
2.3680
2.2821
2.1747
2.4146
1.9508
1.8182
1.7540
2.1027
1.8947
1.7887
1.9806
2.1034
2.2167
1.8958
2.0571
2.1448
1.8560
1.8480
2.0071
1.5757
1.7093
1.8257
1.9874
1.8243
2.0906
2.1253
2.0817
1.9518
1.9920
2.1973
2.0791
1.9914
1.8748
1.8125
1.7909
1.9716
1.8299
1.9670
1.9336
1.8756
2.0195
1.8864
1.9875
1.9887
1.9159
1.9369
2.0360
1.7694
2.0360
1.8946
2.3963
2.2998
2.3280
2.2054
2.3329
2.3498
2.6254
2.5876
2.7439
2.5676
2.3138
2.3520
2.4870
2.4103
2.4544
2.4749
2.6722
2.6324
2.3567
2.3938
2.2732
2.1004
2.1680
2.0778
2.3396
2.1637
2.3776
2.6055
2.1812
2.2969
2.5044
2.7794
2.4645
2.4182
2.5075
2.4814
2.3218
2.2723
2.2627
2.2292
1.9892
1.8337
2.2772
2.3018
2.0562
2.1665
2.0394
2.1982
2.3156
2.2006
2.3286
2.2405
2.3674
2.3276
2.1035
2.2132
1.9791
1.8159
1.9894
2.1193
2.4190
2.1445
1.9330
1.9533
2.1885
1.9610
2.0116
2.1024
2.3915
2.2590
2.5602
2.8535
2.4761
2.5039
2.3329
2.5702
2.2708
2.2891
2.3472
2.3056
2.3680
2.3115
2.4375
2.3843
2.5478
2.5478
2.7449
2.6437
2.4895
2.4303
2.5449
2.4025
2.6211
2.7814
2.9586
2.7708
2.9457
3.0807
2.8929
2.6570
2.7564
2.7344
2.6387
2.7267
2.2066
2.2659
2.2155
2.0553
2.3120
1.9668
2.0716
2.1980
1.9370
1.9209
1.8132
1.8172
1.7226
2.0045
1.9553
1.7211
1.9074
1.8530
1.8522
1.9692
2.1079
1.9133
2.1298
2.1854
2.3015
2.3148
2.1730
2.0644
2.1503
2.1555
2.0129
2.4412
1.9478
2.0382
2.3195
2.1609
2.0981
2.0612
2.1558
2.4178
2.1144
2.0075
2.1563
2.0543
2.1129
2.0090
2.0748
2.1525
2.1221
2.3380
2.0912
2.0287
2.2823
2.2640
2.1817
2.0096
2.1778
2.4304
2.2543
2.2857
2.5044
2.6170
2.5083
2.5244
2.6944
2.8598
2.4730
2.8690
2.5880
2.8052
2.8014
2.6657
2.4977
2.7247
2.9867
2.7875
2.8464
2.6210
2.7780
2.7275
2.7612
2.4992
2.4253
2.3466
2.1654
2.3933
2.3821
2.2839
2.3161
2.6045
2.5697
2.3940
2.6261
2.6896
2.4269
2.4942
2.4810
2.7458
2.4126
2.5304
2.5605
2.7122
2.5023
2.5288
2.3856
2.5296
2.2892
2.4173
2.6143
2.5124
2.2850
2.1449
2.1398
2.1962
2.6460
2.6636
2.2236
2.2289
2.4153
2.4434
2.4596
2.7055
2.5316
2.3011
2.5114
2.4177
2.3934
2.0706
2.3742
2.2244
2.2780
2.3438
2.4356
2.3571
2.0712
2.2279
2.3699
2.1316
2.1649
2.2049
2.0546
2.3003
2.2464
2.0458
2.3136
2.4642
2.2264
2.2658
2.2019
1.9576
2.1068
2.1196
2.3068
2.7546
2.5593
2.5221
2.5963
2.2541
2.7484
2.5398
2.4681
2.2593
1.9869
1.9585
2.2679
2.4959
2.2359
2.5945
2.5984
2.5204
2.7706
2.9501
2.5611
2.4348
2.6567
2.3197
2.4278
2.2831
2.1209
2.2944
2.4056
2.1464
2.0733
2.1275
2.2589
2.3419
2.0737
2.1661
2.4517
2.1267
1.9896
2.1629
1.8816
2.1237
1.8963
1.6048
1.8252
2.0775
2.0067
2.0705
1.8509
1.8021
1.7603
1.8890
1.8428
1.7486
1.7107
1.6318
1.8406
1.9889
2.1463
1.9690
1.6180
1.9997
2.1858
2.3896
2.0885
1.9952
2.2004
2.4247
2.1369
2.1175
2.3120
1.8601
2.0830
1.9868
1.8516
1.9362
1.8959
1.9358
1.9141
2.2581
1.6954
1.8741
1.9632
1.9821
2.1774
2.0042
2.1842
2.1928
2.2552
2.4104
2.3016
1.9485
2.1626
1.9343
1.8660
2.2401
2.3508
2.0181
2.0326
2.0740
2.1463
2.1303
2.1178
2.1381
1.9783
2.2004
2.0426
2.1313
1.8667
1.9338
1.9646
2.1862
1.9899
2.0301
2.1804
2.0783
1.8631
1.9312
1.9536
2.0587
2.0089
1.9643
2.0606
2.0528
2.4643
2.2181
2.2540
2.2456
2.4666
2.4096
2.2466
2.0809
2.2755
2.3243
2.4688
2.3418
2.1961
2.1828
2.2238
2.1094
2.0805
2.0503
1.9912
2.1970
2.1892
2.2371
2.0573
2.2644
2.2014
1.9765
1.9721
2.0915
2.1932
2.0545
2.0926
2.0668
2.3277
1.9810
2.0077
1.8731
2.1075
2.0979
2.2473
2.3096
2.0728
2.3366
2.1603
2.0877
2.3186
2.3400
2.6105
2.3874
2.2422
2.3178
2.2952
2.3263
2.4362
2.2444
2.2413
2.3794
2.3370
2.5169
2.0884
2.0343
2.0494
2.2129
2.1743
2.1988
2.1055
2.3202
2.3549
2.1837
2.5472
2.4576
2.4483
2.3461
1.9915
2.2049
1.9229
1.8255
2.0116
1.9103
2.0528
2.3954
2.3360
2.1262
2.1412
1.8384
1.9362
2.3546
2.2479
2.1671
2.1766
2.0591
2.0094
2.1436
2.3631
2.3085
1.8642
1.9147
1.9611
2.0964
1.9473
2.1840
2.1082
2.0851
2.0594
1.8963
2.0910
2.1669
2.2220
2.1014
2.0000
1.8909
2.0834
2.0776
2.0138
2.0766
2.1763
1.9258
2.1331
2.0963
2.4922
2.4266
2.1839
2.1019
2.1417
2.3192
2.2623
1.9854
1.8454
1.9568
1.8886
2.1560
2.1555
2.5877
2.0895
2.0303
2.0290
2.0766
1.8508
2.1621
2.0463
2.1331
2.0645
2.5199
2.0887
2.3811
1.9479
1.7790
1.8974
1.7173
1.9414
2.2202
2.2501
2.2955
2.1770
2.2430
2.1995
2.3849
2.2392
2.0637
2.0178
2.1440
2.1895
2.0619
2.0697
2.1391
2.2442
2.3434
2.3700
1.9580
1.9037
1.6619
1.9114
1.9705
1.8126
1.8842
1.9520
2.1298
2.0007
1.9668
1.9525
2.0512
1.8183
1.9605
2.0768
2.0163
2.0228
2.2062
1.9972
2.2168
2.0901
2.1912
2.1309
2.1206
2.1837
2.0267
1.8962
1.9488
2.0353
2.1104
2.0656
1.9867
2.0523
1.9577
1.8250
1.8736
1.7933
2.0436
2.0254
2.0902
2.1499
2.3881
2.3883
1.9730
2.1012
2.0716
2.0732
1.8746
2.0255
1.9132
1.8745
2.0505
2.2301
2.3452
2.1871
2.0252
1.9357
1.9882
2.2565
2.1145
2.1920
2.4906
2.1361
2.1920
2.1527
2.0903
2.1875
2.0162
2.0880
2.0946
2.0587
2.1213
2.1460
2.1349
2.0125
2.2604
1.9375
2.1708
2.2365
2.1022
1.9991
2.1765
1.9852
2.2449
2.1604
1.9521
1.9712
1.8522
1.8211
1.9523
2.0587
2.1552
1.8205
2.0308
2.1134
2.1082
2.2273
2.2896
2.1827
2.1253
2.0943
2.2680
2.3687
2.3222
2.7358
2.6009
2.5448
2.4714
2.6950
2.4980
2.3509
2.5488
2.4271
2.5420
2.6524
2.6690
2.3464
2.3253
2.4723
2.5883
2.4484
2.4054
2.5182
2.2450
2.4082
2.4373
2.5700
2.6259
2.7122
2.4554
2.6698
2.6076
2.5371
2.8934
2.5942
2.6759
2.6202
2.7314
2.9666
3.0263
2.8320
3.1287
3.1186
3.1901
3.0854
3.1001
2.9716
3.0538
3.0083
3.5152
3.1531
3.0015
2.9068
2.5991
2.7780
2.6664
2.6221
2.6589
2.6019
2.5035
2.5880
2.5769
2.5984
2.5700
2.9247
2.6986
2.6868
2.6464
2.6902
3.0841
3.0213
2.7234
2.8518
2.7988
2.5153
2.6053
2.5941
2.5719
2.6689
2.7433
2.5607
2.8144
2.8400
2.4662
2.8825
2.7800
2.9509
2.8538
2.9343
3.0431
2.8740
2.9750
3.0409
2.9661
2.8027
2.8671
2.7680
3.0201
3.0080
2.9038
2.7694
2.5882
2.7024
2.9025
2.9638
3.0772
3.0810
2.8962
2.8329
2.6705
2.6468
3.0001
2.8511
2.8463
2.6556
3.1744
3.3588
3.1295
3.0349
2.8740
2.7113
2.8318
2.8292
2.9518
2.9874
2.7168
2.5470
2.5203
2.6585
2.4741
2.8045
2.3713
2.5104
2.5438
2.6871
2.8232
2.7198
2.7330
2.7505
2.7309
3.0856
2.9845
3.1412
3.0863
2.9779
2.9125
3.5424
3.0877
3.1882
3.0848
2.9689
3.1155
3.3642
3.1500
3.4000
3.5804
3.5897
3.2986
3.3481
2.9952
2.7499
2.7777
3.0743
2.9186
2.9459
3.0763
3.0401
2.7444
2.8210
2.7630
3.3279
2.8776
2.5852
2.4304
2.7284
2.6222
2.7748
2.6792
2.8509
2.9810
2.7018
2.5849
2.8577
2.4508
2.8849
3.2870
3.0544
3.1427
3.0701
2.8221
2.7390
2.6582
2.9556
2.8745
2.6709
2.6980
2.7280
2.7693
2.3848
2.8716
2.6623
2.7424
2.5767
2.8376
2.6885
2.6770
2.6933
2.4843
2.6042
2.7692
2.5994
2.7608
2.6920
2.8940
2.6410
2.8586
2.6743
2.8108
2.8552
2.8251
2.8355
2.6533
2.5851
2.4685
2.5011
2.7735
2.7831
2.3785
2.8551
2.9627
3.0415
3.1705
2.9785
3.0329
2.8971
2.7409
2.9302
3.0383
2.8775
2.9406
3.1435
2.9745
3.2961
3.2876
3.5271
3.6578
3.3074
3.0710
3.1357
2.9455
3.2551
3.2040
3.1461
2.9349
3.1277
3.0460
3.0165
2.9770
2.8936
2.8617
2.8061
3.0806
2.9676
2.7020
2.5831
2.7654
2.9180
3.0469
2.9945
2.9018
2.9751
3.0261
2.9509
2.9708
2.6701
2.6644
2.5038
2.9945
2.8669
2.4683
2.6765
2.6168
2.6791
2.4928
2.5549
2.5078
2.4740
2.8233
2.7774
2.6539
2.6425
2.5094
2.7183
2.8287
2.5368
2.7670
2.8284
2.6958
2.7369
2.7158
2.7307
2.5867
2.5454
2.7011
2.8009
2.6514
2.5094
2.7906
2.6362
2.6924
3.0853
2.7087
2.6795
2.6434
2.8710
2.3023
2.6452
2.8179
2.2135
2.5841
2.9601
3.1873
2.8532
2.8638
2.8367
2.7145
2.6952
2.7477
3.0547
2.6580
2.8307
2.5170
2.7191
2.8479
2.5751
2.8793
2.5781
2.6781
2.8590
2.7326
3.1531
3.0747
2.7781
3.0435
3.0004
3.0518
2.5955
3.0043
3.1028
3.1400
3.2944
3.3299
2.7470
3.0487
3.0274
3.0746
2.8642
2.9886
3.0614
3.0412
2.5769
2.8754
2.7528
2.9274
2.6294
2.7964
2.6075
2.9419
2.7898
2.7741
2.6453
2.5511
2.4562
2.3645
2.4136
2.4602
2.4967
2.6833
2.5548
2.8311
2.5736
2.8351
2.9539
2.6771
2.4892
2.5776
2.8553
2.7739
2.7044
2.7442
2.5581
2.7954
2.7324
2.4697
2.6358
2.9655
2.5142
2.5767
2.4072
2.1813
2.6766
2.4795
2.3896
2.6911
2.9185
2.6220
2.3538
2.8363
2.6948
2.5392
2.2536
2.2102
2.8550
2.9088
2.9609
3.0924
3.0045
2.9113
2.6574
3.0260
3.1710
3.4071
2.8748
2.9296
2.6094
2.4782
2.5679
2.4883
2.4047
2.5808
2.5343
2.7166
2.6253
2.4457
2.5059
2.7332
2.9315
2.9920
3.2237
3.4380
3.0382
3.1123
3.1645
2.9972
3.2270
3.2557
3.4060
3.3575
3.4774
3.4188
3.3836
3.2650
3.1775
2.9658
2.9178
2.6883
3.0024
2.8620
2.6664
2.9558
2.9900
2.8426
2.7905
2.7017
2.6921
2.6663
2.6596
2.6275
2.2530
2.1322
2.2855
2.2323
2.5376
2.4035
2.3591
2.3807
2.2432
2.1237
2.2943
2.1761
2.3017
2.4595
2.3862
2.2724
2.2539
2.3127
2.3401
2.5036
2.4295
2.3518
2.4646
2.4725
2.7334
2.5680
2.7794
2.6729
2.3290
2.1873
2.3566
2.5656
2.6534
2.3180
2.4410
2.6165
2.7981
2.7600
2.5533
2.6929
2.6825
2.6290
2.7582
2.5732
2.8860
2.7132
2.4564
2.6293
2.5808
2.5766
2.6147
2.6375
2.5161
2.8427
2.5748
2.8445
2.4307
2.2749
2.4692
2.2151
2.2609
2.3932
2.5250
2.2405
2.4264
2.7287
2.6123
2.5567
2.5148
2.1494
2.2204
2.2489
2.4318
2.2724
2.2944
2.2551
2.0179
2.0425
2.1254
1.9813
2.2563
2.3105
2.3208
2.2931
2.3090
2.3641
2.5694
2.3881
2.3660
2.8159
2.7972
2.6317
2.6853
2.5705
2.5930
2.5470
2.6994
2.3275
2.3092
2.5361
2.7508
2.7531
2.7244
2.6565
2.8258
2.7311
2.6670
2.5072
2.7824
2.6741
2.6206
2.3478
2.4874
2.4205
2.6436
2.6656
2.6592
2.8120
2.8970
2.6890
2.6924
2.8208
2.9944
2.8785
3.0069
2.8035
2.6280
2.5621
2.7077
2.8025
3.0156
2.7959
3.0941
2.9123
3.0952
2.9217
2.4662
2.5109
2.6278
2.5187
2.5973
2.6490
2.7523
2.6368
2.4653
2.5307
2.6569
2.6173
2.7094
2.9353
2.5342
2.7054
2.6241
2.8657
2.7609
2.6985
2.7207
2.8092
2.7220
2.5747
2.7319
2.5055
2.6160
2.6608
2.6774
2.8319
2.9314
2.5283
2.7384
2.5020
2.6509
2.4339
2.5589
2.5828
2.3588
2.8215
2.6322
2.5185
2.4822
2.7341
2.5726
2.7915
2.6159
2.5657
2.5769
2.5227
2.5045
2.7756
2.7314
3.1370
2.8914
3.1079
2.8551
3.1530
3.1455
3.0883
3.0608
2.9665
2.8038
2.9408
3.1126
2.9375
3.0532
2.9984
2.8353
3.0703
3.1047
3.4150
3.0886
2.9987
2.7394
2.8922
3.1021
2.9804
2.7199
2.9854
2.8316
3.2566
2.9971
2.7773
2.8368
2.6627
2.5707
2.8196
2.5790
2.7128
2.8345
2.8534
2.7634
2.7640
2.6019
2.8300
2.7855
2.5854
2.6803
2.5234
2.8013
2.7235
2.7435
2.9219
2.7031
2.6861
2.8624
2.5524
2.6494
2.6952
2.8719
2.7178
2.8651
2.7273
2.6726
2.7115
2.4869
2.7560
2.8244
2.8036
2.7331
2.6651
2.6328
2.7614
2.6881
2.6974
2.8564
2.8080
2.9239
3.2320
3.1403
3.1246
3.0495
3.1711
2.9939
3.1036
2.8121
2.9746
3.0251
2.8043
2.9784
3.2152
3.3253
2.9770
3.0264
3.0148
2.8862
3.2345
3.3036
3.4507
3.5965
3.5767
3.9203
3.5681
3.5088
3.6616
3.5306
3.7729
3.4946
3.5379
3.4848
3.4371
3.7958
3.7245
3.6545
3.7803
3.5934
3.3260
3.4680
3.4724
3.1506
3.5674
3.6397
3.5535
3.3732
4.1255
3.7243
3.5058
3.7357
3.5655
3.5911
3.5166
3.4461
3.5924
3.3814
3.2127
3.0481
3.2524
2.8541
3.1673
3.1818
2.8956
3.1019
3.1774
2.9859
2.9605
3.2061
3.2504
3.0797
3.1619
3.1039
3.2060
3.1493
3.1168
3.5099
3.5838
3.2645
3.2919
3.4488
3.4246
3.6869
3.5783
3.7844
3.8684
3.7668
3.5666
3.1631
3.3323
3.2556
3.4243
3.8804
3.6398
3.2601
3.4163
3.6529
3.6177
3.4038
3.2316
3.6941
3.8262
3.7961
3.6517
3.2144
3.1823
3.4052
3.4744
3.4174
3.1630
3.2264
3.0934
3.3380
2.9438
2.9684
3.0000
3.3004
3.1478
3.0503
3.0871
3.0647
3.2682
3.1508
3.1406
3.3575
3.1193
3.5008
3.8060
3.7814
3.8567
3.8244
3.9124
3.8818
3.9290
3.8238
3.6737
3.3055
3.0147
3.4321
3.6480
3.4878
3.7272
3.8669
3.8767
3.9759
3.4291
3.5262
3.4429
3.2557
3.3470
3.3811
3.3160
3.4699
3.3062
3.4628
3.3026
3.3278
3.5365
3.2204
3.0877
3.0994
3.2524
3.3577
3.5889
3.3839
3.6472
3.4811
3.4104
3.6327
3.8495
3.7984
3.6810
3.6603
3.5368
3.8827
3.9996
4.1519
3.9292
4.1726
4.1126
4.4542
4.2947
4.0655
4.3330
4.3154
4.3163
4.3386
4.2682
4.3463
4.2232
4.0632
3.7765
3.6121
3.7246
3.8026
3.7722
3.8633
3.8302
3.9175
3.8288
3.6637
3.6760
3.7391
3.5776
3.5495
3.4464
3.5876
3.7125
3.3799
3.6965
3.7524
3.9677
3.6120
3.7143
3.6971
3.7297
3.6502
3.2953
3.1933
3.5030
3.7082
3.5505
3.6136
3.3620
3.8943
3.8338
3.5452
3.4061
3.4737
3.2824
3.4714
3.4498
3.5554
3.4281
2.9568
3.0347
3.1207
3.0568
3.1422
3.0378
3.2434
3.4688
3.7617
3.3870
3.6265
3.3552
3.4561
3.2950
3.4104
3.3040
3.4780
3.3514
3.1040
3.3530
3.2479
3.1439
3.0018
3.0667
3.2894
3.0794
3.1853
3.3535
3.4839
3.6146
3.9332
4.0480
3.8909
3.8493
4.0934
3.8274
3.7872
3.8749
3.9235
3.8395
4.0611
4.0714
3.9565
3.7069
3.7428
3.7910
3.8436
3.7392
3.8622
3.6802
3.6040
3.6684
3.6903
3.6542
3.4981
3.4114
3.4319
3.3022
3.5507
3.4351
3.2785
3.6353
3.3904
3.3473
3.3373
3.5282
3.4504
3.2554
3.3391
3.3579
3.2847
3.1968
3.1655
3.3395
3.1789
3.2240
3.2726
3.1765
3.2878
3.0365
3.4898
3.1904
3.3408
3.6870
3.5575
3.3848
3.5145
3.3174
3.5232
3.5324
3.5592
3.8400
3.7415
3.7231
3.8957
3.7456
3.7438
3.6026
3.6699
3.4142
3.6717
3.4635
3.6328
3.7106
3.6607
3.6968
3.4743
3.4717
3.3729
3.6686
3.5107
3.7286
3.4946
3.4464
3.7220
3.6575
3.6962
3.7165
3.5330
3.6667
3.5970
3.5416
3.9267
3.7922
3.5669
3.6546
3.9973
3.7593
3.8274
3.7950
4.0603
3.7908
3.6439
3.2869
3.6251
3.3350
3.2364
3.2558
3.3785
3.3841
3.3997
3.5631
3.6201
3.8589
3.6926
3.4473
3.5625
3.5627
3.6315
3.4987
3.3413
3.1980
3.0123
3.1524
3.0114
3.3281
3.1491
3.2765
3.3324
3.0971
3.6209
3.4512
3.2737
3.2724
3.3083
3.2359
3.1388
3.1103
3.2611
3.2781
3.2987
3.2095
3.4360
3.3239
3.3589
3.6130
3.5222
3.6239
3.5808
3.3863
3.7474
3.7358
3.8366
3.6948
3.5205
3.5321
3.5581
3.3077
3.4475
3.5300
3.4841
3.3736
3.6748
3.4864
3.2873
3.4243
3.7153
3.3661
3.4137
3.2739
3.2217
3.3734
3.3555
3.5107
3.4235
3.6500
3.5704
3.5620
3.4900
3.3396
3.2971
3.5045
3.4567
3.4535
3.7143
3.5117
3.6603
3.5605
3.5186
3.6764
3.5966
3.4753
3.8152
3.7976
3.5512
3.6648
3.4585
3.2806
3.1585
3.4072
3.4390
3.2609
3.2962
3.6307
3.3124
3.5493
3.4949
3.5412
3.5364
3.5057
3.5870
3.4450
3.2503
3.3429
3.2938
3.2565
3.1744
3.2239
3.1279
3.2586
3.2575
3.1276
3.2905
3.3479
3.2382
3.1734
3.3133
3.3264
2.9922
3.3910
3.2006
3.1829
2.8814
3.2699
3.3008
3.5680
3.4506
3.4492
3.4271
3.1416
3.1830
3.3248
3.1864
3.4640
3.3739
3.2177
3.2194
3.0709
2.8183
2.7784
2.8538
2.8827
2.9486
2.8390
2.9091
2.9731
2.7266
3.1231
3.1376
2.9294
2.8696
2.7502
2.8280
3.1040
2.8550
3.0998
3.1679
3.2491
3.2174
3.1876
3.0134
2.8503
2.9592
2.9801
2.7738
2.8209
2.7902
2.8994
2.7730
2.6549
2.8001
2.7646
2.8546
2.9541
2.9850
3.0361
2.7770
3.0328
2.7869
3.0172
2.7073
2.6085
2.7200
2.7353
3.0459
3.3881
3.2059
3.2334
3.2770
3.3193
3.2441
3.3776
3.0438
3.2599
3.1456
3.3050
3.3183
3.0948
3.0284
3.2303
3.3154
3.3484
3.1848
3.2192
3.4392
3.1566
3.1700
3.3986
3.1635
3.0118
3.0220
2.8968
3.0928
2.8760
3.0242
2.8881
2.8376
2.9560
2.8276
2.6755
2.5908
2.4386
2.6078
2.6002
2.8054
2.6770
2.8514
2.7066
2.8452
2.9381
3.0262
3.0163
2.9998
2.3976
2.5449
2.6914
2.7303
2.7043
2.5971
2.8222
3.0260
2.9429
3.0115
2.6126
2.3296
2.5549
2.3062
2.3168
2.5115
2.3217
2.4422
2.5415
2.6048
2.4467
2.5601
2.4329
2.3896
2.3184
2.3303
2.2840
2.3883
2.2577
2.3872
2.4602
2.6679
2.7140
2.4626
2.5890
2.4628
2.6229
2.5618
2.7425
2.5458
2.6119
2.3179
2.3881
2.4402
2.6126
2.5074
2.4753
2.4454
2.7510
2.7182
2.8473
2.7534
2.5212
2.4639
2.4394
2.5467
2.4868
2.4051
2.4413
2.4945
2.5703
2.3023
2.5701
2.5255
2.4598
2.3966
2.4189
2.3578
2.6045
2.6635
2.7574
2.5741
2.6621
2.5763
2.6326
2.5856
2.4586
2.3984
2.3501
2.3944
2.7593
2.7314
2.7758
2.9122
3.1195
3.2020
3.1776
3.2583
3.3242
2.8988
2.8426
2.5153
2.4328
2.8532
2.8604
3.1141
2.9576
2.8909
2.8145
2.6497
2.7839
2.7887
2.6073
3.1113
2.7432
2.7796
2.6677
3.1407
2.9718
2.7877
3.0925
2.6139
2.6980
2.6237
2.6667
2.8105
2.3726
2.7602
2.7520
2.5241
2.2535
2.3556
2.4292
2.6480
2.4822
2.4920
2.5949
2.7872
2.6922
2.5617
2.9465
3.0251
3.0255
2.7342
2.7761
2.9658
2.7149
2.7153
2.6954
2.6624
2.3945
2.4812
2.2955
2.6939
2.7586
2.7101
2.7342
2.8676
2.8542
3.4085
3.1763
3.0674
3.0744
3.3164
3.2206
3.4413
2.8744
2.8288
2.8022
2.9348
3.0162
3.0184
3.1213
3.0518
2.5391
2.3696
2.3365
2.6094
2.4939
2.3798
2.5941
2.4259
2.4639
2.4595
2.2854
2.5034
2.5224
2.4852
2.2300
2.3474
2.8164
2.6767
2.7352
2.3885
2.6359
2.4665
2.5152
2.3992
2.3602
2.3713
2.2496
2.4037
2.3529
2.1733
2.1295
1.9804
2.2650
2.3649
2.4638
2.3474
2.2798
2.2219
2.2733
2.4480
2.2880
2.3274
2.5413
2.3276
2.2783
2.5097
2.4017
2.1707
2.0496
2.1423
2.5475
2.4298
2.2805
2.4440
2.4224
2.6106
2.5560
2.3007
2.3944
2.2707
2.0538
2.0098
2.2467
2.0345
2.4219
2.5297
2.5868
2.4361
2.5063
2.5317
2.3825
2.0892
2.3079
2.3016
2.4936
2.3692
2.4675
2.7026
2.8536
2.6115
2.7567
2.5855
2.4418
2.6288
2.3422
2.5497
2.4485
2.3826
2.5544
2.5334
2.6716
2.5263
2.6244
2.4838
2.3328
2.0545
2.1958
2.1151
2.0697
2.1304
1.9428
2.0237
1.9044
1.7400
2.0163
2.0008
2.0394
1.8174
1.9148
2.0083
2.0785
2.1251
2.1875
2.1304
2.2734
2.1760
2.3985
2.0966
1.9871
2.0784
2.3173
2.1717
2.4600
2.4969
2.4310
2.1527
2.0368
1.9688
2.2641
2.3337
2.1914
1.9755
2.1108
2.2226
2.1856
2.2719
2.2538
2.1178
2.0537
2.0739
2.2892
2.3467
2.3580
2.3175
2.4599
2.3592
2.2941
2.2991
2.3531
2.7080
2.8603
3.0293
2.7386
2.6269
2.5164
2.5361
2.5565
2.5095
2.5364
2.5970
2.5679
2.3931
2.3493
2.2446
2.3512
2.7140
2.3391
2.4516
2.6128
2.5009
2.3910
2.4888
2.6288
2.3355
2.6001
2.7336
2.9213
2.7499
2.5510
2.6615
2.6037
2.8338
2.6789
2.5621
2.6519
2.5117
2.8239
2.8172
2.8796
3.0190
2.9454
2.9486
3.1651
2.9452
2.7563
2.8656
3.0747
3.1063
3.1472
3.0675
2.9322
3.0027
3.2576
2.8940
2.9394
2.7784
2.6371
2.7236
3.1146
2.9632
3.4139
2.9649
2.8816
3.3359
3.3470
2.9814
2.6539
3.0646
3.3173
2.6484
3.0437
3.2790
2.9875
2.8817
2.9308
3.0211
2.8884
2.9852
3.1977
2.9144
2.9450
3.0213
3.1548
2.7420
2.8371
3.0985
2.9332
3.0108
3.0571
2.9320
2.8917
2.9406
3.0109
3.1365
3.0362
3.1103
2.9924
2.7747
3.0577
3.2751
3.0894
3.2787
2.9987
3.1792
3.3919
3.4449
3.2967
3.5733
3.2545
3.7490
3.7899
3.4986
3.7889
3.6251
3.9963
3.6101
3.4479
3.4731
3.6500
3.9091
3.9993
4.0770
3.7802
4.0418
4.0757
3.9591
3.8726
3.9258
3.8500
3.9644
3.9867
3.5803
3.5948
3.5105
3.3753
3.5502
3.2916
3.2139
2.6141
2.7135
2.7903
2.7657
2.6685
3.0128
3.1275
2.9037
2.6176
2.8531
3.0193
3.1038
3.1730
3.3111
3.0791
2.5376
2.6508
2.9373
3.1086
3.0000
2.9606
2.9070
3.1592
2.7460
2.5664
3.0208
2.7006
2.7344
2.5579
2.5749
2.6991
2.5776
2.5957
2.6911
2.5117
2.4519
2.8155
2.6360
2.6427
2.6268
2.5774
2.6812
2.5192
2.6546
2.5221
2.7580
2.5481
2.6168
2.6384
2.7948
3.0286
2.9877
2.8187
2.8271
2.8563
2.9447
2.9130
3.1729
3.0498
2.8307
2.9143
2.7258
2.9138
2.8506
2.9448
2.6924
2.5597
2.6626
3.0426
2.8822
2.8794
2.7549
2.6774
2.9601
2.9091
2.8065
2.7564
2.6564
2.7970
2.8338
2.8308
2.7148
2.6809
2.7756
2.7045
2.9201
2.7455
2.8852
2.8139
2.9396
2.9646
3.3539
3.0785
3.0925
3.0307
2.9977
3.3706
3.0737
3.5181
3.1516
3.5147
3.3116
3.0180
3.4131
3.6682
3.2533
3.4305
3.6332
3.7248
3.7545
3.8098
3.8148
3.2714
3.1742
3.0639
3.2242
3.1782
2.9075
2.6559
2.7872
2.6809
2.5546
2.6796
2.9155
2.5453
2.6366
2.4341
2.6674
2.6551
2.4532
2.5719
2.4657
2.2618
2.4377
2.5076
2.7021
2.7061
2.7074
2.5692
2.5147
2.3977
2.5857
2.3717
2.5875
2.5949
2.6654
2.4927
2.4259
2.6381
2.9085
2.8756
3.0232
2.8761
2.7980
2.9069
2.9930
3.0321
2.9773
2.7031
2.9176
3.1430
2.7606
2.8319
3.0688
2.8585
2.6988
2.6272
2.7441
2.5087
2.6131
2.4775
2.5990
2.5099
2.5496
2.3724
2.5137
2.3229
2.2908
2.2782
2.1948
2.5636
2.2079
2.1774
2.2307
2.3773
2.2608
2.2379
2.3537
2.3961
2.4663
2.5778
2.4200
2.5403
2.4622
2.4792
2.3971
2.4271
2.1485
2.2221
2.4858
2.4665
2.6013
2.6570
2.5581
2.5954
2.6030
2.6187
2.5631
2.5353
2.5447
2.5763
2.6943
2.7589
2.6258
2.6470
2.9902
3.1332
2.7558
2.5870
2.8154
2.8150
2.5920
2.6996
2.7528
2.6749
2.7715
2.8965
2.7588
2.6449
2.7475
2.8442
2.9958
2.8618
2.9961
2.9995
2.9367
2.8175
2.9100
2.9246
2.7628
3.1897
2.9023
3.2346
3.1772
3.1613
2.9384
2.9124
2.8781
3.1753
3.1242
3.2626
3.1346
2.9562
2.6809
2.6577
2.8491
2.7791
2.8425
2.9945
3.0181
3.0731
2.8918
2.7906
2.9384
2.8807
2.8235
2.4968
2.7367
2.9708
2.7422
2.7176
2.8449
2.7473
2.7304
2.8468
2.7385
2.6666
2.8842
2.9261
2.4956
2.9374
2.8113
2.3304
2.7313
2.7064
2.6923
2.7249
2.9024
2.8431
2.9085
2.9578
2.9375
2.8716
3.0865
2.8226
2.9305
2.7623
3.1221
3.0989
3.2172
2.8710
3.0624
3.3413
2.9216
2.9863
3.0402
3.1054
3.0526
3.0273
2.9273
2.9361
3.1818
3.0199
3.2941
2.8409
2.9426
3.0193
3.0964
3.0036
3.1106
3.0351
3.0676
2.7999
2.7715
2.8007
2.8520
2.6737
2.7860
2.8093
2.7944
2.7446
2.8397
2.7566
2.7985
2.7145
2.7606
2.6447
2.6476
2.3856
2.4723
2.4322
2.4066
2.6454
2.7908
2.6001
2.4201
2.6358
2.3376
2.8517
2.9285
3.3889
3.6188
3.4917
3.4625
3.2476
3.3451
3.3819
3.1817
3.3545
3.3466
3.1566
3.2160
3.2592
3.3106
3.1296
3.2590
2.8601
3.0914
2.9134
3.1197
3.0128
3.2088
3.1991
3.2442
2.9522
3.0995
3.2415
2.7766
3.1735
3.2621
3.0986
3.4929
3.6660
3.7601
3.8635
3.5513
3.9947
3.7293
3.4171
3.4102
3.5897
3.0355
3.0385
2.9298
3.0056
2.9427
3.0708
3.0999
3.1227
3.2510
3.0235
2.7888
2.9431
2.8981
3.1651
3.8276
3.8933
3.8816
3.8083
3.7138
3.4424
3.5565
3.3288
3.0877
3.4861
3.3865
3.4729
3.6420
3.6312
3.6195
3.4888
3.6750
3.6676
3.6902
3.4909
3.5447
3.6346
3.5373
3.4943
3.5245
3.8117
4.0651
4.0226
3.8098
3.9778
3.8094
3.6127
3.5137
3.5884
3.3341
3.3884
3.5132
3.5396
3.7212
3.8861
3.7193
3.7449
3.9914
3.9586
3.7373
3.5380
3.4441
3.4955
3.5711
3.5999
3.7186
3.5641
3.4403
3.4857
3.7598
3.6908
3.7479
3.5106
3.7897
3.5098
3.7539
3.6823
3.2335
3.2634
3.3333
3.3919
3.5166
3.5319
3.6670
3.6006
3.6123
3.8699
3.8072
3.7358
3.5583
3.3071
3.7199
3.8846
3.3342
3.1410
3.1733
3.7423
3.9668
3.7565
3.6792
3.4171
3.3031
3.4240
3.4156
3.3449
3.1765
3.3256
3.4279
3.2197
3.3489
3.3249
3.3145
3.3991
3.2287
3.4366
3.3574
3.5119
3.3740
3.2809
3.4267
3.4110
3.3998
3.3056
3.3364
3.4024
2.9814
2.9099
3.1524
3.2723
3.1392
3.2079
3.2415
3.1317
2.9147
2.8797
2.9026
3.0557
2.9252
2.7748
3.0355
2.9840
2.8438
2.9147
2.8704
3.0343
3.0872
3.1019
3.0030
3.0756
3.2296
3.5011
3.5522
3.2243
3.0327
2.9098
2.7769
2.8645
2.8666
2.9314
2.8270
2.7125
2.9261
2.7087
2.6896
2.7806
2.6205
2.3721
2.5283
2.4704
2.2970
2.4343
2.4677
2.3382
2.4120
2.4339
2.5767
2.5018
2.3067
2.3175
2.7197
2.9947
2.9202
2.8464
2.7551
2.2473
2.3645
2.4273
2.5119
2.1966
2.2991
2.2376
2.2687
2.5539
2.6379
2.4326
2.6885
2.6664
2.6722
2.8432
3.1436
2.6803
2.8298
2.8705
2.6211
2.5546
2.4339
2.7815
2.8218
2.8165
2.7015
2.6700
2.4239
2.4494
2.6550
2.5561
2.8005
2.6197
2.7398
2.5399
2.8256
2.5156
2.5873
2.7069
2.5893
2.6348
2.8185
2.6030
2.3505
2.6374
2.6567
2.7214
2.6013
2.6134
2.6531
2.5443
2.8908
2.5078
2.6554
2.6666
2.3694
2.2456
2.1814
1.9883
2.2980
2.1254
2.2691
2.0448
2.1709
1.9412
1.9433
2.0215
2.0110
2.2950
2.2345
2.2568
2.4341
2.0941
1.8144
2.0775
2.0207
2.1977
2.1868
2.5761
2.5882
2.5312
2.6234
2.6022
2.5696
2.5017
2.2682
2.4725
2.3792
2.2719
2.2669
2.3054
2.5278
2.3327
2.3566
2.6605
2.7066
2.4924
2.5658
2.5494
2.6181
2.3598
2.5134
2.4708
2.3802
2.1880
2.3034
2.2849
2.2757
2.5401
2.4591
2.3521
2.4176
2.4030
2.3944
2.3771
2.5268
2.6471
2.3808
2.5744
2.3688
2.4049
2.2186
2.2282
2.0082
2.1622
2.1621
2.4580
2.6279
2.4423
2.4736
2.1984
2.0639
1.9723
2.0958
2.2436
2.3692
2.0486
2.0845
2.3289
2.3340
2.2803
2.1163
2.3473
2.3176
2.4072
2.2243
2.2225
2.2600
2.1667
2.0969
2.2111
2.2719
2.1601
2.1492
2.1908
2.3213
2.3821
2.3928
2.1974
2.3041
2.4721
2.2914
2.2388
2.1020
2.0817
2.1756
2.1757
2.4327
2.5402
2.4018
2.3549
2.3240
2.4127
2.1472
2.2752
2.1462
2.2097
2.1921
2.2403
2.2354
2.1864
2.1305
2.1812
2.2636
2.1167
2.3081
2.1235
2.2955
2.3447
2.1883
2.1762
2.1710
2.0860
2.1004
2.0474
2.0765
2.2130
2.0770
2.1528
2.3167
2.0776
2.1206
1.9955
1.8958
1.8361
2.0779
2.0502
2.0217
2.1703
2.0766
2.0601
2.0062
2.2153
2.0280
1.9766
1.9318
2.2942
2.2990
2.0976
1.8763
1.8789
1.9825
2.2751
2.1880
2.1746
2.0695
2.1249
1.9697
2.1678
1.9889
1.9300
1.8811
2.0817
2.0628
2.1804
2.0618
2.2012
1.8202
1.9139
2.1697
2.0821
2.2189
2.3603
2.3489
2.2149
2.1280
2.0544
1.9773
2.1734
2.3674
2.3678
2.3685
2.3582
2.1349
2.3924
2.2340
2.0629
1.8274
2.2318
2.0102
2.0971
2.2298
2.2941
2.4262
2.4338
2.4010
2.4086
2.2466
2.2664
2.3026
2.3066
2.2222
2.3977
2.3450
2.4794
2.4378
2.5033
2.8084
2.8465
2.5902
2.3637
2.6309
2.6065
2.4812
2.3630
2.4150
2.4420
2.4005
2.4365
2.3369
2.4766
2.3427
2.1946
2.2169
2.3238
2.1177
2.2042
2.1912
2.0588
2.0175
2.0654
2.1870
2.4320
2.1443
1.9870
2.0847
2.4854
2.1576
2.2785
2.2210
2.2574
2.4173
2.2878
2.1983
2.4801
2.3443
2.4803
2.3885
2.4442
2.5854
2.8729
2.7105
2.6174
2.9322
2.6064
2.0844
2.2222
2.9518
2.8923
2.6613
2.4758
2.5487
2.8490
3.5524
3.6300
3.1352
3.0449
2.8138
2.7138
2.6169
2.6667
2.3474
2.3840
2.4687
2.6707
2.3854
2.6735
2.6959
2.5871
2.6655
2.7640
2.4727
2.2639
2.1085
2.2574
2.1482
2.2588
2.4614
2.9251
2.6621
2.6422
3.0564
2.7431
2.8950
2.8065
2.6893
2.4483
2.5649
2.5156
2.5203
2.5605
2.4890
2.5569
2.8877
2.7665
2.6706
2.6144
2.5468
2.5238
2.1285
2.0727
2.2103
2.3298
2.2988
2.1158
2.0337
2.3293
2.0842
2.1214
2.1992
2.1650
2.2275
2.1414
1.9765
2.2199
2.3239
2.1352
2.1628
1.9992
2.4090
2.2957
2.3226
2.4139
2.3593
2.3452
2.2000
2.4147
2.7813
2.4922
2.4740
2.5206
2.5677
2.6479
2.7258
2.5799
2.7451
3.0600
2.7266
2.7240
2.7075
2.9342
2.4347
2.6327
2.8994
2.5611
2.7822
2.4917
2.6644
2.5805
2.5045
2.9623
2.7851
2.8245
2.5700
2.8055
2.8028
2.5903
2.8932
3.1681
3.1925
2.8507
2.8617
2.5935
2.7215
2.8038
2.7382
2.4138
2.7821
2.8593
2.6207
2.5514
2.6189
2.4945
2.5624
2.4975
2.6211
2.6112
2.5343
2.3439
1.9671
2.1537
2.1710
2.1911
2.1930
2.1403
2.1402
2.1632
2.1121
2.1708
2.2376
1.8556
2.3473
2.2562
2.4341
2.3948
2.4597
2.5439
2.5481
2.4505
2.5703
2.4132
2.2359
2.3446
2.4113
2.2329
2.1939
2.3780
2.5042
2.4263
2.5644
2.6941
2.5686
2.5058
2.6599
2.7391
2.4208
2.3007
2.2185
2.3396
2.3287
2.5532
2.2793
2.3357
2.3802
2.1506
2.4821
2.1844
2.4184
2.6104
2.5335
2.4316
2.4249
2.4158
2.4561
2.3482
2.4777
2.4810
2.4297
2.3851
2.3993
2.4126
2.3223
2.4660
2.3491
2.2523
2.2936
2.6703
2.8054
2.8235
2.6258
2.7428
2.7171
2.4938
2.7621
2.6131
2.5985
2.6392
2.7202
3.0179
2.6674
2.6705
2.6465
2.7621
2.8051
2.5887
2.5610
2.8637
2.6857
2.6806
2.7150
2.6824
2.6564
2.3917
2.3491
2.4553
2.5360
2.7043
2.4664
2.4787
2.5675
2.6553
2.7051
2.7707
2.6849
2.8072
2.8592
3.0462
2.7800
3.0782
3.2502
2.8643
3.1110
3.0851
2.8605
2.9559
2.8943
3.2386
3.2644
3.2857
3.1434
3.4740
3.0031
2.8590
2.6681
2.5649
2.8365
2.5475
2.9958
2.8266
2.6823
3.0645
2.8869
2.7515
2.6873
2.8799
3.0190
2.8765
2.9995
2.8703
2.6786
2.8788
2.9442
3.0058
2.9043
2.6384
2.6186
2.5057
2.7135
2.8545
2.6194
2.4036
2.6536
2.4873
2.2509
2.1367
2.3211
2.6633
2.6326
2.6867
2.3985
2.6906
2.3544
2.5168
2.7949
2.7981
2.6478
2.9339
2.6988
2.6403
2.7612
2.8237
2.8108
2.3936
2.5771
2.4994
2.7783
2.7218
2.7953
2.6357
2.6580
2.7666
2.9225
3.3870
3.3453
2.8655
2.8915
2.8508
2.5534
2.6421
2.6522
2.4805
2.6818
2.6498
2.7705
2.8200
2.6680
2.4263
2.3767
2.5045
2.4542
2.3637
2.3460
2.4694
2.4752
2.5781
2.8468
2.5645
2.3737
2.3771
2.4424
2.5095
2.6402
2.5834
2.5256
2.7002
2.7457
2.7444
3.0402
2.6381
2.8216
2.6068
2.8838
2.7662
2.8434
2.7266
2.8138
2.8025
2.6584
2.6907
2.5599
2.5810
2.6888
2.6366
2.6977
2.8615
2.6272
2.6007
2.3674
2.4679
2.5786
2.7387
2.4941
2.4682
2.6453
2.5468
2.5790
2.6415
2.4302
2.4891
2.4840
2.6088
2.5197
2.7238
2.6043
2.5847
2.2444
2.1472
2.4034
2.3969
2.4946
2.2414
2.4840
2.2340
2.2245
2.2016
2.0452
2.1058
2.0291
2.4561
2.6539
2.3992
2.1736
2.3265
2.4271
2.6027
2.7824
2.6228
2.6330
2.8249
3.0712
3.1139
3.0364
3.1819
3.0189
3.1949
2.9295
3.0726
2.6998
2.9047
2.7214
2.6842
2.8033
2.6989
2.5578
2.8327
2.8080
2.8317
2.7870
2.8776
3.0684
2.7437
2.8281
2.6762
2.6078
2.6172
2.6744
2.5880
2.3999
2.5259
2.4957
2.6246
2.4017
2.5674
2.5967
2.4976
2.6020
2.6022
2.5762
2.5087
2.4326
2.5691
2.4995
2.2166
2.6147
2.4720
2.4287
2.4356
2.5749
2.9147
2.6861
2.7693
2.9741
2.9546
2.8926
2.8698
2.8927
2.6408
2.9376
2.7560
2.6386
2.9465
2.7142
2.5910
2.6880
2.8692
2.7428
3.0452
2.6531
2.7974
2.6788
2.6544
2.6675
3.1359
2.7072
2.9606
2.9217
2.8034
2.7599
2.9632
2.9743
2.7995
2.9351
2.8017
2.7119
3.0325
3.0304
3.2371
3.3110
2.9651
3.1717
3.2018
3.3082
2.9803
3.0397
2.7730
3.0230
2.7462
2.9969
2.7906
2.9114
2.7683
2.5304
2.6980
2.7533
2.7344
3.0202
2.7062
2.8893
2.8826
2.8912
2.7479
3.0902
2.6274
2.9850
2.9615
2.9720
3.1597
3.1260
3.5170
3.1841
3.1733
3.3449
3.2603
3.0941
3.2698
3.4368
3.1290
2.9873
3.2730
3.2572
2.9494
3.0125
3.0105
3.0095
3.1179
2.9566
2.8088
3.0508
3.1728
3.2484
2.9231
2.8473
3.3908
3.2956
3.0276
3.1827
3.1792
3.5709
3.2785
3.4072
3.5468
3.4792
3.1629
3.1155
3.1837
2.9426
2.9565
2.8767
3.2362
3.3254
3.3254
3.0476
3.0491
3.1339
2.8633
2.8314
2.9933
2.8616
2.8279
2.8093
2.7906
3.0875
3.2784
3.3711
3.6237
3.3748
3.1798
3.2722
3.2330
3.1953
3.2294
3.1929
3.2757
3.2566
3.1200
2.8422
3.0399
2.7969
