45.4665
46.8964
46.8788
45.5288
47.2648
47.4148
47.8737
47.8093
47.8571
46.3400
46.9188
47.0446
47.9862
46.6337
46.8134
47.2847
47.5433
46.9570
47.8823
48.5621
47.9631
48.3625
46.4080
45.7531
45.7229
44.4410
46.5437
46.5841
47.9107
46.6571
45.0050
44.0911
46.4794
48.0719
46.3028
46.1792
46.9587
47.7021
48.2431
47.0945
46.6083
47.6570
48.5989
46.9037
47.5187
48.4773
47.2333
48.2981
47.2930
47.2360
46.8036
46.4478
46.9911
46.3272
47.9202
47.6113
47.6415
46.1471
48.8615
48.8256
50.3202
51.0850
50.6904
51.6047
49.9280
51.8551
52.5033
53.1653
53.6775
51.9523
53.7918
54.5789
52.0829
51.7013
50.5821
50.8964
50.2386
51.7557
50.1392
50.6499
51.5149
51.4531
52.4080
50.9860
51.1944
51.1461
52.7715
51.2381
51.0689
50.8067
50.8172
51.1164
51.6520
51.2379
52.0958
52.0887
50.0900
49.5971
49.3484
49.2465
48.7436
49.6855
51.2805
49.5674
49.8202
50.6661
51.5106
48.5720
49.6392
49.6182
50.0814
51.7383
52.2902
51.6038
49.7811
49.6866
48.6642
46.9557
47.9191
48.9832
49.4180
49.6136
49.2487
48.6126
49.2173
48.1277
47.8607
46.4711
46.3434
43.8051
43.7739
45.2324
46.5619
44.1272
44.5401
45.5319
44.7909
45.3693
44.9451
44.9546
46.0787
46.1096
45.7770
46.2801
46.2176
45.0008
45.1611
44.7238
45.7447
45.8254
45.8185
46.1333
46.7614
47.1762
46.6329
46.8489
46.7523
47.0472
47.1687
46.7084
47.8229
46.8734
47.8007
47.4249
47.7086
46.9774
46.2821
45.6981
44.3792
45.6362
45.6005
45.5094
45.7039
44.9601
46.5860
46.8992
45.8221
45.8688
45.5597
45.9053
47.2714
47.2086
46.2664
46.5943
46.0509
44.9267
44.9576
45.7711
46.5984
45.4904
46.2942
45.9267
44.8953
47.3287
46.2464
45.2174
44.9809
44.7011
43.5583
42.7699
42.4699
42.9242
43.4872
43.1108
43.0858
42.9928
43.5341
43.6965
42.5028
42.7663
43.3187
42.9650
42.9739
43.6371
43.8635
45.0490
43.2850
44.3528
44.2680
44.6995
43.6389
44.7787
45.7128
44.8716
44.5710
44.4152
45.5478
45.1798
44.7856
44.4022
44.4322
45.4652
46.0404
44.2183
44.7551
44.6285
45.3600
42.7687
44.9342
42.8369
42.5358
41.1351
41.1591
41.8837
42.2881
42.2991
42.8012
42.5063
40.8141
41.2858
42.8087
43.9903
43.9619
45.9615
45.3307
44.8544
46.4720
45.2721
46.7454
48.4542
47.9893
47.5329
48.2716
48.7950
46.6726
47.6164
47.5990
48.9362
49.3599
49.1728
50.4269
49.8657
48.8931
48.8915
48.9459
50.2374
50.0783
52.4647
51.6778
49.3294
49.9154
47.0625
48.9312
48.6197
49.9538
48.1458
49.6384
49.7801
47.3913
48.4952
50.0754
50.6295
50.6744
50.8066
51.5786
51.1243
52.4737
50.3902
52.0854
50.2439
50.0515
48.9926
49.6227
49.0851
49.0113
49.9118
50.3060
49.9684
50.0717
50.7181
52.1903
50.7509
50.2836
50.9770
52.4780
53.1054
52.4084
51.5738
54.7606
52.9792
53.3559
54.6126
53.3774
53.4845
52.5654
54.1821
53.9548
54.3031
55.0692
55.4770
54.1561
55.5079
54.2711
54.5816
53.5454
53.8706
56.2862
55.3941
55.2636
56.4789
57.3920
56.7901
57.1043
57.8834
55.9136
55.6452
55.2026
55.7575
55.6815
54.1081
55.5922
54.9632
56.1611
56.1629
54.4950
54.4203
54.0951
55.0038
55.0440
55.3027
55.3029
55.3134
56.7876
56.2685
55.8744
56.6953
55.4665
55.5581
55.7716
55.5458
56.8863
57.4604
58.7040
58.0741
58.8822
59.5484
59.7366
58.8087
58.1497
57.8145
58.5474
59.3245
59.2285
58.6045
59.8002
58.6128
58.9973
60.3524
60.9198
60.0328
59.4353
59.7348
59.5438
60.5163
59.6240
61.1296
63.1161
61.5369
59.0104
58.7608
59.8179
59.4417
59.3893
60.2926
60.5377
59.5074
60.6927
61.9391
61.0048
60.4814
58.8977
59.7247
62.5760
62.2659
62.7210
61.3435
61.1415
61.5025
60.6865
60.3105
59.8419
59.6062
60.2703
59.7003
59.2767
58.7220
58.2013
59.1983
58.7972
60.8096
59.5383
60.2767
59.3268
58.9192
58.2207
58.8516
59.3851
59.7241
58.7057
58.6072
59.9076
61.2368
58.6439
58.8547
60.4763
57.7514
56.8097
58.2797
59.0572
57.0564
57.7604
57.2802
58.4120
58.1909
57.7419
57.1354
57.0823
56.9324
56.5955
56.6588
54.7976
54.0663
55.2773
55.8158
55.8093
53.8365
55.9757
55.2688
56.2716
54.7081
55.1900
55.1156
56.7062
54.7468
56.8928
57.4213
57.3481
57.1061
58.9139
57.5222
58.5490
58.8947
58.2863
58.5972
57.5844
58.7970
58.5116
54.2464
55.3196
56.4181
55.6662
55.3315
55.3293
54.5900
57.0517
55.5287
54.7131
55.3223
55.4784
55.4128
54.0079
53.0852
52.7311
54.1021
53.6864
53.2196
55.3943
56.9808
55.4713
54.8753
52.7234
52.7311
54.3555
56.0407
55.1865
55.8561
57.4196
57.2121
57.3423
57.6711
57.0976
58.2913
58.3216
58.7645
58.7057
57.6647
57.3824
57.8590
57.9771
55.3909
56.3231
55.9538
57.5754
58.0670
58.0242
59.6785
59.6833
58.4526
57.8314
57.8514
57.5366
58.0446
58.4330
57.6555
58.1260
57.9739
58.8974
58.8492
59.1641
58.9341
59.2861
59.6786
60.0282
58.8569
58.1001
59.5900
57.8359
58.4274
58.1914
57.8437
58.5362
58.2701
58.4186
57.4261
57.1691
59.6043
58.0438
56.9191
56.9713
56.6706
57.5613
57.3733
58.2423
57.8929
56.9601
56.1076
55.5031
56.7106
55.2965
55.3804
57.0778
58.2290
58.4032
57.8246
58.5804
58.4213
58.8269
57.8006
56.1896
56.9931
58.8606
59.3247
58.0583
58.2149
57.6215
57.8388
59.4575
58.9924
59.1609
59.3827
57.4698
59.9605
59.1353
60.2084
59.7893
60.5635
61.4409
62.3999
63.4467
61.8517
60.6813
62.9463
63.2569
61.7474
61.2435
62.5607
62.9245
62.4776
62.8646
61.1608
62.1108
63.1115
62.5908
63.8164
64.5259
63.5934
62.6228
65.6628
63.0491
62.2831
61.1546
63.1374
64.3021
63.2520
63.0635
60.9029
62.8297
63.2770
64.6399
63.2893
62.9848
64.3757
64.8787
63.9014
64.7698
63.7783
63.3274
61.9028
60.1188
62.7343
61.6130
61.1566
59.7316
59.5517
59.0901
58.4016
58.7988
59.9026
58.6948
58.2365
59.3117
58.6320
60.7725
59.5523
59.6649
59.8454
60.6922
60.0209
61.3574
60.9018
61.7294
64.1198
62.0655
61.8450
62.5348
62.6745
61.1508
62.5360
60.5850
62.2247
62.3183
61.1697
62.8662
63.6527
63.0119
62.5073
61.7669
62.4244
62.7387
62.0244
61.9837
61.8289
62.6396
61.6614
59.1315
59.5568
59.6962
60.4817
59.6567
60.4703
59.2056
60.1624
59.9829
61.5707
60.0669
60.3620
59.8368
59.9814
59.4035
59.1162
59.4566
60.2122
59.3755
59.9933
58.9958
60.2795
60.0551
59.0899
59.9562
59.9231
60.9296
59.3181
59.1361
60.0352
60.6584
59.9241
60.3869
61.6653
61.8258
61.3720
61.9644
62.3122
60.3959
62.5850
63.2009
62.2269
64.4229
63.3410
62.6892
62.4859
62.3988
63.4666
63.7576
63.7032
63.7619
65.0488
64.3414
64.3099
65.9910
65.6978
66.3405
66.3324
66.2208
65.5530
65.3909
64.4218
64.6415
65.1157
64.1975
64.3702
64.7557
64.6101
65.6513
65.4599
65.1979
65.0622
64.7905
64.6946
64.7240
63.1289
64.9671
62.6447
62.3081
63.4975
62.9161
62.6152
62.3991
64.6548
63.0825
63.7254
63.2901
64.0135
63.4495
64.0759
63.2958
62.6334
63.5440
63.1853
62.9408
63.1914
61.7662
63.0859
62.5352
61.9663
62.1915
62.9617
62.9384
62.0443
62.2450
62.7776
61.5374
61.5024
61.4663
60.6021
62.3822
64.3875
65.4328
64.5459
65.1757
64.0427
65.5029
64.8734
66.2048
65.6268
66.3658
66.4288
68.1156
67.5065
64.8221
64.2054
63.9943
64.8371
64.3749
64.5431
64.7826
65.3794
64.8629
65.9500
66.0848
63.9826
65.4459
63.8560
64.6594
65.5127
63.8066
66.4620
67.0362
66.8264
66.6656
65.2808
63.9822
64.2523
64.0729
63.8065
63.5313
63.9492
65.6081
65.3620
64.7929
64.1306
63.6353
63.9611
63.8619
63.1671
65.2359
65.1080
65.0950
64.2012
63.9852
64.6964
63.5505
62.8059
63.1989
63.6553
62.7803
63.9776
63.4174
63.3034
61.5648
60.8086
61.9441
60.7045
60.2237
61.0266
61.7553
60.5058
61.8402
60.6651
59.2061
59.2597
58.3618
59.8507
58.7532
59.6495
59.9672
59.4467
58.7806
58.2484
57.3566
56.5566
57.3601
56.7190
56.2349
56.0790
54.2002
54.8637
54.6188
54.2963
54.4352
54.6757
54.0003
53.7970
53.1824
54.1086
54.1843
53.4854
54.1662
53.3898
54.0710
52.8350
55.1589
53.7808
52.2567
52.6217
53.6017
53.9445
53.3458
52.9076
53.3247
53.4216
53.8997
55.4511
54.5623
55.0873
54.0534
52.8207
54.3933
54.0112
52.6330
53.7552
52.8738
52.1161
53.8390
53.1762
52.3219
52.9152
54.1050
55.1189
55.1363
53.3426
53.6328
54.4473
54.2085
55.8888
54.0095
53.3187
53.3043
53.2254
53.5485
54.0540
54.4186
52.6557
52.3401
52.1519
52.5500
53.9465
54.3885
54.6394
57.3411
56.2608
55.4935
54.7224
53.3018
52.8048
53.1562
52.4546
51.9057
51.4349
51.9779
52.2791
51.5611
51.2545
50.4961
50.2418
51.1719
52.6089
52.0950
50.1778
51.4500
51.6208
52.4538
53.4268
51.8749
51.9988
53.9499
53.8842
54.1200
54.5375
55.0738
53.6108
53.5575
53.4632
52.7494
53.6556
53.7458
55.2580
55.2564
55.0904
53.3503
52.1708
52.7338
53.4511
52.8863
51.3178
52.5332
52.4086
53.4214
53.5671
53.0944
53.5707
52.7704
51.9248
51.7185
51.6019
53.5092
52.2144
50.9890
52.2026
53.0578
51.9280
51.0642
52.0567
53.8878
52.4066
51.5102
51.3594
51.9881
51.0591
50.2975
50.5087
50.8306
51.0003
50.6389
49.7965
50.5728
50.6478
51.4592
52.2209
51.4756
50.3281
54.0007
51.7369
52.3395
51.3422
51.1117
51.1556
50.8762
51.2504
51.2440
51.5801
51.3959
53.0498
52.8080
52.9225
52.1103
52.5692
53.3684
52.8917
54.5928
51.8189
52.7597
51.7121
51.6001
51.7451
50.0652
50.8711
51.1882
50.5117
51.1987
51.9954
49.7857
48.2588
48.9262
49.6443
51.8607
52.4053
51.9030
54.9848
53.2972
52.5579
52.8759
53.1633
53.9965
52.4220
52.6181
51.4021
51.4442
51.3954
51.2837
52.5825
51.2270
50.3296
48.8063
49.5627
49.3579
50.8390
50.6935
51.5495
50.4350
51.6759
49.9691
49.5312
50.4756
50.2219
50.6724
50.7139
48.5892
47.6368
48.6751
48.7414
49.2391
47.7514
45.9751
47.6128
48.1093
48.2253
47.7494
47.7678
47.6973
50.1036
50.3942
48.6610
48.4162
49.7281
48.8334
47.8899
47.6040
47.5367
47.4369
46.5174
46.8539
47.1232
46.2652
46.4166
46.9027
47.9579
47.9820
46.5329
46.7765
47.8146
46.1454
45.7447
45.5456
44.9837
46.1018
45.5713
45.6452
44.2773
44.9783
45.6259
44.7207
45.2635
45.8753
44.6597
44.8856
46.0041
45.0575
45.9369
45.2653
45.7555
46.6788
45.1925
45.2566
46.9602
46.9810
47.3630
46.3936
46.4037
45.8882
46.0626
45.1528
47.2003
47.5814
49.2881
47.4653
47.3099
45.7655
46.5698
46.3125
45.9244
46.9764
49.6436
49.9082
47.9660
46.8690
47.6383
47.0132
46.6634
48.3250
46.4926
46.7918
46.0251
46.7914
47.2329
47.2656
48.0424
46.4636
48.0356
48.8425
47.8170
47.8345
48.6716
49.6172
48.3118
48.0588
47.0807
48.5212
48.1136
48.8338
47.3030
48.8432
48.4357
48.3079
48.5846
47.9961
48.3081
47.8065
49.0441
48.0369
48.2148
47.6908
48.1923
48.9824
47.5336
47.6536
49.0822
46.6488
48.0545
48.4980
49.2630
49.2809
48.7962
48.8092
47.8687
48.5021
49.2447
49.0720
47.8174
48.9722
48.9104
49.3628
50.7647
50.1634
48.4631
47.9929
47.7241
46.9103
48.4867
49.9342
47.0619
46.9705
46.5429
47.4020
49.0376
48.5391
48.0923
48.0614
48.7987
48.2809
49.0740
50.1173
48.9795
48.4033
48.2857
48.3800
47.1196
47.2988
47.1802
48.0268
47.7871
48.3014
48.7243
47.8328
49.0585
49.6830
49.0963
48.7384
50.3670
52.0070
50.4114
50.5049
49.0656
50.8432
50.6591
50.3318
51.2250
49.2285
49.3090
50.4455
49.1004
49.2913
49.3406
50.8076
49.7122
50.1004
49.7693
51.0960
51.9255
52.6126
51.3971
53.2392
51.6671
52.0625
52.4590
51.5808
52.5004
52.1669
51.3645
51.1531
52.6228
50.8885
50.6479
51.2125
50.8179
51.4349
51.5716
52.5902
52.5948
51.6618
53.3045
51.6246
50.8816
50.1412
50.5502
49.3313
50.4191
49.8638
49.0603
47.5335
50.6298
50.4722
50.7005
50.2300
49.8791
50.8749
52.2709
50.2711
50.0729
51.1179
49.5639
49.8084
49.8780
49.9323
49.4930
48.7465
48.2158
49.7887
48.4351
48.6027
48.4305
48.3535
47.6314
49.7804
49.4850
49.5051
49.7257
49.4657
48.7691
50.5981
51.2031
50.2410
50.1481
51.7963
51.3501
51.2492
50.0196
51.3982
51.7082
50.5316
50.2125
51.1402
49.7373
50.1286
50.3918
49.9339
49.1544
49.2598
49.0580
49.1247
48.9405
50.1200
49.3917
50.2312
49.5553
49.1644
49.1433
47.3248
47.5483
48.9542
50.2734
49.5234
49.6998
47.3184
47.2295
46.3236
46.8167
46.2039
45.4257
45.2921
44.6979
45.3819
45.5133
46.5681
45.3009
46.2302
46.7342
47.7707
46.6997
46.1872
48.2917
48.6727
46.8608
47.1685
47.7000
47.5290
47.7169
47.5091
48.7302
48.6040
48.6191
50.8231
51.5062
49.7319
49.1236
49.0351
49.4084
48.6265
48.5942
49.4579
49.1364
49.4711
50.1557
49.9489
48.6962
50.1084
50.7871
49.6906
49.8671
51.4003
50.2338
51.4853
49.8600
51.4066
51.7744
52.7517
51.0468
51.0109
51.1378
50.5579
50.8857
49.8651
49.8386
51.7302
51.8128
51.9702
52.9251
53.2830
53.6426
53.3128
52.7380
52.7879
52.9943
53.8142
54.3767
53.5330
51.5117
51.2830
51.8619
51.6069
51.7211
52.7794
52.5608
52.0260
51.5385
51.5013
51.4022
50.3932
50.6254
48.9005
49.6649
50.3166
50.7142
51.9433
52.4801
49.8253
51.0265
50.2333
50.9801
50.3417
50.8411
52.4322
53.4598
52.5619
52.0629
51.8799
51.5310
51.9310
52.2589
51.3775
52.1775
51.5183
50.9705
51.7369
50.1807
51.7283
52.6685
51.5701
51.3208
50.1349
50.1449
50.4602
51.5983
50.1050
49.1369
48.2127
47.9526
47.6768
49.5181
49.0097
49.0428
50.8879
51.0522
50.2361
49.3622
48.3915
49.6013
49.0814
47.8937
48.5433
48.6591
48.9423
47.5285
48.7642
49.3174
49.2000
50.1083
50.1697
49.8509
50.6279
49.9817
50.4990
52.4141
50.9718
51.2834
51.0424
51.2387
50.5264
49.3194
50.0957
49.2208
49.1558
49.0868
49.4892
49.1138
49.8928
48.2047
48.8712
49.9556
51.1583
49.9769
49.4400
49.6437
50.3436
50.6890
50.2321
49.8110
47.4207
48.0845
47.8927
49.5238
49.6821
50.7541
51.2581
50.8277
49.9063
49.6338
49.7219
49.9655
48.2596
48.4566
47.7885
48.3988
48.6134
47.9519
49.5507
47.9921
48.6993
49.2667
48.4118
47.8113
47.9819
48.8697
48.9901
48.7415
48.9393
49.7921
48.9402
49.0165
49.0465
49.0240
48.5675
48.4679
49.6680
49.0105
48.2077
47.8685
47.7814
48.2876
49.1726
49.9129
47.1684
47.6284
47.9590
48.2055
45.9006
45.6941
46.1453
46.3741
44.9833
47.4449
46.3132
45.6948
45.7952
44.6214
44.9577
44.7846
44.1173
46.1679
45.4945
44.7665
45.6406
45.7338
45.5706
46.8311
46.3965
47.1464
47.6056
47.5467
47.4363
48.0277
47.6171
45.7676
46.8312
48.2195
49.8212
49.8049
48.2503
47.6512
48.6733
49.1383
48.6028
47.7137
49.2894
48.6724
49.1576
49.3287
49.5269
50.7828
49.9996
49.7973
50.4027
48.7555
48.9019
49.3953
49.5677
50.0945
50.0941
49.9400
49.8731
50.3540
49.9634
47.6333
49.3980
49.7702
49.8158
49.6419
49.8595
50.9073
49.5658
49.6820
51.6768
51.4335
52.7025
51.6399
51.3938
50.8281
49.8600
49.2280
48.8798
50.8040
50.9776
49.0349
49.8537
48.3770
48.3068
48.5375
48.5284
49.2464
49.7714
48.4975
49.3826
47.6304
49.4972
48.6497
50.5098
50.0458
49.7370
50.5086
49.4842
48.8172
49.7463
50.2042
51.7183
51.6315
52.5852
51.7960
51.5538
51.9609
49.6583
50.9316
51.7602
52.8016
51.7093
51.5603
50.5992
50.5611
50.9524
51.0577
51.3449
51.1562
50.9090
50.7114
49.5931
50.6514
50.2900
49.2037
49.9672
47.9285
48.8291
49.7670
50.6608
49.2571
48.8098
48.4110
48.2953
48.3526
49.7596
49.1552
48.6818
47.5964
48.3241
47.9578
48.3854
48.4945
48.3517
47.7282
49.2763
49.6139
47.2927
47.3227
47.0660
45.3805
47.7377
45.7956
46.5003
46.0256
47.4165
46.0686
47.1725
47.7600
46.9623
46.3437
46.8080
47.1285
47.3007
49.3951
48.2217
48.5246
48.8174
47.9082
49.4753
49.4350
50.2616
50.6412
49.2107
50.9167
51.4195
51.4356
50.5676
50.8070
51.6387
50.1227
49.8305
49.9935
50.1091
50.2307
50.1493
52.1700
51.7787
52.3807
53.2801
52.2724
53.5235
53.1571
53.1593
52.9717
52.4864
52.2447
52.2384
51.0194
50.1180
49.7895
50.5003
50.1605
51.1187
50.8001
51.3273
50.6841
48.8527
50.1903
51.0325
50.2213
50.7523
49.3967
48.8662
48.9952
50.5721
50.5962
49.0852
49.8777
48.8484
50.4957
48.8344
49.0669
48.5570
48.8187
49.0742
48.9643
48.8824
47.8045
48.0493
49.2406
48.9888
47.9457
48.1324
48.3382
47.9662
49.0550
46.8042
46.1618
45.6397
47.0950
45.9550
46.3238
45.8910
46.2536
45.9265
47.3237
48.3487
47.8901
46.7232
46.7938
46.3750
45.6419
46.8549
47.2767
48.0727
47.6712
47.9027
47.3907
47.7482
48.4430
46.8404
47.3779
48.0906
46.1472
46.4814
47.2692
47.6044
47.7119
47.9434
46.9653
46.0052
47.0746
47.6826
46.7956
47.2449
47.6067
48.3692
48.3931
48.0090
47.9453
48.7671
48.3592
48.0404
48.4281
46.6978
47.9294
48.1386
48.8094
48.7547
47.6538
48.1742
47.7076
47.9534
49.3525
49.7637
49.4776
49.3887
48.2643
47.8658
47.8509
48.1482
47.8210
46.7022
47.6163
46.8260
47.2875
50.9420
49.8976
50.1081
49.7618
49.4433
47.5869
48.1778
47.4657
47.6886
47.6644
49.1148
49.4772
49.3717
49.3343
49.8784
48.4982
48.9504
49.8533
50.1785
50.6040
51.5376
50.2244
48.7409
48.0885
48.4698
48.8664
48.0547
49.5762
50.1044
50.0734
49.3946
49.8702
49.5034
49.7644
48.3622
49.1662
47.0269
48.7694
50.5712
47.9104
49.2797
48.2421
49.0584
48.6604
48.0613
47.6032
47.6248
48.1254
48.2492
48.0092
46.9186
46.1643
46.7346
46.8736
47.1195
47.5643
47.5032
46.4153
47.9664
48.1831
47.1519
47.7657
46.7471
46.9677
47.3319
46.2141
46.3932
46.7436
45.7524
44.6244
45.9963
45.6335
46.4932
45.7499
46.6590
45.8727
45.7930
44.9035
45.6800
46.2779
46.6871
46.4124
44.7860
45.2609
46.3625
45.3792
44.7437
46.3708
45.4128
45.8563
45.3790
44.8972
46.3388
46.5205
45.2205
45.6621
43.9262
44.8213
45.9327
46.8533
44.2203
45.6562
46.8124
47.7720
45.4428
46.8772
47.1287
45.8300
46.3199
46.9325
46.4616
47.5215
48.1440
47.7153
47.0993
46.4277
45.9371
47.1116
46.3367
45.5322
46.6933
47.3794
46.2711
45.5370
46.4835
46.2972
46.0605
44.9691
46.4602
45.7036
46.5127
45.6405
45.4381
47.3485
46.5788
45.6572
46.1899
47.5708
46.9817
46.1667
46.3176
47.3329
45.5823
44.0125
44.5350
44.4531
44.9972
45.2483
44.6125
45.1146
44.9232
45.6984
45.9460
46.3080
45.2457
45.6298
45.7547
45.0172
44.6101
44.2925
44.5957
44.4118
44.0464
44.4216
44.8361
44.4523
44.3471
43.8606
43.5630
44.2633
45.7906
45.1157
46.5956
45.2187
43.8693
44.0768
44.5527
45.4030
45.4022
46.1295
46.0589
46.3317
46.3941
45.7368
46.1799
44.4350
44.0381
43.7423
44.0497
42.0288
41.9646
44.4139
44.3677
44.0410
44.3622
43.5836
43.3934
42.5872
43.3821
43.2633
43.4406
43.7672
42.5421
42.5738
43.7688
44.7137
43.9570
43.8910
44.1868
42.7687
42.5997
43.2173
44.2916
42.1599
44.1963
43.1453
43.0438
44.2489
44.2509
43.5874
44.7310
44.6679
45.1984
47.0713
45.0629
47.0999
45.7239
45.9726
46.3659
45.8799
46.2965
46.3657
47.3008
46.6555
46.4119
46.7033
44.2647
42.6228
43.3147
44.0532
44.3671
43.6753
43.5878
44.3000
44.8248
44.4192
46.2008
44.7302
43.7564
44.1718
45.5394
45.2582
46.9658
45.9411
46.3107
46.0617
44.7763
45.8025
45.0844
44.4480
44.8100
44.6837
44.5227
44.5470
46.1309
46.7729
46.8194
46.6180
44.7173
44.7962
44.9918
46.5553
45.1250
45.4411
46.3497
45.6206
46.7583
47.2183
46.4597
46.5061
47.3266
47.0363
47.4084
47.5151
46.1949
47.2188
46.6038
47.0102
47.0486
48.6803
48.0932
48.8770
48.6806
48.5720
48.5372
48.4846
45.7798
46.8117
46.5239
45.2424
44.9755
46.8286
45.2821
46.8463
45.5164
46.3134
47.1539
47.6324
48.3288
48.3395
48.8512
48.7563
47.7470
46.6372
45.2781
45.3915
45.4815
46.4278
44.9786
45.4231
45.4921
46.8797
46.9058
45.8283
46.0967
46.7897
46.1721
46.9025
45.8957
46.6305
45.8890
46.3973
46.1882
45.2829
46.2838
46.3622
47.3430
48.7343
48.1135
47.4539
46.9597
46.4519
47.0274
46.9081
47.6568
46.5242
46.6004
46.9686
46.0414
44.7553
45.9025
46.1825
45.9586
45.1348
45.0438
45.9392
45.6817
46.9047
45.3573
47.1914
47.1435
45.8213
45.6288
46.8893
46.2045
47.1797
46.0250
46.1974
46.4362
47.8001
47.8868
49.0081
48.0462
48.6865
47.8750
48.6588
47.6106
48.8662
48.4124
49.0753
49.3954
49.4229
51.1877
49.8845
49.8139
48.8693
48.1676
48.2443
47.4014
48.6289
48.1254
48.1769
48.3212
48.0928
48.0203
47.2248
46.7355
47.1918
46.9950
48.3505
47.6839
46.8970
47.0709
45.9863
46.7814
46.5689
46.2876
46.3151
47.5635
46.6365
46.3577
45.4211
46.3386
45.2416
45.3832
46.5251
46.2860
47.9806
47.0731
47.1068
45.0166
46.3386
46.0657
44.6612
44.1672
44.7042
45.4514
45.9886
45.0733
45.3474
45.9413
46.8976
48.7455
47.7115
46.4177
46.3943
45.9060
46.1049
44.7915
45.3568
47.5901
44.2544
45.3003
45.2336
45.3626
45.5276
44.1111
45.4842
45.2721
45.9571
46.1258
45.9265
45.5772
46.5018
44.6329
44.6824
43.8568
43.7757
44.3899
44.7583
44.0868
44.7369
43.5126
44.2719
43.9139
46.4615
45.7246
46.1405
45.3952
45.3349
46.6942
47.5083
47.7100
46.9185
47.4392
46.7297
47.0086
48.4007
47.6620
46.9206
46.4671
47.2270
45.9268
46.0596
45.5410
45.9996
47.2716
46.3218
47.1655
49.4346
48.4088
47.4759
47.0107
47.1766
46.0408
45.3647
45.4990
45.6216
46.0469
45.3736
45.6882
45.7548
43.9333
44.4781
45.0147
44.7729
44.4635
45.7671
45.4184
43.3114
44.4143
44.2356
43.7682
44.4745
45.5733
46.6276
48.1548
47.3372
46.3508
46.7785
47.5707
47.4808
48.4558
48.2276
47.4046
47.4349
47.0274
49.5642
48.6712
47.0345
48.4487
48.7236
47.9680
47.0965
47.9356
47.2537
48.2266
48.5843
48.1447
46.7355
46.9200
47.8654
48.2181
47.6264
48.1785
48.3233
47.6514
48.3057
46.7107
47.5353
47.7210
47.4122
47.9778
48.4178
49.3784
48.7833
48.3010
48.2227
48.8907
49.0643
49.8742
50.3304
50.7035
49.4510
49.4895
49.3023
49.4998
49.0963
49.1942
49.6058
49.3287
48.1541
47.1555
48.0349
45.2451
45.7989
46.5291
46.2703
44.4046
45.6305
46.0695
46.2484
44.9781
43.6291
46.0361
45.5476
45.4416
44.8986
45.7441
45.0006
46.1526
46.9341
46.1643
47.1124
46.1463
47.3241
48.0852
47.8263
48.0662
48.5581
48.3089
47.5538
47.8989
49.4447
48.4482
49.1569
49.5734
48.8048
48.2304
48.8552
49.5231
49.4062
47.1019
48.1884
49.2657
47.4797
49.0167
48.8018
49.2438
50.4522
49.9623
51.9079
51.3258
52.4829
50.9792
50.0593
49.0083
49.8528
49.9518
50.7234
48.0951
48.2610
48.6269
48.2293
47.4462
47.2256
47.8474
48.8154
46.8639
47.8473
47.6276
47.5257
46.6382
47.1609
46.7296
46.4570
46.4704
46.5944
47.8055
46.5295
46.5797
46.3880
46.1730
45.6380
45.0449
44.9304
46.1048
46.5590
45.6944
45.5988
45.1114
44.4992
43.4620
45.1564
44.9647
42.7832
43.8976
43.3516
43.5409
42.4793
44.1739
43.4028
41.9499
42.8091
43.1136
42.2420
41.7733
43.4054
43.9364
42.6510
43.3976
42.6657
42.2199
43.0826
42.3124
43.2636
43.7515
44.2986
44.2129
43.9733
44.0232
44.1617
43.6876
44.3998
44.0551
44.9180
46.0960
45.8095
45.3606
45.2941
44.2692
44.7526
45.0944
44.8760
42.8454
43.1836
44.1093
44.6060
42.2780
43.8529
42.5640
41.8515
42.7606
41.5973
41.7130
41.7598
42.7372
40.7735
40.5440
41.2522
41.7199
41.8039
42.3867
40.9651
41.6289
42.5152
42.0563
41.2933
40.6907
40.7405
41.2979
41.5112
42.9513
42.6999
42.4151
42.4528
42.2971
41.8820
42.9471
42.4754
42.9021
42.8566
43.1113
42.3068
43.8735
42.0715
42.6902
42.8644
41.9184
42.5345
41.2785
41.1792
41.0461
40.6473
41.1044
40.8406
39.8730
39.2506
39.5746
39.8424
40.1025
41.3186
42.6493
41.2890
42.5511
42.3296
41.0770
42.2907
41.6166
40.9737
41.6435
41.7133
41.7121
41.6736
41.8110
41.9302
41.2157
41.6248
42.3781
41.7476
41.9788
42.7329
43.4381
43.7279
43.8632
42.1195
43.7768
41.7218
41.0047
42.3431
41.8857
42.6463
41.9552
42.1407
42.0224
42.3949
43.3755
43.7948
42.6962
42.4763
41.8578
41.6005
43.7499
42.4108
42.8016
43.3187
44.0027
42.7578
42.7965
44.2433
44.1126
42.9059
42.9782
45.3123
44.8019
45.4014
43.4909
44.5783
44.6000
45.5229
42.8409
44.0189
43.8606
44.3604
44.6471
44.8605
45.0894
44.9770
46.0799
46.0430
44.8863
44.7119
45.4337
43.9312
45.4642
44.1750
44.0802
45.0300
46.5701
45.8465
45.3748
44.4993
45.3859
45.6300
44.5779
44.8288
44.0168
43.4328
43.9246
43.9866
44.8097
44.4648
44.0721
42.9655
44.5036
44.0602
45.0181
43.5230
43.2768
44.3170
44.4830
44.0725
44.4412
44.2526
45.3746
44.7373
45.1164
44.9128
44.7242
44.1032
44.3629
43.9767
44.5875
42.7739
44.0625
43.8304
44.4252
44.2725
44.4854
44.7001
43.6168
44.3526
43.8681
44.2875
43.9389
43.8231
44.1426
45.1240
44.9013
44.9216
44.9947
44.6603
44.5690
44.9811
45.9474
46.3462
45.2603
45.5616
44.2836
44.1969
43.8081
45.4005
44.7136
44.4742
44.5701
44.0383
45.9358
43.8567
44.4518
45.6326
45.2728
46.3994
46.5251
45.7503
45.1873
44.4372
43.6785
44.3064
42.1645
42.7329
43.4589
42.4921
42.5578
40.9590
43.0673
44.0346
42.0015
44.9743
45.8556
44.9756
45.3906
45.2055
45.9885
46.4714
45.5524
45.1630
46.5409
46.6296
47.1097
46.3199
44.9593
45.1301
45.2535
44.3134
45.3136
44.3982
43.2959
43.0121
44.5211
44.1454
43.9589
43.2407
45.4999
45.1756
43.9755
44.3665
44.2001
43.3939
43.2886
44.7615
45.0907
47.0576
46.4862
45.8556
44.5368
43.6106
43.5939
44.6989
46.1830
46.8920
43.9582
46.5951
46.9977
45.6463
46.5721
46.3179
45.1280
43.2558
44.4859
45.2329
45.5982
45.3269
44.3156
45.6201
45.4730
45.6086
45.5914
44.3435
45.0466
44.8711
45.6002
45.8700
45.9910
46.9165
47.4911
46.2187
46.7844
45.9316
44.5767
45.6446
44.7157
46.2828
46.6040
45.8625
46.9817
46.7019
46.5451
46.0454
44.4317
46.5893
46.0793
45.3999
45.5523
46.5761
46.2800
45.7854
46.3458
47.7368
48.7684
48.7859
48.8319
49.0174
48.4551
48.9176
50.2438
50.4681
50.4155
52.2578
50.5800
50.4152
48.6966
49.6383
49.3739
49.3947
48.9852
49.2162
47.1362
49.0704
49.7699
49.0538
48.6808
46.8712
47.0181
47.9035
47.4094
47.4291
47.0263
47.7920
46.9475
47.9227
48.6206
49.1324
49.0558
48.1520
48.5804
46.9181
47.7942
48.6455
47.6810
47.3622
48.0294
48.9550
49.0652
47.7367
49.5545
49.9330
48.4311
49.7952
50.6572
50.0309
48.9228
50.8832
50.4932
50.0241
49.0460
50.6581
50.2183
50.7807
50.1130
50.0417
51.5364
51.0837
49.4224
49.7499
50.4906
49.8271
51.1543
51.5985
50.1894
49.6981
50.6943
49.6841
48.2458
49.5928
51.6879
52.0096
50.5029
51.0657
49.9727
51.3557
51.9190
52.6884
54.2632
53.5581
53.8435
55.1720
55.1897
54.2821
53.5429
54.2784
53.6880
50.9893
50.8193
51.6332
52.2408
52.7778
51.7450
52.3629
51.2226
50.4239
50.3074
49.3215
48.8147
46.7080
48.4392
49.9798
49.9931
50.4178
50.4004
50.2709
49.7931
49.6551
50.4903
51.8290
51.4728
52.2368
52.6261
53.3522
52.6116
52.1435
51.5473
52.5820
52.4299
53.5433
54.4174
55.3381
54.2243
54.6702
54.7103
52.4978
52.0829
53.1869
54.6589
53.8729
52.8502
52.8564
54.1686
54.5854
53.1573
53.0122
54.0243
52.7052
52.5995
53.5433
53.2274
53.3100
53.6258
53.6105
53.2772
52.6222
52.7966
53.7935
52.8696
50.8200
51.0584
50.7911
51.6129
51.9399
50.8729
50.5702
50.9538
51.3671
53.2225
52.1359
52.0742
52.2659
52.4867
53.6034
54.5275
54.8031
53.4447
54.7054
55.2404
55.2227
54.7068
52.9919
53.2526
54.3462
53.7138
53.4440
52.9420
53.1686
52.1371
53.0530
54.5639
53.3361
55.4053
56.3305
55.0304
55.6851
55.0840
54.6820
56.3800
57.0176
56.2237
56.5235
56.7953
55.2969
55.0470
54.5805
55.3217
54.8043
55.8810
55.3179
55.9925
55.5418
55.2100
53.7579
54.8482
56.6900
55.9056
54.8651
55.4855
56.1778
56.8140
54.4845
55.6218
56.2211
55.4548
55.3895
54.3851
55.5526
54.6212
56.2462
55.2685
55.2475
54.3536
53.8454
53.5786
52.2348
52.7627
51.2358
51.2427
51.3769
51.6802
52.1583
52.0288
52.3718
53.0388
52.5549
53.8517
54.0492
54.6034
54.7038
55.9390
55.1406
55.6411
55.2416
55.8757
55.8669
54.9050
55.4836
55.9483
56.3687
53.9570
54.4130
53.5052
53.7345
54.6078
54.2452
55.0333
52.0158
52.6820
51.0925
52.4507
51.2391
51.8376
53.1327
52.8788
51.8300
52.4274
53.6792
54.4275
54.1714
52.7882
53.2415
53.0085
52.7918
51.7990
53.0119
51.7706
53.4882
52.8999
53.6601
54.3472
54.0393
54.2822
53.7079
54.2798
55.2453
55.2047
53.5746
54.2553
55.0049
55.1153
55.1922
55.9610
55.0268
56.6162
58.8647
57.9998
58.4088
57.7180
57.9553
58.4158
57.6909
55.9174
56.3742
56.1059
57.1197
57.0533
56.2121
56.4521
55.8454
54.9203
54.6731
55.7557
54.7141
54.9457
55.7824
56.0380
56.2352
56.3816
57.1140
54.0250
54.9653
53.0424
52.8935
53.9246
55.2870
55.0572
55.7693
56.1559
55.2624
55.4646
54.9832
54.8783
55.4750
56.3662
56.1661
56.0575
55.0147
55.6626
53.5285
55.1306
56.8028
54.7026
54.7091
53.5987
53.6861
55.4833
55.3441
55.0880
54.6534
54.5724
53.8173
53.2513
53.7684
54.5496
55.1473
55.9104
54.0645
52.7359
53.1584
54.1553
52.6807
52.9119
52.8756
53.1835
52.5784
52.2934
53.8278
55.0934
55.5604
52.6461
52.6896
54.5679
53.9177
54.0085
54.8264
52.5398
52.8386
54.4261
54.1622
54.0588
53.5475
53.7290
54.2822
54.0532
55.0694
56.0756
56.6586
56.8779
57.4464
58.3152
57.8654
57.2441
56.6710
56.4423
55.1992
56.1157
57.3104
57.8075
56.6653
57.2756
56.7518
57.2032
58.0005
56.5503
56.8614
55.2815
56.0729
56.2691
56.3351
55.6596
55.9118
56.2347
56.6961
55.5680
52.7443
53.4778
54.6732
56.0778
54.1770
55.2394
57.5778
56.5473
56.1914
56.3163
54.5518
55.2046
55.1142
54.8106
56.3577
58.6009
57.5588
56.9297
56.6405
55.5808
55.1089
53.9936
54.1189
55.9208
55.0315
55.7852
55.4449
56.4680
57.9031
57.6994
57.1809
57.7842
56.5585
56.9603
56.5291
56.0198
57.4019
57.8429
57.8596
57.2419
59.4962
58.9382
59.6257
58.4158
57.4907
57.1762
59.1489
56.7675
58.0154
58.9664
58.3934
57.3977
56.2076
57.1846
56.5457
56.2783
55.6376
56.5596
57.2687
58.9321
59.8652
58.4960
57.7477
58.2674
57.9783
57.9303
57.0902
57.5704
58.4875
58.8471
58.0768
57.2032
56.7854
56.8668
57.3363
56.0249
56.0262
56.6035
57.1154
56.5668
56.9567
56.4201
56.6196
55.8862
56.0300
57.8234
56.8653
57.5252
56.6177
55.9505
55.0980
53.9974
55.6942
57.2151
57.0820
55.5742
55.3125
55.6874
56.9434
56.2716
55.7402
55.5202
54.4520
56.3868
55.0446
55.1325
54.5907
56.1952
55.7375
56.1489
55.5592
55.8434
57.6612
56.6636
58.7376
57.6461
59.0953
58.2876
56.7356
58.4927
56.1490
56.3671
55.2447
56.3458
57.2617
56.9139
56.6156
56.0406
55.9193
56.2488
54.6850
54.3592
56.4134
56.5223
55.0559
55.3384
55.8894
55.1481
55.7862
54.4287
55.0272
55.1769
56.1861
54.0399
55.1666
53.1050
52.8870
52.2176
53.5602
54.3534
54.9931
54.7650
54.4609
55.2942
54.6909
55.2736
56.2569
56.2731
55.8941
56.6422
55.5893
57.0409
55.9887
54.7065
54.9543
54.4035
54.3633
54.2941
54.9829
54.6351
54.5604
54.7105
52.6478
53.3452
53.6580
54.0692
54.6329
55.2832
55.7412
55.6698
55.0426
55.9042
57.0418
58.0175
57.3288
58.5551
58.1327
58.8608
56.9944
57.5069
57.4021
54.8685
55.7471
55.5845
56.5824
54.1398
54.1593
54.4136
56.2832
56.7099
55.2357
56.0631
57.7527
57.9745
57.5869
56.9998
56.1818
58.0524
56.7116
57.4530
55.6937
56.0985
55.5214
54.7660
55.4395
56.4714
55.3369
56.3710
55.5309
54.2452
53.8751
53.3922
53.6006
53.5621
53.6929
54.2881
54.3557
53.7071
52.2418
53.8278
53.2473
56.3124
54.5673
55.3194
54.5109
54.1989
55.9455
55.0173
55.2639
55.7880
57.0383
57.1090
56.0573
57.1253
56.3025
56.4306
54.9689
55.8980
55.9212
54.8335
54.4259
55.9092
53.8084
54.7497
54.3267
53.7238
54.5768
55.0754
54.6956
55.0166
54.4723
55.6243
55.0530
54.8481
54.3159
56.4312
55.6293
55.5668
55.1316
54.4099
52.8310
53.6277
54.7818
52.2951
54.3513
54.2850
53.7328
54.8516
54.4863
53.8457
52.8230
54.4378
54.8175
56.6669
55.5627
55.2334
54.4987
55.0648
55.0558
55.1047
53.2311
53.0558
53.9628
54.1385
52.3330
52.8522
51.9811
52.5281
52.1123
51.3906
51.8105
51.8317
51.3647
50.6272
51.1239
49.4676
49.9087
50.1801
49.4848
51.4340
50.7388
51.5041
51.2990
51.2793
51.4427
51.7602
50.9154
51.5641
50.9531
50.8222
50.5633
49.3773
51.1538
50.4135
50.4028
49.3794
50.2481
50.1928
50.7362
51.0671
50.9582
49.7190
50.7518
51.6398
51.9063
52.2274
52.3471
51.9664
50.2430
50.8643
49.2515
50.5149
49.4401
50.1167
51.1044
50.4981
49.8418
50.8028
50.9819
50.9036
50.9879
51.1190
53.0351
52.2266
51.7835
51.4540
49.3770
49.2110
50.4247
48.8687
49.4224
48.0232
47.8619
49.5460
48.9988
50.0724
49.0396
48.7700
47.8377
49.2915
49.1998
48.3219
47.4280
47.4243
47.7976
45.9186
47.9978
47.4838
49.3799
48.7160
47.0918
47.6901
46.8653
48.2626
47.3624
47.7109
48.1571
50.4222
50.8451
50.4409
50.3024
50.4525
51.6003
50.7989
52.3947
52.7344
51.6270
52.1845
51.5487
52.7638
52.2976
51.2454
50.6787
51.3020
51.3790
51.6070
51.3072
52.0742
52.2406
52.8083
53.7763
52.5167
51.6943
51.4636
50.5694
51.1542
51.3828
51.5886
50.3431
50.2162
47.9727
49.9981
48.0778
47.2118
48.6105
48.4075
47.8097
48.1787
48.5836
49.3692
49.7242
49.3528
49.7637
50.0309
50.8939
49.0842
50.9691
50.2468
49.9529
50.8929
49.5689
48.6062
49.0083
50.3876
49.7930
49.7847
50.1254
49.7890
50.1780
50.5344
50.1518
52.3343
51.5696
52.6263
52.4480
53.8051
53.0312
53.8427
53.4334
54.2516
54.6286
55.8531
55.6429
56.1294
56.1973
55.4168
54.4531
55.1260
55.8804
55.7411
55.8498
55.3620
55.9056
57.0515
56.8485
56.5622
56.9634
56.2085
56.8352
55.5841
55.5357
55.6785
55.6536
55.7091
55.1687
55.6844
55.2369
55.9221
54.8243
55.2197
54.9075
54.7961
53.8052
54.6259
54.0961
53.9437
53.3123
52.7323
54.2446
54.5035
53.7336
53.2267
54.2878
54.6240
54.5116
55.6978
55.5747
55.5797
55.6491
55.9291
55.3827
54.0808
53.2486
53.1385
53.7507
54.9053
53.9805
54.8112
53.6434
53.1779
52.2857
53.3726
53.4741
53.7073
54.2915
54.1064
54.8885
55.4966
54.3908
53.2085
55.2376
53.8333
54.3276
54.8756
54.0889
54.2294
55.6832
56.1517
55.5881
55.9582
56.6891
56.5394
56.0977
55.5233
56.7720
55.5006
56.7341
56.5798
55.2501
55.9761
55.6906
56.7854
55.8061
54.1282
54.7332
54.4957
53.8726
54.1885
54.0802
54.2491
54.8025
54.3473
54.3608
54.0947
53.6640
53.7643
56.1484
55.0353
55.8916
54.1981
52.6293
54.3153
56.4321
55.0493
55.8730
55.8216
56.0240
57.4392
55.0855
54.3671
53.1945
53.5852
51.5088
51.3779
51.1308
50.9766
50.6622
50.3815
52.6005
53.2608
53.2990
53.8700
53.7017
54.6761
54.2273
54.0356
53.8687
53.6323
53.9437
55.8022
56.2210
55.6705
54.7723
55.4869
54.3632
55.7442
56.7516
57.0778
56.8463
55.3960
57.0314
55.4992
54.9183
55.5182
55.6102
54.0784
54.7457
56.3720
56.7855
57.1503
55.2749
56.1148
56.9995
55.9985
56.8969
58.5396
58.0287
57.3299
57.3972
59.1303
57.2083
58.2120
59.4172
59.3270
58.4577
59.1585
60.0463
60.7045
61.1396
59.1658
60.0976
60.0393
61.0510
59.8844
60.1650
60.4528
59.3391
60.7832
59.6702
58.8721
59.7314
62.9927
62.7686
62.9342
62.5909
63.8641
64.0810
62.7076
62.0397
62.7493
62.8724
62.6047
62.5948
63.5869
61.6407
61.5172
61.4015
63.4091
62.3659
61.3988
61.6691
60.9154
62.1553
61.8946
62.5240
64.2448
64.3587
64.6980
66.9951
67.8185
65.7326
65.8332
65.5417
63.9318
66.0604
63.9441
63.9350
64.2762
63.7464
64.1103
63.9831
63.2206
63.5443
63.4718
64.7364
64.0952
64.4357
66.1349
65.2185
65.0410
66.2161
67.0924
66.2423
66.7269
67.5312
68.2047
68.0088
70.1414
69.0499
68.8183
67.4332
67.5223
67.7752
66.9347
66.4239
65.8976
66.2341
64.7604
64.7863
66.0054
66.4187
65.0385
65.4910
67.7942
68.1134
67.8124
67.4033
65.7546
66.1698
67.3250
65.3058
66.9581
65.1346
67.7022
66.9336
65.9093
64.6063
64.2209
63.6834
65.2064
65.7993
66.2463
65.4558
65.1431
65.4026
65.7126
65.5921
65.5078
65.2957
63.2052
64.7144
64.7569
66.4347
66.2405
68.1956
67.2116
66.4399
66.3804
67.4427
66.6536
64.7786
65.2578
66.7127
65.4840
65.6497
65.2327
67.9548
67.0999
66.4981
66.6838
68.3376
67.9713
68.1746
68.1797
68.6966
67.0420
66.1874
66.9629
67.4471
66.9288
68.2842
68.2596
68.2330
66.1545
65.8312
67.6403
66.0873
66.7689
67.0700
67.0286
66.4199
65.5612
65.6767
65.2918
65.2856
66.2641
67.0422
67.6518
67.7650
70.2198
70.1645
68.6243
67.8621
68.8048
67.6376
68.4288
69.0301
68.3655
69.9865
68.3375
67.8083
68.9409
68.9770
69.8962
68.8337
69.7939
69.7001
71.9717
70.9515
70.5680
71.5415
72.7012
72.7504
73.2701
71.0811
71.1752
70.7172
69.5670
70.9849
70.9288
71.2721
72.1888
72.1985
72.6534
74.2612
74.4896
75.1952
75.1715
76.0166
73.3103
73.0004
71.7333
71.6299
72.1881
72.1107
74.9210
74.7159
74.4726
77.4454
75.3311
74.8889
75.3723
75.0706
76.3668
74.4834
74.8998
75.5449
74.1440
73.8748
72.4907
76.1507
75.4320
75.5873
75.6616
75.7969
75.3407
73.9770
75.1223
75.6197
76.6405
76.4259
76.4806
75.4536
74.1928
74.1852
73.1607
74.2633
71.4238
71.3156
71.4013
73.3642
71.6017
71.3237
71.9110
72.2016
71.9107
71.8841
71.9721
71.5220
71.3271
71.6162
71.5386
72.7364
70.1257
70.7094
72.5272
72.7637
71.8145
72.4067
73.5955
73.1678
73.0859
72.8223
73.3716
74.9643
73.0591
73.4380
73.0424
72.6753
73.7896
73.6987
74.9675
74.3210
73.4034
74.5260
75.9647
75.2037
75.7929
76.3273
76.9767
77.6371
77.3119
75.8407
76.7307
77.7958
77.2164
78.4700
77.5819
79.1551
77.7841
76.7719
75.9425
75.3655
75.8719
77.4373
77.5977
75.6875
76.0812
74.7872
75.7604
75.2589
73.9117
74.2735
75.1702
74.1370
74.3097
76.1026
75.5504
74.4925
76.5085
76.6373
75.9633
76.2259
76.3488
74.3594
75.9870
73.5695
72.7168
72.4417
73.0037
72.8177
73.9653
74.1798
73.4453
73.6612
75.4266
76.0711
77.3512
77.6334
76.1525
77.6314
78.4622
77.5783
76.9694
77.3304
75.9508
76.2723
75.8724
75.6930
75.8621
76.9866
76.9280
76.4652
77.5295
77.1645
77.7104
77.8094
77.8110
78.4671
77.2080
77.0754
76.3142
77.8355
77.6627
78.2821
77.4882
78.1539
78.6733
78.6121
77.8899
76.0908
77.8191
78.3154
76.8720
77.1817
78.7219
76.8880
77.5726
78.6670
77.4411
75.4141
76.0128
76.0432
76.3425
76.0134
75.9434
77.2004
78.1304
76.9304
76.7986
76.2922
76.4432
77.1878
77.6439
78.9579
78.6394
78.4629
76.3816
76.5749
77.8316
77.2217
76.8372
77.3433
77.9793
77.9472
78.3393
77.5592
78.0621
77.1440
77.1405
77.1667
76.9864
76.6510
76.0981
76.2376
77.1349
77.7967
77.3685
77.0379
77.5248
77.6132
78.6556
78.7313
80.3265
80.5950
79.8454
80.7602
80.1368
79.1508
78.4685
77.3341
76.1419
76.3681
76.7715
77.6101
76.1162
76.8087
76.1794
76.6678
76.9105
76.9073
77.4135
78.2254
77.8206
77.2671
77.2192
75.6640
75.3124
76.4066
76.5917
74.4632
74.5125
75.1825
73.9313
76.4661
75.9265
74.6315
76.3923
75.1624
74.0845
74.6547
73.6573
74.6478
77.1967
77.4140
78.4842
78.3174
77.8149
75.4110
75.7955
75.5926
73.8475
75.3943
76.1316
73.2688
74.4953
75.9945
75.8729
77.0084
76.4840
76.4202
76.1389
76.0973
75.3893
75.5886
75.6324
74.8776
76.4777
76.5463
78.3388
78.0264
77.4952
77.8532
78.1785
78.5853
77.3062
79.4553
78.5872
77.2664
77.2413
79.3490
77.1834
76.5069
77.3539
76.0807
76.5646
77.1507
78.8264
79.5074
76.4402
76.6612
77.0940
75.7975
74.0396
74.6527
76.2377
73.7446
73.1893
72.7542
74.7607
74.2614
72.7988
73.0115
71.7347
69.5110
70.0046
70.1032
69.5638
72.4606
73.8160
74.2910
72.8837
73.7972
74.8369
75.1012
76.0241
75.3547
75.1919
74.8544
74.0185
73.7350
73.7338
73.7076
73.5816
73.0106
74.1099
74.6610
75.2024
75.0890
74.3007
73.8294
72.4631
72.8495
72.7124
73.0365
73.0560
72.3300
72.5236
73.2313
73.7637
73.7421
72.7251
71.9863
71.3480
70.3671
71.4459
72.6240
73.0177
72.8836
71.7938
72.2290
71.4512
71.0749
71.2441
71.3701
71.5682
70.9610
68.9770
68.3268
67.2132
67.0222
67.8451
68.6940
68.7375
69.0155
68.4031
67.2343
67.0297
69.2497
68.9240
68.3596
68.7832
69.0469
68.9443
67.6617
67.6918
67.5414
66.8307
66.8188
67.1688
67.6241
66.6437
66.8971
67.4830
68.2224
67.4919
68.1782
68.8911
67.8213
67.5865
68.3495
69.0946
69.4259
69.3777
68.6839
69.6155
68.9633
67.4413
68.1792
66.4286
66.9084
67.6180
68.6498
68.4401
68.0306
68.8692
68.4821
66.9741
66.2300
66.0802
66.0159
67.5947
67.2285
69.1205
69.3883
69.6058
68.5685
70.2462
70.8415
70.0939
69.5036
70.6939
70.9761
71.0806
71.2325
71.3781
70.3263
69.7660
69.2564
68.4019
67.5617
68.9878
68.8943
68.9211
69.0220
68.4174
69.3133
68.6236
67.9297
69.3830
67.7197
67.5747
69.4722
68.9060
69.5118
69.7679
69.5619
69.6749
68.8206
69.2316
70.8421
70.8884
71.7781
71.0866
71.3522
70.7273
71.0624
68.9268
67.9679
68.6016
67.8702
67.3536
66.8164
67.2126
66.5411
65.9512
67.2851
67.4065
69.1298
69.4925
69.3823
68.7714
70.4227
68.7146
68.6536
68.6591
66.9956
68.0823
66.7541
67.4321
67.5758
69.4002
69.7837
70.3121
69.8690
69.5038
70.1925
70.1207
70.1982
70.2233
69.6641
68.5218
70.1669
70.6135
70.1976
71.5655
71.3802
70.4373
71.2891
69.6868
71.6347
72.7064
71.2747
72.0028
72.1399
73.3571
71.3073
69.7014
69.5701
69.4591
70.0535
70.1819
70.4491
72.8084
71.4784
70.0247
70.1570
70.3138
70.9252
71.1673
71.2564
70.4486
71.4788
70.8333
70.7007
70.9415
70.8185
70.5216
70.8790
70.2781
70.8443
69.7846
70.2471
70.9710
70.8380
72.5244
71.6420
72.1044
72.0730
72.2700
72.1295
71.6185
71.6511
71.3273
71.6535
69.9043
70.2786
69.6761
71.5586
71.8712
69.3654
71.5731
71.4845
71.1923
72.1621
70.4219
70.5817
70.1489
71.6456
69.6512
68.4362
69.9007
70.4573
71.1521
69.2112
68.8257
68.0601
68.0128
69.0128
69.7810
69.1352
69.1301
68.9363
69.6868
68.7701
67.9177
70.0066
69.7405
68.4699
69.9746
68.9129
68.1226
68.0346
68.1942
70.0199
69.8123
68.8315
69.0480
68.7324
68.1406
67.2357
68.3021
67.2868
68.0016
66.6276
66.4000
66.8609
66.8159
67.4259
67.4179
67.7149
65.6675
67.4716
66.4050
66.8720
65.8806
67.1819
67.6949
66.6393
67.5860
66.5528
66.3204
67.3250
66.3039
65.3053
66.2239
64.5450
65.0645
63.5809
63.4077
65.1697
64.0104
64.1199
64.9665
65.8451
66.9893
69.0996
69.3980
69.0929
68.8737
69.1122
68.7318
68.7165
67.8235
65.2256
66.4835
66.6427
66.3407
66.0212
67.6126
69.0566
67.4834
66.9288
66.0870
67.3688
66.9788
67.0448
65.7991
66.5592
65.8715
64.2084
65.1081
64.9393
64.9270
64.8103
66.3278
64.7689
65.2523
61.9995
63.4143
63.8229
62.6270
63.6343
61.6714
62.0095
62.8476
63.2121
63.2787
64.9258
65.0112
63.4501
62.7855
63.7366
62.8965
62.7747
62.5296
62.8814
63.1976
63.5055
62.9522
64.1038
63.2947
64.3132
63.9609
65.4751
65.7373
65.1139
63.6982
63.1968
62.8530
64.4086
63.2527
64.8589
63.0525
63.4544
62.7510
62.4216
62.8031
62.0500
62.3392
63.4133
63.1525
61.3704
60.8897
63.1650
62.1180
61.1426
61.5694
62.1356
62.0875
61.4572
61.9733
61.8320
60.8894
62.9163
63.0763
61.8968
62.1144
63.4599
63.0318
64.0881
61.4238
61.6889
62.0091
63.0989
61.7545
63.3805
62.5531
62.5577
62.9425
62.5944
62.9879
63.1025
64.0783
63.4407
64.3189
65.0751
64.3479
65.3043
64.4551
65.2908
65.3647
64.4768
64.5821
63.8042
64.5056
66.2025
64.3810
63.3222
63.0539
64.1935
63.0424
63.5440
63.9052
63.5982
63.9532
64.8995
64.3314
64.8973
65.5586
65.6309
65.3219
63.4528
63.4253
62.7046
62.4392
62.3248
62.6493
63.7978
64.6785
63.3900
63.0093
62.8369
63.1784
61.6557
60.2170
60.8070
61.3590
61.7942
62.3341
62.4820
61.5791
63.6304
63.8583
62.8060
61.8168
62.2268
62.6104
62.4406
61.1903
60.3948
59.4653
60.6819
