9.2412
9.2544
9.3442
8.9911
9.0999
9.1262
9.3574
9.1979
9.2866
9.2375
9.3573
9.5134
9.3349
9.4555
9.1959
9.1900
9.1722
9.1335
9.1974
9.0610
9.3710
9.5042
9.3212
9.3992
9.4203
9.5027
9.5294
9.5426
9.0852
9.1894
9.0886
9.2132
9.2116
9.2236
9.1747
9.2453
9.4792
9.4003
9.2661
9.5297
9.4225
9.6133
9.3790
9.4118
9.1314
9.3814
9.4532
9.2635
9.3617
9.3848
9.4008
9.3779
9.3053
9.2364
9.1312
9.1478
9.2572
9.1661
9.1887
9.0754
9.0342
9.0855
8.9534
9.1095
8.9945
8.9572
8.9308
8.8095
9.0455
8.7907
8.7865
8.8371
8.9823
8.8887
9.0933
8.9432
9.1787
9.0171
9.2085
9.2573
9.2871
9.2856
9.1089
9.1835
9.0752
9.3516
9.1895
9.1054
9.2378
9.2626
9.2560
9.2645
9.1041
9.0364
8.9661
8.9021
8.9325
8.8077
8.9888
9.1412
9.2229
9.2454
9.2628
9.4847
9.1311
9.1706
9.2836
9.1901
8.9395
8.9077
9.2589
9.2766
9.1691
9.1938
9.1162
9.2856
9.3249
9.2089
9.1300
9.1584
9.2431
9.4517
9.0299
9.1036
9.1253
9.2879
9.2576
9.2101
9.2381
9.1838
9.0572
9.2012
9.1282
9.3290
9.3337
9.0875
9.2595
9.1411
9.0939
9.1696
9.2877
9.2171
9.5413
9.5572
9.5060
9.3712
9.4093
9.5771
9.4705
9.2083
9.3300
9.2694
9.4037
9.3601
9.1780
9.4135
9.2558
9.1980
9.1216
9.0550
9.1153
9.1504
9.1792
8.9965
9.2455
9.3839
9.4831
9.5177
9.2977
9.5192
9.2973
9.4438
9.4688
9.2493
9.6292
9.4011
9.3939
9.6267
9.4530
9.6783
9.6079
9.5670
9.6049
9.4615
9.3589
9.6649
9.7822
9.8377
9.5594
9.3471
9.4914
9.4134
9.7696
9.6081
9.5907
9.6959
9.9259
9.7279
9.6908
9.6507
9.9973
9.9880
9.8776
9.7971
10.0205
9.7325
10.1399
9.9673
9.6818
9.7312
9.7340
9.6656
9.8864
10.0361
9.9358
9.8892
9.9170
10.0041
10.0047
9.9569
9.8844
9.8051
9.8132
9.6893
9.8206
9.7398
9.7271
9.7803
9.6372
9.7754
9.6015
9.8323
9.5292
9.8288
9.5675
9.4506
9.8364
9.8535
9.6774
9.5515
9.9060
9.5846
9.6798
9.7254
9.6999
9.8864
9.9613
10.1345
9.7479
9.4900
9.7508
9.4592
9.8738
9.6731
9.5180
9.5057
9.6091
9.7793
9.6173
9.7835
9.6155
9.5982
9.3994
9.5518
9.5678
9.3866
9.6737
9.5708
9.6515
9.3822
9.4629
9.5372
9.7237
9.5429
9.4030
9.4206
9.1102
9.1276
9.1957
9.1727
9.5655
9.5022
9.4705
9.4814
9.4071
9.4094
9.5680
9.0633
8.9082
9.5065
9.5735
9.4149
9.2117
9.5304
9.4663
9.7363
9.6984
9.5787
9.4029
9.6287
9.6188
9.9382
9.7018
9.4899
9.4900
9.5832
9.5029
9.5689
9.4616
9.5535
9.4448
9.5101
9.3230
9.8588
9.3321
9.7031
9.7956
9.8533
9.6681
9.4106
9.7990
9.4828
9.4796
9.5642
9.3728
9.4399
9.4627
9.7033
10.0597
9.9802
10.1066
9.6955
9.6193
9.3979
9.6523
9.0743
9.5191
9.3636
9.2269
9.1917
9.5022
9.5542
9.3417
9.6640
9.6233
9.2433
9.5000
9.5403
9.6127
9.6872
9.6238
9.7634
9.8155
9.8392
9.3817
9.4101
9.5799
9.4700
9.8115
9.7529
9.5343
9.3390
9.4130
9.3950
9.3192
9.3017
9.4364
9.7128
9.2842
9.5950
9.4233
9.2589
9.1594
9.4201
9.4165
9.2073
9.3385
9.3738
9.4561
9.4503
9.3089
9.2638
9.4872
9.4345
9.4382
9.1944
9.4088
9.3476
9.1549
8.9771
9.2300
9.1203
9.2105
9.2481
9.3256
9.2143
9.2733
9.1728
9.2927
9.2063
9.2755
9.5562
9.3682
9.3053
9.4986
9.4232
9.6509
9.4676
9.2943
9.6312
9.5185
9.2882
9.2851
9.5851
9.3685
9.3448
9.3548
9.2605
9.3827
9.2286
9.1805
9.2911
9.3489
9.3779
9.2133
9.3770
9.0054
9.1519
9.1979
9.2424
9.0999
8.9862
8.9173
9.2143
8.8978
9.1140
9.0919
9.1146
9.1017
9.2644
9.2409
9.4362
9.1133
9.1656
9.1665
9.1856
9.3055
9.3812
9.2443
9.2526
9.3433
9.2078
9.1088
9.1595
9.1728
9.1822
9.2209
9.4207
9.3398
9.1030
9.7641
9.6789
9.4087
9.4915
9.5872
9.6753
9.5858
9.4658
9.4598
9.3614
9.2878
9.1916
9.2995
9.2644
9.1828
9.5124
9.3817
9.6272
9.3175
9.2368
9.2147
9.2971
9.1557
9.2325
9.1636
9.2991
9.0359
9.1714
9.0771
9.1953
9.1165
9.3309
9.0458
9.5237
9.4201
9.3315
9.1213
9.2012
9.0810
9.0928
9.0259
9.1430
9.4775
9.4590
9.3842
9.4102
9.4573
9.6016
9.5398
9.5855
9.6719
9.6338
9.5129
9.2743
9.3831
9.2346
9.2603
9.3608
9.2230
9.2532
9.3199
9.2159
9.2008
9.1681
8.9532
9.1720
9.1765
9.3951
9.1338
9.3306
9.1620
9.4549
9.2883
9.7451
9.3529
9.3659
9.1330
9.2736
9.4686
9.2775
9.1342
9.3889
9.1948
9.2588
9.0964
9.3430
8.9563
9.2274
9.0565
8.9741
8.7500
8.7785
9.0982
8.9150
8.9553
8.8728
9.0049
9.0032
8.9121
8.8993
9.0248
8.8703
8.8157
8.9665
8.9281
9.0159
8.9807
8.9843
9.0385
9.0716
9.2222
9.0927
9.1728
8.9534
9.1927
8.8931
9.2246
9.1029
9.1988
9.0030
8.9830
9.1605
8.9878
9.2553
8.9276
9.2123
9.3637
9.4086
9.0205
9.4027
9.3271
9.5416
9.2774
9.2667
9.3587
9.3444
9.1341
8.8335
8.8992
9.0566
9.1093
8.9994
9.1743
9.1451
8.9614
9.2184
9.3003
9.5922
9.3349
9.3369
8.9405
9.3613
9.3296
9.0750
9.3108
9.0388
9.0586
9.3032
9.3826
9.1807
9.2352
9.4031
9.1564
8.9147
8.9935
9.3062
9.2826
9.0701
9.2651
9.1542
9.3000
9.2235
8.9737
9.0060
9.0992
8.9505
9.3948
9.1342
8.8584
9.0262
8.9891
8.9423
9.1288
9.2402
9.2245
9.2305
9.2473
9.4363
9.3889
9.3088
9.2164
9.1664
9.2691
9.4237
9.3797
9.5531
9.2797
9.4317
8.9411
9.2222
8.9700
9.2139
8.9708
9.0502
9.0865
9.3551
9.1994
9.3779
9.5138
9.5461
9.3191
9.7401
9.5769
9.5792
9.5475
9.4622
9.4683
9.5153
9.2898
9.3922
9.1842
9.2162
9.2859
9.1672
9.3014
9.4719
9.3512
9.4004
9.4352
8.9213
9.1503
9.1639
8.9683
9.1852
9.1377
9.0037
9.3101
9.2605
9.2935
9.2346
9.2496
9.0308
9.0430
9.1791
9.0809
9.0286
9.0184
8.8129
9.1482
9.2617
9.3029
9.1432
9.2988
9.1036
8.9187
9.1674
9.0822
8.6941
9.0310
9.2266
8.9976
9.1535
9.4123
9.2185
9.3686
8.9271
9.2662
9.1185
9.0505
9.2875
9.3692
9.3540
9.3415
9.1372
9.1280
9.1965
9.2708
8.9609
8.9632
9.5019
9.2858
9.2161
9.0769
9.2746
9.3755
9.2242
9.3403
9.4396
9.4518
9.2186
9.1152
8.9657
9.0428
9.1097
9.1194
9.1019
9.1308
9.1974
9.2335
9.3161
9.2223
9.3658
9.0706
9.1397
9.2214
9.0608
9.3326
9.1259
9.1987
9.3093
9.2631
9.0813
8.9039
8.9931
9.1157
9.2964
9.1218
8.7629
8.9011
9.1139
8.9207
9.1469
9.0879
9.1310
9.2803
9.2831
9.0567
9.1151
9.3050
9.1119
9.2578
9.2870
8.9627
9.3292
8.9950
9.1189
9.2826
9.1987
9.0481
9.2221
9.2455
9.3642
9.3901
9.4187
9.3709
9.1025
9.4213
9.5326
9.1932
9.1843
9.4141
9.1034
9.3424
9.2433
9.2307
9.2765
9.4556
9.4302
9.2890
9.2505
9.1884
9.2801
9.1623
9.2957
9.3266
9.3031
9.2413
9.0376
9.1914
9.1640
9.3773
9.1491
9.1951
9.2262
9.2898
9.0851
9.2203
9.0060
9.1554
9.1438
8.9160
8.9312
9.1306
8.7387
8.9394
8.9094
9.0422
8.7511
9.0053
8.9196
8.7681
9.0061
8.9437
9.1501
8.9346
9.2732
8.8283
9.1600
8.8719
9.0666
9.0766
9.0948
9.0984
9.2758
9.0751
9.1908
8.7886
9.3344
9.0861
9.1002
8.8817
9.2239
9.2246
9.0237
9.2752
9.1166
9.4106
9.3586
9.2241
9.2020
9.0688
9.1619
8.6631
8.7029
8.6775
9.1738
9.1040
9.2164
9.2811
9.2766
9.1948
9.2026
9.1798
9.1500
9.2882
9.0977
9.0269
8.9737
9.0016
8.8610
8.9024
9.0437
8.9675
8.7722
8.8830
8.8101
8.8529
8.7895
8.9502
9.0605
8.8704
8.8461
9.0110
9.1433
9.0806
9.1726
9.0583
9.2274
8.9824
9.1642
9.1757
8.9576
8.8907
8.9632
8.7436
9.2705
9.1137
8.9031
9.0007
8.9872
8.8759
8.9003
8.8668
9.2493
9.0928
8.8125
9.1546
9.2560
9.2624
9.1554
9.2003
8.7395
9.1360
8.7510
8.8551
9.1594
9.2615
9.0341
9.2819
9.2694
8.9707
8.9940
9.1125
9.2484
9.0188
9.0663
9.3292
9.1005
9.3203
9.2538
9.2503
9.2719
9.1243
9.2091
9.1553
9.2369
9.1399
9.0782
9.2062
9.1240
9.2628
9.1522
9.2101
9.1326
9.1938
9.3459
9.0236
9.1373
9.1061
9.0577
9.1052
9.3172
9.3328
9.0540
9.0515
9.1307
9.2672
9.5430
9.1514
9.1612
9.0510
9.2847
9.2107
9.0132
9.0209
9.0104
9.0837
9.2562
9.3214
9.3221
9.0757
9.1685
9.1634
9.1798
9.2364
9.0567
9.0592
9.1005
9.0449
9.3830
9.1649
8.9496
8.8136
9.1179
9.0562
8.8190
8.9047
8.9483
9.0378
9.0574
9.0994
9.0753
9.0485
9.1134
9.0316
8.9761
8.8679
9.3379
9.0473
9.0176
8.9267
8.9368
9.0694
8.9569
8.7783
8.8578
8.9545
8.8031
8.7034
8.7653
8.8669
8.5971
8.8203
8.9720
9.2003
8.9930
8.6663
8.9892
8.5902
8.7885
8.8732
9.0947
9.0571
8.9046
8.9149
9.2472
9.0887
8.9169
8.8815
8.8148
8.8046
8.9418
9.0209
8.8388
8.8004
8.7810
8.9001
8.7827
8.9427
9.1317
9.0586
8.8461
8.7518
8.6286
8.7378
8.7961
8.7657
8.9753
9.0155
8.7375
8.9091
9.2054
9.2903
9.0143
9.1536
8.7514
8.8356
9.0561
9.1349
9.1959
9.0872
9.1888
9.1555
9.0313
9.1096
8.9487
8.8437
8.9678
8.9293
9.2753
8.8266
9.2631
9.1368
9.0879
8.8906
8.9191
8.7961
8.8531
8.9055
9.0955
9.4274
8.9951
8.8594
8.9843
8.9256
9.1785
8.8959
9.4401
9.2541
9.3062
9.2048
9.4768
9.0756
9.3249
9.3434
9.2634
9.3329
9.2803
9.1628
9.2287
9.1575
9.3815
9.0195
8.8531
8.9047
8.7348
8.9978
8.9251
8.7900
8.9286
9.1769
9.1526
9.3618
8.9891
8.9819
9.1663
9.1473
8.8288
8.9010
9.1594
9.2017
9.2015
9.1060
9.2216
9.2722
9.0004
9.0420
9.0928
9.0101
8.7253
9.3373
9.0621
9.0021
9.2234
9.2258
8.9358
8.8250
8.9777
9.0283
9.1690
9.0041
8.7745
8.9936
9.0870
9.1926
9.1451
8.9778
9.0888
8.9180
8.8499
8.9528
9.0205
8.8673
8.8716
8.9289
8.9210
8.7532
8.7229
8.7880
8.8163
8.7133
8.8412
8.9448
8.9337
9.0357
8.8114
8.9834
9.0486
8.8142
9.0852
8.8229
8.6287
8.8161
8.9665
9.0521
8.9350
8.9740
9.2414
9.1505
8.7591
9.1230
8.9874
9.1674
8.7675
8.9534
8.8303
8.8436
8.7738
8.8259
8.9941
8.8245
8.8971
9.0520
9.0269
8.9684
9.0253
8.8782
9.0502
8.8991
8.8473
8.6231
8.7361
8.9553
8.9851
8.7839
8.8780
8.5610
8.6070
8.7646
8.6057
8.9445
8.8586
9.0389
9.0958
9.1246
8.9427
8.7687
9.0080
9.1603
9.0939
9.0823
8.9879
8.9628
8.7056
8.7990
8.9813
9.0309
9.0008
9.2472
8.9999
8.8580
9.1090
8.8331
9.0213
8.8647
9.0292
8.8703
9.0844
9.0961
9.2879
9.1318
9.0225
9.1101
8.7647
8.7825
8.8712
8.8430
8.8960
8.7477
8.6109
8.7924
9.0366
9.0389
8.8148
9.3389
9.0910
8.8540
9.0199
9.0214
9.0346
8.8601
9.0485
8.8079
8.8920
8.7385
8.9785
8.7095
8.8970
8.6020
8.6482
8.5202
8.7988
8.6258
8.4208
8.9344
8.7313
8.6255
8.4200
8.5491
8.4779
8.5494
8.7275
8.5615
8.5861
8.9029
8.8324
8.5562
8.7425
8.7175
8.9411
8.7862
9.0074
8.9375
9.1333
8.7938
9.1661
9.0856
9.1164
8.9250
9.0164
9.0347
9.1045
8.8370
8.7352
8.6989
8.7345
8.8932
8.7067
8.8731
8.9024
8.7826
8.6322
8.7164
8.8823
9.0909
8.6933
8.9859
8.8943
8.8754
8.7191
8.8787
9.0890
9.0892
9.1172
9.0944
9.0648
9.0314
9.0311
8.9856
9.1985
9.0809
9.3319
9.1554
9.0839
9.0488
8.9560
9.1284
9.0063
9.1103
8.9838
8.8804
8.9955
9.2649
8.8037
8.8039
9.1439
9.1877
9.0261
8.8835
9.0655
8.8486
8.8069
8.4883
8.9564
8.8761
8.8717
8.6844
8.9342
9.2042
9.3332
8.8761
8.8286
9.0929
8.7609
8.8597
8.8219
8.7004
8.8113
8.5059
8.7224
8.7295
8.8277
8.8128
9.0308
8.9108
9.0130
8.9678
8.8246
8.9925
8.7140
8.8263
8.8488
8.6808
9.1199
9.1237
8.9131
8.3793
8.8964
8.8246
8.8746
8.6898
8.9224
8.6549
8.9879
8.8623
8.8768
8.9959
8.7582
8.8680
8.9124
8.6818
8.7912
8.7739
8.7982
8.8846
8.7738
8.9339
8.8799
9.1099
9.1708
9.0226
9.1385
9.1852
9.2408
9.2066
9.2347
8.9115
8.7966
8.8140
8.9144
8.6619
9.0367
8.7003
8.6743
8.6475
8.7310
8.7625
8.6574
9.1816
9.0422
9.1003
9.2314
8.9694
9.1528
9.2191
8.8343
8.8708
8.9129
8.7845
8.8487
8.7775
8.7784
8.9170
9.1147
8.9469
8.7919
8.8063
8.5478
8.9130
8.6700
8.7451
8.7213
8.7563
8.6776
8.6528
8.8412
9.0108
8.5927
8.5878
8.6940
8.6790
8.7528
8.9186
8.9754
9.0707
9.2335
9.1241
9.3319
9.1089
9.2125
9.2090
9.1694
9.3387
8.8569
9.0770
9.2736
9.3325
9.1077
9.3092
9.1142
9.3866
9.1865
9.0468
9.1835
9.1150
8.9859
8.7999
8.6788
8.7620
8.7534
8.5258
8.6945
9.1227
8.9152
8.9419
8.7858
8.6966
8.7504
8.5083
8.8989
9.1009
9.3874
9.1069
8.9513
9.1208
9.3688
8.9561
8.7349
8.9958
8.9581
9.0487
9.2292
9.1350
8.9481
9.1062
9.0304
8.8653
9.0449
8.8654
8.7351
8.9372
8.8677
8.9174
8.7262
8.7013
8.7048
8.7337
8.7808
8.5088
8.2396
8.2192
8.5875
8.9020
8.6617
8.5850
8.7764
9.0925
8.8354
8.9079
8.9329
8.8639
8.9893
9.0771
9.1219
8.8859
9.0565
9.0174
8.9193
8.9172
8.7062
8.8965
8.8950
9.1261
9.0394
9.1766
8.9967
8.8322
8.7136
8.7092
8.8274
8.8221
8.7117
8.6125
8.7692
9.0101
8.8703
8.9902
8.8786
8.9884
8.7412
8.8451
8.8710
8.6723
8.9692
8.7016
8.8000
8.9747
8.7691
8.8113
8.7594
9.1373
9.0123
9.1676
9.1761
9.3238
9.0721
8.9960
9.2969
9.2566
8.9867
9.1270
9.2799
9.0421
9.3606
9.0656
8.9243
9.0898
9.0003
9.2756
9.1293
9.3648
9.1813
9.2327
9.1442
9.1841
9.1302
9.1250
9.1911
9.0068
8.8763
8.8441
8.7595
9.1867
9.0483
8.8965
8.9680
8.9968
8.7579
8.8914
8.6744
8.8184
8.7516
8.7830
8.9175
9.0799
9.3132
9.0714
9.2147
8.9848
8.9496
9.1208
8.9206
8.8976
8.6703
8.7030
8.6655
8.8574
8.8672
8.8940
8.9228
8.7110
8.9415
9.1418
8.9545
9.1059
8.9567
9.0647
8.9245
8.9813
9.2745
9.1452
8.9395
9.0033
9.0631
8.9272
9.2604
9.2899
9.4359
9.5472
9.3206
9.0817
9.2069
9.4397
9.1560
9.0638
9.1925
9.1024
9.0928
8.9388
9.0093
9.0251
8.8820
9.1058
9.0195
9.0463
9.2195
8.9689
9.1080
8.9997
9.0035
9.1975
9.1689
9.0454
9.0495
8.6801
8.7454
8.7521
9.1999
9.0438
9.2522
9.0081
8.9760
9.1351
9.1281
9.1875
9.3337
8.8364
9.2178
8.7857
9.0187
9.0399
9.0291
8.7155
8.8947
9.2143
8.9659
9.0033
9.2846
9.1018
9.2543
9.2935
8.8792
8.8843
8.9915
9.3872
9.1315
8.9051
8.7764
9.0570
9.0694
8.9358
8.9008
8.9882
9.2512
9.0720
9.0308
8.8329
8.8464
8.9146
9.0358
8.8840
9.0260
9.0497
8.8598
8.8750
8.9574
8.7558
8.5435
8.6316
8.8204
8.6384
8.6977
8.8359
8.9005
8.6256
8.8184
8.7184
8.9363
8.7760
8.8672
8.8117
8.6770
9.0771
8.9008
8.7986
8.7603
8.8026
9.0743
9.1632
9.1620
8.7151
8.8082
9.0380
8.7561
9.0120
9.0167
8.8779
8.8964
8.7036
8.7887
9.1662
9.1586
9.1962
9.0721
9.1440
9.0948
9.1324
8.8987
9.1173
9.0864
9.1590
8.9207
8.9145
9.2203
8.9660
9.2365
9.2761
9.1754
9.1607
9.1593
9.3844
9.2796
9.2506
9.1957
9.0827
9.1896
9.1148
9.0980
9.0021
8.9703
8.9427
9.1597
8.9981
9.0896
8.9134
9.1351
9.2629
9.0686
9.3012
9.2953
9.2005
9.1264
8.9172
9.0076
8.8951
8.7418
8.8344
8.6007
8.6040
8.8044
8.9051
9.1136
9.1092
8.9739
9.2788
9.1777
9.6822
9.2521
9.5230
9.7467
9.2137
9.4071
9.5166
9.6701
9.6037
9.4603
9.5314
9.3558
9.2600
9.2180
9.4724
9.3727
9.4203
9.1607
9.3253
9.2955
9.1398
9.3104
9.2701
9.4612
9.4106
9.6044
9.2846
9.3608
9.3728
9.4362
9.0866
9.4032
9.3950
9.0507
9.0786
9.3844
9.1705
9.0249
8.8015
9.0389
9.0515
8.9615
8.9271
9.1328
8.7604
9.0478
9.1789
8.7541
8.8492
8.8229
8.7388
8.7689
8.5167
8.9969
9.2745
8.9984
8.8061
8.6855
8.7324
8.6154
8.4502
8.7238
8.6430
8.8645
8.6406
8.7067
8.8903
8.9893
8.8265
8.7409
8.8724
9.0077
8.9770
8.8921
8.8706
8.7190
8.7879
8.8161
8.8105
8.6570
9.0010
8.6232
8.5845
8.5118
8.7099
8.8711
8.6974
8.8082
8.6300
8.7682
8.5558
8.6234
8.3946
8.4381
8.4505
8.5082
8.6972
8.8100
8.6778
8.7468
8.7971
8.5297
8.7506
8.7592
8.9606
8.9400
9.1995
8.8836
8.9482
8.9456
9.0544
9.1564
8.8279
8.7970
8.7819
8.8893
8.8120
8.7911
8.6693
8.6439
8.7536
8.5289
8.4759
8.6089
8.6957
8.6788
8.6590
8.5213
8.7880
8.6840
8.8489
8.7135
8.6421
8.6705
8.9473
8.7249
8.4135
8.7149
8.7122
8.4887
8.5389
8.5192
8.7442
8.6639
8.7034
8.7088
8.8321
8.7966
8.6061
8.9520
8.6901
8.7138
8.8441
8.7293
8.7377
8.8177
9.0891
8.7013
8.4404
8.5989
8.4123
8.6630
8.7301
8.7387
8.3881
8.7280
8.7604
8.3016
8.6205
8.6796
8.8404
8.8550
8.9085
8.6924
8.5635
8.6217
8.2366
8.4290
8.5268
8.1972
8.5318
8.6758
8.3333
8.0842
8.1818
8.1614
8.0863
8.1469
8.2138
7.9164
8.2484
8.3497
8.1280
8.3701
8.4581
8.1828
8.2992
8.5019
8.2949
8.2241
8.2580
8.3232
8.3180
8.0680
8.4068
8.4753
8.6749
8.5628
8.7355
8.5810
8.6073
8.3598
8.2419
8.2925
8.2669
8.3131
8.5461
8.3958
8.4391
8.5033
8.5947
8.4193
8.4811
8.4311
8.3928
8.2481
8.5176
8.4488
8.4795
8.7182
8.4381
8.5598
8.8026
8.5240
8.5482
8.7863
8.9833
8.8691
8.8289
8.8609
9.0202
8.9053
8.7712
8.5944
8.6301
8.5475
8.4561
8.3192
8.4644
8.3282
8.4606
8.4615
8.4530
8.6928
8.5881
8.6599
8.4794
8.4612
8.5488
8.4919
8.5053
8.3949
8.5142
8.6554
8.1673
8.4837
8.6030
8.4049
8.6286
8.6502
8.5109
8.6849
8.4684
8.3053
8.2392
8.1890
8.1804
8.3268
8.5571
8.4712
8.5259
8.4298
8.4094
8.4134
8.4376
8.2062
8.2739
8.2222
8.0766
8.1627
8.1604
8.2054
8.1805
8.0384
8.1432
8.1591
8.1747
8.0399
8.4905
8.5749
8.6596
8.5957
8.3873
8.5369
8.2063
8.3901
8.5408
8.7314
8.7810
8.3536
8.2675
8.3925
8.3146
8.0912
8.0263
8.2823
8.4066
8.4821
8.5488
8.3082
8.5830
8.3243
8.5056
8.3843
8.3615
8.4187
8.4186
8.3537
8.3470
8.0553
8.1808
8.2704
8.3447
8.2308
8.2930
8.1148
8.3874
8.1728
8.3640
8.1180
8.3895
8.3679
8.2102
8.2994
8.5473
8.4186
8.2637
8.2862
8.6601
8.4810
8.4399
8.2542
8.2585
8.3267
8.2118
8.3909
8.3553
8.4974
8.4990
8.4952
8.7356
8.7776
8.5617
8.5238
8.5341
8.6417
8.6046
8.5328
8.5266
8.2593
8.5703
8.5216
8.4340
8.3193
8.5749
8.3029
8.3255
8.3827
8.3460
8.3640
8.3328
8.5864
8.6673
8.6115
8.1915
8.5866
8.5218
8.6667
8.5324
8.6179
8.3800
8.6528
8.4290
8.5025
8.7838
8.6802
8.4638
8.4390
8.3622
8.7517
8.8347
8.5872
8.6147
8.5654
8.7673
8.7100
8.7042
8.8319
8.7239
8.6902
8.7236
8.3859
8.3208
8.2798
8.2492
8.4045
8.2568
8.3205
8.5668
8.6541
8.6358
8.6388
8.6541
8.8452
8.5232
8.4763
8.7677
8.5976
8.7219
8.6044
8.3762
8.7622
8.8293
8.6650
9.0551
8.8504
8.8649
8.9886
9.0418
8.8555
8.8921
8.6969
8.5450
8.4994
8.7524
8.4203
8.6826
8.9035
8.5156
8.6034
8.6600
8.6466
8.7364
8.8703
8.9822
8.9477
8.9038
9.0993
9.0342
8.7659
8.7322
9.0713
9.1917
8.7663
8.3989
8.6449
8.6019
8.8424
8.8412
8.9694
8.5882
8.4948
9.1292
8.8538
8.9673
9.0220
8.7330
8.9070
8.9496
9.2404
8.7478
8.9657
8.7705
8.6321
9.0640
9.1362
8.8331
8.7600
8.8405
8.8046
8.5608
8.8529
8.9667
8.7355
8.5720
8.4419
8.6418
8.7522
8.9185
8.7902
8.9600
9.0292
8.9363
8.7903
8.3876
8.6272
8.5985
8.8545
9.0888
9.1313
8.7380
8.7524
8.9927
8.7134
8.8899
8.9855
8.7482
8.6034
8.4868
8.3915
8.8274
9.0864
8.7411
8.5665
8.5706
8.6766
8.7606
8.5765
8.5768
8.7967
8.8783
8.6268
8.6732
8.8395
8.8980
8.6467
8.9478
8.9604
8.6711
8.8143
8.5037
8.9035
8.9384
8.6346
8.8072
8.8148
8.8567
8.5922
8.9205
8.5794
8.7679
8.7674
9.0366
8.8068
8.8375
8.5692
8.7055
8.6175
8.6131
8.7892
8.6117
9.0565
8.6985
9.1218
9.1665
8.8244
8.8800
8.8464
8.9672
9.0560
9.0020
9.1976
9.1018
9.1173
8.9507
8.8536
8.8071
8.9051
8.8139
8.9330
8.7423
8.6976
8.7907
8.8566
8.5365
8.5453
8.7329
8.6104
8.7746
8.7193
8.6975
9.0323
8.7774
8.9881
8.9551
8.9569
8.8728
8.8974
8.9571
8.7536
8.7964
8.9317
8.6866
8.5929
8.8765
8.8503
8.8041
8.7053
8.5249
8.7628
8.6835
8.7611
8.8426
8.7956
8.7142
8.9507
8.8543
9.1684
9.0373
8.8996
8.5595
8.9328
8.6092
8.5922
8.4046
8.2612
8.5754
8.5985
8.7432
8.8036
8.5787
8.8795
8.6142
8.0966
8.3495
8.4719
8.5167
8.6868
8.7197
8.7783
8.9012
8.7251
8.5154
8.7671
8.5825
8.6422
8.6444
8.6881
8.6928
8.6289
8.5880
8.7077
8.8259
8.7901
8.6732
8.3589
8.6500
8.7642
8.7297
8.7247
8.8362
8.8717
8.7295
8.9372
8.8144
8.8354
8.8476
8.9097
8.7737
9.0968
8.9417
8.9130
8.7990
8.8460
8.8513
9.0490
8.9123
8.8790
8.9106
8.8541
9.0881
9.1355
9.0766
8.6273
8.8077
8.7113
8.8207
8.9760
8.5316
8.7610
8.7745
8.7181
8.7902
8.6986
8.6328
8.3424
8.4896
8.6727
8.5706
8.5530
8.5920
8.5918
8.4495
8.5443
8.7005
8.6378
8.7034
8.7480
8.7868
8.5756
8.4542
8.6235
8.7357
8.5985
8.6665
8.5337
8.6424
8.6038
8.6451
8.7554
8.6712
8.8117
8.7068
8.8669
8.9487
8.8261
8.9356
9.0615
9.1889
9.0887
9.0589
9.0881
9.4109
9.1220
9.0453
9.1823
8.8140
8.9185
8.8822
8.8941
8.7831
8.8128
8.5721
8.7983
8.5283
8.6814
8.6650
9.0269
9.0280
8.8459
8.9323
8.7467
8.8324
8.3714
8.6127
8.6393
8.4114
8.4987
8.6874
8.7106
8.9250
8.6968
8.7417
8.8221
8.8697
8.7964
8.9169
8.9436
9.0606
8.7758
8.3152
8.8606
8.8475
8.6526
8.8982
8.8514
8.9132
8.9112
8.8226
8.6389
8.8708
8.8728
9.0390
9.0262
8.9257
9.0673
8.8669
8.5827
9.4126
8.9119
8.8215
8.8689
9.1011
8.9649
9.0837
8.8911
8.9196
8.8361
8.6459
8.8117
8.8345
9.1115
8.9569
8.7765
9.0112
8.6582
8.7316
8.6938
8.4780
8.7837
8.8336
8.8706
8.5491
8.8799
8.8536
8.8666
8.8415
8.6407
8.6516
8.8320
8.8164
8.7451
8.5833
9.2329
8.9127
8.9263
9.0438
8.9744
9.3719
8.7674
9.0655
9.0710
9.2369
9.1439
8.7269
8.8929
8.9199
8.7807
8.8011
8.6872
8.9437
8.4296
8.7500
8.5984
8.6783
8.6737
8.8770
8.8147
8.7650
8.9501
8.9233
8.6776
8.4500
8.4649
8.6843
8.5350
8.7062
8.5252
8.6915
8.7405
9.1349
9.0635
9.2906
8.9031
8.9396
8.9164
8.8077
8.6185
8.3643
8.4263
8.7807
9.0188
8.8072
8.6832
8.7841
8.9472
9.0303
8.7821
8.8164
8.8113
8.8398
8.7671
8.9602
9.0058
8.8254
8.5876
8.7069
8.6493
8.8312
8.9587
8.8389
8.9581
8.8365
8.8951
8.8256
9.0819
8.8417
8.8460
8.3938
8.6095
8.3704
8.4071
8.3180
8.4568
8.5293
8.5470
8.5560
8.4517
8.7253
8.4951
8.5511
8.5283
8.3647
8.4734
8.4326
8.2379
8.1245
8.5754
8.3516
7.9008
7.9967
7.9854
7.9491
7.8009
7.8351
7.9190
7.8268
7.9631
7.9557
7.7797
8.1185
7.9522
8.0841
8.1887
8.0743
7.8749
7.9386
8.0042
7.8660
7.7783
7.6690
7.5584
7.6097
7.8503
7.6098
7.7177
7.6040
7.7088
7.6982
7.4660
7.7708
7.6574
7.8897
7.6292
7.6408
7.6164
7.6946
7.8079
7.5440
7.7728
7.5824
7.3232
7.8961
7.3670
7.4720
7.5537
7.5454
7.7486
7.9377
7.6937
7.6850
7.6165
7.7011
7.7535
7.4349
7.4279
7.2013
7.3244
7.5473
7.4473
7.5442
7.4923
7.7015
7.7071
7.5247
7.6245
7.6686
7.6514
7.5382
7.5284
7.7086
7.5473
7.7525
7.5502
7.7822
7.5403
7.6923
7.6521
7.8360
7.8492
7.5227
7.5581
7.5834
7.3380
7.6352
7.3522
7.6831
7.3628
7.5654
7.5072
7.5091
7.5415
7.5232
7.7005
7.7310
7.7867
7.6678
7.4990
7.5060
7.6454
7.6557
7.6189
7.7180
7.7017
7.6959
7.4933
7.6628
7.5250
7.6581
7.5321
7.7148
7.3832
7.4203
7.6300
7.6098
7.5724
7.4157
7.5510
7.4929
7.4818
7.5443
7.5012
7.4654
7.6794
7.5392
7.7095
7.7168
7.7279
7.6871
7.6494
7.7021
7.5740
7.8434
7.6130
7.7173
7.7149
7.6578
7.6933
7.8335
7.7043
7.6487
7.4841
7.7214
7.5039
7.5716
7.5841
7.8816
7.6561
7.6266
7.6041
7.5385
7.6113
7.8486
7.6773
7.7923
7.7578
7.7307
7.5725
7.6762
7.6797
7.6306
7.8936
7.8078
7.8370
7.8113
7.6825
7.7152
7.7600
7.6267
7.6150
7.5762
7.6355
7.3700
7.5481
7.9708
7.6742
7.4516
7.5953
7.4843
7.5441
7.5117
7.5679
7.5601
7.4065
7.6204
7.6363
7.6276
7.6336
7.6485
7.7029
7.6926
7.6874
7.6348
7.6016
7.9373
7.7645
7.6450
7.6441
7.4536
7.3966
7.7235
7.4875
7.5569
7.5372
7.4894
7.5253
7.5812
7.6046
7.5740
7.5174
7.5435
7.8103
7.6320
7.5902
7.7952
7.7297
7.5420
7.7054
7.5949
7.6187
7.6867
7.7084
7.5477
7.5899
7.5744
7.4885
7.5284
7.6537
7.2362
7.5770
7.4876
7.4177
7.5631
7.6534
7.7461
7.6995
7.6033
7.1874
7.5170
7.6776
7.4655
7.4632
7.5925
7.5712
7.6728
7.4840
7.6953
7.5616
7.6748
7.6559
7.3818
7.5855
7.7116
7.6440
7.4670
7.7755
7.6566
7.3627
7.3221
7.6395
7.3025
7.5708
7.5956
7.6993
7.6444
7.8122
7.8565
7.8813
7.5730
7.5086
7.6470
7.6943
7.8145
7.8351
7.7433
7.7069
7.7061
7.7221
7.7375
7.5154
7.8113
7.6411
7.6322
7.6905
7.5498
7.5703
7.6805
7.7706
7.6759
7.5572
7.6235
7.7093
7.8367
7.9358
7.8878
7.6539
7.8806
7.8767
7.7289
7.7589
7.8716
7.6921
7.6192
7.6334
7.7266
7.6794
7.8448
7.5759
7.6838
7.5939
7.5527
7.6611
7.4011
7.5010
7.7544
7.7551
7.7641
7.7475
7.6687
7.7527
7.7885
7.7589
7.6340
7.8478
7.7650
7.3740
7.5678
7.4588
7.7428
7.6852
7.4822
7.4411
7.3357
7.5342
7.6036
7.8874
7.6162
7.6243
7.7592
7.7164
7.5046
7.7737
7.6234
7.7403
7.6908
7.9176
7.5932
7.7330
7.7910
7.4786
7.7743
7.5650
7.6972
7.7272
7.6984
7.7577
7.7591
7.7646
7.8540
7.6236
7.8385
7.7239
7.8921
7.8206
7.8695
7.5977
7.7412
7.9859
7.7854
7.8621
7.7135
7.8869
7.9257
8.0241
7.7833
7.5845
7.6710
7.9004
7.6414
7.6080
7.8609
7.6802
7.5398
7.6654
7.6486
7.6821
7.8190
7.6929
7.5846
7.7305
8.0439
7.9552
7.9157
8.0039
7.7410
8.0596
7.6978
7.9389
7.9085
7.9047
8.0391
7.7885
7.6666
7.6858
7.6123
7.8434
8.1366
7.7868
7.7408
7.9093
7.9502
7.6699
7.8800
7.7977
7.9356
8.0063
7.8049
7.8086
7.7846
7.9453
8.2012
8.1146
7.8370
7.9958
7.8475
7.6445
8.0338
7.7975
7.7133
8.0094
7.9019
7.9532
7.8178
7.9311
7.8146
8.0435
7.6576
7.8442
7.9254
7.7583
7.8688
7.5758
7.6696
7.7368
7.7663
7.8094
7.9004
7.7342
8.0169
7.8768
7.8904
7.8339
7.7988
7.7335
7.6658
7.9645
7.6621
7.5652
7.8174
7.9233
7.9013
7.8864
7.6875
7.9528
7.9151
7.9140
7.8856
8.1047
7.9359
7.9652
8.1026
7.7238
8.2638
8.0811
7.9567
7.7959
7.8776
8.0564
7.7614
7.8236
7.9316
7.8373
8.0436
7.9298
8.0629
7.9659
7.9134
8.1212
7.9227
7.8945
7.7884
7.8639
7.8634
8.0246
7.8252
7.7133
7.7712
7.7105
7.9403
8.0081
8.0524
8.0001
7.8669
7.7817
7.8946
8.1684
8.1864
8.0662
8.0445
8.1133
8.0460
8.0607
7.6971
7.6890
7.5769
7.7850
7.7630
7.7628
7.9197
7.8919
7.8252
7.8938
7.8585
7.8903
7.8742
8.0942
7.9911
8.0416
7.7206
8.0850
7.7375
7.8753
7.8425
7.9066
8.0923
7.8803
7.9374
7.9435
7.7434
8.0485
8.0896
8.0106
8.0313
7.9099
8.1543
8.0771
7.9653
7.9693
8.0485
8.1538
7.9923
7.7374
8.0401
7.9663
7.9857
8.0547
8.0059
8.0260
8.0783
7.9156
8.0193
7.9739
8.1959
8.2815
8.0244
7.9958
7.9330
7.9064
7.8409
7.7409
7.9415
7.6930
7.8118
7.7368
7.6788
7.8728
7.8066
7.8205
7.8142
7.8769
7.6087
7.4993
7.7406
7.7438
7.8967
7.9023
7.9650
8.0971
7.9454
8.0424
7.9190
7.7954
7.9642
7.8811
7.8353
7.7006
7.8239
7.8592
7.9430
8.0787
8.0655
7.8794
7.9831
7.9770
7.9688
7.9537
7.8375
7.8008
7.6870
7.6938
7.8788
8.0254
7.8773
8.1123
7.9736
8.0086
7.8978
7.8506
7.9161
7.9463
7.8510
7.9817
8.1363
7.8384
7.7468
8.0084
7.8595
7.7156
7.7247
7.8085
7.6604
7.9618
7.6432
7.5290
7.7077
7.6880
7.9181
7.8083
7.9041
7.7283
7.6926
7.6160
7.8561
7.7300
7.4222
7.4335
7.5956
7.5968
7.5540
7.6206
7.3676
7.5872
7.7208
7.9435
7.9239
7.5434
7.7958
8.0203
8.0081
7.9093
7.8692
7.7943
8.2105
7.9601
8.0783
7.9855
8.1147
8.1695
8.0322
8.2590
8.1549
7.9319
7.9951
7.8533
7.7069
7.7759
7.9356
8.0416
7.9944
8.0097
7.6859
7.8079
7.7876
7.8490
7.7557
7.6578
7.6704
7.8278
7.8997
7.7359
7.8459
7.9540
7.7123
7.6342
7.6686
7.6858
7.8198
7.8614
7.7643
7.6678
7.8274
7.7156
7.7232
7.8411
7.7985
7.6471
7.3732
7.5839
7.6002
7.6276
7.6664
7.6901
7.3230
7.4428
7.6063
7.6110
7.4467
7.7780
7.7367
7.6027
7.5822
7.9976
7.8352
7.7573
7.4838
7.7335
7.7828
7.7908
7.7335
7.8280
7.8431
7.7450
7.8925
7.8054
7.8924
7.6942
7.7397
7.7147
7.7774
7.7105
7.8305
7.7857
7.5729
7.6904
7.8089
7.7795
7.9082
7.8754
7.7633
7.7641
7.6909
7.9359
7.8513
7.7321
7.8009
7.8935
7.7175
7.9804
7.6857
7.6038
7.8250
7.7419
7.6719
7.6488
7.6667
7.5671
7.6874
7.6772
7.7172
7.6505
7.7778
7.7213
7.6371
7.5376
7.6505
7.6951
7.5690
7.8138
7.6706
7.6302
7.7264
7.6668
7.6900
7.6119
7.6354
7.7077
7.9772
7.8916
7.5404
7.6205
7.6654
7.7819
7.8560
7.7728
7.8448
7.6465
7.6891
7.8175
7.7637
7.6104
7.6778
7.8063
7.7861
7.7245
7.8283
7.8584
7.6849
7.6189
7.9482
7.8912
7.6927
7.6250
7.8550
7.6312
7.9146
7.9327
7.7341
7.7732
7.9330
7.8272
7.7903
7.8342
7.8219
7.7554
8.0005
8.0189
7.8040
7.9294
7.8672
7.6604
7.7642
7.8729
7.9224
7.5542
7.8545
7.6415
7.8241
7.7148
7.7590
7.7818
7.6791
7.7275
7.6204
7.8730
7.7858
7.6627
7.7338
7.8516
7.7082
7.9243
7.6766
7.3854
7.6601
7.6513
7.7413
7.6166
7.7392
7.7617
7.6905
7.8546
7.5389
7.5324
7.7822
7.6840
7.6412
7.6060
7.7314
7.4563
7.6488
7.7479
7.7869
7.7769
7.9319
7.8185
7.8424
7.6444
7.8477
7.6902
7.7851
7.9244
7.9205
7.7301
7.8877
7.7024
7.7902
7.8358
7.8085
7.8023
7.8584
7.8994
7.9875
7.8572
7.9918
7.9222
7.8655
7.7768
7.7311
7.9309
7.8666
7.9270
7.7270
7.6156
7.7719
7.8742
7.8283
7.9209
7.9645
7.9974
7.9736
7.9014
7.8813
8.0329
7.7837
7.7269
7.8955
7.7782
7.7357
7.7450
7.8438
7.9448
7.9352
8.1584
7.8579
7.4700
7.8364
7.6803
7.8727
7.6156
8.0578
7.8812
7.8886
7.9275
7.9229
7.6474
7.9792
8.0160
7.9098
8.1337
8.0359
7.8271
8.1222
7.9268
7.8968
8.0097
7.9930
7.8290
8.0148
8.1019
8.1762
7.8943
8.1263
8.0164
8.0618
8.1457
7.8678
7.8553
8.0538
7.9539
8.0556
8.0063
7.8239
7.9775
8.1005
8.1230
8.0195
8.1332
8.1247
8.2513
7.8747
7.9768
7.9674
8.0098
7.9950
8.0497
7.8308
7.9001
7.7956
7.8830
7.7611
8.1023
7.9181
7.8242
7.9191
7.7788
7.8739
7.8753
8.0366
8.0797
8.0729
7.8411
8.0327
8.1640
7.9390
7.9608
8.0712
7.8768
7.9018
7.8438
8.0037
8.0783
7.8090
7.9148
8.1000
7.9295
8.1354
7.8387
8.1890
8.0720
8.0453
7.9721
8.3406
8.0237
7.9388
8.0953
7.8748
8.0239
8.0846
7.9321
8.0027
7.9648
8.0281
7.9425
8.1777
7.8567
8.0526
8.0541
8.1199
8.2652
8.1314
8.0423
8.0154
8.1522
8.1746
8.1841
8.2771
7.9771
8.0968
8.2166
8.2158
8.0307
7.8869
7.8578
8.0887
8.0193
8.1418
8.1444
8.2849
8.0971
8.2067
8.1332
8.1102
8.1227
8.2595
8.1401
8.0469
8.1258
8.0025
8.0915
8.0045
8.1039
7.9494
8.0938
8.1453
7.9362
7.9623
7.9938
7.9376
8.0741
7.9850
7.8093
7.8879
8.1445
8.0062
8.1652
8.3435
8.1543
8.1388
8.0933
8.0545
7.9868
8.2780
7.9228
7.7156
8.0682
8.0716
8.0918
8.1903
8.0507
7.9015
8.0912
8.0469
7.9626
8.0359
8.0040
7.9707
7.6361
7.9929
7.8568
7.8268
7.8719
7.8744
8.2520
8.1554
8.1747
8.1506
8.2035
8.1312
8.0892
8.3142
8.4054
8.2822
8.2162
8.1729
8.3040
8.1425
8.0576
8.1891
8.2189
8.1297
8.2185
8.0260
8.2344
8.0934
7.9347
8.1314
8.1877
8.2124
7.9361
7.9171
7.8518
7.9721
8.0241
7.8972
7.9079
8.0798
7.8775
8.2740
8.0032
8.1452
8.1229
8.0758
8.0338
8.0453
8.0417
7.9844
8.0499
8.3257
8.0566
8.1089
8.0269
8.0614
8.0262
8.1649
8.2100
8.0664
7.9659
8.2521
8.1020
8.3137
8.2964
8.3508
8.2486
8.2523
8.3666
8.0682
8.0414
8.1956
8.2643
8.0813
8.0608
7.9399
8.2142
8.2150
8.1740
8.5029
7.9205
8.1168
8.1595
7.9905
7.8419
8.0615
8.0526
7.9707
8.1743
8.1155
8.0929
8.1393
8.1427
8.1686
8.1341
8.2107
8.0482
8.0550
8.1581
7.8085
8.0980
7.9551
8.3065
7.9805
8.0738
8.3001
8.1191
8.2349
8.1069
8.1644
8.0838
8.1151
8.1576
8.2848
8.0577
8.1081
8.1911
8.3358
7.9806
8.1098
7.8557
7.9783
7.9455
7.9999
7.9786
7.9165
7.9691
8.2013
8.2729
8.2578
7.9802
8.1476
8.1493
8.1770
8.0956
8.2376
8.0608
7.9258
8.2445
8.1342
8.0567
8.1315
8.1295
8.0585
8.1354
7.9856
7.9714
8.2548
8.2702
8.0436
8.1105
8.1795
8.0780
7.8540
8.2996
8.2807
8.2967
8.2958
8.2384
8.1369
8.1604
8.1784
8.0033
7.9546
8.0376
8.1786
8.2488
8.1715
8.2096
8.3624
8.1361
8.1206
8.0398
8.2857
8.0950
8.1861
8.1098
7.8661
8.1628
8.0000
7.9532
8.2876
8.2381
8.1938
8.0883
8.1951
8.0552
8.0630
8.1327
8.2543
8.1847
8.0691
8.1654
7.8927
8.1309
8.1361
8.2705
7.8685
7.9924
8.1453
8.1959
7.8417
8.0987
8.0371
8.0072
8.0438
8.0214
8.0535
7.8913
7.9144
8.1113
7.9360
7.9596
7.8398
8.1330
8.1486
8.0812
7.8897
7.9640
7.6380
7.8525
7.8530
7.8497
7.8722
8.0719
8.1391
7.8862
7.8772
7.8581
7.7296
8.0847
8.0444
8.1821
8.1837
7.8863
7.9488
7.9652
8.0335
8.0002
8.0943
8.3234
8.1906
8.1980
8.1178
8.0802
8.0665
7.9326
8.0662
8.3444
8.3955
8.5415
8.5001
8.4142
8.2129
8.4076
8.2170
8.0666
8.2324
8.4222
8.3333
8.0265
8.3821
8.4981
8.1806
8.2511
8.2103
8.4018
8.2150
8.1968
8.1369
8.1367
8.0887
7.9854
8.2210
7.9732
8.0076
8.1760
8.0892
7.9509
7.8402
8.0444
8.1821
8.0393
8.5090
8.4079
8.2581
8.3538
8.2638
8.4241
8.2372
8.2795
8.1157
8.2765
8.0005
8.2706
8.2185
8.3713
8.2098
8.3065
8.3481
8.1737
7.9960
8.1837
8.5264
8.3598
8.3099
8.4587
8.5739
8.4135
8.4192
8.1564
8.4070
8.1344
8.4738
8.3920
8.1757
8.0271
8.4223
8.5570
8.2995
8.1848
8.3347
8.2791
8.4568
8.4781
8.4573
8.2863
8.3926
8.4378
8.4258
8.5102
8.3715
8.4639
8.4276
8.4682
8.5474
8.7603
8.5320
8.6174
8.5609
8.5468
8.5623
8.4933
8.2534
8.2854
8.1966
8.2939
8.5065
8.1528
8.3887
8.6427
8.2837
8.3273
8.2810
8.3294
8.4337
8.4585
8.4476
8.3157
8.3213
8.6006
8.3076
8.2161
8.3532
8.1639
8.4060
8.1455
7.9396
7.8436
8.1536
8.1040
8.1644
8.0545
7.9574
8.2279
8.4695
8.5699
8.4870
8.3798
8.4516
8.3919
8.1031
8.2966
8.3634
8.2940
8.0558
8.3035
8.0821
8.4230
8.4210
8.3543
8.6079
8.6166
8.5762
8.3564
8.3791
8.5039
8.5941
8.3438
8.4443
8.1734
8.2475
7.9577
8.3495
8.2178
8.3668
8.4541
8.3511
8.2829
8.5485
8.2333
8.3326
8.2025
8.1640
8.1690
8.5321
8.5419
8.4986
8.3380
8.6505
8.5711
8.6160
8.5421
8.1731
8.4110
8.3787
8.3323
8.5488
8.5751
8.2474
8.7221
8.5949
8.7640
8.5172
8.6365
8.5332
8.6388
8.5526
8.6404
8.7216
8.6748
8.9209
8.8156
8.6311
8.7429
8.6316
8.6170
8.5279
8.3839
8.5254
8.5753
8.6955
8.4679
8.4407
8.4333
8.8953
8.7891
8.6738
8.6346
8.8468
8.7615
8.8767
8.6082
8.6697
8.8319
8.5957
8.7082
8.5925
8.3314
8.5853
8.4388
8.2874
8.4042
8.3374
8.5073
8.5760
8.4980
8.6490
8.5135
8.3254
8.3976
8.1853
8.1897
8.3859
8.3293
8.4022
8.5052
8.4666
8.4906
8.4915
8.6304
8.5201
8.7503
8.8418
8.7658
8.9364
8.6152
8.7304
8.4736
8.5413
8.5367
8.4814
8.5662
8.2078
8.4499
8.4162
8.4638
8.5368
8.5696
8.6697
8.5358
8.3560
8.3403
8.4936
8.1575
8.5156
8.7169
8.6808
8.8729
8.9649
8.7519
8.5393
8.6084
8.8148
8.3311
8.4764
8.4597
8.5303
8.6874
8.5189
8.2368
8.7505
8.8061
8.9148
8.4512
8.6175
8.8559
9.0448
8.4514
8.8818
8.7446
8.7656
8.5663
8.3642
8.6378
8.5785
8.4912
8.8203
8.5958
8.4265
8.4730
8.5769
8.7775
8.9207
8.3605
8.4595
8.5588
8.6712
8.6376
8.5582
8.6908
8.6904
8.7306
8.7004
8.6192
8.5273
8.4509
8.7072
8.4723
8.2353
8.8405
8.6807
8.6437
8.4804
8.7387
8.6402
8.5702
8.8210
8.8110
8.9028
8.5088
8.4657
8.5864
8.7753
8.9316
8.5148
8.6079
8.7139
8.8057
8.7945
8.5624
8.5455
8.6134
8.8670
8.5807
8.6209
8.5678
8.6194
8.3034
8.3637
8.4827
8.1959
8.6651
8.2678
8.6447
8.3802
8.6242
8.6250
8.5342
8.7975
8.5425
8.3553
8.1953
8.4454
8.7074
8.7402
8.8575
8.6404
8.3535
8.4928
8.5817
8.5919
8.6631
8.6912
8.7700
8.5023
8.3814
8.5916
8.4377
8.4227
8.6235
8.5119
8.4021
8.4557
8.3610
8.2199
8.6367
8.3960
8.5778
8.5515
8.4278
8.5101
8.6825
8.3269
8.6000
8.7415
8.6182
8.8135
8.7029
8.6132
8.3852
8.6625
8.7817
8.7806
8.6176
8.4779
8.7541
8.5548
8.4885
8.5415
8.3277
8.4462
8.4756
8.6046
8.5405
8.5115
8.3957
8.2486
8.0661
8.1530
8.3836
8.2271
8.2619
8.5694
8.3449
8.2492
8.5037
8.3844
8.5448
8.3689
8.0696
8.1263
7.8706
8.0679
7.9349
8.0405
8.1994
8.2081
8.3841
8.2866
8.2946
8.3897
8.3861
8.0339
8.2161
8.3052
8.3076
8.5158
8.4587
8.2260
8.3563
8.3290
8.4094
8.5567
8.3565
8.4352
8.3730
8.5645
8.4863
8.4722
8.2267
8.3531
8.5622
8.4291
8.5317
8.5990
8.6479
8.3784
8.3565
8.5169
8.2171
8.3472
8.3031
8.2816
8.3213
8.6921
8.4817
8.5030
8.4195
8.3915
8.3388
8.2263
8.1904
8.5508
8.3834
8.3747
8.1873
8.3454
8.3592
8.2565
8.0691
8.3135
8.4241
8.2870
8.5373
8.5824
8.5563
8.4590
8.3872
8.4296
8.4090
8.4490
8.4713
8.6235
8.8414
8.5433
8.5887
8.6455
8.5027
8.5168
8.6418
8.6095
8.6359
8.5576
8.5974
8.4951
8.4095
8.3181
8.5022
8.4346
8.1791
8.3293
8.3467
8.5790
8.4080
8.5962
8.4911
8.7401
8.6611
8.6367
8.4267
8.3235
8.4202
8.5680
8.6269
8.6342
8.4236
8.6753
8.6131
8.4449
8.5840
8.5562
8.5468
8.5696
8.7697
8.5122
8.5955
8.6162
8.5143
8.6027
8.4571
8.5519
8.6930
8.4002
8.4752
8.4797
8.4214
8.3509
8.5059
8.5699
8.7671
8.6100
8.5626
8.3852
8.6418
8.5644
8.4307
8.4166
8.4437
8.4283
8.4002
8.3193
8.1691
8.4086
8.4920
8.2317
7.9027
8.3758
8.4996
8.5866
8.5171
8.3419
8.3168
8.5068
8.8345
8.3796
8.6254
8.3609
8.6595
8.7078
8.1970
8.3415
8.5284
8.3386
8.4796
8.3137
7.9732
7.9507
7.9070
8.3203
8.2502
8.2226
8.2757
8.3117
8.3930
8.2282
8.0779
8.0966
8.2675
8.4021
8.1502
7.9863
8.3081
8.1999
8.2189
8.1779
8.3010
8.3460
8.5411
8.3267
8.4184
8.3858
8.5275
8.7483
8.5504
8.5212
8.7156
8.5061
8.4312
8.2964
8.0962
8.1534
8.3740
8.4126
8.3592
8.5270
8.7296
8.4732
8.3323
8.5067
8.5340
8.6737
8.4668
8.3782
8.6846
8.3357
8.4706
8.3038
8.2719
8.0232
8.2826
8.1963
8.2123
8.3918
8.4469
8.3561
8.6265
8.1512
8.1670
8.3770
8.2584
8.2507
8.1751
8.0409
8.1519
8.0194
8.0935
8.3715
8.1743
8.5087
8.5709
8.2226
8.4747
8.4368
8.2130
8.5615
8.1527
8.2385
8.1912
8.2445
8.3030
8.7105
8.2298
8.5827
8.5264
8.6776
8.5493
8.4073
8.4770
8.4548
8.4537
8.4890
8.2666
8.2351
8.5300
8.5328
8.6419
8.6348
8.5172
8.4893
8.3643
8.3661
8.2249
8.1294
8.1429
8.3258
8.5177
8.4057
8.5616
8.5723
8.7940
8.6518
8.5911
8.5074
8.3702
8.4577
8.2827
8.3224
8.3977
8.3522
8.4306
8.4461
8.7457
8.7165
8.4645
8.8285
8.7600
8.6337
8.6894
8.8702
8.5006
8.4201
8.7873
8.7060
8.7244
8.8486
8.7695
8.7241
8.4025
8.3649
8.4384
8.6444
8.6077
8.6876
8.5275
8.5816
8.6679
8.5043
8.5771
8.4607
8.4565
8.6078
8.7213
8.5417
8.6615
8.3166
8.3844
8.3399
8.5123
8.2587
8.0294
8.2359
8.5039
8.3953
8.4438
8.0806
8.2435
8.3285
8.4693
8.1816
8.2522
8.3812
8.2365
8.3760
8.2316
8.2718
8.3041
8.5738
8.4822
8.2445
8.5003
8.4002
8.7983
8.7470
8.4794
8.6073
8.2985
8.5636
8.5694
8.5092
8.5557
8.4916
8.5158
8.5909
8.5327
8.3484
8.5829
8.7342
8.9703
8.6360
8.5184
8.7636
8.8438
8.7849
8.5522
8.6868
8.6903
8.6903
8.5452
8.4819
8.7122
8.4624
8.5058
8.3605
8.0895
8.5863
8.6509
8.6705
8.5062
8.3954
8.5149
8.3395
8.3354
8.4862
8.4470
8.6739
8.6365
8.5311
8.5091
8.4814
8.4895
8.5475
8.3810
8.3804
8.4511
8.4099
8.4356
8.1820
8.3014
8.6637
8.4519
8.4550
8.5842
8.2594
8.4093
8.5271
8.2007
8.4892
8.3533
8.5447
8.4806
8.3448
8.4806
8.3120
8.6435
8.4738
8.5262
8.3606
8.2674
8.2579
8.3745
8.4072
8.5977
8.6225
8.6340
8.5712
8.5503
8.5213
8.5285
8.3419
8.1401
8.3379
8.5170
8.1566
8.4190
8.3053
8.3429
8.2623
8.4501
