33.0585
32.0698
33.5469
34.5401
34.3316
35.1085
35.5991
34.0254
33.8316
34.2491
34.3210
33.7564
33.4809
33.8676
34.1269
34.5869
33.9763
33.9646
35.4797
34.7502
33.8426
33.6243
34.4430
33.7540
33.3550
33.2950
34.5945
33.6989
34.4326
33.5126
33.0947
34.7497
34.3576
33.4477
32.9102
33.4079
33.5037
33.5982
32.3593
33.0165
34.0193
32.7877
33.2123
32.1748
31.2067
32.5831
32.9215
31.8604
32.1221
32.2384
32.5237
32.6617
33.3447
33.2717
33.8267
34.0574
33.9058
32.2956
32.1343
30.0341
30.8893
32.4512
31.8401
32.0347
33.1745
33.2218
33.7351
33.2474
33.4937
31.9754
32.2546
32.0768
30.8055
31.1664
32.3679
31.6044
31.8525
31.3731
32.0564
31.4416
32.0579
31.5677
31.1085
30.2377
28.5996
28.5820
28.9016
29.6290
30.6114
30.5909
29.8290
30.2490
29.5971
29.1512
30.6262
29.7654
29.7669
29.2739
28.5825
29.0338
26.6651
28.2559
27.4234
28.1949
27.9317
26.5364
26.1723
26.9196
26.8134
26.5199
26.0311
25.3583
26.6306
25.8888
25.8181
24.4693
25.0528
25.6914
26.2344
27.6726
26.1159
27.6132
27.0600
26.7641
26.6963
26.4151
25.4367
26.3670
28.7562
28.6571
29.2515
27.9901
27.8232
29.2956
28.5682
28.2603
28.4117
27.5105
28.5819
28.7757
29.0028
29.3348
30.2002
30.2856
31.3039
30.3498
30.7419
30.1616
30.7650
30.5321
30.2314
29.2792
31.0167
29.7460
30.9066
30.1765
30.0210
29.5748
28.2315
28.3335
27.8384
28.1074
27.7515
28.3039
27.1782
28.1510
26.8483
26.3187
26.2327
25.9580
26.1516
27.4593
26.4571
26.8204
26.7052
27.5981
26.3646
27.7778
27.7241
27.3083
27.9661
27.8741
27.0660
27.3172
26.9727
27.3794
27.3190
28.5774
28.0046
28.2496
27.5105
27.3913
27.0619
26.7121
27.7466
25.9912
27.2806
27.4494
27.4871
28.0053
28.1445
27.5055
27.3701
27.0116
27.3273
27.5050
28.4717
27.7075
28.1342
28.6707
29.0251
29.1956
28.7925
27.5891
29.5403
29.1051
29.0707
27.8761
27.5824
27.7829
28.2031
27.3203
26.9665
27.2846
27.7519
27.3021
27.8101
27.5332
26.8307
26.5731
26.5499
26.8831
27.6386
26.4942
28.3261
27.4760
27.8071
27.5550
28.0755
26.7374
27.5759
27.4489
28.5054
28.4780
27.5403
27.4420
28.1778
27.5918
27.4261
28.4334
28.3262
28.8085
29.5210
30.1153
28.3223
27.9810
28.1611
28.0067
28.2641
29.1421
29.2660
29.3992
28.9366
28.6836
30.1737
27.4507
27.6761
27.8040
28.5510
28.4419
28.0832
28.1371
28.7130
29.8200
29.7800
29.3340
28.9875
28.9505
29.1029
29.8581
29.0036
29.0843
29.9546
29.6349
29.0628
29.2675
30.1551
29.9707
30.4541
30.6233
30.3580
30.7825
30.6569
30.3198
31.1942
30.8341
31.3059
30.1085
29.7089
29.9058
29.2035
30.0528
29.3317
28.4730
29.4445
29.3779
29.5269
29.9872
30.8553
29.7794
30.7088
29.0781
29.1407
30.7498
28.5394
29.2786
28.9728
30.1083
30.2194
29.4696
29.0393
27.2502
28.6613
28.7561
28.5650
28.3832
29.5541
30.1553
31.2105
31.1750
31.5828
31.6159
31.4140
30.7784
30.7972
31.7053
31.2013
31.0647
31.4229
30.5661
29.6600
31.9701
30.3794
30.9436
31.0678
30.6120
28.6079
29.0706
28.9361
30.4168
29.6550
29.6063
29.2160
29.7602
28.3809
29.8983
28.6204
28.7329
28.9468
29.4331
29.2953
28.7586
27.9104
27.9651
29.0674
29.7492
29.5810
28.8752
29.7004
29.9608
29.5310
29.8224
29.7349
29.4595
28.4929
29.4503
28.8145
28.3346
29.3452
28.8588
28.3275
29.3791
29.4734
29.7780
29.5940
29.2768
29.3617
29.9815
29.3211
29.4360
30.7804
30.5127
30.8002
30.6256
31.0170
31.6269
30.7903
30.7300
29.8712
29.8416
29.2836
30.4093
29.6822
28.5698
28.8985
28.5203
28.4050
29.2621
28.9537
29.9211
28.9045
28.5047
28.9384
27.7821
28.4940
28.2530
28.9587
28.5852
28.8568
29.5307
29.1847
30.0311
29.1458
27.9991
28.1042
28.2639
28.1225
27.2908
27.2406
27.1140
27.1931
27.3712
28.0672
27.3300
26.2473
27.9369
29.0350
26.5737
25.4814
24.7409
26.8134
27.2262
26.6887
26.0181
26.0673
27.6215
27.7876
26.7019
26.4196
26.5826
26.3025
26.9593
27.5836
27.1803
27.1642
27.1770
26.7696
26.5533
26.8815
27.6463
27.9186
27.8087
27.7736
28.4922
28.6902
29.7888
29.5815
29.6801
29.7175
29.0732
28.8371
29.1861
29.4283
28.0688
29.4267
29.3543
27.7568
28.6020
28.5523
28.0312
29.1563
28.1570
26.6961
28.5929
28.1900
29.9571
28.8723
28.6768
28.5460
29.7243
27.6304
28.2662
28.9694
27.6969
28.2116
27.9435
28.1786
28.0976
28.4855
27.9718
27.9429
28.5448
28.6495
28.0397
28.3097
28.6540
28.2904
28.3779
28.8011
29.6833
29.2416
28.0186
27.9692
27.7401
26.9785
28.0509
27.6832
27.1998
27.4117
28.3317
28.9814
27.7576
27.4114
27.4740
28.4657
28.6984
28.1143
27.9240
27.8705
27.2684
29.2294
28.5852
28.2871
27.9178
27.8618
28.1639
27.6841
28.1979
26.4334
27.0958
26.5935
27.6827
26.4914
26.7466
25.8918
25.8786
28.0149
27.8183
26.6948
26.4195
26.9212
26.8521
26.8252
27.4046
26.5615
26.7864
26.5865
26.6915
26.5922
25.9806
27.1741
27.4489
26.5909
27.4196
26.8652
26.4106
25.7991
26.4014
26.7119
26.6566
25.8790
26.0293
25.9126
25.7584
27.4566
25.0592
25.7807
25.7242
26.5050
27.5268
27.1471
27.3720
27.6708
26.8429
25.4928
26.5762
26.9127
25.7787
25.5649
25.8095
26.1398
25.5373
26.0199
26.8123
26.0223
25.3534
25.4984
26.8450
27.9754
26.3291
26.7716
26.9585
27.4211
27.3905
27.3610
26.5428
27.1224
26.5450
26.4803
25.7297
25.9260
26.4973
26.3493
26.3683
25.8370
27.2474
28.2275
27.2515
27.1788
27.1904
28.0531
27.4415
27.0121
27.0171
26.9599
27.6764
27.1700
27.2662
26.8811
25.2405
27.0879
27.5460
27.4324
27.1212
26.1663
26.6991
26.2582
26.5230
27.1300
28.0021
26.8106
26.3100
27.3089
26.0302
25.2744
26.4074
26.1740
26.1830
25.6655
26.4758
25.9728
26.3759
25.4671
26.3624
25.9199
26.4666
26.1038
26.0979
25.3595
26.4061
25.0722
26.2416
26.8780
26.8588
26.0464
25.2360
26.9795
25.9533
25.9496
25.7022
26.1633
27.1021
26.2412
26.0978
25.7727
25.8582
26.2265
26.2233
26.4621
27.5617
27.6176
26.4596
26.5069
27.0799
25.9267
27.2835
26.8308
25.6989
26.9234
27.3444
26.4854
27.2352
27.5742
27.4010
27.2016
26.9244
27.7433
25.9659
26.3417
26.5745
26.7521
28.5441
28.9296
27.9417
26.8526
28.2099
28.2677
27.9718
28.0339
27.2864
28.5563
27.6683
27.5959
27.0780
28.4533
28.0451
28.6039
28.6941
27.5978
29.5376
28.3081
28.2990
28.4655
28.7323
27.8198
28.1888
28.1501
26.6702
27.5215
28.0346
27.7357
27.7459
28.4927
27.0511
27.7734
28.1303
27.6972
28.3086
26.5277
27.8032
27.9989
27.4311
27.7972
28.4766
27.0464
28.5612
28.0080
27.3002
27.1961
27.4458
28.7687
27.7502
26.8248
26.1975
26.6491
27.4334
27.9885
27.1907
27.6209
26.7538
27.4749
27.9094
27.0033
26.9238
28.9413
29.0821
27.3193
27.0037
26.6319
26.8277
27.7449
28.1674
28.1721
27.7740
27.5711
28.0154
27.2823
28.8542
28.3486
29.3400
28.8917
28.8485
29.2203
29.4565
29.7748
28.8824
28.8767
29.2959
28.9112
28.1768
28.4641
28.4098
29.0962
28.4744
28.2349
27.7593
28.1540
27.9702
28.9621
28.4659
28.0783
27.4783
26.7171
27.5613
27.5681
27.4218
27.1471
28.3787
27.7795
28.8092
28.6988
28.6856
28.2955
28.9155
28.1713
28.0754
26.7606
28.1183
27.7473
28.0824
27.8549
28.2126
27.1239
27.1508
26.9271
26.5132
26.4701
26.5928
26.4432
25.5020
25.3444
25.0436
25.8047
26.1317
27.3585
25.9576
26.5815
26.9801
25.6593
26.3401
25.7627
27.1245
26.1273
26.2414
25.5264
26.0822
25.6574
26.0726
27.4612
26.1942
26.2045
26.4808
26.2430
25.5903
26.7145
26.9573
26.8072
26.8605
26.6826
27.8764
28.3764
27.1304
27.3045
27.2583
26.7229
28.0070
27.0283
27.4449
27.7374
28.2815
28.6960
27.9143
29.1733
29.1417
28.3216
28.9930
27.1858
26.5029
28.6625
28.6585
29.7327
28.4831
28.3310
28.4597
27.9237
28.5125
28.2832
28.0908
27.6136
27.2379
27.5291
27.7435
27.1013
27.9003
28.4480
28.7196
27.2958
28.0673
28.2879
27.7181
27.6356
27.1694
28.4324
29.3119
28.2539
27.8403
28.6008
28.3610
29.3294
27.7506
28.1025
27.9815
28.0055
28.5487
27.5657
27.7580
27.8265
27.3341
28.5770
27.8951
28.0831
27.9415
27.3929
27.8518
27.6810
27.3120
26.7735
26.7549
27.2955
26.9305
27.7044
27.5408
27.2219
27.2026
27.1743
26.8799
27.5441
27.9860
27.5735
27.6343
27.4937
27.5974
28.2757
26.9328
27.0989
28.5020
29.0528
27.9010
26.9452
27.4623
27.7193
28.4563
28.1106
27.9178
28.0969
28.1789
26.9262
27.7050
27.5910
28.1221
28.5329
27.2118
28.5616
28.2700
28.5328
28.2830
28.5887
27.9344
27.8298
27.4954
27.8347
28.2768
27.6581
28.9329
28.0043
28.5643
29.1794
28.6191
27.5981
27.5834
28.2271
28.4530
29.8629
29.3232
30.1565
28.9895
27.6278
28.9027
27.7204
27.9415
27.8795
28.4237
28.6977
28.4095
28.9518
29.6414
28.1854
28.5910
29.0067
29.7425
29.3583
28.8785
28.2059
28.2419
28.6898
28.0770
28.5876
28.4918
28.8249
28.8166
30.1367
30.7107
28.1820
28.8054
29.2806
28.8451
29.2909
29.7163
28.9888
28.1894
29.5894
28.6430
30.1902
29.4344
29.7866
29.5407
30.1184
29.7605
30.8326
30.3004
29.2339
29.5221
29.9565
30.0485
28.8488
28.6671
28.8816
30.2820
28.7644
29.7745
29.3841
29.0402
28.4596
28.4507
28.4172
27.9918
29.0820
29.2715
29.0414
28.1378
28.9465
30.1627
28.0695
28.7264
28.6803
29.3849
28.2630
27.4330
28.3104
28.8142
27.9482
27.1993
28.3658
29.2191
29.0355
29.8712
29.2883
28.4427
29.0750
29.2980
29.3502
28.0465
28.5121
30.5627
30.2201
29.9106
29.6338
29.2812
29.0294
29.6979
29.7612
28.6125
28.7416
28.8077
29.1345
28.6124
27.6622
28.9414
28.2228
27.9831
28.5742
28.8149
28.3391
29.0380
27.4038
29.1289
28.9355
28.8923
29.4634
29.0045
28.4871
27.9798
28.0761
28.9773
29.2290
29.0988
28.7174
28.6189
28.4087
29.6918
28.3180
27.5895
28.7513
28.9894
28.8905
28.9518
28.5127
28.9463
29.4812
28.2632
29.3795
28.4364
28.6042
28.4390
27.2720
27.5576
26.5828
26.6906
27.3883
28.0637
27.4569
28.2675
28.8633
28.4055
29.5672
28.3905
29.0261
28.1918
28.6912
28.3917
27.7827
28.1313
28.0404
27.8447
28.6591
28.9665
27.4170
29.8981
28.4422
28.7435
27.3044
27.3339
28.2535
28.1068
28.1576
28.9731
29.1099
29.5310
29.7908
28.5390
29.3847
29.1995
29.9331
28.9168
29.2854
29.8434
29.6979
28.8419
29.3544
29.6230
30.4345
28.8826
28.8968
28.3923
28.3776
28.7910
27.4064
27.4266
28.7337
27.7504
28.3205
28.0818
27.5994
27.8361
27.6035
27.5975
28.4816
28.2342
28.2740
27.9293
28.8284
29.2176
29.7630
29.3569
30.1144
30.1365
28.7724
29.1192
30.2854
29.5527
28.8999
28.1421
28.7540
27.9081
28.6980
29.2355
28.7700
29.5688
29.2834
28.3149
28.9074
28.5848
29.0691
29.2446
29.8798
28.8756
28.0901
29.2090
28.5783
28.6378
27.3389
28.4319
28.4320
27.8929
29.0364
29.1285
29.0061
27.8867
27.8578
29.0767
28.6206
28.7370
28.9665
29.1942
27.3931
27.7996
28.1931
27.5303
27.9830
28.3883
28.7006
28.4178
28.5085
29.0825
28.1967
28.3954
28.4818
27.1578
27.9319
27.6690
28.1164
27.6459
28.2708
29.9186
27.9631
28.5873
27.4006
28.0268
27.9060
27.6275
28.6243
26.6178
27.9114
27.6612
27.3594
27.8235
28.6523
29.5423
28.3132
28.2194
29.3427
28.7088
29.2473
29.5681
28.2928
28.2244
26.4767
26.4811
27.1580
26.5303
26.9139
27.3574
26.7592
26.7387
27.3300
26.9556
27.7360
28.0706
27.0624
27.9750
27.5643
28.2073
28.0485
27.2555
27.5700
26.5333
27.7798
27.8887
27.5191
27.1510
27.0775
26.8735
27.5723
26.4506
26.6657
25.9153
27.0561
27.0824
26.9256
27.2857
27.6631
27.1838
28.2235
28.2221
27.9714
28.0071
27.7516
27.8077
27.9478
28.0161
28.0983
29.4269
28.8353
29.7103
28.0276
28.8628
29.8338
30.1541
30.9790
29.9263
29.4356
28.7734
29.1109
28.5415
28.9443
28.7428
29.0759
30.4284
30.0972
29.3407
30.3814
30.0609
29.3742
29.3235
28.6109
27.8425
28.1417
29.0996
29.1063
29.3058
29.5147
29.7875
29.4276
29.2562
29.3961
28.3472
29.7741
29.2046
29.3556
29.1733
29.4709
28.9787
29.3704
30.2730
28.2975
30.2764
30.3434
28.5141
26.9944
28.1975
27.8814
29.5619
29.4431
29.9251
29.3407
30.6470
28.4793
28.3518
28.1781
27.1608
27.5929
26.5874
27.6007
27.2738
26.3381
26.2621
26.4325
26.9332
26.3236
25.5805
25.8932
26.6788
26.5455
26.0366
25.7332
26.7649
27.0510
26.0019
27.6473
26.4260
26.5438
26.6175
25.4599
26.5473
26.6429
26.4175
27.1804
27.1408
26.3293
26.2254
26.0924
25.7663
26.6641
27.3627
27.0342
28.1078
26.8947
27.5042
28.1850
28.0426
27.3818
26.9033
27.2881
26.7493
26.2702
26.4789
27.0010
26.7747
27.6924
26.7019
27.4656
25.7281
25.9986
26.5081
25.7387
26.8500
26.4123
27.0706
26.2128
25.7650
26.8419
27.0114
26.5333
27.0535
27.6520
26.4325
27.0467
26.8707
25.7727
26.3821
25.5999
26.7832
25.6777
25.8774
25.5924
26.2315
26.2905
25.7795
25.8920
26.7272
26.7344
26.2634
26.2680
24.7044
26.8281
24.7540
25.7325
26.3191
26.4719
26.2853
25.7609
26.3600
26.4537
26.6541
28.1720
27.2643
27.0610
27.7378
26.5304
26.3239
27.4527
26.6710
25.6085
27.0460
26.4527
26.1588
26.0349
26.9048
26.9453
26.7786
27.7416
27.4096
27.1379
27.1631
27.0134
27.0758
26.8145
27.5548
26.1247
26.5259
27.1829
27.9835
26.7271
26.9660
26.1213
26.3341
25.2019
26.0076
25.3320
25.2584
24.7156
26.3720
26.3492
25.4353
24.7762
25.4408
25.6324
25.5097
26.6808
25.0172
25.8000
25.8539
25.1669
25.2791
26.0270
25.4468
25.4694
24.2775
24.9755
24.9537
26.7186
26.0919
26.9185
25.2536
25.7744
24.4869
26.0404
24.8824
24.4636
24.7385
23.8284
23.5967
23.4408
24.3763
23.2254
24.8736
24.8815
24.5961
24.2879
23.8893
25.5464
25.7013
26.1698
24.5560
23.9368
24.0442
23.7186
24.3340
25.9486
25.6636
25.5323
25.7311
26.5268
25.9709
25.3832
25.0318
25.5707
25.9901
24.9165
24.2580
24.6459
24.4179
24.4782
23.6204
23.5218
23.7050
24.5781
24.8091
23.8604
24.3461
24.4949
24.8420
23.9335
24.9530
24.2973
24.4248
25.6374
25.1566
24.8871
24.6562
25.1313
25.0921
24.4236
25.0138
24.4885
25.4746
24.2558
23.9884
24.8104
24.9019
24.5455
24.7603
25.4966
25.0875
25.0983
23.9589
23.8835
24.7977
25.2566
24.2514
24.4955
24.4853
24.5499
24.7198
24.0924
23.7691
23.4447
23.6550
23.9973
22.6932
22.5828
23.2707
23.6519
23.1435
23.9961
23.9112
23.9514
24.1104
24.6768
24.4485
23.9970
24.0405
23.9491
23.3667
23.4460
24.6152
23.8988
24.4170
25.0710
25.0823
24.8307
24.1723
24.4472
24.1986
23.5276
24.0754
24.7975
24.4367
23.9556
24.5242
24.3236
24.5306
24.0231
24.3651
24.3027
24.2210
23.3811
24.3443
24.3330
24.7697
24.7547
25.5678
24.9410
25.3700
25.3010
25.6425
25.9132
25.1283
24.9220
25.5034
25.5003
25.9524
25.1915
25.2473
26.3292
25.0281
26.7668
26.2982
26.8571
26.7564
26.4167
26.9366
26.3851
27.0137
26.8168
26.2887
24.5982
23.9218
25.3303
26.9786
25.6575
26.4565
24.4040
25.5900
26.6825
27.3306
27.3960
26.4603
26.4847
27.0879
26.5658
26.3483
25.4231
25.5573
26.5251
26.2177
24.9727
25.7453
25.6567
26.6593
25.0647
25.9981
25.8868
25.4287
24.4286
25.7640
25.5434
26.0543
24.7724
25.3296
25.5438
25.4089
27.1751
26.3031
25.7596
25.4449
26.7343
26.1470
25.0189
25.7287
27.3123
27.2128
27.8054
28.4893
29.1779
28.8776
28.1445
26.3684
25.3740
25.3266
26.3525
26.1820
27.8143
28.0764
27.3330
27.6391
26.5478
26.7724
27.2924
27.5399
27.3512
28.0517
28.3653
27.6780
27.2370
26.2113
26.9348
27.5035
26.6163
26.2606
25.6785
25.5132
26.4317
26.5809
26.0615
26.8933
26.6168
27.3468
27.4769
26.1407
25.3951
26.3627
25.6967
26.2585
25.8809
27.0110
26.9775
26.6987
27.1563
25.3114
26.2582
24.7175
25.8359
25.9591
25.5534
25.5400
25.8999
25.5285
25.6131
26.4483
26.3264
27.6938
27.0342
26.8742
27.0160
25.8216
26.5200
26.5978
27.4567
27.9663
27.5566
27.7631
26.7411
27.5426
27.5078
27.6538
27.8739
27.5852
27.4789
26.1030
26.8888
27.0083
27.0579
27.7875
26.9486
26.5207
26.8101
26.7183
26.7174
27.0807
27.4347
27.0980
25.7036
26.7046
27.2357
26.6024
27.2098
26.4508
26.7559
26.9283
26.9222
27.7830
28.0045
27.9662
27.1175
26.6964
27.2602
27.2552
26.4219
26.3807
26.3480
26.0478
26.9887
27.2890
26.3596
26.8928
26.1376
25.9068
25.6639
27.3509
26.4638
26.6588
25.9796
27.3154
26.2913
27.3895
27.3102
27.2189
27.3315
26.2418
25.7070
26.2981
26.6910
26.2215
27.0801
26.1697
26.8000
27.2439
26.8714
28.1037
27.4987
27.5346
27.6270
27.9543
27.6242
27.2578
28.3441
26.6188
26.4450
26.1068
27.0458
27.0008
26.7751
26.6571
26.6391
27.4529
27.4261
26.5847
27.5761
26.8073
26.0913
27.2667
27.5147
26.8442
26.4178
27.1494
26.2322
26.0078
25.9404
26.3814
26.4298
26.1375
25.9952
25.7552
24.8065
25.8238
27.0446
25.7199
24.8221
25.0915
25.9891
26.2353
24.6937
26.2212
25.6009
25.2881
25.7154
25.9788
25.3114
25.2452
25.4336
25.3751
25.1802
25.0989
25.7272
26.0265
26.1869
25.2717
25.2805
25.9547
25.7558
26.4186
24.7174
25.5194
24.9189
25.6880
25.5544
26.1941
26.1807
25.4832
25.6629
26.1268
26.1870
25.4829
27.2329
27.3015
26.1202
25.7956
26.3820
24.9717
25.5138
25.3866
25.8493
25.7032
25.2118
25.1457
25.8638
26.8151
26.1531
26.3512
25.9620
26.4856
28.2051
26.5746
26.9951
26.7951
26.2311
27.2075
27.5203
27.6697
26.7919
27.0964
26.8212
25.8638
25.9356
26.7374
26.1319
26.6704
26.7481
26.8663
25.2997
26.5617
26.9954
26.5588
26.2633
26.8091
26.1048
26.1055
25.6975
25.7204
26.1027
26.2858
26.7557
25.5519
26.8423
26.7153
27.2970
26.3449
25.7231
26.0729
26.8906
25.5322
26.9808
27.6359
26.0989
26.1510
25.6730
25.7531
26.6783
26.3557
25.6755
26.1203
27.0142
27.2628
26.6095
25.9774
26.8509
26.5567
27.0103
27.4450
26.4745
26.9208
26.3486
26.1955
26.7355
27.3583
25.5013
26.7877
27.2069
26.7591
27.6077
28.2177
27.7302
27.1694
26.7552
26.3991
26.6962
26.5500
26.0802
26.4997
25.8750
26.0224
25.8513
26.1377
25.9104
25.1351
25.3643
24.5375
25.7488
25.9103
25.8371
26.0100
25.8699
26.4426
25.3316
24.8372
24.6287
25.2262
24.4304
25.0102
23.8381
24.2875
25.0943
24.7971
24.7151
23.2574
24.1352
25.4916
25.5222
25.5255
25.7427
25.0294
25.9631
25.7643
25.0851
24.8846
24.5292
25.4857
24.4761
25.3148
24.8821
24.1368
24.4187
24.3157
25.4645
24.7647
24.0262
24.8862
24.8461
24.3066
23.4781
23.7385
24.5001
24.4129
24.1629
23.8994
23.9956
24.1812
24.2397
24.5366
25.6875
25.3202
25.5726
25.0997
25.8764
25.0559
25.0598
25.1460
24.5502
25.1226
25.9089
26.2443
25.3105
25.5806
25.9552
26.7257
25.8505
25.6285
24.7765
25.5594
25.0838
25.5305
24.5408
24.5473
24.7869
25.2470
25.2411
25.2118
24.6428
25.5875
24.9405
25.8850
25.1521
25.1986
25.3763
24.8898
23.6558
25.6381
23.9995
25.3737
24.9957
25.3843
25.8810
24.4075
24.4519
25.0448
24.5649
24.4366
25.1416
24.8844
24.1880
24.1200
24.2586
24.3643
22.9813
24.3947
23.9355
24.1509
23.7991
24.4850
25.1653
24.9431
24.1009
24.4568
24.2693
24.9542
24.8290
24.1529
24.8217
24.3677
24.7094
24.4074
24.5310
24.0406
24.3502
25.3297
25.1960
24.7921
24.7605
25.0018
24.2122
24.1727
24.3695
23.5864
24.0004
24.7288
24.4962
24.9204
24.8268
26.4145
26.3711
25.8694
25.6817
25.0438
25.5532
24.9184
25.0364
24.9167
24.3649
25.1753
25.2492
25.2309
25.8792
25.8335
25.5636
26.0842
26.1863
26.5628
26.5261
26.0681
26.3698
25.8307
25.5087
26.0066
25.8337
26.1884
26.1500
25.8044
25.3033
25.4554
25.8445
26.0421
25.9913
26.4290
24.9681
24.8230
24.7901
25.3990
25.2153
25.1757
25.2095
24.9052
25.4008
25.3463
24.8440
24.5136
25.5188
25.7328
26.1041
25.3991
25.2896
25.9718
25.6725
25.8318
25.4159
25.4304
25.6553
25.5349
25.6008
24.9049
25.0301
24.4417
26.0025
25.0144
25.6872
24.7535
25.2065
24.6135
25.2901
24.8701
24.6435
25.1019
25.8843
25.4081
25.4446
24.2548
24.4771
24.9476
24.7997
25.1011
25.0884
25.5170
24.9836
25.0670
24.2177
24.7780
24.9794
24.8139
24.3265
25.5554
25.4929
25.6366
25.0714
24.5796
24.4241
24.7619
25.2109
24.8069
25.3123
24.4145
25.5775
25.0253
25.3978
24.7342
24.8315
25.1843
25.3768
25.2846
25.0259
25.9569
24.8707
25.1456
24.9879
24.3587
24.0250
24.8438
24.3227
24.2791
24.4525
23.8898
25.8512
25.6324
25.3738
25.7041
24.8732
25.7102
25.4093
25.0964
24.8563
24.5769
24.9843
25.0400
25.6085
25.4832
25.0773
24.7923
25.1232
24.6951
25.4482
25.2492
25.0818
25.8650
24.8724
24.0217
25.8103
25.9984
25.6322
25.1673
24.8661
24.2332
24.6484
23.8341
24.4010
23.0440
23.7810
23.8029
23.2966
22.4034
23.2044
23.6703
24.2251
23.6667
24.0082
23.9342
24.1953
24.3408
25.3056
24.9690
25.6750
24.5121
24.4694
25.0234
24.9238
25.0076
25.1181
24.2752
23.4189
24.3846
24.2733
24.2150
24.5307
24.1785
24.1631
24.4096
23.7490
24.0638
24.7108
24.1738
25.1104
25.5279
24.8347
25.4474
25.3618
24.7838
24.5504
25.1544
25.3568
23.6606
23.6625
24.6946
25.0037
24.8649
24.7579
24.0852
24.1072
24.1021
24.1398
23.9328
24.2502
24.7947
25.2958
25.5657
24.9583
24.7360
24.9355
25.5619
25.1681
24.5957
24.6995
25.2868
24.5804
23.7213
24.4802
24.5261
24.9369
24.8831
24.8069
24.3991
24.3531
23.7548
25.2878
25.1806
24.6939
25.0226
25.3536
24.6750
24.3206
24.5122
25.3435
24.6170
23.5026
24.4642
24.1047
24.2724
24.8416
24.0448
23.2777
24.3709
23.5334
23.4139
22.9526
23.3324
23.4955
23.8458
22.2815
22.8040
23.2494
23.0674
21.8303
22.7677
22.9053
23.3300
23.5049
23.7744
23.5556
24.1981
24.1246
23.6396
24.5361
24.9389
24.3142
23.0748
23.2273
22.1739
24.0249
24.3926
24.9046
24.6837
23.9652
22.8555
23.0834
23.5893
23.8263
23.2663
23.0009
24.3299
23.7405
23.1857
24.7439
24.4727
23.8930
23.4585
23.7763
23.8749
24.1671
23.9017
23.1449
23.4779
22.9417
23.5794
24.0243
22.5167
23.5128
24.0862
23.2503
22.9858
23.2914
22.7460
23.9681
23.6571
23.9659
23.6402
23.0421
22.5675
22.4371
22.6383
22.9908
21.6532
21.6820
21.5322
21.4773
20.6157
21.2728
21.6521
21.2835
20.8022
22.4432
20.9122
21.8971
22.3755
22.1550
22.0913
22.9268
22.8886
22.4920
22.7827
22.3452
21.8427
21.8707
21.0496
21.4870
21.3978
21.9786
22.0987
21.9266
21.7327
21.8045
21.5085
20.4807
21.0825
21.1352
21.1818
21.8815
21.2731
21.2885
21.1685
21.1947
21.0551
20.7832
21.0827
21.9299
21.6287
21.7157
21.5048
21.6031
22.0229
21.5267
22.7373
22.5157
22.1714
21.5322
22.8457
22.1614
22.7590
22.6517
21.4588
21.4814
22.2755
21.6454
21.7882
22.0137
22.7647
21.5025
21.4750
21.9609
22.0839
22.5486
22.6437
21.6125
22.3801
21.5686
21.8212
21.2741
21.4469
21.4035
21.5143
21.6589
22.2189
21.8870
21.1704
21.3122
21.2616
21.0948
21.5357
22.4133
22.6727
21.7583
22.8261
23.4100
22.0812
22.1223
22.4380
21.6367
22.3160
22.2602
22.8175
22.3801
22.3320
22.0493
21.8867
22.6118
22.7294
23.4266
22.8107
22.7701
22.2441
22.7402
22.6029
22.3522
21.7213
23.3896
22.2634
22.5536
22.5455
22.5928
22.8762
22.0068
22.2549
21.7106
21.9698
22.1256
23.0222
21.8170
22.9859
22.6762
22.4275
22.6206
22.0911
23.5987
23.2588
22.9730
23.2058
23.0610
23.8561
23.9134
24.1723
23.6459
23.5968
22.9827
22.7135
23.5189
23.5367
24.3030
24.7342
22.4056
22.0449
22.6084
22.6958
22.4809
22.5998
23.2577
23.4319
23.3410
24.5230
23.3786
23.4690
23.2246
22.5392
22.2728
22.9230
23.3656
22.8653
22.5353
22.7517
23.2110
23.1583
23.8846
23.2844
23.4658
23.1582
24.1456
24.4558
24.1977
24.5690
23.6402
24.5430
23.9753
24.0726
23.9875
23.2796
23.1255
23.7659
22.8314
23.8254
23.2651
23.5671
22.9320
23.8002
23.8894
24.1563
23.2373
25.3045
23.5045
24.0590
23.8931
24.6730
25.5004
24.6657
24.7957
24.7566
24.8172
24.3338
24.8060
24.6207
24.8772
24.7853
24.3567
24.6961
24.6468
24.4084
24.1445
23.7836
23.5186
23.3738
23.6998
23.5633
23.6382
23.1796
23.6696
23.3032
23.4615
23.1904
22.4298
22.6157
23.0089
22.2640
23.4518
23.2002
21.8065
22.6315
22.3773
22.6968
22.7982
22.9649
22.9591
22.7377
22.9427
21.8025
22.4614
23.1178
22.9706
22.4860
22.8799
22.9282
22.9353
22.8154
23.6108
22.7402
21.8583
22.2646
22.9706
23.7362
22.5251
22.4451
22.8110
23.1437
23.0695
23.6215
23.3558
22.7928
23.8242
23.9560
22.6722
23.4870
21.9971
22.8584
23.2370
23.3547
22.0102
22.5176
21.6028
22.8864
22.8251
23.2301
23.4479
23.2009
23.0699
22.3930
23.3284
22.6194
22.5394
22.6068
22.0523
23.1862
23.3037
23.4637
23.3238
23.6730
24.0520
23.8921
24.3742
23.2078
22.9884
22.1520
22.1711
22.8528
23.0373
22.6549
21.8070
22.3903
22.6160
21.9752
21.4597
22.8750
23.7704
23.5029
22.9014
22.9801
24.0222
23.1080
22.5541
23.3739
22.6664
23.5629
22.4391
23.9731
23.2353
22.9230
23.1996
22.3999
22.6480
22.6819
23.3949
23.8224
24.8894
23.4844
23.8145
23.3060
22.9514
23.6626
23.2452
24.6683
23.9132
23.7589
23.3271
22.7944
22.9685
22.1386
22.7631
23.2240
23.3373
24.2649
23.2248
23.2237
23.5126
23.9075
22.6174
22.4384
23.9439
23.2459
23.7684
22.9943
23.1082
23.6203
23.5953
23.9914
23.5222
22.7554
22.7208
22.5704
23.1817
22.7826
22.0929
21.2115
23.1202
22.1361
22.3173
23.0622
22.8489
22.2917
23.7095
23.8618
22.0913
22.3668
22.9254
22.9021
22.5206
22.3533
21.1951
22.1112
22.3854
22.0371
23.0580
23.4669
23.0470
22.9090
22.1385
22.4469
23.3985
22.6262
22.3574
23.8760
23.4730
23.3059
23.3904
23.3402
23.7115
23.9175
25.1727
23.3240
23.2458
23.0491
23.8076
24.1140
23.5997
23.3538
22.0255
22.5709
22.6029
22.9629
23.2848
22.8059
23.2896
23.5590
23.2761
23.3140
22.4712
21.9705
23.7401
22.6164
23.6439
22.7709
22.7786
24.2007
21.8187
23.7744
23.1009
23.2419
22.6454
22.3373
22.3286
22.0944
23.0810
23.2408
22.7938
23.1769
23.3945
22.5708
23.2980
23.9238
23.2621
22.1275
23.9245
23.6167
24.2595
23.4937
22.6385
22.6876
23.1704
21.9275
22.0037
22.0988
23.4802
22.9106
23.1418
22.9130
24.2237
24.6971
24.3136
24.9472
24.6472
24.0204
23.6481
22.8456
23.0454
22.7679
22.1133
22.5396
22.1397
22.2391
21.9143
22.8751
22.8239
23.8890
23.0235
22.5527
22.2182
23.4673
23.7332
23.3629
23.1840
21.3917
22.5272
22.3476
21.9037
22.6805
22.6048
21.7315
22.3073
22.8076
23.2241
22.9751
22.8352
23.1986
22.4776
23.0534
23.3064
22.6662
22.2951
21.8375
23.0368
22.0728
22.6814
22.7562
22.6123
22.2035
22.6944
22.0525
22.5353
23.0275
22.7857
23.2110
23.0612
22.8251
23.0284
23.5520
22.5348
23.3497
23.2217
22.1548
22.3896
22.6570
23.6284
23.2562
22.8874
23.6698
22.5931
21.6090
21.7412
22.1473
22.3090
22.7995
22.0322
23.3537
22.2497
22.2156
21.6452
22.2672
22.8829
23.2751
22.9570
22.8609
23.1288
22.3136
22.8609
21.7994
22.7594
21.7073
21.7285
22.1820
22.1799
22.7404
22.0587
22.7413
22.7133
23.1577
23.2859
22.9583
23.8585
23.0700
22.7417
22.8979
23.2140
23.3133
23.4286
22.7851
22.5719
21.6822
22.3670
22.4477
22.6438
23.8419
24.5582
23.8336
24.2900
23.2662
23.3768
23.1497
23.3596
22.0307
22.2101
22.9032
23.2065
23.5779
22.8749
23.7205
23.6887
22.8670
24.9599
24.6485
25.0901
24.9520
23.8556
23.0595
24.0039
24.2122
23.4324
23.7264
23.7658
22.9418
24.1654
23.2298
23.5599
23.8065
23.7630
23.3304
24.9100
24.0020
23.3113
24.0962
24.6964
24.0047
24.2897
23.2896
24.6465
23.6915
23.5732
24.0354
23.0668
24.0684
24.1828
23.8074
23.5156
22.7223
23.6480
23.1507
22.9651
23.6435
23.7037
23.9499
23.7129
23.7310
22.7867
23.4824
23.3100
23.7289
23.6841
23.1433
23.0741
23.6721
23.7403
24.4014
24.3926
24.5256
23.2313
22.9088
21.9374
22.6663
22.8958
23.5268
23.2997
24.1173
23.9156
23.8053
24.8532
24.2349
24.4153
23.9906
22.3574
22.8677
22.7298
22.8644
22.4944
22.8132
22.6358
22.3283
23.0796
22.6540
22.4168
22.5667
21.9965
22.8372
23.2621
22.8754
23.0934
23.2435
21.9960
22.1158
22.5154
23.0094
22.5593
22.4174
23.2075
22.2769
22.5548
22.6543
21.8189
23.1375
22.3126
22.5649
22.7546
22.7193
22.8565
22.5645
23.0021
21.5560
23.9683
21.9590
22.5438
23.1100
22.2588
22.7338
22.5243
23.4089
23.5067
22.8567
23.0494
22.2493
23.1790
22.5353
22.6703
22.0883
21.4451
21.8279
21.3496
21.9947
21.1333
21.0617
21.3852
21.7406
20.8553
21.3245
21.5748
21.2365
21.1810
21.3982
21.9539
21.8978
22.0240
21.5740
21.6788
21.6961
22.0089
22.4262
22.4229
22.4777
21.7689
22.1818
21.5338
22.5575
22.0727
22.0696
21.7769
22.2442
22.1895
22.2660
21.5364
21.9914
21.8247
21.9919
22.8217
21.8436
23.0175
21.6039
22.4268
21.6158
22.1980
22.5492
23.2901
22.9325
22.3366
22.5084
22.7857
23.4887
22.9375
23.0747
22.9027
22.0158
23.5219
22.7498
22.2484
22.5418
22.3088
23.0375
21.6851
22.6021
22.1353
23.6438
22.1030
22.1440
22.6579
22.3205
22.9483
22.6986
23.8657
22.1398
22.2719
22.9999
22.3631
22.2163
23.0325
23.4342
22.9151
22.9976
22.2524
22.3178
22.7935
22.9931
22.4387
23.0706
22.6767
21.6401
22.6438
23.0935
22.5646
22.9581
22.8743
22.7431
22.5295
21.9904
22.3734
21.7748
22.9564
22.5402
22.6387
23.0797
22.7912
22.4731
22.7393
22.6987
22.1676
22.9007
22.2613
22.3018
21.8168
22.8192
22.8830
22.3728
22.2425
23.0262
22.6031
22.3721
22.1750
22.9814
22.1518
21.3339
22.4760
22.3759
21.7121
22.6028
22.4426
23.0818
22.8046
22.2246
22.0253
22.0682
22.6147
22.5325
21.7977
21.9459
22.2673
22.7994
21.5064
21.4394
21.9799
21.6229
21.9384
21.7520
22.2578
22.2027
22.9295
21.9206
21.9427
22.0823
22.5385
22.4854
22.3612
21.9457
21.8869
22.1164
21.9887
21.7577
21.5030
21.0964
21.3815
21.4157
23.0724
21.6637
21.3077
21.3183
21.7465
21.4528
21.7453
21.2943
21.6170
21.9059
21.1604
21.1872
21.9574
21.4603
22.7827
21.5809
22.1834
21.8579
21.8734
20.6091
20.9056
21.0456
21.6594
21.8333
20.9011
22.4535
20.8967
22.0101
21.9858
20.6547
21.8037
21.7859
21.7909
21.1549
21.0351
21.4256
21.7488
22.9599
22.1887
22.2760
21.9897
21.3701
22.3705
21.9100
22.2197
21.3362
22.5035
21.9400
22.1548
21.9956
22.3524
22.2015
22.0772
22.1831
21.9331
22.1756
22.1698
21.7669
22.0633
22.5068
22.7695
21.7778
22.4469
22.4758
22.1381
21.4405
22.1921
21.6400
22.1467
22.6442
22.2254
23.4097
23.3927
23.3883
22.8995
23.0360
22.2146
23.0099
22.3455
21.9247
21.6501
22.4256
22.0200
21.3771
22.7810
22.3020
22.3596
21.9462
21.9435
22.4309
22.2861
22.1060
23.3595
22.4107
22.7803
22.5843
22.3233
23.0342
21.6613
21.3412
22.0895
21.7655
20.6993
21.3934
22.2640
22.5238
23.2759
21.9724
21.9228
22.1949
22.0502
22.2701
22.2777
22.4542
23.2003
22.9850
23.3077
22.8474
23.1863
23.0788
23.4762
23.4398
22.7319
22.8105
23.3054
23.3242
23.2276
21.9147
22.9499
23.4803
24.6525
23.2714
23.8785
23.4121
23.8282
23.6237
23.8802
23.3871
23.4984
23.7012
23.3834
23.5059
23.3257
23.0847
23.2331
24.0645
22.9373
23.5862
24.7557
23.0378
23.4030
23.2089
23.4337
23.9467
23.5918
23.1725
24.5715
23.3568
22.9778
22.7975
23.8918
23.0322
23.0893
21.8687
23.0561
24.0520
23.8374
23.9139
23.8732
23.4145
23.3265
23.0678
22.3811
22.6919
23.8020
23.4348
24.5043
24.0443
24.8965
23.6204
23.5257
23.4886
24.2787
24.0353
24.3090
24.1943
25.9182
24.8748
24.1231
23.8371
24.0592
24.6513
24.7767
24.6459
25.3690
24.2560
24.1561
24.5819
25.3976
24.3208
25.1171
23.1510
24.5415
23.7540
23.8771
23.6470
22.6225
23.2500
24.2936
24.9708
25.3686
23.5595
24.0708
23.3496
24.1520
23.8510
24.6241
23.9441
24.1031
23.5973
23.9563
23.6989
23.8610
24.0717
23.3943
23.7554
24.3623
24.2688
24.1797
23.7913
23.1147
23.6353
23.4835
23.6162
22.6074
23.6781
23.3538
23.6679
23.5322
23.2251
24.0450
24.4140
23.6440
24.2306
25.2735
25.0643
24.1754
24.3899
23.8493
24.4438
23.9974
24.0182
24.3866
25.0507
24.6444
24.0917
24.4264
23.1519
24.5859
23.7930
23.4031
24.2055
24.4193
23.7375
23.2166
23.6884
23.9921
23.2868
23.8083
24.0526
24.1412
23.6251
23.8087
23.4305
24.4036
25.1193
25.1446
24.5286
23.9480
24.6842
24.3055
23.9706
24.7468
24.0731
24.5630
24.4526
23.8692
24.7803
24.4307
23.4302
24.9252
23.0973
23.5606
23.0996
22.8717
23.4386
23.5040
23.4137
24.2378
23.7229
23.0766
23.5127
22.4639
23.0508
22.3510
23.8196
22.6061
24.0889
23.3750
22.6153
23.0799
23.3606
22.2530
22.6666
22.5799
22.4583
22.6923
22.7650
22.3306
22.2295
21.8435
22.0348
21.7449
22.9919
22.1405
21.7953
21.8142
22.0132
21.5811
21.4955
21.1412
21.1836
21.5126
22.2764
21.4719
21.7651
22.3359
22.6988
23.1430
22.7540
21.2797
20.8514
22.1267
22.2793
22.0899
22.6800
22.8320
22.3642
23.1780
23.5004
22.2450
22.7467
22.8532
22.3166
22.3554
21.4596
22.1671
22.3210
21.5103
21.7878
22.6317
23.0149
22.3320
23.1905
23.1576
23.1324
21.9376
22.2013
21.7219
21.6905
22.6938
23.0560
22.5354
22.7294
22.4402
22.6369
22.3395
23.4209
23.1081
22.6425
23.2721
22.1985
22.1553
22.3259
23.1430
22.2234
22.8970
23.5123
22.6940
23.3865
23.1668
22.6056
23.5484
23.6196
22.5813
22.4576
22.2953
22.2738
22.8418
21.9770
22.0521
22.1915
22.4191
22.5897
22.0556
22.3799
21.4796
21.5092
22.9632
22.1879
21.9407
21.7775
22.4491
23.0846
21.5849
23.3768
21.7884
22.5091
22.7235
23.4203
22.8265
23.0623
21.8811
22.6072
23.5103
22.5467
23.3939
23.8473
23.6209
23.2541
21.8555
22.7230
22.2145
22.6086
23.5333
22.8425
22.5662
22.5675
22.7647
22.3382
21.0456
21.8496
22.4920
22.7672
22.7118
22.0400
22.5854
22.6956
21.7972
22.1420
21.4761
21.4953
21.3523
21.3531
21.3355
21.2802
20.9989
22.3376
22.2938
22.6626
21.8055
21.9292
21.9272
22.7457
21.9742
21.8100
21.6306
21.5690
21.7164
22.0388
22.1258
22.1206
23.5804
23.3588
23.3622
22.0841
22.4351
21.7600
21.7436
22.1458
22.5987
22.2434
22.2301
22.9684
22.1304
21.6803
22.1207
22.6757
22.2399
21.6873
21.6152
21.2890
22.0580
22.0919
22.1353
21.6291
22.4786
22.3094
21.8333
22.5405
22.6648
22.4638
22.6447
22.3129
21.3903
22.2405
21.8244
22.1750
22.6798
22.8549
22.8762
22.8042
22.2982
22.2590
22.4360
23.2750
22.3376
22.0872
22.5108
21.8518
22.6736
23.1542
22.6200
22.9932
23.7048
23.9718
23.5962
23.5839
23.5149
23.5952
23.6463
23.3438
23.3808
25.0360
24.6199
23.8342
24.1497
23.9264
24.4982
23.7875
23.8753
23.1637
23.7396
23.9387
24.9390
24.8697
25.4355
24.1112
24.3022
22.9192
23.1972
23.1067
24.1401
22.5488
23.1448
23.0191
23.0148
24.3080
23.5724
23.5714
22.2490
22.8347
22.6722
22.5583
21.5069
22.8246
23.1829
22.6538
23.1370
23.0723
23.5978
21.7204
21.5936
22.0598
21.6317
21.2432
21.3836
21.3912
20.9448
21.5830
22.1222
21.9005
21.9672
22.3506
21.1060
21.5791
21.4978
21.7453
22.2760
22.4238
21.6653
21.8507
22.6468
22.7991
21.8250
22.9055
23.2080
22.7660
22.2338
22.9611
23.6743
23.1774
23.1531
22.5893
22.1787
22.4630
23.0034
22.9427
22.2643
22.7167
22.4990
22.3134
21.9624
22.4998
22.7100
21.7415
22.3000
22.3352
23.0793
22.4832
22.2693
21.4782
22.2807
21.8211
22.2098
21.3580
22.0593
21.9172
22.8788
21.5161
23.0640
21.6454
22.5238
22.0613
22.4736
22.0500
22.1438
21.2082
21.4912
21.7464
22.3421
21.1838
22.6093
23.2149
21.8529
22.1622
22.9826
23.1580
22.7540
23.0619
22.2680
21.9362
22.4537
23.2037
22.7327
22.8375
23.2666
21.9997
22.7772
22.1735
23.0451
22.1748
22.7399
22.6620
22.5725
21.7925
21.9692
22.8429
23.3852
22.8324
22.9570
23.0161
22.7878
21.9993
22.7294
22.4463
23.1596
22.6867
22.2708
22.7332
22.3321
22.8117
22.4794
22.7852
22.5259
22.6100
22.6284
22.8777
23.0895
22.7798
22.3145
22.6380
22.7509
23.1646
23.1989
22.4150
22.5703
22.5783
23.5262
23.3605
23.7977
23.7590
23.7668
22.4240
23.0674
23.3265
22.4221
22.6429
22.7300
22.4072
23.3868
24.4746
23.0273
23.5788
23.9514
23.6107
23.8131
23.6576
23.5904
23.5568
24.1320
23.4383
24.2951
23.3327
23.3166
22.3293
23.2243
23.7634
23.5004
23.4449
22.7265
24.3583
23.4239
23.1773
22.8202
23.2461
23.6057
23.3180
23.4422
22.9856
23.0047
23.2284
22.7672
22.4340
23.6547
21.5558
22.6103
23.3471
22.1373
22.4787
22.4549
22.7718
22.5492
22.1206
22.5135
22.1705
22.2108
22.1428
22.1243
22.5751
22.5218
21.9462
22.2821
22.8934
22.6565
23.6268
23.6274
23.5930
24.4254
23.6138
24.1645
23.6952
23.8055
22.9705
23.8158
24.1442
22.6753
22.9871
22.9538
22.5393
23.1900
22.0952
23.2645
22.2358
23.0566
21.8826
22.8996
22.4985
22.5109
22.0849
22.6710
22.6716
23.2276
22.3744
22.7115
22.4158
23.0970
23.6403
23.0116
22.1828
23.3189
22.8930
23.2842
23.1994
23.4622
22.6230
22.6188
22.7274
22.8563
23.0491
22.4209
23.2011
22.8721
22.9712
23.5904
22.8490
22.4332
23.3444
23.4762
22.1210
22.4094
22.4255
22.3749
22.7922
23.0120
23.1000
23.3764
23.2265
23.4821
22.3173
23.3822
22.2529
23.3251
22.9913
24.3301
22.8105
23.9630
24.1840
23.2784
23.5977
23.9839
24.5731
23.8749
23.3196
23.0694
23.4544
23.2061
23.9161
23.9341
24.2544
24.4047
23.0891
23.2068
23.7490
23.6276
22.5519
22.5296
22.7887
24.4906
23.6026
23.9906
23.7840
23.9901
23.5108
23.2259
24.2377
23.6636
23.4424
24.0768
22.8045
24.1424
22.5719
23.0392
23.2943
22.4774
23.1145
23.1917
24.1302
22.9784
22.8065
22.8772
23.0795
22.8846
23.4668
23.6242
23.1650
23.1435
23.2742
23.2071
22.5652
23.3682
22.3905
23.2897
22.6715
23.9685
22.6410
23.0399
22.3616
22.3725
22.3179
22.8696
23.5239
23.1204
23.4197
23.1155
23.3331
23.2440
23.8274
24.0545
23.1694
24.0436
23.5712
22.8810
23.2524
22.7747
23.7025
22.9554
22.9447
21.9465
21.9314
22.1179
21.6995
22.2019
22.8490
23.5257
21.6524
22.1109
23.2081
22.7573
21.3840
23.1015
22.9803
22.7039
22.1071
23.1482
23.1302
21.5343
22.0279
22.8972
22.8141
23.5411
22.6673
24.1637
24.3736
22.8394
23.3674
24.0836
22.9486
23.1711
22.8582
23.6150
23.0316
23.4469
23.4147
23.1363
23.5104
24.3489
23.8691
24.8926
25.9831
23.9959
24.1817
24.2169
23.2599
23.5665
22.8477
22.9027
23.0120
23.2475
22.9294
23.6498
22.4180
22.7619
22.0445
23.1232
22.7835
22.8399
21.4944
22.1075
22.5774
22.6367
21.1836
21.4879
21.7745
21.5125
21.5341
21.9510
21.1391
22.2947
22.1413
21.6506
22.1539
21.5658
21.1842
21.9663
21.6730
21.2899
20.6647
21.2088
20.7676
20.7492
21.6083
21.2784
21.6836
21.6852
21.2155
21.1872
21.7106
21.3589
21.9268
21.1989
22.3505
20.9275
20.8972
21.7627
21.0118
21.8642
20.7767
20.9974
21.4049
21.8511
20.7085
21.0906
21.5161
21.0965
20.4604
20.4410
21.8748
21.4243
21.2406
21.2624
20.9527
20.7724
20.8205
20.9271
19.8063
19.7267
20.5475
20.5761
20.6237
20.5849
20.6020
21.1435
21.8166
19.9939
20.3973
21.2296
20.7958
20.0231
20.7380
21.8071
21.2277
19.9697
20.4631
20.3051
21.4704
20.0355
20.1079
20.3503
19.7619
19.6161
20.0520
20.2726
22.1734
21.6404
21.2823
21.9501
22.1191
22.3838
22.4709
21.7112
22.9887
21.9838
22.7752
22.4645
22.0509
23.2019
23.5837
23.3272
22.5314
22.2812
22.9012
21.5650
21.5630
21.2628
21.5533
21.6827
21.3141
22.0502
21.6571
21.7349
22.6621
22.4274
22.2330
23.0440
23.2009
22.2437
22.2329
22.9510
22.6628
23.0531
22.6824
22.7793
23.2025
23.1690
23.1254
22.5179
21.7488
21.4401
22.2786
21.8081
22.2643
22.5011
24.0674
23.1715
23.4565
23.0722
22.2268
22.6594
22.0116
21.9286
22.6482
22.5407
22.8384
23.5568
23.0320
23.5939
22.5862
22.3727
22.6635
22.1992
22.8273
21.9878
23.3179
22.2827
23.0608
23.0157
22.6912
22.0076
21.5686
22.3031
21.6558
21.9195
22.6245
22.1787
22.0877
22.6515
22.9336
21.7807
22.3209
23.1437
23.1391
24.0861
23.2278
22.2887
22.8602
21.9328
21.5710
22.2072
21.7641
22.1089
22.8601
22.3499
22.6189
21.5087
21.5800
20.7262
21.9720
22.3597
23.2037
23.5742
22.5248
23.2425
22.8498
22.8873
22.2677
22.4831
23.6310
22.9540
23.6391
22.6774
23.1200
23.7115
23.8768
24.3277
24.3648
23.5291
22.7958
23.2097
22.9379
23.8511
23.0552
21.7657
22.7107
21.6625
21.3476
22.4540
22.4912
22.3769
21.8827
22.4467
21.9093
22.4004
22.6366
22.7296
22.4118
21.3571
21.7805
21.0469
20.9785
21.8372
22.8628
22.2010
22.6706
23.1308
21.5058
22.3386
22.8701
23.3117
22.9157
23.9235
22.8713
22.7327
23.0641
22.9243
22.3610
22.9039
21.9110
21.9255
22.3743
22.9662
22.4467
21.8944
22.9211
22.5363
21.3707
21.7914
21.5678
20.7842
22.2252
21.8151
22.8436
22.9322
22.3758
21.9930
21.4796
22.2234
23.0868
21.4123
21.8910
22.5691
22.0065
22.3191
22.7259
22.7501
22.9093
22.9565
22.2756
23.1923
23.3069
24.0471
24.0098
23.6587
22.6616
23.2953
23.3962
23.3340
23.8781
23.1545
22.9286
23.1418
22.1733
21.9385
23.0983
23.5667
24.1512
23.5953
23.7308
23.6982
24.3826
22.9804
24.3330
23.9545
24.1953
23.9778
24.4210
23.9022
23.4569
23.3234
23.4378
22.9578
24.2616
24.4453
23.9719
22.9324
22.6794
22.4186
22.7397
23.3032
23.0181
22.2540
22.6747
22.1344
22.6359
23.0944
23.4292
23.5768
22.7945
23.0943
23.9748
23.9107
23.6597
23.2627
24.0408
24.8491
24.8889
24.2771
24.3021
23.7008
24.5515
24.2658
23.7437
24.6421
24.4538
25.0977
25.0696
24.6691
25.7065
25.5655
25.5259
25.6589
25.2418
25.3204
25.3701
25.1126
25.2192
25.1016
25.1918
23.9070
24.8796
24.9629
25.0107
25.4849
25.7248
26.8219
25.6013
25.6241
24.9144
25.0062
26.1041
26.4669
25.6785
25.4294
24.3191
26.2448
25.7817
25.6945
25.1908
24.7232
25.0674
25.2234
25.6461
24.7334
25.6166
25.6644
26.4565
26.4011
25.7085
25.7000
25.8243
26.4287
26.3098
25.3820
26.1009
25.8284
25.2286
24.6829
25.1153
25.0872
25.1115
24.1955
24.1703
25.4122
24.9537
25.0892
24.5029
25.1315
25.1336
25.3220
25.2438
23.8366
24.6827
25.8047
25.0972
24.8657
26.1804
24.5654
26.2855
25.2616
24.9756
25.2045
24.2835
24.7449
25.4541
25.4493
24.0637
24.0671
25.5055
24.5175
24.2936
24.6124
24.0163
24.9885
25.1106
24.2660
25.4629
25.8240
24.7265
24.7761
25.3843
25.5731
23.9642
24.2315
25.7147
26.2437
25.3213
24.0992
23.8840
24.8669
24.7197
25.4860
24.7394
24.3103
24.0534
24.3785
25.0826
24.1426
23.6366
24.9654
24.3608
24.0157
23.9095
24.2579
24.1338
24.9187
24.5076
24.3324
24.6383
24.0905
23.6116
23.5620
22.9512
22.7014
23.0468
23.7319
23.4522
23.6279
23.5641
22.5274
23.3166
22.6173
22.7693
22.8657
22.4244
21.7634
22.9813
22.4604
22.1083
22.9291
22.9336
22.3650
23.4541
23.3399
23.6549
24.2811
22.4319
22.7005
23.1455
23.8575
22.8381
23.7680
23.8776
25.0452
24.4421
25.8398
24.8510
24.6988
25.1380
23.8533
24.2339
24.3622
24.4703
23.9410
22.9559
23.6151
23.2984
23.7453
25.1882
24.9329
25.3484
24.4469
24.9110
24.6889
25.1510
24.8783
25.5427
25.7021
25.2543
24.7406
23.3704
23.2609
24.3740
23.5285
24.8066
25.1280
25.4576
24.4290
24.0874
23.3072
23.9697
24.3128
23.2669
24.2626
23.0271
23.7740
23.0517
24.3067
24.5590
25.0183
25.5486
24.4183
24.6462
25.8906
25.2480
24.2975
24.4122
24.5908
23.6408
24.1089
25.1778
23.8313
23.8870
25.5216
25.5691
24.7121
24.3781
24.6070
25.0792
24.5159
24.3302
24.1970
25.0358
24.0832
25.0097
23.6681
24.4832
24.5590
24.3295
24.4168
23.5742
24.5094
24.6542
23.9996
23.5780
24.8951
23.4057
23.9333
24.3672
24.5655
24.9625
23.4972
23.2621
24.3540
24.0772
23.8492
23.9886
24.2954
23.5642
23.4466
23.8771
23.7906
23.1071
23.6168
24.1139
24.2445
24.3122
23.6653
23.8783
23.7299
23.3761
23.4378
23.4828
23.7747
24.4117
23.9925
23.1454
22.5083
23.4241
23.9633
23.7513
23.7688
23.8555
23.5021
24.3919
24.8961
24.3121
24.2887
24.5853
24.1950
25.2458
24.0679
24.8271
24.3212
24.9206
