32.7188
32.9327
32.6495
32.5514
30.8314
30.9406
30.2934
31.3300
31.2165
29.6595
31.6688
31.9303
31.7811
33.4086
35.0000
32.9291
32.7221
34.3336
32.8086
32.3790
32.7467
32.9797
32.4742
34.1787
34.5556
33.2801
34.0306
34.3837
33.5498
33.9881
34.3202
34.2369
34.6712
33.6248
32.6777
32.4662
32.0135
31.8106
29.3532
31.1410
31.9642
31.4725
31.7538
32.4994
30.8339
30.1810
30.4363
30.2290
32.4609
30.7452
30.0721
29.1308
28.8262
30.2172
31.4089
29.8169
30.2968
29.7914
30.9406
30.2318
30.0786
29.5832
29.7581
28.5640
28.9549
28.3373
29.5679
31.3116
31.0799
31.0978
29.7855
31.7889
31.1860
30.3074
30.9235
30.9856
30.1834
30.6168
30.9684
31.0184
30.5145
30.0440
29.8763
29.5816
29.6921
29.3156
30.1284
29.3781
29.9504
29.1503
29.6398
29.5254
28.9015
30.0486
30.2969
30.6637
30.7946
30.0033
30.0351
28.9712
29.7290
29.1712
29.3427
29.6076
29.0265
27.3773
27.7311
27.5135
27.7261
27.4391
26.8263
27.3193
27.2110
26.8983
27.3293
27.2067
27.3805
27.5578
28.4030
27.9738
28.0947
27.2199
28.6779
29.1456
29.0018
28.3547
27.8870
26.3761
26.9569
28.1923
26.4604
27.1148
27.7494
27.4773
27.6193
26.7406
25.9134
25.0469
26.1685
26.2929
25.2117
26.1129
25.8171
25.7808
26.0903
27.2446
26.0995
25.5515
25.3856
26.4224
25.1268
24.5697
25.0282
25.0966
26.0929
27.2529
26.1122
24.9209
25.5762
27.3238
25.6648
24.7774
26.0914
25.7167
25.7419
26.0285
26.9238
27.3214
27.4751
26.9464
26.0559
27.3524
27.1916
26.1170
25.5664
27.0373
26.6265
26.9457
27.3013
25.9967
26.0916
25.0827
25.7989
26.5581
25.3019
24.6011
24.6697
25.6252
23.5136
24.3713
24.6801
25.8227
26.2622
25.1456
25.5136
24.0941
24.1417
25.0234
24.7612
24.6457
25.0009
25.0531
26.5720
26.6185
25.4858
26.3565
26.0314
26.3733
25.8594
26.7440
25.8105
26.7640
26.1068
27.5354
27.0967
27.3896
27.6226
27.5854
27.7548
27.9425
27.6655
27.4535
27.1011
26.4796
27.6582
27.3628
28.2662
27.9018
27.1350
25.9679
26.7997
27.7153
27.1694
28.0968
25.7107
25.4032
25.8737
27.3311
27.5591
26.8925
27.7203
27.6062
27.0537
26.5272
26.7797
25.9465
25.7318
25.6365
25.3267
25.4860
26.2625
24.3913
25.2766
24.9490
24.5780
25.3104
25.7604
26.8471
26.0909
25.7667
25.6314
24.7523
24.9748
23.7947
24.3251
25.2983
24.8696
25.2463
25.3898
24.7759
24.9055
24.3407
24.8105
23.9977
23.6552
24.7369
25.4598
26.5421
26.7790
26.9321
26.4490
27.0300
25.5501
26.5471
26.8198
26.5575
26.3958
26.1021
27.0859
26.3473
27.0977
26.6894
27.2268
26.5856
27.7058
27.6526
26.7302
26.3564
28.2416
27.9349
27.8684
29.9351
28.9135
28.6945
28.8898
28.3768
28.7737
28.3194
26.9926
27.0660
27.3037
27.9257
27.8763
28.0814
29.0853
27.5312
27.0986
26.4717
26.4202
25.0438
26.6010
25.8155
26.0535
26.7636
26.6143
26.0318
25.5145
24.3498
25.3631
23.6677
24.7722
25.1209
25.9490
25.7023
25.0842
24.9394
24.8680
26.1505
24.9808
25.3027
26.0376
25.2841
26.3139
25.6780
26.6073
26.1637
26.4012
26.0124
25.2496
25.0990
26.4486
26.0481
25.0964
25.5478
24.9603
25.0518
25.0225
24.1885
23.8585
25.7525
25.5388
25.0715
25.8420
25.8015
25.9706
26.2655
26.0231
24.3633
25.9137
25.5679
25.3109
25.3444
25.6825
25.9397
24.9269
25.2180
25.6604
25.7662
27.0518
24.7940
24.9435
24.8605
24.3480
24.9226
26.2961
26.2035
26.8488
24.7600
25.3739
24.1255
25.2205
25.7528
25.2410
24.4124
24.5629
25.4142
24.9164
25.2834
24.7317
24.5313
24.3387
25.5205
26.9817
26.6963
25.7078
26.0002
25.6060
25.5294
25.8097
25.8243
25.0218
24.0888
25.1119
24.4608
24.4858
24.9651
23.8967
23.9162
22.8799
23.9579
25.6013
23.9375
23.8922
23.4083
23.2109
23.6010
23.2814
24.4438
23.9853
24.4823
25.2759
24.7337
23.2403
24.5261
24.9467
24.8295
24.3157
25.9159
24.9406
26.3027
26.7970
27.0083
25.2674
25.0190
25.0703
25.2217
26.5248
26.8448
26.8530
26.6688
26.1032
25.2563
26.8362
26.6031
26.5763
25.8331
26.3489
26.1992
26.0666
25.5448
24.5409
24.1106
24.8627
23.7479
24.4095
24.3427
23.4508
24.7371
24.5987
25.1977
25.4302
24.8552
24.3080
24.4060
24.0415
24.4953
24.6275
24.0323
23.9845
23.9861
23.2869
23.4546
24.1906
24.6707
23.6939
23.7054
24.5741
25.1750
25.2343
24.8778
25.3828
24.9663
25.8624
24.9507
25.1399
25.0467
25.3529
25.9658
25.5378
25.9011
26.2481
26.1646
25.2237
25.3202
24.9172
25.2985
25.1322
25.1771
23.9695
24.8058
24.3833
24.5599
24.4510
24.9898
25.6689
25.7745
24.6545
25.2139
25.0769
25.6720
25.3741
24.9613
25.3397
24.1424
25.2157
25.7742
25.6772
24.6186
24.9678
25.0882
24.6853
25.1452
25.2576
25.1206
24.7632
23.3179
24.1827
23.3728
24.3844
25.3867
25.8017
24.7506
23.9884
23.8103
25.0483
24.3409
24.1352
23.9193
23.8077
23.1683
23.5917
23.6927
24.9426
25.1632
23.7487
24.3497
24.3451
23.8902
23.9026
24.2478
24.4668
24.6401
24.7924
25.2964
24.8719
24.6900
24.1556
24.7024
24.9286
24.5410
24.7764
24.0296
24.4220
24.7026
23.6846
24.3887
25.0181
25.7097
24.9376
24.3659
24.4144
24.4114
23.2145
23.9953
24.7575
23.7372
24.3610
24.2010
24.3258
25.2262
24.3631
24.0416
23.7174
25.1310
23.1859
24.0657
24.8491
24.4776
24.8183
24.9205
27.2048
26.0443
25.5100
25.9789
26.9596
25.7947
25.1637
25.9828
26.3604
25.7852
25.2682
24.9501
25.3880
24.5602
24.6188
24.5024
26.2340
24.9264
24.0567
25.5305
26.3780
25.5670
25.4589
25.5652
25.6622
26.3395
26.2424
26.7084
26.5327
26.2265
25.8623
24.9940
25.9673
26.8586
26.7865
25.7670
26.4152
26.5091
27.5234
26.8627
26.1989
26.3133
27.4318
26.8711
27.9924
26.7404
27.7808
26.7227
27.2939
28.4217
26.8162
26.2259
26.7021
26.1009
27.1092
26.3019
27.0479
25.3907
26.1056
25.7782
25.8383
26.0088
25.1924
25.8821
26.1898
24.9298
25.4221
25.8760
24.8393
25.4864
26.0044
26.5017
26.4057
25.4313
26.0863
27.1935
27.0899
26.0920
26.4379
26.3178
26.6955
26.3618
25.8009
25.5271
25.5409
25.6071
25.1670
26.1372
25.1613
25.4264
25.7966
25.5761
25.0376
24.9044
24.3265
24.8141
24.6454
24.5041
25.8176
25.5135
24.3642
25.2119
24.6340
26.0467
26.5105
26.7997
27.2169
27.1589
27.2089
26.6486
27.2585
27.4134
27.3217
28.0771
28.4026
27.7339
27.6724
26.9839
27.8056
27.4903
27.8984
27.8656
27.4702
27.2964
28.0325
27.6774
26.4160
27.0245
26.7169
26.4700
26.9016
26.6340
27.8483
26.5598
26.5206
25.6425
25.3382
25.2859
25.7375
25.4055
26.1048
26.2029
24.4301
24.8876
24.3690
26.3605
25.2307
25.6304
24.8425
25.0866
24.3746
25.4247
25.2232
26.0495
25.9094
25.4344
24.4530
24.5297
25.8153
23.6431
24.7176
24.7711
25.1238
25.3270
25.6417
24.1279
26.6690
25.9292
25.6436
26.8041
27.1166
27.1718
26.5555
26.4248
25.6928
25.6390
26.1516
25.2247
25.9234
26.2977
26.6930
26.6485
25.9463
26.6028
26.7311
26.8156
27.3904
26.7731
27.3367
26.9965
27.8773
28.7090
27.5091
26.8720
27.3675
27.7651
28.2609
27.4430
26.8240
26.8739
26.9810
27.2440
26.8129
27.5521
27.2624
26.7994
27.2141
27.2165
27.8082
26.2533
26.4150
27.2997
26.7213
26.9509
26.5798
26.2181
27.1559
25.6502
27.2592
26.9145
26.9498
26.4365
27.1046
25.9822
26.3986
27.0330
26.2287
26.9117
27.6657
27.6377
27.8091
27.2126
26.9067
26.2435
26.7263
27.5011
26.3892
27.3611
27.1437
26.7596
27.4069
29.0691
28.7184
26.4760
28.6169
27.2738
28.0406
28.3679
29.3414
27.6622
28.9530
28.5472
27.3263
26.9843
26.5740
27.0457
26.9244
26.9959
26.6697
26.5961
27.7734
27.2791
26.6631
26.8283
26.7997
27.8503
27.5624
27.3083
26.1633
27.0404
27.5828
26.0419
28.5208
27.9422
27.8088
28.4536
26.8532
26.7641
27.4331
27.2753
27.2517
28.0122
27.3132
25.5818
25.1177
26.9489
28.1419
27.6956
27.1544
27.6466
26.6246
27.1624
27.7205
27.1781
27.2372
26.8902
26.6475
26.6331
27.0475
26.4746
26.2181
26.4994
27.0247
27.4157
26.1468
26.5848
26.1021
27.0559
28.4631
28.0475
26.9822
27.3914
26.8208
27.1447
27.9293
28.1282
27.5115
25.8869
26.8995
26.8090
26.4279
26.1564
25.6143
26.1949
24.9139
26.3148
26.0428
26.5573
26.4550
25.6934
25.5223
25.8337
25.8823
26.5008
26.0637
25.6808
25.5723
25.1786
24.3114
24.7376
24.6397
26.1699
25.8667
25.7700
26.1567
27.1566
27.1510
25.6312
25.7510
25.9133
25.2124
24.1112
23.2764
24.6128
25.4168
24.9631
24.5928
25.7035
24.7718
25.3492
26.1039
25.6430
25.2981
25.2438
25.6350
24.7307
24.8007
25.3340
25.3377
24.1727
25.0530
25.0406
24.9081
26.1181
25.3647
24.6241
24.8728
25.4622
25.4686
24.5547
24.2152
24.8541
25.3626
24.7323
25.3563
24.4882
25.5541
24.5154
23.1026
24.6021
23.8235
25.2063
24.3991
24.8573
25.5018
25.2894
25.1175
24.2177
25.6717
25.4706
24.5054
25.3678
25.1143
25.6321
26.1126
25.5241
25.3484
25.0931
26.2387
25.6646
24.8900
24.4236
25.5185
24.8297
24.9507
24.5753
25.9932
25.3652
25.1158
24.4794
23.9352
23.1193
24.0138
24.7894
24.8867
23.7938
25.0025
24.7853
24.5475
25.4974
24.8036
24.3616
24.5682
23.9682
23.6774
24.3411
23.8513
23.6649
22.7793
24.3777
23.9189
24.7401
23.6071
23.8403
23.6915
23.6471
22.6990
23.9681
24.1712
23.7699
23.7942
23.6413
23.5163
23.2257
22.9152
23.2220
22.8275
22.8803
22.0996
23.2352
22.4670
24.1667
23.7627
24.9784
24.7574
24.5340
23.7260
24.3039
24.7898
24.7092
25.3620
24.8792
23.2483
23.6984
23.7591
24.2752
24.1897
24.9905
23.9155
24.2896
24.7139
24.4660
25.4982
25.1518
24.9306
25.3046
24.8943
24.0887
24.4126
24.0085
24.1126
25.1931
24.6782
24.9355
25.0602
26.0783
25.8333
24.7807
25.2189
24.8782
24.8996
25.1897
25.6681
25.3452
25.1448
24.8285
25.6883
26.4754
26.3512
26.5902
26.4730
25.6084
25.7407
25.3731
25.6418
25.4703
25.7339
26.0991
26.2220
25.3362
25.2513
24.9871
25.5323
25.8848
24.7923
25.9256
26.5622
27.5607
25.5159
26.2316
25.6229
25.9644
25.3720
25.5686
24.8120
23.9562
23.9616
24.5190
24.1519
23.8010
23.2523
24.0761
22.9800
24.5462
24.9985
24.9691
23.9641
23.8048
23.5624
24.6705
24.4925
24.4129
24.4632
24.6064
24.5615
25.0230
25.3049
23.6544
24.1978
24.1078
24.0313
25.5657
24.8841
25.9127
25.8691
25.9251
24.7544
25.6078
25.7722
24.7143
23.6612
24.7680
24.2361
24.3583
24.8069
24.8947
25.1185
24.7635
24.3604
24.0562
23.6419
23.2827
23.1277
23.6928
23.7162
24.4034
23.6680
23.8997
24.6107
24.3257
24.4971
24.7381
24.3672
24.5678
24.7389
24.2398
23.8810
24.2048
24.2014
23.9959
24.4403
25.0998
24.4749
24.2311
24.4190
24.4623
23.4326
25.2161
25.5047
25.1493
24.1671
24.1822
24.3245
23.7163
22.9207
24.2276
24.0211
23.7559
23.6233
23.9245
23.3083
23.9996
23.4085
23.6969
23.4489
22.7300
22.5610
22.6220
22.4033
22.2065
22.3759
23.0430
22.6379
22.5961
22.2945
22.7420
22.9913
22.8336
23.0999
23.5239
23.2656
23.8908
24.0829
23.3011
23.8612
24.2065
23.6662
23.2607
24.0754
23.9222
23.5391
24.1231
24.1772
24.6518
25.8561
25.6786
26.2592
26.1300
25.7728
25.2754
25.3574
25.1021
24.6859
25.6610
25.6374
24.2106
24.2865
22.8680
24.2755
23.7250
24.4118
24.7239
25.4000
23.5578
24.0338
24.2161
24.3116
23.6991
22.9163
23.8028
22.8487
23.5374
22.7598
23.5744
23.8756
24.4880
24.3674
24.1409
23.5377
23.4410
23.8223
23.6699
23.7155
24.3903
24.4866
25.0318
25.2009
25.0840
25.6740
25.8924
26.0667
26.8490
26.0323
25.9773
25.5851
25.5376
24.8502
25.0781
24.6127
24.9769
24.5051
25.5853
26.2126
25.1884
24.9410
25.9859
26.7046
27.1125
25.9856
26.2373
26.6119
26.4829
27.3961
27.3365
26.7101
26.6096
27.3165
26.9317
28.4967
26.9651
26.8370
27.1435
27.9272
27.2355
26.8387
26.5748
27.6892
26.9075
26.5080
27.3120
26.4432
25.7953
25.7897
26.5442
27.0662
27.7106
27.6904
27.6621
26.8174
26.2676
26.1986
28.0730
27.5771
27.0423
26.2842
25.3666
26.2836
26.4912
26.3806
25.8703
24.5589
24.8811
24.5123
26.0965
24.2629
24.9216
24.3084
24.0530
23.9488
24.1432
25.3139
26.0652
24.7484
25.8967
24.9363
24.0355
25.7904
25.8379
25.6941
24.9471
24.4366
24.2471
24.3017
24.5115
25.1670
24.2971
24.9448
24.6861
25.6439
25.4786
25.7516
25.5816
25.7796
24.1775
25.1542
25.1622
25.3961
25.9425
26.7490
28.0586
27.7177
26.8794
27.1345
25.9792
25.8836
25.5098
25.8217
25.3370
25.6138
24.2097
24.4369
24.8690
25.6343
25.9997
24.9498
24.6974
23.9961
24.5114
25.5900
25.6777
25.5068
25.1232
25.4317
24.3480
26.0760
24.2143
23.6991
23.9009
25.0014
24.7025
24.5030
24.1058
23.5005
25.4366
25.0671
25.4756
25.6313
25.3380
26.0114
25.1761
24.9482
24.8280
24.2511
23.7177
24.6254
24.8910
25.3322
23.9449
24.4218
23.8999
23.0925
23.3904
24.7029
25.4587
25.3382
24.0919
24.7630
25.6570
25.2235
24.8015
24.2305
24.0446
23.2482
22.7157
23.2938
24.4943
24.1345
23.8705
22.3860
23.9511
24.4802
24.0315
23.9509
24.7276
25.5486
24.7441
25.3002
25.3532
24.9222
24.0558
23.9491
23.8683
25.2043
23.5562
24.0877
24.6852
25.0325
25.2988
24.7000
24.9799
25.4334
26.6773
25.0974
25.1657
24.1587
24.8950
24.0126
24.3627
25.3060
25.2901
24.9689
23.2889
24.8105
24.4315
24.7815
25.2195
24.9246
23.9620
23.9332
23.4332
23.7450
23.7651
24.3302
24.5626
25.3345
23.7777
23.9268
24.6403
24.4053
23.4258
23.6981
24.2555
24.9187
25.6765
24.7879
23.5319
24.1120
23.7181
23.4483
24.3221
22.6681
23.6040
22.9025
25.0407
23.5842
24.1325
24.3175
23.6641
24.3071
26.2332
24.6190
24.3897
25.2262
25.3122
25.9234
25.5070
24.2409
24.4413
24.2629
24.2050
24.7308
24.9827
24.3447
24.0613
23.1038
23.3953
23.7924
24.9956
23.7476
23.5738
24.1562
23.9475
23.1923
25.1475
25.0919
25.7795
24.6739
24.0676
24.5540
24.8797
25.5222
24.1451
24.0587
24.6498
25.4285
25.8919
23.5139
25.3654
25.2997
25.0104
25.1363
25.1635
25.2495
24.5892
25.2065
25.6206
25.3252
24.3443
23.5645
23.9893
23.6267
23.6761
22.5582
22.9819
22.6869
22.7591
23.5656
24.2205
24.9927
23.0065
23.5837
23.6706
22.9579
23.9181
22.7894
23.5571
23.5790
22.9361
23.3064
23.7636
23.2316
22.7996
22.8690
21.5515
22.5820
22.0543
22.1790
22.9809
22.2501
21.9265
22.8268
22.6390
22.6827
23.2134
22.4704
22.3428
22.8337
24.3612
23.0934
22.8877
22.7343
22.6015
23.8852
23.8233
22.2070
22.6007
22.5338
21.8821
21.6371
21.9929
22.3712
22.6787
22.2427
23.2317
22.5477
21.5557
22.0558
21.7370
22.9212
22.2636
22.4349
22.9593
22.1304
21.8610
22.1660
21.9478
21.5535
22.0008
23.1052
22.5681
22.1174
22.7474
22.3106
22.5011
22.5476
22.3943
22.8203
22.9515
23.4162
22.7348
21.8344
22.6517
23.2891
21.3832
21.5722
21.8771
22.2715
22.9491
22.8350
21.7369
22.8758
21.8216
21.6263
22.8050
21.8524
22.6883
22.5596
22.6511
22.6686
23.2901
23.8830
23.4716
23.8598
22.8142
22.9796
22.4732
23.2373
23.2864
22.0631
23.0763
23.6145
23.7604
23.0952
23.7853
23.9712
24.2865
24.1360
24.4192
23.6289
22.5338
23.1877
24.3672
24.3725
22.3341
22.8800
23.2048
23.8476
23.0672
22.6553
22.9446
22.9060
22.6128
23.0553
21.5154
21.9544
22.9422
22.4785
21.5095
22.3120
22.3015
21.9600
23.0603
23.6098
24.4251
23.7196
23.8184
23.5581
23.2442
23.1497
23.2191
24.1853
24.7685
23.8268
24.1167
24.2672
23.6916
24.0658
23.9845
23.4754
23.6094
23.6182
23.4556
23.6312
25.0312
24.4376
24.1622
24.3655
24.1384
23.5599
23.8714
24.8731
24.4711
23.4463
24.3384
23.5852
23.7201
23.4660
23.6530
24.0201
24.6944
24.4757
24.4872
24.4226
24.6348
24.5463
25.0761
23.4981
23.6876
23.8033
23.7257
24.3850
24.3561
24.2956
23.5822
24.8901
25.1704
25.7195
26.2458
26.1517
26.4831
25.5006
24.9459
25.0043
24.4738
25.1404
25.4558
23.8180
24.1173
22.9467
22.9869
23.4880
23.7240
23.8261
23.7773
25.1392
24.7761
24.1277
25.0655
24.7725
24.8383
24.4695
24.0037
23.9970
24.1573
23.7598
24.1762
24.1744
24.7734
24.0416
24.4707
23.8262
24.8604
24.4182
25.4773
25.0279
24.5014
24.0727
25.5384
24.6010
24.6644
24.4948
23.7032
24.9096
24.5079
25.2443
24.8165
24.3929
23.7094
24.1458
22.5900
23.4181
23.8583
23.6401
22.8398
23.2801
23.2340
22.4795
22.5892
21.1601
21.2366
22.5044
21.9735
23.0745
24.3891
24.2069
25.1239
25.1186
25.0903
24.2482
24.7932
25.4111
25.7444
27.0327
26.3512
26.3667
26.1012
26.1495
25.3403
24.8027
24.8172
24.5742
25.0618
23.6321
23.8719
24.8412
25.2217
25.6634
24.7405
24.6493
24.8574
25.9825
25.3905
25.7389
24.6696
25.8387
26.8732
26.3716
26.4171
24.9274
25.6700
25.2692
25.6587
24.6602
24.2654
24.8966
24.9899
24.6888
25.4893
23.9423
24.9193
25.2741
23.4818
24.2640
24.3834
24.9748
25.1011
25.6467
25.5729
25.0961
25.5538
24.9372
26.7118
26.1136
24.9058
25.7808
25.4427
26.7762
25.1794
24.9398
24.1359
24.5969
25.6395
25.3013
24.8361
24.9203
24.4967
23.9401
26.0296
25.6053
25.7972
25.1094
25.1178
25.9406
24.6550
26.4737
26.4775
27.0614
27.5861
26.5878
26.3321
25.9116
26.0369
26.1200
26.0457
27.0239
25.5235
25.4515
25.2364
26.0281
26.1358
25.5740
24.9209
26.0708
25.7736
25.7383
26.6873
25.1249
25.8348
25.7701
25.7503
25.1233
26.7155
25.5843
25.2462
24.8773
25.9292
26.2361
26.4307
26.4231
26.3075
27.2178
26.2759
25.5407
26.1729
25.4059
24.9121
26.5337
26.2867
26.2838
26.4508
26.7475
26.0068
26.3263
26.8123
27.8397
27.2942
27.0898
27.4268
27.7867
26.3219
27.1476
26.7270
26.6956
27.6402
28.2547
27.5470
28.2598
26.9990
27.4580
26.4307
26.1711
26.0895
26.1560
26.2468
26.5240
26.2402
26.2009
26.2282
26.2779
26.2938
26.3427
25.7663
26.7692
25.9762
25.6604
24.8050
25.8595
25.6454
26.3714
26.6822
26.0641
25.4121
26.3839
25.6241
25.9607
26.2923
26.4030
25.4524
26.2289
24.5933
26.3721
25.3033
25.7828
26.4651
25.4461
25.7543
25.9075
25.6981
26.4628
24.8468
25.7955
26.0123
25.1919
26.0894
24.1284
24.2019
24.3531
24.5980
25.7052
26.1287
26.5383
25.2786
25.7503
25.8931
24.6514
25.3969
25.2856
25.9770
26.2563
25.8068
25.8091
25.1246
24.6118
25.5802
24.9444
25.0493
25.1666
24.4360
25.0905
24.1651
24.0962
24.2945
25.2906
25.6444
26.0730
24.4799
25.5643
24.9779
24.5117
25.7894
25.9263
25.8133
25.3413
25.9383
26.1744
26.3492
26.6267
26.2633
25.7280
25.9645
26.4658
26.1957
25.8375
25.1942
26.2777
25.7253
26.0896
26.0522
26.9328
27.7061
27.2967
25.8600
26.3596
26.3838
26.8380
25.5502
25.6402
26.7763
25.8960
26.0176
25.8289
26.2392
25.2581
25.0240
25.6829
25.8167
25.3825
25.9023
25.7361
27.0240
26.5245
26.5738
25.7187
27.6811
26.8992
27.5584
27.6233
26.6890
27.1473
26.7769
27.5736
27.7155
28.3109
28.3787
28.8344
27.7991
26.4591
26.3679
27.5234
27.3349
27.9244
26.8606
26.8229
28.3439
27.5638
28.6522
28.0959
27.1374
27.6562
26.7409
27.1796
27.1524
27.2380
27.1796
26.4113
26.0697
27.3747
26.6659
25.4667
26.6456
27.1195
26.9453
26.5541
27.7866
25.8308
26.9466
26.2845
26.3259
27.5662
27.1295
26.6723
26.9205
26.7977
26.7706
27.4107
27.0852
27.2563
26.9185
26.6234
27.5473
26.8162
25.8659
26.3060
25.5386
25.6591
27.1029
26.6443
26.8744
26.4926
27.6882
26.8417
27.2105
27.0428
27.0415
28.3371
26.3250
27.9876
27.5705
27.7871
27.6941
26.8668
27.0883
26.7242
27.0526
25.6855
27.5170
26.7838
26.6737
26.8345
26.3713
25.7372
26.0234
26.5866
25.9112
26.1519
25.5976
27.8503
25.8572
25.6781
26.8277
26.6746
26.4307
25.1923
25.6717
25.5518
25.5468
24.1941
25.8069
26.3036
26.2394
27.5924
27.2601
27.5983
26.7189
26.9703
27.3985
26.6528
25.2445
24.7394
25.8217
24.6665
25.8930
24.9628
25.4840
25.4854
26.3418
26.3937
26.3158
26.2701
26.0882
26.6106
26.2367
26.0477
26.2484
25.2842
25.7318
26.8734
27.8823
27.3681
28.2843
26.8469
26.1038
28.1519
27.2418
27.3693
26.0739
26.4034
27.0597
26.7655
26.2597
25.9763
26.2272
28.0553
27.2381
27.4475
27.4096
27.2372
26.6800
27.8746
27.6350
27.7869
27.5423
28.1371
28.2729
28.5872
27.5501
28.7960
28.9931
29.4676
29.3982
28.3893
29.3428
27.9292
29.9007
29.6873
28.3239
29.1461
28.7194
28.0355
26.3650
27.0696
26.6510
27.2805
26.2585
26.4201
26.5830
27.6035
27.6342
27.9916
28.7459
28.9247
27.9575
28.4528
28.3491
28.9115
28.1704
28.1807
28.7070
27.8708
28.0742
27.3190
27.9088
28.4890
28.6064
29.3426
28.6911
27.6377
28.3247
28.0723
27.2305
27.1804
27.1881
26.7125
27.9599
27.6521
26.9694
28.7827
27.6096
27.7173
27.6229
28.0665
27.2537
27.9475
27.2374
26.9636
25.8800
26.1889
26.0141
25.5002
25.7224
26.3354
25.7685
25.3343
26.0171
26.4166
27.3098
26.8728
24.5678
25.0706
25.9100
26.1863
26.3862
27.5080
26.8893
25.7874
26.3904
25.3690
25.6884
26.3288
26.0733
26.5139
26.1263
25.5632
26.5396
26.4033
26.4858
26.2850
26.8520
27.6547
27.1369
27.1957
25.7468
25.9954
26.0420
25.7549
25.7459
26.5146
26.0357
25.5528
26.3015
27.1631
26.9130
26.6506
26.7802
25.9468
27.4725
26.6921
27.7240
26.2402
25.9596
26.8706
26.4760
24.8961
26.9290
26.6697
26.2068
25.8843
25.6534
27.3887
26.0632
26.6968
26.1478
25.3392
25.2618
25.5533
26.0605
26.0579
26.2699
27.1052
27.2458
26.8629
26.6499
26.5869
27.4754
27.0717
27.0821
27.0273
26.9930
27.2016
27.1569
27.5155
26.2827
26.9843
25.0402
25.8724
25.7429
25.6512
26.1023
26.1107
25.7602
26.3107
25.9773
25.5955
25.9585
24.6291
24.2017
24.9514
25.1091
24.9463
24.8698
24.6188
25.4095
25.6516
26.3188
26.2311
26.8355
26.6642
26.7605
26.4802
27.3917
27.5447
26.8860
26.3447
25.6377
25.3924
26.3001
25.2396
24.8836
26.3808
26.0037
25.6325
25.5970
26.1004
25.3291
25.3462
25.4690
24.7270
25.4348
25.3837
25.2610
24.9631
24.1839
25.9977
24.4558
25.2607
25.5143
25.8284
26.5578
25.9678
24.4276
26.2539
26.4717
25.7527
26.0158
25.4624
24.9973
24.8970
24.5574
24.8585
24.7142
25.2025
25.0363
24.4000
24.9788
25.2961
24.8539
25.7145
25.8767
25.3656
24.1830
24.1157
25.8670
24.5359
25.4519
24.9685
24.5279
24.4424
25.0573
24.8719
23.7720
23.4314
25.3923
25.8119
25.5659
26.1686
26.0692
25.4411
24.7346
25.8190
24.8911
24.1889
24.8570
24.6705
24.1452
25.0684
24.7538
25.2042
25.7152
24.8458
24.3537
25.1008
24.0838
24.4704
24.3571
25.0869
25.6365
26.3502
25.5124
25.0397
26.0969
25.9029
25.6371
25.2995
26.5339
25.4818
25.9803
24.3645
24.6206
25.8163
25.3139
25.8093
26.0681
26.1820
26.1067
24.2671
25.0316
24.9490
23.7801
24.4189
25.0468
25.1839
25.2465
24.9318
25.5150
25.3771
25.5634
24.9588
24.6450
25.3154
24.6594
24.6798
24.4592
25.4173
25.2017
25.6992
25.9794
25.1275
23.9541
23.8388
22.8694
23.2104
23.6042
23.8017
24.6568
24.2570
24.6024
24.1252
23.8791
24.8114
24.0822
25.6934
24.9306
24.0693
23.7282
24.1308
24.8199
24.7175
24.3946
24.8647
24.5107
24.1800
23.7823
25.2848
24.6434
24.4978
24.1558
24.9779
25.9489
25.6933
26.2561
25.9089
26.9895
25.2543
25.5740
25.1814
24.6174
24.1484
24.8482
25.5776
25.7195
25.0589
25.2211
25.5879
26.6497
25.7303
25.9219
24.5907
24.6739
24.6071
25.0584
25.3929
26.2257
26.5009
24.6352
23.6094
23.8622
23.6792
23.9883
25.7314
26.1992
24.2706
25.4516
23.8829
24.7655
23.9637
25.4528
25.0319
25.7328
25.4141
25.2018
25.9887
25.6181
25.3566
25.2143
25.6586
26.0756
26.0862
26.4022
25.3127
25.0407
24.8639
25.5452
24.9942
26.1452
26.2983
25.8097
26.1534
25.9016
26.1734
26.8038
25.5628
27.3354
26.7469
26.1970
26.0381
26.6292
27.4624
26.7749
26.1150
26.2078
26.6023
26.0521
25.8642
26.3839
26.0050
27.2563
25.0938
24.6525
24.8481
25.7663
25.9824
26.5022
25.2894
24.2031
24.7810
25.1343
25.4817
24.5439
24.7491
24.8981
24.7423
24.8436
24.6081
24.7992
24.6232
24.8420
25.9214
26.1949
26.5935
25.9965
25.5092
27.1054
26.3210
25.6596
24.1674
24.3393
23.7090
23.6336
23.6745
23.6738
24.4537
23.6784
23.0785
24.5010
24.5430
24.9094
22.7362
23.3768
23.3016
24.5001
24.1035
24.1164
23.2970
23.4162
23.8771
23.2428
22.4425
23.6058
22.1706
22.9643
23.0163
23.7272
23.9050
24.1720
24.0974
24.3316
24.5821
24.6323
23.6210
24.1831
24.9023
23.9530
24.7244
25.3524
24.5538
24.3275
24.4176
24.2066
23.4719
24.8363
24.9861
23.7106
23.9227
24.2446
25.0055
24.0330
23.9805
24.0697
24.5972
24.8788
25.7284
24.3518
24.6456
24.5925
24.2411
24.6908
23.9598
23.6879
22.9859
23.6895
24.1391
23.8114
23.9470
23.2252
23.2477
23.9788
24.0101
24.0615
23.8488
23.6676
22.8411
22.8981
23.2723
24.3827
23.2402
23.6298
23.9884
23.1201
24.7222
23.3762
23.3580
22.6081
23.2563
24.0873
23.9268
22.3661
22.6736
24.3324
23.6137
24.1146
23.2665
23.1135
23.3912
23.2971
22.7252
23.4628
23.5202
23.2652
23.9251
23.2022
23.2448
24.5345
24.0718
24.3316
24.4327
24.2253
23.1049
23.6939
23.4927
23.3352
24.3951
24.7154
24.8736
24.5170
24.0838
24.6026
24.3462
24.3762
24.3325
24.1360
25.1860
24.9789
25.3402
26.0568
26.2195
25.4160
25.5506
25.2112
25.4373
25.1351
23.8002
23.1612
24.5327
24.5286
24.6893
24.6007
23.7711
24.8089
24.1467
24.4578
25.5972
24.8532
25.0948
24.5173
25.7706
25.6115
24.6839
25.2739
25.8505
26.5337
26.5343
25.2626
25.4340
25.0478
25.0378
25.3666
23.6396
23.9501
24.8434
24.8035
24.8445
23.5834
23.8391
25.2533
25.8300
24.5993
23.6963
23.9892
24.3276
24.1026
23.0692
24.1290
23.6311
24.6377
25.5404
24.6480
24.5435
24.5820
25.3287
25.2926
23.8288
23.8838
22.9627
23.9243
23.8561
24.0329
22.9308
24.1648
24.9577
24.9249
24.6695
25.3249
24.8915
25.0859
25.2618
23.3919
23.2713
24.1565
24.6957
23.5108
24.0110
23.7605
23.7204
25.2674
25.2413
25.5252
25.5629
26.2191
25.1895
26.0953
24.5294
23.5112
23.9343
24.7220
24.0087
25.1981
26.0750
24.7219
25.3091
24.4818
25.6481
24.4779
24.1916
24.2525
24.9571
25.2855
25.9651
25.5304
25.7132
24.4217
25.0782
25.8568
25.4737
25.9644
25.3302
25.8629
25.8680
25.5585
24.3557
25.3243
24.5079
25.2700
23.9875
24.2483
25.6673
25.6977
25.4113
25.6200
26.6118
25.9810
25.6017
25.7157
25.1436
25.9730
25.5830
25.2550
24.6637
24.3416
25.3962
25.2325
24.4037
25.4077
25.8850
25.5466
26.1064
26.0272
25.6991
24.9460
24.1082
24.3488
24.5328
24.9753
23.9862
24.3422
23.7390
23.7891
24.6470
23.7318
24.1132
23.7211
24.3518
23.6661
23.2928
23.3398
24.5756
22.3554
24.1341
23.5712
23.9329
22.4013
23.5588
23.8926
23.1643
24.0427
23.7820
25.0390
25.5166
24.8194
25.1704
23.1812
23.5225
23.4005
23.9303
25.1854
24.9080
24.1177
25.1621
24.5717
24.3885
25.4045
25.0506
24.4531
25.1569
25.1685
26.1987
25.5034
24.5223
25.7154
24.7954
24.8232
25.1839
26.5305
26.1698
26.6318
26.4255
25.3622
25.0259
25.0984
25.5353
25.5824
26.0101
24.6850
26.1784
25.0539
25.5583
26.1591
26.0246
24.8582
24.6785
24.5708
26.3204
25.7101
25.4035
24.0521
24.2994
22.7672
23.7194
24.0472
23.3545
24.6449
23.8075
24.7179
25.3600
24.6275
25.1011
24.5979
23.9971
25.3204
26.8274
23.9995
25.5104
24.7975
25.1665
24.9609
25.3804
24.6421
26.0824
25.7786
25.3782
25.9088
23.8395
24.4115
24.0956
23.6957
24.2572
23.2854
24.8179
24.2896
23.2589
24.4563
23.8470
23.3320
23.4772
23.6745
23.0850
23.4780
23.7530
25.8593
24.8553
24.5945
24.8560
25.0875
26.8768
25.5767
25.1899
25.4320
25.3256
25.1921
26.2183
24.5099
24.5783
24.5339
23.7494
24.2455
24.4841
24.2601
23.9733
24.7189
23.7822
24.2224
23.4640
22.5576
23.5140
22.7841
21.9570
23.3339
23.1220
23.4809
23.6870
23.1108
22.6445
24.2681
24.7007
22.9853
24.1837
23.4433
23.0613
24.4042
23.2968
22.6897
23.5807
24.7950
24.6473
24.6630
24.4626
23.7032
23.3635
23.6488
23.7891
23.8785
23.3692
23.9076
24.0780
23.7301
22.9225
23.0901
24.2016
24.0517
23.9711
24.4361
25.2583
24.4436
24.8181
23.9093
22.8592
23.1149
22.5078
23.0735
23.6730
23.3140
22.6028
23.5434
23.1384
23.5204
23.1428
22.7942
22.3688
23.3614
22.2970
21.9492
22.8464
22.2769
23.6962
23.6475
23.3190
22.7109
23.3883
22.5405
22.5712
22.9250
22.4949
22.1661
22.1808
22.8575
21.9964
22.2887
21.3071
21.7762
21.9183
21.6518
21.7366
21.8415
23.4972
23.7329
22.4125
22.9034
23.5296
23.3201
22.9823
23.3520
23.4176
22.7218
22.4635
22.5787
21.8919
22.9094
23.1585
22.7883
23.9371
22.5991
24.0405
23.2970
22.2915
23.5387
24.1226
25.1857
24.7133
23.0695
22.5874
23.6874
23.5560
23.0247
22.6179
22.6021
22.5006
22.6687
23.9360
23.8004
25.2693
24.3404
24.1779
23.6546
23.5958
24.4758
23.5014
25.1638
24.9128
23.8091
23.9695
24.8778
24.1733
23.1599
22.5753
22.7699
21.8800
21.6937
23.2640
24.0160
23.9985
24.2829
23.9500
23.6970
23.5805
24.3459
23.4306
23.8182
23.5557
23.0215
23.4443
23.5414
24.9283
23.3945
23.3078
24.3066
22.5674
23.2588
22.3695
21.7665
23.3111
23.3188
24.1366
24.5926
24.0226
24.2294
24.1553
24.4057
23.9228
23.1499
22.6305
23.0067
23.0457
23.5533
23.5841
23.9346
23.1979
24.0553
22.8183
23.8969
24.0012
24.8468
24.7543
24.2651
23.8128
24.7426
23.5898
24.4469
24.5664
23.5845
23.7389
24.0211
24.3915
23.6033
24.9585
24.7016
24.2171
24.1739
24.0584
23.6577
23.7347
23.9844
23.5838
24.3907
24.5184
24.9624
24.7179
25.6247
25.4563
26.0626
25.2022
25.4944
24.2732
25.2401
25.2468
25.8265
24.5374
24.8711
24.8907
25.7900
25.1468
25.3492
27.2286
26.0611
26.3238
25.1886
25.2848
25.4426
24.6806
25.7245
25.3796
23.8006
25.0863
24.5714
24.7131
26.0264
24.4892
24.6887
22.7385
23.2940
24.0752
24.7840
24.1468
24.9482
24.6169
24.0586
24.1488
24.9693
25.4687
24.6636
24.0281
24.5273
23.8380
24.4957
24.3802
24.0794
23.5142
24.6368
24.5772
24.8975
24.2704
25.2149
24.7269
24.8913
25.9337
26.2450
26.0579
26.4855
27.3451
27.5106
26.4840
26.1789
26.3257
24.6712
25.6753
24.4460
24.8929
23.9514
24.1323
24.7119
24.9843
23.7827
26.3381
25.0133
25.0820
25.2318
26.1250
25.6544
24.2111
25.4585
25.1033
25.0278
25.6541
26.1150
26.3225
25.7188
25.2506
23.9519
25.0053
25.4443
24.7705
24.9716
25.4005
25.1947
24.7631
23.5432
25.2126
24.7052
23.8103
23.6220
23.6113
24.8572
24.1754
24.4301
24.0727
23.9800
23.1246
23.7328
24.1025
23.9967
23.7640
24.5931
24.5853
24.6039
24.9885
24.7552
24.7031
23.8268
25.1095
24.4348
24.5046
24.8098
24.8063
25.4667
25.3453
25.2561
23.9271
24.1518
25.6264
24.5610
24.5995
24.6463
25.4387
24.3692
25.1384
25.0047
25.4792
25.5489
24.7017
23.6884
24.6902
24.0979
24.8317
24.6394
24.9606
24.7234
25.1702
24.8396
24.7835
23.5719
24.0796
23.6473
23.1618
23.3088
23.6145
23.4531
23.3420
22.9455
24.2691
23.4609
23.5949
24.6907
23.8853
25.3243
25.6432
26.6436
25.8730
25.1170
24.7552
23.6724
24.5955
25.5682
25.2527
24.5587
24.9055
25.0814
24.1819
25.4810
25.2570
24.7107
24.1624
25.9659
24.0508
24.6535
25.2670
24.0307
24.7924
24.9276
24.7825
26.0357
25.7304
25.0458
25.0310
25.8433
24.8965
25.8176
27.2106
26.1561
26.0822
26.0526
24.8975
26.4602
26.7854
27.0993
26.5607
25.5418
25.9436
26.3921
25.5774
25.5247
25.9963
26.5522
26.3686
25.8074
26.1837
26.7529
26.1981
26.0611
25.7726
25.9568
26.9043
26.1764
26.9661
26.6879
24.9144
24.5843
24.7822
25.6763
25.1917
23.5961
23.7624
24.9382
23.7937
24.2896
24.7734
22.8369
25.1376
24.0591
23.9588
23.8418
23.4701
24.8509
25.1047
25.2821
25.0613
25.5813
25.0588
25.1015
24.6561
24.3864
23.9229
22.6189
24.1515
23.4194
22.8134
23.2387
24.5072
24.3873
23.5203
23.7267
24.9691
24.1372
24.9246
25.4912
24.6398
24.9122
24.8377
23.9040
25.0552
25.1130
25.7822
25.0856
25.6966
25.2618
24.5861
26.1897
25.6170
26.2527
27.1689
27.0246
27.0399
25.7341
25.8510
26.2770
25.7895
26.3373
26.7894
26.8926
25.9694
25.3927
25.9400
25.7565
25.6038
26.5853
26.6817
26.7346
26.6951
25.3282
25.3707
25.7080
26.2338
24.7420
25.5809
25.7626
25.4798
25.6495
24.1464
25.3438
25.1195
24.1831
23.4052
25.0627
25.8639
25.6690
25.1575
25.0526
24.1713
24.8357
24.2174
25.0542
24.6777
24.5037
23.8949
24.9421
25.4043
25.6777
26.5236
25.8698
26.6020
25.7739
25.5892
25.3804
25.5612
25.1715
25.4198
25.0958
25.5937
25.3077
24.7890
25.4022
24.7915
25.2861
25.0760
24.6328
24.9160
24.2924
25.6128
26.1452
25.6248
25.6544
24.8781
26.5039
26.2404
25.8761
24.9966
25.2002
24.8411
23.8125
24.1370
25.5628
26.7932
26.2000
26.1440
25.7993
25.4504
26.2044
26.3672
26.4513
25.8074
26.5912
26.9058
27.1790
27.1807
25.5001
25.8140
26.2214
26.9683
26.1609
24.9256
24.8558
26.1277
25.9550
26.3616
25.4008
24.9138
24.8051
24.4032
24.8384
24.8266
24.6940
24.8152
25.1250
25.5932
24.4768
25.5709
25.9270
27.2216
26.3022
25.4578
24.8048
25.6685
26.7093
27.3088
27.7649
28.1607
26.8191
26.4719
27.2095
26.5694
26.6850
25.5195
25.6798
26.1242
25.6227
24.7488
25.1707
25.4675
25.0413
23.3939
23.9999
24.0160
24.1503
24.8795
23.8913
24.1404
24.2857
24.1513
24.6800
24.6988
24.4270
24.7682
24.8799
25.3538
25.0920
24.2508
26.0904
26.3918
25.7734
25.9371
25.7793
25.0304
25.7548
25.8400
25.7498
26.8769
26.6212
26.5715
24.3294
23.9795
24.2915
22.8529
24.6531
24.1166
23.7931
23.5899
23.4892
25.8051
25.2935
24.3778
24.8945
26.2951
24.9410
24.6634
25.1016
24.5684
24.4668
24.7476
24.7575
24.9523
26.1436
26.8472
25.7166
25.6480
25.6159
24.5143
24.0419
24.9260
24.0735
25.3659
25.6015
25.0562
26.0765
25.6813
25.3926
25.4205
25.2343
24.6213
24.4297
24.2834
24.1638
24.6489
24.8491
25.1508
24.2636
24.2984
25.2514
24.2959
24.7246
24.8134
24.8893
25.0982
25.1192
25.6963
24.4631
24.3352
24.4395
24.1507
23.2183
23.6316
23.1668
23.5815
23.8343
24.4382
25.4128
25.7542
24.9516
26.1470
25.6208
25.7453
25.4727
25.1112
24.6932
24.5265
24.9768
23.5199
23.5503
24.0279
24.4858
26.0287
25.4986
25.3886
25.4534
25.4668
24.6909
25.0401
24.9636
25.0156
24.9220
25.6091
25.4789
25.2973
26.2405
26.3512
25.4931
25.4285
25.3349
25.2469
24.5530
24.3332
23.8462
24.4076
24.2293
23.7016
24.3086
22.6020
23.6940
23.5122
24.3415
24.5466
23.7683
25.2280
24.1916
23.5812
23.0648
24.6027
24.5773
25.1396
26.1166
25.6639
24.8269
24.7858
24.4287
25.6561
26.0689
25.5084
25.2684
25.2507
24.8564
25.0646
24.3940
24.5883
25.5312
25.3225
24.3266
25.3985
25.3142
25.4648
24.0142
24.8438
24.7968
25.5763
25.0727
25.9451
25.8575
25.6886
25.5750
26.0624
24.9693
25.5070
23.7882
24.4187
24.5253
25.4707
25.1498
24.8109
25.0692
25.3071
25.8832
26.2896
25.5196
25.3507
24.7845
24.6979
24.7364
24.6237
24.0344
23.2991
23.8707
23.9410
25.7306
24.8533
25.2164
24.3614
23.5780
24.1355
23.3013
23.7612
24.0601
24.5754
23.7371
23.8546
24.3033
24.1542
24.4010
23.7463
24.5811
23.5706
24.2815
24.6083
23.9947
24.0335
24.6590
25.5239
23.7631
25.0706
25.3412
24.2945
24.3473
22.6151
24.9364
24.1152
23.8851
24.1584
25.4577
25.3154
24.2181
24.7329
25.1369
25.3778
24.7367
25.8913
24.4354
25.4012
25.3030
25.4597
24.6902
24.4800
25.2254
24.9631
25.9008
25.2793
25.1813
25.6001
24.8281
25.0940
25.2420
24.0341
25.4557
25.4613
24.4990
24.9756
24.7573
25.4750
24.6683
24.3051
24.7587
24.8691
24.6246
25.4302
24.3462
24.3781
24.8352
23.1534
23.8854
24.2310
24.8490
24.4730
25.2307
25.0672
26.3576
24.7884
24.8163
25.2340
26.5523
25.5892
25.2269
24.4659
23.9684
24.8667
25.1348
25.1427
24.2218
23.8078
23.8427
24.5336
23.5761
24.1759
25.0944
24.6805
25.6543
23.8923
24.1015
25.0049
23.7571
24.1433
24.9244
24.0002
23.7467
25.3110
25.4993
24.3725
23.8342
24.6812
24.0141
23.6343
23.7842
23.8894
23.6776
24.3854
25.0933
24.8349
23.6371
23.7246
24.2680
25.3306
24.3477
23.8132
23.6732
23.5539
23.9822
24.9886
24.6975
23.7832
23.6133
23.4590
23.7091
22.7788
22.8143
24.2004
23.9142
24.6046
23.3877
23.5571
24.2226
24.4373
23.4700
23.1998
23.2048
23.0631
23.2972
24.1809
24.6931
24.6206
23.9606
23.9405
24.7628
24.7487
24.8673
24.1813
25.5139
24.4312
24.3515
23.9546
24.4895
23.7568
24.1809
24.9968
24.6600
23.8586
22.9459
24.2418
23.5212
22.9708
22.5302
24.3775
24.1342
23.9972
22.7239
24.7851
25.4911
24.4048
25.3106
25.3598
24.5735
25.0533
23.8866
24.8293
24.7830
24.8790
23.8622
24.4738
25.5742
25.3582
25.1386
24.6197
24.9158
25.2102
25.2592
24.6799
25.0310
25.2766
23.8378
24.8620
24.7167
24.4145
25.4612
26.6508
27.0799
27.4431
27.1840
28.2005
28.3250
28.3528
28.1162
27.9693
27.1710
27.5013
25.7523
26.8951
26.1811
27.5036
27.8079
27.8618
25.1970
25.8090
26.2458
25.7404
26.5330
27.0604
27.2428
26.8136
25.4030
25.7788
24.9733
27.5272
27.4832
26.7342
25.7013
27.1199
26.5630
25.8837
25.2669
25.9769
24.9513
26.1607
26.3146
25.5530
26.1350
25.4630
25.7476
25.2669
25.7304
24.9461
25.8840
25.1850
25.6995
26.0454
26.2626
24.5013
25.4040
25.5902
23.9415
24.4488
24.4047
25.7188
24.4577
25.3826
25.3395
24.2300
24.5166
24.1397
24.3743
23.7452
23.8065
24.9837
24.5353
24.3896
24.1378
24.3145
24.8511
23.6716
23.4167
25.0915
25.5490
24.8701
26.4626
25.7037
26.2638
24.7506
25.4317
26.2381
24.3668
25.4194
25.5544
26.3202
25.9387
24.8644
24.1332
23.5354
24.9095
24.0342
24.3821
23.9093
24.7774
23.2014
23.8615
25.0069
24.4259
24.2852
22.7835
23.6625
23.6826
24.0677
23.6024
24.8394
25.4526
24.9169
23.2058
25.7411
25.9748
25.4309
24.5911
24.9713
24.9962
24.3572
23.8308
23.7545
24.0849
25.3487
24.2580
25.4976
24.3982
24.3288
24.2821
24.7105
24.1338
23.7841
23.8135
24.0368
24.3356
23.9926
25.0536
25.6093
25.3292
24.2720
25.6264
24.7590
24.4339
25.0832
25.5895
24.4823
25.2949
25.3129
25.5024
25.8198
24.7654
24.1815
24.9163
24.6389
24.5948
24.9334
24.8239
25.2666
24.6453
24.7733
24.5841
24.6567
24.6324
24.2202
24.8060
23.5399
23.8094
24.6388
25.0719
24.4302
25.4858
24.5321
24.8678
24.8621
24.5868
25.5444
24.7281
24.8240
24.7146
23.7758
25.0895
24.3633
24.0327
24.6209
25.0053
25.0892
23.6874
24.3652
25.6961
25.0309
25.8200
24.4445
25.2012
24.8515
23.9178
24.5640
24.4574
23.4113
24.7518
24.3215
24.9082
24.6794
24.3168
24.8152
24.6080
24.0045
25.1322
25.4086
24.9697
25.0409
24.0955
23.6040
24.0594
23.7243
23.4505
23.1170
24.3205
22.9875
24.0166
25.5914
25.5897
25.8780
26.1455
25.9126
25.8620
25.8267
25.3304
24.8296
24.8684
25.3497
25.4101
24.8205
25.9512
25.1181
25.3966
25.7613
25.7520
23.9713
25.2640
25.8391
25.8274
26.0032
24.9407
25.3665
25.3951
25.7751
25.2952
25.8007
25.0799
24.6655
26.0900
25.2491
24.0197
23.9570
24.2408
24.8100
23.4619
25.5183
24.9909
25.6820
25.8505
24.3855
24.9632
25.6552
24.8164
24.7785
25.3398
24.9966
25.6484
25.3977
24.6268
25.2062
25.4998
25.4631
25.3873
25.4392
23.7313
25.2112
24.8766
24.1845
24.7336
24.4941
25.4035
24.8531
24.9165
24.9229
24.3386
25.3900
25.1464
25.9220
24.7090
25.1452
24.9905
24.6789
23.8143
24.1622
23.6055
24.7018
24.4833
25.0338
25.0430
23.9798
24.6136
25.1230
25.4257
24.4948
25.4837
25.3026
25.6880
24.7087
24.6265
24.9653
24.7706
25.6043
24.4076
24.0105
23.4431
24.4322
24.8967
25.5877
25.8908
25.5229
24.5061
24.6303
24.2537
25.4603
24.4878
24.4311
23.9658
24.3705
23.7489
25.8684
26.3742
25.9909
26.5537
25.2420
25.2310
25.9000
25.9383
26.2104
27.3197
25.2456
25.2603
26.0889
24.0893
25.8273
26.1992
26.1799
25.1213
25.8381
24.8233
24.1256
23.0512
24.1073
24.3285
23.7247
23.7302
24.0552
24.9389
23.5275
23.6446
24.5015
24.7712
24.9383
25.1403
25.8491
24.3103
25.3322
25.6528
24.8930
25.4563
24.6676
26.0907
25.2983
25.8036
25.7492
25.4247
24.4406
24.4555
23.0471
24.1572
24.6529
24.0239
23.5665
24.9268
23.9706
24.5890
24.5681
24.8576
25.0087
25.5424
25.8675
25.8466
26.1097
25.2947
24.6824
26.3165
24.1172
25.3806
25.6666
24.7129
25.8598
25.2791
24.1333
23.7656
23.0693
23.7053
24.9548
25.9156
25.9468
25.9709
26.2734
25.3936
26.8659
24.9502
25.5149
23.8370
24.3177
23.3662
24.0439
25.1138
24.1605
24.1486
24.1259
23.3475
25.0336
24.4276
23.5307
25.7940
25.3493
24.7763
26.3482
25.1129
23.4748
23.6374
23.7445
23.4512
23.5589
23.8705
23.0597
23.5168
23.9030
24.3844
24.0076
25.0051
24.9943
25.5944
24.3996
24.0419
24.4625
24.4723
23.6364
24.1650
23.1646
24.4105
23.1667
23.7514
23.7114
24.2289
24.7372
25.3774
24.9084
25.5582
25.3045
24.1260
24.7512
24.7809
24.2488
24.7247
24.3671
24.3523
24.0408
24.4653
24.3820
25.0312
24.1748
24.6384
25.8078
24.4858
23.3791
23.6865
24.3961
23.2798
23.9407
23.8463
23.5467
25.0283
24.9593
24.4898
24.5303
25.1168
24.4278
24.2926
24.1036
24.3192
24.1102
23.8134
24.3609
24.1144
24.6595
24.9200
24.0799
23.5218
24.7235
25.5985
25.7283
24.5220
24.1575
24.1748
23.7692
24.1758
24.7241
23.9562
23.4277
24.8198
22.9245
23.7451
25.5801
24.6462
23.8600
23.3497
23.9432
23.9081
23.7583
24.4895
23.5785
23.1160
24.0677
24.3297
24.8206
24.3935
24.8659
25.2937
25.5952
25.3332
24.5820
24.3657
23.2634
23.9789
24.4489
23.0038
23.2707
23.8699
23.4257
22.8650
24.3803
23.9687
24.3775
25.0919
24.1829
25.3974
24.2680
24.0655
24.3522
24.5302
25.0905
25.4014
25.5073
24.8491
24.7068
24.1598
24.0888
23.7338
23.5370
24.9783
24.4996
25.2109
24.8373
25.3896
24.8925
24.1267
24.7674
25.6586
24.9795
24.6553
24.1452
23.9443
24.6371
24.8935
24.6440
24.0265
24.5839
23.3825
24.9983
25.7481
24.6306
24.5453
24.5568
24.6908
25.0355
24.7861
26.4155
25.7307
23.9484
25.4606
24.2395
23.5081
24.4034
24.3707
25.3982
25.2532
25.6135
25.0264
25.3963
26.7903
25.6972
25.7490
25.1432
25.4456
25.7833
25.7835
26.3440
25.9712
25.1050
23.8004
25.4024
25.7693
27.0841
25.9321
25.4870
27.0779
26.7106
26.4233
26.3592
26.5545
26.4418
26.6073
25.5646
26.1655
25.4807
26.0244
26.3534
25.2771
26.3170
25.3293
24.1683
25.5605
24.4206
24.5076
24.3414
25.1030
25.0107
25.0299
25.8790
25.6863
24.4758
25.4241
24.9846
25.1181
24.9316
24.7836
24.7907
25.4012
25.8462
26.4731
26.4389
25.7806
24.6166
24.3807
24.9221
25.1408
25.0564
25.1630
24.3640
27.0771
26.9253
28.7789
26.7740
26.7288
26.0944
25.9298
24.5810
25.0855
25.6483
24.5082
24.8992
24.7307
24.6422
24.6830
25.4010
25.5709
25.5274
25.2325
26.3883
26.1312
25.7056
25.2961
25.8933
24.6788
26.1395
24.6519
26.7822
27.3654
27.2649
27.4732
27.8143
27.3746
27.4486
26.6077
26.2976
27.5770
27.1594
26.3259
25.3874
27.5201
27.4226
27.3426
28.7252
26.6604
26.2278
25.8443
27.5946
29.1590
28.9870
28.3441
29.2127
26.9150
28.3499
30.2452
28.4749
29.8467
27.8016
28.8996
28.2912
27.8289
27.5090
28.8331
26.9502
27.2594
25.3049
24.8099
25.8310
24.9218
24.7420
25.1524
24.8780
26.4795
26.3071
25.7496
25.9298
26.5506
26.9067
26.4611
27.8022
25.0436
25.3973
24.9189
24.4874
24.7081
24.8630
25.0781
23.2865
23.4672
25.8645
25.4324
24.8589
26.4902
25.6613
24.9761
25.5079
25.8331
25.6778
23.5511
24.2561
24.1747
25.3871
25.0510
24.8077
24.9368
24.5028
24.6831
24.6686
23.7141
23.5734
24.5069
24.7852
24.8698
25.3081
24.6403
24.6965
24.9892
26.5279
25.3453
25.3670
24.6567
24.7076
23.7946
24.5140
25.2041
24.5321
24.7662
24.3871
24.8000
25.6648
25.9732
25.8318
24.8848
25.3492
26.4010
26.7166
25.9063
26.0900
25.5004
23.4665
23.4783
23.5796
24.7073
24.3482
24.4302
25.2266
24.7378
24.8245
24.7365
25.2483
25.5731
25.2572
25.2571
25.1852
25.0157
23.9042
24.5255
24.9333
24.9743
25.2139
24.9050
24.5910
23.9901
