2.3494
2.0802
2.2221
2.1121
2.0101
1.9028
1.7593
1.6044
1.5851
1.5046
1.5953
1.6836
1.6482
1.8527
1.9073
2.0414
2.0333
1.8967
1.9126
1.8469
1.5386
1.9297
1.7753
2.0376
1.9471
1.8681
1.6605
2.0144
1.5346
1.7977
2.3411
2.2818
2.4188
2.3356
2.1341
1.6752
1.6726
2.2666
2.0710
1.9155
2.0188
2.1746
2.1216
2.1451
2.0880
2.1606
2.1402
1.9927
1.9890
2.1337
2.3596
2.5419
2.5743
2.0842
2.0740
1.8998
2.3388
2.1825
2.1808
2.1237
2.0189
1.7805
2.4436
2.8055
2.1865
2.0666
2.0806
1.8304
1.8866
2.3981
2.0535
2.2958
2.4773
1.9507
2.3231
1.7700
2.1734
2.1405
1.8017
1.7143
1.8085
1.8439
1.9523
2.2404
2.1385
2.1675
2.1209
2.0603
2.3636
2.5431
2.2471
2.1431
1.8597
1.9267
2.1698
1.9807
2.1844
1.8320
2.0441
2.1688
1.9659
2.1058
1.8749
1.9108
2.2174
1.7496
1.8716
1.8301
2.0353
1.8360
1.7415
1.9292
2.1535
2.2151
2.2071
2.3503
2.6187
2.5598
1.8058
1.9447
2.0756
1.9741
1.9392
2.1731
2.0411
1.9961
1.7102
1.8448
1.7700
2.0072
2.0249
1.9361
1.8045
2.0134
1.9425
1.6687
2.0304
1.9473
2.1430
2.0370
1.8450
1.7688
1.8325
2.1462
2.3598
2.1622
2.1020
1.5190
1.7265
1.3881
1.7688
1.7817
1.6428
1.8908
2.0446
1.7378
1.8881
1.7304
2.0141
1.7976
1.9722
1.8659
1.9635
2.2770
1.8411
1.9447
1.8811
1.9896
2.0391
2.2427
2.0043
2.0302
2.0550
1.5688
1.7746
1.8883
1.6872
1.7548
1.9684
1.9440
1.9546
1.6879
1.9286
1.9907
1.7340
2.0303
1.8377
1.7910
2.0293
2.0458
1.7277
1.8369
1.8262
1.6998
1.9053
1.8317
1.6450
1.7184
1.6021
2.1890
2.1210
2.2447
1.8418
1.9227
2.1205
1.9239
1.8133
2.0679
1.7009
1.7348
1.7700
1.4381
1.5876
1.5151
1.6514
1.9552
1.5365
1.8942
1.9700
1.6552
1.4525
2.1884
2.0801
2.1032
2.2242
1.8540
1.9021
2.0812
2.1285
1.9035
1.8441
1.8809
1.9459
2.2355
2.1361
2.1101
2.4157
2.0094
1.9259
2.0572
2.0461
1.9713
1.9638
2.0541
2.1860
2.3206
2.0909
2.2886
2.1510
1.6808
1.8550
2.0231
1.8476
1.8903
1.7694
2.0338
1.8629
2.5325
1.8990
2.1504
1.7275
1.7836
1.9152
1.6243
1.8737
1.9748
2.1596
1.8473
1.8212
2.1304
2.1417
1.6177
1.4512
1.7312
1.7600
1.7638
1.8552
1.7194
1.5365
2.0530
1.8549
1.9223
1.6399
2.0070
2.0773
1.5338
1.7683
1.4945
1.8510
1.9552
2.0015
1.3083
1.5586
1.7334
1.5670
1.9110
1.6622
1.6566
1.6064
1.9306
1.9899
1.4869
1.6291
1.7317
1.4672
1.3914
2.0042
1.4594
1.5313
1.5511
2.1180
2.0363
1.5834
1.6666
1.5789
1.5630
1.7153
1.8713
1.5520
1.7667
1.5984
1.7807
2.0371
1.8388
1.7657
2.0811
2.0576
2.0438
1.6504
2.0042
2.0730
1.9114
1.8362
1.4922
1.4095
1.3391
1.4701
1.7991
1.6593
1.8673
1.9645
1.8486
1.6184
1.9422
1.7449
1.3879
1.5602
1.4788
1.7181
2.1234
1.7237
1.5140
1.8398
2.2093
2.1813
2.2848
2.0191
2.1477
1.8109
1.9320
1.9652
2.1868
1.9333
1.7606
2.2569
1.8996
1.8407
1.8812
2.2965
2.0109
1.9880
1.8041
1.7909
1.8511
1.8093
2.0601
1.9906
1.7625
2.2542
2.0006
2.2056
1.9333
2.2544
1.4335
2.1729
1.7956
1.5150
1.6479
1.9240
2.0637
2.0145
2.0227
2.0182
1.7744
1.6396
1.8143
1.8096
1.8821
1.6761
1.9472
1.6061
1.7008
2.1571
1.7424
1.8990
1.7107
2.1179
2.1691
2.2348
1.7902
1.9464
1.8936
1.8187
2.1660
1.8384
1.9962
2.1291
1.9960
1.7358
2.1138
1.9660
1.8095
2.0779
1.9105
1.4511
2.1024
2.0849
2.1518
2.2132
1.7370
1.7335
1.5649
1.8993
1.7535
1.9468
1.7000
2.1866
2.1317
1.7579
2.1743
2.0024
1.7670
2.0539
1.9132
2.0088
2.0554
2.2449
2.1427
2.2649
1.9337
1.9909
2.2067
2.2273
2.5153
2.1020
1.9162
2.0496
1.6711
1.8616
2.0471
1.9168
2.0236
1.9429
2.2037
2.2712
1.9627
2.1551
1.8855
1.9415
2.0839
2.2451
2.1175
2.3111
2.5102
2.5016
2.0217
2.2909
2.4640
2.8089
2.4517
2.1808
2.0031
2.5625
2.5034
2.3980
2.1645
2.1447
2.0208
2.1082
2.2701
2.3013
2.2941
2.4383
2.3994
2.3671
2.5606
2.4126
2.6998
2.5910
2.3521
2.2398
2.5642
2.3511
2.3785
2.4537
2.3721
2.6022
1.9733
2.6829
1.9640
2.0646
2.3479
2.5316
2.5913
2.6650
2.1759
2.2970
2.3994
2.5208
2.3312
2.1947
2.2148
1.9000
2.0948
2.1049
2.2189
1.8346
2.0069
2.2293
1.8895
2.1531
2.1985
1.8962
1.9246
1.3614
1.9623
2.0149
2.5183
2.4927
1.9962
2.1566
1.8590
2.1732
2.5404
2.1456
2.0112
2.2175
1.9899
2.2458
1.9188
2.1137
1.8586
1.8194
1.8704
1.7988
1.6775
1.7860
2.0363
1.5684
2.0442
1.9220
1.6785
1.7253
1.9865
1.5577
1.5773
2.1498
2.2163
1.8309
1.7042
1.9646
1.8967
2.2822
2.4652
2.4667
2.2621
1.9097
1.8639
1.9935
2.2152
2.2238
1.9276
1.9463
2.2243
2.0063
2.1945
1.8336
2.0906
1.7424
1.7432
2.0351
1.7634
1.7630
1.5611
1.7365
1.5554
2.0376
1.8606
1.9774
1.8258
1.7372
1.8210
1.9169
1.6597
1.9042
1.4289
1.8579
1.7863
1.9710
1.9699
1.8008
2.0641
2.0435
2.0414
2.0014
1.8061
1.9230
2.3691
2.1820
2.2569
2.0642
1.8952
1.6400
2.2629
1.6975
1.7753
2.0044
2.0685
2.2505
2.0049
1.8632
1.9206
1.9944
2.0556
2.0797
1.8072
2.0246
1.9296
1.6417
1.5295
1.6949
1.7609
1.9868
2.0165
1.6840
1.9744
2.3076
2.1412
2.2994
2.6473
1.9639
2.1897
1.8097
2.1506
1.8021
1.7830
1.7175
1.9709
1.9468
1.9598
2.0203
1.5744
1.7545
2.1304
1.7279
2.0526
1.8545
1.9645
1.7622
1.9543
1.8797
2.3387
2.4214
2.0412
2.5237
2.4837
2.4877
2.4625
1.9866
2.1355
2.4631
2.1096
2.2071
2.4498
2.3522
2.4233
2.4298
2.1968
2.4153
2.4414
2.5586
2.7014
2.2189
2.7226
2.6515
3.0757
2.5977
2.1796
2.4815
2.7282
2.7478
2.2160
2.1569
2.7461
2.5051
2.6350
2.1101
2.7034
2.2886
2.5233
2.5429
2.5009
2.3456
2.1057
2.3629
2.4601
2.1373
2.3705
2.2424
2.5043
2.6757
2.7794
2.0370
2.2634
2.0816
2.1661
2.2471
2.3549
1.6883
2.0547
2.0329
2.5427
2.4743
2.0283
2.5054
2.5520
2.4929
2.6232
2.4056
2.5352
2.7655
2.6890
2.4410
2.4457
2.2849
2.5840
2.8748
2.5084
2.6727
2.3462
2.7472
3.0442
2.8442
2.5480
2.6130
2.9285
2.4617
2.5700
2.9298
2.7953
2.4130
3.0225
2.9190
2.8892
2.2589
2.5398
2.6274
3.0272
3.0220
3.1338
2.8402
2.8881
2.7193
2.7148
3.1246
3.1972
2.9221
2.9195
2.6852
3.5862
3.3172
3.2797
3.4806
3.3738
3.3820
2.6822
2.7661
2.8560
3.1820
2.5051
2.3782
2.5090
2.6285
2.5015
2.6122
1.9695
2.5424
3.0670
2.8740
2.8813
2.8077
3.1399
2.6810
3.0603
2.6624
2.5769
2.7930
3.2605
3.1790
2.6724
2.5073
2.5418
2.4341
2.7097
3.2542
2.8255
2.9131
2.6071
2.5477
2.7414
2.7579
2.9647
2.8005
2.8819
2.7137
2.8431
2.8701
3.1459
3.3228
2.9377
2.8544
3.0727
2.8023
2.8937
2.8813
3.2577
2.5841
2.5535
2.6336
2.4355
2.3293
2.2420
2.5107
2.2221
2.1480
2.3765
2.2133
2.5528
2.2454
2.4961
2.5470
2.4536
2.8186
3.0369
2.8747
2.8430
2.5662
2.6316
2.3701
2.5895
2.9408
2.9058
2.7212
2.6573
2.4709
2.9079
2.4735
2.5890
2.5388
3.0491
2.8043
2.8421
2.8212
2.8740
3.0068
3.0910
2.7199
2.9376
2.6155
2.2671
2.9431
2.6176
2.5458
2.3359
2.5515
2.8008
2.9372
2.9528
3.0785
2.9108
3.0160
3.2124
3.2103
3.1040
2.9230
3.1250
3.3509
3.2274
3.4435
2.9717
2.9046
2.8549
2.5802
2.6993
2.7425
2.6369
2.7788
2.9129
2.8247
2.5128
2.9355
2.9123
2.7820
2.4904
2.3034
2.6406
2.6352
2.6174
2.2755
2.4113
2.6186
2.5564
2.5769
2.5489
2.4220
2.2979
2.3343
2.3728
2.5554
2.5010
2.3797
2.6634
2.3887
2.5758
2.4074
2.5130
2.5199
2.0464
2.3509
2.4763
2.4529
2.5085
2.6277
2.3203
2.5518
2.4976
2.6459
2.9045
2.8819
2.3874
2.2718
2.0788
2.6649
2.4676
2.7338
2.5125
2.9658
2.3511
2.6429
2.4977
2.5335
2.8053
2.3689
2.3665
2.3989
2.6121
2.5028
2.5285
2.3929
2.5650
2.5423
2.8727
2.7133
2.6580
2.3789
2.5895
2.8582
2.7402
3.0219
2.6259
2.4204
2.2997
2.3463
2.5448
2.6321
2.5034
2.6691
2.4682
2.6313
2.3795
2.2509
2.2291
2.5194
2.4414
2.6236
2.7098
2.7287
2.6810
2.7897
2.6957
2.7279
2.6801
2.5835
2.3080
2.7522
2.3505
2.0777
2.0473
2.2018
2.7529
2.5442
2.7720
2.7043
2.9256
3.1241
2.7028
2.9578
2.9856
2.4211
3.1946
3.2097
3.1202
2.7870
2.9517
2.9177
2.7434
3.1027
3.2869
3.0082
3.0600
2.6266
2.8978
2.8387
3.1414
2.8792
3.0466
3.2229
2.6449
2.3803
2.3096
2.7929
2.4529
2.9745
2.9093
3.2815
2.6788
3.0659
2.9022
2.8269
2.8345
2.7926
3.2117
2.9245
2.8153
2.6679
2.9456
2.4806
2.8316
2.8645
2.6680
2.8075
2.9407
2.4993
2.7802
2.8498
2.7091
2.5442
2.5609
2.8543
2.6936
2.8258
2.9088
2.8021
2.4823
2.6857
2.7269
2.8951
2.8226
2.7069
2.5551
2.9343
2.3883
3.0488
2.6928
2.4262
2.4734
2.6309
2.9536
3.0290
2.9371
3.0448
2.6300
2.6540
2.6389
2.3247
1.9527
2.3798
2.2646
2.3880
2.4569
2.3730
2.6010
2.5362
2.5611
2.5035
2.5953
2.7023
2.5238
1.9092
2.2349
2.5366
2.6906
2.3820
2.9268
2.5069
2.5601
2.8189
2.2536
2.7683
2.4497
2.6171
2.4170
2.2993
2.2544
2.5037
2.0479
2.2627
2.0561
2.5285
2.2394
2.4474
2.3184
2.3871
2.3983
2.1342
2.2591
2.0302
2.4361
2.1657
2.3605
2.5283
2.6924
2.2287
2.6547
2.1297
2.2889
2.5073
2.6230
2.7972
2.5650
2.6012
2.9335
2.6468
2.7251
2.6391
2.6982
2.4983
2.7003
2.3658
2.3200
2.7418
2.9719
2.8512
2.7746
2.5577
2.2718
2.4446
2.0043
1.8736
2.3493
2.4897
2.1921
1.9227
2.0151
2.2564
1.9612
2.1087
1.9179
2.1576
2.4004
2.1935
2.2339
2.1615
2.7014
2.4622
2.5131
2.6685
2.8187
2.7931
2.4921
2.4679
2.7451
2.2215
2.5368
2.3978
2.3354
2.8869
2.7635
2.7029
2.6068
2.4714
2.5938
2.0441
2.3769
2.2864
2.6074
2.3505
2.5737
2.4803
2.2482
2.5035
2.4161
2.5543
2.1373
2.4554
2.2740
2.3075
2.3837
2.5459
2.5208
2.6686
2.7626
2.4095
3.0877
3.0378
2.8005
2.7055
2.4488
2.4237
2.5594
2.5301
2.7179
2.6170
2.7156
2.4486
2.0797
2.1526
2.1821
2.0516
2.1032
2.4235
2.3820
2.3150
2.2295
1.9705
2.0889
2.4279
2.5396
2.7381
2.9763
2.5449
2.4349
2.5125
2.1402
2.5122
2.6362
2.5113
2.7198
2.3779
2.7705
2.7481
2.6799
2.7747
2.8088
2.5588
2.2750
2.4172
2.7543
2.2916
2.4406
2.4373
2.6399
2.5307
2.5456
2.6864
2.9212
2.5919
2.6290
2.9387
3.0048
2.7946
3.1095
3.4021
3.2910
2.9838
2.9582
2.4175
2.0751
2.4932
2.2839
2.5529
2.5015
2.4432
2.5853
1.6707
2.6292
2.0670
2.3089
2.2226
2.1327
2.2275
1.9527
2.1500
2.1868
2.4876
2.3435
2.7887
2.5326
2.6321
2.8767
2.8105
2.1560
2.2045
2.7679
2.9373
2.8639
2.4285
2.5032
2.5577
2.6007
3.0735
2.6799
2.3636
2.6043
2.6515
2.4008
2.1965
2.4728
2.2850
2.4943
2.9734
2.7190
2.6353
2.5379
2.8364
2.8273
3.0577
2.6370
2.9820
2.9874
2.6588
2.9583
2.8356
2.8101
2.4089
2.7434
2.4224
2.6977
3.1459
3.1710
3.3682
3.0150
2.5755
2.6126
2.3698
2.9870
2.6973
3.0615
2.8863
2.9081
2.8819
3.2563
3.5471
2.9680
3.2742
2.7968
2.8902
2.9763
3.1414
3.0800
2.6264
3.1444
3.2769
2.9894
2.9626
2.7110
2.7573
2.6911
2.8247
2.9692
2.9499
2.7974
2.5838
2.4963
2.5527
2.0828
1.6441
1.9473
2.1663
2.0498
2.3918
2.1045
2.5112
2.5651
2.5688
2.5067
2.5712
2.5649
2.9316
2.8096
2.6115
2.7901
2.2919
2.4266
2.3078
2.2716
2.1931
2.3717
2.5412
2.4733
2.6912
3.1557
2.6129
2.5855
2.3305
2.4670
2.8392
2.8660
3.0459
2.7265
3.4160
3.1275
2.6645
3.2512
2.8307
3.0610
2.7626
3.1754
2.9842
2.9763
2.9360
2.6780
2.5033
2.5519
3.1886
2.6768
2.7206
2.6745
2.9538
2.8800
2.3480
2.3557
2.3927
2.5583
2.2232
2.5475
2.3618
2.6168
2.6023
2.5558
2.4187
2.3145
2.1522
2.2077
2.5245
2.2481
2.1620
2.9405
2.7847
2.7487
2.6085
2.7526
2.3750
2.6560
2.6230
2.3321
2.2887
3.0765
2.6310
2.6439
2.5908
2.4539
2.5477
2.4708
2.4619
2.4764
2.3859
2.4941
2.4625
2.3200
2.3775
2.3431
2.7805
2.2351
2.8597
2.8457
2.6831
2.2742
2.8297
3.1070
2.6197
2.9023
2.7540
2.3711
2.6427
2.6844
2.9009
2.5726
2.8153
2.6359
2.6638
2.6343
2.6481
2.5972
2.9260
2.8615
2.9524
2.6153
2.8768
2.7259
2.6258
2.9810
2.6765
2.9200
2.7898
2.9562
2.5684
2.6539
2.7707
2.9766
2.8246
2.8398
2.7544
2.4873
2.8858
2.9557
2.5891
2.4183
2.3071
2.4937
2.4670
3.0991
2.8681
3.1791
2.7038
3.1652
2.8673
2.7469
2.9522
2.5159
2.5895
2.7901
2.6085
2.8477
2.2993
2.5531
2.6042
2.7445
2.3269
2.5312
2.6133
2.6562
2.9454
2.3985
2.3942
2.5809
2.8650
2.4954
2.2564
2.3491
2.4305
2.6670
2.3207
2.4495
2.8918
2.7022
2.7513
2.3826
2.4253
2.3448
2.3332
2.6464
2.5474
2.8287
2.8073
3.2063
2.7878
2.7479
2.8169
3.1918
2.8615
2.6306
2.6209
2.7483
2.6620
2.8516
2.5078
2.3515
2.4470
2.2162
2.3483
2.4009
2.3783
2.0900
2.1565
2.0473
2.2938
2.3436
2.8066
2.7511
2.8061
2.7201
2.8220
2.4376
2.8011
2.9090
2.5108
2.4545
2.4711
2.5356
2.6593
2.4216
2.3016
2.5333
2.5917
2.7007
2.5896
3.0867
3.1091
2.5136
2.7730
2.7874
2.7182
2.9922
2.7647
2.6399
2.7367
2.8060
2.3918
2.8219
2.6291
2.7194
2.1922
2.2712
2.0652
2.3014
2.2835
2.4780
2.3122
2.1526
2.1422
2.3411
2.3791
2.3471
2.1504
2.4421
2.2733
2.2715
2.3979
2.2124
2.3233
2.3872
2.5355
2.2233
2.5787
2.5987
2.4211
2.4832
2.5350
2.6633
2.3622
2.2287
2.7306
2.5674
2.3963
2.3726
2.0624
1.9482
2.3868
2.3403
2.4662
2.2385
1.9617
2.5401
2.2342
2.6334
2.6247
2.2101
2.0719
2.5337
2.3582
2.2471
2.7589
2.4133
2.4490
2.4441
2.1318
2.3543
1.7026
1.4124
2.3749
2.3679
2.1861
1.9866
2.2991
2.2514
2.1637
2.4868
2.5408
2.2764
2.1179
1.8926
2.3263
2.2364
2.5796
2.4856
2.3976
2.3355
2.7297
2.6374
2.5424
2.4303
2.3143
2.2502
2.4749
2.0575
2.1701
2.7257
2.1722
2.2769
2.4110
2.4323
2.5256
2.3864
2.8198
2.5061
2.5509
2.7459
2.7403
2.4776
2.5453
2.7368
2.8945
2.2836
2.1617
2.4872
2.7494
2.5148
2.3942
2.6434
2.5110
2.9623
2.5871
2.3246
2.2826
2.8924
2.9428
2.9166
2.8529
2.6760
2.4342
2.3277
2.5959
2.1658
2.4231
2.5379
2.3650
2.6019
2.5805
2.7339
2.5486
2.5467
2.5788
2.3330
2.2852
2.4878
2.4334
2.5894
2.3369
2.4739
2.1052
2.6430
2.6434
2.5143
2.3970
2.5817
2.4429
2.2007
2.3548
2.4461
2.5637
2.4690
2.5246
2.1892
2.0994
2.5561
2.2641
2.1019
2.3593
2.4898
2.5897
2.8956
2.5747
2.4764
2.4530
2.2491
2.4823
2.3914
2.1688
2.0370
2.1420
2.1961
2.0887
2.3403
1.9336
2.2628
2.2051
2.2613
2.2437
2.1335
2.1790
2.3536
2.5379
2.3823
2.4655
2.4555
1.9799
2.0986
1.7423
2.1669
2.3742
2.2787
2.2496
2.3664
2.3342
2.0426
2.3727
2.4368
2.4901
2.1373
2.3314
2.2195
2.4431
2.0213
1.8963
1.7912
2.3828
2.5548
2.4120
2.5320
2.4322
2.1011
2.4220
2.4317
2.0135
2.3592
2.0549
2.4935
2.0085
2.2967
2.5947
2.0509
2.6002
2.6533
2.3595
2.2108
2.3368
2.2554
2.7464
2.5491
2.4289
2.5984
2.4314
2.2622
2.3852
2.3338
2.4311
2.4366
2.2270
2.3105
2.6534
2.3849
2.0826
2.0495
1.9690
2.3075
2.2649
1.9801
2.4060
2.3159
2.3783
2.2227
2.5086
2.7215
2.4018
2.2413
2.2388
2.4505
2.6011
2.8505
2.3119
2.0248
2.5867
2.3376
2.1839
2.1973
2.4590
2.6629
2.5839
2.2651
2.4368
2.2667
2.5289
2.3179
2.3525
2.2152
2.4137
2.5187
2.8913
2.4360
2.3424
2.3152
2.3197
2.2853
2.3946
2.2226
2.1853
2.2118
2.2513
2.6615
2.4517
2.2435
2.3601
2.9023
2.6997
2.7148
2.9065
3.0004
2.8282
2.4926
2.8554
2.2519
2.5513
2.3488
2.3022
2.4690
2.4461
2.2188
2.1925
2.4710
2.4933
2.3957
2.4011
2.5180
2.2845
2.3209
2.3540
2.4649
2.1601
2.2243
2.4583
2.3795
2.6811
2.3548
2.7294
2.3564
2.3906
2.3329
2.6567
2.5387
2.9118
2.5367
2.7699
2.4535
2.7615
2.3581
2.5046
2.5498
2.7846
2.6468
2.7249
2.7598
2.3541
2.4131
2.9309
2.9570
2.8735
2.7481
2.5019
2.2040
2.2486
2.4397
2.7482
2.6751
2.5164
2.8506
2.4743
2.4127
2.6282
2.3200
2.2743
2.5674
2.2819
2.0189
2.2499
2.4519
2.6935
2.4428
2.6796
2.1553
2.4001
2.8483
2.5592
2.5036
2.2585
2.1521
2.4023
2.0347
2.3927
2.3760
2.7187
2.6157
2.3244
2.3916
2.5645
2.8773
2.8990
2.3354
2.7075
2.5642
2.3949
2.4126
2.2643
2.5306
1.9221
2.2235
2.4148
2.5117
2.1089
2.5119
2.4930
2.6077
2.8170
2.7239
2.8353
2.1174
2.2609
2.4065
2.4658
2.4782
2.8418
2.5890
2.3372
2.5070
2.3353
2.0608
2.0421
2.0888
2.5981
2.6202
2.3820
2.2429
2.3082
2.5237
2.3754
2.1634
2.3851
2.2974
2.4868
2.7966
2.4309
2.3415
2.4194
2.2589
2.4009
2.2927
2.2327
2.4513
2.3658
2.1735
2.3395
2.4679
2.2060
2.5006
2.3887
2.2888
2.5253
2.8217
2.5441
2.4817
2.4697
2.4647
2.3124
2.7170
2.8366
2.4697
2.6156
2.3044
2.1702
2.3341
2.1471
2.5407
2.7591
2.4583
2.7031
2.3987
2.3949
2.3857
2.4353
2.3057
2.4640
2.6401
2.6486
2.7499
2.5831
2.3544
2.1644
2.5346
2.7156
3.1300
2.7083
2.4220
2.7861
2.7775
2.7234
2.7513
2.9687
2.8108
2.9913
3.1869
2.4744
2.4681
2.4825
2.8040
2.6823
3.0478
3.0675
2.6344
2.8616
2.7022
2.6720
2.9087
2.3994
2.5678
2.5567
2.5089
2.6097
2.9271
2.8418
3.2565
2.6736
2.6419
2.4844
2.7662
2.4744
2.6345
2.8092
2.3423
2.4554
2.3824
2.4141
2.4060
2.7142
2.7537
2.6348
2.8874
2.5873
2.5782
2.6377
2.9263
2.8623
2.5947
2.6813
2.6428
2.7580
2.4987
2.4638
2.6466
2.3128
2.4609
2.4801
2.6230
2.6294
2.7339
2.5342
2.5764
2.6691
2.4977
2.7042
2.6539
2.5424
2.0742
2.3862
2.3651
2.7601
2.8807
2.6179
2.2658
2.1384
2.0910
2.3058
2.6299
2.2450
2.7004
2.6481
2.6444
2.6531
2.1406
2.2238
1.8051
2.4607
2.0603
2.2256
1.9177
2.5911
2.5167
2.7850
2.5677
2.3085
2.4445
2.3732
2.2320
2.8266
2.6563
2.6316
2.6061
2.3698
2.3843
2.5417
2.1702
2.3101
2.3708
2.3287
2.6877
2.3465
2.7758
2.9350
2.7988
2.7046
2.9720
2.5481
2.7345
2.8067
3.1203
2.9857
2.8024
2.8170
2.4244
2.4001
2.4540
2.0539
2.5198
2.4922
2.4024
2.6151
2.3521
2.6146
2.1440
2.4149
2.3787
2.5925
2.4165
2.2593
2.1297
2.4479
2.2848
2.6387
1.9440
2.3144
2.5414
2.7877
2.6542
2.4330
2.4813
2.7425
2.8489
2.8088
3.0271
3.0897
3.1035
3.1640
2.7084
3.2165
3.2103
3.0907
3.7399
3.3164
2.9291
3.3173
3.5362
3.3604
3.4817
3.2482
3.5646
3.3490
2.8398
3.1757
3.5063
3.0252
3.0046
2.8622
2.8970
3.0075
2.5801
2.9798
2.3793
2.9677
2.9739
3.3734
3.2381
3.2885
2.9677
2.8950
2.6765
3.0436
2.7750
2.8854
2.7192
2.4791
2.6154
2.6398
2.6311
2.8452
2.6703
2.3956
2.6725
2.1027
2.1125
2.4133
2.5585
2.7514
3.1393
2.8381
2.7657
2.6536
2.4090
2.3989
2.4138
2.5048
2.9926
2.4140
2.4776
2.3055
2.4870
2.8412
2.8225
2.5597
2.8367
2.4637
2.5109
2.6393
2.5121
2.6603
2.5410
2.6340
2.7633
2.6733
2.6144
2.4350
2.2957
2.5490
2.0325
2.2730
2.5319
2.1568
2.2886
2.0687
2.5136
2.2216
2.6277
2.2473
2.6210
2.8809
2.5542
2.5670
2.2894
2.5430
2.7708
2.8436
3.1142
2.6471
2.4249
2.6419
2.9201
2.7595
2.4857
2.3611
2.3675
2.3903
2.5986
2.3889
2.8271
2.6662
2.8214
2.4524
2.6759
2.3200
2.5324
2.4352
2.9185
2.3757
2.4428
2.3007
2.2319
2.5279
2.4564
2.4720
2.5772
2.7515
2.7565
2.4584
2.3108
2.6209
2.6755
2.9294
2.3505
2.8445
2.0775
2.4589
2.8900
2.2935
2.4469
2.3423
2.3560
2.4444
2.6707
2.0653
2.1231
2.3459
2.3666
2.3125
2.4105
2.4651
2.3830
2.1659
2.6622
2.1928
2.0249
2.6030
2.1150
2.5774
2.5457
2.7200
2.1590
2.5177
2.3768
2.2713
1.7944
2.4485
1.9158
2.1791
2.3200
2.4167
2.1712
2.4329
2.4224
2.2321
2.5460
2.3471
2.3430
2.5177
2.5688
2.4685
2.1050
2.2234
2.2297
2.5209
2.2948
2.3296
2.4485
2.1128
2.2610
2.2436
2.3244
2.5252
2.8338
2.5440
3.1022
2.7222
3.0012
2.6563
2.7525
2.7846
2.6827
2.8349
2.4597
2.7480
2.6662
2.4181
2.5692
2.5142
2.3691
2.9220
2.7213
2.4783
2.3693
2.3822
2.0695
2.5189
2.6981
2.5318
2.7013
2.2509
2.5458
2.1620
2.3219
2.5693
2.4273
2.4792
2.7832
2.4396
2.6836
2.7224
2.5070
2.7380
2.9605
2.4067
2.5455
2.7180
2.6432
2.8678
2.9944
2.7992
2.6091
2.6128
2.5906
2.3127
2.4435
2.5259
2.2263
2.8714
2.3276
2.7125
2.6547
3.0778
2.8518
2.8141
2.2541
2.6728
2.8131
2.7172
3.0333
2.7437
2.6853
2.6755
2.7936
2.6185
2.8054
2.5880
2.8710
2.8795
2.6844
2.5690
2.5165
2.3474
2.5269
2.9662
2.4315
2.5919
2.7545
2.4362
2.2049
2.6600
2.5930
2.3502
1.9955
2.4199
2.4981
2.4188
2.4731
2.3857
2.3793
2.1435
2.3403
2.3537
2.1241
2.2257
2.3538
2.4615
2.4540
2.5555
2.3152
2.6148
2.4973
2.5576
2.6629
2.8562
2.3556
2.4964
2.4936
2.0686
2.1151
2.7498
2.6479
2.3944
2.4960
2.6657
3.1507
2.4274
2.9763
2.9786
2.9003
2.8408
2.9125
2.8635
2.7286
2.6174
2.5652
2.5525
2.3205
2.1856
2.3988
2.4996
3.1326
2.4822
2.1066
2.5929
2.2817
2.4554
2.7207
2.7829
2.5961
2.5332
2.6276
2.7393
2.4120
2.1888
2.0698
2.1948
2.7520
2.5495
2.2363
2.3695
2.3271
2.3198
2.4028
2.1322
2.1980
2.6328
2.3780
2.5951
2.5855
2.7675
2.9872
2.6979
2.6791
2.5412
2.5014
2.6324
2.6561
2.8453
2.5331
2.8464
2.5847
2.7901
2.5351
3.3422
2.8979
2.6170
2.6593
1.9088
2.7855
2.6350
2.7259
2.5317
2.8893
2.4865
3.1021
2.7335
2.9061
2.7728
2.6169
2.4873
2.6619
2.9345
2.8633
2.3497
2.8358
3.0966
2.7444
3.0734
2.6940
3.0900
2.7217
2.9316
2.8148
3.2482
3.1879
2.5966
3.0403
2.8010
3.1206
2.8793
2.8845
2.7814
2.7821
2.4620
2.5267
2.7621
2.7796
2.4781
2.1190
2.3637
2.5161
2.5115
2.9452
2.5735
2.8221
3.0476
2.4077
2.6746
2.3990
2.9083
2.8114
2.7931
3.0454
3.5862
3.2343
3.5179
3.2678
3.4290
3.3666
3.3816
3.1696
3.2614
3.1462
3.4004
2.8699
3.2000
2.5809
3.2896
2.4139
2.5992
2.6840
2.8327
2.7140
2.6377
2.5077
2.4372
2.7803
2.6128
2.7657
2.8811
2.7871
2.6287
2.4854
2.3429
2.6519
2.5383
2.4685
2.6748
2.5900
2.2469
2.4346
2.4473
2.3220
2.3533
2.5039
2.2941
2.2045
2.4915
2.4405
2.3836
2.5313
2.3342
2.8039
2.5799
3.1038
2.2956
2.7585
2.4049
2.2983
2.0471
2.5749
2.2844
2.4408
1.8836
2.3220
2.4815
2.0533
2.6208
2.5325
2.5519
2.2887
2.6652
2.4220
2.5671
2.0797
2.0765
2.3711
2.4888
2.5886
2.8346
2.5188
2.8709
2.2674
2.2127
2.4410
2.7010
2.9500
2.4685
2.7733
2.6154
2.4206
2.4829
2.2996
2.3305
2.3271
2.4578
2.7936
2.1962
2.6577
1.9697
2.8742
2.7131
2.5807
2.5970
2.6391
2.8272
3.1559
2.6759
2.2942
2.7919
2.7567
2.7175
2.7892
2.7720
2.9810
3.0553
2.7356
2.7749
3.3451
3.5558
3.1055
3.1416
2.9710
2.7309
2.6935
2.5383
2.5402
2.4525
2.6994
2.9465
2.4161
2.3713
2.7763
2.8112
2.7346
2.9450
3.6972
3.1333
3.0956
2.9350
2.8876
2.6070
3.2298
2.5687
2.7776
2.5563
2.9514
2.9232
2.8439
2.5300
2.9681
2.6272
2.8947
2.8112
3.0987
2.8934
2.6259
2.7161
2.2956
2.5775
2.9905
3.0456
3.1125
2.8949
2.3293
2.5935
2.6444
2.5809
2.2438
2.6821
2.1779
2.7910
2.5474
2.3522
2.5803
2.5888
2.4657
2.7292
2.3402
2.4373
2.2668
2.5947
2.9371
2.5950
2.6282
2.6526
2.4512
2.5593
1.9960
2.4878
2.6211
1.9465
2.4812
2.4787
2.4087
2.6077
2.8684
2.1605
3.0631
2.7825
2.6345
2.1316
2.2281
2.0238
2.1599
2.4885
2.4023
2.4462
2.9270
2.7245
2.5133
2.9721
2.8269
2.5640
2.5789
2.6690
3.1410
2.6949
2.7457
3.1559
3.2733
2.8895
2.8281
2.9968
2.6956
2.4779
2.9327
2.7116
2.5457
2.7488
2.2192
3.0338
3.1076
2.5829
2.7053
2.7267
2.4545
2.4817
2.4922
2.3314
2.6960
2.4623
2.4915
2.5703
2.2116
2.5279
1.8636
2.8608
2.5618
2.8147
2.8636
3.0787
2.8550
3.0376
2.7674
3.1221
2.7540
2.7779
2.7036
2.6016
2.7503
2.7518
3.0314
2.7619
2.9534
2.9592
2.6843
2.9977
3.0827
2.6446
2.5363
2.9230
2.7077
2.4229
2.2909
2.6494
2.7471
2.4800
2.4183
2.5741
2.6715
2.4527
2.2433
2.4606
2.6794
2.6483
2.4970
2.3659
2.2491
2.3221
2.3414
2.2302
2.4021
2.6503
2.4016
1.9935
2.1719
2.5339
2.3123
2.3884
2.7247
2.3991
3.2931
2.7298
2.4137
2.3163
2.7865
2.3337
2.4827
2.5411
2.7958
2.9029
2.7183
2.4108
2.6282
2.6372
2.7606
2.5712
2.8910
2.5722
2.3950
2.5632
2.9034
2.5508
2.8224
2.8547
2.5992
2.4775
2.6135
2.9722
2.3279
2.7709
2.9359
3.0677
3.0161
3.0503
3.0549
2.9576
2.8261
2.6637
2.6795
3.0313
2.8247
2.4771
2.8851
2.7228
2.8062
2.9024
2.6352
2.6174
2.7682
2.6002
2.7835
2.9013
3.1465
2.8403
2.9022
2.6494
2.6739
2.6146
2.9745
3.1708
2.8840
2.8239
2.6320
2.9913
3.0718
2.8109
2.5401
2.5262
2.6664
2.6865
2.9035
2.8113
2.8366
2.6160
2.5284
2.6172
2.5795
2.5872
2.6833
2.9297
2.9602
2.8482
2.7265
2.1379
2.1515
2.1334
2.5235
2.5491
2.4544
2.2586
2.3095
2.6881
2.6581
2.5729
2.5168
2.8031
2.5181
2.6759
2.6030
2.4547
2.4138
2.9433
3.1296
2.8133
3.1764
2.6618
2.7228
2.5152
2.5632
2.3311
2.3424
2.0991
2.6474
2.8005
2.1671
2.1436
2.0327
2.0605
2.7469
2.3536
2.3500
2.6750
2.5741
2.4791
2.5191
2.3325
2.3017
2.1859
2.6723
2.1703
2.4372
2.4018
2.2468
2.4104
2.4895
2.5251
2.6175
2.8573
2.4230
2.4590
2.6180
2.4209
2.6756
2.7284
2.4692
2.4639
2.3581
2.3347
2.4392
2.1551
2.4826
2.4432
2.2687
2.6728
2.5987
2.8419
2.6904
2.4928
2.4478
2.7935
2.8198
2.5460
2.7646
2.4002
2.3023
2.2295
2.2689
2.4792
2.5323
2.1699
2.2633
2.1477
2.2360
2.7970
2.4007
2.2765
2.4872
2.5041
2.5062
2.8478
2.1871
2.4351
2.3195
2.2783
2.3567
2.6515
2.4231
2.7164
2.5090
2.2691
2.4303
2.8707
2.4838
2.9315
2.7701
3.2427
2.8083
2.6480
1.6145
2.3086
2.1506
2.3230
2.5105
2.4043
2.2784
2.1675
2.1498
2.2816
2.4595
2.3906
2.2279
2.1622
2.4700
2.0133
2.7583
2.0760
2.3033
2.0901
2.4342
2.5372
2.4032
2.2257
2.4393
2.4666
2.4435
2.3856
2.4437
2.2056
2.3368
2.3250
2.3517
2.1958
2.4892
2.7359
2.8307
2.7295
2.3210
2.6091
2.1281
2.1267
2.2821
2.7243
2.1329
2.2066
2.5505
2.3618
2.1321
2.1622
1.8848
2.1700
2.1990
2.4825
2.6063
2.5125
2.2389
2.1911
2.0960
2.5501
2.2572
2.1001
2.0742
2.5397
2.0403
2.5250
2.4173
2.4448
2.3580
2.3818
2.4194
2.4975
2.2677
2.3926
2.5476
2.3279
2.6464
2.2734
2.6158
2.9935
2.4851
2.4442
2.3400
2.2426
2.4707
2.2696
2.4019
2.4555
2.5687
2.1290
2.4769
2.3558
2.5823
2.4021
2.5278
2.8652
2.3149
2.6345
2.5710
2.5496
2.6969
2.3766
2.6703
2.6144
2.1451
2.4605
2.1296
2.3110
2.2379
2.3317
2.0168
2.3463
2.4077
2.0105
1.8998
2.4975
2.2402
2.5111
2.3655
2.0512
2.2437
2.6006
2.3009
2.4382
2.5482
2.3620
2.0623
2.4489
2.5078
2.5122
2.4526
2.8727
2.2542
2.5438
2.3116
2.3092
2.5149
2.5665
2.3756
2.2703
2.5647
2.9480
2.6422
2.5856
2.6314
2.6319
2.5720
2.6397
2.3691
2.8013
2.9008
2.9853
2.9175
3.1056
3.0195
2.8070
2.4897
2.4142
2.7470
2.4634
2.3368
2.4319
2.2478
2.4518
2.4252
2.1485
2.4399
2.5570
2.5547
2.4093
2.5335
2.4991
2.4063
2.5439
2.0304
2.7513
2.7143
2.6839
2.7227
2.8967
3.1805
2.5809
3.0293
2.2855
2.7787
2.7271
2.7402
2.4375
2.7639
2.8567
2.6551
2.6296
2.7642
2.4984
2.5700
2.5586
2.6834
2.6208
2.4915
2.4840
2.8595
3.1023
3.1133
3.3465
3.1992
2.8905
2.9782
2.5829
2.7238
2.6595
2.8308
2.7090
2.7587
2.5829
2.5687
2.5234
2.3413
2.6261
2.4295
2.5157
2.6684
3.0782
2.5985
2.5142
1.8930
2.2891
2.2712
2.4713
2.5529
2.3663
2.7807
2.5788
2.4066
2.4771
2.7032
2.6493
2.9623
2.9647
2.8596
2.4894
2.6711
2.5305
2.1906
2.4540
2.4339
2.9915
2.2283
2.3642
2.5318
2.5918
2.8696
2.7273
2.8570
2.9769
2.7672
3.2886
2.5387
2.5334
2.7168
2.5724
2.4078
2.3600
2.3691
2.4772
2.5725
2.7454
2.5254
2.6724
2.5985
2.4777
2.5827
2.6562
2.3672
2.4925
2.5465
2.6134
2.1919
2.3699
2.4523
2.3057
2.6237
2.7485
2.5875
2.5168
2.9178
2.8377
2.5638
2.9560
2.6241
2.7361
2.9875
3.1564
2.9326
3.1348
2.6742
2.8155
2.6323
2.5430
2.5393
2.9247
2.8204
3.0703
2.9953
2.5803
2.6538
2.7082
2.5204
2.8098
2.5136
2.5178
2.5100
2.9518
2.7245
2.2753
2.3923
2.5939
2.6190
2.5148
2.7044
2.2167
2.5562
2.4512
2.3394
2.5879
2.2954
2.8251
2.3048
1.9691
2.6142
2.5149
2.3963
2.2074
2.2429
2.3677
2.1941
2.2644
2.7445
2.4734
2.7520
2.7614
2.4928
2.1173
2.3554
2.5717
2.9798
2.3769
2.8551
2.2425
2.3338
2.4364
2.2480
2.4138
2.6997
2.8521
2.4209
2.8038
2.8226
2.8471
2.4035
2.6304
2.6347
2.8750
2.6689
2.7393
2.5579
2.6133
2.5620
2.2895
2.1934
2.3551
2.1291
2.2178
2.3730
2.1872
2.2450
2.5276
2.2750
2.0109
2.3963
2.3813
1.8568
2.5335
2.3873
2.2637
2.2986
2.5464
2.2769
2.2270
2.6128
2.5111
2.3407
2.4376
2.7333
2.4672
2.4906
2.6337
2.7059
2.6593
2.4796
2.7011
2.4929
2.9482
2.5578
2.2641
2.9038
2.7200
2.5697
2.6319
2.3303
2.3077
2.3659
2.4260
2.1771
2.4241
2.2896
2.5103
2.5935
2.1280
2.5920
2.4861
2.7338
2.1258
2.3685
2.0414
2.5966
2.3188
2.3905
2.3287
2.0101
1.9518
2.1717
1.9590
2.2655
2.6265
2.5324
2.4090
2.5664
2.4327
2.7898
2.6903
2.5642
2.1221
2.7374
2.4718
2.6545
2.8711
2.3714
2.3535
2.5715
2.1783
2.0914
2.2868
2.5265
2.7718
2.5304
2.1216
2.2750
2.3103
2.2024
2.2675
2.3531
2.5930
2.2356
2.3171
1.9859
2.2889
2.1994
2.1864
2.2604
2.2053
2.1256
2.2127
2.5647
2.3797
2.6410
2.4159
2.8967
2.3199
2.2732
2.4054
2.6120
2.6140
1.9560
2.3383
2.2974
2.3212
1.7460
2.2599
1.7175
2.5186
2.0149
2.2777
2.4415
2.5665
2.2635
2.4189
2.4244
2.4759
2.3148
2.2821
2.4499
2.5497
2.7220
2.5153
2.4740
2.8446
2.8545
2.3439
2.7067
2.5119
2.5586
2.4705
2.8861
2.9586
3.3678
3.1287
2.5501
2.7470
2.3387
2.7228
2.8620
2.3483
2.4003
1.9849
2.7215
2.5531
2.4062
2.5200
2.7478
2.4609
2.2045
2.3798
2.1069
2.5326
2.3880
2.1903
2.2870
1.9554
2.8579
2.4544
2.0936
1.9552
2.4245
2.0522
2.1858
2.4314
2.3722
2.3844
2.5325
2.3814
2.3316
1.9204
2.0823
2.0236
2.0535
2.1934
1.7631
2.3396
2.3583
2.3675
2.1129
2.3326
2.0836
2.4385
1.9663
2.0577
2.3476
2.5676
2.5524
1.9999
2.4313
2.0961
2.2441
2.3538
2.7558
2.3010
2.4762
2.6380
2.3879
2.1588
2.4310
2.4414
1.9941
2.0965
2.0628
2.3676
2.3623
2.5410
2.5992
2.1712
2.0564
2.0587
2.3472
2.1925
2.0213
2.5498
2.5898
2.2534
1.9128
2.0287
2.1498
2.2194
2.3571
2.5867
2.1564
2.1057
2.4936
2.2189
2.3874
2.1649
2.4595
2.4561
2.2624
2.6364
2.4729
2.5541
2.2887
2.3384
2.5791
2.6788
2.4634
2.3157
2.8103
2.6689
2.2810
2.4015
2.2365
2.1182
2.9003
2.6834
2.7799
2.8617
2.8203
2.9006
2.3914
2.4424
2.3078
2.7521
2.7071
2.2972
2.1619
2.3737
1.8623
2.3454
2.6790
2.3647
2.6636
2.4676
2.4025
2.2365
2.5292
2.4925
2.8827
2.6483
2.7895
2.8407
2.9104
2.8127
2.6638
2.5577
2.6744
2.1757
2.5322
2.8767
2.8330
2.5981
2.5831
2.5427
2.6321
2.3837
2.1641
2.3533
1.8430
1.9353
2.5722
2.0432
2.7295
2.7639
2.3841
2.5558
2.3701
2.2348
2.6544
2.5711
2.4653
2.4492
2.5274
2.6135
2.7136
2.4407
2.5502
2.2475
2.0334
2.0015
2.2244
2.0766
2.4815
2.0319
2.1205
2.2428
2.3941
2.1498
2.3911
2.0888
2.0983
2.1398
2.2159
2.0189
2.2977
2.5776
2.2125
2.5793
2.5224
2.5025
2.2490
2.0890
2.5662
2.5100
2.0309
2.1714
2.2015
2.3000
2.0513
1.9340
2.0149
2.4829
2.4745
2.6438
2.5134
2.1981
2.3276
2.4184
2.4966
2.7371
2.5131
2.2001
2.1932
2.1667
2.2103
2.5866
2.4129
2.5180
2.0440
2.2877
2.3826
2.3388
2.0412
2.3483
2.2139
2.1053
2.3981
2.2101
2.4729
2.2747
2.1956
1.9361
2.6919
2.4492
2.3213
2.4293
2.0607
2.3753
2.4196
2.3632
2.4550
2.6220
2.4086
3.0103
2.7261
2.6608
2.7453
1.9748
2.0833
2.3363
2.3621
2.4144
2.5384
2.3212
2.2534
2.4883
2.6215
2.2544
2.5794
2.5825
2.7910
2.7144
2.8894
2.9021
2.5307
2.7521
2.4981
2.5621
2.6323
2.7025
2.7836
2.9381
2.5108
2.6996
2.3856
2.0319
2.4991
1.9498
2.0478
2.1497
2.3229
2.3655
2.3853
1.9372
2.5622
2.1774
2.5172
2.4206
2.2663
2.3513
2.4329
2.6257
2.6207
2.4583
2.2236
2.2501
2.4017
2.2501
2.1825
2.9211
2.5244
2.6282
2.7827
2.7927
2.4403
2.5723
2.6792
2.0606
2.2737
2.6176
2.3977
2.4873
2.6687
2.1139
2.2059
2.3624
2.4849
2.3279
2.3775
2.2197
2.3769
2.4781
2.4435
2.1420
2.2385
2.4082
2.5539
2.2525
2.0524
2.3087
2.9043
2.6633
2.6918
2.6969
2.5508
2.5826
2.5976
2.5133
2.6960
3.2758
2.8461
2.8724
2.8708
2.5903
2.3410
2.5006
2.4270
2.6453
2.5748
2.3105
2.0030
2.3477
2.4526
2.3330
2.1723
2.3450
2.2376
2.3275
2.0949
2.2538
2.1430
2.2018
2.3031
2.4204
2.5371
2.6160
2.5705
2.7121
2.4302
2.1867
2.1937
2.6282
2.5225
2.4832
2.6435
2.4270
2.2773
2.3224
2.7594
2.5134
2.4812
2.4833
2.8461
2.6296
2.4123
2.4646
2.1495
2.2906
2.8308
2.4364
1.9372
2.5180
2.7151
2.4823
2.9130
2.3289
2.7909
2.2060
2.2451
2.4452
2.1135
2.0568
2.0740
2.2029
2.1562
2.1301
2.5806
2.1745
2.4361
2.4773
2.3008
2.1852
2.6576
2.7180
2.4769
2.3017
2.7185
2.4317
2.5323
2.3429
2.7780
2.6410
2.5980
2.2923
2.1099
2.4556
2.4805
2.5941
2.8057
2.6908
2.8449
2.4308
2.3964
2.4095
2.3188
2.3575
2.3784
2.4713
2.2637
2.4309
2.4047
2.1702
2.1223
2.3053
2.4759
2.1252
2.4054
2.6843
2.7115
2.7502
2.4180
2.2250
2.1871
2.2365
2.0201
2.3720
2.5433
2.6584
2.5877
2.2266
2.7675
2.3623
2.5779
2.2563
2.2180
2.3619
2.5351
2.2955
2.5639
2.6203
2.2598
2.7350
2.2305
2.5101
2.6748
2.3703
2.2462
2.5404
2.4814
2.9399
2.4576
2.6571
3.0313
2.5882
2.9134
2.4922
2.3966
3.0652
2.2551
2.5758
2.7719
2.2671
2.3391
2.2380
2.6790
2.6661
2.6056
2.9856
2.5789
2.6372
2.8044
3.0596
3.1815
2.7708
3.0072
3.2527
3.0249
2.9184
3.2097
2.7872
2.7388
2.7047
2.6313
2.6317
2.6460
2.2738
2.4875
2.5344
1.9243
2.2146
2.2980
2.4661
2.3725
2.3445
1.9520
2.4061
2.4041
2.5175
2.4753
2.5820
2.5703
2.4217
2.8214
2.9169
2.6446
2.7053
2.6038
2.6212
2.7927
2.5568
2.8569
2.7033
2.8356
2.4743
2.3760
2.8921
3.0606
2.5588
2.4193
2.4715
2.4437
2.4840
2.6904
2.4017
2.3360
2.3812
2.9512
2.5295
3.0450
2.9620
2.9975
2.7867
2.7299
2.6016
2.5627
2.5191
2.7118
2.3975
2.6660
2.5725
2.4365
2.6164
2.2684
2.6607
2.5320
2.3349
2.5925
2.5552
2.4077
2.7912
2.4785
2.6281
2.7937
2.5325
2.8593
2.5206
2.3952
2.5776
2.0352
2.3330
2.4821
2.5814
2.4149
2.5174
2.0304
2.3607
2.7648
2.1840
2.4052
2.3621
2.3811
2.5408
2.5377
2.6773
2.7213
2.5939
2.7501
2.6130
2.5015
2.2697
2.2967
2.5706
2.4007
2.7166
2.8555
2.5352
2.6763
2.5865
2.7322
2.2704
2.4250
2.3781
2.8926
2.5889
2.4935
2.5931
2.2559
2.2369
2.4792
2.5201
2.5140
2.9055
2.8281
2.5559
2.7617
2.8034
2.7696
2.3605
2.6547
2.7119
2.3883
2.0991
2.1863
2.2931
2.1746
2.1574
1.6966
2.0788
2.1119
2.4160
3.1368
2.5942
2.7117
2.9170
2.6696
2.4141
2.4674
2.5255
2.1666
2.8424
2.7030
2.6495
2.6648
2.5599
2.3141
2.3297
2.3059
2.2621
2.0636
2.5981
2.5049
2.2173
2.4522
2.3971
2.4791
2.3343
2.5654
2.3190
2.4292
2.4869
2.1295
2.2270
2.6120
2.5543
2.2193
2.6703
2.6817
2.7461
2.5025
2.5286
2.4526
2.6806
2.2950
2.4442
2.7450
2.5094
2.2044
2.4723
2.2488
2.4627
2.5471
2.5388
2.2612
2.7098
2.3024
2.3941
2.3249
2.3850
2.4775
2.5400
2.3834
2.3431
2.2031
2.1085
2.0470
2.4964
2.3388
2.4500
2.3352
2.2075
2.2964
2.0697
2.2387
2.6361
2.5645
2.6498
2.1950
2.1212
2.1375
2.4970
2.4722
2.2943
2.3193
2.3858
2.6263
2.5056
2.5189
2.3926
2.7547
2.4711
2.8575
2.4980
2.3998
2.5734
2.7622
2.3644
2.4809
2.4138
2.2535
2.3292
2.2325
2.2510
2.4077
2.1799
2.2651
1.9376
2.1921
2.3582
2.5268
2.2719
2.5031
2.7055
2.5453
2.2772
2.2443
2.4472
2.3183
2.2850
2.3363
2.7040
2.8267
2.9764
2.3992
2.1160
2.8921
2.4212
2.0691
2.4243
2.5848
2.1352
2.1709
2.2402
2.2402
2.3464
2.6070
2.0414
2.2556
2.6017
2.4818
2.2721
2.3284
2.5162
2.7853
2.5713
2.4783
2.6570
2.4028
2.2335
2.6025
2.4913
2.6493
2.2470
2.2998
2.6000
2.4457
2.8996
2.6639
2.7365
2.5421
2.7086
2.2832
2.4687
2.1935
2.3369
2.6747
2.6357
2.4971
2.7691
2.5121
2.2214
2.3148
2.5388
2.7132
2.2130
2.3094
2.1207
2.0064
2.1799
2.2345
2.2453
2.2106
2.3009
2.5518
2.5241
2.0202
2.0855
2.4125
2.4459
2.6436
2.5270
2.1921
2.4266
1.9084
2.6150
2.4697
2.6142
2.4587
2.6664
2.6158
2.3610
2.4334
2.4874
2.2507
2.6563
2.5585
2.1370
2.4690
2.3398
2.6088
2.8471
2.5206
2.8315
2.4898
2.1102
2.3660
2.1992
2.2845
2.2356
2.3134
2.4102
2.1098
1.9143
2.0503
2.2436
2.4230
2.6530
2.5110
2.8766
2.3452
2.6338
2.8628
2.9124
2.5062
3.0423
2.7622
2.5564
2.2296
2.2798
2.9538
2.5452
2.3209
2.4845
2.1413
2.5722
2.2387
2.3673
2.3761
2.3251
2.4119
2.2379
2.3032
2.4028
2.6498
2.4190
2.2519
2.2847
2.8203
2.2791
2.2016
2.2610
2.2581
2.4696
2.8215
2.4930
2.5047
2.4224
2.1921
2.4093
2.3702
2.4040
2.1393
2.1607
2.3446
1.8894
1.8615
2.2403
2.0479
2.3358
2.3759
2.1881
2.2931
2.6019
2.2204
2.3840
2.7674
3.0150
2.9511
3.0600
2.8820
2.4378
2.3162
2.2656
2.3285
2.5471
2.2581
2.7965
2.8874
2.5023
2.2591
2.5503
2.7476
2.6949
2.7710
2.1931
2.8652
2.6615
2.7998
3.2427
3.0987
3.2260
3.3025
2.9464
2.6903
2.7119
2.4801
2.6588
2.8312
2.6007
2.7800
2.8994
3.0521
2.8755
2.6156
2.6023
3.0138
2.8760
2.5373
2.7753
3.3008
2.9214
3.1637
2.9587
3.1141
2.8193
2.7360
2.8592
2.9278
2.7998
2.6692
2.7764
2.3774
2.3919
2.4721
2.2275
2.0483
1.8469
2.3001
2.1464
2.5652
2.2454
2.5819
2.4978
2.4204
2.4572
2.6477
2.2076
2.3122
2.2938
2.5695
2.2251
2.3789
2.3743
2.0764
2.3673
2.1854
2.2783
2.8850
2.6106
2.3747
2.4423
2.3253
2.2028
2.2622
2.4459
2.4824
2.2598
2.2003
2.3223
2.3509
2.1791
2.2234
2.4675
2.3527
2.4599
2.3232
2.5115
2.1109
2.0985
2.6893
2.4158
2.3863
2.6235
2.3639
2.4861
2.6646
2.7368
2.9614
3.0948
2.8241
2.6359
2.4726
2.6833
2.7672
2.1777
2.6115
3.0160
2.5273
2.4009
2.1005
2.6778
2.6686
2.6210
3.2293
2.8371
2.0568
2.2938
2.5953
3.0472
2.7275
2.4372
2.5855
2.4994
2.4740
2.3872
2.2722
2.1727
2.4458
2.7210
2.3318
2.8277
2.5902
2.4147
2.1822
2.2582
2.5340
2.0188
2.0626
2.4447
1.9891
2.1781
1.9770
2.1133
2.3169
2.0453
2.0558
1.7873
2.0230
2.3542
1.9054
2.1796
1.9945
1.8921
2.0002
1.6040
2.0825
1.9970
2.0450
1.9247
1.8671
1.9304
1.8683
2.1158
1.9442
1.6197
1.7610
1.5780
1.7211
2.0469
1.9787
2.0301
2.1316
2.2074
2.2586
1.8838
2.5456
2.2576
2.2863
2.1367
2.0259
2.1451
2.3464
2.8489
2.1484
1.9972
1.9331
2.3047
1.6678
1.9678
1.7110
2.1793
2.0179
2.0887
2.2413
2.4424
2.9199
2.8561
2.4846
2.3216
2.2594
1.9336
2.1747
2.4030
2.1936
2.3277
1.8778
2.2795
2.1484
2.0844
2.4611
1.9283
1.9422
2.2338
1.9772
1.9927
2.2138
2.1309
2.2514
2.2832
2.0763
2.5998
2.1187
2.2045
2.6038
1.9904
1.9919
1.9528
2.0393
2.2471
1.9241
2.2900
2.3278
2.2304
2.5780
2.1448
2.1650
1.9654
2.1188
2.0258
2.2593
2.0428
2.1741
2.3432
2.2815
2.2534
2.2611
2.0509
2.4641
2.1853
2.0767
2.1362
2.2203
1.8462
2.2336
1.8556
2.2630
2.2707
2.2454
2.1199
2.2996
2.5210
2.2314
2.0499
3.0918
2.6045
2.5013
2.4198
2.8643
3.0309
2.7054
2.4448
2.6572
2.4524
2.5084
2.2516
2.5412
2.5527
1.7082
2.1389
1.8670
2.5234
2.4027
2.5838
2.6448
2.5369
2.2136
2.5284
1.8861
1.7829
1.9573
2.3475
2.3847
2.4249
2.5298
2.3284
1.8616
2.1945
1.9237
2.0771
2.3547
2.1876
2.1825
2.1823
2.0245
1.9039
2.0130
2.1045
1.7741
1.9022
1.7072
1.7766
1.9666
2.2913
2.3944
1.9000
2.1053
2.3999
2.4150
2.6068
2.4268
2.5204
2.2374
2.7015
2.2678
