74.9555
74.9931
75.2368
75.1063
75.1312
75.6717
74.8107
74.0562
73.0975
72.0112
74.1395
75.3775
73.2864
74.2353
72.6511
71.9193
72.3109
71.7284
72.5095
72.6596
72.5903
71.9593
70.8392
72.8522
73.3470
74.3517
72.8928
73.7442
72.9409
73.1161
74.1966
72.7846
73.4887
75.4245
75.8665
75.5485
75.9583
76.0058
76.3792
77.2451
78.5424
75.6881
73.9530
75.8577
76.2292
76.5233
75.3444
75.1222
74.1614
76.0167
75.9127
75.7760
75.5115
75.5376
74.2671
73.3150
75.6414
76.5012
77.0620
77.1088
77.1831
76.5980
76.2437
74.5038
74.5245
75.3620
76.0822
74.4939
74.2499
74.6289
73.3336
73.0017
72.2111
73.3598
74.2848
75.6013
73.3365
74.1688
75.3862
74.0593
72.8989
73.0562
72.3896
72.5362
71.8259
71.8326
71.5865
71.8591
71.6209
71.5426
72.4519
70.9557
72.6126
71.8434
71.2584
71.6778
70.5874
70.7218
70.8900
69.3367
70.6078
72.0350
72.0166
72.9012
73.4369
72.6168
72.3179
72.9220
71.1436
71.5066
72.7900
74.1354
72.9015
73.5168
72.7940
71.6145
72.3819
74.1477
73.4411
73.7357
73.5170
75.2206
72.9219
73.3936
75.2643
74.8029
74.6007
74.8229
73.6531
73.7379
73.4268
73.5438
73.6778
73.2574
72.8634
73.4439
71.4310
70.1615
70.1524
70.9120
72.4153
72.8237
71.3853
71.3736
72.4134
72.6668
72.7962
71.8010
72.7535
75.5825
73.6932
73.1055
72.5413
72.5965
71.7747
70.7522
70.1346
70.0628
69.4467
69.3373
70.5228
69.5909
70.0662
70.1732
70.4733
71.7436
70.9174
71.2550
70.6273
68.4337
69.1907
69.4981
70.8272
70.9846
70.7696
71.0510
70.8333
71.9968
72.2958
72.1275
71.5486
70.8400
71.6094
71.6978
71.2583
70.4504
69.8769
70.6895
71.2766
69.2650
70.2059
70.6742
71.7383
70.0857
70.3994
69.2351
69.4128
69.7741
70.0429
69.7582
70.2832
71.1266
68.7879
70.4212
71.0607
71.1659
70.1127
68.9251
69.7276
70.4148
68.4422
68.1317
70.2313
69.9250
70.6145
69.1206
69.6949
70.1723
69.8223
69.4626
69.7161
69.4008
70.0762
70.2419
68.6018
67.7647
67.3267
66.4260
66.4198
66.7862
67.2777
66.0672
65.5840
64.2664
65.6912
66.9076
65.7521
65.0091
65.9531
65.3801
64.8593
66.6644
65.5907
64.4414
65.9370
66.2536
67.1667
65.9212
67.4231
66.6551
66.2193
65.6026
65.5399
66.1955
65.1438
66.2383
66.4102
66.8434
65.7510
67.6334
67.5533
67.3328
67.0717
69.1578
67.6403
68.9990
68.4523
68.7253
67.8303
66.5310
65.7323
65.6383
66.2753
64.3214
65.6827
65.5106
65.1559
67.1494
65.5303
65.0609
65.4500
64.6414
66.0817
67.5683
67.3026
66.9970
66.4748
68.0440
66.1871
65.1666
65.0733
65.4267
66.5788
66.4937
65.8820
67.3696
66.9427
66.8393
67.9424
68.7382
69.1578
67.9929
68.0215
67.5322
67.6182
67.1188
68.3277
66.4972
66.2190
66.0012
66.6188
67.2951
66.8307
66.0603
67.1447
65.6362
65.1303
66.0060
66.2119
67.1707
65.2667
66.0410
66.1994
65.0040
66.0802
65.5347
65.3090
65.4526
64.7801
65.7784
66.7409
66.4698
68.4986
66.9655
67.5437
68.7305
69.1064
68.4630
67.4713
68.3424
68.0070
67.5104
68.0104
68.0648
68.5689
69.2619
68.8079
68.1150
69.0140
70.7885
69.8278
69.4147
69.4604
68.4465
68.7522
69.8691
70.9498
71.4263
70.0855
70.1072
69.1617
67.6728
68.4805
69.6449
69.3458
67.6364
66.8290
66.6413
67.4566
67.5966
67.3126
67.7567
67.5533
68.1129
68.5981
69.7246
68.1117
68.0679
68.1037
65.8557
67.5346
66.7552
67.4363
67.6770
67.5901
66.2580
66.5733
66.0990
64.4863
65.0026
63.0726
64.2611
65.7948
64.7887
62.9849
64.5433
64.6490
65.7083
66.6519
67.8991
67.2458
68.4434
67.6118
68.8500
69.4005
67.6688
67.9632
68.8430
68.0813
67.6417
67.9330
66.2215
68.1148
66.9638
68.9809
68.5147
68.5106
70.2655
69.7640
69.7833
69.9700
69.6562
69.7768
70.2576
68.8983
68.9130
69.1620
69.4865
69.1274
67.2627
69.2463
70.3681
71.2947
71.1206
71.4346
71.4398
71.6858
72.4771
72.4191
71.4844
70.4923
70.6695
70.0418
70.9487
72.2480
72.3174
73.1055
74.6956
73.2431
74.5413
73.3362
74.8448
72.9437
72.4252
72.5079
72.7657
74.4714
75.0525
73.8946
72.8978
73.5176
73.7285
73.0974
73.7189
73.8329
72.3391
73.5526
73.6771
74.2744
74.9986
76.0935
76.9294
74.8552
74.7562
75.7903
74.4707
73.3870
73.3985
74.2235
71.9538
71.6773
69.7416
69.0649
70.3623
71.5683
71.2898
70.8929
71.4226
71.6486
71.0286
70.8845
69.3736
70.4417
71.8229
73.6113
71.8929
73.5121
72.4325
73.1833
72.4930
72.0990
74.0375
75.9871
74.9493
73.8898
72.2945
73.0645
73.4800
74.6268
75.2129
75.8096
74.9066
75.2977
75.1351
74.2324
74.2633
75.4025
75.2034
72.2291
73.1813
74.1018
74.7361
74.2979
74.1648
73.3763
74.4865
75.4052
75.2311
75.6896
76.4362
75.5852
72.7863
72.5483
73.6224
73.4081
74.9680
74.4640
75.0336
74.3794
73.7033
72.8170
73.2822
74.1225
76.3338
76.1192
75.0543
75.8825
76.1259
78.2223
78.9116
79.1459
78.4312
77.9769
77.1488
78.5372
79.0857
76.8070
77.3793
76.2137
75.8317
74.4494
75.2365
75.1770
75.4399
75.7878
76.0561
76.6059
75.0412
77.0335
77.4459
75.5970
74.0105
74.7642
74.3054
75.9987
75.7962
76.2089
76.3639
77.1672
77.2402
76.9355
75.6432
77.0554
74.4877
74.3068
74.9000
77.9156
77.6531
77.1608
75.6758
75.9354
74.9331
76.3781
77.1600
75.3546
75.1942
73.7064
74.4562
74.1702
73.8938
73.1379
72.9425
73.3358
74.3250
73.9006
75.7134
75.3612
75.0422
75.9902
75.1707
73.6523
74.3647
75.6472
74.1896
74.9091
74.9117
73.6625
73.3889
72.8267
73.5072
76.0300
76.1753
74.6452
75.8724
75.9448
76.7124
76.5382
76.0117
76.1901
75.8100
75.9249
76.0967
75.5318
74.4226
74.1715
75.1251
74.4951
74.2188
74.8608
74.7625
74.8228
73.5393
74.3441
74.4114
75.3298
73.2785
74.5769
75.2232
74.7210
75.6734
75.8047
77.0181
78.1372
76.0718
75.8797
75.1667
74.3774
74.3887
73.6116
76.6127
74.6046
74.8422
76.3266
77.4922
77.7696
76.6922
78.7886
78.6115
77.8490
75.9100
76.3426
76.1805
76.5684
76.5162
76.1240
75.4877
75.0729
75.5985
76.7827
76.9352
77.0302
75.6521
76.0898
75.9152
76.6597
76.9094
77.2273
78.5163
78.1282
77.0569
76.5101
77.5487
77.3625
77.1217
76.5957
75.8844
75.9588
74.1604
75.8272
75.9563
73.9990
76.0465
74.6706
75.5472
74.8749
75.4311
76.0678
74.7263
75.1479
75.1045
74.8765
76.3169
76.0132
73.9753
73.4666
74.3938
73.0746
72.5235
72.8910
74.2330
74.0095
74.6320
73.9741
74.2736
73.4734
74.3319
73.8869
73.4742
74.0650
73.5269
73.5834
73.6214
74.0936
73.7236
73.2007
71.8767
72.1203
73.3531
73.6150
71.5764
73.1191
72.5867
72.8712
73.8022
73.9685
73.9905
73.2658
73.8077
73.8546
73.0676
74.0571
72.2712
73.8656
73.5090
74.8872
73.3256
73.0865
74.2157
73.9881
74.0227
74.9532
73.6521
76.8074
75.2269
75.5165
73.4332
74.1726
73.8814
72.9788
73.1898
73.1270
73.2808
71.2726
73.0550
72.2612
71.2787
72.4071
71.4814
71.2877
72.3560
73.2967
73.7050
73.3732
73.6291
74.3603
75.0103
76.2728
76.9685
76.5718
75.1704
75.8973
75.3669
74.8303
74.4474
73.5618
75.2120
75.3869
74.4589
72.7661
73.5268
72.9145
74.0562
75.3727
73.0752
74.9481
73.3571
73.1274
72.8074
72.7275
73.7771
73.7889
72.9133
73.4934
73.3686
74.9470
74.5147
75.9035
73.6704
72.6777
73.9370
73.2844
74.8444
72.8849
72.3021
72.7123
72.4025
73.0612
76.2577
75.4040
72.9090
73.6611
73.8304
74.1352
73.8907
72.8759
72.9649
73.4897
72.1743
72.7779
73.6822
72.7799
71.8679
70.9392
69.6768
70.5649
71.4586
70.5751
69.9677
70.4898
69.5974
71.4153
70.5939
71.5662
70.0645
69.0680
69.4647
69.1916
69.2688
69.7886
69.1541
69.2070
69.8051
69.2069
68.4239
68.6092
67.2129
67.2969
66.9366
68.4677
68.5475
68.7353
67.8312
69.2266
69.4215
68.7775
68.6188
68.7908
70.0994
68.7979
69.8157
70.1759
69.2615
68.1022
70.7033
71.5133
71.7391
71.7408
73.7011
73.6413
74.7224
74.8078
74.3643
71.9383
72.5665
73.4705
71.6382
72.1268
73.3940
72.8364
71.9311
72.5366
72.2676
72.4367
72.3923
72.0229
71.1422
71.2236
70.7145
71.6376
70.9557
72.2755
72.2991
72.1375
71.3179
70.6851
70.6180
71.6544
72.0649
71.3421
71.2110
71.3660
71.2956
70.2733
71.2432
71.2146
71.5720
70.7712
71.8532
71.1412
70.9051
71.6774
72.4884
71.9946
72.2326
71.3728
71.4639
72.7532
72.2120
70.4068
71.0619
70.1037
69.4255
69.6691
71.4730
70.0000
71.3691
68.8968
68.9314
69.2127
69.2435
68.5968
67.0877
67.0251
67.7077
67.0946
67.4857
67.9862
68.9252
66.9643
68.4555
68.0535
67.2593
67.3936
67.0087
67.5559
67.8074
67.6336
66.2751
68.4975
68.4970
67.0717
66.8354
66.9008
66.4359
66.3997
66.4895
68.2365
66.2017
66.5300
65.2453
66.3266
66.3210
65.5778
67.8424
66.5919
66.9071
68.1136
68.3841
68.5040
67.9421
66.5014
66.4968
69.0093
66.7600
67.6506
67.9937
69.2082
68.8227
67.1501
67.3950
66.6537
67.2064
67.2170
66.9796
66.8860
68.7245
68.1124
67.8666
67.5732
69.5042
70.3116
69.9719
67.9861
69.5505
69.7385
68.8828
70.2248
69.1693
70.2497
70.5333
70.0538
71.3423
71.3223
71.2775
72.2283
72.7743
70.8793
72.3787
71.9559
71.3097
71.7196
72.3591
71.7144
71.0338
71.8499
71.5098
72.3362
73.1718
72.1417
72.0056
71.3735
72.7761
71.1971
69.9484
69.9543
70.4246
70.0540
71.3396
71.9386
72.4866
73.6179
73.8944
71.4032
71.5026
71.4848
71.0672
72.3728
72.0262
72.9585
72.5150
72.2363
72.6613
71.3137
70.7812
71.0612
71.8655
72.6015
72.4350
71.7459
70.9599
72.1775
71.8052
71.1815
71.6795
70.8760
71.7437
71.1410
71.5512
71.5281
73.0986
71.2223
70.8755
70.7002
70.9093
71.0806
72.2628
69.6357
70.9654
70.7971
70.7265
70.9160
70.5104
70.7654
72.1898
71.1015
70.5679
70.5645
70.2250
70.0977
69.6964
71.5679
70.2744
71.1193
70.4056
70.3831
71.1415
71.5996
71.5743
68.1009
70.9897
70.9577
71.2757
70.6728
70.0562
71.7811
70.0528
69.8206
69.8297
69.5278
69.6775
68.9337
68.8562
68.8919
67.9950
69.2788
70.2504
67.6511
68.5284
68.0020
68.1251
69.1826
68.3233
71.2222
69.9099
70.6354
70.5096
70.5357
70.3619
70.8670
71.3500
70.6513
70.7495
72.4298
72.6752
71.0965
69.2523
69.2395
70.2313
68.9384
69.3568
69.1056
69.5716
70.1696
70.8087
70.5685
70.3850
71.2864
71.6812
72.2368
72.4348
73.2260
73.1441
72.0576
71.0611
71.0601
70.5115
72.1233
71.5883
72.8282
70.4102
70.8487
70.6478
68.4156
68.8878
68.1725
68.6286
69.2615
68.9895
69.5009
68.8766
66.9595
66.0224
66.6811
64.7949
65.4364
66.6939
66.5140
65.3018
66.7375
65.3817
66.1220
66.1130
67.5489
66.3058
66.7195
66.8555
66.4816
66.0365
65.7665
64.0018
66.3338
64.6610
64.7754
64.5423
64.0628
63.7814
63.7520
64.3231
65.5744
64.1715
65.7862
63.9560
65.3303
64.4630
63.7891
63.6898
63.3162
63.5254
63.5894
62.4349
63.6143
63.8431
64.5957
64.1053
64.8180
65.5871
65.5723
65.0087
64.8802
65.7105
66.3646
66.0974
65.2058
67.3150
66.6038
66.6476
66.7053
67.1664
66.5136
65.7426
67.7522
66.4194
64.9737
67.2770
66.4347
66.1591
66.0155
67.2996
67.7543
67.8258
68.1422
67.5993
68.0983
67.0510
66.9325
66.0297
67.0129
66.6147
66.4061
67.4981
68.3734
68.0867
67.0297
68.7680
68.8078
68.6145
68.0301
68.3313
66.5480
68.2903
66.5792
66.4410
66.6395
66.9335
66.3127
67.4187
67.2530
66.7987
65.5861
65.3601
66.1952
66.0739
66.2173
65.8761
65.2456
64.6188
65.5117
66.3724
66.1704
64.7289
64.8829
66.6844
68.0843
67.4714
67.0772
66.7217
66.7605
67.1873
66.1305
66.5100
65.8789
65.8435
66.3209
67.2326
66.1277
66.3974
65.3720
64.5882
65.3640
67.0927
67.2998
67.2700
67.4046
66.3607
66.7502
66.9470
66.2250
66.0663
66.4318
67.2301
67.2356
67.5187
67.1130
68.6538
69.5650
70.1576
68.9538
69.9054
70.5975
70.0975
70.5563
69.9042
71.1112
70.3317
70.1919
70.6873
70.1725
70.8937
69.1737
69.1568
70.4358
70.3772
69.7276
70.2236
68.5729
68.7287
68.6140
67.2588
68.3666
67.3132
67.3956
68.7056
68.8327
68.8531
69.3766
68.2141
68.2310
66.8614
66.1307
66.1445
67.2904
66.1572
65.8186
64.6884
66.1059
67.9752
67.7368
66.6630
67.9852
68.6416
68.8118
68.8811
68.4076
67.8498
66.3429
66.9617
65.6096
66.5775
66.6804
66.6255
66.8072
67.9152
67.9738
68.5475
67.9296
69.5120
67.1905
68.8879
67.5918
67.1671
68.2479
67.9612
67.7068
68.5907
67.0262
67.5715
68.6956
67.8525
68.5580
69.9386
67.3652
67.9333
67.9598
68.1863
69.4691
69.0490
69.4506
68.7243
67.3139
68.3550
68.1316
68.5165
68.6585
68.8956
69.1476
69.4700
69.7004
67.8035
66.6419
67.3572
68.3112
69.8554
67.7795
69.4512
69.1515
67.8737
68.9767
68.5401
68.1605
66.8137
66.5979
66.7342
65.3429
66.6527
66.4477
65.6120
66.5844
65.9823
66.6029
66.8442
65.4969
67.3396
66.5418
65.7137
65.4346
63.6884
63.8708
63.7130
65.4570
63.8344
63.7497
64.9338
64.1314
64.5550
64.8983
64.6255
67.0767
66.2340
65.4248
67.0200
66.9915
66.8178
66.9589
67.3334
66.7262
67.5223
66.4816
66.3292
65.5908
67.4645
67.0177
67.5867
66.4821
67.6251
68.1103
67.7917
68.0934
68.3401
67.0605
68.5416
67.1820
66.6348
66.8097
67.1624
67.8233
68.9279
67.7375
67.0635
68.4325
66.5819
67.4729
67.8843
68.6578
67.2759
68.7056
67.7463
67.2871
69.3736
69.6814
67.8471
67.6014
67.6383
65.6175
66.6732
65.8028
66.5413
67.3398
67.8338
67.2772
66.5768
67.0880
67.2361
68.1816
67.4642
68.4523
67.4877
67.2466
65.9303
65.6325
65.8649
66.9475
68.6948
69.1472
69.2785
69.5983
69.2299
68.8453
68.1733
68.2709
66.7148
69.6853
68.6599
68.4106
68.3277
67.1678
66.6301
68.6190
67.6436
66.9644
68.3733
67.1879
66.8824
66.2190
66.4774
65.7914
65.9968
65.7626
66.0775
66.1996
66.2609
66.5125
67.0894
66.0036
66.9513
68.2096
68.1056
69.0564
69.2162
69.8036
69.1237
69.0725
67.4131
68.3290
67.8756
67.1957
68.5051
67.9560
68.6088
68.1569
69.4159
68.9864
68.6640
67.2284
66.0925
67.2169
68.7498
67.1459
67.8162
67.2504
68.6611
66.7387
68.3796
68.4830
68.2378
67.8476
67.2544
66.1961
66.0395
64.8731
65.6171
65.6325
66.5773
65.9692
64.4442
64.2565
66.5780
66.3213
66.1745
65.7313
66.4442
65.8586
66.2064
65.8054
64.9432
65.1788
66.1242
66.2069
68.4733
68.2156
67.6550
67.2258
68.1339
65.7422
66.9153
67.8799
67.9824
66.7485
67.3244
68.8540
69.5220
68.4341
68.7070
66.5741
67.8686
67.2945
66.3696
67.0467
66.7925
66.6882
66.8747
65.9807
66.6678
67.2499
67.9375
66.6776
67.2948
68.9386
69.6225
70.4534
69.2488
69.8179
70.0558
71.0081
72.0731
72.5524
72.8887
71.3047
71.8720
72.6430
70.1666
72.1128
71.3248
71.3805
71.0116
70.7372
71.1687
71.3050
69.3537
68.5499
69.1247
68.1697
68.1587
68.3825
68.4783
65.9063
64.9638
67.3876
68.3758
66.7068
66.8369
67.8044
67.3794
67.2052
68.3704
67.1157
67.6160
68.3717
69.3156
70.1189
69.1915
69.4960
69.1933
69.9237
69.8376
68.8555
70.7136
68.6857
69.2362
70.0829
69.9876
70.2010
71.0666
69.7428
69.7455
69.8957
69.4858
70.0126
70.4295
69.1669
70.3989
70.7382
71.7123
73.7906
73.1471
72.5146
71.6634
71.6463
71.4787
71.3453
71.7819
70.3714
70.3866
71.3634
70.6907
70.1427
70.6903
70.9416
69.9597
69.6407
68.8904
67.0915
69.7555
68.6585
67.5860
67.9044
69.0409
68.7673
69.5481
69.3430
70.1046
69.4846
69.8936
69.0220
67.3446
68.6889
68.4273
67.5521
67.8402
66.1685
66.6459
67.6409
66.2125
67.5858
69.0899
68.9646
67.9350
67.3083
68.0595
66.3848
66.2604
65.8290
65.3937
66.0123
64.9192
64.9842
67.3680
66.2279
68.2861
68.9791
68.2880
69.6192
69.6000
68.9479
67.5357
65.5445
64.9413
66.1983
65.1628
66.5392
65.1531
65.1820
66.3628
64.0293
65.6679
66.3696
65.5389
67.4174
67.6475
67.1172
66.3608
67.1003
67.7756
66.3211
66.1877
66.5024
66.0271
65.7707
65.7702
64.0421
66.4592
65.8241
63.8908
64.2668
64.7760
65.5883
66.8084
67.4927
66.9440
66.5995
67.4673
67.3236
68.6892
68.1880
68.5273
67.0638
68.3876
67.6506
69.4981
69.8016
70.1942
69.4584
68.0712
68.9215
69.4136
68.3856
67.9975
69.2828
68.2162
67.9992
68.4569
68.0107
69.3276
69.0277
68.0747
69.1681
69.0103
68.9501
67.3628
67.3011
67.3474
68.1756
68.0141
67.6597
67.3468
67.3773
67.3824
67.3108
67.5796
66.0653
65.8814
67.0032
66.8978
67.1048
67.3925
66.8927
66.4777
66.9539
65.7630
66.6194
68.4573
68.9968
68.4906
69.9579
69.3517
70.2147
70.9623
68.6215
70.3154
71.3907
71.3504
71.5523
70.5341
71.6346
70.8623
71.2135
70.2230
70.5315
69.5211
71.0361
70.3381
71.4963
71.3962
71.2234
71.2241
71.4368
70.7935
70.4553
71.0990
70.2990
70.3768
69.8877
70.6235
70.8710
70.2744
69.5489
69.2055
68.4980
68.6480
67.3157
67.3660
66.2811
66.3581
67.1316
66.3944
65.2278
65.8626
65.9850
65.7006
64.7765
65.1606
64.7356
65.1701
67.2105
67.2099
68.5682
68.6496
69.4499
69.4857
71.1827
70.0198
70.5423
70.2582
69.4568
69.4729
70.1260
69.4071
68.3973
68.9286
67.8552
66.0438
68.3161
67.9286
66.4550
69.6068
68.0732
68.5244
68.7351
68.8987
68.5118
66.9090
68.8889
67.5207
66.7688
66.9279
67.1407
65.3369
65.2847
66.0754
64.8224
65.8631
65.4703
64.8492
65.3231
66.1995
66.9592
66.8060
66.9127
66.4942
65.3174
65.9010
66.2101
66.8227
67.2726
66.8210
67.1475
64.4751
65.2304
64.2010
64.8489
65.6727
66.0472
66.8901
65.6198
65.6693
65.6835
66.3314
64.9941
65.5443
66.3326
67.2537
66.8295
65.8844
65.6645
64.3740
65.0628
64.7366
65.3789
63.3351
63.9751
63.7045
63.3386
63.4100
64.5875
64.1890
65.1754
65.9511
67.0193
66.7376
64.9985
64.6950
66.7557
68.0884
67.4358
66.8054
67.2790
67.8820
66.9420
66.8022
67.1371
68.5415
69.2809
67.1536
67.7357
67.8325
66.3335
64.9004
66.3965
66.3563
67.3472
66.6309
65.9595
66.0451
65.1618
66.8332
67.4155
67.2349
68.0398
67.4094
66.0260
65.7394
66.3604
65.7720
64.5845
66.0964
65.2401
66.1806
65.6972
64.9640
66.0878
66.7611
66.7369
67.2295
66.4487
67.0996
67.1221
66.7462
66.4549
67.0217
65.7573
66.4747
65.5779
66.1857
67.3066
67.5699
66.9017
67.5518
66.8350
67.2569
66.2030
68.2019
68.4322
67.3445
67.4132
66.4157
65.0463
65.5167
65.2752
66.0421
65.1151
66.6933
66.2718
65.5370
65.1629
66.9162
65.6468
65.0955
64.4801
65.1699
64.2744
64.3235
62.2680
63.3216
62.4104
64.1795
63.8716
62.2339
63.2735
65.2167
64.0899
62.5671
64.5054
64.4814
63.6953
64.2550
64.5041
65.7592
64.3706
65.1600
65.5017
67.5329
66.2579
64.2882
65.0056
65.2007
66.4475
64.4497
64.0004
64.7328
63.5737
64.1549
64.2834
63.8389
62.6837
62.5221
62.6221
62.7342
62.5817
62.1740
61.2288
62.1530
61.8651
61.9453
61.1885
60.9819
61.3228
60.9240
60.8056
61.5739
62.2484
62.1600
62.2381
63.7538
61.1435
60.2608
62.6510
63.1391
62.4446
61.0971
62.5689
62.8831
62.9254
61.3257
60.8734
61.2006
61.6718
63.4131
64.1251
62.5189
63.1542
65.4961
63.4940
63.9438
63.8008
64.9069
63.8716
63.4583
63.1895
63.5438
64.1485
65.0259
64.0462
64.2300
64.7779
64.5678
63.3064
63.3055
65.7286
63.7312
64.7741
63.7567
64.5064
65.3714
64.2081
63.8648
65.9516
64.8039
64.8016
66.4470
65.3427
66.1369
65.8800
65.4054
65.9437
65.4952
65.4702
65.4257
67.1597
66.5920
66.0943
66.9946
66.3765
65.9491
66.6695
65.1343
65.5587
65.6164
66.5363
64.8310
65.9420
65.5547
65.0480
65.6315
66.7346
66.7436
67.2488
68.1728
66.9871
67.9157
66.2833
65.9726
67.6948
67.5562
66.9835
66.7531
67.0634
66.3658
69.2944
69.4698
68.0350
66.8635
66.1697
69.4953
67.9138
68.8976
67.6040
68.2190
69.0614
69.7064
69.9575
68.1535
68.7619
68.8877
69.1545
69.1644
68.2243
67.2990
68.3621
69.2597
67.1726
67.3988
67.7489
67.0444
68.5087
67.5041
68.2080
67.4878
68.4738
68.2336
67.4434
66.8156
66.3178
66.0173
65.8923
64.9631
65.2887
64.5081
66.2662
67.0619
68.5030
68.2452
67.1388
66.6114
67.1523
66.0765
67.7275
67.8203
67.3412
65.8542
66.2482
67.3468
66.0027
65.3806
67.2117
67.1979
67.8171
69.3195
67.9830
69.1342
68.4545
67.9316
67.7353
67.0560
66.1555
66.8644
66.7140
64.4490
63.5679
62.9266
62.8359
64.0875
62.8434
63.7245
64.0799
63.7664
65.1393
63.6094
63.2410
64.0777
62.9248
63.6674
63.1583
65.1544
64.5024
64.5399
63.7101
63.4095
63.5557
63.7055
62.7761
62.3406
63.7100
64.7878
62.8222
64.7298
64.5381
64.6466
64.2214
65.1726
64.8027
62.8505
65.3504
62.9260
62.6559
64.4636
63.2599
64.3442
62.5913
63.0225
63.5405
63.1188
61.9063
63.8632
62.6000
62.7800
63.8174
64.3325
62.9188
61.8852
62.3454
62.1313
61.7203
60.0863
61.5979
61.2760
62.4864
62.8548
63.4663
62.6521
62.6547
63.7991
63.6848
63.1189
62.1264
63.1430
62.7400
62.4837
61.1529
62.4813
62.6049
62.6031
62.5169
61.8067
62.0234
61.2664
62.5056
62.5320
63.1743
63.7850
63.3128
65.3406
64.7423
64.5494
64.2490
64.6076
65.3174
64.1185
64.9826
63.2460
64.1313
61.9005
63.0786
64.7829
65.1163
64.4835
63.5550
64.0862
64.0847
64.1712
64.1006
63.3379
63.3602
64.6461
63.8523
63.0484
64.1860
63.0792
63.2158
63.3750
64.9497
63.8564
63.7181
61.4019
61.6213
62.6521
63.3382
63.2367
62.3502
64.0433
62.2916
62.7467
59.7185
60.8700
62.0298
62.2653
63.9356
63.9535
63.4078
64.0860
65.2062
64.0193
64.1803
64.0679
65.8689
66.0318
65.6859
66.6676
63.9629
65.6257
64.6740
66.2216
66.3687
66.5536
66.1992
65.5675
64.5446
65.6995
67.0138
66.8819
67.1912
67.8248
65.2041
65.0756
66.3762
64.2673
64.1746
64.8248
64.0143
64.3221
63.8636
64.3770
65.2371
63.7932
64.0996
64.1820
65.1656
64.6080
66.2698
67.2617
67.0080
65.6332
66.4513
67.0741
67.3149
66.5220
65.6786
63.5948
64.7960
64.9300
64.8372
65.0366
66.2248
64.0389
64.9962
66.3037
67.3058
66.3269
66.5957
66.3982
65.5775
66.7062
65.3530
66.9166
67.0403
66.4242
66.8544
65.0861
65.9760
66.0296
66.3045
65.6355
64.4692
65.5205
65.0085
65.5914
64.4750
64.6903
63.5311
64.9425
64.2087
64.8241
62.3528
62.2758
63.8225
64.4549
64.8945
64.8446
65.5515
65.6400
66.1764
66.1873
66.2492
67.6143
66.8457
66.5405
65.4011
65.2377
65.2653
63.6467
64.5044
64.3262
63.9510
65.3078
63.7978
65.1502
65.6778
65.9966
66.7092
65.3203
63.8663
63.6792
63.7964
64.4088
64.2654
63.5001
61.7871
62.7069
64.5847
63.8760
63.5231
64.0053
64.7971
64.7520
64.6806
65.7054
65.6899
66.0098
66.4802
65.6768
65.5290
65.8125
67.3559
66.0299
66.8372
67.4596
67.4987
66.3930
64.6135
65.1599
64.9712
65.6923
65.7329
64.4134
64.7542
64.3948
65.0510
63.5546
65.3067
65.0766
64.8902
63.3883
64.9799
64.9164
64.2996
64.3076
62.6346
61.9691
63.8394
65.0709
63.6113
63.5760
64.3478
63.4287
62.8808
62.9709
61.8875
64.2459
62.6394
64.5576
63.1925
63.2340
63.2348
63.6473
65.2747
63.5083
65.8651
64.9393
65.2607
66.8772
66.7407
66.7877
66.3957
65.8023
64.4536
64.6040
64.9098
65.3715
66.9858
65.7818
65.0901
64.3551
65.0827
65.2347
65.5933
65.6579
64.8329
66.0063
66.7137
68.4107
65.4243
66.1048
66.1772
66.1788
64.3779
65.1946
65.5818
64.3651
64.1447
63.0984
62.2826
63.8572
63.1457
63.7571
63.7554
64.2917
65.1684
64.0805
65.4767
64.2681
65.4839
63.6754
64.8169
64.8322
64.5572
63.2580
64.7387
64.8665
64.7138
64.5432
63.7482
64.4748
63.8400
65.3360
66.5322
65.6200
63.5938
63.3066
63.2567
63.7166
63.4062
64.0533
62.5594
64.9028
65.8985
64.2731
64.1046
63.5530
65.4080
63.3018
62.5771
62.4027
62.0068
62.8298
61.9964
63.2141
63.4463
62.3381
63.6826
63.5439
63.7180
63.8834
64.6613
64.1386
65.0140
65.1241
65.3006
64.3260
65.8046
63.7908
62.3883
60.9190
62.4751
62.5044
63.1382
64.0879
64.5050
63.8470
63.6700
63.1531
63.9762
63.7605
63.4565
63.7930
63.4626
63.3217
65.0992
62.8777
62.3199
62.2537
61.7501
63.4566
63.3396
63.5161
63.4575
61.6402
63.1909
62.8905
63.6329
63.4784
62.0095
62.7260
62.6794
63.6912
64.5002
63.7676
63.7558
65.1330
64.4571
64.8642
64.5161
64.2015
63.4323
64.9270
64.0880
63.8792
63.3620
65.2276
65.5060
64.3442
64.6135
64.3768
65.3090
65.0373
66.4854
65.0398
66.4785
66.3690
65.6422
65.8374
64.2735
64.6298
64.9669
65.7947
66.3707
64.0980
63.7606
64.4001
64.5735
62.4569
64.9820
64.1079
64.2158
62.3205
63.4308
62.1480
62.5184
62.4740
62.0721
61.6709
62.1776
62.0810
62.1689
62.2056
64.1969
64.5239
64.0217
62.8102
65.4870
63.1114
61.9014
61.9537
63.6924
62.5945
62.6034
62.8001
63.2054
62.3305
62.8871
62.7634
62.7020
62.0553
60.7860
61.1291
59.9027
61.2873
62.1491
62.9493
62.4619
62.5673
60.9588
62.6453
62.2591
62.6908
63.2654
62.8713
63.7882
61.9318
62.8821
62.2684
62.0132
60.9804
62.1194
62.3552
62.8651
63.6279
62.4445
62.8828
63.9216
63.7531
61.7470
63.2924
64.6808
64.3084
64.1488
64.5540
65.4157
65.4205
65.2572
66.1829
66.6497
65.6548
66.7905
66.0722
64.9804
65.7586
64.8835
66.0960
65.2274
63.8455
65.6250
67.2909
65.1846
66.2781
64.0214
64.5320
65.1430
65.0196
65.3101
65.9273
66.2262
65.9096
64.8525
66.4488
66.8829
66.8165
66.0252
65.3819
66.9298
66.8538
66.5687
65.3402
63.4063
66.8194
64.8016
65.4547
64.8145
64.8755
64.4686
64.0340
63.5731
65.2400
63.3765
64.1482
62.6171
63.4078
63.0625
64.4188
63.7400
63.8090
62.8741
62.8395
62.4047
61.8237
59.8200
61.1803
60.3754
60.8309
58.5302
59.6431
59.6125
59.0262
59.2740
60.9438
58.9849
59.5308
58.9676
58.3271
57.1807
58.1625
58.0120
56.6659
57.6272
57.4283
56.6367
56.3357
56.4680
57.7141
57.1755
58.0023
58.4823
59.1017
58.8021
57.8050
57.3777
57.6907
58.0793
58.2749
56.8431
58.1377
58.3442
59.4632
60.5178
60.2506
60.7531
59.9236
58.9548
60.1778
59.3105
60.0546
58.5866
59.6055
58.7943
59.4359
58.5582
59.3680
58.8503
60.5037
60.2715
59.3409
58.1205
58.6945
58.8685
58.1994
58.2353
58.4403
57.9326
57.7699
59.1465
59.1485
58.6665
59.8692
60.0512
59.7445
59.0109
58.4828
59.0525
59.3461
58.5147
58.6106
57.5313
58.7031
56.7748
57.7237
57.9942
57.4639
56.4607
55.9189
55.8950
56.4094
57.5346
57.0022
57.3707
57.2608
56.5430
57.1554
57.1879
57.3742
58.6721
58.4252
57.8240
57.9023
58.5451
57.9272
57.0715
57.6726
57.3115
59.1964
56.9834
57.4354
56.7731
56.4834
56.7403
56.3889
54.4269
57.2020
58.3299
57.3993
58.1839
56.2092
57.0311
55.7785
56.6073
57.2198
59.3713
58.1711
59.0784
58.6652
56.8562
57.7287
59.1209
60.7361
59.8498
59.5344
59.8716
59.1673
59.8139
60.4874
58.9196
60.2361
60.6122
60.6635
61.7089
60.9186
61.8863
60.7655
60.5532
60.6547
60.8726
61.3061
61.0467
59.0105
58.9006
60.0336
59.7652
60.0523
61.6448
61.1589
61.0713
62.2921
60.4956
59.3860
61.2920
59.6745
59.6592
60.5938
58.9314
60.2099
60.0010
61.6980
60.8323
60.7948
61.9274
61.0209
60.8620
62.3819
62.1388
63.3631
61.8106
61.1078
60.8101
58.9210
59.1819
58.1599
60.7524
60.8143
60.9767
60.2512
61.6693
61.0811
60.7316
59.8124
62.0664
61.7722
61.0508
61.3062
61.8383
61.6705
62.2922
62.0482
60.8716
61.5164
61.1432
61.6281
62.6261
61.1059
61.3095
59.2857
60.6395
59.0752
58.7950
59.8029
60.0254
59.5737
59.3467
59.3812
59.3190
60.8469
60.9085
59.6874
59.2057
59.5575
59.1684
58.6757
57.6839
57.7743
58.2587
56.4330
58.1165
56.9913
57.7268
58.6635
58.5428
60.4066
60.2407
59.7217
60.6184
60.4792
61.5652
62.2572
62.5078
63.0539
62.6502
61.3272
62.2532
61.8279
62.5175
61.9500
62.8317
61.8814
60.5672
60.6707
60.1305
60.6280
60.2343
61.7129
61.8966
60.2416
61.6910
61.7226
62.1413
61.8303
61.8192
61.5001
62.9698
62.4237
63.6795
62.7183
62.6077
63.0158
62.0175
61.6542
62.4762
61.6928
61.9678
62.6088
62.5169
64.1338
63.1190
63.6526
62.2017
62.1317
61.2002
62.9640
61.9244
62.1021
62.4640
62.0513
63.3791
61.5241
61.8634
62.0100
62.7206
63.7872
62.4999
62.7168
62.3150
63.2090
62.5242
61.6345
62.4629
62.6673
63.2639
65.0531
64.4845
64.1987
63.1161
63.3174
64.1011
64.7321
63.4785
63.0085
62.0497
62.8537
62.1133
62.5590
63.7404
64.0771
65.2291
64.8298
65.3037
65.1966
64.1601
64.1036
64.8305
65.8477
65.0011
64.0761
62.5633
63.9165
64.3447
64.1101
63.4482
63.7674
64.3534
64.9403
63.0970
63.4068
65.8493
64.6544
64.1611
66.1788
65.4614
65.5538
65.8352
66.0080
64.7314
63.8578
64.1618
64.0045
63.1409
63.0268
63.7069
64.6602
63.4527
62.8686
59.4585
62.0564
61.0139
62.1944
61.4851
62.5989
61.1390
60.7844
61.3529
63.6434
62.2189
60.9500
63.0332
63.9672
63.0581
62.1798
62.6522
64.0032
62.5793
62.3941
61.1483
62.1347
61.9414
60.6178
60.8409
60.4233
60.7975
61.4397
61.6788
61.3949
61.8023
62.3335
64.3430
62.7254
62.7307
63.2273
62.4002
62.4441
61.4055
62.0576
61.0324
61.6005
62.2861
61.5874
62.2336
61.2785
62.6418
61.6703
61.7952
62.2372
61.9609
60.1227
62.7383
60.4449
59.7989
58.1299
59.4266
60.7470
60.2871
60.4675
61.4813
60.5165
60.5086
59.3718
58.9014
61.3584
61.9112
62.2590
62.2806
62.6031
64.7456
63.5355
62.7825
63.1784
63.3529
62.5985
62.9042
64.2951
65.2702
65.5495
63.9469
65.4754
63.2680
62.7055
63.8415
64.9703
64.0113
64.2790
64.4130
63.3409
63.1532
64.4004
64.1721
64.9183
64.0376
64.2779
64.4563
65.8776
64.4898
65.0813
65.2947
63.6317
64.2852
65.0460
64.5857
63.9150
62.2770
62.8101
62.9124
62.3079
63.1555
63.1912
65.0270
63.8576
64.9192
63.9519
64.0902
64.6890
64.7756
65.6648
64.9500
64.7159
65.8812
64.4007
65.1352
64.4151
64.2437
65.2253
65.4412
64.7491
63.7663
65.8151
64.1214
65.0184
64.6877
63.0139
62.9849
62.7515
62.7075
62.9508
61.7475
62.9329
62.4037
62.4427
63.6654
63.1802
62.9303
65.5271
62.5254
63.9574
63.7231
64.6900
64.1139
65.1161
65.3874
63.2335
63.2501
63.0151
61.5495
63.7659
62.5366
63.0927
64.8322
63.3837
63.7891
65.2568
66.0355
66.1734
65.2948
65.7679
65.8572
65.4769
64.5298
64.5179
64.6821
63.3191
64.6034
64.2212
65.2315
65.6957
65.5571
64.4071
63.5332
63.9444
63.7729
65.1009
65.0031
64.9979
64.8028
64.2321
64.1942
65.2260
63.4164
65.1890
63.7750
64.4918
65.0499
66.0131
66.2606
65.3919
65.7185
64.3742
64.3157
65.1107
64.5657
63.7309
63.1643
63.8967
62.4485
64.2574
65.3796
65.7813
64.0652
64.9889
64.1272
64.1867
64.2642
65.0698
64.6550
66.0928
65.8305
65.9247
65.5684
65.2140
65.9937
67.2123
67.5013
66.5967
65.7566
66.1109
64.2038
64.0461
63.0842
63.9907
62.2603
64.3806
64.4830
64.8440
63.6649
64.3434
64.4062
63.1967
64.5068
65.5389
64.7651
63.8512
63.1451
63.8862
63.5072
62.7836
62.1068
64.0342
61.4093
61.9032
63.3416
63.8152
64.3859
64.8427
64.0520
63.2755
64.7271
64.9383
64.1576
64.6146
65.0520
66.7209
66.5150
66.7083
66.4946
66.0057
66.0076
66.9841
66.3118
66.3865
66.4575
64.6595
65.0105
66.3750
65.0957
65.7096
66.0863
65.4976
65.7849
66.2396
65.6242
64.7963
64.2862
63.3090
63.2105
62.4291
63.9060
63.8219
62.0146
63.1458
62.4544
61.4477
60.7346
61.5055
61.3299
63.0162
62.3894
62.4252
62.4467
61.9431
60.6008
62.9268
63.3874
63.0739
62.4175
62.5019
62.9882
62.7182
61.8513
63.7072
62.7366
62.0359
62.2730
63.9898
63.0761
62.2885
63.0600
63.0368
62.0258
63.3322
65.4221
64.2047
64.5517
64.1056
63.7675
63.2146
64.9692
64.6527
64.3366
62.7367
63.5476
64.4859
63.7972
64.0594
64.8921
64.0382
63.9668
62.4684
62.2345
62.3255
63.2448
61.9350
61.8012
63.0479
62.8597
61.5610
61.8045
62.1870
62.9041
63.9945
64.7072
64.2377
64.1722
61.5928
62.0022
60.8465
62.4427
60.8070
60.2696
60.5771
59.4428
60.2461
59.9444
61.6030
62.1701
62.1294
61.0470
60.2658
60.4757
59.7327
60.6542
62.1794
61.9665
61.7603
62.5292
62.1761
61.9568
62.2304
62.1754
62.9150
62.3617
61.0011
60.8701
61.7227
60.8177
61.2452
61.6538
61.4356
61.1501
61.1164
61.8436
61.2939
61.0619
60.2190
60.9591
60.7663
61.6636
61.6463
62.2090
61.6192
61.6958
61.9799
61.1322
60.5096
59.9671
61.0546
62.4417
63.4723
63.4156
65.0237
63.6969
63.4869
63.0039
62.4930
62.4332
63.9457
64.2771
65.0624
64.1261
63.7888
65.2874
65.2189
66.7805
66.3454
65.8982
64.1345
64.7521
63.9997
64.8452
63.1764
63.6793
65.0427
64.6152
65.1793
64.6614
65.3274
64.9530
63.6786
62.7805
63.2737
63.2600
62.8365
65.5853
63.6311
62.9984
63.8324
63.7912
62.8420
64.4433
64.7630
63.9016
63.9514
64.4435
65.3314
65.5683
64.8435
65.9770
66.0944
65.1453
64.1457
64.6212
64.3455
65.3555
66.0169
64.5239
65.2548
64.2905
65.2661
64.2589
64.6938
63.6739
64.0766
66.1057
66.5615
66.3054
67.1594
68.0929
68.0834
68.8682
68.6766
67.3740
68.9938
67.5779
67.5154
67.1576
66.6337
67.9731
67.5064
67.8246
68.4942
67.5900
67.1684
66.6217
66.8347
67.5649
68.8287
68.4047
67.5427
67.2489
67.7814
67.5690
67.8961
67.1071
66.0994
67.0518
66.2166
67.5008
65.4044
67.0385
66.2276
66.6590
66.7346
67.3134
67.4364
67.8772
68.9377
68.4004
67.7935
68.0725
66.9488
66.6504
67.0546
67.2439
69.1957
66.0763
67.1193
68.9791
68.8171
67.9521
68.6845
67.2672
67.2538
66.4789
67.2969
67.9127
66.9907
65.2070
65.6777
66.0898
65.2660
64.7596
66.2530
67.1026
66.5871
66.4259
68.0605
67.0861
68.1839
66.7106
68.5175
68.2199
69.4609
68.8882
69.3529
67.9616
67.5500
67.8586
67.9360
66.7978
68.8146
68.4763
67.7996
68.7539
68.0610
67.9509
68.8867
67.2227
66.9877
65.4141
65.4426
66.0978
66.1715
66.1251
65.8355
66.8667
66.3108
66.1881
67.7811
67.9547
67.4007
68.2954
68.1797
68.3805
69.1063
69.4735
68.7803
68.6949
67.8588
67.6898
67.7862
69.1939
67.0834
64.6051
65.1090
64.9123
64.6741
65.9166
65.4539
64.8665
66.3350
66.6348
67.4814
65.5832
66.2467
66.5274
64.6756
65.2478
65.7844
66.2381
65.1864
65.3648
67.3894
66.5401
66.5032
67.0541
67.4093
66.2280
66.0495
66.1325
67.7870
67.6595
66.9676
67.0001
66.8953
69.2225
67.3170
68.5020
67.9176
67.6011
68.6947
68.8559
67.4501
67.9625
67.4817
67.3876
67.2859
68.3930
67.6866
67.7992
68.3067
67.0092
67.0388
66.8051
66.6597
64.0783
64.9780
64.8914
65.4473
65.2126
65.7264
64.9037
66.8428
66.5777
65.8416
66.6512
67.8299
66.8411
66.7898
66.3259
66.5486
66.9630
68.0396
67.6107
69.4882
67.1528
67.1132
66.8871
67.0955
66.7696
66.7845
68.5705
67.8811
68.3889
68.5221
68.3775
68.2096
67.9610
66.6917
67.2407
67.8135
69.7002
70.7815
69.6598
69.6396
69.0499
68.0831
68.5570
67.8968
67.2152
67.0079
66.5669
66.7210
67.5816
67.2330
68.4898
68.8693
68.2307
68.3571
68.2495
67.0153
67.1672
66.9935
68.2425
67.4032
67.3186
65.8115
65.8447
66.0762
67.2674
67.0113
66.9014
67.4599
67.3274
67.7019
67.1472
66.7662
65.5274
65.0565
65.6242
65.7420
64.8682
67.2531
66.6776
66.5642
65.6021
63.6949
64.8716
65.1907
64.5824
64.0954
63.7565
64.5141
63.5456
63.6377
64.0269
64.9298
65.0111
63.2482
62.6118
62.8622
64.2579
64.3834
64.5885
64.2169
64.8905
63.3202
63.8837
63.4823
64.0812
63.4537
61.7225
61.2192
62.1799
62.5892
62.5310
62.9199
64.0294
63.3090
64.7120
63.7325
64.0272
63.0833
62.5505
63.2915
64.0993
64.1436
63.6994
63.1522
62.4243
62.5949
62.0083
62.2522
62.5911
62.1825
63.2040
62.9423
63.2542
63.1499
63.4712
63.2510
62.3826
61.4812
62.1028
61.4727
63.1065
63.3433
62.8204
63.2685
62.7317
61.9017
61.9199
61.4459
62.0055
61.3849
62.4843
60.2228
60.9883
62.1948
63.0301
62.4680
61.3501
60.5909
60.6575
60.8784
61.3917
61.6246
62.2685
62.7175
64.5613
63.1350
63.0729
61.8225
63.5923
63.1452
62.7655
60.7605
62.1880
62.4412
63.0232
62.4736
61.7532
62.7553
60.8999
61.3318
61.9238
62.0258
62.5739
61.3332
61.3063
59.9432
60.0524
59.9996
58.7590
59.4203
57.2052
55.5461
55.5846
56.4813
56.8276
56.9569
56.8474
57.0767
56.1810
54.1915
54.1826
54.8003
56.0806
56.8525
55.7528
55.2230
55.4962
55.6189
55.0779
54.7731
55.5692
56.7236
56.6694
55.7924
57.2743
55.9874
56.0664
54.9304
54.2735
56.5285
54.9776
55.4480
55.4517
56.1276
55.6182
55.3998
55.4806
56.9392
57.4743
57.8895
57.6644
58.1556
56.4643
56.1891
56.9912
55.5583
56.5384
57.4118
56.6567
58.6045
58.6090
56.9753
56.3582
57.1416
59.4610
59.1190
57.5800
58.4277
57.8324
58.8797
59.2963
58.8374
58.1417
58.4147
56.8509
56.4328
56.2158
56.9366
56.3238
56.3841
53.8444
57.1070
55.9874
56.4798
56.6373
57.8705
57.2857
56.6798
57.8838
56.2768
57.8391
57.3394
57.6450
58.4070
59.1446
58.0874
57.6300
58.3174
59.4861
59.2117
58.4057
59.0620
59.2943
59.3182
59.4478
60.6618
59.7835
58.5790
58.6674
57.6152
58.0488
59.6350
59.2914
59.9263
60.9015
60.6220
59.9855
58.7415
59.9991
59.6813
59.4539
60.4453
60.3018
59.8851
59.4574
59.2372
59.1888
59.3733
58.8504
58.8107
59.9949
59.2621
59.8704
59.6376
61.0039
60.0422
59.6240
59.1495
59.6940
59.0445
60.4653
60.6358
59.6046
59.1342
59.7557
59.5833
60.3278
61.4689
61.4600
60.5887
60.2763
59.9777
60.9736
60.0070
60.4333
59.4698
59.3240
59.1345
60.0122
59.2368
58.4690
58.6852
58.6626
58.5552
58.9870
57.9803
59.6049
59.9820
60.7880
60.3882
60.1270
59.8588
60.2393
59.4772
60.2456
59.4888
60.2523
60.5662
60.5552
60.6401
61.9589
61.1696
62.2125
62.7922
60.2245
61.6403
59.8280
60.3941
60.1736
60.4845
59.2710
61.6561
60.3823
60.3385
61.5492
59.9502
61.1114
61.0400
59.8530
62.4957
62.4067
64.7345
64.1366
64.5396
62.5661
62.7795
59.9138
60.2113
59.2349
61.7314
61.1756
59.4064
60.6801
61.2930
62.2855
61.7277
62.7063
62.6127
62.7711
62.2851
63.1817
62.5476
61.8886
61.7063
62.0007
63.7618
63.7508
64.0267
63.0371
61.7468
61.3421
61.5048
62.0198
61.2046
61.3466
60.2306
59.7187
60.6271
59.1537
60.8445
60.5188
62.2890
61.6366
63.5655
62.3436
61.8450
62.1597
62.6482
61.4909
61.6648
61.6648
60.8076
60.4713
59.9298
60.1952
61.7968
60.3704
60.8604
62.1473
61.6164
61.3922
59.4463
59.9156
59.7832
59.6754
60.0236
60.5054
61.3288
60.8880
61.1785
60.7547
60.9946
61.4431
60.5226
60.5280
60.8767
60.4664
59.3766
60.9580
59.0067
59.7854
59.4371
61.6098
61.9960
62.5917
59.7496
59.2789
59.9015
59.7441
60.2813
59.0098
59.4515
59.7549
59.5863
60.6710
59.5596
59.5338
60.1148
60.4721
61.0028
60.7393
60.3013
58.4555
58.9174
59.3756
58.9587
60.1722
59.0912
59.0273
59.9876
58.4205
59.1774
58.2468
60.3317
60.5399
61.0251
59.2603
59.7271
60.1184
60.8998
61.1437
61.3970
62.0121
62.6400
63.3450
64.2116
62.3423
62.8613
62.8699
61.9039
61.1552
60.9127
60.1294
60.8979
60.2218
61.3129
62.4099
63.0539
62.3855
61.1494
62.4299
62.2783
61.5004
62.8074
62.8763
63.1638
63.3655
63.3729
62.8059
62.1618
62.2268
62.2497
62.4955
62.2005
62.5313
63.3798
62.8861
62.8629
63.3333
62.3787
62.6927
63.9986
64.2901
63.1509
63.6181
61.8409
62.8859
62.3244
62.8209
61.8182
62.4606
60.9297
60.9211
59.5491
59.7254
60.6441
61.3831
61.3221
62.9645
63.5661
64.0108
63.3418
62.7990
63.6640
62.9331
61.9243
61.6582
61.0692
60.8613
60.8743
60.3626
61.6388
61.6968
62.7342
62.3301
62.2513
62.6348
62.9272
62.3032
61.8461
62.0834
62.4092
62.0794
61.2602
62.7319
63.0676
64.2253
64.3999
65.1340
66.3791
66.5580
65.5277
66.6545
66.8041
66.4777
66.4753
65.8635
66.8955
66.5001
66.6814
65.5255
65.7697
64.4913
64.2520
64.7805
64.0015
62.8824
63.2766
63.7430
64.4266
64.6236
65.3288
65.2694
65.8660
64.2710
64.9006
65.4614
64.6794
64.8740
64.5112
65.3893
65.2260
65.5271
66.2242
65.7286
63.7752
64.8075
65.5023
65.1258
65.2821
65.7068
66.8442
67.1876
67.4380
66.0867
66.9602
65.5925
65.5065
65.4123
65.9303
65.3650
65.4743
66.2215
65.1007
65.1564
65.7230
65.4338
65.4945
66.4332
67.3608
65.7618
66.0114
67.0921
65.4744
67.0944
65.2181
67.4725
67.1764
66.7301
66.9955
67.3684
67.4078
66.7023
64.9050
65.6500
65.1923
63.5588
64.5095
64.3953
63.9596
63.7529
64.5914
64.1888
65.2378
65.1294
64.5111
63.9168
66.0498
66.3366
66.6091
66.9063
65.0555
64.3432
64.2392
65.5204
64.1619
64.1210
64.6042
64.2987
67.2637
65.3644
65.8681
66.1701
65.6384
65.8493
66.5652
65.7758
66.9388
68.4499
67.1451
66.2596
66.2451
66.9727
67.2238
67.4793
66.7786
66.2191
65.4923
67.2211
67.8375
67.7814
66.5846
65.6851
66.0422
66.3425
65.7655
66.8170
65.6624
65.3206
65.9804
66.2013
65.2607
64.6311
65.8066
65.7269
67.1158
68.4254
68.2460
66.2280
67.8064
67.8344
66.1111
67.6535
66.6752
67.7583
66.5846
67.2145
67.9087
67.4773
67.1070
67.7513
66.1942
67.4755
66.5741
67.2029
65.7336
65.8182
65.8067
66.5147
65.1246
65.8941
65.8383
65.1192
66.3633
65.7441
65.4689
64.1310
64.0155
63.8144
64.9157
63.6469
63.4577
63.3446
65.4404
64.4711
64.6166
64.9556
65.3317
64.6858
66.1590
65.7696
65.6125
65.7327
65.1138
64.5323
65.3193
64.3827
65.7186
65.1541
65.6653
64.7380
63.8773
64.5869
65.2867
63.0626
64.8834
65.0041
65.8661
65.8255
66.1342
66.0168
65.8006
67.4222
65.5626
64.8470
65.5631
64.8854
62.8489
63.9631
61.9999
62.6225
65.2413
65.3059
66.4334
66.5729
65.7147
66.0009
66.3233
65.5022
65.7121
64.8610
65.0443
64.9914
64.8667
65.7226
65.6652
66.4270
66.1101
67.5789
66.6789
66.6590
66.6920
65.2516
67.5720
66.3725
65.5773
65.7010
64.7477
66.1559
65.4193
65.9282
64.8931
64.3441
65.3095
64.6658
64.8066
64.6557
65.3213
65.1296
64.6555
64.8421
65.1580
63.8453
63.1129
64.0561
64.2823
63.5682
64.9201
62.8994
64.9232
64.0813
63.5368
63.2758
62.8692
61.7801
62.8225
63.8164
62.6909
63.0092
64.5765
62.8336
65.1072
64.7160
64.0025
64.3305
64.7325
65.3372
64.2346
64.2389
65.1987
65.0798
66.3432
64.7037
65.4350
66.2494
65.1736
66.1143
66.3271
68.1082
66.4396
67.5621
66.7704
67.3748
67.8278
66.5883
66.3633
67.0742
67.0373
65.9826
67.5269
68.3254
66.9034
66.9359
67.4800
67.4530
67.6832
68.7741
68.1749
68.3488
68.4997
67.8439
68.2255
69.3032
69.9185
68.4507
68.3244
67.4018
67.5745
66.7342
68.8120
67.8726
68.3580
67.3660
69.0352
68.6797
66.9454
68.2155
68.4551
69.4979
68.3138
68.3964
67.3963
66.7142
68.4306
66.7560
66.4692
67.4839
69.3918
68.0621
69.3068
67.5971
66.1391
68.0023
67.2437
68.6213
69.5114
68.2150
68.8071
67.7380
67.9875
67.6329
66.7056
67.6986
65.3628
66.5845
65.4257
64.0692
65.4301
64.8930
63.2801
63.1378
63.9008
64.0020
62.8496
62.0375
62.9103
62.5051
62.8334
64.3984
64.1707
64.5818
64.9673
64.8632
64.4651
64.6192
65.0429
65.9220
66.7306
66.3509
67.6345
67.4056
68.1765
67.2380
65.9867
67.3756
66.1665
68.1672
68.7192
68.1652
69.7063
69.7931
70.0388
69.3571
69.4081
68.7620
70.1489
68.3106
66.5750
65.8708
64.1476
64.1848
64.3844
64.3739
64.8100
64.9172
66.3923
64.5137
63.4237
65.1245
63.6656
64.2807
65.0141
65.0062
65.3492
66.6155
66.5077
64.9833
65.5841
65.8075
65.6745
64.1603
64.8714
66.4586
66.0873
66.0559
65.7583
64.2197
63.8915
64.6942
63.9442
63.0889
63.6578
64.0914
63.9698
64.9718
65.1728
65.2670
64.1658
63.4114
64.3183
62.8691
62.5643
63.3740
64.9499
64.1102
64.7674
65.0523
64.7004
65.2815
65.0529
63.5920
64.4481
64.9010
64.5276
64.4916
65.4264
61.9229
63.6274
63.1039
65.1089
63.8534
64.3330
63.6120
64.7348
63.4647
62.8615
64.2486
64.5653
64.1044
62.0575
62.6557
62.8608
63.7738
64.1953
65.3501
65.8212
65.9795
64.8051
64.5188
65.5346
64.5313
65.8198
64.7684
66.0831
66.8397
65.9181
64.2941
66.8399
66.6331
67.1788
67.9974
68.2546
67.4700
65.1077
66.0699
66.9319
66.9653
65.8189
67.3880
67.1369
67.7875
67.6646
65.3519
66.4368
67.1407
65.6873
65.5950
65.7829
66.6990
67.4421
65.8210
66.3309
65.1968
66.1317
66.3375
65.3862
65.4432
65.4681
64.5126
64.8404
63.8170
63.2956
63.2576
63.1214
63.2244
64.8109
63.1810
63.9913
62.7344
65.1125
64.0074
62.6863
62.9587
62.7933
62.8153
61.3292
61.2854
59.8600
