93.8868
94.9543
95.0982
95.2901
94.5952
92.9177
90.5993
90.1289
90.0444
90.5255
92.4318
91.8788
91.1655
93.6975
93.7040
91.5647
91.4425
90.4057
90.9832
90.9020
90.0915
90.6812
90.5302
90.8172
91.4835
91.7276
90.7238
90.2418
88.8633
90.4391
90.9323
91.9155
90.4494
91.6824
91.2879
92.4053
93.9026
92.2851
91.8089
91.3901
91.8115
92.3321
92.3106
92.6480
93.2865
93.7925
93.7872
93.8739
92.3351
94.8226
92.5202
91.2184
93.2236
92.6997
93.1859
93.1345
93.2873
93.8735
94.3492
93.1729
94.4766
93.4958
94.1460
95.0398
95.1452
94.8575
93.5740
92.8785
92.1501
91.7081
91.0667
90.3781
90.7051
91.7279
92.6986
92.4693
93.6772
92.7535
91.7625
91.7638
90.1338
92.3520
91.9279
91.8235
92.6348
92.4942
93.2808
93.3306
93.7505
94.4604
94.6137
93.2946
94.1516
93.6679
94.8165
94.5945
93.4486
93.6251
93.2503
93.5732
93.5051
94.8221
92.6282
94.8888
94.0079
91.1359
90.4227
92.3608
91.3930
92.1890
92.2303
91.1829
92.4131
91.7904
91.2923
91.0266
93.4564
92.9884
93.6457
93.7173
94.2273
91.8477
91.1453
92.0693
93.4713
95.2884
92.9471
91.9070
93.5100
91.4956
91.0462
90.2121
90.6650
92.2212
91.2207
91.1165
91.0272
90.9526
89.4176
89.1931
87.8883
89.2371
88.7420
88.4961
87.5627
88.3926
89.6375
88.2119
89.1802
90.1388
91.3383
91.3364
91.2448
92.4953
91.1711
90.0538
90.3946
90.2974
90.8943
91.2578
90.4963
90.1441
88.9699
88.5390
88.1935
88.8267
88.5188
88.5771
89.5972
88.3058
90.2705
90.4773
89.9895
90.2024
89.9110
89.8245
89.6922
91.0314
91.1995
90.2526
89.4848
88.8361
90.0102
91.3623
91.2206
90.6419
91.0176
91.5433
93.0116
93.2076
90.2340
90.3671
90.3976
87.5805
87.8357
89.0803
90.1128
89.7771
88.6718
88.7249
88.4325
87.4959
87.5191
87.2089
88.5225
88.1303
90.1807
89.3370
91.7522
90.6267
91.9805
90.2871
92.4402
91.7443
92.8242
92.8727
92.3489
91.5881
92.3442
94.7974
93.1042
92.2095
92.2713
92.5536
92.4897
90.0305
90.1888
89.5252
89.1447
90.7729
89.3243
90.0582
89.6635
90.9598
90.0815
90.8181
89.8482
89.3939
89.4952
88.4954
89.6163
89.6138
90.3676
89.8016
91.1837
90.6509
89.9008
89.4147
91.5382
92.0500
91.7297
90.1384
89.1509
92.0823
92.5565
94.2240
94.6351
95.9769
94.3095
94.6008
94.4818
93.6330
93.5111
91.7493
92.6440
92.6449
90.8133
92.1474
92.4041
93.6116
92.8814
90.5711
90.0326
89.0670
89.3013
92.2178
91.0480
90.5087
90.7802
90.0606
90.8752
90.5249
90.4084
90.8082
91.6981
92.9871
94.0124
92.9918
92.3934
92.9797
91.6593
92.5342
91.6021
91.6087
90.3755
88.6251
87.5649
87.5527
87.7009
87.7702
88.9713
89.3506
89.8229
89.6075
89.0241
90.2320
91.5800
90.6383
91.4543
91.1239
91.8884
92.8688
91.4899
91.0840
91.6214
92.1515
93.3460
91.4081
90.5145
90.6169
92.9844
95.0470
94.6184
93.1266
92.6231
91.9150
89.1384
90.5633
90.8254
91.1869
90.7928
90.8552
91.9179
93.0591
90.9853
91.7584
90.8056
90.3946
89.8345
88.7736
87.7119
89.1911
88.5960
89.7520
89.5139
89.7263
89.6092
88.0394
87.5523
87.5322
85.8747
85.5009
86.4054
85.6833
86.2424
87.9453
87.7439
86.5255
86.1408
87.7778
87.6923
87.4490
89.8859
88.2648
87.5741
87.8984
87.7976
87.6018
87.7360
86.8728
86.5597
86.9382
85.3656
86.5862
87.6198
87.2193
86.8475
85.3886
87.5341
88.3557
86.9548
87.5312
85.4995
85.9016
86.1949
85.3954
86.8204
86.0034
84.9203
84.3975
85.1128
83.3413
82.1572
80.4822
82.2810
82.9125
83.8860
81.2290
82.7845
84.0531
82.5039
83.7346
83.3228
83.1185
84.1478
83.4465
82.9480
83.8908
83.6832
86.3321
85.1907
86.8430
87.0055
85.6226
86.0772
85.3672
84.3740
83.5684
82.9371
82.6335
82.2685
82.1866
81.1497
80.8310
83.6294
84.7046
81.7941
83.1144
83.3162
81.7726
82.5788
82.2259
82.5620
81.7262
79.9344
80.8542
79.3918
81.8971
81.2097
80.6978
79.9702
79.7029
80.2449
81.7824
81.8736
82.5977
80.0288
80.7504
79.7192
82.0384
80.8830
78.8692
80.2106
79.8570
79.0589
79.2246
81.2666
82.9481
82.3499
82.4206
81.9965
80.3570
81.8574
82.8744
82.6206
82.8748
83.0854
84.0361
81.5594
82.8065
81.3566
82.7711
82.9712
83.4385
84.3927
84.5317
83.2744
81.6806
82.4254
82.2172
82.2943
81.5299
82.2498
82.3882
82.4228
82.6561
82.7992
80.1265
79.9611
80.9700
79.9278
80.9804
81.4197
80.8441
80.5089
80.2455
82.6914
81.0723
79.1159
79.6340
80.2179
78.8795
75.7303
77.3576
76.8634
78.3511
76.8929
76.6628
76.9880
75.2344
76.8942
78.1537
76.8491
77.5834
79.0447
78.2037
79.4185
78.5461
80.2102
79.0947
79.1569
77.7833
76.3650
77.6108
76.5910
77.2479
75.3161
75.4502
77.8459
77.8831
76.0315
76.8526
77.4905
77.1207
76.5141
76.1874
76.0053
76.8108
79.1166
80.8084
78.9567
79.2314
79.1463
80.5185
80.6411
79.7071
78.9877
79.8619
79.5410
78.1582
78.1497
77.8881
78.4357
79.8437
79.9492
79.2638
77.7796
77.4588
78.1180
76.9238
78.4783
77.5640
78.4555
79.3974
79.9275
81.0100
80.2580
81.0796
80.9827
81.3349
80.4613
81.1504
82.4369
81.1838
81.4402
78.2684
78.9367
79.6484
79.8795
78.3827
78.9347
78.8680
79.4728
79.7388
76.8319
80.9359
80.5610
79.5984
81.4899
80.8064
82.1394
81.6828
80.9423
80.0318
80.4510
79.3136
80.7522
81.2433
80.7380
80.1583
79.3967
79.5117
80.3904
79.5241
77.8025
79.7744
77.9328
78.5102
77.8516
77.7913
78.0467
76.4342
76.8483
78.3176
78.5578
78.3532
79.2101
81.0159
81.6682
80.9677
79.6485
78.9098
81.1711
80.3050
81.5555
81.9696
82.3028
81.2631
80.5186
80.4392
82.3923
80.2053
81.3867
80.3450
82.8211
81.2632
83.0779
82.2804
84.4477
83.2358
81.5118
80.9061
82.7063
83.7650
84.4760
84.1485
83.0530
82.3240
82.6580
83.7366
85.8969
84.0754
85.1351
84.0506
86.5847
84.6491
84.0487
83.5780
82.8124
81.5075
82.3702
81.5224
83.2253
83.4342
82.3496
82.1461
83.3213
82.8169
83.6886
82.9995
82.9102
83.4290
83.9117
84.4744
84.2139
84.9839
85.4652
85.5256
85.5209
84.2818
85.2215
85.2704
85.3478
86.7423
86.4352
88.8368
87.7907
88.6261
87.4457
86.7237
87.5738
87.0819
88.6142
88.7930
88.6165
88.1880
87.2705
86.4162
84.4321
85.0000
84.8223
84.3363
85.5845
86.0096
84.6807
84.6245
85.6872
85.6931
84.1464
84.9485
83.9930
85.2003
84.2300
84.6672
85.5463
84.6600
86.3725
85.5488
86.0880
87.4905
86.9093
87.2575
86.3952
87.4908
86.2108
88.2618
88.3827
87.3139
87.2238
86.3588
88.7455
85.7404
85.5214
85.8970
85.8189
85.6151
84.9646
85.9978
83.5880
83.9035
83.0305
81.9308
81.5790
81.7052
81.3563
82.7928
81.6311
81.1630
81.2815
80.7696
80.8765
81.7392
80.8608
81.6306
80.9405
81.5778
81.7120
79.9594
80.7672
80.2296
80.4300
80.6894
80.2874
80.7036
81.3762
81.1465
79.1467
78.1176
78.7445
79.4426
79.6553
79.5099
78.5460
80.3705
80.5038
80.2027
80.2396
79.9653
80.9403
79.5939
80.6544
81.9951
82.1826
82.7612
81.6214
82.8601
83.3576
82.9202
80.8834
80.5137
81.0490
80.2420
80.2804
79.7636
81.0196
81.2618
79.8903
79.3179
80.9244
79.8649
80.1233
77.1162
77.6213
76.8749
76.8913
78.4210
78.5621
78.7322
78.7045
79.0763
77.2267
78.5869
76.0796
77.2299
77.7243
77.9659
77.7488
78.1615
76.7326
75.9505
76.2029
76.1319
76.9755
74.1384
75.2064
76.0795
77.3454
76.4633
76.1824
76.9886
76.4845
76.5637
77.7163
77.9226
78.4237
79.9141
78.6103
79.0256
79.2005
78.7869
79.7825
81.5790
82.4138
80.5387
80.7040
82.0156
82.1208
80.3945
80.2874
80.4759
80.7856
81.6648
81.5153
81.7027
81.3651
81.5625
80.9552
80.5677
81.0120
80.7921
81.8083
82.9210
83.4293
82.3673
81.9685
83.0506
82.3976
81.0737
81.9666
78.9953
79.2361
82.0759
81.4111
80.0847
79.6347
77.7307
79.8815
79.6500
78.5772
79.9958
81.3814
79.6356
79.5245
80.7935
80.0416
80.5451
79.8269
79.3113
80.5163
78.8904
78.7444
81.5519
80.4882
80.9999
80.4918
83.1409
81.1761
79.0805
79.9489
79.2016
76.5636
77.6058
78.6230
78.7669
79.4992
80.8521
82.4319
82.0061
81.4808
81.7997
80.1371
81.7556
81.3579
80.9435
80.4537
81.4452
82.4681
83.8644
84.2732
83.7071
82.7962
84.1786
81.6347
80.3793
80.0219
79.7908
79.0927
79.1100
79.1699
77.6131
78.4405
79.3344
81.3391
81.7237
81.8663
83.2320
81.4819
82.2280
82.6625
82.6603
82.1182
82.8519
83.4002
82.9439
82.9053
81.7520
82.1723
81.7984
81.6226
83.4476
82.0971
81.8731
83.4224
83.5180
82.4474
80.4449
81.0927
82.0860
80.6710
77.5650
77.8025
77.6553
78.0346
77.5970
77.0295
77.5582
76.2633
77.5551
77.1108
78.0967
78.9360
78.7344
78.1020
77.6354
77.7736
78.3927
78.2949
77.6874
78.1256
78.6629
79.8349
80.9457
79.1378
77.9151
79.0669
78.4041
77.6263
78.4822
79.5241
80.1608
80.5014
80.0555
79.0276
80.2284
78.7794
77.9861
78.6113
80.3814
79.2987
79.1115
79.7007
79.7913
78.2360
78.1355
77.4154
78.6085
78.8729
80.1513
79.9416
79.7458
79.4957
78.8047
79.5585
80.2582
79.4140
77.9601
78.1314
80.5690
78.4543
78.9683
79.1014
80.5843
81.3258
81.8217
80.7166
80.8402
80.6247
81.7280
82.7201
81.7799
82.1744
81.2686
80.7523
81.2858
80.9368
80.3194
79.8352
79.2459
80.1280
79.9359
80.1246
81.5719
79.6764
80.2695
78.0804
78.7148
79.2318
77.9935
78.9278
77.5990
78.5214
77.8913
78.4709
78.9847
77.2652
76.0313
77.5200
79.1317
78.8806
76.5631
77.4505
76.8604
75.7573
76.1101
76.4370
77.0920
76.2996
75.5665
76.2127
74.3984
74.6833
76.1265
75.7634
74.3382
74.5144
74.1707
73.3593
74.1112
74.6963
75.3091
75.1820
74.7782
74.9265
74.6686
74.6836
76.6159
74.0392
73.9825
73.4154
73.9783
72.6654
73.3543
73.7390
73.4525
74.6254
75.0240
75.7430
76.0184
76.4947
77.7653
77.5866
76.0731
78.5355
78.3670
78.2972
76.1050
77.3679
77.8100
77.4347
77.2087
76.9767
75.4033
76.3180
74.3834
74.0721
74.9512
77.3088
75.9622
74.1426
73.2936
75.1129
74.3121
74.4269
76.3611
74.3110
74.6582
73.6435
73.4610
74.8169
74.1746
74.1498
73.9715
74.6953
73.4006
74.3827
75.0802
74.6023
72.7848
72.7211
72.6289
71.9784
73.6084
72.4665
72.4786
70.6945
72.9131
71.2002
68.5803
68.2037
70.4275
70.8748
70.3918
71.2567
71.7294
72.0001
72.5736
70.6909
72.0627
73.2310
73.2129
72.2648
72.3000
73.4299
73.0188
73.0056
70.3334
71.6610
71.9579
72.9627
73.3515
74.3499
75.5952
73.3559
74.4852
73.3431
73.6248
72.3789
73.0041
73.0219
71.0623
71.2909
70.3910
73.0021
71.6839
71.2127
71.2003
72.6305
72.5423
72.0771
69.6427
72.1994
72.2814
72.6583
71.3279
70.7378
73.0048
71.9515
72.6883
72.7138
74.0449
74.0911
75.1252
75.0853
74.7706
75.0190
75.5046
76.3876
76.8461
75.7873
74.0573
74.8834
74.6494
76.0960
76.3079
76.1714
75.6685
75.4571
76.3291
74.6853
74.6112
74.7594
76.0643
76.7263
77.7124
76.5507
78.2145
77.3999
77.5333
78.8532
76.2861
77.5342
75.8650
77.4685
78.0680
76.5345
73.8455
75.0273
75.0902
74.2199
73.8897
73.4209
73.1779
72.5358
71.5909
72.5369
72.2762
72.4599
73.3212
72.4401
72.2617
73.4431
73.0879
71.8210
71.3833
71.7663
71.5767
71.5858
70.5508
71.6307
72.1118
71.8753
72.0516
70.9523
70.7892
70.1863
69.7508
70.8168
70.4836
71.6178
70.8546
69.5794
71.2223
70.3029
71.1310
69.5284
69.3749
69.0103
70.2860
70.4163
71.6792
70.7015
71.3122
69.4772
69.9955
68.6173
69.3824
69.1903
69.2722
69.0430
69.6126
70.5869
70.8997
69.3730
69.2264
67.1845
66.6330
67.0882
65.8135
66.0063
66.4546
67.0122
67.0386
67.4918
68.1205
68.9760
67.5071
68.0441
67.1705
67.5146
67.6931
66.8271
68.1103
69.1153
66.9816
67.6950
67.7420
67.8006
68.4267
68.7338
68.7965
68.1740
68.9632
68.1050
66.6009
66.3292
65.9290
64.7695
64.4363
64.9566
64.8129
64.5859
62.8957
63.5764
63.0363
63.7833
62.3481
63.4916
63.0184
64.1601
63.5882
64.1955
65.0046
64.4629
63.3574
64.6014
67.1299
66.8439
66.0688
67.2642
66.6011
65.8784
67.5850
66.6681
68.0491
67.9539
67.5140
66.2527
66.4033
67.9129
67.2213
67.0549
67.4754
67.1425
67.6055
66.3656
67.3498
67.2742
65.6728
64.5681
65.1943
66.7719
65.6639
65.6453
65.6728
66.3084
65.8696
65.5367
63.9551
64.2608
65.2311
66.9515
66.6191
68.0126
67.2881
68.0133
67.9194
68.0167
68.2400
68.8893
67.2648
66.3945
65.1561
64.9686
65.2228
66.5176
67.2712
66.0763
67.7959
66.8105
66.2987
65.5457
65.4180
66.0392
65.2884
66.1754
66.3794
66.7797
68.0718
67.6419
68.1767
67.5570
68.0632
69.0641
69.5953
68.2951
69.0415
67.2095
67.8596
68.2585
68.4330
68.7366
68.3732
68.1604
70.8316
70.5448
70.7663
70.1486
69.5082
68.9547
68.9671
68.8586
69.8429
69.1995
69.3088
69.4806
69.4553
69.1850
69.4999
69.5403
69.4022
68.9002
67.6332
68.0503
67.4997
67.8461
68.0165
67.4554
67.9957
66.9063
67.2968
67.8404
66.1709
67.1907
67.4963
67.4449
69.1712
66.9208
66.8105
66.1372
68.0678
69.5069
70.2871
70.6053
71.7620
72.0398
70.3531
70.8858
73.0986
72.8372
71.8175
72.2201
71.9851
71.4545
71.6141
70.6519
69.8478
70.8753
71.3919
70.5753
68.7223
71.6259
69.1608
69.6285
70.9023
69.6188
70.6112
69.4330
68.9570
69.4595
70.6285
69.8616
72.0431
71.3178
70.5540
69.7437
70.2041
69.6599
70.4496
69.0866
69.7133
69.9509
69.3960
70.2886
70.5692
69.9705
71.1397
71.8758
71.7324
71.3188
70.5967
69.0663
68.6528
71.6045
70.0850
70.4011
70.0022
69.2144
70.9401
71.9043
71.0132
71.2712
72.9064
72.4440
71.0841
70.6085
71.5442
70.2696
72.4121
72.9959
72.1913
73.1610
72.7598
72.1893
74.0557
73.9850
72.8832
73.9900
73.1639
72.5452
72.8760
72.8979
73.3337
71.7781
71.7832
69.6961
69.6590
70.7505
70.1824
69.7447
68.9847
67.2065
66.4463
67.9051
68.0376
68.2283
67.9152
67.3573
67.8383
68.4317
67.1667
68.1265
68.0097
68.4527
66.2551
65.1792
66.1996
66.7760
65.1822
66.6046
66.5210
65.7235
64.8770
62.4501
64.5714
66.9637
65.1502
65.8929
66.6121
68.2085
67.2598
66.2019
68.6630
68.9728
69.3670
68.7170
70.0113
68.5129
71.0037
69.6488
68.0655
68.5000
67.6984
66.7443
65.3904
66.5888
67.8975
66.3486
66.2628
66.2177
66.3282
67.4456
67.4782
66.9941
67.1464
68.4577
67.0601
69.6694
69.3139
70.0436
68.1800
68.0502
69.5753
70.1014
71.2207
70.6634
68.2689
69.5577
69.2832
69.7603
68.3929
66.8728
68.2190
68.8434
67.5303
66.5742
68.6549
68.5936
70.1036
69.6531
69.0331
69.5826
67.6278
67.7775
68.4043
68.4203
67.3957
68.5518
68.8893
68.2381
66.9316
69.7023
68.6692
66.8199
67.3191
65.1326
65.9481
66.2893
66.8155
65.1965
66.0883
66.9051
66.5571
65.2010
65.3559
65.6286
67.9842
66.0916
68.6874
67.8360
67.1544
68.8544
69.9346
69.7061
70.1131
71.0275
72.3483
71.4515
71.8962
72.2250
71.8924
71.5101
72.3670
71.8872
70.8487
71.3717
70.6658
71.5872
72.7821
74.6346
73.3449
73.0799
72.7422
74.0086
74.5014
74.4288
74.9678
74.4281
73.8326
73.0840
73.3169
72.1876
74.2475
73.3081
73.9137
72.6475
73.5267
74.5801
73.5439
72.4495
73.1616
71.8633
71.3182
71.0755
71.9362
74.0794
72.6661
73.4374
73.2230
72.3668
70.9145
71.5836
72.2559
72.5919
72.7407
72.9674
72.6348
72.7775
72.9893
72.6530
72.4392
73.9490
71.9481
70.6798
72.8224
71.2124
71.6292
72.5873
72.0343
73.0539
70.8369
72.8047
72.2740
72.6083
70.7874
71.2066
71.0681
69.4969
67.6083
68.5654
68.0509
67.9937
66.0929
67.6868
67.4386
67.1839
65.7585
65.5715
64.8499
64.3354
65.1970
66.6361
66.4945
66.8736
65.5123
65.5011
67.3406
66.4191
66.7797
67.1948
65.9259
66.6981
67.7010
67.8213
66.7936
68.6873
67.8961
68.2014
66.1466
65.2638
66.2949
66.1437
67.2735
65.2969
64.7014
65.2750
66.6608
67.6089
68.7638
66.4206
66.6734
65.7462
66.5956
66.1266
67.5839
68.2536
66.2610
67.7799
68.5670
67.8201
67.6112
66.4963
66.3219
67.6770
66.9609
69.5963
66.8697
67.1566
67.0322
67.8560
68.3005
69.0633
66.5765
67.9294
67.6382
67.8382
68.8219
69.2184
67.3979
68.3973
67.9709
68.0611
69.4141
70.3987
69.9339
70.1671
69.7691
70.9031
70.4014
69.5902
68.8831
69.3627
70.3903
71.5675
70.4745
71.0680
69.8100
70.7443
72.5572
72.0230
70.4826
70.9036
69.1206
71.3115
69.9624
69.0905
69.8337
70.0751
70.8630
68.5356
69.5763
69.6969
70.5080
72.5057
72.7259
72.3111
71.8038
70.3239
71.6990
71.9809
70.4478
69.2589
68.9355
69.7825
69.8095
69.5534
70.5106
71.4392
69.3683
69.4750
69.9732
71.0464
70.4875
70.1089
72.1869
71.9636
72.5643
74.2292
74.9089
75.7482
76.3892
75.8765
74.1611
73.8681
73.4051
73.7414
74.2990
72.1208
74.6626
73.3136
73.7805
72.7323
73.5627
74.0498
74.9831
74.1026
73.5190
73.8806
73.6531
73.6840
71.7301
73.2162
71.9636
72.2665
71.4745
71.4793
72.4713
71.3238
71.7094
71.7206
72.9744
71.7623
72.5779
72.4279
71.8509
70.2952
70.1851
71.7903
70.5946
70.4442
71.5679
71.6777
68.6216
69.3002
69.5515
70.4226
71.5702
70.7920
70.8324
69.8775
69.8099
70.0301
71.1194
70.9480
72.4592
70.5953
70.2802
70.0889
70.9368
70.7873
68.9175
69.6789
70.1158
70.2607
69.2485
69.5637
69.1046
68.9166
66.9052
67.9326
69.7286
66.5447
64.7594
64.8347
64.4639
64.4433
63.4211
65.6560
64.5989
64.4632
65.5675
65.6920
65.4501
65.4000
64.8646
65.5671
67.0147
67.2943
66.7450
66.8355
66.2427
67.2749
67.6740
68.5459
68.1283
67.8401
67.7309
68.5818
69.7027
70.0150
68.9357
68.4970
68.6001
69.5090
68.6084
67.9176
70.1526
69.0922
68.4826
68.0322
68.6367
69.5483
68.6862
68.8289
67.5277
67.5111
67.5894
69.2139
69.8892
71.5424
70.7251
71.5592
70.4455
69.5533
69.9256
70.0928
68.8559
68.2131
68.9796
68.4468
68.8779
66.9711
67.1381
67.4107
67.5214
67.9238
67.6793
67.0102
67.6154
67.7864
68.0827
65.9341
64.7798
66.4422
65.4732
66.4342
65.4394
65.2964
63.7031
65.3934
65.7410
65.8102
65.2665
64.0329
64.2637
64.9618
63.8655
65.2371
63.5466
63.3083
63.2455
62.4229
61.2090
61.7103
64.0372
62.8202
64.1770
63.6487
63.9428
65.0981
65.9127
64.2775
65.1145
65.3940
65.2906
63.6655
62.2497
62.5538
64.3267
64.4433
64.0838
63.4973
63.3613
63.4522
63.6768
62.7577
61.9822
61.5882
62.5222
63.4298
62.7296
62.6387
61.4045
61.9135
62.3204
62.1315
62.6101
63.4807
62.9229
62.1109
63.5116
64.4331
64.4065
64.2863
62.7740
63.1466
64.8479
63.5813
65.4324
65.4121
64.8940
64.1377
63.2093
62.7481
62.7859
63.1273
63.5086
63.2687
62.9513
62.6315
63.2231
63.4360
63.7942
64.6606
64.5751
64.4771
65.4325
67.2171
67.1365
67.3747
67.6502
66.6031
66.3268
66.3567
64.1282
64.6439
64.9878
63.5393
63.7014
63.8483
63.0831
64.2849
63.7178
63.8706
63.9776
63.4873
64.5552
64.8168
64.6138
66.1825
65.9437
65.9637
64.8579
65.3534
66.1781
66.8493
66.1624
67.3543
65.7238
67.2110
66.8975
66.8958
68.6770
68.5564
67.7903
68.2123
65.9271
67.5508
67.6747
67.7766
68.0993
67.0183
68.3411
68.3517
68.6223
67.9400
68.9713
68.9634
67.8847
68.2398
68.3077
66.7854
65.7270
66.9972
68.2009
69.2105
68.6855
68.2441
68.4717
68.9098
67.9038
66.9892
68.7173
69.0996
68.2244
68.8011
68.8547
67.9634
68.2655
66.4797
66.3847
67.6016
67.9567
69.1802
67.0052
67.9378
68.5458
68.2442
69.3337
69.5120
69.0380
69.4393
70.6270
72.0810
73.0737
73.8231
71.8409
70.6244
69.5834
71.1376
69.5467
68.9930
70.5698
70.6205
70.9339
72.7994
70.0206
70.2975
69.3209
71.3393
71.5543
70.5407
69.6864
68.7670
67.4369
69.2114
68.6160
68.2018
69.1597
69.3593
66.4491
66.4960
68.1838
69.5716
69.2551
68.8532
67.5566
67.0733
68.4192
68.8152
68.7588
68.5752
67.8284
67.5692
67.1204
67.2302
68.1168
67.3375
66.4416
64.9182
66.5572
65.6331
66.4276
66.5656
67.9012
68.6157
67.2654
67.9636
66.5755
67.4352
66.7471
65.6023
67.6771
67.2356
66.2074
67.1517
68.2939
69.3803
69.5910
70.5513
70.6265
69.7807
69.7802
68.2751
68.2283
67.9284
69.0176
69.3735
73.5231
70.8020
71.7641
71.4148
68.7398
68.8363
68.1598
68.4862
68.0046
68.1780
69.3650
68.2803
69.9111
68.4466
68.2554
67.8202
68.8120
68.5017
70.9820
71.5984
70.9350
72.1622
71.8783
72.5380
72.8738
73.9180
73.6453
71.8639
72.5206
73.8930
72.6394
71.3756
70.2936
70.1263
70.8879
69.4422
70.0101
69.9617
71.2765
70.9320
69.9168
70.1022
69.6659
69.3446
69.6850
70.9846
68.9119
69.3660
70.6774
69.6773
69.5140
67.6187
69.4590
69.5112
68.4958
67.3948
66.4679
67.6474
67.8710
68.1062
68.6628
67.9660
68.6164
68.9124
68.8236
70.3327
69.1028
68.2412
69.7649
69.2349
69.1666
68.5969
68.8222
68.0996
68.9724
68.1104
67.7279
67.6830
67.9783
68.2592
67.9561
69.2777
71.6385
71.2193
70.3355
69.8522
69.4772
68.7537
70.5203
71.1124
71.8801
70.6173
72.5118
71.1769
70.8530
72.8310
72.0285
72.1824
72.8604
73.6579
72.8781
72.0821
70.1568
70.3762
71.4702
72.1166
72.9637
71.9503
71.1656
71.3866
71.7299
72.1507
71.7439
72.2397
70.6811
71.4072
70.0396
69.3700
69.3171
71.3185
72.2296
70.5646
70.3459
70.6838
70.4799
71.5306
69.1685
70.2155
71.1716
72.3455
71.5335
70.9163
70.7855
71.4825
71.8285
71.7455
73.0779
75.1495
73.5787
72.3119
71.6621
72.7429
72.3835
70.5468
70.3863
71.2142
71.2198
71.4098
72.0543
72.1524
70.1592
72.7463
71.7398
70.7636
70.3552
72.3561
72.1677
71.8396
73.1103
74.5775
74.0030
74.5702
73.3844
74.7627
71.9167
70.2911
71.7937
68.9728
71.2311
72.2749
73.8437
72.1758
74.2997
72.6280
72.1403
72.8861
72.3098
73.0633
71.8063
73.9832
74.0385
75.0234
73.6948
73.4669
72.6869
73.7629
72.4975
71.7030
70.3438
71.0527
71.2657
70.2074
68.9868
71.9308
71.8157
71.6664
70.9324
71.6512
70.0789
70.1288
70.7667
71.3979
70.8858
70.5909
71.1346
71.5118
71.1149
70.8807
72.1091
71.7345
71.4487
70.9566
71.6575
73.0958
72.8667
72.4391
73.6781
75.9715
75.2027
74.0346
75.0057
74.5742
75.4238
76.9007
75.8662
74.2560
73.5713
74.5529
73.5919
71.7793
72.8798
73.7873
74.3355
74.7370
75.0590
73.0411
74.8675
73.2067
71.7844
72.4601
70.9394
70.7150
70.5358
71.5755
71.3519
71.9363
70.5685
69.9735
70.2543
72.0382
70.8851
70.6862
69.6786
70.9257
69.6913
70.0923
68.9613
70.7770
69.8721
70.5382
70.9085
70.6645
70.5656
71.1123
70.1811
70.1804
69.0767
71.3195
71.3480
71.5089
70.6019
70.1886
71.7725
72.4585
72.3399
73.0906
71.8133
71.7350
69.5672
70.2854
70.6191
69.5386
70.9526
71.4180
73.0518
71.6477
73.1574
73.7354
73.1577
72.5975
72.4971
72.4141
72.5328
71.0525
70.8017
71.4590
72.2312
72.0631
71.5530
71.4484
71.1960
71.0438
70.8492
71.5873
71.3028
72.2298
72.0207
72.9293
71.4156
72.0767
71.2070
71.2408
71.7909
72.1634
71.4130
70.5891
70.6091
70.6996
70.0962
70.3403
70.0219
68.9281
69.0022
70.0945
69.4332
70.4739
70.4582
69.1630
69.6838
68.7833
67.7662
68.8489
68.3210
67.7327
66.9692
67.5619
66.8656
67.1513
67.7224
69.2742
68.6799
67.5020
68.4866
68.1765
69.1739
67.7411
68.8147
69.1805
70.2198
68.6058
69.2659
71.0881
69.0933
69.9722
70.2097
69.3753
69.4024
70.5996
70.0753
70.7530
71.0069
70.5027
70.6236
71.0272
70.3551
70.9523
71.9633
70.9685
70.2372
71.2285
69.1357
70.7546
70.4395
69.7857
70.0196
69.6811
70.6691
70.9053
69.0361
70.1868
70.2212
69.9961
69.6868
69.1512
70.6140
70.9700
70.4633
71.0759
70.6680
70.7594
70.4128
71.3624
71.6092
72.3580
70.9083
71.1487
71.6518
72.4233
74.0044
73.0061
73.7922
73.1756
72.6456
72.4806
74.2535
74.3081
73.4477
73.9950
73.7719
73.7313
71.9174
72.6433
71.7138
71.6184
72.2467
71.8949
71.7018
71.6298
70.3303
71.5420
70.9475
71.1136
70.5469
71.6668
72.3464
71.5592
70.6545
70.7874
70.6813
69.5051
70.7343
70.6227
70.0986
70.1477
69.8698
70.2656
70.5214
70.6686
70.6119
70.5590
71.1768
71.0920
70.8387
69.9854
69.1893
69.4741
70.4276
68.5143
70.0208
69.9419
69.7840
70.0185
69.9042
69.2964
70.1755
70.7825
71.3374
69.6734
68.8889
69.8875
67.9687
66.6088
66.7583
66.4567
65.5012
65.0701
66.4555
66.9556
65.2745
66.2282
66.8739
66.9135
66.4999
67.3025
67.4512
64.9352
66.5058
66.2327
64.6979
65.2663
66.9218
66.5213
66.1297
66.5846
67.4039
68.0692
68.9690
66.7532
67.6646
67.3313
67.1285
68.1717
68.6236
69.1480
70.0051
68.9520
68.3462
70.1490
69.6207
69.3603
70.2819
68.5658
69.0595
68.4412
69.0695
70.1991
68.3648
69.1747
68.0112
68.9862
69.4051
68.7925
69.2247
68.6915
69.3716
69.6466
70.4141
69.3812
68.9888
69.0724
69.7904
68.7129
68.1679
69.5417
67.9072
67.5899
67.4923
67.0574
64.9680
66.2158
66.3435
66.5987
66.1472
66.8038
66.2627
67.8851
67.5959
66.3907
65.5800
66.6457
66.7909
66.3766
65.3099
65.8708
66.0915
66.0051
66.8322
67.1659
65.6296
65.6836
66.9500
66.1329
66.3377
65.6069
66.3319
67.6228
67.0137
66.6152
67.9690
69.1431
69.5130
69.5540
70.0343
71.0493
69.7833
69.2180
69.4713
69.5566
69.3139
68.9748
70.8029
71.3098
71.7830
73.1712
70.7610
71.8767
71.0988
70.4144
71.1969
70.5776
71.5184
70.7098
73.4151
71.8635
70.0987
72.4399
72.7937
71.6053
70.0096
71.3664
70.8381
71.3903
71.8202
69.6859
69.4679
71.0504
71.2723
71.2731
73.4013
71.6506
69.7212
70.2900
72.0240
72.3236
71.7730
71.6585
72.1267
72.4320
72.2991
72.0081
71.1229
70.1534
71.1664
70.5080
71.7020
72.8945
72.4308
70.5940
69.9397
72.0774
72.0090
72.6788
72.6096
69.7362
70.8389
70.3942
68.5469
69.9250
69.1430
70.9248
69.8888
72.0509
72.2084
72.1805
70.9014
72.0665
71.0837
71.8777
71.3039
70.2711
70.3958
73.5379
73.4590
73.4307
72.9892
73.4396
73.4996
71.6791
71.0939
74.1519
73.1078
72.7188
72.3056
73.8270
73.8377
75.0534
75.8809
74.1130
74.8284
74.4905
74.0621
74.6463
74.1756
75.2048
76.1364
77.7317
78.1517
77.6957
79.5108
79.3630
80.7193
81.4162
78.6196
79.1931
78.9832
78.0631
78.7492
77.6417
76.3766
76.4799
77.0375
76.5780
75.1265
73.8318
74.7431
74.0814
74.8386
75.5897
73.8068
75.2270
73.8841
75.5855
73.5432
74.8636
75.9298
74.8915
74.6543
76.2556
75.1756
75.5751
75.1065
74.8783
75.9342
74.8972
76.1196
77.1540
77.8777
78.0655
75.6029
75.6366
76.8746
77.4323
75.2158
75.1190
73.8406
75.1657
74.4609
75.9427
76.5778
77.2178
77.4240
78.7199
77.7743
77.7307
77.2658
77.0842
75.7156
76.0325
74.5690
74.9181
74.3789
74.6450
73.8581
71.6521
71.9561
71.2310
72.9301
72.1468
71.4374
72.7151
72.9146
72.7868
73.3024
75.4750
72.9067
72.6246
73.3713
72.2858
73.4103
72.7868
74.0943
73.2871
74.3947
74.0213
74.0611
73.9163
72.8370
74.1016
73.8987
72.2582
75.0293
72.8905
73.5172
73.9896
72.9447
72.7163
74.8437
74.8015
73.7058
74.3448
74.1322
73.8744
73.6960
73.7026
72.4772
73.0811
74.3446
74.1630
73.6681
71.3985
72.9984
72.9386
73.7879
74.0467
73.5619
73.9421
72.1791
73.0120
73.2422
73.4533
73.7174
72.2090
72.1526
71.9988
71.3315
71.8014
70.2398
72.2320
71.7560
73.3311
74.0212
73.6252
72.9761
72.1133
72.6720
72.0761
73.4840
75.4406
74.6251
74.4066
74.1517
75.6757
74.0907
74.8992
73.7420
75.5875
73.6744
73.6101
74.6364
73.3499
72.7555
73.1245
73.4990
71.8306
73.1727
74.1549
74.6435
74.9939
74.7856
74.7591
75.3484
75.5274
75.0442
75.7368
75.2602
76.6195
76.7365
74.9261
75.6607
75.3512
75.2692
75.2493
74.1865
74.6981
73.6890
72.3467
74.7210
73.4730
72.0083
71.4514
71.1398
71.8350
71.5112
71.5125
73.4666
72.6954
72.8933
73.2778
73.7706
72.9256
73.7368
72.9119
73.2948
72.8105
73.8761
73.1202
72.1432
74.2906
74.9577
73.9646
73.9388
74.7022
74.8336
73.3306
73.7171
74.2810
73.9366
74.4157
73.1203
72.0551
72.4204
71.1412
71.0117
70.5593
70.4883
70.1514
70.0861
70.5409
71.2664
72.5715
73.7808
72.7965
72.2370
73.4195
72.1436
74.6549
76.6013
75.1889
74.3161
74.2737
73.2700
73.4995
72.6303
73.5820
72.7017
70.9442
73.5326
73.4178
72.3448
73.4064
74.1126
71.8592
72.3585
71.7346
74.0145
72.8779
72.3985
72.9041
72.0918
71.6381
70.7417
71.6790
71.1953
72.1845
72.1444
73.8002
72.8383
72.3367
71.9365
72.7836
72.7921
73.3419
73.5271
73.5883
74.1816
74.5484
74.7134
72.8467
71.5271
71.8637
71.8924
69.7329
71.6270
72.4639
71.9568
72.3934
72.7321
72.0895
72.2209
72.4665
72.1910
71.5693
71.6380
73.4857
73.9190
74.6597
72.7596
73.4071
73.1648
72.6596
73.3096
72.2525
73.8836
73.4788
73.3247
73.1214
75.0552
74.8572
75.1383
74.2179
74.0647
73.3664
73.5056
72.8949
72.5987
71.3473
71.1685
71.6087
70.3628
69.3251
70.4927
69.5691
70.1821
71.3904
70.5382
71.9623
70.7480
71.7469
72.5414
72.2371
72.7469
73.1228
72.2747
71.9698
70.8584
71.0725
73.5958
72.7062
72.2713
71.6851
72.9307
73.5404
72.5381
72.0969
71.8605
71.2996
71.4887
71.6718
71.6705
72.6114
71.9841
71.1522
71.7787
70.8818
69.4970
70.9339
71.1613
72.0630
70.8850
72.1882
71.5341
70.1172
70.7640
71.9431
70.0198
70.7030
70.7841
70.0809
68.7264
69.1071
71.7693
70.6138
69.7001
70.3176
70.2102
69.7931
70.0602
69.5440
70.5531
70.9154
72.6143
72.1216
70.4628
72.4918
72.4436
73.1707
71.9497
71.2454
71.0793
72.7171
71.4546
70.7605
70.6222
69.3944
72.0800
72.2447
72.6486
72.3856
73.2820
71.3231
71.5877
72.2774
71.3034
73.2442
72.5659
75.1371
75.3507
74.4791
74.7326
75.7122
74.6242
75.1907
75.2013
74.7553
74.9261
75.4041
74.8797
75.8756
78.6307
77.8697
78.7839
76.4128
76.7580
77.3497
77.6714
78.6299
79.0153
77.8297
75.6788
74.8379
74.3378
75.2080
74.3822
73.2503
73.7472
74.3425
74.2587
74.6741
73.9966
74.9171
74.6890
74.7082
75.0860
74.6060
75.1112
74.5219
74.2082
75.2434
73.4956
72.9837
75.6285
74.0245
72.9132
72.0606
72.2851
73.4637
73.2732
72.5754
73.0472
72.2228
72.9632
72.7744
73.2036
72.3279
72.5341
69.7705
70.8921
71.5752
70.8691
70.4442
71.6505
71.5027
71.1172
70.2424
71.3593
72.7210
73.5126
74.5301
74.1569
73.3423
73.1085
72.3536
72.8552
72.6651
71.4702
73.3494
74.4215
72.9766
72.2166
71.1996
71.6815
72.3613
72.6503
74.3221
74.9800
74.4958
73.7761
74.7105
74.2616
75.7390
74.6313
73.9135
72.9040
71.8133
73.2919
73.8633
72.1054
73.5235
72.2272
72.2410
72.6131
74.8906
75.7651
76.3551
76.6457
76.9696
75.9984
76.6116
77.0021
77.9986
76.5251
75.2674
75.6811
75.3058
74.2373
75.7779
74.9458
74.3166
72.7901
73.7058
75.1259
76.0916
76.9022
78.9270
80.2041
80.9529
80.6463
80.5635
79.9686
79.0255
79.0801
77.3879
77.4062
76.1900
76.0784
77.6936
77.4580
76.2321
77.0915
76.2633
74.9080
74.3783
74.2366
75.6083
74.4709
75.8668
75.9031
74.3497
74.4948
73.6388
73.8052
75.2940
76.3213
77.5367
77.3398
79.8768
80.2855
79.9448
78.3570
77.7880
77.7360
77.7499
74.8230
75.6666
75.7531
76.1762
75.4565
76.8715
75.8837
74.9726
75.7051
76.3580
75.5666
75.5394
75.0673
74.4382
73.3146
73.8098
73.4666
74.6428
74.8896
74.0777
73.7184
74.0654
74.6315
74.1371
75.4679
74.8623
77.0601
75.4931
75.4346
76.9879
75.4156
76.1479
77.1216
75.6400
74.3476
75.0884
75.2499
75.8138
76.3051
75.4782
74.5291
73.9759
73.7418
74.9149
70.9444
72.7835
73.9689
74.8447
72.8704
73.7060
73.8169
72.9455
72.5295
72.6774
72.1079
71.6547
73.0582
73.2696
72.5251
74.3341
73.8572
74.5536
73.5287
75.3518
75.0460
74.9813
73.0223
74.8078
74.9328
74.5477
75.0744
74.3938
72.7561
73.1897
72.7483
72.0852
71.4960
71.5938
72.2137
72.0764
73.2374
75.5195
74.5727
76.1370
76.0297
73.8192
74.9810
75.2306
74.7863
74.1488
73.9292
74.8353
74.7551
76.7657
76.5283
73.6021
73.5679
73.8769
73.1565
73.6396
71.8267
72.0629
72.7772
71.3099
73.9381
73.3394
73.7844
73.0698
73.1725
74.7081
75.3331
73.7441
73.2964
72.3327
71.6166
73.9332
71.2293
71.2350
72.5925
73.5214
73.1165
75.8951
76.3964
75.7587
74.4903
74.8533
73.6338
74.1494
73.1671
73.5334
72.6018
72.8023
71.4645
73.1775
71.2192
73.3252
73.8107
73.9350
72.5062
74.2366
74.1320
73.5897
74.8946
74.1933
75.2035
74.9766
74.7674
76.8583
75.6263
75.3199
74.3135
75.2203
74.8321
75.6391
76.0307
75.7312
75.3585
75.7047
76.1354
77.6621
76.0328
76.8004
78.0038
77.2134
76.2904
77.8097
78.1339
76.8268
76.4807
79.0961
77.0354
77.8196
78.7287
78.0401
78.4071
79.4485
79.6657
78.4033
79.1597
77.6488
77.5659
77.6444
77.9780
77.6109
77.9065
75.8195
75.1293
74.4375
76.0957
75.0050
75.1968
75.6850
75.3308
74.4623
74.4658
73.7599
75.6217
77.0162
75.7265
77.4583
77.0789
76.7597
76.4366
76.0898
77.2582
77.1535
77.9002
80.0117
77.6201
77.9049
79.1773
77.9427
76.1889
75.9237
75.9602
77.4059
77.9087
77.4719
79.6993
80.1563
78.4135
79.5383
78.2569
79.0434
79.1634
78.7504
78.9380
79.5107
79.6648
78.8455
78.4404
78.2981
77.5631
76.1571
77.0925
77.6076
78.8865
77.7594
78.1615
77.8448
76.6377
75.8039
76.1412
76.8492
75.0012
74.6537
75.2161
74.7739
74.3885
75.6759
75.1949
74.8682
74.1647
75.6081
76.2887
76.4515
76.7944
76.3915
76.9649
76.9956
75.9406
76.3026
75.5260
77.6519
76.2055
76.5579
74.6265
75.3726
75.0148
74.4358
74.4648
76.2756
74.9072
75.6090
73.9431
74.5478
74.4494
75.1053
74.8083
73.9671
73.8221
74.7809
74.4552
74.8599
72.0499
72.9480
73.0864
72.8178
72.2200
73.5512
72.1511
74.3295
74.5502
74.7287
73.5791
73.4718
74.3280
73.8642
74.1778
72.3339
71.0582
74.6756
74.9966
74.1458
75.4285
76.8801
75.8079
77.4592
76.7313
75.9829
77.4608
76.3697
76.2568
76.2876
75.3258
77.7437
76.9222
76.6121
77.8629
77.5977
76.7961
76.4758
76.3139
75.9472
75.6937
74.1290
73.3330
73.7122
74.0425
74.6069
74.9783
73.9427
74.6898
72.8337
73.3376
73.0493
73.0300
73.8620
73.7083
72.0499
72.9200
72.2040
71.6024
72.5916
71.1054
72.1158
72.4160
71.4525
70.6670
70.7836
71.6569
70.6114
72.2196
70.1036
71.9924
73.3957
72.4186
70.6724
71.1638
71.3092
71.1479
72.2802
73.2677
73.7159
74.2283
73.7731
74.8330
73.6920
74.5851
74.3374
74.4650
74.5470
75.1781
74.9316
73.8264
73.9121
73.7455
74.5870
73.3835
73.0282
74.1483
74.1681
72.2897
72.5541
71.3996
71.5846
72.9226
73.0286
71.9623
71.9355
72.3325
71.5492
72.0662
71.4734
71.2486
71.3031
71.3067
71.4395
70.7879
72.1219
72.4626
73.7593
73.0474
73.8217
74.2263
75.1597
75.6810
74.3024
74.7516
74.8230
72.8764
72.6643
73.0217
72.0107
70.9321
73.4000
73.6489
73.0244
71.0179
69.7007
70.5913
68.8325
69.8210
70.2009
69.3176
69.4130
68.3715
70.1464
70.4820
69.9748
70.4218
71.2006
70.8861
70.5792
70.5621
70.3004
68.6636
69.8061
70.8561
70.1181
68.2105
67.9631
67.0085
67.1710
68.3494
69.1572
69.3268
68.2775
68.5116
67.9794
68.3356
69.0475
69.1368
68.2569
69.3368
67.9376
68.6779
67.1572
68.2190
68.5772
67.2935
69.0361
69.1442
68.8340
68.6513
68.1150
68.7621
67.9928
70.0870
69.2382
68.2746
68.6071
68.3096
67.9449
69.1086
69.8532
69.6973
69.5477
69.8299
69.7171
69.0866
67.2780
67.7179
67.1730
67.8342
66.4947
66.9570
67.1895
66.9711
67.1831
66.6458
67.5161
67.2006
68.4523
67.3725
67.4746
68.3444
67.5015
67.4667
66.6447
66.3861
67.7661
67.0275
67.5732
67.8017
67.9824
67.9800
68.0302
67.6362
67.7543
67.4116
67.9297
67.6650
69.1679
68.8776
67.9954
68.2791
68.5297
67.2920
67.0438
66.9421
67.1553
67.4485
68.3260
66.8846
66.5020
66.3848
65.7110
66.8806
66.6588
67.9063
67.3951
67.3694
66.5572
67.6004
66.5664
65.8627
66.5881
66.0716
65.1741
65.4838
66.8654
67.0384
66.9373
66.3093
67.7686
68.2725
66.7530
65.9857
67.4032
67.3644
66.7817
67.3741
66.8085
68.7946
68.6761
68.1008
67.8677
68.7940
68.7533
69.2002
68.5518
67.3745
68.9511
68.0210
68.9075
69.4263
69.0622
68.5583
68.2997
68.4070
67.3573
67.9838
69.2466
68.9138
69.5795
68.6837
70.6884
69.9103
70.6030
70.4511
70.6684
70.1507
69.3865
69.4094
69.0113
69.4816
69.5687
67.8308
67.2820
67.6182
68.7074
68.7916
69.3874
67.8829
69.2793
68.9615
66.2968
64.9278
66.3843
67.2228
68.3421
67.4421
67.7986
68.4623
67.9835
68.1624
68.3118
68.8038
69.3075
69.5265
71.2198
71.2281
71.6104
71.1413
70.6525
70.9129
71.0385
70.1054
70.4998
70.3426
71.1951
71.6409
70.5551
71.8426
71.8159
69.4637
69.2276
68.9030
67.3748
67.2653
67.1396
67.9743
67.7374
67.7070
67.6618
66.7491
67.3737
66.3760
66.3536
68.1641
67.7356
67.6395
67.3027
67.1414
68.0090
68.4749
67.0602
66.3497
67.5092
67.2255
68.2965
68.8208
69.0529
69.5872
68.7396
68.8706
68.1528
67.4263
67.0074
67.3813
69.8478
69.4472
69.8784
69.9942
69.7704
70.1454
69.1399
68.0081
68.3499
68.6150
68.8746
68.5396
67.9921
68.8531
69.2762
69.2365
68.8027
69.9387
68.9042
68.7927
69.4483
69.0492
68.2154
66.0693
66.3180
65.9866
65.8836
63.7888
64.4593
64.6271
64.5005
65.8473
66.6568
66.8112
65.8710
66.7742
65.1929
66.8330
67.2753
67.0507
66.5443
66.1128
66.7965
67.6345
67.6581
65.5770
66.0942
66.4948
66.4973
66.4157
68.4629
68.3428
68.1876
68.4356
67.3943
66.6758
68.5605
68.0884
67.9556
68.4036
68.8882
68.5134
67.2481
67.6710
68.3950
66.6781
67.8667
68.6164
69.3400
68.4384
66.9849
67.7238
66.8601
66.3532
67.8704
68.0033
67.0047
67.5691
67.3732
67.1821
69.0969
70.5176
70.5598
68.5774
68.6504
70.1833
70.8738
70.9299
69.2791
67.8653
69.2511
71.8551
70.5677
71.7592
72.1812
71.2511
70.9484
71.2511
70.2804
70.3511
70.5097
70.5944
69.7303
69.8831
70.7674
68.1669
68.8009
69.7809
69.2967
70.1718
70.9049
71.9558
71.9638
72.0929
71.7846
71.0468
70.3467
69.5068
70.4062
69.3497
69.6747
69.4164
70.3170
72.1251
72.0120
70.5172
70.8927
69.8353
71.1475
71.6927
71.0510
71.0577
71.3441
71.7554
70.6961
70.8676
71.5057
71.2942
70.1810
69.3301
68.0464
68.9351
68.6705
67.7930
67.8792
66.0442
68.4277
68.4728
68.6363
70.0840
69.1360
70.3822
69.6731
69.3094
69.3318
68.6161
68.8373
68.8163
67.8345
67.6619
68.7631
69.7397
68.4817
67.3031
66.1257
66.8789
67.3524
66.9555
67.0972
65.3120
64.9433
65.8500
66.4364
66.5581
66.8584
66.3985
65.2242
66.9991
65.9286
67.5153
65.5049
65.6976
66.4571
66.0498
66.4063
67.4873
66.7855
64.6651
64.7407
64.8858
66.2802
66.9323
65.7721
65.1999
66.4609
66.9796
68.3473
68.0151
67.7920
69.2247
69.2079
70.2446
68.4116
67.5276
68.2070
68.4086
68.4766
67.8155
69.0187
70.3554
69.1553
68.3878
69.8841
67.8247
69.3421
69.3551
68.4075
68.3818
66.7382
68.4924
69.9307
71.6321
70.2098
69.0823
69.5491
71.7048
69.3645
70.1675
70.0941
70.1549
69.6419
70.0648
69.8541
70.2549
70.8129
69.2572
71.1382
70.0814
69.3290
69.6325
69.8756
68.2728
68.0939
67.5636
67.9627
67.6035
68.3122
68.8946
69.3652
69.6410
67.4398
69.2483
69.1638
70.6157
70.1411
69.6791
71.4774
70.2834
70.5210
70.2210
69.6109
71.2576
71.3732
70.8602
71.2530
70.6902
71.3878
71.2259
69.9622
70.3393
69.5088
68.7442
68.9886
68.1513
67.7366
67.7666
68.9185
70.0105
69.1033
69.3910
69.6968
68.7958
68.4636
69.4842
70.0662
69.8290
68.5000
68.8644
69.2153
70.0526
69.8972
68.9778
68.9773
69.9636
70.0879
69.5353
69.2771
69.4867
67.9211
68.7429
69.6436
69.7223
70.9679
70.5144
69.9834
68.5920
68.5177
69.4125
71.1831
70.3171
70.4226
68.9599
69.6940
70.7316
70.7937
69.6568
70.3032
70.5718
70.2702
70.6055
70.4364
69.3428
69.5379
70.4151
70.0251
68.7919
68.9037
68.8447
69.0321
68.8461
70.7419
70.2421
70.7508
72.0845
70.7004
70.3407
70.0482
69.3055
70.4095
71.0925
70.2582
69.5842
69.7514
69.2281
69.0318
67.1932
68.9780
68.8873
70.3377
71.2095
70.3698
70.8370
71.5108
71.8791
72.7208
73.1670
73.5886
73.6048
74.0735
74.1135
73.1082
73.4598
72.6462
73.3168
71.6951
71.4708
71.5903
72.1310
71.6768
72.9044
71.4696
71.2395
70.5392
70.9628
71.1905
70.5933
72.5033
72.7059
71.0171
72.6241
72.5207
71.4670
70.6923
70.1655
70.0962
70.1038
70.2243
68.3960
69.2830
69.1413
69.1992
69.2517
69.4058
69.8552
67.9671
68.3771
67.8858
68.5284
67.8538
67.9924
67.9063
68.0260
68.5584
69.1693
68.8057
70.7331
70.3762
69.3334
67.7309
66.8091
68.0943
67.8886
67.3818
67.9686
66.7446
67.5499
67.5052
68.5674
68.8489
69.7037
69.8431
70.8186
69.6256
68.6431
68.7336
69.0749
68.4432
68.9296
69.5470
69.2062
68.5767
67.9235
67.7877
69.5613
70.4263
70.1615
69.6850
68.8891
69.6533
68.9361
69.9009
69.8444
69.1752
71.1106
69.5521
68.3011
67.9979
66.2565
66.4929
67.9192
67.0890
67.4331
67.7135
68.1131
67.6618
69.5650
69.4974
68.0507
67.6871
68.1226
67.8944
68.5503
68.2635
68.5897
69.0934
68.5835
70.6773
69.8601
69.6583
69.7375
69.6766
69.2792
69.7843
69.4695
69.2848
68.9741
68.7021
68.4282
66.9961
69.1415
68.0050
68.8458
67.9407
67.4103
67.6737
66.3362
66.5504
67.1942
67.3370
65.9162
67.1974
67.9700
67.4609
67.3750
66.6279
65.7082
66.7249
66.2806
66.2703
64.3001
66.7902
65.5251
67.5117
66.9082
67.8937
68.0086
67.7003
68.3043
67.4817
68.3316
67.3461
66.6489
66.5691
68.3972
68.4931
68.7729
69.9917
69.0215
69.8224
67.9348
68.1344
66.9502
68.7151
67.8122
67.3932
66.0560
65.6638
68.0561
68.3376
67.3968
67.6165
65.9168
65.1492
65.8135
65.5223
67.8518
65.5586
66.7571
67.5877
68.6453
67.9528
67.1050
67.1464
67.0571
67.7167
67.7196
66.8586
67.6558
67.0475
67.9699
68.6382
68.1124
67.7763
66.3956
69.0050
68.7013
68.3276
68.2596
67.9315
67.9751
67.3388
67.9254
66.5781
66.4753
66.6727
67.2407
66.1291
67.1548
67.6067
67.0665
66.5177
65.3002
65.6110
66.9918
66.4742
67.1468
66.9137
68.1989
67.3711
66.0698
65.2477
65.4342
65.9296
66.2985
66.9287
67.2051
65.4303
68.3087
65.5784
66.6220
67.0002
66.9802
66.6802
66.2652
66.9656
66.8368
65.9934
66.5824
66.5274
65.7805
66.9770
67.2674
66.4759
66.6457
66.3392
67.2061
66.6744
66.9732
66.0326
65.5851
65.5197
67.0274
65.2103
64.7672
65.1209
65.4045
65.3407
64.8144
65.7920
67.2058
67.4452
67.2892
68.9168
69.4942
69.0449
67.8308
67.0325
66.9947
67.0786
68.6254
67.6052
68.2098
67.9325
68.1596
68.5699
69.9110
69.5394
70.3548
71.2092
70.4419
71.8420
70.1865
69.5664
70.7358
70.8456
71.6257
70.7013
69.6740
69.3254
68.8445
70.4101
70.9275
68.5287
69.0471
68.8501
67.6752
68.1409
67.2831
68.0401
68.4892
69.0750
67.8331
68.5541
67.9549
68.0054
66.3670
66.4074
65.6400
65.9695
66.1193
65.5784
66.6528
67.0559
66.4527
64.6501
65.0165
64.7888
64.5170
65.4329
65.7933
65.0173
65.7240
63.9265
64.4095
64.2629
64.5930
65.1849
64.1691
65.0370
65.3068
65.0034
65.9331
66.5969
67.4221
66.9903
68.2673
67.8713
67.2893
68.4721
67.8578
67.6388
67.7891
67.8607
66.8563
66.0541
66.6345
66.2852
64.9088
65.5332
65.6293
66.9803
66.0670
66.3753
66.1996
66.7240
66.4176
67.1041
66.9752
69.3965
68.4353
68.7711
68.5440
67.5815
67.8161
66.8698
69.4707
68.0629
69.2475
68.0130
68.2702
66.3259
64.6950
64.9851
64.5041
65.3897
64.9692
65.0698
64.1359
64.5697
63.5931
63.8590
63.7860
63.5069
63.7650
64.2557
65.3071
62.7037
63.2946
64.3559
63.4658
62.2110
64.8111
64.5943
64.2735
65.7316
65.1410
66.5486
66.5346
64.9829
66.4871
66.0262
65.4960
64.8373
64.9463
66.1478
65.2579
63.9223
65.0815
65.2395
65.0791
64.5545
64.8219
66.0456
66.7284
65.7915
65.4237
66.3431
66.3471
65.5734
65.6601
66.4655
67.6651
67.1340
68.5535
67.2863
67.5199
67.3837
66.0199
66.1998
67.5720
66.5446
67.4385
67.0660
66.6002
66.1722
65.1315
66.8286
67.8176
67.3389
68.3499
66.7369
67.5445
67.8844
67.7649
68.7304
69.5032
67.5313
68.8089
68.6953
68.8985
68.0690
68.2991
68.8165
68.6319
70.0416
69.5966
70.3061
69.6076
67.6476
69.0392
67.6823
68.5441
67.7461
68.5628
67.4627
66.9523
67.2591
67.1324
67.2735
67.4807
67.1291
68.1697
68.4471
68.1391
68.2705
67.6887
69.4259
69.1687
68.7874
69.6164
69.2064
68.2647
68.1326
68.5423
70.1614
69.6920
68.9363
68.3770
69.0365
68.1326
