1.4104
1.5170
1.6158
1.4991
1.6452
1.8078
1.8105
1.8590
1.6809
1.7825
1.6941
1.9295
1.6919
1.7357
1.8925
1.9878
1.8366
1.9712
2.0125
1.8059
1.7303
1.8886
1.9900
1.5422
1.5446
1.9335
2.0716
1.9589
1.9431
1.9383
1.5713
1.7613
1.7709
1.6858
1.7764
1.9411
1.9544
2.2171
2.0752
1.7915
1.5315
2.0555
1.8162
1.9142
2.0037
1.8169
1.8143
1.8443
1.9891
1.8133
1.8039
1.8861
2.1635
1.9890
2.1680
2.2417
2.0863
2.5003
2.5336
2.3585
2.2857
2.1795
1.8117
1.9197
2.1795
2.1797
1.6703
2.0844
1.8464
1.8071
2.0025
2.0412
2.0549
2.0815
1.8967
1.9805
2.1710
2.0238
2.1041
2.0191
2.0752
2.0625
1.8801
1.8878
2.0290
2.2231
1.8922
2.1660
1.9565
1.7971
1.6753
2.0502
1.9449
1.9398
2.3156
2.0041
1.9581
2.0430
2.1473
1.8064
1.5129
1.7432
1.5008
1.7770
1.7521
1.5980
1.7041
1.7763
1.6266
1.5908
1.7574
2.0130
2.2341
2.0282
2.1603
2.5067
2.4044
2.1473
1.7601
2.0648
1.9024
2.3006
1.9736
2.3066
1.8402
1.8311
1.6912
2.2556
2.4204
2.4120
2.3716
2.5880
2.7180
2.3863
2.4293
2.4599
2.3816
2.0461
2.2390
2.5330
2.3249
2.0865
2.1333
1.9078
2.5463
2.1837
2.0633
2.3226
2.4272
2.1714
1.9752
2.3727
2.3466
2.1719
2.2639
2.2572
2.5139
2.0082
2.0883
2.8756
2.8127
2.0757
2.2969
2.1064
1.9573
1.7301
1.6034
1.6158
1.8146
1.8430
1.9482
1.8049
1.8349
1.8609
2.0158
1.9449
1.8686
2.1167
1.9551
1.9107
2.0875
2.5120
2.2941
2.3853
2.3676
2.2813
1.8758
1.8439
2.0226
1.8698
2.0519
2.2566
1.7732
1.9734
1.9206
1.9208
1.7620
1.7790
1.6267
2.1091
2.0315
1.7476
1.7397
1.5717
1.9864
2.0331
1.9756
2.0297
2.0017
2.0475
2.0090
1.6739
1.6496
1.8043
1.9531
1.7896
1.8031
1.9999
1.8223
2.0405
2.0158
1.6363
1.9245
1.8934
1.8604
1.9054
1.9768
1.7636
1.8946
1.7002
2.0437
1.8526
1.9164
1.9605
1.9069
1.6291
1.7647
1.5819
1.9762
1.7358
2.2922
1.8501
2.0693
1.6295
1.9242
1.5251
1.8528
1.7438
1.6866
1.6855
1.7113
1.7027
1.8563
2.3184
2.1960
2.3123
2.4598
2.3268
2.4448
1.9600
2.2414
2.3526
2.0371
2.0577
1.8876
1.8553
2.1741
2.1744
2.0323
1.8926
1.7081
2.1870
2.1496
2.2085
2.3637
2.3277
2.0146
1.8746
2.1075
2.4024
2.2168
1.8209
2.0416
2.0557
2.2374
2.2198
1.8232
1.7118
2.0291
2.2146
2.3491
2.0179
2.0920
2.1495
1.7712
1.6078
2.3346
2.0497
2.1007
2.1444
2.1093
2.1545
2.4139
1.5503
1.7394
1.8155
1.9604
1.4817
1.7139
2.1342
1.8038
1.7720
1.5216
1.8670
2.0140
1.9081
1.8180
1.6621
1.7190
1.7363
1.7631
1.6497
1.4707
1.6756
1.6936
1.7031
1.5489
1.7787
1.8336
1.9094
1.7929
1.5410
1.7004
2.0229
1.8057
1.4097
1.8850
1.9247
1.8654
2.1639
2.0295
1.8067
2.2345
2.0527
1.8343
1.8343
1.8421
1.9400
2.0026
1.7559
1.8225
2.1966
1.8169
1.7861
1.7758
1.5047
1.6441
1.8299
2.1153
2.0745
1.6626
1.7749
1.6970
1.6747
1.6103
1.6188
1.9411
1.9585
1.7113
1.6372
1.6729
1.6945
1.9156
1.7207
1.5319
1.6825
1.6880
1.6911
1.6815
1.5687
1.6065
1.7561
1.8097
1.8474
1.4610
1.5924
1.7933
1.8750
1.7972
1.9121
2.1220
1.8496
1.9220
1.9904
1.6789
1.7057
1.7131
1.7339
1.6026
1.8026
1.9599
1.9408
1.9420
1.9256
1.6421
1.8189
1.7930
1.6976
1.8616
1.8619
1.7148
1.7215
1.7149
1.6550
1.7301
1.8915
1.7889
1.6238
1.8144
1.6652
1.8548
1.5779
1.6796
1.5328
1.7681
1.5872
1.5472
2.0353
1.8074
1.7497
1.7614
1.9198
1.6520
1.8714
1.9169
2.1287
2.3180
2.2441
1.9321
1.8344
1.7226
1.6181
1.8757
1.6167
1.7247
1.9340
1.9335
1.8676
1.6618
1.5148
1.4658
1.6911
2.0725
1.9716
1.9552
1.5654
1.2561
1.4970
1.2780
1.5897
1.3599
1.7495
2.0822
1.6291
1.9194
2.0293
1.7150
1.7831
1.7531
1.7472
1.7207
1.8995
1.8138
1.6103
1.4645
1.6791
1.7023
1.5532
1.4876
1.7146
1.7553
2.0052
1.6254
1.8169
1.5947
1.5925
1.5180
1.4406
1.8468
1.8474
1.6478
1.6331
1.6920
1.7634
1.7792
2.0726
1.9029
1.8135
1.7300
1.8459
2.0416
1.7854
2.0706
1.5690
1.8710
1.8170
1.5738
2.0457
1.6711
1.6216
1.6204
1.4285
1.4912
1.5672
1.7026
1.5148
1.8797
1.8049
1.6988
1.7017
1.7706
1.8320
2.3128
2.0569
1.9802
1.9168
1.8988
1.9225
1.6383
1.7835
1.7978
1.7255
1.5301
1.8963
1.8938
1.6628
1.8555
1.7519
1.9188
1.5907
1.6575
1.7928
2.1297
2.0705
1.7724
1.8255
1.8696
1.8279
1.8610
1.7449
1.7067
1.6948
1.7647
1.6171
1.6357
1.7947
1.8122
1.5617
1.9515
1.7441
1.4078
1.5618
1.6827
1.7052
1.5829
1.7012
1.7263
1.6149
1.6668
1.6814
1.4166
1.8858
1.8224
1.7733
1.4889
1.4524
1.5035
1.8784
1.6916
1.7705
1.5110
1.7278
1.6981
1.8776
1.6690
1.6656
1.9725
1.8208
1.6374
1.7355
1.9249
1.7992
1.5056
1.8344
1.4936
1.6483
1.7316
1.7593
1.7295
1.8779
1.6277
1.3711
1.4430
1.4377
1.5665
1.7753
1.8285
1.7146
1.8018
1.7837
1.7484
1.6004
1.7575
1.9754
1.9741
1.8787
1.8140
1.5942
1.8535
1.6421
1.7234
1.7436
2.1804
2.0238
1.7922
1.7432
1.7020
1.5992
1.7757
1.5082
1.7428
1.7582
1.5315
1.8888
1.5704
1.9891
2.0097
1.8088
1.7979
1.8781
1.6368
1.7778
1.6632
1.8430
1.6251
1.5487
1.7236
1.7405
1.5494
1.6031
2.2699
1.7414
1.8894
1.7626
1.5596
1.5965
1.7408
1.4720
1.5707
1.7245
1.5876
1.6603
1.5376
1.6371
1.5033
2.0014
1.9580
1.7433
1.7293
1.7385
1.5595
1.6109
1.5887
1.5319
1.6232
1.8320
1.5277
1.7073
1.8221
1.8456
1.6203
1.7477
1.5477
1.7079
1.6649
1.6299
1.7483
1.6831
1.6609
1.6598
1.6915
1.5349
1.4899
1.8094
1.7660
1.7841
1.6559
1.9458
1.6776
1.7452
1.5009
1.5989
1.8743
1.7682
1.7439
2.1269
1.5111
1.7214
1.7113
1.7301
1.7505
1.6892
1.6168
1.7322
1.7630
1.7513
1.7178
1.7083
1.9386
1.6193
1.8956
1.5727
1.7174
1.7976
1.6533
1.6723
1.9574
1.6019
1.8699
1.7105
1.7419
1.8207
1.7156
1.7857
1.6868
1.7161
1.5459
1.5552
1.3757
1.8543
1.9157
1.7953
1.9212
1.8410
2.0140
1.9070
1.9029
1.7433
1.9612
1.7363
1.7086
1.7438
1.8595
1.9711
1.5894
1.7915
1.8180
1.6465
1.8480
1.5689
1.5468
1.4442
1.5267
1.8133
1.5454
1.8009
2.0365
1.8309
1.7461
1.7175
1.8249
1.7261
1.7131
1.7315
1.6344
1.7163
1.6229
1.7428
1.5614
1.6534
1.5812
1.7760
2.0817
1.9665
1.9726
1.7423
1.9425
1.6921
1.7206
2.0629
1.9288
1.8100
1.6664
1.7266
1.6324
1.5922
1.7258
1.4957
1.6296
1.5383
1.5632
1.7015
1.6266
1.7046
1.8264
1.9418
1.7943
1.6351
2.4916
1.9720
1.5931
1.8183
1.7888
1.5642
1.3548
1.4498
1.4112
1.2417
1.5417
1.4729
1.5320
1.5905
1.7241
1.6872
1.8717
1.6901
1.6968
1.8186
1.9426
1.6504
1.5275
1.3021
1.7136
1.9265
1.8375
1.6237
1.7189
1.8823
1.9013
1.6506
1.9649
1.5211
1.3115
1.6913
1.8541
1.4251
1.4935
1.5386
1.3603
1.7963
1.6226
1.6075
1.6165
1.9582
1.5253
1.6618
1.5410
1.7054
1.8708
1.4598
1.5626
1.4484
1.6668
1.7165
1.5979
1.3254
1.9556
1.6331
1.7261
1.9406
1.8539
1.9373
2.1219
1.5695
1.6465
1.5655
1.7187
1.5594
1.6510
1.7016
1.3468
1.7928
1.7074
1.9355
1.8221
2.0601
1.5459
1.4921
1.7387
1.6216
1.6483
1.5683
1.6362
1.4360
1.5260
1.5460
1.4141
1.2891
1.4236
1.7983
1.5909
1.4369
1.4692
1.5212
1.5145
1.3157
1.3820
1.2411
1.5139
1.3522
1.5956
1.6056
1.6969
1.3705
1.2899
1.6448
1.2746
1.4114
1.8221
1.2299
1.5068
1.3927
1.7688
1.5704
1.4041
1.4860
1.5045
1.4625
1.7074
1.4201
1.5703
1.7241
1.5415
1.5406
1.4880
1.5620
1.6273
1.5966
1.5605
1.7495
1.5598
2.1224
1.9178
1.8099
1.5972
1.6714
1.9452
1.6065
1.5448
1.4918
1.6997
1.7862
1.8784
1.4783
1.8226
2.2769
1.8607
1.6001
1.6435
2.0795
1.6671
1.7841
1.8855
2.0198
1.8184
1.6871
1.7061
1.4862
1.8111
1.5806
1.4864
1.6258
1.3944
1.8478
1.6611
1.7658
1.7880
1.6211
1.6582
1.5025
1.3637
1.6246
1.5046
1.4472
1.6634
1.4994
1.6414
1.3006
1.9260
1.5342
1.6699
1.7888
1.6376
1.9223
1.5914
1.6513
1.6637
1.6931
1.6225
1.5240
1.6950
1.5806
1.6985
1.7758
1.7433
2.1667
2.2520
2.2399
2.1219
2.3476
2.3249
2.2192
2.3158
2.2884
2.2461
1.8999
1.8035
1.8859
1.8720
1.9785
1.7007
2.0181
2.1677
2.1431
1.9858
2.1475
1.8064
1.7424
1.7671
1.6718
1.4623
1.6915
1.5476
1.3808
1.5026
1.5691
1.7248
1.8564
2.0242
1.9895
1.6790
1.9551
1.8337
1.6668
1.8289
1.6253
1.6440
1.6245
1.7422
1.4438
1.3548
1.5308
1.5859
1.5281
1.6945
1.4311
2.0498
1.5981
2.1178
2.1071
1.7676
1.7917
1.7564
1.5456
1.7050
1.9874
1.6539
1.6926
2.0151
1.6879
1.7876
1.7789
1.8235
1.7504
1.7031
1.7887
1.7178
1.7523
1.8553
1.7649
1.7478
1.6694
1.9411
1.8878
1.8516
1.8867
1.9089
1.6495
1.5063
1.8379
1.5654
1.7357
1.4073
1.7709
1.9192
1.5253
1.7212
1.5012
1.7268
1.6800
1.5805
1.7224
1.6498
1.4325
1.5033
1.6249
1.7461
1.9343
1.7487
1.6313
1.4685
1.7257
1.7024
1.7399
1.7882
1.8757
1.7736
1.6342
1.6943
1.6608
1.8181
1.8575
1.5799
1.8681
1.9148
1.8269
1.8743
1.8421
1.8282
1.8320
1.8665
1.7347
1.8982
1.8364
1.6972
1.9078
1.7560
1.7911
1.8835
1.5628
1.8010
1.6231
1.8847
1.6898
1.6191
1.7954
1.6418
1.7225
1.4065
1.5427
1.5694
1.7551
1.8333
1.7805
1.6417
2.0385
1.7306
1.7371
2.0233
1.7934
1.9672
1.7980
1.9355
1.7837
1.8658
1.5744
1.4851
1.8382
1.7329
2.0094
1.7517
1.4562
1.8172
1.9333
1.8262
1.6965
1.6498
1.6450
1.5957
1.5256
1.6816
1.6076
1.5975
1.4461
1.5947
1.8851
1.6636
1.3679
1.9254
1.7315
1.8134
1.6728
1.6335
1.5401
1.9963
1.6402
1.6045
1.7207
1.8666
1.7107
1.6552
1.3889
1.6515
1.6683
1.5932
1.7304
1.7342
1.8116
1.7428
1.8781
1.6827
1.7078
1.7031
1.7669
1.7929
1.9563
1.6434
2.2072
2.1918
2.0564
1.8385
1.9363
1.6796
2.0957
1.7478
1.9711
1.8157
1.6277
1.8974
1.6555
1.8066
1.8100
1.9326
2.1611
2.0526
1.9130
1.8278
1.7908
1.8442
1.7962
1.8272
1.7830
1.5746
1.6471
1.7464
2.0584
1.9253
1.7454
1.9457
2.1164
1.9420
2.0872
2.2092
1.8207
2.1671
1.9682
2.2370
2.0466
2.1222
2.0295
1.6073
1.8774
1.6161
1.9074
2.0508
1.6236
1.8313
2.0363
1.8546
1.9938
1.8126
1.8064
1.9012
1.8725
1.7457
1.6416
1.8296
1.8783
1.8555
1.7039
1.6149
1.6739
1.6321
1.8519
1.7986
1.7979
1.9274
1.9137
1.9590
1.7428
1.7697
1.6235
1.9656
1.7519
1.6585
1.7738
1.7908
1.8385
1.8837
1.6411
1.4417
2.0198
1.7026
2.0919
2.1017
1.8804
1.7432
1.5477
1.7426
1.9246
1.8511
1.6232
1.9700
2.1540
2.0815
1.9040
1.9841
2.0095
1.7901
1.9884
1.9535
2.1605
1.7117
1.8096
1.8018
1.7824
1.6475
1.7022
1.5159
1.6668
1.9973
1.6295
1.6919
1.8728
1.5379
1.4818
1.7959
1.7926
1.7496
1.8963
1.7675
1.9148
1.5779
1.7300
1.8241
1.7215
1.7421
1.4473
1.5842
1.4963
1.4643
1.9192
1.4227
1.1781
1.8759
1.9057
1.6487
1.5304
1.5917
1.4925
1.7906
1.5317
1.7689
1.5723
1.5679
1.4926
1.7572
1.4805
1.5812
1.3740
1.3948
1.6482
1.6311
1.6685
1.7736
1.7239
1.7641
1.5344
1.7012
1.8704
1.5704
1.9383
1.8650
2.3043
2.6680
2.3784
1.8082
1.6533
1.7879
1.7004
1.7835
1.6345
1.7569
1.5592
1.6896
1.6280
1.4529
1.4833
1.6808
1.8202
1.7588
1.7529
1.6392
1.7193
1.7318
1.6796
2.0113
1.4778
1.6439
1.6594
1.5050
1.8735
1.6265
1.8396
1.5744
1.6755
1.5193
1.9214
1.7000
1.8558
1.6249
1.4799
1.6801
1.6968
1.4473
1.6013
1.7729
1.5703
1.7013
1.5996
1.6227
1.5350
1.4997
2.0544
1.5428
1.5996
1.6655
1.6818
1.3198
1.7459
1.3052
1.7438
1.6130
2.2234
1.4984
1.7965
1.4072
1.7410
1.8387
1.9191
1.7833
1.5353
1.7181
1.8747
1.8487
1.9079
1.7576
1.8211
1.8259
1.9405
2.0525
1.6802
1.9279
1.9290
1.7028
1.8948
1.9585
1.6806
1.8347
1.8842
1.5663
1.5656
1.8175
1.8637
1.7330
1.9178
1.8273
1.7025
1.4328
1.8678
1.4755
1.5756
1.4751
1.7504
1.5557
1.8499
1.5821
1.5685
1.4713
1.4940
1.2937
1.5095
1.5211
1.7262
1.6175
1.8057
1.6032
1.6066
1.4982
1.4518
1.4649
1.5611
1.6618
1.3931
1.7444
1.9039
2.0200
1.7841
1.8853
1.7570
1.6785
1.9349
1.8840
1.7361
1.9218
2.0904
2.0768
1.8920
1.7297
1.4629
1.5133
1.9076
1.9830
1.5410
1.5769
1.9275
1.6474
1.7831
1.6457
1.8467
1.7255
1.8204
2.0183
1.7124
1.9137
1.5836
2.0224
2.0948
1.7723
1.8892
1.8517
1.7716
1.7980
1.7890
1.8538
1.7928
1.9043
1.6922
1.7683
1.7180
2.0526
1.9659
1.9166
1.6986
1.7790
1.8609
1.7542
1.7898
1.7697
1.7005
2.0303
1.8793
1.7150
1.4881
1.5588
1.5403
1.7478
1.6772
1.4897
1.4989
1.5419
1.5994
1.7413
1.4409
1.7995
1.9156
1.7911
1.8836
2.1354
1.9660
1.8733
1.9966
1.7712
1.6005
1.8461
2.0539
1.8998
1.8004
1.7656
1.9996
1.6090
1.8127
1.8083
1.5850
1.7639
1.5932
1.5905
1.6289
1.6615
1.5996
1.6904
1.5315
1.5347
1.6077
1.5412
2.0179
1.6551
1.5720
1.8345
1.6556
1.5259
1.8428
1.7371
1.8546
1.5639
1.5566
1.5828
1.5726
1.6022
1.6318
1.7015
1.7872
1.7691
1.6134
2.0295
1.8326
1.8187
1.7501
1.6680
1.8500
1.5226
1.6452
1.7910
1.6404
1.9174
1.6639
1.4743
1.6134
1.5908
1.8719
1.8479
1.7388
1.7685
1.7498
1.7943
1.6433
1.9030
1.6577
1.5697
1.9069
1.6995
1.6237
1.6706
1.6567
1.2998
1.7942
1.3937
1.6434
1.4906
1.6141
1.6097
1.8681
1.7349
1.9266
1.8733
1.4519
1.7362
1.7925
1.4807
1.5524
1.5118
1.8483
1.7888
1.6762
1.7562
1.5117
1.7702
1.4938
1.3363
1.4436
1.4551
1.7395
2.5512
1.9714
2.0981
1.6143
1.5561
1.3647
1.6868
1.5696
1.5412
1.6998
1.6136
1.8363
1.7995
1.5429
1.3679
1.4582
1.4260
1.5505
1.4521
1.5135
1.3299
1.5147
1.4097
1.5463
1.4099
1.6611
1.3941
1.5784
1.5723
1.7721
1.7757
1.8033
1.9399
1.7889
1.6824
1.7531
1.8719
2.0204
2.0105
1.8506
1.7887
1.6148
1.8558
1.5520
1.5350
1.8926
1.6195
1.6312
1.6587
1.7592
1.3993
1.4869
1.6158
1.5660
1.5463
1.4266
1.6054
1.5250
1.5571
1.5134
1.5664
1.7656
1.7231
1.7118
1.3814
1.6796
1.4695
1.5177
1.6442
1.6496
1.6090
1.9867
1.5711
1.5157
1.2723
1.2965
1.3801
1.7128
1.5306
1.7275
1.5613
1.6423
1.5918
1.7267
1.3585
1.6034
1.8350
1.9527
1.7387
1.8953
1.8721
1.7332
1.4580
1.6832
1.5985
1.7684
1.4682
1.4938
1.6268
1.8124
1.6326
1.7954
1.7513
1.7630
1.6010
1.6312
1.6027
1.7591
1.9574
1.8837
1.7668
1.6812
1.6610
1.7987
1.7321
1.7447
1.6636
1.7574
1.9577
1.6450
1.5548
1.6551
1.9184
1.5928
1.8074
1.7173
1.8669
1.7179
1.7004
1.9662
2.2187
2.3391
1.7451
1.4958
1.7971
1.9635
1.6229
1.7447
1.5275
1.5589
1.6952
1.5990
1.6632
1.7213
1.7455
1.5702
1.4397
1.8843
1.5167
1.6630
1.5681
1.6579
1.4693
1.7959
1.7809
1.5842
1.5306
1.4433
1.5058
1.8649
1.4485
1.4210
1.5811
1.5962
1.5878
1.7456
1.9420
1.7041
1.6867
1.8252
1.6763
1.5410
1.6363
1.9063
1.6968
1.7111
1.8004
1.6302
1.3985
1.6249
1.6928
1.6986
1.5934
1.6509
1.5023
1.6956
1.7155
1.4958
1.8400
1.5379
1.4464
1.5348
1.5040
1.5492
1.5012
1.6845
1.6232
1.5611
1.6969
1.6207
1.7036
1.7008
1.4135
1.5255
1.6251
1.5139
1.5354
1.5513
1.6524
1.9500
1.5780
1.3931
1.4725
1.4570
1.8161
1.6513
1.6996
1.7056
1.6280
1.5875
1.3878
1.5738
1.5283
1.5859
1.7386
2.0422
1.6809
1.9003
1.6744
1.8811
1.8179
1.5125
1.3527
1.4128
1.7356
1.7849
1.6446
1.5509
1.8707
1.7068
1.7872
1.6640
1.6160
1.7455
1.6850
1.5563
1.8501
1.5859
1.4730
1.8096
1.6871
1.5385
1.6600
1.3806
1.8915
2.0037
1.6692
2.0905
1.8530
1.6145
1.6115
1.8801
1.9919
1.5658
1.9664
2.0354
1.9094
1.7204
1.8135
1.5672
1.4752
1.6776
1.5510
1.6702
1.5365
1.6085
1.6312
1.3673
1.4220
1.6168
1.3699
1.6115
1.4126
1.5444
1.6192
1.7682
1.9111
1.5956
1.3374
1.4429
1.3053
1.3556
1.6210
1.6153
1.8595
1.4868
1.6510
1.5958
1.3433
1.4107
1.6394
1.5893
1.4856
1.8784
1.4797
1.7814
1.6796
1.6049
1.5177
1.9463
1.8480
1.7272
1.4541
1.4385
1.3264
1.5744
1.8506
1.3350
1.4077
1.4848
1.3647
1.2671
1.5415
1.3717
1.6265
1.6979
1.5454
1.4727
1.4622
1.4522
1.8021
1.6134
1.4112
1.6236
1.7578
1.5388
1.5167
1.5642
1.5873
1.3237
1.4700
1.4718
1.4480
1.4518
1.4886
1.6936
1.4585
1.4722
1.6962
1.5447
1.5089
1.5186
1.5378
1.3284
1.6907
1.3338
1.5591
1.5505
1.5819
1.5270
1.6778
1.2542
1.1029
1.2237
1.4009
1.6152
1.5647
1.4847
1.3523
1.3107
1.7582
1.6451
1.5999
1.7534
1.6541
1.8696
1.7939
1.6559
1.4355
1.5089
1.6505
1.6325
1.5875
1.7832
1.6266
1.6744
1.5738
1.3461
1.6018
1.5828
1.6535
1.6169
1.7529
1.5601
1.4509
1.4707
1.4020
1.5370
1.3755
1.6724
1.5454
1.4661
1.6322
1.4440
1.6476
1.4845
1.7116
1.6480
1.5157
1.6841
1.7205
1.4646
1.8179
1.6108
1.4220
1.1431
1.8293
1.4383
1.5782
1.5391
1.5639
1.4903
1.4298
1.6359
1.6821
1.5436
1.7189
1.6783
1.3140
1.5305
1.7043
1.4021
1.5792
1.7106
1.7559
1.5987
1.5313
1.6307
2.0714
2.0409
1.8408
1.9219
1.5481
1.5332
1.5263
1.7480
1.7178
1.5128
1.4786
1.5243
1.5548
1.8756
1.6734
1.7642
2.1192
1.7723
1.8379
1.9830
1.8972
1.7427
1.8294
2.0822
1.8492
1.8034
1.9626
1.8126
2.0194
1.6213
1.6526
2.0620
1.6769
1.8908
2.2906
2.1011
2.0245
1.9904
1.7940
1.9438
2.0120
2.2468
2.1706
1.9889
1.8489
1.7668
1.6093
1.6790
1.6230
1.7291
1.6363
1.8178
1.5747
1.5393
1.7825
1.6870
1.7182
1.8146
1.6602
1.5483
1.5290
2.0255
1.7744
1.3766
1.5381
1.8230
1.6703
1.6414
1.6823
1.9058
1.7579
2.1008
2.0550
1.7954
1.7475
1.6793
1.6151
1.7231
2.0860
2.0720
1.9629
1.9093
1.7809
1.5780
1.9271
1.7101
1.7961
1.7371
1.8529
1.6354
1.8003
1.8785
1.7823
1.8004
1.6984
1.9065
1.9224
1.7336
1.7858
1.8946
1.9135
1.9179
1.7978
1.7656
1.7302
1.7280
1.8040
1.5883
1.6163
1.7853
1.7944
1.8533
1.9134
1.8280
1.7866
2.0527
2.0697
1.8798
1.7665
1.8839
1.7777
1.9615
2.2636
1.7913
1.8356
2.0760
2.0197
2.1447
1.9589
2.5476
2.1160
2.1105
1.9105
2.1498
1.9658
2.1532
2.1348
2.3678
1.8850
2.1389
1.8782
1.6674
1.8582
2.3342
2.0451
2.2144
2.2266
1.8581
1.6081
1.9585
2.5101
2.0896
1.8348
1.9356
1.6897
1.9552
1.7581
1.7859
1.5191
1.6971
1.4690
1.5141
1.5080
1.9734
1.6067
1.5902
1.8462
1.6769
1.9557
1.8677
1.8783
1.5256
1.7498
1.6182
1.5382
2.0185
1.8458
1.8611
1.7133
1.7522
1.7021
1.8212
1.7972
1.6088
1.6779
1.9324
1.9409
1.8170
1.5883
1.6067
2.3380
2.0830
1.6521
1.7074
1.7865
1.5111
2.2580
1.9476
1.8346
1.5312
1.5486
1.7354
1.7245
1.4724
1.6132
1.6007
1.7807
2.2349
1.4782
1.9206
1.6258
1.7497
1.3897
1.3400
1.4069
1.4896
1.3479
1.6876
1.7228
1.4201
1.8443
1.4541
1.6046
1.5473
1.6070
1.6884
1.5106
1.8713
1.7975
1.6755
1.5941
1.5050
1.3985
1.7443
1.3504
1.7168
1.4841
1.7395
1.6076
1.5099
1.5292
1.7058
2.0583
1.7680
1.8557
1.5966
1.6841
1.5436
1.8523
1.8004
1.5327
1.8688
1.6878
1.4809
1.6277
1.7162
1.9264
1.7579
1.3526
1.7645
1.8604
1.6338
1.7328
1.9973
1.7879
2.1535
1.8268
1.7147
2.0516
2.2583
1.3740
1.5823
1.8200
1.4982
1.5067
1.3167
1.6730
1.6644
1.7775
1.9429
1.7318
1.7045
1.7908
1.7371
1.7742
1.6625
1.7256
1.7137
1.8811
1.7822
2.1641
1.8384
1.6349
2.0593
2.1790
2.2574
2.2054
2.1397
1.9938
1.9666
2.1781
1.8416
1.8847
2.0355
1.9301
1.7779
2.0290
1.5416
1.5424
1.4652
1.5686
1.6985
1.6234
1.5587
1.5448
1.4669
1.5783
1.2401
1.8224
1.6238
1.8870
1.7895
1.9081
1.8532
1.7369
1.6788
1.7922
1.6925
1.8093
1.5305
1.3021
1.4198
1.5999
1.6799
1.5595
1.8096
2.0565
2.2039
2.0354
1.8007
1.6709
1.4956
1.6670
1.5502
1.5046
2.2574
1.9863
1.5061
1.5021
1.4774
1.8602
1.9861
1.6584
1.6579
2.0321
2.0620
1.9019
2.0794
1.7531
2.0876
1.7761
1.7567
1.7722
1.8861
1.4969
1.5230
1.7185
1.3969
1.3070
1.6013
1.6902
1.6347
1.2165
1.7141
1.7401
1.3910
1.6704
1.5791
1.4888
1.4364
1.5008
1.3685
1.3155
1.4980
1.3196
1.5757
1.2384
1.5593
1.5905
1.1484
1.1942
1.0693
1.1760
1.7177
1.7020
1.2365
1.3242
1.6590
1.8284
1.7154
1.5037
1.3093
1.4999
1.7084
2.1661
2.0466
1.8338
1.6369
1.6225
1.7169
1.6705
1.6785
1.4300
1.6825
1.8630
1.8718
1.6925
1.8030
1.7825
1.8823
1.8494
1.6179
1.4585
1.8931
1.5828
1.7881
1.7725
1.7531
1.6176
1.7486
1.6946
1.6198
1.4526
1.8947
1.9045
1.5151
1.9327
1.9501
1.7601
2.0452
2.0104
2.1595
2.2192
2.3367
1.6097
1.9409
1.6338
1.8686
1.8183
1.6632
1.7532
2.0048
2.2561
2.0465
2.0587
1.6522
1.8397
1.8823
1.7096
1.7392
1.6511
1.7807
2.0061
1.8326
1.7632
1.6095
1.9389
1.9565
1.7485
1.7978
1.7082
1.7228
1.9193
1.3374
1.8187
1.4907
1.8331
1.5859
1.7065
1.7294
1.6195
1.7399
1.5784
1.8061
1.6590
1.5772
1.6701
1.6831
2.5898
2.2647
1.9399
1.7788
1.7797
2.1366
1.8776
1.6061
1.6293
1.4904
1.6653
1.8021
1.7557
1.7949
1.9294
1.7594
2.0653
1.7962
1.6419
1.7750
1.7353
1.9209
2.0981
1.8455
2.2554
2.0664
1.9667
1.8697
2.0489
1.6082
1.4804
1.7252
1.8830
1.7257
2.1269
1.8927
1.7842
1.8197
1.7627
2.1118
1.9055
1.7654
1.8726
2.1015
1.8320
1.8646
2.1569
1.9939
2.1446
2.0213
2.0716
1.9224
1.9459
2.2071
2.5408
2.2689
2.3658
2.2145
1.8124
1.8846
1.8685
1.6089
1.6197
1.8167
1.6046
1.6415
1.8309
1.9638
1.7982
1.6532
2.1683
1.8422
1.7068
1.9421
2.0015
1.7859
1.9535
1.9034
1.7805
1.8324
1.7551
1.8436
1.9255
1.8323
2.1378
1.7836
1.9573
1.4999
1.4584
1.7223
2.0450
2.0232
1.8823
1.5965
1.4788
1.6852
2.0735
2.3562
2.6287
2.2325
2.1259
2.2208
2.1843
1.6466
1.6351
1.9375
1.8521
1.8420
1.7811
1.7140
1.4659
1.8573
2.0860
1.8757
1.7518
2.0176
1.8520
1.6984
2.2387
2.4021
2.3152
2.2245
2.3053
1.9985
1.8589
2.3416
2.1041
2.4572
2.4793
2.2885
2.1435
1.8083
2.4305
2.5314
2.3623
2.0795
2.0400
2.0089
2.2368
2.5754
2.7454
2.4135
2.3395
2.8106
2.4427
2.7118
2.8277
2.8311
2.5834
3.0969
2.7026
2.7017
2.6068
2.4150
2.4619
2.4963
2.7880
2.2873
2.4732
2.7331
2.5772
2.4477
2.1468
2.9259
2.4635
2.1195
2.0854
2.1886
2.3001
2.2644
2.2773
2.7905
1.8690
1.9970
1.8995
2.3515
2.2653
2.1786
1.8820
1.8344
1.8068
2.2319
1.8716
2.0773
2.1578
2.2043
2.3247
1.8124
2.3494
2.2184
2.4140
2.1426
2.4249
2.3391
2.2194
2.2838
2.3169
2.5187
2.6013
2.8164
2.2883
2.1920
2.2313
2.7250
2.3611
2.4709
2.7425
2.7286
2.5247
2.5135
2.5570
2.5419
2.7643
3.0298
2.5382
2.2523
1.8964
2.5391
2.1475
2.2314
2.4984
2.2862
2.1418
2.3192
2.3402
2.2797
2.0298
2.5115
2.2657
1.8648
1.6863
1.8298
1.8161
2.1736
2.2040
2.1263
2.1993
2.1855
2.0432
1.7972
1.9145
1.9791
1.9080
2.3240
2.5223
1.8886
2.1402
2.1989
1.9746
2.2844
2.0355
1.7910
2.1460
2.0870
2.3058
1.9263
2.3575
2.1727
2.4347
2.4500
2.8018
2.6768
2.5124
2.7679
2.1691
1.7440
1.7112
1.9120
1.9330
2.3299
2.3408
2.5191
1.9348
2.4032
2.4881
2.0464
2.0498
1.9401
2.0411
1.9871
2.0604
2.4545
2.1242
2.3763
2.3510
2.3076
2.6869
2.2375
2.4744
2.3965
2.4279
2.6537
2.5449
2.4179
2.3069
2.2915
2.3667
2.1719
2.7261
2.6566
2.8822
2.4365
2.3797
1.6971
1.9863
1.7943
1.9255
2.2592
2.0939
2.1298
2.4264
2.2834
1.8674
1.9794
2.1468
1.9298
1.9008
2.1346
2.0640
1.9071
2.2809
1.7546
1.9364
1.9869
1.8349
1.4107
1.8010
1.9938
1.8678
2.1016
2.0082
1.8444
1.8971
2.3532
2.0676
1.7031
1.7482
1.9489
1.7496
1.9773
1.8720
1.7567
1.7589
1.8862
2.1902
1.8664
2.1596
1.7946
1.7562
2.3096
1.6824
2.3176
1.9386
2.1821
1.9790
1.9813
1.6208
2.1621
2.1924
2.2380
2.0575
1.5514
1.8460
1.6617
2.0728
1.8125
1.9789
2.0513
1.4937
1.3368
1.6931
1.4615
2.1219
1.8910
1.6441
1.8870
1.9837
2.5506
2.9992
2.5068
2.4986
2.1021
1.9742
1.9457
2.2048
2.1912
2.2552
2.3888
2.2008
2.1824
2.3925
2.0880
1.9443
1.5688
1.6031
2.0241
1.9109
2.0297
1.9807
1.8796
2.2222
1.9806
2.1326
1.9283
1.6859
1.8592
1.9064
1.9578
1.9900
1.6907
2.0267
2.0585
2.3051
2.3672
1.7586
1.8089
2.0108
1.8224
2.1085
2.0632
2.2903
1.7310
2.0876
2.0753
1.8069
1.8263
1.8421
1.8798
1.6329
1.7833
1.9678
1.7355
1.6225
1.8338
1.8105
2.0915
1.8857
1.8140
2.0836
2.2803
2.2479
1.8842
2.3251
2.0260
1.9209
2.2195
1.8401
1.7840
2.4651
2.0406
2.3963
1.9992
2.1167
2.6590
2.4739
2.3048
2.3845
1.9969
2.3158
2.3424
2.2045
2.3621
2.1779
2.2998
2.0273
2.2181
2.5435
2.1095
1.9845
1.9571
2.3031
2.5044
1.9972
2.1055
2.1381
2.3157
2.4886
2.6868
2.4833
2.4926
2.3999
2.4866
2.3535
2.2076
2.0589
2.0334
2.1484
2.2595
1.8915
1.7470
1.5908
1.5239
1.7069
1.5970
1.9503
1.8138
1.7574
2.2998
2.2831
1.8057
1.7877
2.0394
2.0136
1.6465
1.6730
1.6819
1.7475
2.1624
2.2279
1.7835
2.0707
1.8281
2.3328
1.8498
1.8569
2.1531
2.1161
2.1797
1.8399
1.8060
2.0851
2.4134
2.3972
2.1409
2.1262
2.1403
2.1403
2.1805
2.3242
2.2322
1.9937
2.0958
2.1606
2.0407
2.3781
2.1448
2.3611
2.5015
2.0331
2.0986
2.5172
2.2227
2.2760
1.8929
2.0264
1.7729
1.9279
1.9660
1.7678
1.8015
1.7771
1.9754
2.0331
1.6655
2.1144
2.1041
2.1293
2.3649
2.2512
2.2655
1.9145
1.8514
2.2922
2.3473
2.4747
2.2568
1.9994
2.0801
1.8508
1.6922
1.8269
1.7901
1.8643
2.1731
2.0050
2.5384
2.1603
2.1709
1.9460
1.9629
2.1787
2.1048
2.2775
2.3108
2.2485
2.0051
2.2021
2.1824
1.8663
1.5798
1.9241
1.7737
2.1711
2.1795
2.4304
1.9140
2.1727
1.9604
2.0919
2.4300
2.1016
2.5287
2.2829
2.2274
2.1922
2.1800
2.2788
1.8793
1.7360
1.7464
2.0961
1.7038
1.7176
1.7908
2.1121
2.2353
2.1933
2.0894
1.9205
2.0466
1.8727
2.1049
1.7959
2.1706
1.8058
1.7534
1.4922
1.4484
1.7120
1.7472
1.6547
1.5583
1.5100
1.5363
1.8102
1.7679
1.8294
1.5892
1.3932
1.6630
1.6110
1.7912
1.5461
1.5226
1.3469
1.7493
1.8346
1.6083
1.9029
1.7287
1.4594
1.8405
1.8717
1.7146
1.6882
1.5400
1.9808
1.6876
1.8927
1.9868
1.8012
1.9949
2.0345
2.3505
2.1768
2.2872
2.3461
2.1167
2.0566
2.2999
2.1809
2.3310
2.1944
2.1317
2.1412
1.9207
1.7010
2.0967
1.8967
2.2604
2.0950
2.7319
2.1151
2.0041
1.9386
2.1017
2.3199
2.3734
1.9995
1.8303
1.8502
1.7827
2.0002
1.8689
1.7043
1.6886
1.7136
1.4720
1.8091
1.9698
1.8679
2.0004
1.8736
1.9596
2.0030
2.3503
2.0505
2.4971
2.6100
2.5159
2.0326
1.9970
2.4666
2.0446
2.2971
1.5591
1.9032
1.8927
2.0443
2.2660
1.8904
2.0683
1.8471
1.6082
1.8023
1.7744
1.5432
1.4813
1.6523
1.7532
1.9962
1.5977
1.7245
1.6328
1.7265
1.6122
1.7612
1.7786
1.7051
2.0628
1.9778
2.1958
1.8368
1.5365
1.5506
1.6372
1.5920
1.9078
1.8139
1.8807
1.7737
2.0803
1.9532
1.7957
2.0212
1.7295
1.5261
1.8222
2.0233
2.0530
1.9630
1.9828
2.1730
1.7748
1.9839
1.8148
2.1365
1.7388
1.5846
1.7846
1.7912
1.6510
1.6434
1.9995
2.0902
2.0596
1.7497
1.9564
1.8003
1.8071
1.9397
1.6030
1.8423
1.4277
1.6856
1.6687
1.7699
1.6580
1.5551
1.9224
2.1035
2.0504
1.9360
2.0879
1.9448
2.1421
1.8668
1.5523
1.7481
1.6367
1.5383
1.9354
1.5566
1.6757
1.3949
1.7540
1.8578
1.8427
1.7705
1.6662
1.5982
1.7126
1.4856
1.7392
1.3628
1.6280
1.9294
1.5622
1.9997
1.7512
1.5612
1.8895
1.8643
1.5451
1.4619
1.4029
1.3432
1.2350
1.6168
2.3301
1.9462
1.9955
2.2634
1.8169
1.6155
1.7578
2.0130
2.0271
1.7647
2.2091
1.8377
1.9115
2.0732
1.8465
1.5956
1.9239
1.4355
1.5927
1.6426
1.7295
2.0416
2.0550
2.0905
2.0200
2.1327
1.7922
1.8473
2.6158
2.4903
2.0198
1.6889
1.8806
1.8295
1.8230
2.0583
1.7464
1.6720
1.4958
1.6429
1.6022
1.6654
1.7177
1.7821
1.7580
1.7002
1.6533
1.5565
1.7789
1.7615
1.5125
1.7327
1.6628
1.7697
1.6555
1.8699
1.6714
1.7484
1.5483
1.6020
1.7488
2.0426
1.7882
1.8377
1.6627
1.9172
1.5821
1.9554
1.8520
1.9936
2.2448
2.0797
1.9803
1.8843
1.9293
2.2068
2.1616
2.1351
2.1079
2.2858
2.5031
2.1243
2.5975
2.3631
2.4834
2.6120
2.8430
2.6912
2.3976
2.1655
2.1138
2.2221
2.4484
2.3908
2.6048
2.1805
2.4559
2.1200
2.1654
2.0139
1.6439
1.6606
1.9644
2.1281
2.0102
1.7519
2.1233
2.0944
2.1702
2.2681
1.7634
2.1044
2.2756
1.9430
1.8520
2.0599
1.8902
2.2773
2.2823
2.2881
2.0627
2.0935
2.3410
2.4089
2.3595
1.9834
1.8605
1.8114
1.8120
1.5234
1.5215
1.5805
2.0014
2.1461
1.9666
2.4499
2.0683
1.8884
1.9463
1.8280
1.9688
1.8838
1.8778
1.9795
1.6120
1.6587
1.8723
1.8200
2.2176
2.1041
1.6264
2.1769
2.2849
1.7773
2.1939
1.9434
2.3525
1.9824
1.9665
1.7451
1.9935
1.7486
1.8653
1.7811
1.6546
1.8283
1.8549
1.9606
2.1241
1.8832
1.8679
1.7136
1.9923
2.2120
1.8626
1.6770
2.0134
2.1605
2.3495
2.3291
2.2026
2.1544
1.8523
1.8116
2.0225
1.7826
2.0240
2.2804
1.7935
2.0538
2.0449
1.9358
1.9402
2.0095
2.5930
2.1611
2.3833
2.3774
2.2505
2.1957
2.0374
2.0649
2.0592
1.8749
1.6869
1.9185
1.7781
1.7247
1.7760
1.6730
2.0866
1.5568
1.9158
1.8042
1.7954
1.8364
1.9940
1.7864
1.7506
2.0598
1.7991
1.9276
1.6871
1.8620
1.8416
1.9863
1.6877
1.7422
1.8494
2.1080
2.1332
1.9974
1.9852
1.9290
1.8374
2.0509
1.8711
1.8868
1.9199
1.9231
2.0547
1.9588
1.9258
1.7283
1.9095
1.5422
1.6720
1.8557
1.8767
1.7974
1.8345
1.7243
1.8091
1.6267
1.6015
1.6746
1.5007
1.8886
1.9766
1.6740
1.7420
1.9948
1.8168
2.1233
1.7799
2.3483
1.7342
1.6041
1.5459
1.6064
1.5759
1.6728
1.9115
1.7193
1.8923
1.8566
1.9059
1.9422
1.7649
1.6653
1.6131
1.9707
1.7207
1.7955
1.9270
2.0792
2.1604
2.5502
2.3213
2.4519
2.1026
2.1425
2.1541
1.9628
2.2575
1.9173
2.2566
2.0339
1.9563
2.0026
2.1742
2.1074
2.0382
1.8262
1.6311
2.0409
1.7393
1.4700
1.3861
1.7771
2.0700
2.0827
2.2744
1.8282
1.8814
2.1365
2.2704
1.8412
1.8416
1.9260
1.7961
1.9180
1.7558
1.7882
1.5771
1.4733
1.5989
2.1051
1.7849
1.9065
1.7428
1.8481
1.4953
1.9017
1.5751
1.7953
2.0142
2.4007
2.8592
2.3094
2.4227
2.4540
1.7445
1.8937
2.1100
2.1127
2.1983
1.9832
2.0584
1.7735
2.1794
2.0220
1.7375
1.8330
2.0997
2.1748
2.2094
2.1157
2.1708
2.2793
2.2788
2.0210
2.2208
2.2226
2.3582
1.9146
2.1115
2.1931
2.3533
2.2141
2.4881
2.1123
2.1111
1.7746
1.8984
1.5005
1.6401
1.6110
1.8082
1.5586
1.3799
1.6126
1.6798
1.5306
1.6334
1.4685
1.5738
1.3868
1.8698
2.0630
2.0766
1.8676
2.2272
2.2729
1.7446
2.4895
2.4265
2.2874
2.4157
2.4658
2.4982
2.3163
2.3495
1.8331
1.7234
1.8244
1.4411
1.6086
1.6281
1.5886
1.4818
1.6019
1.9508
1.7702
1.9404
2.0003
1.8757
1.4953
1.9766
1.6404
1.5147
1.7741
1.4549
1.2214
1.3307
1.6064
1.8132
1.3804
1.5690
1.3595
1.2879
1.6416
1.5303
1.5052
1.4305
1.6101
1.6360
1.4873
2.0209
2.1281
1.8143
2.6113
2.1507
1.8781
2.0684
2.0327
1.8845
2.2119
1.8845
2.1776
2.1413
2.0430
1.8908
1.6910
1.6798
1.5105
1.6626
2.1428
1.8240
1.8351
1.9111
2.0099
1.7738
1.8900
1.7889
1.6677
1.7005
2.1483
1.6138
1.7882
1.8175
1.6925
1.9646
1.7286
1.7735
1.5112
1.7372
1.8679
1.6471
1.9338
2.1738
2.1385
1.9542
1.6407
1.6566
1.9661
1.8548
1.8925
1.9868
1.6174
1.9485
1.7690
2.1386
2.0744
2.3300
1.8705
1.7590
1.9221
1.6116
2.1069
1.4982
1.9569
2.0660
2.0593
1.8144
1.6079
1.7243
1.5281
1.7960
1.7157
1.8643
2.0973
1.8997
1.7833
1.6850
1.9301
1.7649
1.9753
2.0214
2.0573
1.9844
2.0383
2.2112
2.1535
2.1671
2.0573
2.1857
2.1716
2.2134
2.2854
2.2477
2.1537
1.8184
2.2014
2.0158
1.9970
2.0873
1.9497
2.0306
2.1592
1.9067
1.9839
1.9159
1.7400
1.7826
1.6292
1.6686
1.7945
1.9632
1.6858
2.4129
1.9464
1.8989
1.6847
1.7333
1.6450
1.7367
2.1902
2.1496
2.1607
2.1934
2.0733
1.8403
2.0543
2.4022
1.9835
2.1414
2.3611
1.8565
1.9618
2.0740
1.8306
1.7938
1.7615
1.8300
1.7836
1.8400
1.7518
1.7925
1.5050
1.5543
2.1728
1.6560
1.7972
2.1040
1.6915
1.8906
1.9763
1.9806
1.8648
2.1506
2.0395
1.8162
1.7937
2.4170
2.2343
1.8235
2.1453
2.2570
2.0272
2.3244
1.7777
2.0531
1.9033
2.0611
2.3264
1.8092
1.9610
2.2353
2.3962
2.2366
2.5481
2.5042
2.5428
2.0987
1.8387
2.1344
1.5730
2.0107
2.1350
1.9782
1.7393
2.2708
1.7800
2.0529
1.8834
2.0727
2.0703
2.0669
2.2882
1.8263
1.6180
1.4727
2.0387
1.9232
2.2089
1.9589
1.9659
2.2852
2.0238
1.9431
2.1285
1.9186
2.0637
2.0603
2.1636
2.0897
2.3423
2.4850
2.3392
2.3834
2.3205
2.2544
2.5628
2.4220
2.5635
2.8148
2.3247
2.2517
2.1442
2.6844
2.2949
3.0861
2.4727
2.2833
1.7580
1.9912
2.3554
2.3233
1.8420
1.8863
1.9816
1.8210
2.0878
2.0484
2.2842
2.0551
1.9176
2.3096
2.2733
1.8847
2.5663
2.6019
2.7792
2.9036
2.7157
2.8141
2.9134
2.7259
2.6974
2.8943
2.4753
2.2668
2.0368
1.8840
2.7043
2.9989
2.8893
2.5867
2.6082
2.6446
2.6323
2.6380
2.8577
2.7875
2.7101
2.5952
2.6011
2.5783
2.6116
2.5266
2.9882
2.5317
2.6386
2.9650
2.5148
2.4332
2.6633
2.4036
2.3561
2.0969
2.4272
3.0525
2.6729
2.3127
2.6105
2.3012
2.8953
2.2661
1.9980
2.0848
2.0063
2.7585
3.0853
3.1528
2.5314
2.5032
2.5643
2.8520
3.2333
2.8230
2.4862
2.5031
2.0922
2.1798
1.8584
2.0529
2.4133
2.1598
2.4978
2.5669
2.2493
2.2948
2.1018
2.2648
2.3751
2.3922
2.4948
2.3421
2.2160
2.3623
2.1461
2.1332
1.9405
2.5384
2.3443
1.8419
1.9127
2.0815
1.9529
1.8313
1.6548
1.7913
1.7445
1.6984
1.3506
1.6221
1.6504
1.6200
2.0736
2.1202
1.7628
1.9538
1.9144
1.9341
2.0102
2.4286
2.5920
2.2824
2.4933
2.2926
2.5914
2.2745
2.0066
2.4083
2.5676
2.1637
2.3934
2.0096
2.0469
2.3506
2.2276
1.8833
2.5000
2.6547
2.4179
2.5014
1.9640
2.2240
2.4933
2.6003
2.7716
2.6659
2.2290
2.1731
2.0277
2.2395
2.2961
2.3136
2.7629
3.1060
2.5277
2.3428
2.5374
2.2945
2.5039
2.0749
2.4105
2.6407
2.4592
2.2345
2.4123
3.1729
2.7397
2.0514
2.1523
1.9856
2.2588
2.3482
2.1202
2.1901
2.4872
2.4837
2.4143
2.1306
1.8497
2.0061
2.2613
2.8475
2.5208
2.3626
2.6926
2.6174
2.5614
2.1620
1.9522
2.0614
2.0614
2.3568
2.4834
2.1577
2.1660
2.4126
2.6427
2.7101
2.6318
2.4807
2.3196
2.4410
2.6402
2.4046
2.6508
2.5374
2.5928
2.2677
2.1807
1.8460
2.4022
2.5679
2.4467
1.9713
2.2747
2.2494
1.9866
2.4721
2.1476
1.6505
1.9473
1.8552
2.3156
2.0362
2.5387
2.1319
2.1608
2.0277
1.8536
1.8896
2.1751
1.6115
2.2387
1.9116
2.3465
1.9982
2.0331
2.1566
1.8425
2.1763
1.9289
2.1449
2.4991
2.7099
1.9338
2.1305
2.1590
2.0599
1.5706
1.4477
1.6895
1.8765
1.5589
1.6012
1.7268
1.6632
1.8769
1.7595
2.0471
2.3367
1.6435
1.8963
1.9655
2.0896
1.4718
1.8224
1.8389
2.2244
2.0213
1.7793
1.8641
1.7912
2.4339
2.2608
1.8603
2.2580
1.9391
2.0702
2.2974
2.3771
2.1852
1.9540
2.1900
2.1776
2.0652
2.2213
2.3825
2.0901
2.1673
2.3261
2.0281
2.5256
2.2729
2.4383
2.3503
2.2770
2.4266
2.3542
2.4202
2.4016
2.4731
2.4602
2.4836
2.3152
2.3792
2.3833
2.5691
2.4930
2.3767
1.4029
2.1082
2.0163
2.1195
2.1640
2.1834
2.2402
2.1789
1.8725
2.2524
1.8741
2.4469
2.3614
2.7314
2.5140
2.5270
2.1060
2.2263
2.0263
2.1834
1.9694
2.1001
1.7344
2.4078
2.5766
2.2636
2.6414
2.8859
2.8930
3.1560
2.8409
2.8709
2.5296
2.8646
2.8734
2.8329
2.0043
2.3043
2.1813
2.3172
2.1347
2.3177
2.4436
1.8782
2.1185
1.7825
2.3088
2.2989
1.8894
1.9516
2.1099
2.6283
2.5675
2.7894
2.7758
2.9471
2.9059
2.2897
2.4814
2.5588
2.5396
2.6512
2.6762
2.8661
2.3740
2.2802
2.2879
2.1977
2.2515
2.5711
2.5246
2.5418
1.8181
2.1979
2.5217
2.3332
2.4052
2.4094
2.0543
2.2832
2.1762
2.5081
2.0961
1.9604
2.0413
2.2584
2.1283
2.3083
2.7250
2.4447
2.3553
2.2486
2.5214
2.6567
2.8328
2.5018
2.5925
2.7337
2.4077
2.4714
1.9698
2.5460
2.3133
1.8588
2.0384
2.2237
2.3992
2.5080
2.0500
1.9363
1.9090
2.4136
2.2974
1.8494
2.2812
2.2629
2.2272
2.3126
2.4238
2.5065
2.3520
2.7798
2.2329
2.1608
2.2011
2.5472
1.9641
1.7459
2.0667
1.8626
1.9061
2.0501
2.0687
1.9127
2.3201
2.1130
1.6053
2.2353
2.2524
1.9772
1.8098
1.5667
1.6506
2.0705
1.8496
1.9150
1.6416
2.0683
1.9765
2.0061
2.0312
2.0747
2.1279
2.3892
2.4980
2.5999
2.1341
1.9745
2.2578
2.6401
2.2910
2.2904
2.0228
1.7673
1.9002
2.2152
2.0669
2.5807
2.6310
2.3823
2.1652
2.4477
2.0704
1.7708
2.3371
1.9684
2.0091
2.5843
3.0504
2.5785
2.0397
1.8868
2.4758
2.1492
2.5212
2.5369
2.6598
2.4699
2.1151
2.0942
2.1913
1.9374
1.9357
1.9340
2.0623
2.2901
2.0824
1.8899
2.2250
2.4891
2.3441
2.2742
2.3054
2.4200
2.6841
1.7348
2.5519
2.2141
2.5188
2.0253
2.0989
1.7526
1.6600
2.0482
2.1166
2.1453
1.8500
1.9679
2.1881
1.9971
2.5219
1.8210
2.3186
2.1498
2.4277
2.5054
2.2465
2.2089
2.3921
2.5924
2.6044
2.7276
2.0840
2.2413
2.4470
2.5058
2.0480
1.8705
2.1475
2.0600
2.4268
2.7507
2.7152
2.4440
2.2923
2.4600
2.3874
2.4616
2.7614
2.4570
2.8651
2.5959
2.8338
3.0445
2.3660
2.4355
2.6063
2.7525
2.7847
2.6164
2.5262
2.7567
2.8293
2.6738
2.3198
2.3341
2.1405
2.2206
2.0358
2.2575
2.2622
2.2247
2.5457
2.6567
2.6795
2.6160
1.9890
2.0775
2.1365
2.0922
2.4306
2.0566
2.1128
2.4432
2.2733
2.5700
2.3703
2.4065
2.3749
2.6387
2.5231
2.7769
2.8247
3.1698
2.3112
2.5980
2.6684
2.6626
2.5468
2.2521
2.6708
2.4336
2.4037
2.3809
2.4729
2.9244
2.5853
2.2835
2.4670
2.6813
2.5840
2.7563
2.1394
2.3591
2.1797
2.3367
1.6909
2.6043
2.9707
2.8111
3.0097
3.1068
2.7941
2.5135
2.5038
2.2531
1.8520
1.9859
2.1629
2.1480
2.4829
2.3605
2.1058
1.9627
2.4188
2.3188
2.2595
1.6333
2.0788
2.0072
2.1025
1.8674
1.8247
1.9593
2.2002
2.0561
1.6883
1.8853
1.8610
1.8800
1.4017
1.6846
1.7196
1.6602
1.6275
1.9342
1.6305
1.7632
2.0640
1.9315
1.7071
1.9308
2.1470
2.1180
1.9551
1.4976
1.5627
1.8620
1.8664
1.5978
1.8119
2.2967
1.7169
2.0123
2.0205
2.2140
2.0246
2.1303
2.0532
1.7414
1.8612
2.0043
2.0981
1.6207
1.9419
1.8700
2.0728
2.1607
2.1192
2.0972
1.6322
1.6774
1.5020
1.6008
1.6807
1.7057
1.8744
1.9504
1.8858
2.0074
1.7113
1.6999
2.0366
2.1950
1.9518
2.0720
1.7916
1.8950
1.7079
1.9063
1.9555
2.0627
1.9285
2.3124
2.2855
1.9075
2.0941
1.7748
1.9140
2.0089
1.9357
2.0214
2.0972
2.1376
2.1531
2.0498
2.3605
1.9282
2.1718
1.9136
1.7595
1.7325
1.7631
1.6869
1.5959
1.8636
1.5848
1.7145
1.7697
1.7444
1.9799
1.9335
1.6513
2.2814
2.3034
2.4325
2.6787
2.0854
1.9709
2.2766
2.3083
2.4726
2.8210
2.7838
2.5138
2.4722
2.5373
2.1994
2.3553
2.1697
2.1688
2.6043
2.5316
2.8674
2.5181
2.5391
2.6951
2.0243
1.8040
2.3277
2.4100
2.3670
2.2197
2.4269
2.4138
2.1569
2.5031
2.1252
2.2453
1.8543
1.5650
1.7972
1.8275
2.2918
2.0528
2.0087
2.1324
2.2419
1.9079
1.8226
2.0751
2.0092
2.1596
1.5193
1.8261
1.9119
2.1246
1.3940
1.6052
1.7799
2.1512
1.9341
2.0615
1.8238
2.0561
2.2426
2.0948
2.2265
2.2740
2.1058
2.0937
2.2054
2.6022
3.0961
2.3395
2.4499
2.6786
2.3397
2.3049
2.5238
2.4130
2.5884
2.7918
2.6173
2.4214
2.8092
2.6316
2.7583
2.6891
2.5384
2.4174
2.5254
2.4132
2.1104
2.7352
2.2614
2.5252
2.3344
2.3896
2.7565
2.4288
2.8215
2.4488
2.6466
2.5738
2.4406
2.3851
2.6098
2.4155
2.5386
2.6858
2.6068
2.3500
2.3276
2.1985
2.1196
2.4223
2.7097
2.8110
2.6807
2.5235
2.2297
1.9148
1.6979
1.8944
1.8139
1.8971
1.7737
1.6994
2.1514
1.6992
2.1064
1.9925
1.9857
1.9925
2.0035
1.8891
2.1351
2.2977
2.4767
2.6205
2.3614
2.0497
2.3348
1.7835
1.8153
1.9188
