2.7956
2.4903
2.5350
2.9253
3.1106
2.7533
2.7513
2.7419
2.3115
2.3928
2.4860
2.3461
1.7713
1.7743
1.8647
2.1791
1.9543
1.9685
1.7978
1.9983
2.0138
1.8639
1.6654
1.7106
2.0540
1.6259
1.7379
2.0786
2.0349
2.2642
1.8122
1.9045
2.2363
2.0822
2.2749
2.4360
2.3315
2.2712
2.4660
2.6948
2.6392
2.7992
2.7397
2.4662
2.3029
1.7843
1.6164
1.7315
2.1555
1.6359
2.1341
1.8118
1.3832
1.6545
1.5111
1.5568
1.6546
1.7007
1.1096
1.7152
1.4942
1.4221
2.0069
2.2425
2.0296
2.0238
2.2558
2.2811
2.2782
2.5189
2.1381
2.2831
2.5478
2.5512
2.6353
2.3389
2.8852
2.4937
2.2532
2.0652
1.8488
1.8100
2.2906
2.0927
1.8535
2.2498
2.2013
2.3743
2.4559
2.5252
2.1083
2.2761
2.2709
2.5573
2.5269
2.5452
2.4622
1.9795
2.4770
2.1959
2.4208
2.1968
2.1173
2.2788
2.0216
2.3460
1.7134
1.9381
2.0880
2.1036
1.8218
1.9789
1.7715
1.9000
2.2449
2.0445
1.5995
1.4222
1.2949
1.2765
1.2987
1.4505
1.7793
1.6830
1.6887
1.7983
2.1593
2.1968
2.1072
1.8673
2.2017
2.2667
2.2805
2.0382
2.2585
2.6113
2.2104
2.3526
2.3887
2.2274
1.8998
1.8578
1.9990
2.0488
1.9760
1.9278
1.8448
2.3413
2.2438
2.0420
2.1527
2.0593
2.1337
2.3958
2.1650
2.0276
2.0555
2.2561
2.3572
1.9987
1.8426
2.1145
1.9191
2.0806
1.8376
2.0454
2.0894
1.9217
2.1254
1.7107
2.2000
1.8294
2.1158
1.7804
2.2369
2.1797
2.3070
2.2664
2.4837
1.9955
2.1329
2.1799
2.4282
2.2322
2.0308
1.9077
2.2427
2.3146
2.2268
2.1968
1.8722
2.2562
2.4489
2.7414
2.6699
2.4956
2.2828
2.0390
2.4848
2.5101
2.1379
2.1963
2.2469
2.3220
2.2718
2.3041
2.4482
2.3985
2.5232
2.1112
2.4585
2.4239
2.4342
2.6992
2.7684
2.8974
2.9390
2.6275
2.7773
2.9248
2.8887
2.4543
2.6584
2.8149
2.6125
2.6459
2.4945
3.0878
3.0610
3.2861
3.3758
2.9471
2.7885
3.3475
3.0152
3.1170
3.4896
3.0247
2.8213
2.8121
2.9424
3.0081
3.2232
3.1608
2.9602
3.3010
3.2878
3.1692
3.5178
3.1348
2.8443
3.3289
2.8427
3.3109
3.3429
3.2153
3.1055
2.9024
2.9985
2.8314
2.8226
2.6342
2.6782
2.7793
2.5901
2.6855
2.9264
2.9841
2.9083
3.1641
2.9364
2.8127
2.3271
2.5895
2.5813
2.5598
2.7584
2.9829
3.1892
2.7629
2.7126
2.6058
2.7040
2.9009
3.0850
2.8539
2.8096
2.7793
2.5145
2.8087
2.9201
2.7789
2.6769
2.8182
3.0406
2.7387
2.8128
2.7275
2.8880
3.0493
3.0581
2.7790
2.7829
2.9122
2.8685
2.8837
2.7221
2.7800
2.4567
2.7326
2.5149
2.6053
2.7544
2.7939
3.0133
2.5881
2.6533
2.8319
2.8324
3.1249
2.9728
2.5996
2.7338
2.5667
2.5436
2.7470
2.4815
2.3534
2.7020
2.5037
2.9818
2.5439
2.6856
2.6948
2.6663
2.4462
2.8300
2.5809
2.6310
2.5492
2.4799
2.4139
2.6855
2.7829
2.7759
2.6882
2.7634
2.8019
2.4632
2.4703
2.1800
2.4926
2.7063
2.5120
2.5486
2.6263
2.6855
2.8385
3.0293
2.5516
2.7216
2.2803
2.5794
2.9207
2.6580
2.7385
2.2729
2.4192
2.4224
2.3949
2.5682
2.3462
2.8606
2.2835
2.6605
2.4290
2.2286
2.1443
2.1992
2.5216
2.1910
2.6676
2.4852
2.4186
2.2751
2.1455
2.3758
2.3937
2.3497
2.2189
2.3977
2.7358
2.3570
2.2829
2.3801
2.5230
2.4188
2.3924
2.4194
2.2247
2.5801
2.2040
2.1490
2.5244
2.3825
2.6240
2.7403
2.5226
2.4258
2.4674
2.5305
2.7100
2.4239
2.8447
2.7526
2.6137
2.7676
2.7298
2.5388
2.5131
2.3628
2.5517
2.6524
2.5569
2.8390
2.6810
2.6815
2.5489
2.5589
2.2917
2.1883
2.7868
2.5543
2.1631
2.0293
2.8416
2.6792
2.4705
2.7246
2.6854
2.2780
2.6816
2.2046
2.4838
2.3292
2.3730
2.3654
2.0563
2.5464
2.3082
2.5746
2.0539
2.1561
2.5859
2.2638
2.4379
2.3598
2.3623
2.2860
2.2739
2.2888
2.1062
2.3949
2.2949
2.2942
2.3164
2.3771
2.2264
2.3415
2.1282
2.2142
2.3843
2.2161
2.0415
2.4459
2.3905
2.2438
2.7955
2.4770
2.7395
2.2802
2.2885
2.2959
2.4347
2.2686
2.5201
2.6813
2.6156
2.4409
2.7651
2.6774
2.7271
2.4782
2.4003
2.0008
2.1972
2.4285
2.5864
2.4833
2.5632
2.4503
2.5433
2.4527
2.6969
2.5097
2.5871
2.7351
2.6174
2.6616
2.7765
2.6042
2.5063
2.6035
2.6839
2.2618
2.7950
2.7373
2.6183
2.3853
2.4663
2.4721
2.4773
2.4544
2.8201
2.8487
2.7066
2.6654
2.3810
2.5511
2.9762
2.6230
2.6811
2.3345
2.4383
2.1662
2.2540
2.4301
2.2722
2.0364
2.3553
2.3864
2.3986
2.3778
2.1046
2.6287
2.2071
2.1567
2.3836
2.3730
2.4294
2.3373
2.3676
2.3391
2.3024
2.3646
2.4493
2.1496
2.5037
2.2606
2.4930
2.3099
2.5785
2.2765
2.0380
2.0791
2.1335
2.2239
2.3507
2.7960
2.4543
2.8032
3.0657
2.5762
2.7229
3.0787
2.7836
2.8402
3.0368
2.7671
3.0649
2.5926
2.7357
2.9454
2.8825
2.4438
2.6703
2.4359
2.3494
2.5067
2.4880
2.5693
2.4433
2.3085
2.4149
2.4175
2.1869
2.4136
2.3768
2.4225
2.3114
2.2673
2.2116
2.3530
2.5565
2.5420
2.2679
2.1328
2.2346
2.1764
2.5087
2.0782
2.3948
2.2430
2.3723
2.3314
2.1670
2.6744
2.3521
2.5561
2.2591
2.5458
2.3360
2.2476
2.2595
2.3073
2.4493
2.7181
2.2827
2.4453
2.3998
2.6087
2.6701
2.5139
2.4468
2.5171
2.5396
2.6395
3.0338
2.8000
2.5548
2.2966
2.7156
2.3655
2.4449
2.3248
2.2405
2.2927
2.4351
2.3159
2.1913
2.1989
2.4373
2.3677
2.3196
2.0791
2.3496
2.4161
2.4568
2.6403
2.4901
2.4668
2.2121
2.3997
2.5157
2.5596
2.4021
2.3383
2.2802
2.1918
2.5360
2.4880
2.4390
2.2631
2.1635
2.4389
2.4868
2.3658
2.2799
2.6365
2.2561
2.2326
2.2951
2.2653
2.5389
2.6843
2.6612
2.3844
2.3790
2.1541
2.2816
2.1747
2.4419
2.3604
2.3104
2.6160
2.2693
2.1501
2.0115
2.5104
2.4733
2.3828
2.5409
2.2973
2.4298
2.5517
2.3805
2.2955
2.5765
2.8147
2.6215
2.6950
3.1523
2.9358
2.9097
3.0289
3.0069
2.7986
2.8009
2.6486
2.7732
3.0137
2.9244
3.4586
2.8418
2.6953
2.6462
2.9004
2.7052
2.5892
2.5620
2.7488
2.6784
2.7996
2.6472
2.5608
2.3994
2.7189
2.8567
2.4562
2.3420
2.6104
2.3721
2.1048
2.2577
2.3410
2.3105
2.2757
2.3179
3.0318
2.6458
2.7785
2.7348
2.4233
2.4384
2.6525
2.4467
2.6444
3.0204
2.7210
2.3628
2.3247
2.5461
2.4645
2.4072
2.3954
2.3481
2.7791
2.4077
2.8818
3.0477
2.6506
2.7392
2.6736
2.5022
2.7023
2.6275
2.4113
2.3603
2.3432
2.4172
2.4354
2.0578
2.1346
2.2817
2.6622
2.4206
2.3754
2.4178
2.7738
2.4004
2.3113
2.1738
2.5498
2.3938
2.2260
2.2181
2.4532
2.5582
2.1351
2.2530
2.1733
2.4022
2.0931
2.2130
2.3882
2.3206
2.3420
2.4840
2.2583
2.4911
2.2472
2.2319
2.1908
2.1735
2.1714
2.2239
2.1309
2.3477
2.3606
2.4175
2.3798
2.5606
2.3150
2.6072
2.3943
2.2869
2.4408
2.3665
2.3103
1.9233
2.1682
2.1253
2.2710
2.5318
2.3312
2.2240
2.4313
2.4113
2.3421
2.4646
2.5466
2.2705
2.4343
2.2135
2.0084
2.2442
2.1978
2.2738
2.2329
2.4796
2.4401
2.2826
2.1731
2.3810
2.3213
2.3467
2.4146
2.4457
2.4695
2.4002
2.1440
2.3031
2.0291
2.2968
2.2141
2.1380
1.9909
2.2428
2.3164
2.2618
2.3054
2.0382
2.0540
2.1969
2.2222
2.2967
2.2067
2.4312
2.1892
2.1939
2.1914
2.2852
2.0333
2.5882
2.4095
2.3195
2.5065
2.3033
2.4384
2.4441
2.3240
2.2790
2.3125
2.5011
2.3768
2.4835
2.5705
2.6388
2.4305
2.3385
2.5305
2.4193
2.4228
2.3750
2.2834
2.3970
2.4656
2.3846
2.1954
2.1932
2.1664
2.3959
2.2002
2.6042
2.3108
2.4651
2.3503
2.0744
2.0731
2.4168
2.6302
2.5597
2.7068
2.5108
2.2073
2.4698
2.5026
2.6355
2.3951
2.4758
2.3937
2.3610
2.3308
2.2598
2.3868
2.3966
2.1417
2.4021
2.5343
2.3328
2.5682
2.3988
2.3276
2.3143
2.1306
2.5624
2.4700
2.5366
2.1262
2.4041
2.5994
2.3079
2.6965
2.4285
2.5093
2.4299
2.4304
2.6567
2.8392
2.3922
2.5692
2.3578
2.3887
2.4336
2.0817
2.4306
2.2397
2.1944
2.4583
2.1843
2.4011
2.3194
2.7071
2.6242
2.7769
2.8524
2.4901
2.0915
2.2160
2.3949
2.1758
2.5083
2.2058
2.1716
2.4896
2.4954
2.4895
2.3618
2.3466
2.5104
2.2215
2.3253
2.5663
2.4523
2.5759
2.6047
2.6317
2.4513
2.6105
2.7901
2.6291
2.4461
2.5725
2.8427
2.3628
2.6483
2.4128
2.4237
2.6480
2.4088
2.5370
2.4729
2.2722
2.5868
2.2489
2.3681
2.5493
2.4582
2.3348
2.5861
2.4925
2.4355
2.4945
2.7661
2.3445
2.4935
2.7828
2.3922
2.4607
2.4635
2.3030
2.4238
2.8371
2.5941
2.4839
2.8143
2.6845
2.8129
2.6115
2.7579
2.8432
2.6397
2.7911
2.6672
2.3875
2.3516
2.6210
2.5539
2.6537
2.5388
2.7918
3.1938
3.0388
3.1086
2.6622
3.0270
2.7108
2.5584
2.8076
2.7803
2.4204
2.6832
2.9843
2.7982
2.6049
3.0019
2.9254
2.6648
2.5468
2.7068
2.8554
2.6134
2.9847
2.8427
2.6915
2.7520
2.7076
2.8227
2.9968
2.6593
2.4313
2.7547
2.5126
2.3261
2.3141
2.3020
2.1511
2.3697
2.3391
2.4916
2.4825
2.6101
2.4667
2.5244
2.6259
2.1897
2.5254
2.4455
2.4631
2.4155
2.6052
2.5295
2.5693
2.4327
2.7437
2.2394
2.5813
2.4668
2.5698
2.7744
2.5552
3.1630
2.9622
3.0466
2.6364
2.7346
2.8479
2.7116
2.5047
2.5193
2.8403
2.8773
2.7477
2.5940
2.4416
2.4652
2.4863
2.9577
2.6424
2.6938
2.6859
2.6176
3.1212
2.5436
2.8354
2.8687
2.5719
2.6359
2.6177
2.5137
2.7291
2.2821
2.6954
2.5208
2.4648
2.4507
2.6494
2.6366
2.7423
2.7416
2.8555
2.5946
2.8623
2.5262
2.5885
2.3260
2.2047
2.4046
2.4522
2.3251
2.1845
2.3016
2.6772
2.3197
2.2412
2.4969
2.5663
2.4622
2.5749
2.6330
2.9999
2.7948
2.6612
2.4941
2.5846
2.6842
2.5550
2.9217
2.5004
2.5887
2.6916
2.6092
2.6675
2.6317
2.4893
2.8231
2.6504
3.2876
2.5459
2.4829
2.6723
2.5644
2.7007
2.5851
2.7711
2.5546
2.7378
2.6207
2.9252
2.5106
2.5696
2.7436
2.8126
2.5801
2.4543
2.5147
2.5856
3.0216
2.6285
2.7195
2.8173
2.3708
2.5863
2.7704
2.6550
2.5256
2.8045
2.6667
2.6135
2.9596
2.5949
2.8734
3.0369
3.0605
2.8940
2.6852
3.0026
2.4912
2.6739
2.3197
2.5117
2.4321
2.6631
2.9212
2.4552
2.3678
2.2769
2.6774
2.7638
2.5035
2.6503
2.7343
2.5369
2.1935
2.6566
2.4041
2.4917
2.5614
2.4783
2.5615
2.4171
2.5679
2.1549
2.2876
2.3847
2.4197
2.3620
2.3266
2.5086
2.2220
2.3040
2.2958
2.5733
2.8380
2.4930
2.4515
2.5112
2.7015
2.6690
2.6178
2.6189
2.7351
2.5663
2.5796
2.6309
2.6407
2.4408
2.3052
2.5786
2.6567
2.3938
2.5749
2.4719
2.6639
2.4642
2.6302
2.7615
2.4263
2.6284
2.7139
2.9752
3.0888
2.7362
2.8739
2.9002
3.0687
3.2518
2.7773
2.8978
2.6578
2.6243
2.7553
2.5761
2.7863
2.6602
2.7972
2.4840
2.7860
2.6848
2.4401
2.4016
2.4841
2.6168
2.1850
2.2257
2.3956
2.3385
2.2135
2.3470
2.8682
3.2858
2.9877
2.8633
2.6559
2.3795
1.6824
2.3140
2.2507
2.6125
2.5280
2.1630
1.9185
2.2532
2.4939
2.7621
2.5606
2.7822
2.0978
2.4937
2.6212
2.3471
2.2950
2.1259
2.2971
2.2091
2.3466
2.2453
2.5321
2.6965
2.8130
2.4282
2.7593
2.2040
2.3137
2.6239
2.3672
2.1726
2.1715
2.5321
2.4937
2.4663
2.5729
2.5593
2.6937
2.3969
2.7685
2.4761
2.3721
2.4281
2.4389
2.3769
2.5409
2.1031
2.3334
2.2731
2.1137
2.1550
1.9557
1.9336
2.2501
1.6651
1.5948
2.1661
2.1130
2.1754
2.3465
2.3278
2.2515
2.2847
2.1104
2.3175
1.9425
2.0145
2.5778
2.1788
2.3689
2.3083
2.1999
2.3464
1.9591
1.9322
2.0847
2.1483
2.5600
2.8824
2.4737
2.5657
2.6817
2.8388
2.2833
3.0832
3.0346
3.1129
3.0356
3.3963
2.8940
2.9093
2.8206
2.6522
2.6135
2.6095
2.5702
2.9171
2.7419
2.4473
2.5316
2.7688
2.2501
2.6481
2.5663
2.5560
2.7185
2.8586
2.5927
2.6024
2.6479
2.8713
2.6443
2.6179
2.4210
2.4930
2.4610
2.2959
2.3534
2.3056
2.9402
2.9519
2.6758
2.3083
2.9422
2.3314
2.3623
2.3687
2.7387
2.5236
2.8752
2.6315
2.7698
2.3848
2.0645
2.3802
2.6326
2.6688
2.3938
2.2995
2.4001
2.3759
2.2883
2.0797
1.9125
2.0149
2.0373
2.1629
2.3696
2.1962
2.2887
2.4821
2.1032
2.1881
2.4326
2.4139
2.3657
2.1571
2.0388
2.1342
2.2953
2.1824
2.0501
2.2465
2.3895
2.7803
2.2883
2.2995
2.4545
2.3541
2.6043
2.6856
2.3421
2.1301
2.6576
2.5416
2.6017
2.6712
2.8730
2.2482
3.0598
3.0415
2.6850
2.7755
2.5319
2.7140
2.1357
1.9628
2.1445
2.0053
1.9482
2.1707
1.7780
2.0756
2.2346
2.2648
2.1595
2.0936
2.2095
1.9012
1.6214
2.1820
1.9901
2.4911
2.1044
2.2198
1.8622
2.0800
2.1379
2.7226
2.6155
2.3818
2.4305
2.3029
2.3225
2.1553
2.1797
2.1292
2.5812
2.0130
2.1344
1.8868
1.9954
2.0144
2.4536
2.3733
2.1474
2.2449
2.4907
2.6310
2.1305
2.5318
2.2464
2.7500
2.9348
2.5580
2.7649
2.9147
2.8891
2.7186
2.9679
2.5300
2.1713
2.4380
2.4823
2.6258
3.0952
2.5041
2.8827
2.5633
2.3274
2.2913
2.0226
2.3705
2.0896
2.3756
2.5258
2.2983
2.5107
2.6387
2.6093
2.5639
2.7137
3.1209
2.8381
2.9029
2.7648
2.6541
2.4885
2.3740
2.5376
2.8280
2.2911
2.8588
2.7248
2.7785
2.6324
2.5372
2.6863
2.5925
2.4564
2.5878
2.5040
2.4805
2.8551
2.7742
2.7169
2.4791
2.4682
2.3530
2.6946
2.6865
2.7731
2.6444
2.6947
2.7372
2.6071
2.6410
2.8161
2.3483
2.8513
2.7064
2.5714
2.6768
2.6809
2.6035
2.7502
2.8681
2.9078
3.1941
2.9780
2.9510
2.8276
2.7142
3.0002
3.0681
2.9006
2.8400
2.9256
3.0021
2.8418
2.8507
3.1115
3.0602
3.0750
2.9676
3.3167
2.5546
2.8088
2.6364
3.0860
2.9804
2.9067
2.7479
3.0908
2.8497
3.0274
2.8258
2.7710
2.5906
2.5998
2.5618
2.7040
2.6404
2.7624
3.1778
2.9510
2.6162
2.4440
2.6787
2.3601
2.5739
2.8166
2.7639
2.6177
2.6276
2.6601
2.5879
2.6762
2.5693
2.6007
2.5117
2.5487
2.4476
2.4315
2.5259
2.4866
2.5181
2.4730
2.1762
2.3530
2.3158
2.6510
2.5485
2.5074
2.5077
2.4540
2.4560
2.4341
2.5190
2.3557
2.4897
2.5007
2.5298
2.3912
2.2495
2.3974
2.0820
2.3575
2.2314
2.1576
2.4080
2.4410
2.3831
2.2410
2.3938
2.6192
2.2833
2.7290
2.6448
2.6773
2.6313
2.4953
2.5655
2.5618
2.3870
2.5511
2.4023
2.4597
2.7212
2.6131
2.3718
2.7317
2.3521
2.8032
2.8285
2.5236
2.3142
2.5152
2.4159
2.6024
2.2839
2.4219
2.5684
2.7135
2.4505
2.5727
2.4595
2.6959
2.1833
2.5529
2.4158
2.3629
2.4455
2.2376
2.4956
2.5205
2.8660
2.8817
2.6212
2.6365
2.9612
2.3921
2.1842
2.3146
2.2065
2.2655
2.1691
2.2663
2.5418
2.6264
2.8603
2.6759
2.9481
2.8338
2.7787
2.4771
2.5135
2.7015
2.8291
2.3198
2.4217
2.3265
2.6736
2.8222
2.2990
2.3119
2.4794
2.2636
2.5334
2.4367
2.0618
2.0716
2.3074
2.3832
2.2751
2.3327
2.1822
2.3457
2.3266
2.3097
2.3130
2.1232
2.2759
2.2389
2.2662
2.2499
2.5814
2.4890
2.4117
2.3357
2.2568
2.6746
2.7866
2.4500
2.8121
2.9381
2.2656
2.4697
2.5206
2.7008
2.6051
2.4565
2.5592
2.5528
2.3339
2.4906
2.3992
2.3251
2.6337
2.8393
2.7057
2.6836
2.5413
2.7312
2.3641
2.3095
2.6306
2.9631
2.6316
2.6825
2.8923
2.7594
2.5135
2.6036
2.5528
2.2278
2.4697
2.5893
2.5380
2.4762
2.4867
2.4988
2.5374
2.6241
2.7594
2.9912
2.9457
2.9100
3.0466
2.7687
2.9356
2.8276
2.9819
2.6324
2.7263
2.6693
2.8260
2.8656
3.0373
3.0698
2.3576
2.2750
2.3147
2.6513
2.9991
2.8845
3.0353
2.8830
2.6727
2.8757
2.8549
2.9550
3.4771
2.7873
2.6161
2.7244
2.6424
2.7431
2.3468
2.9059
2.8183
2.9190
2.8433
3.0170
2.8929
2.7359
2.7754
2.7789
2.5767
2.7897
2.5239
2.3498
2.5828
2.7402
2.9413
2.7954
2.7116
2.9771
2.4479
2.4514
2.1644
2.1855
2.3791
2.4413
2.7241
2.6460
2.4630
2.5053
2.3050
2.5085
2.2898
2.2560
2.4259
2.7015
2.5098
2.6063
2.4559
2.2977
2.4486
2.3830
2.5689
2.1311
2.3169
2.4857
2.4862
2.6239
2.6461
3.0497
2.8345
2.9260
2.4791
2.2208
2.5068
2.8025
2.6763
2.5179
2.5725
2.6414
2.7131
2.4583
2.2649
2.3953
2.5018
2.2139
2.3498
2.5788
2.3666
2.6359
2.6110
2.4885
2.3582
2.4434
2.6136
2.7137
2.2871
2.5893
2.5855
2.6412
2.8519
3.0191
2.8249
2.6974
3.2256
2.7794
2.8618
2.7103
2.7356
2.2461
2.5763
2.4540
2.1803
2.5474
2.3910
2.3904
2.4866
2.5937
2.3228
2.4483
2.1933
2.1427
2.0585
2.0245
2.2825
2.2746
2.0262
2.2037
2.5199
2.4634
2.3577
2.8245
2.2228
2.1828
2.1979
2.3007
2.6124
2.5299
2.5152
2.5621
2.1808
2.2896
2.2450
2.3750
2.1455
2.3846
2.1870
2.3181
2.6213
2.2276
2.4636
2.8171
2.3882
2.7907
2.4695
2.6235
2.9190
3.0001
2.6983
2.6246
2.3950
2.3734
2.4721
2.4892
2.5070
2.6983
2.7433
2.6919
2.6146
2.8052
2.7426
2.3652
2.8648
2.9760
2.7170
2.9065
3.0930
2.9352
2.8280
2.9125
3.0758
3.3380
2.9817
2.9583
3.0660
3.0790
3.4538
3.3091
3.6307
3.8326
3.4073
3.3393
3.2042
3.2003
2.8293
2.7479
3.0411
2.7520
3.0943
2.7772
3.1186
3.0953
3.0570
3.2755
2.9264
2.8030
3.1499
3.4835
3.0955
3.2239
3.1671
2.8409
2.7332
2.9215
2.7866
2.6599
2.8092
2.5772
2.5205
2.3462
2.2886
2.3290
2.6535
2.6269
2.5998
2.4973
2.3116
2.5380
2.6025
2.1263
2.2977
2.3433
2.3976
2.4906
2.1626
2.3333
2.3390
2.4369
2.1111
2.2216
1.8335
1.9536
2.2955
2.2182
2.6239
2.5405
2.5871
2.5189
2.5716
2.8447
2.4922
2.6506
2.7710
2.5934
2.6448
2.4010
2.6622
2.7433
2.6718
2.5991
2.7211
2.6440
2.7038
3.0006
3.0144
2.8292
2.6784
2.9466
2.8115
2.8661
2.6336
2.8720
3.0771
2.9021
2.6990
2.8926
3.0414
2.9210
2.9430
2.7762
2.7082
2.6145
2.6765
2.4685
2.4237
2.5793
2.6288
2.6112
2.5195
2.3097
2.4922
2.9300
2.6772
2.6097
2.7749
2.6805
2.5366
2.4111
2.5623
2.1819
2.5002
2.2801
2.3540
2.7462
2.4297
2.2969
2.3846
2.3202
2.4293
2.6640
2.8738
2.7308
2.4964
2.5236
2.6262
2.3239
2.5082
2.4757
2.6106
2.5260
2.3580
2.6089
2.7047
2.4514
2.6064
2.4961
2.8541
2.8742
2.6357
3.0216
2.7450
2.6924
2.6982
2.4145
2.4795
2.7138
2.5205
2.4708
2.6462
2.5521
2.6288
2.6103
2.6276
2.8170
3.0602
3.1464
3.0261
3.1425
2.8341
2.5673
2.5209
2.6109
2.5032
2.3876
2.5769
2.3889
2.5978
2.7837
2.8640
2.9036
2.7781
3.2390
2.8387
2.8716
3.1092
3.1715
3.2226
2.8137
3.2867
3.1658
2.8744
3.0392
2.7890
3.0437
2.8735
3.0205
2.5188
2.8263
2.6256
2.6640
2.4677
2.7561
2.5901
2.4594
2.7574
2.7186
2.4726
2.3285
2.2977
2.8189
2.8941
2.5806
2.8979
2.8790
2.7960
2.7764
2.8270
2.7810
2.6438
2.5726
2.5490
2.7059
3.1404
2.9879
2.8435
3.0422
2.9779
3.0017
2.7241
2.7732
2.8422
2.9923
2.6254
2.8071
2.6806
2.7680
2.4559
2.6232
2.2807
2.4203
2.5913
2.4333
2.5385
2.6644
2.5162
2.9297
2.8296
2.8906
2.9495
2.8167
2.9215
2.9397
2.6926
2.8109
3.0550
3.2649
3.3111
3.4196
3.3789
3.3264
3.2147
3.1181
3.2973
3.3552
3.2212
3.1800
3.2865
2.4110
2.7541
2.7309
3.1231
2.9935
2.8511
2.8469
2.6999
2.6181
2.8887
2.6323
2.5335
2.8059
2.9525
2.6177
2.8007
2.8068
2.6574
2.6174
2.8391
2.5438
2.6475
2.4862
2.1362
2.6333
2.6674
2.5514
2.7568
2.4975
2.7232
2.3813
2.6931
2.4678
2.5980
2.6300
2.8560
2.6546
2.4468
2.7152
2.6275
2.4532
2.6663
2.6859
2.8297
2.6641
2.4523
2.4796
2.5247
2.4090
2.6841
2.4205
2.5629
2.6503
2.7566
2.6993
2.5124
2.8522
2.5954
2.5064
2.6101
2.5844
2.4845
2.1985
2.3135
2.4828
2.3365
2.2907
2.6827
2.1768
2.3811
2.5419
2.2386
2.5303
2.3773
2.3259
2.0142
2.5954
2.6132
2.5663
2.7308
2.5340
2.2632
2.5198
2.6491
2.7758
2.5253
2.5760
2.6422
2.7557
2.4269
2.4933
2.7567
2.3117
2.5633
2.2765
2.4322
2.7596
2.4414
2.8815
2.5270
2.6618
2.5211
2.5198
2.4279
2.5201
2.4393
2.3023
2.4027
2.4612
2.4648
2.3353
2.6975
2.7480
2.5026
2.6150
2.1734
2.3315
2.0710
1.9530
2.3171
2.3575
2.4972
2.3381
2.4245
2.5448
2.6204
2.2485
1.9778
2.1530
2.3803
2.2749
2.3867
2.3035
2.7560
2.1850
2.5955
2.8629
2.4954
2.8179
2.3291
2.2932
2.3257
2.2261
2.3704
2.5189
2.3490
2.4140
2.6686
2.6634
2.3471
2.3294
2.6041
2.6445
2.6346
2.3923
2.6633
2.5659
2.7742
2.9572
2.4047
2.4787
2.5137
2.6208
2.6538
2.5397
2.7836
2.5005
2.5660
2.4544
2.4925
2.5315
2.2194
2.1745
2.4566
2.3326
2.6125
2.2246
2.4799
2.3345
2.2042
2.2264
2.2569
2.3956
2.3696
2.6456
2.5637
2.6407
2.6385
2.1571
2.2667
2.4156
2.4034
2.6444
2.4555
2.7020
2.4860
2.4043
2.5024
2.3566
2.6665
2.3974
2.6907
2.5230
2.6848
2.5979
2.7205
2.4049
2.7903
2.6941
2.6038
2.3844
2.5573
2.4825
2.4824
2.1430
2.6661
2.6122
2.6311
2.5925
2.2961
2.4475
2.2030
2.4002
2.2685
2.6708
2.5996
2.4233
2.5147
2.4532
2.3168
2.6692
2.2315
2.3661
2.2799
2.3373
2.2033
2.1649
2.2348
2.2273
2.4655
2.1312
2.4004
2.5050
2.2716
2.4649
1.9957
2.5527
2.9171
2.4107
2.4574
2.4867
2.6584
2.5123
2.5591
2.2170
2.7313
2.7184
2.7894
2.6242
2.4188
2.5163
2.1403
2.5461
2.5847
2.4336
2.6051
2.6769
2.6105
2.3696
2.2755
2.7148
2.3575
2.5657
2.5295
2.5460
2.7498
2.6817
2.7586
2.7999
2.8379
2.9881
2.8713
2.8257
2.6265
2.5254
2.5294
2.7362
2.4880
2.5236
2.5299
2.3765
2.3560
2.3562
2.4086
2.5230
2.5012
2.6997
2.4287
2.7114
2.7866
2.2658
2.6133
2.7300
2.7056
2.5005
2.2705
2.7461
2.7433
2.9622
2.4791
2.5144
2.7609
2.5903
2.4987
2.7152
2.7228
2.7055
2.6535
2.5325
2.5966
2.7351
2.7558
2.7027
2.6623
2.7180
2.5382
2.4950
2.2430
2.5653
2.6234
2.5477
2.4095
2.6469
2.5690
2.7494
2.7062
2.6552
2.4660
2.6347
2.1081
2.3302
2.5784
2.4118
2.3702
2.8259
2.8801
2.4869
2.5658
2.4561
2.7348
2.6263
2.5721
2.5974
2.4207
2.6914
2.7535
2.5315
2.5035
2.4948
2.7344
2.7081
2.5693
2.9604
2.6951
2.4738
2.6859
2.4487
2.6866
2.3818
2.3492
2.4714
2.2906
2.4407
2.3926
2.2706
2.0675
2.5353
2.2825
2.2263
2.2821
2.3235
2.5275
2.4569
2.4496
2.4367
2.7362
2.6411
2.7734
2.6827
2.5370
2.6182
2.4840
2.4140
2.8153
2.8436
2.6173
2.7688
2.8291
2.7776
2.4358
2.6578
2.6695
2.9033
2.7401
2.7678
2.8594
2.9270
2.6814
2.5964
2.8627
2.7947
2.8040
2.7241
2.8059
2.8967
2.5891
2.7753
2.6850
2.7569
2.6642
2.6341
2.5769
2.6892
2.8044
2.8213
2.6960
2.5783
2.6064
2.4666
2.7106
2.7169
2.8494
2.7386
2.4750
2.6624
2.5889
2.5719
2.6236
2.4769
2.6393
2.8357
2.6543
2.6637
2.7940
2.6808
2.8085
2.7013
2.3389
2.6894
2.2741
2.3903
2.4032
2.4525
2.3300
2.5537
2.4479
2.6071
2.5370
2.5762
2.6163
2.3040
2.6288
2.6954
2.5211
2.6901
2.6098
2.6013
2.5466
2.9427
2.7205
2.5406
2.5330
2.4877
2.3934
2.5957
2.6554
2.6779
2.6839
2.5479
2.4313
2.5387
2.7181
2.6059
2.7369
2.5537
2.5464
2.3181
2.5393
2.5102
2.3493
2.2793
2.2463
2.4192
2.5926
2.4547
2.5740
2.8311
2.4389
2.3866
2.5116
2.7166
2.4025
2.3477
2.3589
2.3489
2.4611
2.4518
2.4299
2.0146
1.9910
2.2391
2.3460
2.2341
2.1509
2.0545
2.2799
2.4979
2.2382
2.3505
2.6567
2.3076
2.2280
2.0828
2.2133
2.5054
2.7213
2.1187
2.3809
1.9079
2.3153
2.4225
2.1343
2.2071
2.2402
2.1039
2.3545
2.6362
2.4080
2.3647
2.5577
2.4809
2.6083
2.5482
2.5708
2.4169
2.5078
2.3308
2.1076
2.2220
2.4678
2.4121
2.6723
2.2511
2.4188
2.2528
2.6822
2.4412
2.3797
2.5826
2.5519
2.3510
2.6676
2.5071
2.5146
2.4190
2.6298
2.2563
2.2295
2.3561
2.4036
2.2817
2.0743
2.6815
2.3838
2.4998
2.5227
2.2500
2.2699
2.1946
2.2512
2.3745
2.2612
2.1998
2.1836
2.2445
2.3263
2.2964
2.5036
2.7195
2.5469
2.6372
2.6476
2.5561
2.7237
2.3620
2.8919
2.9028
2.5294
2.5693
2.5472
2.7962
2.5801
2.5086
2.1749
2.6551
2.3137
2.4325
2.3132
2.6113
2.4157
2.7287
2.6980
2.5622
2.2446
2.3572
2.5376
2.6419
2.4563
2.7164
2.9001
2.7479
2.6005
2.5650
2.3443
2.6893
2.4588
2.4623
2.5062
2.2484
2.2136
2.3500
2.4103
2.6244
2.3558
2.2291
2.1278
2.2040
2.1924
2.1508
2.0739
2.2181
1.9712
1.9983
1.9967
2.0606
2.0041
1.7691
2.2050
2.1610
2.1575
2.2360
2.6972
2.4090
2.1221
2.4839
2.4155
2.5314
2.5920
2.2878
2.5499
2.5025
2.2966
2.3160
2.3050
2.5972
2.5670
2.7775
2.5801
2.5619
2.7040
2.8453
2.5618
2.5720
2.4880
2.3865
2.4015
2.2166
2.4530
2.2685
2.1390
2.4626
2.4609
2.4509
2.7592
2.5317
2.5173
2.4275
2.4442
2.5414
2.3657
2.4606
2.5842
2.4126
2.3798
2.0219
2.6672
2.8221
2.5070
2.3847
2.6459
2.7757
2.5416
2.6301
2.7751
2.3063
2.5163
2.4451
2.4864
2.4955
2.2380
2.4146
2.1688
2.5911
2.4658
2.7467
2.3893
2.5541
2.5795
2.3304
2.5843
2.3761
1.9929
1.7673
1.9873
2.0005
2.0773
2.0184
2.4950
2.3593
2.2640
2.3670
2.0292
2.1758
1.8793
2.0503
2.1565
2.0114
2.4555
1.8897
2.3411
2.6124
2.2882
2.1830
2.2151
2.2694
2.2469
2.1727
2.0542
2.2198
2.3826
2.4727
2.4477
2.2229
2.1045
2.2442
2.1012
2.4121
2.2003
2.3646
2.4302
2.4320
2.2493
2.3101
2.5337
2.5930
2.3512
2.2187
2.3559
2.2715
2.2797
2.3265
2.4481
2.4331
2.6225
2.1419
2.4499
2.4148
2.5204
2.4378
2.2848
2.4512
2.1453
2.3125
2.2137
2.3080
2.6352
2.8520
2.4955
2.3395
2.5144
2.3369
2.3904
2.4739
2.7965
2.2184
2.3681
2.4478
2.4136
2.3299
2.3581
2.5217
2.5413
2.3759
2.5255
2.3317
2.3947
2.3272
2.3825
2.3166
1.8667
2.2083
2.2387
2.0938
2.0937
2.2170
2.3082
2.3919
2.3942
2.5126
2.4070
2.3916
2.4368
2.3800
2.4904
2.3451
2.5108
2.2966
2.4203
2.4723
2.4240
2.1931
2.3782
2.4494
2.3092
2.1342
2.3245
2.5412
2.0955
2.3463
2.4022
2.3071
2.6852
2.5076
2.1975
2.0856
2.0894
2.0910
2.1707
2.2041
2.0604
2.1126
2.2249
1.9660
2.1773
2.1840
2.0845
2.2086
2.3479
2.1204
2.2542
2.3362
2.1550
2.3605
2.3766
2.4425
2.4949
2.6045
2.5337
2.3828
2.4567
2.5531
2.5144
2.4236
1.9560
2.0893
2.3386
2.3027
2.4686
2.3006
2.5942
2.6730
2.1899
2.2578
2.3003
2.4397
2.4035
2.4963
2.4072
2.4317
2.3611
2.1761
2.2868
2.2864
2.1895
2.4413
2.2193
2.5104
2.3339
2.5332
2.6732
2.5806
2.4663
2.3104
2.2985
2.1530
2.1628
2.7011
2.5131
2.3046
2.4769
2.4291
2.5825
2.1605
2.3146
2.4728
2.1451
2.2307
2.4082
2.0870
2.1415
2.1456
2.0796
2.3858
2.2061
2.1521
2.0071
2.1417
2.3386
2.2657
2.3568
2.5800
2.4209
2.3268
2.1820
2.3326
2.4762
2.0995
2.1813
2.2818
2.2443
2.1692
2.5473
2.5622
2.2388
2.6638
2.4399
2.1599
2.3756
2.3918
2.3028
2.5349
2.5810
2.3987
2.3894
2.3826
2.3527
2.2644
2.2920
2.0282
2.2739
2.2802
2.0947
2.4090
2.3552
2.1953
2.4420
2.3630
2.5308
2.2940
2.1728
2.1462
2.3298
2.0775
2.1114
2.0110
2.1552
2.2849
2.2248
2.1622
2.2492
2.1598
2.4607
2.4391
2.6046
2.2866
2.2480
2.3211
2.4390
2.4835
2.4548
2.3915
2.2779
2.0758
2.2441
2.3060
2.4355
2.6445
2.6051
2.4135
2.4156
2.4916
2.3169
2.4524
2.6109
2.6759
2.6243
2.6071
2.5553
2.2082
2.3269
2.6660
2.7194
2.6233
2.7374
2.5394
2.7254
2.3411
2.2958
2.5446
2.5591
2.5995
2.6098
2.6320
2.5294
2.4615
2.7660
2.4228
2.5812
2.6500
2.5505
2.4948
2.3653
2.6094
2.5197
2.5023
2.4525
2.3346
2.6809
2.6823
2.8591
2.5795
2.5362
2.7906
2.4418
2.3641
2.9130
2.6417
2.7440
2.8531
2.8223
2.4971
2.7298
2.6683
2.6846
2.7112
2.4243
2.4765
2.4156
2.4215
2.3620
2.1987
2.3823
2.7304
2.6574
2.5307
2.5921
2.5352
2.4561
2.5093
2.3822
2.3655
2.3704
2.4163
2.3799
2.4473
2.2508
2.0453
1.9151
1.9244
2.2187
2.4756
2.1773
2.3189
2.3480
2.4953
2.3833
2.4004
2.6074
2.3654
2.3742
2.3396
2.2237
1.9016
2.0134
2.1592
2.1320
1.8587
2.1919
2.0384
2.0050
2.0752
2.0021
2.2219
2.1975
2.2076
1.9971
2.0814
2.3469
2.3296
2.3607
2.1606
2.2478
2.4474
2.2639
2.6777
2.1597
2.2827
2.3797
2.2377
2.2883
2.1701
2.1830
2.1605
2.1743
2.2436
2.4058
2.2507
2.4442
1.9777
2.0816
1.7114
1.7581
1.9391
2.2649
2.1956
2.3019
2.4497
2.2109
2.4566
2.6894
2.5197
2.4414
2.6198
2.5978
2.3000
2.4238
2.2981
2.6610
2.4994
2.4237
2.2293
2.1892
2.4754
2.1060
2.2773
2.8632
2.5408
2.5588
2.5312
2.6836
2.5541
2.5013
2.3701
2.4481
2.4774
2.5738
2.3910
2.2339
2.2624
2.3120
2.2417
2.2538
2.3777
2.3291
2.2321
2.4008
2.3839
2.3595
2.5086
2.3900
2.5948
2.0464
2.1699
2.1969
2.3607
2.1613
2.2156
2.3900
2.4682
2.8141
2.3765
2.4961
2.4187
2.5915
2.6725
2.6507
2.4765
2.4705
2.5610
2.5490
2.3660
2.3087
2.4100
2.5190
2.4961
2.5397
2.2137
2.6140
2.2960
2.0777
2.0364
2.0093
2.0409
2.2725
2.4382
2.4707
2.3774
2.2364
2.4128
2.3985
2.3780
2.3967
2.5179
2.1002
2.2200
2.2150
2.4124
2.2284
2.1756
2.1999
2.0742
1.9926
2.0648
2.5726
2.3182
2.4124
2.5824
2.5775
2.5179
2.6386
2.3813
2.8472
2.7097
2.6002
2.5091
2.6543
2.4464
2.4480
2.6213
2.4519
2.5501
2.5590
2.4707
2.5992
2.7139
2.2433
2.6449
2.5466
2.4429
2.5506
2.8100
2.6058
2.6552
2.6856
2.4857
2.6103
2.2309
2.1276
2.4220
2.5609
2.5472
2.6394
2.5567
2.5609
2.7121
2.8219
2.5345
2.3165
2.2488
2.3841
2.5140
2.3462
2.4439
2.4559
2.6749
2.3363
2.5052
2.5421
2.3370
2.2180
2.3336
2.2480
2.3251
2.1376
2.3173
2.1025
2.0309
1.9571
2.3168
2.3812
2.3098
2.0851
2.2743
2.1134
1.9966
2.3875
2.4183
2.3122
2.3270
2.3895
2.3298
2.1891
2.3441
2.6788
2.5650
2.6446
2.6387
2.4097
2.4056
2.5434
2.6675
2.7248
2.4423
2.7631
2.3527
2.7516
2.7456
2.6848
2.4927
2.5329
2.6355
2.4063
2.2676
2.3365
2.2583
2.2638
2.6769
2.5778
2.5863
2.5291
2.4494
2.3823
2.3450
2.5681
2.5304
2.3950
2.2048
2.2495
2.1795
2.5686
2.2210
2.4178
2.7541
2.7738
2.7959
2.5992
2.6229
2.5265
2.3083
2.2991
2.7119
2.5097
2.3223
2.3316
2.3738
2.4730
2.6607
2.6558
2.8635
2.3742
2.4567
2.2594
2.5478
2.2043
2.3395
2.3743
2.5335
2.2186
2.1215
2.0815
1.9218
1.9431
1.8209
2.0573
1.8142
2.1596
2.5754
2.1526
2.2931
2.1764
2.3787
2.4786
2.5658
2.2809
2.7232
2.6707
2.5168
2.3720
2.4349
2.4276
2.4481
2.5322
2.5180
2.6290
2.5637
2.4783
2.7521
2.6902
2.6091
2.7040
2.5227
2.4559
2.5456
2.3348
2.4966
2.3556
2.7418
2.2689
2.3947
2.2774
2.2667
2.4942
2.6851
2.7307
2.9253
2.7126
2.6957
2.5292
3.0121
2.6533
2.7336
2.7127
2.5348
2.6064
2.8059
2.5660
2.6470
2.4510
2.6053
2.3995
2.5458
2.7510
2.7763
2.6124
2.7707
2.7460
2.9547
2.4151
2.7715
2.4499
2.7551
2.6784
2.5777
2.5845
2.6437
2.5620
2.5778
2.6835
2.5673
2.2626
2.4154
2.4394
2.4447
2.5386
2.7032
2.7468
2.5431
2.7903
2.4171
2.6911
2.6056
2.5365
2.5514
2.4717
2.3405
2.4562
2.5987
2.5796
2.3632
2.1709
2.3279
2.0268
2.1795
2.3874
2.3648
2.4654
2.4864
2.5321
2.6268
2.4057
2.4739
2.5434
2.4727
2.5257
2.4512
2.3918
2.6239
2.4281
2.4460
2.3813
2.4724
2.6951
2.6180
2.5550
2.7316
2.8816
2.5380
2.4625
2.0903
2.4020
2.3662
2.6895
2.5595
2.7138
2.5390
2.4971
2.6593
2.5539
2.4326
2.1239
2.2572
2.1605
2.1787
2.2320
2.0086
2.1422
2.4863
2.2091
2.6005
2.4781
2.5233
2.5434
2.2064
2.1517
2.2346
2.2432
2.4967
2.1288
2.1603
2.3042
2.2454
2.4311
2.4254
2.2712
2.5172
2.6520
2.5167
2.6466
2.8029
2.4533
2.7410
2.8855
2.7596
2.7858
2.5638
2.6023
2.7927
2.3967
2.4942
2.2258
2.1500
2.4946
2.3406
2.3906
2.3741
2.3880
2.4258
2.4445
2.5608
2.2211
2.3254
2.3703
2.4026
2.4568
2.6548
2.3993
2.4710
2.3380
2.4936
2.3431
2.4740
2.3097
2.4634
2.2562
2.5187
2.3654
2.3409
2.4058
2.5435
2.2163
2.1292
2.4519
2.3151
2.2385
2.1758
2.2054
2.3899
2.2195
2.2042
2.1833
1.9684
2.2638
2.4836
2.4384
2.4460
2.4927
2.1869
2.0191
2.0077
2.0674
2.3945
2.2867
2.2427
2.1761
2.3164
2.2456
2.1513
2.4661
2.2514
2.4426
2.3753
2.6145
2.7114
2.3832
2.1712
2.2432
2.1610
2.2266
2.0669
2.0908
2.1738
2.2531
2.0716
2.0150
2.0584
2.2612
2.4953
2.1304
2.4110
2.2206
2.1215
2.3103
2.4661
2.4070
2.2712
2.2555
2.1121
2.0913
1.9896
2.4236
2.6190
2.3934
2.5834
2.5465
2.4569
2.7747
2.6665
2.6770
2.7157
2.6880
2.4057
2.4382
2.4229
2.3976
2.5610
2.2979
2.4621
2.2572
2.6753
2.4217
2.4504
2.5536
2.4063
2.3562
2.4336
2.4650
2.3300
2.3739
2.2170
2.3202
2.0894
2.0064
2.1339
2.2877
2.1247
2.2146
2.5169
2.5024
2.5199
2.2926
2.5718
2.5426
2.1467
2.5739
2.3994
2.6064
2.5508
2.6762
3.1000
2.8256
2.7157
2.4174
2.3626
2.4990
2.4174
2.6257
2.7207
2.3859
2.4049
2.2520
2.5189
2.4937
2.4075
2.2911
2.1192
2.4748
2.4218
2.3040
2.3764
2.3947
2.8257
2.0917
2.3471
2.2480
2.6574
2.1752
2.2026
2.4668
2.2466
2.4646
2.3791
2.4152
2.1293
2.4703
2.3402
2.4406
2.4493
2.6461
2.7089
2.3015
2.6385
2.2076
2.2406
2.0198
1.9021
1.8209
2.1899
2.3759
2.4096
2.2783
2.3005
2.3293
2.5410
2.4998
2.3933
2.4671
2.6703
2.4289
2.3882
2.4569
2.4617
2.6004
2.1280
2.5249
2.2639
2.3043
2.1496
2.2070
2.4015
2.3087
2.3223
2.3765
2.3297
2.4961
2.3163
2.1467
2.2116
2.1260
2.1330
2.3684
2.2884
2.2139
2.5703
2.3766
2.6654
2.5096
2.4019
2.3740
2.4450
2.2012
2.3330
2.2080
2.4128
2.1938
2.3844
2.3005
2.1332
1.9882
2.0440
1.9255
2.2842
2.2456
2.2664
2.0864
2.5192
2.2451
2.4717
2.2319
2.4410
2.3932
2.1651
2.4643
2.3972
2.3485
2.5296
2.3507
2.4611
2.3207
2.3126
2.3179
2.3328
2.2695
2.2410
2.1887
2.4088
2.4467
2.1263
2.0034
2.1429
2.0031
2.2354
2.3386
2.1928
2.2876
2.1069
2.2920
2.3358
2.4597
2.2938
2.2427
2.1993
2.3173
2.0531
2.3410
1.9811
2.2521
2.0626
2.2644
2.1170
2.1274
2.2435
2.1536
2.0959
2.2563
2.3089
2.2828
2.2619
2.1911
2.0429
2.1952
2.4871
2.2261
2.0777
2.2043
2.2247
2.2093
2.2068
2.3395
2.1709
2.3011
2.4136
2.2550
2.4954
2.3020
2.4468
2.5047
2.2997
2.6215
2.3735
2.4672
2.4117
2.5843
2.6337
2.5592
2.0431
2.4427
2.4010
2.4724
2.5323
2.6772
2.5535
2.8436
2.6234
2.6891
2.7840
2.4581
2.5672
2.4680
2.4444
2.6512
2.7440
2.6255
2.2460
2.6055
2.5252
2.4742
2.3471
2.4106
2.4584
2.3621
2.4447
2.3564
2.5074
2.5831
2.5103
2.4666
2.8716
2.8149
2.6436
2.5126
2.6595
2.7208
2.3898
2.3059
2.2937
2.5955
2.5633
2.4916
2.4215
2.3578
2.3433
2.3208
2.4628
2.7085
2.7567
2.6390
2.4780
2.5699
2.4191
2.3355
2.4751
2.4614
2.4235
2.4435
2.6500
2.6335
2.2331
2.2534
2.3827
2.4859
2.3457
2.3229
2.4820
2.5893
2.5261
2.3137
2.3732
2.4100
2.3476
2.0941
1.9543
2.2019
2.2672
2.2427
2.2011
2.0038
2.2462
2.1720
2.3387
2.2576
2.2995
2.5797
2.3767
2.2307
2.1889
2.3918
2.1971
1.9127
2.0846
2.3077
2.1613
2.1408
2.4830
2.3929
2.4401
2.5147
2.6180
2.5862
2.4835
2.2324
2.4026
2.2569
2.2560
2.1017
2.3349
2.4211
2.3045
2.5722
2.4533
2.1637
2.4593
2.2842
2.1186
2.4745
2.4286
2.6635
2.3725
2.6278
2.6386
2.3922
2.5887
2.3793
2.6129
2.6132
2.5789
2.3020
2.3615
2.4947
2.3798
2.2269
2.3464
2.6106
2.4094
2.2267
2.3163
2.3551
2.2226
2.1593
2.4497
2.0477
2.3046
2.5741
2.5528
2.5116
2.5018
2.3352
2.5447
2.4954
2.4940
2.3452
2.2152
2.2516
2.2749
2.2827
2.4504
2.6152
2.5185
2.3538
2.3111
2.6058
2.4945
2.6617
2.5451
2.4440
2.3910
2.6087
2.4926
2.6500
2.5029
2.4377
2.6471
2.6236
2.6449
2.3877
2.7174
2.3291
2.3365
2.4732
2.5938
2.6679
2.4666
2.6407
2.3614
2.4582
2.2400
2.3963
2.3169
2.5736
2.2674
2.2111
2.2326
2.4007
2.3757
2.4832
2.5320
2.5277
2.3909
2.4683
2.4736
2.3002
2.2183
2.1415
2.2277
2.0326
2.1862
2.1321
2.2723
2.1491
2.4819
2.3194
2.6738
2.8794
2.6182
2.6530
2.6827
2.3486
2.5075
2.3634
2.3061
2.2471
2.3227
2.7017
2.4288
2.0937
2.3078
2.3394
2.4938
2.3241
2.6143
2.4027
2.5463
2.5713
2.5931
2.5511
2.5281
2.4827
2.6056
2.6653
2.4059
2.6783
2.4382
2.5290
2.4815
2.4207
2.4751
2.5356
2.2754
2.4470
2.8331
2.7711
2.8488
2.5745
2.6734
2.7515
2.8480
3.0684
2.7274
2.9441
2.8659
2.8558
2.4781
2.9015
2.9971
2.6226
2.6877
2.5178
2.3018
2.5612
2.3344
2.5747
2.4587
2.3857
2.2157
2.6006
2.4123
2.4410
2.5508
2.3680
2.4830
2.3767
2.2874
2.2892
2.3027
2.4023
2.4605
2.3729
2.6501
2.5940
2.5928
2.4235
2.3982
2.3329
2.4095
2.2856
2.5948
2.4893
2.5535
2.6219
2.7148
2.4768
2.5601
2.5764
1.9786
2.4939
2.6974
2.5431
2.3889
2.2640
2.3911
2.5536
2.2010
2.4911
2.5840
2.5134
2.6876
2.4290
2.5021
2.5022
2.4242
2.3613
2.4778
2.1981
2.4366
2.5708
2.3697
2.6089
2.4802
2.5188
2.6583
2.3709
2.3616
2.5819
2.4957
2.4908
2.6725
2.8153
2.4662
2.3518
2.4599
2.2900
2.4291
2.3598
2.4652
2.4921
2.5607
2.4413
2.5852
2.6178
2.7128
2.2692
2.3141
2.0912
2.2101
2.1344
2.3738
2.3581
2.4285
2.3031
2.3305
2.4806
2.4725
2.1643
2.4895
2.4180
2.5085
2.1027
2.1916
2.1442
2.3101
2.3733
2.3505
2.4043
2.2902
2.3300
2.2045
2.2418
2.4252
2.1903
2.3472
2.0757
2.2023
2.2267
2.6188
2.4986
2.3523
2.1818
2.2694
2.1190
2.4338
2.4455
2.2704
2.2200
2.3469
2.3830
2.0726
2.2477
2.4435
2.1823
2.4234
2.4377
2.2943
2.4072
2.4968
2.5090
2.2753
2.6065
2.6342
2.4790
2.3239
2.3442
2.1803
2.0559
2.2624
2.3575
2.3376
2.4991
2.7078
2.3411
2.1993
2.3671
2.2840
2.4860
2.4763
2.0967
2.3027
2.2933
2.2984
2.3344
2.5123
2.5169
2.3587
2.2013
2.3568
2.2208
2.3999
2.4548
2.5905
2.6064
2.5728
2.2938
2.1971
2.4410
2.5452
2.6311
2.5128
2.3770
2.1136
2.1450
2.3685
2.3048
2.2121
2.3708
2.3583
2.5903
2.4428
2.4143
2.5544
2.4886
2.2979
2.4456
2.1126
2.4837
2.2451
2.4748
2.1467
2.2356
2.3684
2.4899
2.3814
2.4971
2.3487
2.6012
2.3894
2.4259
2.3627
2.7137
2.4971
2.6493
2.3301
2.3342
2.2204
2.1156
2.1759
2.3118
2.0442
1.8514
2.2064
2.1193
2.1270
2.3956
2.2568
2.2461
2.1831
2.2393
2.2654
2.2717
1.9450
2.5038
2.0538
2.3702
2.2714
2.4223
2.5193
2.2769
2.3050
2.1523
2.7845
2.5899
2.4445
2.4675
2.4605
2.3914
2.2939
2.4579
2.4057
2.6629
2.7145
2.6895
2.5522
2.5416
2.3840
2.5128
2.3836
2.0556
2.0646
2.1968
2.3311
2.1078
2.2737
2.1799
2.2222
2.3876
2.3804
2.3094
2.4107
2.2305
2.2579
2.5420
2.3064
2.5800
2.5080
2.2588
2.2163
2.2429
2.3654
2.3996
2.3431
2.1059
2.2796
2.3402
2.3713
2.1608
2.2954
2.3599
2.1506
2.3913
2.2420
2.3984
2.3286
2.3706
2.2093
2.4119
2.5162
2.5698
2.5345
2.4962
2.4284
2.3473
2.4409
2.3502
2.5716
2.4074
2.3908
2.4412
2.6208
2.4606
2.5078
2.4455
2.2764
2.5022
2.0999
2.3164
2.3371
2.4140
2.2195
2.5927
2.3824
2.4281
2.2064
2.1412
2.3540
2.1768
2.2762
2.4397
2.3167
2.4404
2.5068
2.3099
2.3485
2.2478
2.4699
2.6184
2.3687
2.3569
2.6400
2.5322
2.4907
2.5255
2.4706
2.2603
2.4221
2.3097
2.2376
2.5273
2.3741
2.3651
2.2879
2.3208
2.2864
2.3367
2.4553
2.3355
2.3859
2.3380
2.3724
2.5433
2.3008
2.1521
2.3195
2.5693
2.3850
2.4194
2.2497
2.5883
2.3418
2.5980
2.2327
2.1803
2.3831
2.2839
2.3766
2.3525
2.1183
2.2364
2.4484
2.3364
2.2663
2.2309
2.1627
2.1229
2.1277
2.4415
2.4171
2.2835
2.3149
2.2049
2.1122
2.1621
2.1989
2.3340
2.4378
2.6177
2.6008
2.1926
2.2162
2.1447
2.1570
2.3980
2.3407
2.2570
2.1670
2.0317
2.3207
2.0166
2.2478
2.1751
2.5003
2.3231
2.2179
2.2007
2.5600
2.2950
2.4146
2.2144
2.4257
2.2751
2.2768
2.3795
2.5576
2.5781
2.5299
2.1633
2.0280
2.2883
2.5434
2.5490
2.5050
2.3219
2.3578
2.4210
2.4320
2.1997
2.6240
2.4037
2.2022
2.3323
2.2267
2.4580
2.4038
2.1795
2.6310
2.3193
2.4645
2.3961
2.3083
2.5192
2.4594
2.5113
2.3128
1.9783
2.4364
2.4714
2.3840
2.3981
2.2716
2.3557
2.4048
2.5516
2.5892
2.2449
2.4679
2.3392
2.0171
2.3589
2.4077
2.5021
2.4266
2.3453
2.5702
2.4458
2.4057
2.2836
2.1005
2.3624
2.6090
2.4784
2.4801
2.3957
2.4817
2.5649
2.4216
2.2548
2.0965
2.0999
2.2519
2.2114
2.3869
2.3581
2.1824
2.1717
2.1843
2.3939
2.2519
2.2214
2.3290
2.3752
2.1321
2.1602
2.1962
2.0939
2.3583
2.3384
2.2959
2.2995
2.3470
2.3769
2.3031
2.2819
2.2155
2.1973
2.2076
2.3148
2.2638
2.2386
2.1927
2.4617
2.1877
2.2828
2.3906
