1.8073
2.0460
1.9555
2.0924
2.0024
1.9035
1.8213
1.7522
1.9663
2.2811
2.1651
1.7726
1.9611
2.1010
2.0302
1.9606
2.0138
2.1582
1.9087
2.1370
1.8774
1.7565
1.8142
2.1996
1.8136
1.8329
1.8972
2.1810
1.9815
1.9449
1.9250
1.9092
1.9532
1.8289
1.8398
1.7720
1.8186
1.7270
1.9108
1.7375
1.4599
1.6647
1.5840
1.9148
1.7067
1.7150
1.7229
1.7499
1.7665
1.9439
2.0189
1.8815
1.9075
1.8797
1.9866
1.6864
1.7995
1.6958
1.7080
1.8685
2.0506
1.9273
1.9877
1.7069
1.7837
1.8669
1.5870
1.6382
1.5999
1.8199
1.8749
1.9430
2.0257
1.9616
1.7383
1.5389
1.7932
1.7493
1.5798
1.6473
1.8196
1.8102
1.9285
1.9430
2.1842
1.9919
2.0200
1.5411
2.0464
2.0610
1.9833
2.0705
1.8120
2.1504
1.7602
1.6968
1.6692
1.7063
2.0092
1.5883
1.6813
1.6878
1.6563
1.8476
1.9205
1.8684
1.9433
1.8160
2.2007
1.9713
2.1999
2.1484
2.1127
2.1897
1.6763
1.6036
2.0244
1.9201
1.9983
1.6769
2.0234
1.8386
1.8001
1.9206
1.8273
1.9786
1.8727
1.7392
1.9747
1.7500
1.6660
1.6431
1.8345
1.8921
1.8589
2.0249
2.0258
1.7199
2.0641
1.6265
1.7273
1.7746
1.8135
2.0002
2.0032
1.8869
1.7662
1.5870
2.1048
1.8249
1.3450
1.9072
1.6045
1.7354
1.7953
1.8690
2.1583
1.5623
1.5642
1.4791
1.5536
1.7689
1.6438
1.7050
1.7176
1.8686
1.8964
1.7466
1.6534
1.8359
1.6205
1.7059
1.8723
1.7159
1.7142
1.7883
1.5913
1.7398
1.8949
1.8671
1.9035
1.9337
2.1401
2.0283
2.0248
2.2834
2.4506
1.9467
1.9355
1.9770
2.5536
2.4745
2.1007
2.0607
2.1401
2.6234
2.0795
1.9875
2.1315
2.2319
1.7615
1.8326
1.9505
2.1627
2.0565
1.9642
2.1803
2.1338
1.9264
2.1247
2.0216
1.9963
1.9154
1.9038
1.8260
1.7322
1.6989
1.8002
1.6915
1.7680
1.5596
1.8039
1.8985
1.9371
2.0142
1.8912
1.9892
2.3833
1.8937
1.9881
2.0653
2.0123
1.9241
1.8642
1.9534
1.8438
1.9651
2.0176
2.2687
2.1036
1.9010
1.9383
2.1142
1.7149
1.6981
1.8254
1.8682
1.6046
1.8326
1.7462
1.8794
1.6993
1.8245
1.8288
2.0106
1.7292
1.9842
1.9461
2.1485
2.1055
1.8740
1.8971
1.8660
1.7725
2.0487
1.9748
1.7711
1.6471
1.8970
1.9862
2.0521
1.9516
1.6704
1.9635
1.4318
1.7639
2.2523
2.0628
2.4083
1.9874
2.0441
2.3445
2.4591
2.4845
2.1770
2.1441
1.9474
1.7267
1.6957
1.5103
1.7604
1.6249
1.5603
1.7041
1.6650
1.9921
1.9174
1.9188
1.6442
1.5122
1.5275
1.8716
1.7429
1.9304
1.7285
1.7607
2.0805
2.0239
1.9323
2.1967
2.0183
1.9035
1.6980
1.9946
1.7376
1.6340
1.5857
1.8262
1.4816
1.7061
1.7313
1.7672
1.9080
1.7170
1.5635
1.8302
1.4278
1.6422
1.5469
1.4994
1.6278
1.6087
1.6643
1.5465
1.5213
1.6347
1.6354
1.6444
1.6334
1.6696
1.6256
1.5659
1.6483
1.8451
1.5574
1.6252
1.4060
1.3787
1.5436
1.5633
1.6218
1.5924
1.7103
1.4467
1.5958
1.6488
1.7665
1.3520
1.6242
1.8623
1.6718
1.8329
1.7513
1.6859
1.7567
1.5347
1.7771
1.7386
1.8322
1.7592
1.6365
1.7566
1.7083
1.8137
1.7433
1.7155
1.7278
1.8317
1.8538
1.7059
1.8042
1.6493
2.0924
1.6144
1.7601
1.9291
1.6835
1.8844
2.0582
1.9940
1.9986
2.2599
1.8959
1.9275
1.9118
1.8050
2.0746
2.0307
2.2812
2.0104
1.9170
1.8328
1.8965
1.8567
2.0371
1.8782
1.9420
2.0913
1.9989
2.0384
2.1677
1.9553
2.0980
1.7247
1.9454
1.8945
1.5931
1.6595
1.7939
1.8553
2.0909
1.9127
1.8209
1.6885
1.7553
1.6186
1.6438
1.6712
1.7753
1.6441
1.5350
1.9725
1.5478
2.0526
1.8686
1.7373
1.9018
1.9151
1.7974
1.8300
2.0372
1.9850
1.9636
1.9331
2.2705
2.0644
2.0060
1.9523
1.8388
1.7448
1.8628
1.8228
2.0418
2.0769
2.0347
2.1673
1.8681
1.6560
1.5668
1.7233
1.7142
1.4439
1.9946
1.6571
1.6019
1.6956
1.6780
1.8279
1.7999
1.6858
1.7510
1.8016
1.6638
1.7262
2.0626
2.0312
1.9079
1.8791
2.0218
2.0733
2.2009
2.1795
1.8142
1.8544
1.7607
1.6595
1.5103
1.7378
1.6975
1.4692
1.5128
1.6109
1.5554
2.0283
1.5062
1.5452
1.9266
1.8886
1.6898
1.8198
1.8489
1.9332
1.5950
1.6357
1.7461
1.6981
1.7317
1.8767
1.8622
1.7084
2.1882
1.9662
1.8992
1.8637
2.0553
2.1016
1.7690
1.4574
1.6013
1.6272
1.8124
1.5311
1.6566
1.5545
1.8349
1.9766
1.7060
1.6966
1.6146
1.5143
2.0671
1.7530
1.6865
1.6304
1.6584
1.5643
1.6865
1.7292
2.0420
1.7460
1.8002
1.6745
1.8394
1.7113
2.1454
2.0108
1.9347
2.0078
1.9852
1.9583
1.9142
1.9571
1.8107
1.9968
1.8307
1.5517
1.7904
1.8707
1.9809
2.0293
1.9661
1.6134
1.6835
1.7273
1.7127
1.6565
1.7094
1.5693
1.7572
1.6802
1.6584
1.7020
1.6818
1.6419
1.8776
1.8905
1.5747
1.6793
1.8576
1.6985
1.6050
1.6310
1.8921
1.7485
1.6179
1.8130
1.8582
1.7344
1.8283
1.7932
1.9750
2.1393
1.6355
1.5458
2.4403
2.0155
1.7362
1.5546
1.7923
1.9926
1.9728
1.7805
1.8976
1.9010
1.6282
1.4376
1.6965
1.6064
1.8103
1.7003
2.0485
1.7392
1.8083
1.9744
1.7480
1.7968
1.6912
1.6411
1.7876
1.5958
1.5421
1.6943
1.6120
1.7646
2.0681
2.0681
2.1971
2.1158
2.1333
1.8568
1.7192
1.6663
1.8960
1.7601
2.0036
1.7872
1.6072
1.7649
1.6136
1.7202
1.6472
1.7434
1.9791
1.5339
1.6100
1.5927
1.4325
1.9300
1.6366
1.5865
1.6188
1.5566
1.6579
1.4654
1.4012
1.5905
1.8906
1.9573
1.5899
1.8583
1.5666
1.8608
1.7485
1.7472
1.8583
2.0256
2.0510
2.2548
2.2098
2.0959
2.1124
1.9392
1.8759
2.1624
1.8870
1.9621
1.9568
2.2694
2.2487
2.0817
2.1450
2.0818
2.0128
2.0825
2.3481
2.2454
2.0354
1.9846
2.1242
1.7371
1.9721
1.6320
1.9278
2.0820
1.8959
1.8045
1.6877
2.1460
1.9702
2.2448
1.9851
2.1607
2.1845
2.1006
2.2789
2.2122
2.2175
2.1701
2.3656
2.4055
2.3438
2.3859
2.5504
2.5231
2.7393
2.7306
2.2745
2.2700
2.4656
2.3767
2.4824
2.2255
2.4458
2.0793
2.2198
2.0717
2.1922
2.1844
2.2864
2.3126
2.3529
2.3198
2.6910
2.6486
2.3962
2.7141
2.3192
2.2816
2.1136
2.5742
2.1178
2.1116
2.1315
1.9409
2.2276
2.5166
2.1681
2.2479
1.9671
2.4026
1.9962
2.2811
2.1963
2.3785
2.2720
2.0553
2.1006
2.2378
2.1608
2.1154
1.9993
1.9948
2.1531
2.1891
2.1332
1.7090
2.2223
2.2438
2.4634
2.4534
2.3337
2.2223
1.9860
2.1320
2.0983
2.3744
2.1637
2.2270
2.3763
2.2488
2.3253
2.3558
2.6266
2.2310
1.8256
2.0172
2.2987
2.2451
2.1013
2.3897
2.1512
2.3959
2.2809
2.5228
2.2270
2.2733
2.2217
2.1861
2.5573
2.4591
2.3236
1.9376
1.9631
2.0389
2.0806
2.5789
2.3758
2.2050
2.2243
1.9366
1.7296
2.0853
1.9208
1.8149
2.0320
1.8189
1.7695
2.0068
1.9564
2.0760
1.8538
1.9520
2.0289
2.2998
1.6107
1.7952
2.1460
2.0105
2.5113
2.3351
1.9238
1.8300
2.1063
2.1119
2.1488
2.1500
2.1080
2.7028
2.1819
2.1344
2.0253
1.9200
2.0284
1.7749
1.9214
2.3442
1.7670
1.9495
1.6433
1.9226
2.3217
2.5180
2.5358
2.1525
2.3900
2.4123
2.4333
2.3875
2.1343
2.1591
2.3128
2.7350
2.7144
2.2718
2.6111
2.6069
2.2784
2.3780
2.2564
2.4903
2.3737
1.9197
2.2615
2.1661
1.9513
2.1457
1.9030
1.8529
2.1215
2.1676
1.9863
2.0729
2.6039
2.1586
2.5924
1.9132
2.0537
1.7439
1.9789
1.7063
2.2294
2.4327
1.8261
1.9752
2.1371
2.5226
2.3606
2.6483
2.2507
2.3666
2.3089
1.7646
2.1525
1.9006
2.3264
2.1662
1.8684
2.1025
2.2625
2.3366
2.1401
1.8391
1.6407
1.7214
2.2148
2.4668
2.5052
2.4314
2.1797
2.4425
2.3283
2.2969
2.4624
2.2725
2.3311
1.9543
1.9491
2.2507
2.8424
2.4868
2.3910
2.1802
2.2144
2.1077
2.1206
2.2412
1.8182
1.8236
1.6027
2.1140
1.9607
2.1203
1.6969
2.2705
2.2806
1.8755
2.0255
1.5948
1.6564
1.9772
1.7485
1.9720
1.9062
1.7829
1.9166
1.6203
1.7458
1.5890
1.6325
1.7173
1.5313
1.7275
1.8455
1.9739
1.6629
1.8501
1.7799
1.7437
1.7639
1.6297
1.9253
1.8860
2.1589
2.0154
1.8894
2.0793
1.9696
1.9681
1.9691
1.9152
2.0826
1.9676
1.9690
2.0829
1.9230
1.8213
1.9875
1.8850
1.8039
1.9517
1.8551
1.8467
1.8433
1.5945
1.5537
1.7328
1.7356
1.6943
1.7419
1.8724
1.5580
1.5809
1.9395
2.0089
1.7171
1.7639
1.5358
1.8289
1.6274
1.8688
1.7298
1.8146
1.5615
1.7457
1.7398
1.6958
2.2065
1.7102
1.7572
1.7117
1.6926
1.7728
1.6184
1.7065
1.7330
1.7818
1.7493
1.8791
1.9962
1.6344
1.8089
1.6121
1.8204
1.8475
1.7569
1.6724
1.7475
1.6770
1.4125
1.6911
1.8153
1.6645
1.6634
1.6601
1.8019
1.8619
1.7641
1.8562
1.8372
2.1993
1.9001
1.8519
1.8704
1.7531
1.6788
1.7029
1.5511
1.8169
1.9495
1.4538
1.6828
1.7457
1.8824
1.7115
1.7341
1.7032
1.8919
1.8861
2.0250
1.8742
1.7199
1.8334
1.4414
1.5992
2.1531
1.8128
2.0182
2.1124
2.4753
2.4953
2.2000
2.1898
1.9876
1.8291
2.1833
1.8754
1.8035
1.8486
2.2957
2.1659
1.7646
2.1367
1.6368
1.7245
1.9693
1.8920
2.0991
1.6709
1.9971
1.9940
2.2746
1.9915
2.0913
2.1808
2.2488
2.4060
2.0752
2.1793
1.8740
1.9039
1.9000
1.6923
1.9458
2.2248
2.0439
1.7895
1.8982
1.5512
2.0693
2.1492
2.3272
2.2906
2.0628
1.8766
1.6596
1.9627
1.9530
1.8610
1.8894
1.8733
1.8188
1.8989
1.6261
1.9079
1.8840
1.6219
1.6987
1.7450
1.7703
1.8503
1.8735
1.5705
2.0502
2.0401
1.9652
2.0475
2.1403
1.6894
2.3568
2.3952
1.7276
2.1582
1.9031
2.5294
2.1857
1.7515
2.0803
2.0919
1.9961
2.0566
1.9434
1.8807
2.0487
2.1045
2.2133
2.2254
1.9887
2.3000
2.1389
1.9961
2.0934
1.7343
1.9384
2.0314
1.9072
2.1011
2.0205
1.9923
1.9066
2.0661
2.2079
2.0081
1.8565
1.5144
2.0768
2.6216
2.1840
2.0137
1.7705
2.0430
1.9038
2.2603
2.3404
2.5821
2.1347
1.7298
1.8203
1.8919
1.6667
1.9451
1.6779
2.4552
2.0025
2.1858
2.1846
2.4845
1.8510
2.1252
2.0032
2.0838
2.0349
2.1086
2.2345
1.7067
1.6292
2.1567
2.3436
2.0458
1.9994
2.0246
1.7146
2.2984
1.7490
2.3723
1.7416
2.0004
2.2132
2.5119
2.1478
1.9872
2.0747
1.9609
1.7826
1.7307
2.1262
1.8797
2.0713
1.9029
2.1798
2.2654
1.8045
1.7670
2.1182
2.0388
2.0950
2.0376
2.2017
2.1023
1.8477
2.0162
1.9220
1.7971
1.9919
1.8696
1.9126
1.8578
1.9005
1.5594
2.0053
2.3778
2.1372
2.0849
1.9209
2.2436
2.1139
1.9395
1.5330
1.7600
1.9567
2.0600
2.0404
1.7911
2.1274
2.3359
2.3117
2.2614
2.1960
2.3860
2.4391
2.3563
2.3142
2.2521
2.8357
2.4880
2.2571
2.3781
2.3271
2.3777
2.3768
2.1247
2.2536
2.5402
2.5776
2.6489
2.4751
2.6651
2.1846
2.2145
2.4835
2.5513
2.2807
2.8202
2.9781
2.7444
2.1749
2.4490
2.5197
2.7341
2.6027
2.0505
2.2168
2.1545
2.2258
1.9630
2.0204
2.1781
2.1641
2.0262
2.2807
1.9724
2.2363
2.1419
1.8689
2.3672
1.7720
1.9603
1.8319
1.7339
2.1790
1.9135
2.1448
2.3183
2.3195
1.8171
2.1065
2.1020
2.0887
2.1094
2.1489
2.3794
1.7316
1.9787
1.8461
1.7453
1.8180
2.0507
1.6650
1.8483
1.9245
1.9831
1.6666
2.0428
1.6576
2.2597
2.0444
2.0565
2.2778
2.1224
1.5565
2.1740
2.1768
1.9467
2.3354
2.3508
2.2858
2.1320
1.9068
1.9739
1.8525
2.3363
2.1911
2.1068
1.9030
2.0873
1.7359
1.7862
2.3762
2.3332
1.8990
2.0475
2.3332
2.1076
2.2874
1.9900
2.2035
1.8759
1.7736
1.9631
1.7016
1.6828
1.4148
1.8173
1.8925
1.9108
1.4605
1.8391
1.7961
1.8606
1.7437
2.1259
1.9348
1.6543
2.2986
2.6942
2.4175
1.9707
2.1357
2.0787
2.2901
2.0248
2.1450
1.6256
2.0706
2.0331
2.0468
1.9133
1.9700
1.9564
2.3283
2.2584
1.7461
1.9413
2.1535
2.0993
1.7910
2.3671
1.8653
2.1087
1.8687
1.9029
2.1174
2.0110
2.1473
2.0314
1.8553
1.9225
2.2434
2.1091
2.2582
2.0480
2.0634
2.5809
2.2206
2.3115
2.2116
2.3387
2.0990
2.1291
2.0898
1.8657
2.1730
2.0000
2.0799
2.4336
2.5336
2.3046
1.9563
2.3205
1.6325
1.5972
1.9243
2.1681
2.0187
2.0621
2.0974
1.8588
1.9790
1.9154
1.8781
1.8819
1.7581
1.7951
2.0424
2.0244
1.8091
1.8490
2.0488
1.7106
1.4971
1.3015
1.9062
1.3553
1.6686
1.6443
1.7149
1.5057
1.7796
2.2580
1.8097
1.6199
1.5470
1.6301
1.4721
1.7705
1.6103
2.2693
2.1889
2.2100
1.6909
2.1764
2.1981
1.8523
1.7246
1.7843
1.9544
2.3590
2.5625
2.6538
2.0523
2.0393
2.0642
2.2204
2.0063
2.0479
1.7963
1.9752
2.2110
2.2786
2.2286
1.8488
2.2021
2.0075
2.2172
1.9909
2.0937
2.0002
1.8577
2.1013
1.9781
2.1771
1.8389
1.7888
1.9049
2.3133
2.2531
2.0120
1.6656
1.4753
1.4967
1.6961
1.6648
1.6821
1.7658
1.8079
1.9011
1.9069
1.7225
1.7161
1.5455
1.7352
2.1476
1.5140
2.1659
1.9735
1.9383
1.8956
1.5608
1.9463
1.7326
1.7672
1.9947
1.8139
2.2695
1.7096
1.9092
1.6976
1.8003
1.7885
2.1049
1.6694
1.7046
1.8249
1.5833
1.6292
1.7062
2.0373
1.9834
1.6231
1.5865
1.7353
2.0803
2.0113
1.9448
2.0303
1.7461
2.1084
1.7684
1.9121
2.4074
1.7062
1.5829
1.5857
2.0125
1.8905
1.7801
1.7082
1.7117
1.6431
1.7877
1.6263
1.7424
1.7462
1.8668
1.8249
2.0253
1.7734
1.5475
1.6543
1.4984
1.5712
1.6868
1.5167
1.5355
1.4924
1.7138
1.5741
1.6468
1.7551
1.5872
1.7649
1.7799
1.7119
1.7469
1.6611
1.5107
1.3853
1.8174
1.7212
1.7594
1.7481
1.5419
1.8987
1.9564
1.9529
2.0215
1.8378
1.6624
1.5540
1.8207
1.6677
2.1834
2.0984
2.1307
2.1302
1.8467
1.6024
1.8334
1.8277
1.8016
1.8957
1.7996
1.7631
2.1258
1.8488
2.1107
1.9777
2.1131
2.2030
2.3900
2.3644
1.9446
1.9771
1.6928
1.9412
1.7499
1.7836
1.6174
1.7846
1.8463
1.7217
1.9713
1.9423
2.4449
2.7368
2.2288
1.6995
1.6283
1.7126
1.9471
1.9475
1.8626
1.8879
1.7230
1.5744
1.7623
1.9088
1.7023
1.9358
2.0630
2.1529
1.9066
1.7749
1.9947
1.7028
1.9521
2.2980
1.8112
2.2604
2.0390
1.9455
2.0754
2.2316
2.4721
2.1169
2.1367
2.1053
2.0774
1.9386
1.7815
1.8599
2.0044
1.8473
1.7341
1.9237
1.9449
2.1222
2.2080
1.6929
1.8607
1.7952
1.6947
1.8114
1.9140
1.9429
2.0378
1.9796
1.8398
2.0046
2.0591
2.0539
1.8898
1.7372
1.7774
1.4433
1.6615
1.7990
1.7264
1.6542
1.9451
2.0373
1.4822
1.8345
1.9088
1.9574
2.0037
1.7291
1.8104
1.7177
1.5989
2.0383
1.7171
1.6719
1.9230
1.6462
1.5388
1.6252
1.8531
1.9571
2.1529
1.9041
1.8977
1.5701
2.0525
2.0274
1.7794
1.8828
1.9590
2.0325
1.6614
2.0010
2.0676
2.1133
1.7901
1.8193
1.9010
1.5812
1.7992
1.8123
1.9629
1.5349
1.6762
1.7214
1.8416
1.7803
1.9203
1.7347
1.7351
1.9920
2.1022
1.9516
2.3861
2.1029
2.1926
2.2444
2.1886
2.1642
2.1804
2.0599
2.2004
2.2073
1.7094
2.1929
2.0312
1.6788
1.9414
1.9763
2.1827
2.0220
1.9647
1.6770
1.5396
1.7568
2.2201
1.8103
1.8885
2.0821
2.1866
2.4375
2.1928
2.4976
2.2817
2.2171
2.5050
2.3482
1.9472
2.2002
2.6387
2.5059
2.0537
2.1163
2.2474
2.2762
2.1250
2.1106
2.2282
2.5928
2.6467
2.6577
2.8029
2.2178
2.5340
2.3146
2.3561
2.1107
1.8728
2.2307
1.9537
2.1626
2.1099
2.2577
2.0922
2.0095
2.4329
2.2154
1.9623
1.8057
1.7135
1.8997
1.9865
2.1924
2.0745
2.2086
2.2065
2.1726
2.1968
1.9565
2.3148
1.9420
2.0504
1.9232
1.9373
2.2623
2.1249
2.1917
2.2329
2.0264
2.0114
2.2753
2.2290
2.2941
1.8062
2.0152
2.2224
1.8414
1.7999
2.3823
2.0649
2.5391
2.1012
2.4552
2.5074
2.3666
2.3726
2.2514
2.0789
1.9930
1.8458
2.3630
2.1640
2.0514
1.9660
1.7918
2.0189
2.2204
2.1866
2.1803
2.2485
1.9007
2.3418
2.1599
2.1264
2.5648
2.2851
2.1850
2.4810
2.3046
2.1393
2.1578
1.9261
2.2659
1.9410
2.2233
2.1007
1.8606
1.8766
1.7491
2.1865
2.0490
1.7478
2.0011
1.7240
1.7485
2.0395
1.9403
2.0571
1.7488
1.9854
1.8983
1.9773
1.6208
1.9011
1.9125
1.9790
2.2056
1.9970
2.0430
2.4149
2.1651
2.2076
2.3025
2.0298
2.0529
1.6232
2.2280
1.7288
1.6373
2.0285
1.7208
1.4955
1.6184
1.9568
1.5426
1.7382
1.8012
1.6581
1.6249
1.9358
1.5577
1.7808
1.6261
1.6671
1.9133
1.7393
1.7787
1.6008
1.7427
1.3838
1.2554
1.6711
1.7735
1.7113
1.6929
1.4988
2.0023
1.7108
1.6670
1.6470
1.8884
1.6796
1.4796
1.8673
1.9945
1.7614
1.9289
2.0386
1.6533
2.0281
1.7583
1.6389
1.8035
2.0629
1.5924
1.9876
1.9489
2.0708
2.1949
1.9619
1.7300
2.1245
2.0572
2.1617
2.0270
1.7961
1.8617
1.7380
1.7657
1.9049
1.6933
2.1013
1.8791
2.0439
2.0228
2.2270
2.0671
1.5400
1.7388
1.5199
2.1425
1.8940
2.0933
1.6737
1.8658
1.7956
1.5742
1.7934
1.8821
2.3995
2.2595
2.2398
2.0687
1.9804
2.4751
1.9495
2.2669
2.1085
1.8794
1.9880
2.1402
1.9982
2.1947
2.1329
2.0131
1.9232
2.0132
2.0104
1.8916
2.2400
1.7225
2.1217
2.3356
2.0016
1.9641
2.3525
2.1128
2.4574
2.1722
2.0120
1.7471
1.8125
1.6090
1.9559
1.7460
1.8554
1.8676
1.8688
1.7028
1.7079
1.6898
1.8458
1.9484
2.0778
1.9401
1.9796
1.6367
1.6400
1.7946
1.6756
1.9971
2.0492
1.8239
2.2305
2.0023
1.8779
1.9782
2.0045
1.9475
2.0290
1.9311
2.1526
1.9969
2.5466
2.1529
2.4289
2.3011
2.3711
2.6380
2.6575
2.3387
1.7272
2.2095
2.0760
2.5551
1.7859
1.7638
2.1807
1.9224
2.3530
2.2528
2.0655
2.4390
2.4436
2.3435
2.6444
2.6441
2.1967
2.1190
2.3667
1.9502
2.1111
2.0278
2.0094
2.0298
2.5176
2.4951
2.1988
2.3846
2.2229
1.9891
2.1920
2.3753
2.3195
2.2342
2.1000
2.2297
1.9626
1.9653
1.9787
2.1731
2.1392
1.8996
2.1962
2.2339
2.0368
2.4582
2.2326
2.1085
2.3845
2.5017
2.2867
2.2637
2.2741
1.9636
2.0944
2.0920
2.4938
2.0767
2.0128
2.1739
2.0306
1.8093
1.8151
1.8948
1.7650
1.7698
1.8476
1.9346
1.7246
1.8113
2.0145
2.4760
2.1471
1.9796
1.8817
1.6952
1.9447
2.2814
1.8757
2.0139
2.0012
2.0430
1.8348
1.6983
1.7093
1.7021
2.0508
1.8787
1.6964
1.5487
1.7227
1.7414
1.8603
1.9721
2.2291
1.9915
2.2995
2.4108
2.2686
1.8989
1.9375
1.8329
1.8111
2.0183
2.0498
1.6337
1.7294
2.0758
1.8521
1.6773
1.9274
2.1912
2.3862
2.2312
2.1171
1.9327
1.9058
1.7409
2.2487
1.6144
1.9002
1.9768
2.0661
2.3693
2.3995
2.1869
2.2429
1.9045
2.4286
2.3962
2.5940
2.2511
2.7299
2.5285
2.5992
1.9649
2.0349
1.7410
1.6731
1.9549
2.0604
2.2371
2.0851
1.6961
2.0575
1.6948
2.0413
1.6096
1.6891
1.7424
1.9488
2.1208
1.7457
1.9169
1.7301
2.0046
1.8985
1.7606
1.7820
1.7941
2.1877
2.1726
1.9817
1.5853
2.0381
2.2156
1.8719
1.9960
1.9917
1.8104
1.7754
1.5878
1.7045
2.0767
2.0341
2.2423
2.0625
1.9740
1.8765
1.9431
1.7221
2.0687
1.6306
1.7008
1.6614
2.0386
1.6014
1.5702
1.6129
1.6419
1.7295
1.6708
1.7871
1.7054
1.9347
1.5641
1.8763
1.9978
1.8536
1.9371
1.8437
2.0697
2.0965
2.0468
2.0823
1.9745
1.8475
1.8739
2.1493
2.2663
1.9732
2.3031
2.2447
2.0988
2.1337
2.2546
2.1386
1.8621
1.7773
1.5621
1.6629
1.6717
1.7710
1.5707
1.7009
1.7769
1.8034
1.8743
1.6645
1.9739
1.9432
1.6493
2.2336
1.7801
2.0065
1.8628
1.8490
2.1004
1.9124
2.3392
2.0726
1.7976
2.1892
2.1165
1.8403
1.7067
1.9185
1.4826
1.6139
1.5802
1.6984
2.1376
1.8129
1.8023
1.7776
1.6452
1.5177
1.7343
1.7105
2.0151
1.6675
2.1818
1.9067
1.6862
1.9021
2.1582
1.8718
1.9685
1.8059
1.7749
1.9130
2.0046
1.9452
1.8081
2.1522
1.6691
1.8147
1.6051
1.9968
2.0216
1.7964
1.6686
1.7584
1.6714
1.9317
1.7721
1.7563
1.8716
1.6382
1.7971
1.8359
1.9802
1.8880
1.9094
2.0679
1.9134
1.9376
1.6546
2.0183
1.9511
1.6398
1.8343
1.8651
1.7398
1.7298
1.5716
1.7323
1.9575
1.5419
1.5619
1.3920
1.6979
1.6032
1.6998
1.7004
1.7722
1.5549
1.6679
1.6072
1.7067
1.8821
2.0393
1.6005
1.7119
2.1989
2.1104
2.3455
1.7749
1.9400
1.5919
1.5616
1.8079
1.4953
1.4863
1.5262
1.6084
1.7474
1.4802
1.5599
1.6971
1.6435
1.6645
1.6555
1.4114
1.4933
1.6325
1.5123
2.1861
1.9536
2.0677
2.1370
2.2599
2.1528
1.5967
1.7301
1.7674
1.7700
1.5263
1.7778
1.9020
1.9678
1.9038
1.9905
1.8901
1.7057
1.8432
1.8561
1.8652
1.8898
1.7722
1.8855
2.0323
2.0366
1.7117
1.5843
1.8220
1.8470
1.8831
1.6799
1.6134
1.4626
1.6226
1.7039
1.3271
1.7130
1.7740
1.5053
1.6521
1.7174
1.6066
1.8914
1.5249
1.7029
1.7163
1.5409
1.6219
1.8028
1.6742
1.5683
1.5889
1.6217
1.5181
1.6454
1.5867
1.5412
1.6093
1.8526
1.7770
1.6390
1.3669
1.6397
2.0177
1.6802
1.5030
1.4835
1.5952
1.6119
1.6401
1.0950
1.2021
1.5950
1.6860
1.5889
1.4522
2.0192
1.6152
1.5088
1.6203
1.9283
1.9136
1.7307
1.6927
1.6572
1.7213
2.0315
1.6999
1.7956
1.7359
1.5644
1.7662
2.2421
2.0309
1.9758
1.7594
1.8961
1.9577
1.7628
1.7830
1.9833
1.6539
1.8521
1.5811
1.7197
1.5571
1.8946
1.7741
1.9362
1.6184
1.8866
1.9918
1.8840
2.0963
1.8601
1.9693
1.6460
1.8754
1.8980
1.5502
1.5303
1.5377
1.8219
1.5241
1.4645
1.3199
1.5852
1.6187
1.5819
1.8037
1.3498
1.5220
1.7500
1.7998
1.9263
2.0361
1.6715
1.8418
1.7880
1.8890
1.9505
1.7307
1.9801
1.8201
1.9665
1.8771
1.9396
1.9591
2.1241
1.9172
1.6457
1.8000
1.8303
1.8040
2.0070
1.8134
1.2999
1.4595
1.5013
1.6005
1.6785
1.7811
1.5483
1.7195
1.7543
1.6530
1.8375
1.7804
1.6003
1.5526
1.5990
1.7241
1.9023
1.7896
1.7922
1.7279
1.5825
1.6625
1.9136
1.5734
1.6103
1.8310
1.8635
1.5858
1.6784
1.8280
1.5199
1.7131
1.7341
1.5120
1.4925
1.8845
1.6130
1.5302
1.7637
1.8169
1.7593
1.6773
1.3763
1.5431
1.7181
1.5202
1.4033
1.4828
1.7473
1.8855
1.8399
1.6622
1.6741
1.9029
1.7885
1.8649
1.9877
1.8892
1.9639
1.7716
1.5599
1.6624
1.7234
1.5843
1.6462
1.8635
1.7032
1.6641
1.1421
1.5700
1.8465
1.7864
1.8489
1.8567
1.6767
1.4714
1.5513
1.7485
1.7264
1.5543
1.6357
1.6349
1.6685
1.5068
1.6404
1.5098
1.7459
1.6840
1.6001
1.7523
1.5952
1.5897
1.7442
1.7794
1.8307
1.6899
1.5310
1.5654
1.5667
1.5328
1.8316
1.7647
1.6113
1.9481
1.8125
1.6771
1.8462
1.9391
1.4501
1.6178
1.9757
1.8898
1.8987
2.1004
1.7085
2.0609
1.7045
1.6856
1.3994
1.4346
1.0683
1.7808
1.6592
1.5616
1.7076
1.6075
1.5986
1.8180
1.8202
1.8065
1.6391
1.9343
1.8071
1.5771
1.8464
1.5384
1.8307
1.8618
1.5838
1.5761
2.0090
1.5584
1.4670
1.6626
1.8079
1.6888
1.6657
1.7472
1.6378
1.6006
1.6521
1.8841
1.7436
1.7748
1.8573
1.5790
1.6292
1.7155
1.4245
1.7547
1.5819
1.8736
1.7347
1.6840
1.5611
1.5255
1.6566
1.6745
1.4993
1.6915
1.5893
1.6283
1.6591
2.0062
1.7993
1.8643
1.8723
1.7856
1.9914
2.0098
2.0232
1.8239
1.7864
1.6862
1.7917
1.7462
1.7732
1.6811
1.5943
1.5559
1.4782
1.4861
1.9696
1.5819
1.5622
1.6569
1.5965
1.7772
1.7206
1.6256
1.6500
1.4346
1.8768
1.4832
1.5052
1.6637
1.4322
1.7106
1.6931
1.7864
1.7565
1.5155
1.6691
1.6628
1.6690
1.6867
1.6102
1.6577
1.6691
1.7992
1.8072
1.6251
1.3420
1.7396
2.1343
1.7863
1.8453
1.7682
1.8640
1.8078
1.7174
1.6967
2.5096
1.9162
1.7708
1.9457
1.8838
1.8092
1.7075
1.7328
1.6271
1.5717
1.5927
1.6973
1.6104
1.5096
1.5010
1.7993
1.8544
1.6386
1.4846
1.7316
1.9671
1.7999
1.5624
1.6328
1.7115
2.1274
1.6686
1.6538
1.8368
1.8591
1.6981
1.7222
1.1419
1.5095
1.5424
1.6325
1.5170
1.7777
1.4603
1.5321
1.7356
1.3626
1.5544
1.4024
1.6323
1.8147
1.7554
1.7486
1.8851
1.9367
1.8321
1.7670
2.1047
1.7608
1.7118
1.5534
1.6802
1.7962
1.5338
1.9201
2.0901
1.5994
1.4599
1.6226
1.5099
1.6392
1.6169
1.2385
1.3352
1.4360
1.5702
1.6307
1.5493
1.5625
1.5602
1.5239
1.6033
1.6910
1.5047
1.2982
1.6255
1.7389
1.4453
1.2175
1.1983
1.2733
1.5909
1.6353
1.7662
1.6273
1.4290
1.8267
1.9224
1.6229
1.8861
1.9433
1.6971
1.6976
1.4580
1.6109
1.9436
1.8914
1.8745
1.4266
1.5755
1.5047
1.5955
1.6122
1.5417
1.5445
1.7767
1.8059
1.9185
2.1310
1.4327
1.8410
1.3620
1.4872
1.6450
1.7166
1.4337
1.5017
1.9801
2.0242
1.4813
1.7572
1.6409
2.0047
1.6803
1.7231
1.8575
1.8844
1.9682
1.5678
1.6143
1.8379
1.4551
1.4765
1.4112
1.7767
1.7758
1.7820
1.5662
1.6276
1.8529
1.7858
1.6941
1.5170
1.7208
2.1626
1.8337
1.8298
1.8491
1.9301
1.5731
1.5206
1.6050
1.9355
1.7195
1.6745
1.3932
1.6516
1.8529
1.9776
2.1063
1.9663
1.7514
2.1898
1.9565
1.7865
1.8408
1.8827
1.8846
1.6327
1.7084
1.5666
1.7261
1.7761
1.7149
1.8829
1.5848
1.6675
1.7715
1.7689
1.7988
1.9419
1.6756
1.5764
1.7098
1.5747
2.1209
1.9191
1.6341
1.6717
1.7652
2.0719
1.7595
1.7099
1.5621
1.6124
1.9566
1.6858
1.7461
1.8213
1.6000
1.8374
1.7147
1.4032
1.7131
1.8436
2.0600
2.2618
1.8067
1.9307
2.0438
2.2174
2.1203
2.0980
2.1429
2.0798
2.1594
1.9971
1.8808
2.2021
2.1287
2.0067
2.1062
2.0441
2.1840
1.9569
2.1367
2.1345
2.1539
2.3127
2.3233
2.1593
1.8216
2.0460
2.1809
2.4738
2.4744
2.1881
2.0354
1.9694
2.2967
2.2466
2.0453
2.0423
2.2724
2.3955
2.1460
1.8754
1.9941
1.7715
1.5552
1.7454
1.8734
2.2242
1.7555
1.8631
1.9047
2.1005
1.8362
1.8078
2.1955
2.1920
1.9406
2.0149
1.7397
1.4361
1.9077
1.3850
1.9670
1.7180
1.8406
2.2735
2.5037
2.1862
2.0864
1.7021
2.1184
1.5498
1.6560
1.8098
1.8805
1.6609
1.7911
1.5475
1.6436
1.4273
1.9082
1.9837
1.7566
1.4824
1.6345
1.2699
1.3554
1.9150
1.8643
1.5992
1.5817
1.5941
1.3940
1.3534
1.4237
1.4291
1.4844
1.7045
1.6824
1.6509
1.6801
1.7470
1.6180
1.4438
1.6775
1.6325
1.5773
1.5505
2.0274
1.6637
1.5534
1.4669
1.8053
1.8267
1.6151
1.5801
1.6316
1.9055
1.6103
2.2866
2.0321
1.8362
1.7621
1.4454
2.0069
1.8453
2.2370
2.3523
2.1678
2.4072
2.1627
2.2211
2.3803
2.5247
2.7148
2.3603
2.2893
1.7243
1.8230
2.0589
2.1891
2.2683
1.8846
1.8733
1.9809
1.8759
1.8488
1.9021
1.8967
1.6701
1.6108
1.4334
1.7659
1.7069
1.6070
1.7535
1.7064
1.7532
1.8407
1.9319
1.7197
1.9191
1.8099
1.6726
1.6614
1.8673
1.7129
1.7229
1.9031
1.9030
1.7281
1.4378
1.5449
1.6099
1.8921
1.8551
1.8194
1.8323
1.9318
1.8576
1.4368
1.6599
1.4982
1.6972
1.5697
1.7574
1.6145
1.6621
1.4933
1.6035
1.7340
1.8415
1.8830
1.6223
1.7311
1.8621
1.7425
1.8152
1.6153
1.5922
1.8560
1.6643
1.5878
1.5696
1.5223
1.6219
1.7145
1.5404
1.5251
1.5528
1.5347
1.9253
1.8032
2.0577
2.1290
2.1935
1.8788
1.8671
1.4182
1.4769
1.8109
1.7832
1.8165
1.7727
1.7632
1.6000
1.8438
1.6248
1.9355
1.9008
1.4205
1.6571
1.8560
1.7330
1.6700
1.6611
1.6339
1.6255
1.6381
1.8440
1.5135
1.6230
1.5690
1.7360
1.6575
1.6192
1.5788
1.7121
1.4907
1.8861
1.8511
1.5940
1.3840
1.3703
1.7875
1.6999
1.5028
1.6584
1.7739
1.5435
1.7960
1.4346
1.6746
1.7005
1.6469
1.5431
1.4484
1.4709
1.6323
1.6313
1.7225
1.9172
1.9159
1.9652
2.2212
1.9968
1.8486
2.3855
2.5422
2.3047
1.9640
2.1922
2.2165
1.9222
2.1943
1.9020
2.0262
1.9382
1.7968
1.7246
2.0847
1.9610
1.7430
2.1877
2.0371
1.9541
2.0600
1.9813
2.2558
2.2318
2.0249
2.0668
2.1460
1.9303
2.4306
2.0380
2.3433
2.3258
2.1305
1.9886
2.2630
2.0363
2.1712
2.2686
2.2534
2.2624
1.9924
2.1709
2.2231
1.8752
2.1155
2.3098
2.3495
2.0896
1.9814
2.0872
1.9652
1.7365
2.1967
1.8827
2.0189
1.7421
2.2306
2.1373
1.8297
1.4856
1.7489
1.9051
1.8073
1.8476
1.6477
1.7707
1.7665
1.8708
1.9455
2.1119
1.7823
1.4810
1.8405
1.5983
2.0778
1.7258
2.1116
1.9781
1.7838
1.7938
1.5304
1.8051
1.8262
1.8873
1.8969
2.0427
1.6215
1.8688
1.7096
2.0217
1.7174
1.7600
1.6316
1.6947
1.7965
1.4685
1.8855
1.7476
1.7354
1.8231
1.8146
1.8732
2.1514
2.1215
1.8508
1.7162
1.8233
1.6674
1.6580
1.8988
1.7117
1.4805
1.6088
1.5713
1.6019
1.7287
1.8104
1.6927
1.7276
1.7695
1.9705
1.8156
1.6281
1.7575
1.6530
1.6597
1.5593
1.7734
1.7392
1.7518
1.8048
1.7599
1.7377
1.6340
1.5515
1.8469
1.7038
1.6025
1.7711
1.8409
1.7712
1.6645
2.0920
1.8547
1.8682
1.9914
1.6860
1.6950
1.8483
1.6785
1.7994
1.8325
1.7347
1.8968
1.6807
1.8984
2.0897
1.8061
1.6111
1.7410
1.8553
1.6164
1.7801
1.6233
1.8908
1.7146
1.6390
1.9478
1.7694
1.7588
1.6197
1.5926
1.8833
2.0638
1.9932
1.8197
1.7815
1.6957
1.8968
1.6919
1.8916
1.9440
1.9540
1.6486
1.7349
1.7141
1.8128
1.9517
1.8580
1.6879
1.8589
1.9022
1.9696
1.9363
2.0852
2.2116
2.0488
1.9321
2.3180
2.0080
1.8598
1.7994
1.6892
1.8457
1.6960
1.5211
1.6995
1.9989
1.5395
1.7202
1.7708
1.5818
1.8006
1.5459
1.8165
1.9014
2.0741
1.7813
1.9733
1.9751
1.9124
1.7852
1.7067
1.4473
1.7120
1.9308
1.7415
1.6195
1.6105
1.7246
1.9502
1.5399
1.5649
1.7272
1.5801
1.6572
1.7544
1.8880
1.7347
1.8791
1.5855
1.7241
1.6740
1.4617
1.7559
1.5897
1.8038
1.5056
1.6318
1.7093
1.6905
2.0508
1.8765
2.1444
1.7063
1.9604
2.1289
1.7775
1.9416
1.9012
1.7653
1.8048
2.2619
2.1322
2.6098
2.0899
1.8133
1.6241
1.6109
1.8425
2.0064
1.7215
1.8142
1.4785
1.7511
1.8882
1.9369
1.6028
1.5896
1.6631
1.5947
1.6079
1.5665
1.6445
1.4949
1.7280
1.4487
1.6829
1.6695
1.6555
1.9193
1.6674
1.4725
1.7840
1.5487
1.4550
1.5841
1.5759
1.7857
1.6091
1.7206
1.6002
1.7870
1.4000
1.7430
1.3951
1.5591
1.7708
1.5045
1.6389
1.7011
1.7409
1.7923
1.7746
1.6464
1.8045
1.7323
2.0553
1.8770
1.5699
1.6512
1.8099
1.7376
1.7243
1.6503
1.7033
1.9414
1.7926
1.4936
1.6505
1.7128
1.9303
1.8800
1.8796
1.9362
1.6093
1.7167
1.7552
1.7317
1.7032
1.9169
1.8355
2.0314
1.8311
1.8000
1.6380
1.5633
1.6071
1.6027
1.7578
1.7226
1.6857
1.6428
1.8639
1.8091
1.8450
1.5735
1.9035
1.6813
2.0022
1.7012
1.8424
1.7974
1.6103
1.6868
1.6460
1.5970
1.5232
1.7550
1.5798
1.8749
1.8146
1.6372
1.7407
1.7648
1.7189
1.5455
1.5949
1.6130
1.8042
1.7147
1.7316
1.5542
1.9934
1.9944
2.2363
2.1405
1.8742
2.0638
2.0111
1.8785
1.7282
1.8586
2.0335
1.9115
2.0579
2.0472
2.0946
1.9721
2.1595
2.1204
2.0212
2.2012
1.8942
1.7591
2.0655
1.6098
1.6722
1.9167
1.6788
1.7040
1.8017
2.0866
1.8538
1.7552
2.0770
1.6453
1.8429
1.9396
1.5746
1.5732
1.6550
1.8633
1.5928
1.5249
1.5741
1.5421
1.6527
1.5953
1.7324
1.4084
1.6923
2.1030
1.6343
1.3636
1.7493
1.6969
1.5849
1.7128
1.8056
1.6306
1.3766
1.3605
1.8019
1.3631
1.5487
1.4640
1.7166
1.4899
1.5044
1.7435
1.5158
1.8497
1.6232
1.6298
1.6004
1.6885
1.8779
1.3023
1.5657
1.7348
2.0049
1.5287
1.6329
1.7877
1.5608
1.7711
2.0053
1.7147
1.5555
1.6594
1.7896
1.6709
1.6685
1.7124
1.9242
1.6335
1.8353
1.8437
1.7104
1.6811
1.8094
1.6814
1.6508
1.6029
1.5953
1.5854
1.4551
1.6846
1.4535
1.7178
1.6512
1.6483
1.4849
1.6597
1.7962
1.7706
1.5866
1.8795
1.6671
1.6089
1.8476
1.7202
1.6081
1.7537
1.9091
1.7067
1.7224
2.0331
1.8377
1.9035
1.7585
1.6684
1.6414
1.7624
1.7353
1.7883
1.7084
1.7087
1.5527
1.8093
1.7002
1.7749
1.9748
1.5475
1.7631
1.4859
1.5819
1.6606
1.6678
1.5501
1.6960
1.7325
1.7658
1.6953
1.7301
1.6638
1.5539
1.7621
1.4785
1.6658
1.6236
1.6831
1.6862
1.7136
1.7486
1.6308
1.7654
1.7461
1.9666
1.7396
1.6734
1.8271
1.7763
1.5313
1.6440
1.6908
1.8701
1.8958
2.1772
2.2889
2.2472
2.9574
2.2238
2.2609
2.5001
2.1591
2.4245
1.8961
1.8862
2.2485
1.9793
2.1487
2.2638
1.8641
1.9297
2.1103
2.1578
1.8571
1.8778
2.1229
1.9878
1.8221
2.1659
1.9509
2.0011
1.9929
1.8275
1.4717
1.8156
2.0108
1.7136
1.6685
1.7311
2.0105
2.2379
1.6987
1.6838
1.8018
1.6913
1.6051
1.9894
2.3941
2.2109
1.8085
1.6600
1.7140
1.7453
1.8462
2.0586
2.0553
1.8612
1.6711
1.9623
1.7814
2.0668
1.7361
1.7903
1.5506
1.6389
1.5796
1.7549
1.6552
1.6988
1.5561
2.0101
1.7400
1.8007
1.6421
1.6274
1.7788
1.8568
2.1184
1.6569
1.8127
1.7417
1.7376
1.4830
1.9494
1.8840
1.5692
1.7433
1.6904
2.0433
2.1613
1.8543
2.1183
1.9254
1.9570
1.9826
1.8567
1.6372
1.7025
1.6869
2.3022
1.9760
1.7108
1.9759
1.8812
2.3058
1.8048
2.0637
1.8428
1.6342
1.9498
1.4766
1.7729
1.6628
1.8406
1.8727
1.6526
1.6120
1.7635
1.7782
1.9604
2.0685
2.2151
1.8517
1.9450
1.7165
1.7250
1.4659
1.6753
2.0809
1.7097
1.8943
1.6332
1.9442
1.9249
2.1572
1.9275
1.7146
1.8686
1.7322
1.8000
1.8045
2.0314
2.2511
1.7260
1.5502
1.5597
1.7659
1.3877
1.4640
1.6933
1.7350
1.6009
2.2586
1.9419
1.9566
1.7541
1.6439
1.8781
1.6132
1.8687
1.6654
1.8110
2.0716
2.0427
1.9826
1.7933
1.8114
1.9024
2.0649
2.1310
2.4093
2.5189
2.5392
2.0609
2.4900
2.3248
1.9379
2.0059
2.1019
1.7405
1.7056
1.7878
1.7086
1.6878
1.8061
1.8723
1.9017
1.8381
1.7452
1.7070
1.8865
2.6804
2.4402
2.2938
2.2977
1.9042
1.8083
1.6880
1.7770
1.3700
1.6249
1.7086
1.7742
1.6467
2.0526
1.8225
1.5792
1.6752
1.5949
1.2821
1.6023
1.7775
1.9713
1.7102
1.7013
1.6785
1.5757
1.9405
1.4955
1.5537
1.5497
1.4041
1.5661
1.3339
1.8981
1.8122
1.6987
1.5731
1.9333
1.9892
1.7047
1.6054
1.9111
1.5544
2.2160
2.0872
1.8632
1.8438
1.8184
1.9356
1.6939
1.7437
1.6339
1.7289
1.7119
1.3755
1.9430
2.1087
1.9439
1.7565
1.6533
1.8898
2.1613
2.1589
1.7990
1.8431
1.6812
1.5959
1.6325
1.2054
1.2990
1.5578
1.7046
1.6998
1.7293
1.6845
1.7050
1.8103
1.5923
1.6248
1.6472
1.9888
1.7437
1.6928
1.6553
1.6380
1.5629
1.6336
1.6216
1.5686
1.8635
1.7151
1.6341
1.6529
1.7875
1.9148
1.8213
1.7576
1.9566
1.7311
1.7040
1.8452
1.7385
1.9245
1.9300
1.9056
1.9027
2.0321
2.3122
2.1086
1.9184
2.2627
2.0025
2.0208
1.9681
1.6026
1.6725
1.6249
1.9690
1.5256
1.6298
1.5931
1.7050
1.7192
1.7335
1.3355
1.5203
1.6395
1.8757
2.0847
1.9271
2.0467
2.1995
2.1217
1.8982
2.1996
1.8514
1.6897
1.8653
1.8822
1.3773
1.6279
1.7822
1.7019
1.7842
1.7451
1.7520
1.8073
2.4596
1.8908
1.9306
1.6876
1.6886
1.9568
1.7994
1.8241
1.8044
1.8106
1.7425
1.6688
1.6080
1.6786
1.7091
1.9159
1.9002
1.8053
1.4834
1.6517
1.7842
1.6809
1.7362
1.8692
1.6442
2.0486
1.8169
1.9945
1.8867
1.8718
1.7579
1.5402
1.5996
1.5901
1.6156
1.8876
1.6970
1.6339
1.8603
1.7899
1.9274
1.9990
2.0176
1.8428
2.0433
1.7634
1.7621
2.0154
1.8325
1.8273
1.6509
1.7944
1.4351
1.7853
1.7137
1.7838
1.7962
1.6865
1.8255
1.6206
1.3843
1.1637
1.5884
1.6985
1.6362
1.7955
1.7325
1.7320
1.6282
1.5691
1.7717
1.8192
1.7930
1.8649
1.5776
1.4976
1.6522
1.6218
1.6729
1.6430
1.7948
1.8424
1.5868
1.7033
1.6029
1.7082
1.7824
1.5048
1.8253
1.7433
1.6480
1.7156
1.7446
1.5572
1.8648
1.7198
1.7422
1.5665
1.6288
1.5379
1.7744
1.6115
1.7814
2.0826
1.6380
1.7617
1.8135
1.6966
1.9122
1.8100
1.8587
1.6565
1.8026
1.5899
1.8412
1.5638
1.6339
1.7828
1.6302
1.8443
1.5111
1.6040
1.4521
1.5312
1.7646
1.3899
1.6546
1.7389
1.6005
1.7872
1.8768
1.9811
2.0347
1.9765
2.0747
1.5809
1.9985
1.6210
1.8760
2.0902
1.7549
1.7461
1.8342
1.6049
1.8114
1.6288
1.8253
1.7875
1.6946
1.7746
1.8816
1.5411
1.6329
1.7194
1.5770
1.5724
1.6583
1.7584
1.9072
1.7595
1.8972
1.8691
1.7068
1.6639
1.4908
1.6843
1.4750
1.7854
1.8033
1.8922
1.6426
1.7730
1.5134
1.9619
2.0975
1.7685
1.9147
1.9164
1.8142
1.6614
1.8302
1.9481
1.7737
1.8999
1.9077
1.9536
1.8406
1.8127
1.7188
1.9350
1.6589
1.6471
1.8028
2.0705
1.9724
2.0973
2.0076
2.0356
2.3109
1.9830
1.6547
1.6699
1.7423
1.5525
1.3786
1.6763
2.2249
2.1414
1.8588
1.9196
1.9512
1.6832
1.5519
1.8155
1.7125
1.6365
1.6344
1.7142
1.5933
1.9635
1.7625
1.8309
1.5306
1.5498
1.8189
1.8717
1.7230
1.6672
1.9775
1.8340
1.7289
1.8107
1.8702
1.7833
1.7244
1.8342
1.6648
1.8301
1.9740
1.5917
1.7205
1.7257
1.7245
1.7266
1.8251
1.5329
1.5923
1.6565
1.6935
1.8992
1.4712
1.6714
1.6484
1.3157
1.4757
1.3889
1.3541
1.4517
1.7950
1.5928
1.5922
1.5989
1.5521
1.5765
1.4229
1.3130
1.4859
1.4381
1.2170
1.3102
1.8200
2.0529
1.9324
1.6333
1.7099
1.9443
1.9246
1.6793
1.5541
1.5845
1.4717
1.5332
1.6028
1.7425
1.8160
1.7116
2.0082
1.4896
1.5199
1.5694
1.4375
1.4737
1.5626
1.5738
1.6812
1.7437
1.6370
1.4908
1.8098
1.3283
1.5932
1.5766
1.5620
1.3033
1.4896
1.4273
1.4917
1.6720
1.5983
1.4318
1.5131
1.4844
1.5136
1.4228
1.5776
1.5864
1.5725
1.4383
1.8480
1.3715
1.7717
1.6653
1.4957
1.8480
1.5106
1.4031
1.6641
1.7325
1.4650
1.4376
1.6085
1.5166
1.4329
1.4814
1.5744
1.5281
1.4860
1.6091
1.4250
1.5294
1.5100
1.5312
1.6241
1.6468
1.6366
1.7111
1.8007
1.8606
1.7619
1.5717
1.4400
1.5420
1.6181
1.4565
1.6059
1.4522
1.5458
1.7600
1.7324
1.5529
1.4938
1.1967
1.6938
1.5604
1.7282
1.6094
1.6506
1.5270
1.5857
1.5244
1.2978
1.3655
1.4285
1.7575
1.6512
1.6620
1.6256
1.8619
1.5450
1.4548
1.5375
1.3783
1.5034
1.4804
1.6372
1.5705
1.5965
1.6108
1.7876
1.7410
1.4859
1.5235
1.9006
1.6231
1.7344
1.9224
1.6859
1.7233
1.6378
1.6425
1.4943
1.7575
1.5875
1.8293
1.9134
1.3879
1.6513
1.4204
1.8201
1.8025
1.8903
1.7618
1.8058
1.6393
1.9306
1.7876
1.7045
1.8805
1.7268
1.6919
1.7469
1.6297
1.7942
1.8479
1.6261
1.6269
1.5690
1.5064
1.6824
1.3726
1.5055
1.7336
1.6296
1.6397
1.7768
1.7528
1.7372
1.5099
1.4298
1.7403
1.6397
1.7046
1.5466
1.4849
1.7817
1.7451
1.6203
1.8390
1.9239
1.8110
1.6231
1.6406
1.5410
1.6750
1.7540
1.6347
1.6951
1.7465
1.8936
1.9116
1.8351
1.8267
1.8083
1.7348
1.9054
1.6503
1.8812
1.9982
2.1593
1.8561
1.9472
2.0595
1.7058
1.6479
1.7021
1.7595
1.7305
1.6270
1.6392
1.5959
1.8765
1.6873
1.7311
1.5254
1.7089
1.9959
1.8429
1.8896
1.4385
1.5033
1.6137
1.6061
1.6478
1.4283
1.6181
1.7288
1.8547
1.6793
1.6348
1.7223
1.6919
1.6003
1.6442
1.3619
1.6445
1.5087
1.5769
1.8069
1.6519
1.5071
1.6217
1.9441
1.9015
1.7836
1.6004
1.4741
1.7278
1.5885
1.7423
1.8589
2.0330
2.0140
1.9283
2.1103
1.8607
1.8213
1.5970
1.4962
1.6091
1.6213
1.5731
1.6801
1.8523
1.6692
1.7292
1.6773
1.4596
1.6934
1.6477
1.3843
1.4792
1.5487
1.5380
1.4558
1.6580
1.6590
1.8347
1.6958
1.8864
1.8251
2.0362
1.6265
1.6831
1.7962
1.7314
1.7192
1.6339
1.5225
1.6176
1.6305
1.8537
1.6416
1.8998
1.9009
1.5494
1.8935
1.6218
1.7467
1.5968
1.5290
1.6215
1.5014
1.9139
1.6973
1.7985
1.5245
1.6468
1.7133
1.7774
1.7466
1.9040
1.7103
1.6729
1.5442
1.6050
1.4887
1.6729
1.7241
1.6795
1.7489
1.7862
1.8960
1.7927
1.5449
1.7085
1.6373
1.4530
1.5137
1.8169
1.5224
1.7242
1.8369
1.7709
1.7715
1.4683
1.8977
1.7320
1.5595
1.8263
1.6182
1.8558
1.6759
1.6437
1.4512
1.7233
1.8604
1.7163
1.7213
1.7319
1.9386
1.8356
1.6005
1.8584
1.7554
1.5422
1.6411
1.5259
1.7248
2.0614
1.7332
1.6006
1.6805
1.2726
1.5942
1.6250
1.7905
1.6129
1.7365
1.5996
1.5040
1.5374
1.8433
1.8230
1.6499
1.7792
1.7378
1.7085
1.7879
1.6228
1.6617
1.9273
1.7972
1.9574
1.7112
1.6110
1.7026
1.6250
1.6010
1.9010
1.9045
2.0293
1.9828
1.8045
1.8237
1.6359
1.6919
1.8462
1.9469
1.9830
2.0543
1.7200
1.9789
1.8281
1.5940
1.8144
1.8844
1.7475
1.8007
2.0645
1.7674
1.6373
1.6797
1.9193
1.8198
1.6140
1.8877
1.8103
1.7158
1.8325
1.7710
1.8528
1.9130
1.9335
1.9107
1.9901
1.8992
2.2219
1.8501
1.7577
1.7389
1.9347
2.2592
1.7372
2.1023
1.7913
1.7323
1.7958
1.8783
1.8113
1.9130
1.9044
1.7741
1.8781
1.7082
1.6268
1.6842
1.8777
1.7411
1.7538
1.7516
1.7117
1.8826
1.8816
2.0700
1.8747
1.6808
1.6530
1.7743
1.6914
1.7293
1.9846
1.8982
1.7231
1.9454
1.8682
1.6905
1.6775
1.7380
1.9035
2.0251
2.1489
2.0010
2.2783
1.8300
1.8647
2.0098
1.7304
1.5595
1.6979
1.6677
1.7123
1.9099
1.6905
1.7098
1.7415
1.6920
1.7505
1.7944
1.7325
1.7231
1.7073
1.6954
1.8100
1.6341
1.8662
1.7122
1.5644
1.8692
1.5037
1.8709
1.6768
1.6409
1.8424
1.6791
1.5125
1.5839
1.6679
