3.0829
3.0249
2.8690
2.8140
2.6800
2.9171
2.9943
2.7497
3.0947
2.8932
2.7908
2.5882
2.5691
2.9404
2.6644
2.7797
2.9874
2.6810
2.7641
2.9013
2.5570
2.8613
3.0021
3.0778
2.7648
2.9973
3.0883
3.2522
3.6034
3.0334
2.9616
3.1608
3.2784
2.8943
3.0702
3.0179
2.9985
3.1013
3.2757
3.5344
3.3419
2.9711
3.4026
3.2337
3.2754
3.0663
3.4696
3.4542
3.0244
3.1659
3.2029
3.2460
3.3815
3.6537
3.8369
3.5716
3.4853
3.6302
3.8927
3.8001
3.7896
3.2972
3.6159
3.4628
3.7241
3.4009
3.5123
3.3849
3.5216
3.6255
3.5246
3.7212
3.6501
3.3878
3.3178
3.3989
3.1751
3.4946
3.6548
3.5153
3.4001
3.6894
3.3442
3.8901
3.9009
3.5527
3.4435
3.7277
3.5235
3.7842
3.5162
3.2415
3.3102
3.5973
3.7363
3.4672
3.5606
3.4906
3.6912
3.6017
3.4255
3.5069
3.2811
3.4365
3.6290
3.3880
3.5770
3.6674
3.8353
3.4479
3.4575
3.7271
3.4966
3.8008
3.4789
3.3050
3.5938
3.5583
3.6223
3.5068
3.6151
3.7293
3.4000
3.3292
3.2362
3.2536
3.2155
3.4795
3.5695
3.3588
3.2650
3.7069
3.1336
3.0541
3.0144
3.3573
3.0244
3.1600
3.1448
3.6718
3.1369
3.3736
3.2312
3.4056
3.4112
3.2633
3.0417
3.4003
2.9210
3.0247
3.1443
3.2535
3.2668
3.3617
3.4457
3.7994
3.2687
3.6699
3.3471
3.6222
3.6084
3.5274
3.6558
3.6274
3.7550
3.9680
3.8250
3.5400
3.5369
3.3972
3.6654
3.5602
3.7758
3.6789
4.0980
4.2232
4.0470
4.2813
4.0865
4.0037
3.9964
4.0787
4.0994
3.9176
4.1976
4.0654
3.9517
4.0379
3.9010
3.8852
3.6968
3.9530
3.7835
3.9588
3.9327
3.3451
3.5437
3.6267
3.7386
3.8661
3.7082
3.7970
3.8839
3.9365
3.8410
3.5006
3.6031
3.8704
4.0627
3.8627
3.7543
3.7480
3.5500
3.6924
3.9044
3.3104
3.4344
3.6794
3.6076
3.5160
3.1506
3.5173
3.9970
4.1157
3.9539
3.9825
4.0207
4.0537
3.9087
3.9850
3.8840
4.1202
3.9701
3.8603
4.0820
4.2216
4.1458
4.0761
4.1523
4.1323
4.0847
4.2257
4.2171
4.3430
4.0535
4.3559
4.2495
4.3436
3.8775
4.3026
4.2359
3.8442
3.6845
3.8119
3.9477
4.2182
4.0505
3.9940
4.0837
3.9441
3.9469
3.9707
4.1623
3.8832
3.8930
3.8678
3.8398
3.9072
3.8574
3.9129
4.3056
4.3314
3.9471
4.1752
4.1074
4.2990
4.3154
4.2153
4.0388
4.2143
4.2553
3.9508
4.3704
4.2645
4.1041
4.2799
4.3568
4.2313
4.0794
4.1624
4.3135
3.7215
3.9025
4.1422
3.8963
4.1645
3.6241
4.0616
4.1551
4.3961
4.5973
4.3668
4.3772
4.3337
4.0264
4.4759
4.6881
4.2376
4.3114
3.7374
4.3059
3.8744
4.3353
4.3173
4.3375
4.1555
3.8423
3.8296
3.8774
4.1265
4.0770
3.9494
3.7412
3.7826
3.9899
4.0009
3.5990
3.8429
3.8485
4.2070
3.7524
3.6437
4.0194
3.7163
4.2501
4.1629
4.0534
4.0426
3.9709
4.5431
4.3723
4.2147
4.3434
4.4476
3.9258
4.1037
4.1822
3.7718
4.1496
3.8444
3.9621
4.2730
3.8580
3.9797
4.1634
4.2633
4.4047
4.5097
4.2572
4.1392
4.0935
3.9117
4.1719
4.2287
4.2472
3.9103
4.1048
3.9857
4.0366
3.9929
3.8165
3.9196
4.1032
4.4030
4.2474
4.0767
4.0605
3.5984
4.3474
4.2763
3.9336
3.8575
4.3728
4.0790
3.8290
4.1864
4.2830
3.9527
4.2028
4.4074
4.0728
4.1826
4.0830
4.2198
4.4410
3.9527
4.1081
4.1730
3.5717
3.8730
3.9407
4.0262
4.1053
3.8220
3.7338
3.4808
3.7770
3.5523
3.6362
3.6869
3.3588
4.1080
4.1517
3.4133
3.6052
4.0623
4.2235
3.7457
3.6056
3.9369
3.9553
4.3080
4.0206
4.2222
4.5026
4.1820
4.0522
4.1421
4.0607
4.1415
4.4119
4.3555
4.6750
4.7124
4.4692
4.8050
4.7065
4.4865
4.4002
4.4850
4.4793
4.7176
4.5856
4.4408
4.5719
4.8517
4.8308
4.7212
5.0175
4.8574
4.9347
4.9561
4.6841
4.3702
4.4297
4.2778
4.5336
4.5495
4.1398
4.0959
4.1032
4.4481
4.3313
4.3080
4.1700
4.4410
4.2644
4.3205
3.9963
4.0528
4.1184
4.0301
4.2990
4.0690
3.8151
4.1903
3.7265
3.9321
3.9933
3.7784
4.0700
4.0596
4.2718
4.2303
4.2081
4.3297
4.5193
4.4060
4.2609
4.3837
4.2585
4.0002
4.0724
4.1966
4.1943
4.0706
4.0636
4.1158
4.2531
4.0974
4.1343
4.0291
4.0651
4.1369
3.9703
4.1838
3.8221
3.9686
4.0871
4.2146
3.9523
3.9738
4.0830
4.4587
4.0825
4.0326
4.2499
3.8487
4.0042
4.3127
4.3315
4.2591
4.4380
4.3077
4.1016
4.0078
4.2331
4.1290
4.0993
4.0340
4.4781
4.0842
4.2235
3.9352
4.1937
4.3010
4.1798
4.3049
3.8792
3.9244
4.0405
3.8633
3.8800
3.8188
3.7381
4.0413
3.9531
3.9475
3.9068
4.1771
4.1487
3.7792
3.9377
4.0108
3.9077
3.9379
3.7773
4.1436
4.0609
3.9412
4.0697
4.1257
3.8512
3.8899
3.9473
4.2034
4.0831
3.9342
4.0186
3.7726
4.0245
4.1268
3.8663
4.1221
4.0987
3.8919
4.5032
4.2833
4.1007
3.9736
3.9086
3.8593
3.9328
4.1364
3.9462
3.7906
3.8759
3.8593
3.8749
3.7685
3.6719
3.9523
3.7754
3.6342
3.9779
3.7034
3.7377
3.6960
3.6851
3.8414
3.7229
4.0130
3.9818
4.1290
4.1031
4.1328
4.0310
4.0240
3.7868
3.9922
4.1529
3.8896
3.9588
3.9895
3.7115
3.8348
3.8112
4.0104
3.9811
3.9876
3.5801
3.7391
3.9865
3.8482
3.9922
3.8734
3.9819
3.8618
4.0273
4.0278
4.0528
4.0954
4.1030
3.6955
3.6325
4.0455
3.8802
3.5825
3.9650
3.8645
3.5455
3.6194
3.7909
3.9871
3.7272
3.9789
3.8524
3.8488
3.7207
4.1030
3.8623
3.6748
3.6234
3.6821
3.7188
3.5452
3.5857
3.2968
3.1148
3.2343
3.4417
3.7586
3.6413
3.6543
3.4431
3.5370
3.2862
3.5945
3.5068
3.4636
3.5653
3.3973
3.6156
3.2655
3.3055
3.3357
3.7348
3.4721
3.3059
3.4392
3.4148
3.3384
3.4307
3.5171
3.3977
3.4587
3.6551
3.9796
3.8096
3.6971
3.3002
3.4297
3.8159
3.8225
3.8048
3.8756
3.4740
3.8508
4.2106
4.2264
4.1666
3.9520
3.8426
3.7866
4.1423
3.5997
3.9468
3.9169
4.0819
3.8596
3.5683
3.6453
3.7135
3.7012
3.8470
3.7127
4.1150
3.8451
3.8720
4.0480
3.8259
3.8820
3.5917
3.8604
3.9686
4.1541
3.7275
4.0365
3.9547
4.0165
3.6995
3.9938
3.8859
3.9375
3.9829
3.8221
4.0149
3.9294
4.1362
3.8828
4.2502
4.3594
4.1222
4.1161
4.2669
4.4877
4.4660
4.6348
4.5857
4.2485
4.1037
4.1073
4.5243
4.6247
4.1685
4.4646
4.2548
4.4556
4.2051
4.3828
4.3071
4.3453
4.4396
4.4869
4.2951
4.0738
4.0890
4.0617
4.2187
4.2959
4.5150
4.2436
4.0203
4.1803
3.7611
3.8013
3.7141
3.7788
3.8140
3.9081
3.9994
4.0336
3.6336
3.6613
3.9986
4.1882
3.9828
3.6285
3.8488
3.8973
3.7604
3.9888
3.5817
3.8196
3.7892
3.7619
3.7699
3.9264
3.9644
3.9873
4.1331
4.1414
3.7477
3.8061
4.0657
3.9108
3.9389
3.9387
3.5845
3.8820
3.7072
3.8440
3.7771
3.7362
3.9806
3.6765
3.6242
3.8446
3.8422
3.9828
3.8844
3.7182
3.6806
4.0905
3.8052
3.9480
4.0626
4.1657
4.1385
4.1155
4.1451
4.1111
3.8898
4.1205
4.0762
3.9143
3.6237
3.7642
4.1456
4.3239
3.9808
4.2364
4.2139
4.1949
4.0856
3.9195
4.2317
4.0903
3.9707
3.8478
3.7807
3.9109
4.1906
4.3159
4.0605
3.9001
3.9350
4.0878
4.1518
4.1039
4.1940
3.9501
4.0127
4.1360
4.0816
4.0662
3.8229
3.6289
3.7114
3.4467
3.8034
3.7961
3.9658
4.1753
4.0652
4.0743
4.1819
3.8283
3.9634
3.6426
3.8788
3.7037
4.1656
3.9384
4.0785
4.1738
3.9559
3.9298
3.9426
3.7025
3.5668
3.8637
3.6657
3.7442
3.6836
3.7086
4.0600
3.9755
3.6134
3.8013
3.8283
3.8947
3.8567
3.5424
3.5321
3.4483
3.4987
3.6675
3.7277
3.5892
3.7858
3.9983
3.8026
3.8610
3.8199
3.5323
3.8778
3.6222
3.5260
3.3345
3.3927
3.4504
3.5611
3.9682
3.7788
3.7775
3.6508
3.4679
3.6205
3.5433
3.6366
3.6694
3.5578
3.7268
3.6565
3.7918
3.5726
3.6532
3.5546
3.5953
3.7420
3.7837
3.5558
3.7594
3.5026
3.6284
3.7154
3.5970
4.0281
3.8205
3.8653
4.0175
3.9542
3.8953
3.9644
3.8695
4.1327
3.8715
3.9769
3.5724
3.8938
3.5428
3.9025
3.7069
3.5578
3.7632
3.6331
3.8491
4.1784
4.0533
3.7204
3.5408
3.6298
3.6762
3.7182
4.0124
3.8132
4.0143
3.9231
3.9753
3.8048
3.8933
3.8253
4.0417
3.9756
4.0145
3.5757
3.7534
3.7000
3.7715
3.8747
3.7107
3.6018
3.9891
3.7500
3.9399
3.7850
3.8729
3.5363
3.6100
4.0255
3.6585
3.5098
3.9860
3.5544
3.6950
3.7753
3.7962
3.4458
3.6962
3.5893
3.6023
3.7978
3.7642
4.1815
3.9768
3.9818
3.6723
4.0572
4.0059
3.7467
3.7997
4.1203
3.9206
3.7815
3.8841
3.9829
3.6602
3.8341
3.5235
3.6952
3.8992
3.9843
3.9987
3.9959
3.7316
3.6876
3.9271
3.7662
3.8764
3.6906
3.4484
3.7980
3.9556
3.6787
3.7774
3.7338
3.7444
3.9204
4.0375
3.7188
3.7161
3.8091
3.8046
3.7705
3.4975
3.7523
3.6803
4.1644
3.9572
3.9604
3.6457
3.6214
3.5013
4.2007
4.2129
3.9372
3.7678
3.8575
3.9424
3.7402
4.0612
3.7658
4.1323
4.0443
3.5321
3.6678
3.5767
3.6284
3.5560
3.8085
3.7408
3.8451
3.5116
3.5225
3.6152
3.5508
4.0410
3.9137
3.5390
3.9327
3.5668
3.7471
3.8717
4.1069
3.7944
3.9147
4.1137
4.1405
3.8694
3.9381
3.7966
3.8927
3.9238
3.5520
3.7413
3.7325
3.7300
3.6057
3.6814
3.8163
3.8596
3.8405
3.7519
3.7784
3.9677
4.1370
3.6754
3.9572
3.6119
3.7345
3.9219
3.8772
3.7322
3.9177
4.1794
3.9303
3.8758
3.9119
4.0990
3.8799
3.8573
3.8310
4.0279
3.6163
3.9762
4.0514
4.0340
3.9854
3.9675
3.9534
3.7612
4.0480
3.7527
3.9852
3.6477
3.7496
3.7510
3.9829
3.8456
3.8328
3.7500
3.9189
3.8646
3.7606
3.7965
3.7501
4.1748
4.1052
3.8736
3.9973
3.8750
3.8764
3.8072
3.8825
3.8760
3.6827
3.5709
3.7041
3.6037
3.5982
3.8762
3.4619
3.6169
3.4911
3.6585
3.6764
3.5713
3.7453
3.6950
3.9513
4.0012
3.9716
3.7231
4.2353
4.0876
3.7435
4.0722
3.8185
3.4581
3.4215
3.7129
3.8653
3.6953
3.6007
3.7666
3.7594
3.5419
3.8478
3.6202
3.7329
3.6817
3.5876
3.8657
3.7827
3.5271
3.6832
3.6273
3.5140
3.6441
3.3905
3.3504
3.5047
3.7310
3.7564
3.6013
3.6623
3.7602
3.8096
4.1544
3.6791
3.8822
3.7201
3.8007
4.0061
3.6988
4.0326
3.7810
4.1475
3.9548
3.5477
3.5899
3.5017
3.4729
3.6869
3.4904
3.7453
3.5825
3.4930
3.5614
3.8566
3.6846
3.7798
3.7187
3.8534
3.8221
3.4895
3.7357
3.7863
3.6715
3.8791
3.6962
3.6329
3.7402
3.8352
3.7384
3.6119
3.7668
3.6408
3.8228
3.7072
3.7096
3.5875
3.4545
3.7109
3.9744
3.5914
3.7653
3.6890
3.8866
3.8477
3.6286
3.5267
3.6936
3.8430
3.6305
3.5854
3.6410
3.5914
3.9954
3.7285
3.8823
4.0006
3.8255
3.7386
4.1521
3.7181
3.7649
3.8245
3.8721
3.6699
3.8809
3.7415
3.7506
4.0204
3.9901
4.2526
4.1769
3.3538
3.8940
3.6862
3.9217
3.8496
4.0054
4.0597
4.0165
3.6257
3.7258
3.7796
3.7587
3.9413
4.0096
3.6965
3.8573
3.6755
3.7278
3.9788
4.0644
3.7028
3.6833
3.3895
3.4410
3.6252
3.2314
3.3877
3.5619
3.2671
3.5264
3.7355
3.6337
3.4670
3.9266
3.8225
3.5504
3.4736
3.3768
3.3902
3.6435
3.7310
3.7047
3.4973
3.7658
3.6093
4.0111
3.7683
3.7547
3.8944
3.5552
3.5661
3.5242
3.4834
3.4975
3.6006
3.5520
3.4985
3.8575
3.8336
3.7634
3.7097
3.4152
3.9208
3.5425
3.4277
3.0434
3.0743
3.3695
3.3657
3.2468
3.6188
3.6682
3.6291
3.7978
3.5356
3.3360
3.4575
3.6450
3.7852
3.6521
3.5213
3.6646
3.7225
3.6484
3.7344
3.5087
3.2460
3.4708
3.7573
3.9587
3.7505
3.7237
3.7919
3.7856
3.7194
3.6473
3.8273
3.8529
4.0215
3.9488
3.7046
3.8080
3.8941
3.9138
3.6168
3.8353
3.6794
3.9852
3.7166
3.8388
3.7556
4.1448
3.9754
3.9457
4.2188
4.2633
3.9959
3.9726
4.0610
4.2317
3.9813
4.0059
3.9233
4.1064
4.0039
4.0790
3.8672
3.7348
4.1552
4.2946
4.0844
3.8243
4.4970
3.7798
3.9034
3.9711
3.9898
4.3244
4.2552
4.6344
4.0615
4.2009
4.2600
4.3589
4.3333
4.2911
4.3466
4.5140
4.8408
4.2551
4.0700
4.2285
4.2587
4.4079
4.5201
4.4739
4.2287
4.3182
4.2176
4.3807
4.1521
4.0866
4.1998
4.1342
4.1611
4.1294
4.2109
4.3740
4.0003
4.0795
4.3941
3.9711
4.0011
4.1029
4.0676
4.3121
3.9722
3.9473
4.1995
4.3418
4.1093
3.9400
4.2927
4.2979
4.0536
3.8866
4.1784
4.3464
4.0997
4.1706
4.3658
3.9961
3.9480
3.6165
3.9616
3.8664
4.0357
4.0049
4.3700
4.1553
3.7253
3.7589
4.0151
4.1773
4.2032
4.0967
3.8791
4.2028
4.1801
3.7449
4.1975
4.0469
3.8514
3.7324
4.0042
3.9717
3.8327
3.9432
3.8984
4.2145
3.6747
3.7582
3.7410
3.9325
3.9619
3.9298
4.2435
4.3749
4.1524
4.2900
4.0146
4.2616
3.9988
4.3769
4.1803
4.1144
4.3380
3.9272
4.0896
4.0696
3.8955
3.7731
3.8322
3.5618
4.0625
4.0800
4.3221
3.8844
4.0168
3.5879
3.9175
4.0101
3.8819
4.4030
4.1973
3.7766
4.0465
4.1389
3.8122
4.2222
3.9538
3.9919
4.2101
4.0726
4.2231
4.0689
4.2419
4.4571
4.1632
4.0432
4.2821
4.2275
4.1015
4.0868
3.9463
3.8605
3.7142
3.8844
3.7275
3.9708
4.3205
3.6137
3.5896
3.6457
4.0472
3.8298
3.6481
3.6849
3.8986
3.6758
3.8330
3.9171
4.1560
3.7914
3.8978
3.7269
3.5679
3.8245
3.7202
3.8715
3.7750
4.0097
3.9254
3.9249
4.0772
4.0264
4.0312
3.8245
4.3599
4.2008
3.6878
4.1089
3.7675
4.1030
4.0699
3.9499
3.9874
3.9535
3.9461
3.5895
3.8502
3.9480
3.8224
3.6761
3.9831
4.0111
3.5339
3.6741
4.1196
4.4086
3.9384
4.0651
4.0528
3.9323
4.1581
4.3740
4.3517
4.1308
4.2710
4.2434
3.9899
4.0978
4.2780
4.1821
4.2572
4.3473
4.3099
4.1977
4.2894
3.7626
4.2261
4.3862
4.2983
4.4569
4.5968
4.2862
4.2865
4.1801
4.5534
4.3554
4.1794
4.0714
4.3276
4.2596
4.1552
3.8706
4.4364
4.6401
4.5321
4.2122
4.3268
3.9933
4.1634
3.8913
4.0455
3.6992
4.1388
3.9708
4.1715
4.1223
4.0882
4.1450
4.0719
4.0181
4.2214
3.8472
3.7879
3.9513
3.7392
3.8832
3.8064
4.0178
3.6212
3.6635
3.8319
3.9950
3.9535
4.1013
3.7984
3.9634
3.8296
4.0333
3.6977
3.6810
4.2935
3.7854
3.7883
3.5518
3.7184
3.8284
3.9383
3.8086
3.6523
3.6235
3.7194
3.8244
4.1354
3.8261
4.0779
4.4312
4.2786
3.7163
3.7366
3.4936
4.1800
4.1618
4.4316
4.1546
4.2123
4.4524
4.1967
3.9003
4.3693
4.3531
4.2542
4.1626
4.5211
4.0253
4.0650
4.2853
4.1263
3.9656
4.1571
4.4700
4.3585
4.2495
4.0226
3.9523
3.9194
3.8306
4.0484
3.9045
4.2273
3.7705
3.7806
4.3583
4.0291
4.1061
4.0674
4.1975
3.6843
4.0746
4.0958
3.8446
4.0305
3.8303
4.1004
4.2449
4.1719
4.2022
3.8375
3.8965
3.7467
4.0535
3.6787
3.9426
4.0452
3.8473
4.1108
3.9402
3.9292
4.0777
3.8901
4.4114
4.0834
3.7426
3.8183
4.0405
4.1912
4.2169
4.2239
3.8729
4.0627
4.0280
4.2260
4.1658
4.2663
3.9886
4.0915
4.0162
3.9728
4.0121
4.1380
4.2722
4.3602
4.2192
4.1867
4.4025
3.8684
3.8256
3.7852
3.9197
4.0389
4.1255
3.8827
3.9074
3.6081
4.0163
4.0299
4.0773
4.0010
3.8322
3.9350
3.8928
3.8990
4.0697
3.9187
3.7646
4.0436
3.8124
4.0379
4.1479
3.9460
4.0113
4.2485
4.2731
3.7776
3.9619
3.8913
4.2692
3.8906
4.2182
3.9123
3.7716
4.3123
3.8639
4.0367
4.2387
4.0274
4.1067
4.1958
4.0992
3.9055
3.8183
3.8165
3.9013
3.6937
3.5731
3.6305
3.9012
3.9425
3.7694
3.9392
3.6677
4.1339
3.7594
3.9497
3.9042
4.1718
4.2532
4.2187
4.1878
3.6617
3.9953
3.9831
3.8585
4.0993
4.0689
4.2123
4.0052
4.1972
3.8178
3.6365
4.0608
4.2236
4.1608
4.1944
4.0924
4.0617
4.2701
4.0359
3.9133
3.8112
4.0640
3.9500
4.2364
3.6761
4.1539
4.0843
4.0536
4.0674
4.0872
4.0842
4.0660
4.0328
4.1207
3.9691
4.0623
4.2322
3.9755
3.9258
3.8485
3.6992
3.5703
3.9255
4.1996
4.1295
3.9510
3.7387
3.9161
4.0857
3.9788
3.8724
4.0741
4.0510
3.8657
3.8143
3.7801
3.9070
4.1374
4.0993
4.1882
3.9042
4.1565
3.9565
4.3420
3.9961
4.0410
4.3230
4.3302
4.1772
4.0538
4.1610
4.3113
4.1869
3.9450
4.2587
4.1425
3.9130
4.2159
4.2627
3.9719
3.9850
4.1443
4.3749
4.3837
4.1452
4.1643
3.8918
4.1165
4.0358
4.0585
3.9584
3.9925
4.1829
4.3047
4.1981
3.8764
3.8502
3.8310
4.3137
3.9428
4.1872
4.2119
3.9553
3.6879
4.1042
3.9908
3.9596
4.2042
3.9162
3.9362
4.0918
4.1834
4.2457
4.0242
3.8627
4.1432
3.9497
3.9827
4.0324
4.1362
3.9545
4.2126
4.1669
4.1715
3.9457
3.9239
4.0712
4.1302
4.3227
4.2273
4.3382
4.0496
4.2409
4.1982
4.0997
4.1948
4.2419
4.1889
4.4647
4.0357
4.0262
3.8581
4.1716
4.0738
4.1586
4.2878
3.9443
3.9924
4.0295
4.0841
4.1441
4.0819
3.9360
3.9395
4.0186
4.0920
4.1772
4.0736
3.9986
4.2525
4.1400
3.9145
3.9744
4.1655
4.2258
4.1410
4.4272
4.0138
4.2923
4.1836
4.2732
4.1736
3.9201
3.9928
3.8695
3.9208
3.9958
4.0590
3.8512
3.7566
3.8429
4.0325
4.1435
4.2024
3.9743
3.7358
4.0779
3.9738
3.8262
4.0465
4.2451
4.0177
3.6281
3.5348
3.9298
3.8186
3.9441
4.0390
4.0219
3.9700
4.3238
3.9265
4.1320
4.2102
3.8200
3.8402
3.9377
4.0490
4.0620
4.0351
4.0206
3.9449
4.0874
3.8248
4.0782
3.9580
3.7912
3.8229
4.0526
4.2576
4.1537
4.3886
4.5927
4.4211
4.3297
4.2129
4.3218
4.0209
4.1848
4.2700
4.0456
4.0083
3.8558
4.0944
3.9961
4.1583
4.0795
4.0622
4.1726
4.2859
4.3154
4.2615
4.1289
4.4058
4.1298
4.2299
4.4164
4.1645
4.3982
4.1655
4.1774
4.1797
4.4229
4.3117
4.3858
4.4433
4.3405
4.3912
4.2656
4.1881
4.1181
4.1415
4.2393
4.2832
4.2364
4.4949
4.2682
4.3410
4.2632
4.2508
4.2098
4.2379
3.9449
4.2944
4.0247
4.1474
4.0979
4.1877
4.2132
4.2436
4.1140
4.3646
4.1259
4.3703
3.9757
3.8463
3.8920
3.8214
4.0384
3.9471
4.1701
4.1312
4.0494
4.2171
4.1397
4.0525
4.0619
3.9728
3.9464
3.9982
4.3336
4.1890
4.0859
4.1348
4.1737
4.0551
4.0349
4.0688
4.3799
3.9885
4.1749
4.0394
4.2371
4.2638
4.2097
4.2569
4.2851
4.0920
4.0411
4.3528
4.1816
4.0395
4.0567
4.0031
3.7856
4.1058
4.2001
4.2459
4.0690
3.9053
3.9787
4.2483
4.2075
4.1072
4.0366
3.8952
4.1274
4.1246
4.0154
4.2319
4.2604
4.2950
4.1278
4.0867
4.1706
4.0839
4.4899
4.2225
4.2547
4.1646
4.2782
4.1205
4.0989
4.6655
4.2700
4.2766
4.1222
4.3133
4.4638
4.2058
4.2500
4.4201
4.8041
4.2315
4.2998
4.1734
3.9134
4.2750
3.9400
3.9905
4.2871
4.0714
3.9694
4.2126
4.2553
4.1890
4.3892
4.4809
4.3396
4.4962
4.3845
4.3047
4.5321
4.2858
4.5215
4.4489
4.1959
4.3060
4.3933
4.1488
3.9845
4.2655
4.2367
4.1458
3.8997
4.0266
4.3230
4.2598
4.2317
4.3329
4.3080
4.5168
3.9835
4.3356
4.2500
4.2218
4.2039
4.3400
4.4095
4.4393
4.4058
4.5132
4.2166
3.9277
4.0852
4.3948
4.6263
4.5883
4.3595
4.8295
4.7257
4.6016
4.2889
4.0085
3.9228
4.5124
4.3910
4.5094
4.7198
4.6301
4.1733
4.5767
4.4144
4.6525
4.7114
4.5211
4.8500
4.5404
4.5046
4.2618
4.4428
4.7156
4.6348
4.3477
4.4052
4.5482
4.4520
4.4141
4.5105
4.6304
4.5430
4.4605
4.1665
4.2485
4.6517
4.6991
4.6298
4.5415
4.4877
4.5320
4.5722
4.6466
4.4915
4.6153
4.6319
4.3820
4.5292
4.6487
4.5328
4.5935
4.7457
4.4358
4.8269
4.7279
4.8518
4.7561
4.9796
4.9247
4.6792
4.9414
4.8636
4.6611
4.7026
4.8048
4.9008
4.7340
4.6757
4.8118
4.3903
4.1131
4.0566
4.4419
4.0678
4.7086
4.7282
4.6937
4.4923
4.5504
4.5315
4.5843
4.6377
4.7442
4.6391
4.4358
4.5191
4.6345
4.6548
4.9644
4.7003
4.3654
4.3914
4.5182
4.5296
4.7084
4.6945
4.3868
4.1318
4.1487
4.2199
4.2615
4.2814
4.3913
4.2794
4.5258
4.2528
4.1904
4.2493
4.0452
4.4966
4.3093
4.3435
4.4123
4.6138
4.5822
4.2150
4.2238
4.0557
4.5575
4.5691
4.5662
4.5085
4.8053
4.3363
4.8088
4.5007
4.4339
4.3449
4.5822
4.3937
4.5845
4.2810
4.3960
4.4697
4.0701
4.4856
4.1451
4.4476
4.5476
4.7267
4.2408
4.4340
4.3708
4.2433
4.0516
4.1524
4.2743
4.2166
4.5498
4.1011
4.0656
4.4175
4.1812
4.1452
4.2237
4.4832
4.3366
4.4349
4.3985
4.4759
4.6435
4.2532
4.4562
4.3922
4.2764
4.2974
4.4411
4.2059
4.3415
4.1997
4.1023
4.0510
4.4244
4.3571
4.5285
4.3620
4.1102
4.2879
4.3569
4.3883
4.6136
4.6764
4.4775
4.3181
4.5355
4.3372
4.3134
4.3442
4.3584
4.3816
4.5049
4.2993
4.6476
4.5306
4.7537
4.7311
4.7365
4.3479
4.6386
4.5555
4.5823
4.6590
4.4146
4.7023
4.7249
4.7588
4.6401
5.0961
4.6154
4.8260
4.8644
4.3370
4.9858
4.5324
4.6017
4.6316
4.6968
4.4471
4.8282
4.8058
4.5338
4.7636
4.4301
4.6008
4.8292
4.4456
4.3901
4.4299
4.3621
4.4300
4.5389
4.2301
4.3846
4.6657
4.5219
4.7539
4.3255
4.5191
4.4268
4.3666
4.5128
4.3508
4.3682
4.3017
4.3620
4.1594
4.3070
4.2716
4.2500
4.2907
4.3779
4.1507
4.6638
4.3715
4.6348
4.1847
4.2741
4.4821
4.3058
4.2766
4.2506
4.3938
4.1755
4.2828
4.5329
4.3342
4.4351
4.3524
4.4207
4.5096
4.4000
4.2637
4.2446
5.0154
4.3994
4.3833
4.5893
4.5152
4.5065
4.6054
4.3125
4.6717
4.6885
4.5780
4.2235
4.5828
4.6005
4.6486
4.4748
4.7040
4.6212
4.2412
4.2891
4.3848
4.5486
4.3081
4.5385
4.6701
4.4028
4.4912
4.3602
4.4369
4.4339
4.5987
4.5872
4.4251
4.3073
4.7509
4.5932
4.7686
4.3560
4.4063
4.6334
4.8743
4.4232
4.6194
4.7159
4.5420
4.5901
4.7940
4.5236
4.6876
4.5418
4.3699
4.2669
4.6107
4.6966
4.5737
4.8432
5.0646
4.4775
4.7346
4.5722
4.6564
4.7845
4.7057
4.7051
4.5238
4.5846
4.5197
4.5965
4.5614
4.5444
4.6510
4.7610
4.7646
4.5948
4.6013
4.5654
4.7652
4.4771
4.6901
4.5843
4.5848
4.5855
4.5724
4.3396
4.4700
4.7289
4.2730
4.3678
4.5106
4.5277
4.4035
4.3649
4.4811
4.1934
4.2748
4.3673
4.3443
4.2344
4.2439
4.5303
4.5640
4.4377
4.5517
4.4633
4.3658
4.4261
4.2432
4.1406
4.3827
4.0698
4.1794
4.2547
4.3993
4.6274
4.3238
4.2454
4.5864
4.3642
4.1623
4.6436
4.5957
4.4512
4.3976
4.0942
4.3054
4.1067
4.1452
4.3007
3.9966
4.3820
4.0978
4.2589
4.0224
4.1924
4.5413
4.6372
4.4820
4.2684
4.0738
4.2174
4.2137
4.3325
4.5447
4.3492
4.7248
4.2938
4.4907
4.1291
4.1071
4.3268
4.0981
4.3356
4.2659
4.4283
4.6300
4.3250
4.4709
4.6813
4.6866
4.3999
4.6432
4.4351
4.5777
4.5806
4.4992
4.6555
4.1346
4.4644
4.3097
4.2962
4.1678
4.3339
4.2660
4.2179
4.2816
4.1061
4.3549
4.4017
4.1831
4.4468
4.3727
4.0958
4.2745
4.2474
4.3910
4.4573
4.1033
4.1983
4.4711
4.4599
4.3909
4.6075
4.5840
4.3525
4.4009
4.2870
4.6493
4.3710
4.5752
4.7479
4.0171
4.3122
4.3510
4.2278
4.3505
4.2278
4.1837
4.3806
4.4656
4.2575
4.3309
4.3925
4.4179
4.2444
4.3021
4.2252
4.5280
4.1532
4.2696
4.5454
4.4228
4.2735
4.5256
4.4887
4.1521
4.4212
4.9161
4.5024
4.6271
4.3663
4.3041
4.1998
4.6663
4.5484
4.5476
4.3288
4.2792
4.5139
4.3921
4.6898
4.1212
4.3194
4.3156
4.3894
4.3937
4.5820
4.5598
4.2596
4.6823
4.6400
4.6899
4.5922
4.2824
4.5178
4.3984
4.5052
4.8208
4.5813
4.4607
4.5562
4.2843
4.6768
4.3276
4.6564
4.6015
4.4542
4.2486
4.4733
4.4198
4.2513
4.2694
4.3428
4.1979
4.3463
4.5565
4.4973
4.4573
4.6896
4.3486
4.3485
4.3458
4.3093
4.1604
4.2385
4.3545
4.5007
4.7579
4.4251
4.5714
4.5041
4.3741
4.5675
4.2584
4.5055
4.5798
4.3710
4.0888
4.5407
4.6054
4.4509
4.2857
4.3953
4.2505
4.0716
4.4470
4.4576
4.3256
4.4161
4.5808
4.4617
4.6721
4.4058
4.6057
4.4227
4.7562
4.6123
4.8781
4.2840
4.2722
4.2153
4.4199
4.5355
4.2018
4.3999
4.1486
4.3678
3.9208
3.9576
4.2833
4.4287
4.2316
3.8920
4.0753
4.1199
4.3273
4.1666
4.3724
4.2756
4.4694
4.6684
4.5103
4.4777
4.4426
4.3674
4.3558
4.4934
4.5914
4.4174
4.2721
4.6403
4.4345
4.5022
4.3734
4.0797
4.5402
4.3781
4.4458
4.1989
4.4515
4.2687
4.2808
4.1130
4.1601
4.2678
4.6796
4.7518
4.2755
4.4628
4.4318
4.3597
4.4450
4.3420
4.3081
4.3079
4.5439
4.3174
4.0814
4.4202
4.4544
4.4242
4.7403
4.3163
4.5233
4.4895
4.3356
4.2846
4.2522
4.4520
4.5078
4.5768
4.3065
4.3385
4.3058
4.3541
4.1634
4.5460
4.3601
4.5856
4.2069
4.4051
4.5287
4.3595
4.4333
4.4227
4.4802
4.1314
4.4447
4.1582
4.5570
4.4973
4.5431
4.4374
4.5942
4.4507
4.4783
4.3772
4.3490
4.3262
4.4507
4.3834
4.4598
4.3650
4.3127
4.1985
4.3805
4.2282
4.3975
4.1407
4.4093
4.3296
4.3875
4.3074
4.2216
4.1589
4.6227
4.2603
4.6694
4.2920
4.2806
4.1612
4.0367
4.0709
4.1323
4.0773
4.4056
4.6134
4.3650
4.2677
4.6592
4.7126
4.3487
4.6335
4.2887
4.5063
4.3594
4.5932
4.5354
4.1910
4.3493
4.4868
4.6814
4.3606
4.4758
4.4448
4.5402
4.1760
4.3834
4.1623
4.2261
4.2580
4.2048
4.2328
4.3403
4.2185
4.1530
4.0259
4.3840
3.9881
4.0582
4.0445
4.2007
4.1021
4.0220
4.2974
4.1952
4.0604
3.8210
4.2356
3.9365
4.1899
4.0145
4.0515
4.1132
4.0648
4.1598
4.0692
4.3900
4.1989
4.2209
4.1178
4.4467
4.3488
4.3229
4.3187
4.2964
4.1989
4.0049
4.1728
4.2051
4.4763
4.4263
4.3269
4.1520
4.1090
4.1952
4.1243
4.2115
4.2797
4.3791
4.1596
4.0845
4.0873
4.1193
4.0679
4.0780
3.9366
4.0770
4.1326
4.2795
4.4826
4.3015
4.4640
4.3877
4.4437
4.1726
4.1860
4.2265
4.1116
4.1282
4.0521
4.0194
4.3201
4.0313
4.2456
4.2561
3.9929
4.2484
4.1278
4.1120
4.2638
4.2822
4.3344
4.4898
4.2163
4.3598
4.3356
4.3804
4.1203
3.8078
3.9416
4.1237
3.9278
4.0245
4.1627
4.2900
3.8586
4.0805
4.1771
4.0170
4.3731
4.0389
4.0645
4.1468
4.3923
4.2630
3.9529
4.1371
4.0365
4.0163
4.1042
4.1039
4.1074
4.0611
3.8932
4.0980
3.9192
4.3983
4.2911
3.9788
4.0576
4.2359
4.2126
4.2771
4.1184
4.1575
3.9292
4.3645
4.4000
4.2315
4.3258
4.2699
4.3466
4.1716
4.1952
4.2832
4.1850
4.4408
4.1921
4.4186
4.1736
4.0948
4.2137
4.2235
4.1214
4.2519
3.9244
4.2246
4.2978
4.1099
4.5016
4.2778
4.2083
4.0958
4.2060
4.2008
3.9333
4.0241
4.2167
4.0789
4.0552
4.2186
4.2545
4.0757
4.1438
4.2205
4.0474
4.0987
3.8623
3.9428
4.0537
4.0978
3.8268
3.8331
4.0053
3.9915
3.9931
4.0509
4.1269
4.1664
3.9981
4.1476
3.8099
3.9414
3.6992
3.9263
4.0728
3.8212
3.9416
4.0118
4.0073
3.9166
3.8565
3.9262
3.9321
3.9521
4.0244
4.0206
4.0141
4.1171
4.4038
4.1625
4.1852
3.8215
3.9069
3.8467
4.1310
4.2627
4.0672
4.1389
4.0809
4.2922
4.3693
4.1514
3.9577
3.7109
4.2284
3.9071
3.9842
4.0809
3.9985
3.9716
4.2716
4.2737
4.0957
3.8371
3.9178
4.0257
3.6632
3.7660
3.8983
3.8947
4.3124
4.0000
3.8823
4.1344
3.7894
4.0490
3.9980
3.7863
3.9889
4.0943
4.0416
4.2723
4.1006
4.4199
4.2055
4.1052
4.1050
4.1092
4.0458
4.0385
4.0017
4.0480
4.0667
4.2365
4.2217
4.4442
4.1106
4.3983
4.1332
4.2019
4.3772
4.2381
4.3055
4.4018
4.2953
4.1168
4.0803
4.1064
4.1356
4.4501
4.1399
4.5599
4.5116
4.2455
4.1965
4.1227
4.2693
4.2731
4.3284
4.3876
4.2717
4.1932
4.4312
4.4772
4.4514
4.1762
4.3517
4.3155
4.1495
4.2281
4.3414
4.0325
4.4220
4.2459
4.1511
4.4898
4.4015
4.3558
4.3548
4.3021
4.3596
4.3893
4.2245
4.3129
4.2135
4.0768
4.2604
4.3520
4.1413
4.5419
4.3023
4.3338
4.2862
4.0197
4.2149
4.0810
4.0434
4.3902
4.2150
4.1331
4.2963
4.1209
3.9645
3.9921
3.9735
3.9268
4.5310
4.1679
4.2720
4.1328
4.1008
4.3267
4.3462
4.1528
4.1433
4.1787
4.2069
4.1845
4.2670
4.4503
4.2505
4.2492
4.2983
4.4743
4.3238
4.3425
4.3219
4.2293
4.1104
4.5094
4.1208
4.2536
4.0285
4.1295
4.1676
4.3109
4.2642
3.9691
4.2052
4.0941
3.9801
4.2346
4.2113
4.3203
4.0406
4.4935
4.3880
4.0292
4.3529
4.1787
4.0880
4.2517
4.0264
4.5155
4.5330
4.1618
4.2294
4.3415
4.4337
4.2840
4.2404
4.0461
3.9871
4.3057
4.0630
4.2815
4.1518
4.3390
4.0665
4.3094
4.1485
3.8153
4.0859
4.4013
4.0743
4.0206
4.0919
3.9403
4.1544
4.0466
3.8032
4.0639
3.7983
3.7748
4.1742
3.7107
3.5347
3.8771
4.2167
4.1635
3.9953
4.1329
4.2715
4.0042
4.1365
4.2435
3.9459
4.1771
4.1703
4.0930
4.0708
4.2044
4.1761
4.0814
4.3916
4.2089
3.8642
3.9823
4.3369
3.9200
3.9784
3.8632
3.9510
4.2158
4.1041
4.0976
4.1530
3.7484
3.8466
4.1442
4.1564
4.0876
3.8596
4.0317
3.8838
3.8786
4.0056
3.7932
4.0210
3.9452
4.1280
4.1904
4.1105
4.1799
4.1069
4.1597
4.0440
4.3387
4.1731
3.8450
4.1064
3.9834
4.1733
3.9448
3.9462
3.8167
3.7515
3.8799
3.8868
3.9041
4.0156
4.2625
3.9018
4.0985
4.0991
4.4130
4.3002
4.1183
4.1129
4.0701
4.0967
4.1483
4.1206
3.7321
3.9130
3.9546
4.1543
4.1145
4.0531
4.2163
4.2774
4.5151
4.2653
4.3371
4.3306
4.2557
4.5809
4.0579
4.2731
4.0352
3.9572
3.9237
3.9009
4.3809
3.8360
3.8212
4.0796
4.1857
4.1301
3.8469
3.9157
3.7038
3.6505
3.6861
3.8317
3.9241
3.9914
4.1650
4.0612
3.7812
3.7838
3.6118
3.8304
3.7936
3.9657
3.8585
4.1030
3.9572
4.2519
4.2300
3.9448
3.9387
4.2132
4.2358
4.2228
4.0557
4.2677
3.9266
3.4817
4.1181
3.3808
3.9585
3.8747
3.8241
4.0459
4.0606
3.8903
3.8012
3.7477
3.7002
3.5884
3.7730
3.8235
3.9767
3.8542
3.7034
3.9053
3.8439
4.1023
3.9759
4.2786
4.2674
4.1144
3.4885
4.0492
3.5790
4.0911
3.7403
4.1290
4.2105
4.1071
4.0782
4.2555
4.0422
4.3558
4.4226
4.5292
4.1314
4.3676
4.0576
4.3327
4.0124
3.9634
3.9622
4.1878
4.1343
4.0634
4.1790
3.6659
3.8261
3.9631
4.3794
4.1835
4.0564
4.1934
3.8765
4.3664
4.3236
3.9425
4.0078
3.7677
4.2089
4.1237
4.1497
4.1163
4.0902
4.3605
4.0000
4.0631
4.3548
4.3575
4.0756
4.1022
4.1231
3.9910
4.5230
4.0464
4.0311
3.8450
3.8066
4.4375
4.1250
4.1486
3.9254
4.1434
4.1144
4.2847
4.0136
3.9432
3.8662
3.5527
3.7519
3.5432
3.8700
3.9528
3.9684
3.9141
3.8101
3.9251
3.8552
4.1139
3.7347
4.1375
4.1303
4.2426
4.2186
4.3072
4.2231
4.1116
4.4064
4.1403
4.2691
4.1982
3.8722
4.1148
3.9495
4.0578
4.1629
4.0298
4.4196
4.3404
4.4110
4.2638
4.1298
4.1257
4.0694
4.2764
4.0383
4.1976
4.1760
4.4034
4.5141
4.1161
3.9063
4.1500
4.1396
3.7978
3.6896
3.9658
3.8040
4.0789
3.8895
4.1805
4.2355
4.3269
4.3802
4.4722
4.3939
4.2994
4.4420
4.1090
4.4184
4.5028
4.4333
4.2511
4.2558
4.1498
4.3208
4.0941
3.8855
4.4100
4.1673
3.6992
4.0931
4.1786
4.1392
3.9480
3.9465
4.0943
4.0352
3.9893
3.9605
4.2485
4.0926
4.3465
4.3482
4.0619
3.9896
3.8442
4.3514
3.9693
4.2274
4.3404
4.5045
4.3258
3.8846
4.0999
4.4254
4.2555
4.1784
4.0637
3.9031
4.0840
4.0899
4.2524
3.9425
3.9250
4.5207
4.2711
3.9908
3.6600
3.9326
3.6730
3.6997
4.0492
4.2126
4.0372
4.3083
4.1169
3.9717
3.7136
4.2022
4.1783
4.2168
3.8224
3.9488
3.9067
4.0267
4.0824
4.1292
4.3418
3.9691
3.9585
4.1481
3.9677
3.9078
3.6974
3.8659
4.1213
4.0382
4.2120
4.1038
4.2680
4.0838
4.0399
4.0951
4.0300
3.8008
3.9482
3.9216
3.9506
4.1753
4.1843
4.0061
3.9837
4.2565
3.8466
4.0792
4.1686
4.0047
4.0834
4.0298
3.9232
4.1007
4.1251
3.7484
4.0583
3.9744
3.9862
4.3565
4.4307
4.0374
3.9787
4.0194
4.4650
4.1941
4.1231
3.9346
4.2553
3.9054
4.0934
4.0968
4.1979
4.1746
4.1079
4.0932
3.9208
3.9045
3.3924
3.7859
3.6514
3.7524
3.9743
3.8764
3.9167
3.8060
3.6200
3.7060
3.6645
3.4887
4.1085
3.7218
3.7671
3.9628
3.9516
4.0465
4.1594
3.8128
3.7908
3.8936
3.8642
4.0230
3.9189
4.3484
3.7702
4.2048
3.7666
3.5103
3.7504
3.7238
3.5474
3.8298
3.8285
3.6266
3.8168
3.4329
3.7454
3.6224
3.7572
3.6785
3.8828
3.7991
4.0430
4.3544
4.2940
3.9755
4.0436
3.9975
4.2105
4.2957
4.1309
3.9156
4.1536
4.1256
3.9815
3.8784
4.0623
4.3281
3.9672
4.1466
3.8044
4.0235
3.7626
3.7930
3.8349
3.8196
3.9254
4.1827
4.0772
3.7815
3.6274
3.9826
4.3015
3.9662
4.0177
3.9787
3.8712
4.0070
3.9977
3.8281
3.8857
3.9678
4.1053
3.7143
3.7783
3.7443
3.8573
3.8144
4.0909
3.8106
4.1101
3.9706
3.9338
3.9528
4.0365
3.7990
3.7390
4.0731
4.1587
4.5033
4.4108
4.2168
4.0275
3.9950
4.1748
4.2123
4.2604
4.1958
4.1823
4.0029
3.9400
4.4665
3.9901
4.1695
4.3885
3.9140
4.5051
4.1678
4.1411
4.2261
4.0011
4.1316
4.2078
4.1572
3.9536
4.1868
4.3195
4.0645
4.0723
3.9309
4.0660
3.8532
4.2103
3.6702
3.8399
4.1499
4.2403
3.8547
4.1718
3.8681
4.3218
4.3796
4.5417
4.2212
4.0883
4.4869
4.1724
4.0729
4.1292
4.0558
4.2560
4.5097
4.3658
4.2706
4.2180
4.2219
4.0625
4.3984
4.3607
3.9584
4.2152
4.4053
3.6980
4.2682
4.3312
4.4118
4.0782
4.4916
4.1862
4.2351
4.4497
4.1797
4.1147
4.3773
4.2816
4.5053
4.2951
4.2801
4.3484
3.9681
3.9797
4.3174
4.0082
4.1223
3.9520
4.0630
3.8150
4.0375
3.9798
4.0210
4.5781
4.2001
4.1377
4.5347
3.9857
4.1274
4.3229
4.1773
4.0751
4.4319
4.1235
4.3944
4.0150
4.1999
4.1730
4.4864
4.2127
4.2554
4.0600
4.1389
4.3336
3.7815
3.8703
4.3086
4.0380
4.4719
4.3124
4.0403
4.2650
4.1150
4.0598
4.0275
4.3057
3.9173
3.8406
4.2264
4.3284
4.3185
4.4079
4.5605
4.1215
3.9742
4.0338
3.9198
4.0096
3.9308
3.7164
4.4502
3.9301
3.8904
4.0572
4.2361
4.1870
4.1976
4.1829
4.2426
4.0646
3.9799
4.2944
4.2510
4.1021
4.4383
4.6792
4.3292
4.5458
4.2988
4.7505
4.1477
4.2629
4.2496
4.2880
4.2562
4.1851
3.9913
3.9016
3.9238
3.7061
3.8767
3.9328
3.8340
3.9447
3.9119
3.8983
4.3703
3.8982
3.7956
4.5342
4.3691
4.6035
4.4066
4.0960
4.1601
4.0701
4.4040
4.0969
4.2675
4.4455
4.4004
4.3470
4.2824
4.2772
4.6865
4.0483
4.3613
4.3662
4.9503
4.4598
4.4663
4.3887
4.3501
4.3221
4.6289
4.6955
4.6752
4.4388
4.6289
4.0325
4.3848
4.3728
4.3541
4.7186
4.5444
4.3723
4.2875
4.5437
4.4596
4.3144
4.0822
4.3459
4.6607
4.0556
4.4307
4.5300
4.2579
4.2580
4.0757
4.4029
3.9951
4.1328
4.1045
4.2367
4.2451
4.2182
4.1977
4.5292
4.2720
3.9702
4.4253
4.1511
4.0632
4.0097
4.1190
4.1218
4.0412
4.0210
4.2270
4.1580
4.5858
4.3963
4.2939
4.3419
4.2489
4.2378
4.3172
4.1056
4.2072
4.2169
4.0600
4.8022
4.6164
4.3062
4.5635
4.3388
4.0423
4.5857
4.4724
4.2777
4.2900
4.3497
4.2666
4.3721
4.4911
4.3103
4.2798
4.2513
4.2030
4.4444
4.3841
4.3732
4.3138
4.3546
4.2522
4.2359
4.2569
4.1777
4.4709
4.4886
3.9963
4.4044
4.1171
4.4880
4.3900
4.3502
4.2946
4.4898
4.4783
4.4910
4.4220
3.9816
4.1487
4.5296
4.3092
4.4866
4.5159
4.3714
4.3808
4.2025
4.4594
4.3857
4.2852
4.4271
4.2518
4.5410
4.3651
4.3867
4.3962
4.1217
4.2911
3.9744
4.1271
4.0388
4.1118
3.9498
3.7465
4.1950
3.9757
4.1031
3.8571
4.0927
3.9957
3.9295
4.0088
4.0837
4.2351
4.2122
4.2991
4.1046
4.1535
4.3177
4.1981
4.2774
4.0628
4.2324
3.8988
4.0271
4.3378
4.0305
4.2790
4.3241
4.2173
3.9961
4.0207
4.1185
4.1806
4.4857
4.3983
4.2486
4.3456
4.2026
4.4326
4.1827
3.9335
4.4807
3.9908
4.0174
4.0296
4.3026
4.3444
3.9139
4.1510
4.1941
4.0920
4.3289
4.1871
4.2274
4.2854
3.9595
4.2603
4.1519
4.1638
4.1841
3.9368
3.9593
4.1012
3.9454
4.1675
4.1247
3.9102
4.3204
4.2936
4.1958
4.1710
4.1683
4.5926
4.2269
4.2150
4.3969
4.3615
4.3209
4.4041
4.4236
4.3618
4.4909
4.6774
4.4211
4.3785
4.2976
4.3875
4.6274
4.0942
4.2033
4.5041
4.1544
4.2827
4.2281
4.3079
4.0785
4.3059
4.2394
4.2957
4.1360
4.1292
4.1839
4.1999
4.0589
3.9675
4.0807
3.9909
4.2639
4.0832
3.8910
4.1757
4.1566
4.0328
4.3518
4.2499
3.9212
4.3453
3.9816
4.2162
4.3103
3.9231
4.1711
4.2672
3.6997
4.1841
4.3255
4.0784
4.2219
4.0627
4.0305
4.1893
4.2465
4.0129
4.2126
4.3368
4.0257
4.1449
4.3214
4.0008
4.2254
4.0018
4.2344
4.1048
4.0568
4.0677
3.9846
4.1618
4.1601
4.1791
3.9480
4.1761
4.1332
4.2643
4.0463
4.3289
4.4656
4.2681
4.1349
4.3692
4.2780
3.8384
4.2898
4.3408
4.1988
4.1100
3.9060
4.2149
4.1052
4.4481
4.1687
4.3077
4.3166
4.3303
4.2187
4.0468
3.8521
4.4090
3.8297
3.9901
4.3517
4.1098
4.2862
4.1603
4.3239
4.3471
4.3671
4.3999
4.3423
4.2800
4.3454
4.2118
4.4099
4.3600
4.5011
4.4071
4.5280
4.5294
4.6496
4.3893
4.4895
4.5516
4.4945
4.6382
4.3108
4.3704
4.4318
4.5838
4.5443
4.5890
4.5069
4.4736
4.3081
4.4876
4.6049
4.5998
4.6124
4.4133
4.5098
4.3199
4.4904
4.4159
4.5191
4.4356
4.6475
4.4671
4.4961
4.6574
4.3762
4.4782
4.3807
4.2968
4.2972
4.4459
4.7941
4.7170
4.4573
4.3952
4.5924
4.2820
4.3676
4.5019
4.5174
4.5837
4.5249
4.4101
4.5363
4.6077
4.6502
4.6304
4.5122
4.4700
4.4683
4.4358
4.2451
4.4138
4.5324
4.4656
4.4969
4.4334
4.3126
4.2522
4.7105
4.5724
4.5976
4.4942
4.5284
4.5839
4.4307
4.5626
4.1454
4.5832
4.3686
4.3227
4.4563
4.4081
4.3444
4.3830
4.5464
4.5872
4.5378
4.1173
4.1957
4.4189
4.3161
4.3662
4.3710
4.2999
4.5224
4.5275
4.3614
4.2721
4.2345
4.1704
4.3320
4.3685
4.5273
4.4817
4.4323
4.0273
4.2702
4.2151
4.0114
4.2992
4.2378
4.5964
4.5554
4.4362
4.1873
4.3540
4.2538
4.4090
4.1039
4.5549
3.9604
4.2172
4.4689
4.2412
4.3859
4.6640
4.3703
4.1339
3.9466
4.1126
4.2023
4.3201
3.8620
4.0197
4.1055
4.0524
4.0825
4.2945
4.2047
3.9197
4.0906
4.2029
3.9625
4.0972
4.1391
4.0655
3.9052
4.3114
4.0450
4.2675
4.2673
4.5089
4.2459
4.3932
4.4022
4.2358
3.9803
4.1082
3.9755
3.8742
4.0905
4.1767
4.2192
4.2387
4.1630
4.0536
4.3377
4.1638
4.0408
3.9987
4.0483
4.1994
4.3996
4.4262
4.3086
4.4470
4.4256
4.4330
4.4723
4.1928
4.1903
4.0021
4.1248
4.1999
4.1730
4.1229
4.1938
4.0981
4.0276
4.2356
4.0770
4.5092
4.4084
4.3887
4.2507
4.2201
4.3698
4.3834
4.1633
4.4585
4.2257
4.0927
4.1328
4.1678
4.0844
4.1679
4.3821
4.2717
4.3138
4.4417
4.2696
4.0878
4.4722
3.8972
3.9970
3.8781
3.8561
3.9514
4.1907
3.7872
3.9993
3.9739
3.6444
3.8628
3.9431
3.8987
4.1020
4.0335
4.4058
4.1130
4.0068
3.7771
4.0204
3.9133
3.9957
4.1809
3.9429
4.0770
4.0931
3.9614
3.9976
3.7587
3.9755
4.0508
4.0623
3.9890
4.1438
4.0341
4.3166
4.3640
4.1873
4.1971
4.1529
4.3034
4.1175
4.4091
4.2687
4.2033
4.3522
4.3271
4.3412
4.3316
4.1152
4.3942
4.1651
4.1151
4.1221
4.2946
4.4677
4.3502
4.3099
4.6358
4.4485
4.4908
4.3181
4.3801
4.3452
4.0840
4.3175
4.4048
4.2195
4.2732
4.3262
4.4089
4.1644
4.2890
4.1760
4.0853
4.5351
4.5952
4.4716
4.2673
4.3237
4.2294
4.5754
4.5987
4.3452
4.5954
4.5080
4.2722
4.3880
4.2961
4.1859
4.6555
4.3581
4.1135
4.4248
4.6699
4.2178
4.3410
4.1677
4.3644
4.2741
4.5510
4.9050
4.5482
4.3629
4.4944
4.2654
4.1095
4.1091
4.0096
4.3348
4.2563
4.4491
4.2166
4.1728
4.2409
3.8502
4.2422
4.3314
4.3701
4.2725
4.2296
4.2442
3.9875
4.1799
4.2262
4.0776
4.6086
4.4255
4.5777
4.7832
4.5143
4.5615
4.0603
4.3129
4.1671
4.3450
4.2482
4.4753
4.3880
4.5824
4.3116
4.5556
4.4110
4.5469
4.2899
4.5935
4.4734
4.3838
4.3903
4.5579
4.4646
4.5520
4.3123
4.3841
4.5011
4.3986
4.3028
4.2657
4.2538
4.3605
4.1725
4.1993
4.1910
4.2573
4.1416
4.2757
4.3202
4.3128
4.2059
4.2134
4.5338
4.3672
4.4800
4.2975
3.9980
4.1399
4.0961
4.0925
4.2010
4.0462
4.2598
4.2700
4.0872
4.4155
4.0853
4.2511
4.3784
4.4970
4.4250
4.2914
4.3206
4.4248
4.3302
4.3515
4.0782
4.1223
4.3046
4.4321
4.7387
4.4286
4.2587
4.0537
4.2702
4.3206
4.4508
4.2831
4.1993
4.0787
4.1690
4.1159
4.3771
4.1327
4.1569
4.1776
4.1169
4.4262
4.3860
4.0934
4.3397
4.4028
4.2253
4.5454
4.2042
4.3230
4.1586
4.2512
4.3102
4.3022
4.2216
4.4028
4.2679
4.1012
4.5263
4.0536
4.2881
4.4883
4.1966
4.2863
4.5159
4.3750
4.3244
4.3178
4.1701
4.2636
4.2658
3.9789
4.1754
4.0714
4.3462
4.5627
4.3852
4.4119
4.6956
4.5013
4.3607
4.2612
4.2077
4.0553
4.0396
4.0124
4.0585
4.0239
3.9663
3.9015
4.1725
4.1178
4.4345
4.1198
4.0805
4.3878
4.0107
4.3238
4.2845
4.0646
4.4010
3.8352
4.2894
4.2382
4.1195
4.1990
4.2329
4.1237
4.1880
4.5352
4.1437
4.3197
4.1855
4.2139
4.4048
4.3122
4.3277
4.2705
4.1686
4.1339
4.1087
4.2995
4.1494
4.1160
3.9927
4.2076
4.0278
4.1888
4.4791
4.0944
4.1271
3.9947
4.2562
3.9261
4.3404
3.8206
4.0844
3.8682
3.8301
4.0628
3.9094
3.9811
3.9549
4.2755
4.0898
4.2463
