1.8796
2.0196
1.6580
1.6520
1.7528
1.7097
1.5234
1.6270
1.7269
1.5209
1.5746
1.5859
1.8501
1.8082
1.9729
1.8066
1.8697
1.6181
1.9170
1.8506
1.7886
2.0105
1.8234
1.7904
1.8316
1.7946
1.8568
1.8573
1.7287
1.8765
1.9941
1.6159
1.5918
1.5118
1.3246
1.5135
1.6370
1.5768
1.7319
1.4309
1.6576
1.5539
1.6589
1.6510
1.7073
1.2449
1.6189
1.1554
1.4151
1.6538
1.7832
1.6452
1.5964
1.4370
1.5377
1.4382
1.5273
1.7352
1.7223
2.1364
1.7077
1.5337
1.4908
1.4893
1.9906
1.7844
1.7027
1.6392
1.6107
1.6451
1.6708
1.7729
1.8161
1.6850
1.6163
1.5368
1.4738
1.3611
1.6181
1.5784
1.7833
1.6185
1.6556
1.4823
1.8325
1.7150
2.0239
1.6803
1.6080
1.7723
1.6791
1.6180
1.6649
1.9286
1.8587
1.5603
1.6591
1.7295
1.5892
1.7092
1.6853
1.7521
1.8013
1.9220
1.6871
1.5770
1.5713
1.7980
1.7303
1.7392
1.7114
1.5265
1.3887
1.1773
1.2732
1.4710
1.5598
1.3815
1.5349
1.4451
1.6261
1.6744
1.8074
1.5254
1.4815
1.2463
1.4974
1.1834
1.7105
1.4781
1.2550
1.3921
1.3712
1.7361
1.6937
1.5795
1.5158
1.6105
1.8466
1.6410
1.7739
1.8811
2.0235
2.0892
1.8283
1.8180
1.5970
1.6847
1.5260
1.8239
1.8050
1.6919
1.7845
1.6742
1.6497
1.4296
1.6178
1.3715
1.5409
1.4950
1.4705
1.6145
1.5438
1.5474
1.8151
1.8225
1.4753
1.6864
1.7038
1.5616
1.6908
1.7140
1.7045
1.7275
1.6191
1.6871
1.6900
1.9893
2.0020
2.1756
2.0778
2.0168
1.9050
1.9697
1.8769
1.8151
1.9659
2.1385
1.6630
1.6118
1.6382
1.6412
1.6067
1.7026
1.5401
1.5313
1.9656
1.9877
2.0607
2.1692
2.0674
1.8157
1.8455
1.6272
1.6035
1.7222
1.6570
1.9100
1.6076
2.0115
1.9234
1.8340
2.0186
1.8961
1.9414
1.7130
1.6687
1.5715
1.4344
1.8985
1.5547
1.8590
1.6412
2.0776
1.9451
1.8953
2.0802
2.0502
1.9582
2.1624
1.9367
1.9272
1.7143
2.1852
1.8165
1.9025
1.8949
1.9550
1.9985
2.0875
2.0094
1.8927
1.9456
2.2152
2.0941
1.8445
1.9046
2.1973
1.9921
1.8912
1.5516
1.9932
1.7865
1.7662
1.7586
1.7146
1.6391
1.8673
1.7609
1.9841
2.1036
1.9065
1.8600
1.9025
1.6644
1.8857
1.9596
2.1489
2.1908
1.9970
2.1637
2.2893
1.9814
2.3525
2.3364
2.4672
2.3057
2.3075
2.1513
2.1002
2.1784
2.1293
1.9918
1.9022
2.0214
2.1303
2.4940
2.1228
2.1270
1.9738
1.8866
1.9933
2.0983
1.9712
2.1757
1.7724
2.0033
1.7228
2.0158
1.8292
1.5509
1.6353
1.7258
1.8449
1.8336
1.9805
2.4220
1.6047
1.8310
1.5847
1.7018
1.7725
1.7085
2.0119
1.9278
1.9351
1.8452
1.9816
1.7295
1.7226
1.8448
1.6898
1.5334
1.7089
1.8784
1.8616
1.4619
1.7343
2.0247
2.0696
1.9858
2.0075
2.0685
2.1317
1.9958
2.1510
2.0773
2.0355
1.9688
2.1077
2.0895
2.0587
2.3063
2.2047
2.0003
2.2126
2.0532
1.9994
2.4104
2.3574
2.1952
2.3181
2.2510
1.8333
1.7146
1.7020
1.8794
1.9688
1.9282
1.8962
2.0260
1.9052
1.8283
2.0319
1.7656
1.9525
2.1806
2.2218
2.0486
2.3799
2.0626
2.1524
2.1186
2.4533
2.5468
2.3269
2.2837
2.6517
2.3068
2.7064
2.4447
2.4396
2.5849
2.2107
2.2471
2.3521
2.5680
2.4771
2.2626
2.5917
2.3636
2.0789
2.0592
1.9144
1.9773
2.0584
2.1085
2.0192
1.9107
2.1967
2.1006
1.7704
2.2832
2.1859
1.7675
2.2362
2.4377
2.3925
2.1654
2.4175
2.0891
1.8541
2.3310
2.2485
2.2280
2.3336
2.4103
2.4906
2.3322
2.3552
2.0563
2.2027
2.0837
2.2192
2.3011
2.4187
2.3159
2.3392
2.1503
2.2369
2.3698
2.4413
2.2972
2.2425
2.2846
2.0084
2.5270
2.5361
2.1543
2.5288
2.4682
2.6578
2.4758
2.6615
2.4288
2.1519
2.2792
2.0628
2.3805
2.1388
2.2486
2.0700
2.0272
2.2990
2.2666
2.6791
2.3328
2.4897
2.5390
2.7505
2.7987
2.8010
2.7775
2.7062
2.9070
3.0585
2.8484
2.7124
2.7026
2.5887
2.5857
2.5032
2.6339
2.2544
2.5422
2.2515
2.1199
2.1706
2.3335
2.7875
2.5632
2.4583
2.5068
2.7521
2.7267
2.4221
2.7122
2.5339
2.6554
2.4671
2.3952
2.2771
2.6212
2.3552
2.1674
2.5069
2.4889
2.6757
2.7776
2.6980
2.7608
2.6279
3.1848
2.8869
2.7853
3.1033
2.9272
2.6471
2.7548
2.8999
2.8953
2.9113
2.9725
2.9055
2.7081
2.6396
2.5594
2.7441
2.5066
2.7347
2.6220
2.3701
2.7103
2.6808
2.7811
2.8526
3.1989
2.5527
2.7687
2.7670
2.4198
2.4330
2.6320
2.7745
2.6211
2.6287
2.5192
2.2200
2.0119
2.2399
2.0699
1.9717
1.8772
2.0266
2.1071
2.0607
2.0605
1.9886
2.1485
2.1960
2.3671
2.0829
2.1228
2.0286
1.9900
2.1060
2.0805
2.1777
2.5206
2.4410
2.2987
2.6778
2.4671
2.2102
2.0152
2.3496
2.3343
2.6164
2.2879
2.4388
2.4728
2.4296
2.5101
2.1254
2.3736
1.8514
2.3333
2.1322
2.1281
2.0261
1.7660
1.7222
1.9133
1.7845
1.5521
1.6337
1.7749
1.4810
1.6668
1.7919
1.7469
1.7680
1.7466
2.0528
1.6638
1.5384
1.4904
1.2507
1.5112
1.4350
1.6204
1.8142
1.7802
1.8350
1.6613
1.8533
1.6923
1.7419
1.7973
1.7123
1.9610
1.7125
1.9255
1.5868
1.7268
1.8008
1.9355
1.3298
1.6809
1.9705
1.4869
1.6559
1.4096
1.4961
1.6123
1.6492
1.4780
1.5865
1.6347
1.4312
1.4548
1.7824
1.5060
1.3775
1.3111
1.7345
1.3375
1.4319
1.3989
1.2041
1.3788
1.6123
1.6133
1.4876
1.6708
1.5619
1.5866
1.5959
1.5456
1.3649
1.7433
1.5341
1.2663
1.5968
1.8207
1.7532
1.8424
1.5937
1.6534
1.6439
1.7037
1.7039
1.9526
1.7391
1.6383
1.7530
2.0128
2.0018
1.8726
1.7131
1.8066
1.7535
1.5298
1.5074
1.2642
1.6023
1.7063
1.7392
1.7380
1.6717
1.9272
1.5895
1.8903
1.9459
1.5275
1.3096
1.9296
1.3889
1.2991
1.4780
1.5289
1.4540
1.4433
1.4826
1.5484
1.3634
1.3871
1.3668
1.6514
1.2270
1.6258
1.2117
1.2768
1.3797
1.3193
1.2667
1.1475
1.0745
1.0883
1.0888
1.1467
1.7488
1.3853
1.1291
1.3662
1.3788
1.2281
1.1038
1.2728
1.1062
1.2753
0.9210
0.9395
0.8938
0.8976
1.1286
1.1054
1.1800
1.2666
1.6126
1.3400
1.6967
1.5191
1.5458
1.4985
1.2996
1.5725
1.1898
1.0776
0.9801
1.0822
1.5194
0.9515
0.8812
0.9139
1.1674
1.2054
1.2841
1.1705
1.1513
1.2281
0.8799
1.0180
1.2522
1.0913
1.2975
1.2114
1.0874
1.0775
1.4450
1.4313
1.1945
1.4656
1.4800
1.5491
1.3431
1.1650
1.3217
1.9052
1.7543
1.6129
1.5406
1.4317
1.6102
1.2552
0.9531
0.9083
1.1375
1.3291
1.0829
0.9583
1.1642
1.1577
1.2372
1.3974
1.8465
1.5405
1.9279
1.3185
1.4894
1.3999
1.4565
1.6034
1.8704
1.7647
1.5261
1.5265
1.3124
1.1935
1.4716
1.5128
1.1630
1.1538
1.3130
1.7129
1.5759
1.8778
1.2868
1.3113
1.0940
1.4490
1.3361
1.5386
1.2117
1.6097
1.8527
1.8258
1.7287
2.0387
1.7826
1.7680
1.3535
1.4536
1.3093
1.4407
1.1301
1.1399
1.2647
1.1139
0.9958
1.5429
1.6807
1.3399
1.4742
1.4569
1.1976
1.1632
1.0136
1.5337
1.4319
1.4343
1.5446
1.6162
1.4152
1.5961
1.6768
1.7923
1.6580
1.7247
1.5697
1.4083
1.7515
1.3886
1.5637
1.4653
1.2431
1.1927
1.5393
1.3667
1.6216
1.4751
1.0314
1.5119
1.5755
1.3929
1.7580
1.4804
1.5961
1.6492
1.7224
1.5494
1.7705
1.5774
1.7208
1.5552
1.3438
1.3387
1.5150
1.1474
1.3034
1.3066
1.1453
1.0632
1.3741
1.3361
1.6002
1.3669
1.3717
1.4107
1.2871
1.3186
0.8882
1.1636
1.1360
1.0171
1.1513
1.0815
1.2161
1.4632
1.1599
1.3617
1.6113
1.5261
1.2659
1.4211
1.2910
1.3934
1.3543
1.2325
1.6799
1.3922
1.4796
1.7080
1.3794
1.6204
1.3538
1.3103
1.6869
1.2664
1.5184
1.7188
1.4693
1.2016
1.0643
1.3565
1.0611
0.9303
1.0575
1.0666
1.3675
1.2887
1.4231
1.2692
1.1694
1.4450
1.0909
0.8618
1.3264
1.1579
1.6403
1.5190
0.9470
0.9615
1.1242
1.1722
1.0809
0.9814
1.3625
1.3168
0.9459
1.2479
0.8275
1.1644
1.0046
0.9135
1.3277
0.9238
1.2097
1.1109
0.9166
0.6931
1.0810
1.0170
1.0975
1.0936
0.8469
0.9353
1.1675
0.9524
1.0947
1.0539
0.9622
0.7733
0.7931
0.8409
0.8522
1.0017
0.8814
0.8243
0.9065
0.9391
1.0809
0.8663
0.9191
1.0544
0.6671
0.8834
1.0361
0.9184
0.8273
0.6279
0.8416
0.8575
1.1202
1.0834
1.0542
0.8162
1.1435
0.9926
1.1471
1.2090
1.2452
1.3680
1.0616
1.2274
1.0194
1.3490
1.1424
0.9188
1.2374
1.2827
1.1603
1.4144
1.4773
1.3465
1.1966
1.2771
1.1342
1.0944
1.2157
1.3111
1.1340
1.1164
1.0947
0.9000
0.9931
0.9747
1.0207
0.9446
1.0196
0.9984
0.8718
1.0626
0.9514
0.9144
1.0644
1.0988
0.9433
1.1711
1.0473
1.1009
1.0016
1.2616
0.9810
1.0266
1.0355
0.9600
0.9885
0.7976
0.8178
1.2286
0.9183
0.9033
0.9174
0.8900
1.0584
1.4550
0.9893
1.1756
0.6649
0.6687
0.9109
0.9993
1.1374
0.8850
1.1321
0.8661
0.6696
0.8252
0.7464
0.8381
0.8345
0.7816
0.6289
1.0656
0.5965
0.8038
0.8104
0.7343
1.0963
0.9844
0.7578
0.6887
0.9857
0.8329
1.0457
1.1515
0.9426
1.0519
0.7110
0.9537
0.8694
0.8621
0.9238
0.9696
0.7856
0.6620
0.7449
0.7568
0.8112
0.7241
0.7500
0.7857
0.9932
0.8170
0.9590
0.8569
0.8195
0.7639
0.8232
1.0290
0.4995
0.6151
0.6178
0.5698
0.5946
0.3327
0.8079
0.8580
0.5447
0.4562
0.6534
0.6846
0.3434
0.5807
0.7137
0.6683
0.7160
0.8624
0.8447
0.9714
1.3137
1.2211
1.3036
0.9893
0.8071
0.9394
0.6517
1.3546
0.8559
0.9179
0.9869
0.9293
1.3122
1.0376
1.1889
1.1512
1.1575
1.2105
1.0570
1.2258
1.1125
1.0838
0.8623
0.9273
0.9262
0.9321
0.9077
1.1592
1.2314
1.4485
1.4268
1.3264
1.3003
1.3443
1.1225
1.0605
1.1698
1.1315
1.3094
1.0469
1.4144
1.0704
1.3088
1.2095
1.4155
1.5183
1.4930
1.3952
1.2177
1.5278
1.3407
1.4280
1.2883
1.5635
1.2058
1.4159
1.5657
1.3874
1.5381
1.3825
1.4216
1.5800
1.6146
1.7619
1.4953
1.5649
1.6021
1.7775
1.8706
2.0314
1.7927
1.7381
1.6440
1.3418
1.4905
1.6750
1.7236
1.6347
1.8327
1.9347
1.6550
1.8353
1.7704
1.8840
1.6326
1.8251
1.6035
1.9311
1.8207
1.5722
1.7137
1.5387
1.5185
1.5350
1.4028
2.0287
1.6580
1.4969
1.5974
1.7145
1.4980
2.0080
1.8276
1.7608
1.6260
2.0101
1.9583
2.0584
1.9140
2.0938
2.0191
1.7578
1.5978
1.7341
1.4381
1.2931
1.4374
1.7931
1.5500
1.4567
1.5279
1.7336
1.5372
1.4756
1.4683
1.2391
1.2652
0.9457
1.4324
1.3634
1.1244
1.4933
1.2757
1.4355
1.5290
1.3963
1.5080
1.3958
1.7996
1.7171
1.6181
1.3145
1.3554
1.4975
1.4701
1.6596
1.5341
1.5547
1.6033
1.6083
1.1800
1.4154
1.2688
1.2163
1.2794
1.0767
1.2021
1.3195
1.3532
1.2580
1.4154
1.3849
1.2530
1.3533
1.4563
1.4773
1.8523
1.6576
1.9436
1.3163
1.4283
1.4285
1.5722
1.6806
1.8741
1.8987
1.6979
1.6782
1.2624
1.4352
1.2741
1.9164
1.5112
1.5729
1.7984
1.8104
1.8471
1.7632
1.8860
1.9126
1.8736
1.6854
1.6536
1.7493
1.8386
1.4403
1.4697
1.5419
1.2595
1.7279
1.4790
1.7721
1.6508
1.5357
1.7044
1.5461
1.6508
1.7203
1.6025
2.0232
1.9544
1.9109
1.7035
1.8033
1.7949
1.7906
2.0360
1.7010
1.7422
1.7533
1.9115
1.9719
1.7079
1.5765
1.7258
1.7612
1.6572
1.6188
1.8829
1.9524
1.9257
1.9542
1.9960
2.5400
2.3164
1.7956
2.1206
1.8946
2.0064
1.7266
2.0470
1.9620
1.6879
1.3143
1.3366
1.6812
1.4936
1.4564
1.5388
1.4903
1.4817
1.7417
1.4935
1.3175
1.5596
1.8380
1.5254
1.4027
1.6689
1.6837
1.6381
1.6826
1.6090
1.6810
1.7239
1.9116
1.4201
2.1030
1.7861
2.0758
2.2070
2.0948
1.8765
2.0244
1.6573
2.1579
2.0178
2.1986
2.2608
2.2159
2.5924
2.2062
2.3113
2.4447
2.3890
2.4625
2.1784
1.9654
2.2074
2.2273
2.4720
2.1630
2.4672
2.2330
2.1440
1.9808
2.2488
2.3014
2.1840
2.3211
2.2178
2.0039
2.7691
2.6226
2.0392
2.3378
2.1350
1.9463
2.1668
2.1746
1.9452
1.7998
2.0334
2.0802
2.1621
2.1076
2.2876
2.2216
2.1941
2.1586
2.3287
2.4242
2.2144
2.6474
2.3137
2.3193
2.2043
2.3216
2.2241
2.4305
2.4807
2.5354
2.5037
2.7293
2.8350
2.0521
2.1579
2.2926
2.4737
1.8278
2.2126
2.2464
2.1529
2.3051
2.3215
2.2344
2.1962
2.2006
2.0242
2.2032
2.0824
2.1863
2.3701
2.1546
2.1858
2.1629
2.2996
2.3391
2.3191
2.0072
2.0660
2.1551
2.2049
2.1727
2.3170
2.3981
2.4338
2.3966
2.3079
2.5456
2.7488
2.5672
2.6740
2.7622
2.5693
2.1470
2.0927
2.2933
2.4395
3.0592
2.6235
2.7198
2.9457
3.1254
2.8858
2.5764
2.6157
2.5604
2.4871
2.1662
2.4013
2.4601
2.4822
2.2349
2.5046
2.4509
2.5896
2.7410
2.9119
2.7468
2.6467
2.7710
2.2898
2.4766
2.7642
2.7808
2.7447
2.5266
2.6883
2.7726
2.5373
2.9775
2.8173
2.7517
2.5144
2.8618
2.5075
2.8040
2.9123
3.1212
2.9192
2.7786
2.6198
2.5939
2.5687
2.4156
2.6193
2.4200
2.5080
2.6650
2.1899
2.5494
2.3854
2.6597
2.3729
2.1661
2.2068
2.3398
2.2915
2.2628
2.4694
2.2912
2.1237
2.3124
2.0506
2.1333
2.0875
2.0664
2.1623
2.0887
2.5333
2.6824
2.4408
2.2656
2.1562
2.1436
2.0451
1.9136
2.0139
1.8723
1.8168
2.0789
1.7917
1.9351
1.9317
1.9988
1.6852
1.6805
1.3043
1.5089
1.4438
1.4426
1.5362
1.3751
1.5780
1.7173
1.7029
1.9780
1.5882
1.6708
2.0313
1.5600
1.6671
1.8552
1.4592
1.7174
1.6016
1.7888
2.0263
1.4646
1.6389
1.4275
1.5610
1.7467
1.4995
1.7648
2.0293
1.7760
1.5154
1.9732
1.7027
1.9595
2.0116
1.7704
1.6635
1.5475
1.6040
1.5218
1.5466
1.4353
1.4292
1.6737
1.5334
1.6635
1.6841
1.5892
1.4632
1.2246
1.5125
1.5084
1.6075
1.4573
1.6525
2.1031
1.7620
1.5911
1.6037
1.7180
1.6364
1.5457
1.1505
1.2388
1.1466
1.1870
1.4441
1.5206
1.5522
1.4434
1.7291
1.4647
1.4207
1.4870
1.8716
1.8804
1.9062
1.6292
1.7403
1.8171
1.5644
1.8355
1.7094
1.7645
1.9957
2.1009
1.7872
1.7413
1.7168
1.9873
2.2695
2.1889
1.6502
2.2553
2.0944
2.0568
1.7011
1.8796
1.7687
1.5800
1.8208
1.6191
1.6143
1.7727
1.8238
1.7265
1.6405
1.6739
1.8158
1.7946
1.7889
1.7945
1.6321
1.5821
1.4339
1.6633
1.7944
1.8542
1.8442
1.9598
1.7687
1.8044
1.6684
2.0278
1.7129
1.7410
1.8312
1.8153
1.6089
1.8196
1.9586
1.9703
1.8716
1.8674
2.1318
2.1651
1.7786
1.8436
1.8786
1.8148
2.0156
2.0192
2.2941
1.9256
1.9917
2.0053
1.8321
1.9391
1.7854
2.0174
1.7241
1.4560
2.2413
1.9880
1.9224
1.9623
1.8336
2.4292
2.1222
2.2175
1.9529
1.7041
2.2695
1.8905
2.0934
1.9389
1.9633
2.1261
2.0797
2.0610
2.1585
2.2002
1.8129
2.1808
2.0051
1.6531
1.5204
1.9151
1.7969
1.5850
1.8726
1.8710
1.7626
1.7353
1.8987
1.6469
1.8444
1.8489
2.0216
1.8915
1.9334
1.6753
1.7133
1.7591
1.7043
1.6885
1.8873
2.0132
1.8449
2.2207
1.9975
1.7998
1.9586
2.0302
1.8526
1.8577
2.3314
2.3302
2.2568
2.0090
1.9407
1.8897
1.7047
1.7916
1.7006
1.9894
1.7093
1.8599
1.8063
1.4921
1.8996
1.4795
1.4000
1.5439
1.4681
1.4669
1.6525
1.6827
1.7412
1.4738
1.4616
1.4559
1.4975
1.5178
1.7398
1.6173
1.7625
1.3869
1.5094
1.8248
1.8636
1.9489
1.8397
1.8125
1.6699
1.9829
1.9391
1.8244
1.5699
1.7542
1.6485
1.7999
1.9161
1.9423
2.0197
1.9346
2.0025
1.5907
1.7047
1.6462
1.7470
1.7322
1.7365
1.9403
1.7249
1.5267
1.6133
1.3539
1.6845
1.6186
1.7054
1.4703
2.0127
1.5522
1.7131
1.7513
1.7530
1.9740
1.6956
1.6336
1.6506
1.6075
1.8558
1.7690
1.8351
1.9216
1.6070
1.9304
1.8903
1.8545
1.8345
1.8832
2.0459
1.8574
1.7714
1.6879
1.6816
1.7600
1.3140
1.2903
1.5097
1.6633
2.2012
1.8691
1.7071
1.6961
1.7651
1.5819
1.6499
1.4930
1.5079
1.7176
1.9975
2.0215
1.9924
1.9237
1.9698
1.6718
2.2025
1.8174
1.8862
1.8984
1.8617
2.0951
1.8141
1.7053
1.6492
1.7080
1.6296
1.4981
1.7593
1.8233
1.7268
1.3733
2.0341
2.2330
1.8956
2.2214
2.0133
2.0244
2.1082
1.6725
2.1754
2.4244
2.2629
2.0328
1.8095
2.1041
1.7227
1.6364
1.6541
1.8870
1.9032
1.8500
1.8420
1.8815
1.5118
2.0585
1.6703
1.2571
1.6779
1.8507
1.5848
1.9045
2.1955
2.0507
2.1221
2.3923
1.7835
1.9340
2.2507
1.8311
2.0255
1.8519
1.7870
1.8181
2.1011
2.1521
1.9829
1.9461
2.2804
2.6150
2.4858
1.9054
2.2169
2.2174
2.2889
2.2178
2.1475
2.3290
2.4680
2.5327
2.0024
1.9912
2.4195
2.1996
2.4326
1.9385
1.7848
1.9763
1.7323
1.7357
1.9685
1.9514
1.6938
1.9293
1.8002
1.4407
1.5486
1.9630
1.9283
2.0518
1.9301
1.6819
1.7179
1.9281
1.7973
1.7468
1.9001
2.0720
1.9257
1.7981
1.8539
1.9952
2.1928
2.1179
2.0249
1.8624
1.7237
1.8732
2.0158
2.0580
2.0978
2.0504
2.2246
2.0304
2.1079
1.9970
1.9149
1.7510
1.6546
1.7790
1.8152
1.4178
1.9057
2.1049
2.2346
1.6398
2.0472
1.7086
1.8243
1.8269
1.8236
1.9686
1.9907
1.8956
1.9565
2.1693
1.7906
2.0872
2.0118
1.9072
1.8277
1.9535
1.8685
1.8273
2.1832
1.8831
1.9564
2.1482
2.1005
1.7748
1.9861
1.5528
1.9828
1.8727
2.1849
2.1491
1.9298
2.1618
2.1168
2.2333
1.8921
2.0326
2.1253
2.3298
2.3618
2.3849
2.5003
2.0351
2.2207
2.1269
2.2938
1.9531
1.9999
1.8020
1.9653
2.0027
2.0292
1.8888
1.7432
1.9150
1.9868
1.9647
2.0237
1.9115
2.0153
2.1422
2.0805
1.7607
1.7535
2.1246
1.8046
1.5167
1.9081
1.9433
1.9030
1.9889
2.0546
1.9778
1.8119
1.9480
1.5683
1.8612
2.0302
1.8796
1.5708
1.8008
1.6814
1.8312
1.9229
1.9847
2.0710
2.1294
1.9260
1.8960
1.9281
1.8960
1.8194
1.7785
2.0175
1.8485
1.8354
1.9919
1.9263
1.7250
1.8198
1.6954
1.7436
2.0038
1.5252
1.8086
1.6652
1.7211
1.8198
1.7062
1.7371
2.0684
2.1097
1.8224
2.0104
1.9724
2.1075
2.0685
2.1896
2.2036
2.4607
2.2444
2.3118
1.7957
2.2835
2.1845
2.2097
1.8402
2.0018
2.1083
2.2429
2.3396
2.2635
2.1032
2.1346
2.0864
2.0240
2.1640
2.4199
2.0016
1.9971
1.9915
2.2933
2.2727
2.0940
2.1581
2.2638
2.3710
2.2223
2.2515
2.2279
2.2846
1.8175
2.1475
2.2064
2.2401
2.0761
2.1882
2.2567
2.0566
2.1843
2.1721
2.3992
2.1046
2.1526
2.2241
2.3157
2.2308
2.4941
2.4736
2.5455
2.2769
2.4279
2.2635
2.1269
2.7659
2.7536
2.2527
2.0840
2.2412
2.1503
2.2459
2.1688
2.2439
2.4637
2.2732
2.2988
2.0998
2.4754
2.5714
2.6121
2.7123
2.5708
2.4167
1.9412
2.7077
2.5937
2.8852
2.7899
2.5445
2.4215
2.6391
2.6572
2.2016
2.4370
2.4923
2.4033
2.2802
2.3291
2.3118
2.1979
2.1285
1.9616
2.0196
1.5657
1.8313
1.9191
2.1247
1.7729
1.8525
2.1465
2.2918
1.9937
1.9365
2.0176
2.1657
2.4225
2.2415
2.1180
2.2809
1.9887
1.7760
1.9007
2.1699
1.9570
2.0069
1.9785
1.8666
1.7984
1.7656
1.7578
1.8218
1.7389
2.0107
1.9757
1.9388
2.0015
1.9585
2.1095
2.0302
1.9839
1.8510
1.9929
2.1768
2.0623
1.8445
2.0289
1.7167
1.6757
1.5129
1.8068
1.9782
2.1051
1.9621
2.0061
2.2078
2.1950
2.4404
2.3887
2.2830
2.1450
1.8635
2.1394
2.0320
1.9883
1.8340
1.9975
2.1353
2.0328
1.8641
1.6960
1.8804
2.1318
2.2190
1.7885
1.8542
1.8072
1.5988
1.6671
1.7810
1.9688
1.7420
2.0003
1.8688
2.2643
2.0351
2.0336
2.0507
2.1335
2.2099
2.4250
1.9867
2.1799
2.0609
2.3052
2.6141
2.4280
2.2067
2.2312
2.3787
2.2046
2.4344
2.3594
2.0699
2.3334
2.0605
2.0685
1.9583
1.7967
2.1543
2.0297
1.6477
1.8206
1.8356
1.8751
1.8991
2.0318
2.3168
2.1313
2.1127
1.7819
2.4058
2.4372
2.1985
2.0017
2.1737
2.0859
1.8990
1.9598
1.8989
1.6939
1.7025
1.6486
1.6744
1.5706
1.6423
1.7030
1.7211
1.9188
1.7365
2.1983
1.8553
1.6785
1.4729
1.4233
1.6455
1.5903
1.5825
1.7247
1.6566
1.8678
1.7122
1.7660
1.7156
1.7479
1.6805
1.8502
1.7718
1.5496
1.7903
1.7857
1.8326
1.4406
1.1607
1.4712
1.5123
1.6516
1.7064
1.5504
1.3480
1.6534
1.7137
1.3378
1.4419
1.2466
1.4123
1.6600
1.5412
1.4402
1.6230
1.5877
1.3263
1.3532
1.3677
1.3879
1.6400
1.5842
1.7134
1.7603
1.9363
1.7759
1.4924
1.8541
1.7444
1.8946
1.7109
1.5809
1.5619
1.3937
1.5324
1.6261
1.3961
1.4176
1.7332
1.7399
1.6326
1.4826
1.5991
1.4616
1.6511
1.5625
1.4219
1.4145
1.3834
1.3885
1.5326
1.3943
1.1003
1.3221
1.5132
1.3301
1.4986
1.3827
1.3746
1.5424
1.6800
1.3624
1.1827
1.1096
0.9637
1.4534
1.3812
1.2818
1.3317
1.4416
1.2519
1.3122
1.3083
1.2501
1.8287
1.4635
1.5481
1.5500
1.5468
1.8549
1.7746
1.7657
1.5280
1.6087
1.7504
1.7756
1.3825
1.4976
1.7459
1.6401
1.8778
1.6589
1.6200
1.5626
1.9387
1.9051
1.9609
2.0660
2.0185
1.9705
2.0114
1.4627
1.6569
1.7836
1.4386
1.5119
1.4475
1.3280
1.5691
1.6145
1.5498
1.4940
1.6081
1.5263
2.0465
1.8544
1.7279
1.9478
1.7077
1.5509
1.7051
1.7452
1.4380
1.7972
2.0177
1.8257
1.8050
1.6674
1.6718
1.4288
1.8408
1.4780
1.6089
1.6039
1.3651
1.6157
1.6381
1.7883
1.5094
1.4803
1.6103
1.8029
1.2521
1.6186
1.4750
1.5148
1.5463
1.7772
1.7533
1.6853
1.5649
1.5086
1.8962
1.7269
1.7890
1.8990
1.7727
1.6726
1.6599
1.5099
1.5704
1.7196
1.8016
1.8738
1.8079
1.8705
1.7053
1.8738
1.6633
1.8042
1.7187
1.7177
1.7197
1.9788
1.7349
1.8254
1.6959
1.7585
1.5854
1.5225
1.6893
1.5302
1.5884
1.4537
1.5921
1.6452
1.3090
1.4294
1.1679
1.0149
1.3490
1.3462
1.3616
1.3680
1.5089
1.3873
1.1828
1.4166
1.3892
1.3628
1.5680
1.5267
1.4757
1.3588
1.5422
1.5765
1.6080
1.7569
1.5719
1.5566
2.0523
1.6046
1.2390
1.5750
1.5819
1.5544
1.7356
1.8252
1.4408
1.6092
1.4066
1.6294
1.8533
1.7593
1.6028
1.8588
1.6288
1.8414
1.8792
1.9440
1.7830
1.6204
1.4681
1.5464
1.4851
1.5017
1.5230
1.5712
1.3583
1.3509
1.2084
1.4190
1.6146
1.3539
1.1861
1.3616
1.2667
1.0286
1.1991
1.2214
1.1897
1.2499
1.0971
1.2603
1.1513
1.2577
1.1951
1.2418
1.1068
1.4574
1.5449
1.6588
1.6833
1.2492
1.3608
1.2733
1.1485
1.2757
1.5256
1.7287
1.7143
1.6494
1.9930
1.9907
1.7122
1.9802
1.7999
1.7962
1.5851
1.4144
1.3547
1.0874
1.3658
1.4730
1.3771
1.4713
1.5080
1.4891
1.2629
1.4341
1.4271
1.4361
1.3309
1.4250
1.6715
1.7600
1.7576
1.4920
1.6734
1.7801
1.4791
1.5640
1.8097
1.8834
1.6746
1.8598
1.7185
1.6433
1.5783
1.6145
1.4386
1.3627
1.4411
1.6974
1.6539
1.5863
1.4651
1.6152
1.8193
1.8812
1.8500
1.9869
2.1465
1.8883
2.0544
2.0345
2.1741
2.0563
1.8879
1.8904
2.2353
2.0003
2.2537
1.8106
2.1341
1.8082
2.0417
1.9654
2.1506
1.7872
2.0150
2.1566
2.0313
2.0218
1.8572
2.1969
2.2651
2.1957
2.2548
2.1632
2.1103
1.9735
1.7331
1.6442
1.8317
1.7585
2.0073
1.8009
1.9868
1.8016
1.9658
1.8698
1.9430
2.2440
1.9641
2.2133
2.0058
2.5055
2.3697
2.2040
2.4877
2.5243
2.2444
2.3278
2.2653
2.2406
2.2800
2.3659
2.0266
1.9202
1.8871
2.0512
2.2336
2.2042
2.3643
2.4685
2.4660
2.2291
2.4878
2.2517
1.9820
1.9522
1.9984
2.1169
1.9744
2.0509
1.9726
2.2111
2.1252
2.0470
1.8546
1.7534
1.6288
1.5455
1.7281
2.0870
1.8140
2.1039
1.7742
1.7021
1.8169
1.8015
1.8178
1.9833
2.0781
1.6857
1.5918
1.6011
2.0784
2.0015
1.5640
1.8870
2.2092
1.9735
1.8574
2.2988
1.7377
1.6165
1.5113
1.8782
1.7931
1.7819
2.0028
2.0242
1.9176
1.7364
1.8143
1.4808
1.6215
1.6860
1.5353
1.7135
1.6280
1.8003
1.5590
1.9031
1.6337
1.5882
1.6471
1.8304
1.6730
1.6818
1.6652
1.4860
1.4759
1.6981
1.5380
1.5056
1.8287
1.5808
1.7168
1.7753
1.4951
1.4972
1.5651
1.4299
1.2745
1.3388
1.0820
1.2405
1.3949
1.5926
1.6175
1.8021
1.5341
1.4316
1.2485
1.5857
1.3685
1.2140
1.3886
1.4205
1.2161
1.4604
1.2595
1.1106
1.0722
1.3157
1.3023
1.2545
1.2164
1.2167
1.2971
1.1805
1.5155
1.2628
1.4624
1.3152
1.5512
1.4844
1.3628
1.3140
1.3218
1.6421
1.7248
1.3508
1.4312
1.3323
1.5207
1.4122
1.4314
1.4362
1.3390
1.4597
1.3523
1.5569
1.4673
1.7476
1.7857
1.8964
1.5971
1.5652
1.8009
1.7277
1.6544
1.8327
1.5674
1.3813
1.5822
1.4428
1.5889
1.5790
1.4000
1.6008
1.5485
1.4064
1.4449
1.4727
1.7625
1.6864
1.8539
1.9317
2.0082
1.9835
1.9928
2.0499
1.7942
2.0771
1.8390
2.0611
1.8991
2.1313
1.5917
1.9304
2.0653
1.4828
1.5975
1.6467
1.5338
1.4211
1.4814
1.6813
1.8218
1.5482
1.8281
1.7801
1.6513
1.3415
1.7021
1.7073
1.6350
1.4734
1.8714
1.7642
1.8965
1.6872
1.9254
1.6886
1.9893
1.9756
2.0429
1.8677
1.9787
1.6651
1.8127
1.6876
1.9240
1.9705
1.7676
2.0328
1.7594
1.7156
1.6227
1.7619
1.7565
1.9113
1.7419
1.7836
1.9981
1.8848
1.7601
1.4462
1.5907
2.0259
2.2274
1.6913
1.5069
1.6682
1.7207
1.4330
1.4227
1.7351
1.9329
1.6752
1.9537
1.8372
1.8523
1.8670
2.0076
1.6882
1.4977
1.5636
1.5703
1.5451
1.8699
1.5738
1.6858
2.0011
2.0675
1.9463
1.8301
1.7057
1.5891
1.8635
1.6995
2.1502
1.9110
1.3597
1.5778
1.7969
1.7649
1.7656
1.4740
1.5969
1.5052
1.6573
1.5830
1.2840
1.6329
1.4617
1.3389
1.4662
1.7209
1.5294
1.3407
1.7314
1.6149
1.6365
1.7253
1.9157
1.8650
1.8152
1.7222
1.6388
1.8914
1.5321
1.4576
1.8203
1.6273
1.6778
1.6512
1.8931
1.7961
1.6128
1.5897
1.6895
1.7378
1.7569
1.6675
1.5865
1.5600
1.6464
1.7793
1.4509
1.6609
1.5746
1.7024
1.9114
1.8840
1.4118
1.6103
1.9056
2.0720
1.9016
1.6989
1.6786
2.0726
1.6919
1.9497
1.5748
1.7728
1.4791
1.9003
1.5588
1.5771
1.8087
1.7860
1.7007
1.6773
1.5702
1.5724
1.5596
1.8730
1.7087
1.3767
1.3327
0.9816
1.4133
1.2424
1.4269
1.7023
1.8950
1.8718
1.3771
1.5403
1.6481
1.3969
1.7697
1.7913
1.7735
1.6887
1.7228
2.0683
2.0362
1.7544
1.7677
1.7834
1.6402
1.9337
1.5778
1.7874
1.7776
1.3953
1.8487
1.9416
2.0120
1.8923
2.0744
2.1881
2.3483
2.1245
2.1475
2.0136
2.3868
2.3884
2.0677
2.3633
2.3702
2.6022
2.0342
2.0683
1.9041
2.0275
1.9505
1.8837
2.0136
2.0460
1.8973
2.0683
1.9472
2.0803
1.9753
2.0500
2.0103
2.1685
1.8462
2.0029
1.9875
1.7759
1.6607
1.6285
2.0374
1.9933
2.0604
2.4119
2.1923
2.1448
2.1345
2.7072
2.2566
2.3622
2.4808
2.2463
2.4754
2.7701
2.2799
2.2714
2.1445
2.1425
2.5371
2.0643
2.3573
2.0712
2.0803
2.0421
2.4416
2.1122
2.2832
2.3368
2.4367
2.3662
2.1801
2.0620
1.9366
2.1354
2.3588
2.2049
2.0801
2.3190
2.3163
2.2532
2.2754
2.0892
1.9947
2.1284
2.1341
2.6104
2.5368
1.7212
1.9505
2.1404
1.9832
2.0352
1.9052
1.9127
2.2676
2.1879
2.5464
2.0224
2.3057
2.3342
2.3073
2.5701
2.6718
2.4003
2.5942
2.7363
2.2974
2.5815
2.5205
2.3155
2.5017
1.9492
2.2210
2.1513
2.3146
2.1603
1.9607
1.9845
2.1155
2.4073
2.2465
2.6648
2.6472
2.4968
2.4714
2.3763
2.4201
2.6509
2.6974
2.8089
2.6305
2.2970
2.3134
2.1241
2.1264
2.3560
2.3104
1.9396
1.8273
2.0450
2.2151
1.9567
2.4811
2.2967
2.3430
2.5542
2.1228
2.0433
2.3809
2.2891
2.3105
2.0051
2.0591
2.3289
1.9386
2.2817
2.1186
2.1803
2.5535
2.3283
2.2037
2.1640
2.5179
2.3982
2.2090
2.2150
2.1899
2.0093
2.4184
2.4166
2.3885
2.4276
2.2593
2.2094
1.7196
2.0596
2.0184
1.8651
2.0082
2.0155
2.0177
1.9735
1.9026
1.9769
2.0839
1.8991
1.7487
2.1244
2.1161
2.3589
2.0810
2.0854
1.7775
1.9466
1.5822
1.7993
2.0773
1.8139
2.0914
2.0011
2.2533
1.7673
1.6450
1.9265
1.9962
1.8682
1.7202
2.0885
2.3394
2.3796
2.5468
2.4028
1.8180
1.9575
1.8780
2.2128
1.6906
2.0191
1.9684
2.1631
2.1250
2.3284
2.2819
2.2607
1.7551
1.7964
2.0470
1.9086
2.0252
2.0200
2.1968
2.2314
2.3583
2.3420
2.3235
2.2399
2.1470
2.2255
2.5267
2.1602
1.9202
1.8908
1.9744
2.0847
2.2658
1.9846
2.6548
2.2093
1.8272
1.9424
2.1325
2.7439
2.7093
2.4336
2.3902
2.4684
2.3390
2.4802
2.0679
2.1282
2.0602
1.8805
1.8741
2.3128
2.3962
2.2125
2.3335
2.3097
2.1259
2.0471
1.9312
2.0724
2.1658
2.1676
1.9951
2.2254
2.0796
2.0604
1.7797
2.0136
1.6884
1.6496
1.8641
2.0927
1.8496
2.0326
1.9776
1.7849
1.7798
2.0321
1.7726
1.8239
1.8371
1.8877
1.8675
2.0872
2.0783
2.0794
2.1173
2.7198
2.4131
2.3403
2.0973
1.8314
1.7771
1.9484
1.8212
1.8587
1.7430
1.8855
1.9184
1.8995
2.1881
2.3802
1.9207
2.0405
2.1705
2.5208
2.4044
2.1949
2.0918
2.3723
2.5245
1.9020
2.0730
2.5662
2.5170
2.3807
2.2261
1.9389
1.9652
2.2786
2.3848
2.5231
2.5293
2.4129
2.0491
1.9687
2.4565
2.0950
2.3451
2.3818
1.8485
2.3871
2.3792
2.3286
2.3870
2.1754
2.1776
2.3422
2.5432
2.7240
2.8169
2.3216
2.6826
2.5257
2.4773
1.9742
2.4110
2.2518
2.2173
2.3245
2.1436
2.1963
2.4286
2.1259
2.4229
2.3290
2.1471
2.1032
2.3538
2.2251
2.6883
2.5313
2.7552
2.5371
2.6615
2.1641
2.2657
2.3446
2.6006
2.4070
2.1175
2.1677
2.2207
2.4143
2.3002
2.1937
2.1116
2.2923
2.3723
2.5947
2.3116
2.7408
2.4498
2.4353
2.5961
2.9559
2.9059
2.8434
3.0541
2.8429
3.0487
2.6418
3.0212
2.6206
2.7712
2.8202
2.8782
3.1710
3.0195
3.1163
3.1663
3.2830
3.5645
3.3113
3.7087
3.1711
3.1108
3.1870
3.1916
3.1546
2.7631
3.0416
2.8734
3.1384
3.2384
3.0571
3.0820
3.4625
3.1871
2.9357
2.9029
2.9847
2.6515
2.7178
2.1922
2.8260
2.7141
2.5681
2.6758
2.6153
2.3128
2.2940
2.2314
2.5249
2.4129
2.5469
2.6477
2.8195
2.4855
2.2931
2.4224
2.5049
2.5494
3.2162
2.3120
2.3128
2.2648
2.6933
2.7663
2.5907
2.1371
2.4176
2.4811
2.6423
2.4463
2.6192
3.0484
3.1273
2.9041
3.0864
2.8320
2.5279
2.8494
2.6044
2.7767
2.5616
2.3393
2.7117
2.2041
2.1932
2.2835
2.2893
2.1838
2.3098
2.2590
2.2057
2.1343
2.1774
1.9927
1.9764
1.9546
1.7059
1.6750
1.8396
1.8374
2.5959
1.9090
1.9882
1.9913
1.9683
2.2181
2.1874
2.3525
2.3306
2.7727
2.5271
2.5513
2.4446
2.1653
2.5678
2.1713
2.2493
2.3386
2.2458
2.6096
2.6857
2.3370
2.5080
2.4058
2.3652
2.0464
2.1768
2.3230
1.8913
2.5661
2.6238
2.6557
2.4271
2.0895
2.3271
2.5322
2.6420
2.4107
2.5054
2.5529
2.5230
2.8155
2.5016
2.2971
2.3592
2.1248
2.0703
2.2031
2.0435
2.1335
2.1578
2.1466
1.7844
1.6838
1.8287
1.6629
1.8278
2.0452
2.3196
2.3647
2.2071
2.1749
2.3073
1.9730
2.0968
2.1497
1.9611
2.1161
2.1754
2.1400
2.1154
2.3088
2.2499
2.4108
2.3557
2.1082
2.1432
2.0891
2.0056
1.8535
1.4466
1.9712
2.0113
2.0119
2.3382
2.0062
1.9521
1.9962
1.9249
1.9126
2.1822
2.3244
2.1061
2.3445
2.1105
2.0879
1.7868
1.8544
1.3943
1.5227
1.3742
1.4388
1.6981
1.4284
1.5937
1.3112
1.4904
1.5715
1.5133
1.5873
1.8673
1.9327
1.2821
1.2242
1.3201
1.4756
1.3228
1.5087
1.5185
1.6268
1.8912
1.5407
2.0777
1.5072
1.6588
1.8543
1.9179
2.0645
1.8127
2.0821
1.9327
1.8978
1.9975
2.1831
2.2039
2.6039
2.4079
2.4446
2.0813
2.4884
2.6579
2.4050
2.8411
2.7014
2.7382
2.5958
2.7657
2.4819
2.2383
2.4816
2.1588
1.9965
1.9333
2.2117
2.0505
2.3581
2.0428
2.4381
2.1071
2.3898
2.3456
2.1219
2.2207
2.3156
2.4803
2.6323
2.9058
2.8178
2.9354
2.7278
2.9024
2.9197
2.8163
2.7984
2.3365
1.8216
1.6447
1.6398
1.6856
1.5631
1.6271
2.0127
2.2574
2.2112
2.4633
2.4896
2.1564
2.0317
1.6451
1.5857
1.7802
1.8103
1.7387
1.9089
1.9924
1.6399
2.0199
2.0677
2.5403
2.4125
2.4046
2.3985
2.3315
2.3035
2.3799
2.1464
2.4340
2.1296
1.9003
2.0259
2.0791
2.1092
1.8209
2.1344
2.0026
1.7310
1.8049
1.3722
1.6559
1.7203
2.1240
2.2357
1.7702
1.5608
1.6078
1.8780
2.0657
1.8959
1.8713
2.2257
1.7939
1.5596
1.9097
1.5248
1.7665
1.7896
1.9322
2.1626
2.2445
2.0448
2.4234
2.1893
1.7567
2.0610
1.9463
2.0566
2.6560
2.1658
1.6814
1.6654
2.0472
1.9864
1.9465
2.1129
2.1718
1.8106
1.8062
1.7436
1.8092
1.5290
1.6511
1.9310
2.0104
1.6144
1.5207
1.6824
1.4583
2.0619
1.8178
1.8750
1.9393
1.8198
1.6745
1.8403
1.8046
1.9616
1.7827
1.7886
1.7548
2.0256
1.9342
1.8460
1.6024
1.8745
1.5518
1.5363
1.5576
1.4791
1.5022
1.5540
1.5547
1.5880
1.6872
1.3801
1.5134
1.5088
1.4259
1.3303
1.3676
1.4315
1.5068
1.5083
1.5948
1.4423
1.5678
1.5443
1.3128
1.2770
1.3492
1.4500
1.6467
1.4697
1.4695
1.8801
1.3425
1.3001
1.6698
1.3849
1.6152
1.8288
1.9518
1.6666
2.1102
2.3183
1.7130
1.9174
1.9984
1.7100
1.7940
1.7444
1.7453
1.8947
1.8873
2.1910
2.2767
2.3648
2.3116
2.3829
2.4263
2.4690
2.5384
2.2716
2.4299
2.3059
2.2904
2.1265
2.0649
2.0377
2.1932
1.9767
1.5445
1.6239
2.0400
1.8550
2.0028
1.8236
1.9947
1.7726
1.8930
1.7155
1.8558
1.9022
2.0201
1.4652
2.0627
1.7640
2.0205
2.2104
2.2784
2.0984
2.4154
2.2371
2.0278
2.2504
2.1449
2.1862
2.6702
2.3592
2.4363
2.3307
2.6379
2.2205
2.2745
2.2312
1.8137
2.1273
2.3295
2.0290
2.1329
2.5622
2.4571
2.5730
2.5452
2.2224
2.1254
1.9555
2.1550
2.4677
1.6138
1.8995
1.8922
1.8606
2.1034
2.2124
1.8953
2.2914
2.5139
2.5303
2.5235
2.4426
2.6900
2.3819
2.6169
2.9415
2.7504
2.6284
2.5732
2.3217
2.2625
2.5520
2.4345
2.8652
2.7385
2.8377
2.5800
2.5441
2.0626
2.3420
2.2577
2.3684
2.3657
1.9668
2.2377
1.7942
2.1775
1.8988
2.1737
2.1769
2.5065
2.3674
2.3829
2.4709
2.1773
2.8782
2.6270
2.5286
2.0991
2.1572
2.2293
2.2993
2.1733
2.2513
2.3920
2.8402
2.9987
2.9306
2.9367
2.6662
2.4183
2.5701
2.6494
2.3908
2.6193
2.6537
2.7236
2.7936
2.5096
2.8037
2.7628
2.5672
2.2289
2.6558
2.8560
2.9068
2.6321
2.6219
2.2842
2.5311
2.5176
2.2564
2.5859
2.4941
2.5394
2.9001
2.9578
2.8766
2.9780
3.0165
2.8778
2.8910
2.8729
2.8040
2.8877
2.4190
2.6894
2.5968
2.5415
2.1815
2.1663
2.1393
1.8613
2.1458
2.0647
2.2126
2.1921
2.0362
2.3514
2.2247
2.5000
2.4070
2.1560
2.6477
2.2611
2.2876
2.1635
2.3507
2.1364
2.3032
2.3789
2.1913
2.5468
2.6996
2.6421
2.0625
2.4019
2.2264
2.3342
2.3849
2.3446
2.2166
2.0765
1.9286
1.8802
1.7889
1.9725
2.0134
1.9627
2.1605
1.8512
1.9399
2.0130
2.0147
2.0735
2.0297
2.0686
2.2983
2.2751
2.1977
2.0702
2.1401
2.0858
2.2200
2.2100
2.3873
2.2943
2.3600
2.2298
2.6467
2.3615
2.0816
2.5029
2.5246
2.4096
2.4189
2.7352
2.5231
2.6401
2.7688
2.7071
2.4117
2.4400
2.3846
2.4878
2.6776
2.1299
2.0558
1.9950
2.0527
2.1453
2.3421
2.2824
2.3057
2.3389
1.8631
2.3056
2.1206
2.5319
2.2987
2.7884
2.2595
2.3051
2.1400
2.3522
2.1367
2.1325
1.9644
2.2928
2.2568
2.1215
2.2781
2.1507
2.3122
1.8284
1.8612
1.9906
2.1336
1.7767
1.9789
1.9819
2.1493
1.9049
1.8637
2.2148
1.9313
1.9824
2.2822
2.0151
2.4130
2.3962
2.5366
2.4287
2.5043
2.4682
2.4230
1.6995
2.0470
2.2837
2.2451
2.3708
2.6057
2.5210
2.4448
2.3548
2.4244
2.7131
2.7317
2.6036
2.8596
2.6217
2.3083
2.5032
2.4734
2.2106
2.5105
2.5280
2.1266
2.4488
2.2572
2.4994
2.6658
2.3967
2.0307
2.0186
1.7642
2.3175
2.3445
2.2384
2.5323
2.7090
2.7899
2.7181
2.6689
2.2339
2.3739
2.1264
2.2870
2.2673
2.2789
2.3863
1.9171
2.0515
2.0896
1.7486
1.9628
1.6760
2.2260
2.0894
1.7781
2.0567
1.9505
1.7829
1.9546
1.7881
2.2610
2.3849
2.8708
2.8640
2.1519
2.3480
2.2902
2.0453
2.4247
2.6291
2.5335
2.3547
2.2682
2.2489
2.2415
2.3208
2.7063
2.7333
2.8619
2.8502
2.9269
2.8200
2.5151
2.4968
2.1777
2.3883
2.4388
2.0219
1.9411
2.2653
2.3674
2.4358
2.4328
3.0204
2.7149
2.3847
2.3374
2.9883
2.7497
2.8961
2.9003
2.7509
2.5315
3.0684
2.5467
2.5970
2.8621
2.6124
2.4057
2.8322
2.5997
2.6486
2.7595
2.4069
2.4645
2.2051
2.2634
1.7893
1.6168
1.8905
2.0857
2.2387
2.1690
2.2175
2.4079
2.6517
2.3929
2.3541
2.3513
2.0954
2.5742
2.0169
2.1371
2.0273
2.1219
2.2599
1.8992
1.9269
1.8903
1.8877
2.1274
2.0849
2.2473
2.3963
2.6059
2.6558
2.5031
2.5898
2.3454
2.4333
2.2062
2.4918
2.5024
2.7390
2.4102
2.2595
2.5669
2.3152
2.8047
2.6651
2.5262
2.4538
2.4172
2.6057
2.7208
2.4837
2.4650
2.5806
1.9906
2.0944
2.1113
2.0901
2.2133
1.9323
2.4027
2.4537
2.5324
2.5106
2.4550
2.7350
2.7437
2.7107
2.8753
2.7289
2.3047
2.2438
2.5739
2.1530
1.8463
2.2161
2.0602
2.0802
2.0150
2.0439
2.2043
1.8740
2.0791
1.7880
2.0336
2.0610
2.1124
2.3984
2.1082
2.0507
2.1727
1.8361
2.3825
2.2986
2.4125
2.3896
2.5074
2.4503
2.3863
2.5215
1.8987
1.9393
2.0795
2.3328
2.4799
2.6687
2.4806
2.4855
2.7986
2.2531
2.2741
2.4072
2.4652
2.4664
2.0846
2.1431
2.1118
2.0426
2.2477
1.9787
2.0436
1.9735
2.2361
2.0371
2.2661
2.2536
2.5590
2.5338
2.1600
2.5261
2.7794
2.4874
2.8253
2.1697
2.6428
2.4729
2.7482
2.5918
2.4805
2.4784
2.7002
2.5815
2.7481
2.8003
3.0243
2.7969
2.7617
2.6559
2.6859
2.5742
2.3244
2.3913
2.3013
2.1030
2.1597
2.1967
2.2383
2.2033
2.3532
2.1927
2.5595
2.4402
2.3931
2.1355
2.5882
2.7085
2.8906
2.7973
2.6807
2.7027
2.6037
2.6868
2.1466
2.6430
2.0885
2.3274
3.0949
3.0539
3.2001
3.0281
3.2710
3.0555
3.1838
3.4288
2.8646
2.8870
2.9522
2.9389
2.7392
2.7617
2.6852
2.5735
3.0206
2.8324
2.7074
2.4338
2.2173
2.7351
2.4490
2.8510
2.5196
2.6221
2.7637
2.7556
2.5961
2.7239
2.7062
2.6787
3.0438
2.9499
2.6997
2.5469
2.4577
2.5141
2.4342
2.4001
2.2512
2.5336
2.6065
2.3216
2.4527
2.2669
2.2360
2.1958
2.4002
2.3554
2.5801
2.4936
2.6395
2.9605
2.5827
2.8503
2.4395
2.5241
2.5506
2.6531
2.5144
2.5003
2.5870
2.5026
3.1324
2.9048
2.8253
2.6160
2.4237
2.7068
2.7901
2.7674
2.6317
2.7521
2.9816
3.0325
2.7140
2.5765
2.5450
2.9241
3.0623
2.6908
2.5776
2.6639
2.6894
2.6247
2.4597
2.2623
2.3612
2.5785
2.4580
2.2493
2.4676
2.4566
2.5117
2.7471
2.8601
2.6836
2.7110
2.7283
2.6251
2.6232
2.8067
2.6584
2.6430
2.5941
2.6276
2.4735
2.7010
2.5128
2.8372
2.4770
2.4928
2.3433
2.5068
2.6343
2.7212
3.0172
2.8728
2.7267
2.5711
2.4010
2.6241
2.0843
2.4727
2.3993
2.3026
2.4776
2.6202
2.6488
2.3729
2.3556
2.3800
2.6389
2.7963
2.4512
2.3838
2.6463
2.3347
2.7022
2.5389
2.6989
2.4388
2.7708
2.7192
2.3658
2.2858
2.3401
2.2052
2.2614
2.1692
2.0840
2.1746
2.1657
2.0688
2.2974
2.0164
2.1440
1.9119
1.9923
1.9082
1.8859
2.2827
2.2876
2.1521
2.4509
2.3774
2.3688
2.2388
2.2167
2.0541
2.3245
2.3133
2.4755
2.3600
2.2594
2.1646
2.6970
2.3980
2.4719
2.3671
2.4041
2.4933
2.3515
2.2425
2.2662
2.2135
2.5524
2.4330
2.4422
2.3901
2.4163
2.4224
2.5102
2.9297
2.6977
2.8136
2.6325
2.5485
2.2315
2.5470
2.3302
2.3125
2.3390
2.5386
2.3129
2.2823
2.6677
2.3806
2.4501
2.4338
2.4962
2.5653
2.4364
2.3808
2.5537
2.5670
2.8434
3.0479
2.9446
3.0247
2.9155
2.8823
2.8025
2.7731
2.6237
2.4984
2.7865
2.3232
2.5484
2.6319
2.6652
2.6366
2.6819
2.4065
2.3361
2.3445
2.1291
2.1258
1.9759
2.0626
2.0426
1.8908
2.1228
2.1484
1.8356
2.1057
2.2836
2.3495
2.4021
2.1643
2.3271
2.2264
2.2729
2.4213
2.2462
2.5269
2.4429
2.2365
2.4752
2.2686
1.9170
1.9162
2.2045
2.1124
2.3021
2.1794
2.3748
2.4547
2.2234
2.0995
2.4071
1.9548
2.1297
2.0516
2.0529
2.0614
1.9728
2.0110
2.0389
1.8577
2.0792
2.0723
2.0598
1.9669
2.2645
2.4979
2.2827
2.1068
2.1044
2.0670
2.2100
2.0661
2.2786
2.2171
2.0542
2.1359
2.1696
2.2493
2.2414
1.9504
1.7649
1.9773
1.9930
1.6198
1.7346
1.9210
2.0410
1.8686
1.6724
1.7187
1.8760
1.8017
1.8405
1.6909
1.7408
1.4705
1.7683
1.9683
1.8803
1.8919
1.7657
1.8394
2.0286
1.7972
1.7452
1.6863
1.8906
1.9760
1.5729
1.8266
1.7553
1.9654
2.0094
2.1471
2.1274
2.1801
2.2469
2.2301
2.7917
2.3468
2.4394
2.3100
2.0311
2.3842
2.2641
2.4399
2.6119
2.4944
2.2933
2.1844
2.2477
2.4190
2.4651
2.3135
2.3049
2.4094
1.9412
2.0862
2.1004
2.2038
2.1563
2.1221
1.9231
2.1689
2.0227
2.1756
2.2172
2.1779
2.0124
2.1319
2.0934
2.1852
2.2481
2.0340
2.3085
2.1765
2.3560
2.2278
2.3416
2.1065
2.3621
2.0397
1.9511
1.9420
1.9352
1.9516
1.9439
1.9761
1.9155
1.8832
2.0329
1.9213
1.6759
1.8634
1.9697
2.2043
2.2017
2.2920
2.2965
2.1217
2.2903
2.0280
1.7218
1.8258
2.0694
1.7412
2.2814
2.1082
1.9786
2.2326
1.9836
2.0266
2.0280
1.9328
1.9111
1.7330
2.1739
1.9579
1.8208
1.9398
1.9569
1.8882
1.6477
2.0106
1.9972
1.7767
1.8690
1.7658
