3.0180
3.0874
3.1290
3.2268
3.1623
3.1694
3.2407
3.1989
3.2671
3.0637
3.1872
3.1760
3.2415
3.2604
3.3372
3.6892
3.6305
3.6167
3.4475
3.6554
3.7550
3.7469
3.8240
3.7173
3.7564
3.6472
3.7403
3.7763
3.6497
3.7797
3.6293
3.7514
3.8612
3.5728
3.4769
3.4830
3.4894
3.4081
3.6848
3.6719
3.5361
3.8032
3.6781
3.7143
3.8822
4.0100
4.0302
4.0974
4.1967
4.0606
4.0325
4.1342
4.1347
4.2313
4.0854
4.0369
3.8004
3.7057
3.7383
3.9863
3.8300
3.7947
4.0237
4.0366
3.8534
3.9496
3.7949
3.8235
3.8781
4.1823
3.9755
3.9192
3.9262
3.7458
3.7863
3.8338
3.7217
3.7427
3.6928
3.8637
3.9864
3.7479
3.9072
3.7271
4.0112
3.7231
3.7840
3.9172
3.7648
4.0754
3.8656
3.8727
3.8767
3.5859
3.7290
3.7551
3.8155
3.9079
3.6822
3.9285
4.0365
3.8002
4.3377
4.0599
4.1136
4.1614
4.0377
4.4273
4.6711
4.8017
4.4470
4.0965
4.5756
4.5799
4.3990
4.2739
4.5964
4.4459
4.3959
4.4691
4.5044
4.5361
4.6126
4.4779
4.2030
3.9948
4.2687
4.2826
4.1549
4.1586
4.3576
4.4363
4.3079
4.2876
3.8952
4.2073
3.9392
4.0757
4.0110
3.9843
4.2632
4.4123
4.1566
4.0599
4.0307
4.3929
4.1145
4.0023
4.0291
4.0621
4.2287
4.0754
4.1727
3.7713
3.7721
3.9693
4.0449
4.1909
3.9279
4.2467
4.1949
4.3125
4.4186
4.3501
4.1965
4.1470
4.3455
4.2049
4.1796
4.2222
4.0619
4.2040
4.2152
4.2595
4.1372
4.0909
4.3088
4.3228
4.0555
3.9035
3.8715
3.9936
4.0830
3.7954
3.7915
3.9003
3.9163
4.2690
4.1903
4.0215
4.0395
4.0844
4.0883
4.4891
4.3434
4.1978
4.1188
4.2453
4.1090
4.3845
4.4947
4.4235
4.3145
4.4722
4.4136
4.4375
4.2401
4.3582
4.5277
4.5251
4.3896
4.3481
4.2138
4.0563
4.5639
4.4997
4.4018
4.2145
4.4176
4.5521
4.3123
4.3529
4.4038
4.2765
4.5267
4.2196
4.1429
4.2965
4.1849
4.2521
4.2943
4.3191
4.2441
4.0320
4.1838
4.1962
4.1190
4.1342
4.2585
4.1944
4.2987
4.4311
4.4992
4.4140
4.3441
4.2263
4.4287
4.4137
4.4963
4.6843
4.4265
4.5191
4.3129
4.2997
4.4642
4.3147
4.1352
4.0691
4.1963
4.0383
4.1609
4.3895
4.1865
4.0783
4.0807
4.2418
3.8306
3.9179
3.8620
3.9661
4.0583
3.8235
3.8974
3.9388
4.0606
4.2497
4.2709
4.2380
4.4113
4.3229
4.3319
4.4664
4.4392
4.4794
4.5466
4.4120
4.4015
4.3822
4.7164
4.5194
4.6026
4.4584
4.3761
4.3052
4.4195
4.2988
4.6980
4.6211
4.1775
4.3046
4.3144
4.1942
4.1707
4.0129
4.1306
4.1298
4.2530
4.1749
4.1584
4.3013
4.2672
4.4201
4.3075
4.1874
4.2971
4.3459
4.1408
4.3444
4.2650
4.1348
3.9552
3.9524
3.9033
3.9054
3.6450
4.0747
4.0530
3.8974
4.0775
4.3185
4.1709
4.0628
4.2063
4.2520
4.4170
4.3985
4.1461
4.1555
4.3282
4.0226
4.1877
4.1976
4.0727
4.3144
4.1582
4.3309
4.2281
4.3159
4.2591
3.9329
4.3188
4.2265
4.3080
4.1980
4.2890
4.1402
4.0835
4.1905
3.9719
4.0009
3.9940
4.1969
4.2624
4.0148
4.0265
4.0454
3.9681
4.1918
4.2368
4.2771
4.2967
4.4444
4.3328
4.5304
4.5907
4.4790
4.4414
4.5201
4.3976
4.1974
4.2051
4.2059
4.2476
4.2582
4.3968
4.2198
4.2088
4.1254
4.1542
4.1700
4.0194
3.9131
4.0775
4.0259
3.6186
3.7680
3.8274
4.0157
4.1309
4.1979
4.2564
4.3541
4.3126
4.1718
4.2121
4.1551
4.1778
4.4133
4.2125
4.0524
3.9488
4.0560
4.0652
4.2232
4.1957
4.1554
4.3168
4.1993
4.4918
4.2259
4.5717
4.4697
4.4304
4.2446
4.1000
3.9657
3.7821
4.0621
3.9876
4.0137
3.9524
3.9748
3.9767
4.1311
3.7729
3.9155
3.9044
4.0859
4.0211
3.9206
4.0055
4.1133
3.9615
4.1388
3.9790
4.2322
4.2538
4.2466
4.0075
3.9888
4.0717
4.0298
3.7786
4.1129
4.1536
4.0418
4.2386
4.1685
4.1239
4.2790
4.3293
4.2838
4.4737
4.3244
4.5162
4.6448
4.6303
4.7237
4.7509
4.7109
4.7397
4.3464
4.1546
4.5213
4.5011
4.4593
4.4192
4.7757
4.8100
4.7578
5.0573
4.8328
4.8187
4.7543
4.8198
4.6839
4.6242
4.7671
4.7860
4.5699
4.5976
4.8082
4.9342
4.8637
4.8942
4.6241
4.4930
4.5842
4.7196
4.6304
4.5550
4.6915
4.8561
4.9846
4.9765
4.8362
5.0533
5.0940
5.0221
4.9132
4.9942
5.0094
4.7654
4.9979
5.1052
4.9239
4.8252
5.0503
4.8941
5.0791
4.9574
4.8293
4.9929
4.7548
5.1220
5.1530
5.0658
5.0418
4.9930
4.8464
4.8649
4.7016
4.6743
4.7106
4.7395
4.8443
4.7376
4.9505
4.8448
4.7936
4.7646
4.5948
4.8673
5.1446
4.9448
5.0278
5.2104
4.8853
4.8026
5.1112
4.9653
4.9310
5.0914
5.0607
5.0440
4.8711
5.0762
5.0878
4.9768
4.9663
5.2177
5.2407
5.3837
5.2982
5.2836
5.0627
4.9693
4.7773
5.1226
4.7978
4.6609
4.8220
5.0458
4.9365
4.7179
4.7588
5.0289
4.9921
4.7364
4.8373
4.6163
4.7559
4.8902
4.8312
4.8527
4.9786
5.0111
4.8508
4.7372
4.6864
4.9269
4.9794
5.0121
4.7886
4.8712
4.9662
4.9425
4.8695
4.7966
4.7963
4.8070
4.7100
4.7185
4.9053
4.8102
4.5453
4.6927
4.7730
4.6133
4.5552
4.4272
4.5489
4.7312
4.8666
4.8468
4.8522
4.8277
4.6975
4.8097
4.7622
4.9265
4.6925
4.6523
4.7321
4.8864
4.7507
4.8444
4.9024
4.8883
5.0033
4.7660
4.8239
4.8675
4.7907
4.8017
4.9802
4.9117
5.0047
4.7683
4.8126
4.8353
4.4695
4.6893
4.9245
4.6254
4.6259
4.7668
4.6387
4.7038
4.4781
4.6376
4.5828
4.7158
4.9093
4.6980
4.7310
4.6313
4.7307
4.8087
4.9260
4.6567
4.4289
4.7914
4.4690
4.7558
4.5939
4.6025
4.5963
4.5824
4.5792
4.4735
4.5589
4.7017
4.5429
4.5260
4.6811
4.5353
4.6415
4.4710
4.7881
4.7007
4.7532
4.8869
4.8208
5.0343
4.9558
4.9993
4.8059
4.8471
5.1316
4.8704
4.6132
4.7991
4.7754
4.5308
4.6871
4.8657
4.9180
5.0482
4.9750
4.7414
4.7545
5.0075
4.8557
4.8984
4.8830
4.9672
4.7954
4.7136
4.6307
4.8523
4.7882
4.7752
4.6472
5.0218
4.8816
4.7852
4.8395
4.7326
4.8370
4.9068
5.0157
5.1421
5.1254
4.8242
4.9028
4.8078
4.6828
4.9805
4.6680
4.6715
4.6433
4.4136
4.6180
4.9625
5.1047
5.1489
4.7751
4.8531
4.8955
4.7532
4.7858
5.0180
4.7282
4.7622
4.6299
4.8956
5.0504
5.0031
5.2403
5.1501
4.8000
5.2244
4.9555
5.1239
5.0327
5.3864
5.3248
5.2420
4.8444
5.2935
5.3911
5.1243
5.2293
5.0140
5.0129
5.3979
5.1760
5.1226
5.1592
5.3796
5.1465
5.1447
5.2323
5.4863
5.3893
5.6473
5.5213
5.5151
5.3079
5.3476
5.3753
5.5076
5.5853
5.7023
5.5049
5.3963
5.3940
5.4671
5.2639
5.2889
5.2114
5.4851
5.2471
5.5250
5.4849
5.6002
5.6014
5.2270
5.2644
5.1327
5.3081
5.4653
5.4764
5.4960
5.5608
5.5782
5.3062
5.6766
5.5092
5.5653
5.3917
5.2729
5.3775
5.4697
5.2917
5.4000
5.4940
5.1607
5.4693
5.4992
5.6188
5.5837
5.7535
5.6792
6.0318
5.7178
5.7194
5.4924
5.6241
5.6713
5.6635
5.8110
5.7298
5.7048
5.4411
5.6126
5.4278
5.3404
5.6270
5.6643
5.6203
5.3755
5.7632
5.7319
5.4066
5.2111
5.5148
5.3185
5.4036
5.5020
5.2511
5.5340
5.2882
5.4425
5.5194
5.5762
5.2874
5.2441
5.0353
5.6475
5.1117
5.3460
5.4443
5.2128
5.3177
5.0722
5.2890
5.5178
5.5300
5.7363
5.8008
5.4243
5.6256
5.7498
5.6701
5.6770
5.7993
5.8585
5.6986
5.7275
5.8896
5.8951
5.8788
5.4421
5.2831
5.6743
5.4907
5.5108
5.5867
5.5738
5.4171
5.3304
5.2188
5.2273
5.3173
5.4531
5.3649
5.6053
5.6960
5.4806
5.4484
5.5203
5.5464
5.3324
5.7033
5.5895
5.5121
5.5380
5.3732
5.2505
5.6007
5.6046
5.6374
5.5883
5.6365
5.2187
5.2588
5.4477
5.1808
5.4069
5.2562
5.6188
5.5314
5.5841
5.4379
5.3241
5.4502
5.4501
5.2838
5.3552
5.1572
5.2315
5.2151
5.3316
5.3030
5.0521
4.9250
5.4599
5.1757
5.1952
5.0839
5.0670
5.3737
5.2811
5.1423
5.0504
5.1126
5.4741
5.4275
5.1843
5.3650
5.6217
5.2638
5.2199
5.3342
5.5370
5.2407
5.3243
5.3997
5.3703
5.3953
5.4228
5.2466
5.4703
5.1151
5.4253
5.2503
5.4506
5.4807
5.5542
5.2118
5.3206
5.3291
5.3460
5.3687
5.3011
5.4990
5.4890
5.2252
5.4435
5.2777
5.4781
5.6098
5.3600
5.4943
5.3312
5.4905
5.3371
5.5397
5.4732
5.4438
5.2856
5.5117
5.5638
5.5381
5.3043
5.5901
5.3978
5.3835
5.3596
5.4477
5.2662
5.6066
5.4327
5.5909
5.2956
5.5905
5.6302
5.4871
5.6584
5.5969
5.6708
5.7722
5.4268
5.4045
5.5746
5.5268
5.6130
5.4125
5.4775
5.3067
5.5123
5.3970
5.4708
5.6237
5.6534
5.2251
5.7684
5.7072
5.6189
5.5904
5.5039
5.7342
5.6465
5.6618
5.6604
5.7418
5.5127
5.5495
5.3943
5.5419
5.2419
5.2463
5.1872
5.4202
5.3507
5.1610
5.1189
5.4112
5.4410
5.4345
5.3075
5.3110
5.2517
5.5523
5.4247
5.3680
5.4725
5.4090
5.3792
5.4348
5.5203
5.3240
5.4252
5.5464
5.3849
5.4574
5.4909
5.5333
5.3263
5.2717
5.2807
5.0790
5.1110
5.0956
5.0688
5.4300
5.0987
5.3682
5.3773
5.5091
5.3419
5.3743
5.5409
5.1082
5.2190
5.4279
5.4026
5.0200
5.0771
5.2837
5.1038
5.2749
5.3123
5.1939
5.2239
5.2975
5.2131
5.2759
5.2403
5.0882
5.2802
5.1250
5.0793
5.1572
5.2051
5.2438
5.2594
5.4323
5.3034
4.9799
5.3541
5.4940
5.6076
5.5860
5.4772
5.5297
5.4044
5.5317
5.5846
5.4221
5.4537
5.6259
5.5201
5.4823
5.2825
5.5052
5.3677
5.3740
5.3630
5.0351
5.2770
5.2436
5.2523
5.0842
5.1536
5.0894
5.2812
5.2079
5.1408
5.3232
5.2586
5.3844
5.4510
5.5991
5.4360
5.4991
5.3302
5.2743
5.5235
5.5256
5.1536
5.2487
5.5106
5.5448
5.5536
5.6163
5.7791
5.6072
5.5540
5.5550
5.5773
5.6383
5.7155
5.6174
5.4803
5.5897
5.6856
5.5805
5.9904
5.8834
5.8443
5.6754
5.9718
5.6523
5.5521
5.7484
5.4677
5.6435
5.6387
5.4398
5.5581
5.6636
5.5066
5.8550
5.6197
5.5936
5.6996
5.4784
5.5834
5.6068
5.7331
5.7282
5.7024
5.9081
5.7638
5.7189
5.8853
5.7081
5.7969
5.9449
6.1950
6.0173
5.7249
5.6418
5.7241
5.5565
5.5966
5.5673
5.5147
5.7996
5.8206
5.7232
5.5250
5.6051
5.3453
5.5344
5.6522
5.7223
5.6846
5.6431
5.6197
5.5378
5.8581
5.7622
5.5209
5.7639
5.6094
5.7168
5.8448
5.8674
5.7535
5.7722
5.3357
5.9774
5.7003
5.7599
5.5467
5.8487
5.8837
5.8964
6.0541
5.8424
5.9307
5.8831
6.0360
5.8967
5.7217
5.8463
5.5511
5.7707
5.8387
5.6613
5.5214
5.7076
5.7826
5.8882
6.0776
5.8351
5.8189
5.8956
5.6819
5.7294
5.8104
5.8866
5.8261
6.0360
6.1771
5.7133
5.7549
5.5687
5.7782
5.8034
5.7177
5.8953
5.5457
5.6580
5.9839
5.7591
5.8610
5.9924
5.9293
5.8390
5.5580
5.6373
5.6731
5.8506
6.0981
5.9093
5.9357
6.0040
6.1347
6.1206
5.8227
5.9964
5.7486
5.8271
6.2115
6.1455
6.3062
6.1631
6.0247
6.1247
5.8622
5.8193
5.8112
5.8892
5.8094
5.5624
5.8642
5.8447
5.8721
5.9183
5.7113
5.7972
5.8009
5.8612
5.9114
5.7996
5.7800
6.0307
6.0218
6.0864
5.9330
5.7394
6.0650
6.1816
5.8105
5.9454
6.0987
6.0464
5.9661
6.1348
5.9713
5.8956
6.1501
6.3775
6.3964
6.1225
6.1173
6.2451
5.9992
5.9464
5.8995
6.0172
5.9868
5.9046
5.9094
5.7763
5.9345
5.9537
6.0058
5.7879
6.0563
5.9187
6.0640
5.9855
6.1578
6.2953
6.4527
6.1941
6.3014
6.3354
6.2734
6.3292
6.3493
6.2318
6.1156
5.9295
6.0978
6.1209
6.3409
6.1876
6.3105
6.2772
6.3252
6.0808
6.3125
5.9205
5.8971
6.0912
5.7825
5.8625
5.9262
6.2354
6.2376
6.0680
5.6520
6.1046
5.9597
5.9610
6.2040
6.0329
5.8455
5.9444
5.9366
5.9287
6.2667
6.0224
5.9201
6.0089
6.0037
5.9011
5.7835
5.7875
5.8805
5.8701
5.5638
5.6037
5.7381
5.8607
5.9724
6.0608
5.8873
5.9625
6.0866
6.1051
6.0467
5.9683
5.9660
5.9078
5.8797
6.1230
5.9824
6.1999
5.9980
6.0671
5.9935
5.8994
6.0909
6.1687
5.8438
6.0133
6.0828
6.1054
5.8900
5.7155
5.9124
5.8752
6.0006
5.8994
5.9636
5.5277
5.4963
5.6888
5.6848
5.8526
5.9399
5.7157
5.7473
5.9094
5.9122
5.8952
6.1491
6.0271
5.9010
5.9917
5.8336
5.8396
5.9545
6.0287
6.0285
6.1081
6.2416
5.8525
6.0310
6.0737
6.0154
6.2281
6.1214
6.1198
5.9683
5.8300
5.7544
5.7080
5.9531
5.9462
5.7249
5.7815
5.7794
5.6275
5.4750
5.8254
5.6871
5.8218
5.8389
5.7044
5.9333
5.7592
5.7219
5.8854
5.8071
5.9332
5.8639
5.8860
5.9175
5.8990
5.9856
5.9690
6.0991
6.3977
5.9180
6.0614
6.0121
5.9279
5.9877
5.9083
5.8639
5.9010
5.9154
5.8511
5.8665
5.7988
5.9750
5.9226
5.9420
5.8244
5.8674
5.9120
6.0877
5.9109
6.0868
6.0275
5.7965
6.0852
5.8937
5.8814
5.7121
5.8788
5.7952
5.8699
5.9215
5.7976
5.5885
5.5926
5.9518
5.6486
5.7347
5.8505
5.7774
6.0386
5.8101
5.8884
5.9586
5.8014
5.9690
6.1089
5.9569
5.9801
5.7095
6.1446
5.6114
6.0160
5.9789
5.7162
5.9108
6.0723
6.0905
5.7052
5.9326
5.5632
5.7833
5.7697
5.8409
5.9715
5.7996
5.8798
5.7444
5.8877
5.7923
5.7802
5.9008
5.8373
5.7324
6.1661
6.0768
6.1180
6.3034
6.3366
6.0613
6.0920
5.9845
6.1092
6.2870
6.3174
6.3985
6.0934
6.2200
6.3051
6.4113
6.3867
6.2244
6.4555
6.4888
6.4367
6.3195
6.1008
5.9464
6.1686
5.9611
5.9131
5.9879
5.8270
5.5974
6.1143
5.9449
5.9468
5.8706
5.9910
5.7606
5.8432
5.9740
6.0186
5.8878
5.8049
5.7599
5.9535
5.8133
5.6995
5.9297
5.8964
5.7313
5.8393
5.9408
6.0114
6.0485
6.0620
6.1841
6.1090
6.2761
5.8976
6.0789
5.8603
5.9710
6.0159
6.0883
6.1144
5.9475
6.0916
6.3198
6.3109
6.3949
6.1942
6.2177
6.0354
6.0514
6.2052
6.0051
6.0191
6.0231
5.9803
6.0191
5.8815
6.1118
6.2565
6.1532
5.8705
6.0009
6.0496
6.2442
6.1319
6.0826
5.8153
5.8334
5.8199
5.9854
5.6037
5.8965
5.8874
5.8838
5.8299
5.7921
5.8702
5.8956
5.7544
5.7360
5.6517
5.7975
5.9983
6.1719
6.1198
5.9800
6.1785
6.3592
6.1377
5.9760
6.0371
6.2516
6.2750
6.3041
6.2602
5.9905
6.0654
6.0555
6.0414
5.9932
5.9098
6.1224
6.1341
6.4674
6.2123
6.1922
6.4046
6.3931
6.3655
6.5120
6.6762
6.4771
6.5302
6.4237
6.4899
6.2753
6.3219
6.2702
6.2387
6.2916
6.3723
6.0486
6.1812
5.8972
6.0879
5.9179
5.9231
6.4141
5.9666
5.9707
6.1898
6.1454
5.9302
5.8952
5.7890
5.8379
5.8973
5.6611
5.7114
5.4889
5.6159
5.6807
5.4691
5.6005
5.3394
5.5038
5.3953
5.5008
5.5012
5.5192
5.8143
5.9768
5.9646
5.6260
5.8332
5.8008
5.7086
5.7792
5.7719
5.7476
6.1231
5.8120
5.9054
5.7824
5.6430
5.8000
5.7342
5.8820
5.7924
5.9115
5.6454
5.8142
5.5872
6.0314
5.8798
5.8697
6.0540
6.2995
6.2321
6.1128
6.1533
5.6215
5.7376
5.6415
5.7114
5.8526
5.9199
5.8026
5.9552
5.9172
5.8659
6.0621
6.1927
6.0025
5.7248
5.8338
5.6836
5.9649
6.1708
6.2421
5.8840
6.1074
6.0209
6.2959
6.1893
6.1574
5.8912
6.0008
5.8099
5.8207
6.1577
6.0400
5.6213
5.8229
5.7048
5.9499
5.5948
5.7898
5.8527
5.6736
5.6989
5.9489
5.8105
5.6904
5.6952
5.7382
5.6256
5.7013
5.9323
5.9096
5.6626
5.7460
5.8504
5.7797
5.9645
5.6740
5.6118
5.7751
5.5632
5.5281
5.6781
5.9168
5.7018
5.5522
5.6044
5.6340
5.5621
5.5071
5.6950
5.7101
5.6694
5.8102
5.7259
5.7444
5.7355
5.8886
5.7740
5.7745
5.7274
5.7672
5.7686
5.6600
5.6997
5.6121
5.6078
5.5412
5.5872
5.4459
5.4020
5.5561
5.5593
5.5295
5.3933
5.4775
5.5591
5.6526
5.8609
5.9112
5.8331
5.7739
5.7265
5.7340
5.7977
5.6259
5.6440
5.4018
5.6387
5.4741
5.6714
5.4053
5.3482
5.2813
5.2580
5.2100
5.1021
5.0443
5.2111
5.3099
5.2933
5.1223
5.2658
5.3963
5.2269
5.5026
5.4467
5.3549
5.1909
5.1166
5.1110
5.1426
5.2860
5.2496
5.1601
5.1914
5.2225
5.0003
5.4143
5.1881
5.3962
5.1555
5.4975
5.3768
5.4176
5.3121
5.1865
5.3861
5.3928
5.4616
5.1094
5.0642
5.1320
5.1203
5.0162
5.0424
5.0915
4.9461
5.1256
5.2522
5.2532
5.1582
5.1279
5.1576
5.2185
5.2984
5.1147
5.0056
4.9670
5.2150
5.2306
5.3350
5.3637
5.5902
5.1919
5.2026
5.2096
5.1466
5.3024
5.3766
5.2926
5.1620
5.3275
5.3146
5.3287
5.2717
5.1431
5.2362
5.1599
5.4443
5.2723
5.5791
5.5535
5.3487
5.3285
5.0108
5.1384
5.1273
5.1545
5.3403
4.9623
5.0260
5.0914
5.0539
5.1713
5.2183
5.1196
5.1214
5.2583
5.4320
5.2842
5.1822
5.4462
5.1598
5.3007
5.2308
5.3541
5.2357
5.1182
5.3388
5.2997
5.2496
5.2090
5.2269
5.3749
5.2394
4.8985
5.1557
5.3279
5.2648
5.1333
5.1137
5.0582
5.2079
5.3353
5.1781
5.2761
5.1805
5.1832
5.0027
4.9742
5.2144
5.3887
4.9683
5.2480
5.0178
5.0565
5.0066
4.9136
5.1967
5.1323
4.9962
5.0729
5.1881
5.0080
4.9483
4.9691
4.8345
4.9483
5.0691
5.1133
4.9429
5.0149
5.1857
5.0119
5.0235
5.2323
5.0738
5.0388
5.0359
5.1674
4.8988
5.1523
5.0086
5.1772
5.2555
5.2497
4.9069
5.2272
4.8587
4.7778
4.8896
5.0084
5.0497
5.0973
5.1743
5.1225
5.2033
5.1241
5.2474
5.2025
5.1247
5.2175
5.0617
5.0980
4.9258
5.1060
5.1844
5.0992
5.1365
4.9852
4.9571
5.0584
5.2501
5.2588
5.1202
5.2713
5.1125
5.1492
5.0314
5.1551
5.4220
5.0765
5.0233
5.1269
5.4498
5.2421
5.2323
5.2511
5.3710
5.1582
5.3281
5.3543
5.2133
5.2653
5.1963
4.9117
5.1933
5.2198
5.1601
5.1516
5.2052
5.3619
5.3143
5.2401
5.2014
5.4092
5.2348
5.3447
5.4773
5.4111
5.4565
5.5284
5.7745
5.6603
5.5753
5.6245
5.7484
5.5632
5.6005
5.5252
5.3578
5.4340
5.5062
5.2849
5.3768
5.3383
5.3245
5.0669
5.2675
5.1973
5.2315
5.3987
5.1929
5.1699
4.9386
5.1311
5.0849
5.1552
5.2150
4.8969
5.0230
5.1115
5.1466
5.0990
5.4385
5.4400
5.2888
5.1039
5.3561
5.1870
5.1930
5.3369
5.2994
5.2082
5.0277
5.2714
5.3479
5.1861
5.4551
5.3766
5.5809
5.2991
5.3001
5.3697
5.1669
5.2869
5.2773
5.3499
5.2877
5.1838
5.2382
5.3018
5.4624
5.3183
5.2842
5.2501
5.3934
5.4620
5.1014
4.9942
5.0849
5.1350
5.3079
5.1063
5.2202
4.9496
5.1489
5.2162
5.0064
5.1802
5.0931
5.0753
5.0768
5.1028
5.1244
5.1734
5.1324
5.3181
5.3536
5.4097
5.2778
5.2945
5.4646
5.2285
5.4588
5.1912
5.2328
5.3534
5.1914
5.1925
5.2628
5.1710
5.0230
4.9431
5.1240
5.1460
4.9568
4.8962
5.0304
5.1196
5.0987
5.2059
5.1787
5.2419
5.3151
5.2791
5.0807
5.3285
5.3838
5.1666
5.2017
4.9580
5.0643
5.0126
5.2185
5.1876
5.2413
5.3639
5.3403
5.3076
5.3948
5.5020
5.4503
5.5532
5.3174
5.3836
5.0601
5.4108
5.4977
5.2087
5.4851
5.4089
5.2979
5.3526
5.6366
5.5386
5.5246
5.2244
5.5257
5.5228
5.3532
5.3186
5.3138
5.5134
5.4976
5.6414
5.2911
5.0938
5.2102
5.1407
5.3431
5.2512
5.1763
5.1999
5.1329
5.0518
5.1029
5.1955
5.0986
5.1586
5.1913
5.1629
5.1365
5.0862
5.2350
5.3402
5.1569
5.2692
5.2566
5.3306
5.4136
5.2735
5.4352
5.2955
5.2024
5.1005
5.2625
5.3125
5.2720
5.3055
5.3843
5.3516
5.0809
5.4840
5.3458
5.4861
5.3342
5.2818
5.4994
5.4307
5.5840
5.5678
5.4589
5.5427
5.6326
5.3645
5.3887
5.3229
5.2356
5.5745
5.4085
5.2469
5.3267
5.2877
5.3826
5.2454
5.4258
5.6576
5.2714
5.4172
5.4060
5.2133
5.0737
5.0501
5.3375
5.1093
5.2859
5.2868
5.1062
5.1887
5.2388
5.3052
5.4290
5.2602
5.2871
5.1256
5.4576
5.1837
5.1888
4.8920
5.1385
5.0517
4.8946
4.9964
4.9930
5.0668
5.0644
4.9870
5.1809
5.1082
5.1196
4.9231
4.9100
5.0707
5.2209
5.0614
5.0151
5.1073
5.0250
5.0080
5.1538
5.2116
5.2591
5.1181
5.1737
5.0528
5.1950
5.3214
5.3544
5.0930
5.0580
5.1824
5.2492
5.2079
5.3569
5.3648
5.5236
5.2975
5.2554
5.1071
5.1061
5.1681
5.0998
4.9886
4.9388
5.0720
4.9678
5.2499
5.2011
4.9482
5.0703
4.9765
5.0653
5.1390
4.9032
5.1582
5.1382
5.0914
5.2039
5.3336
5.2077
5.2138
5.2954
5.1987
5.2137
5.2764
5.2471
5.1650
5.1404
5.2489
5.1393
5.1561
5.3515
5.2209
5.0837
5.0009
5.1400
5.2161
5.1054
5.0673
4.9718
5.0920
5.0800
5.1640
5.0726
5.0031
4.9647
5.0652
4.8977
5.2826
5.3235
5.2860
5.2183
5.1693
5.2245
5.4406
5.5227
5.6969
5.3395
5.5523
5.3417
5.3147
5.3856
5.2356
5.4310
5.1288
5.0886
5.4659
5.2027
5.4679
5.4372
5.3071
5.4831
5.5900
5.3171
5.0342
4.9268
5.0430
5.2942
5.1904
5.0775
5.3266
5.3374
5.1481
5.3695
5.2776
5.1868
5.0865
5.0143
5.0348
5.3179
5.3361
5.3931
5.3950
5.1852
5.4081
5.3479
5.4213
5.6758
5.2990
5.4949
5.4790
5.3420
5.4680
5.5477
5.5062
5.3386
5.2787
5.4051
5.5261
5.4016
5.3213
5.6559
5.5647
5.6709
5.6904
5.5739
5.5244
5.6110
5.7269
5.5439
5.6686
5.7174
5.6224
5.5270
5.5813
5.7775
5.6149
5.6376
5.6166
5.5179
5.5334
5.3811
5.2370
5.3836
5.2895
5.4240
5.4222
5.2326
5.3058
5.3963
5.5003
5.4355
5.3704
5.4915
5.5162
5.5272
5.3755
5.4875
5.4002
5.4498
5.4609
5.2933
5.3220
5.2712
5.4011
5.5177
5.6341
5.5972
5.6781
5.6976
5.6314
5.4770
5.4277
5.5698
5.4713
5.4835
5.4546
5.3344
5.6200
5.6384
5.3135
5.6421
5.6627
5.7600
5.6721
5.5618
5.6798
5.6039
5.6810
5.7025
5.5468
5.7021
5.7904
5.6103
5.7036
5.6971
5.7307
5.8815
5.7167
5.4699
5.5309
5.3465
5.5014
5.5836
5.5134
5.7604
5.9081
5.4262
5.5282
5.4200
5.4761
5.4285
5.3626
5.4827
5.5350
5.6629
5.4601
5.8665
5.6467
5.6537
5.4996
5.6617
5.5811
5.5871
5.5198
5.5069
5.5571
5.6311
5.6929
5.6166
5.6986
5.8657
5.5467
5.4940
5.5221
5.6945
5.2850
5.4527
5.4128
5.5233
5.4454
5.3348
5.6048
5.2974
5.5729
5.4409
5.2914
5.2658
5.2038
5.3018
5.1941
5.3182
5.4212
5.2639
4.9391
4.9185
5.0069
4.8835
5.0320
4.9862
4.8698
5.2355
5.1093
5.2205
5.2226
5.1773
4.9884
5.4923
5.3074
5.2516
5.1546
5.0020
5.1837
5.2014
5.2460
5.3125
5.0071
5.2030
5.1166
5.0920
5.0387
5.0357
5.4371
5.1217
5.1895
5.2083
5.1350
5.0978
4.8994
5.3213
5.0393
5.0080
5.1643
4.8905
5.0399
5.0585
5.1211
5.1294
5.1244
5.1692
5.3155
5.1705
5.2119
5.1046
5.2032
5.2411
5.2064
4.9785
5.2185
5.0825
5.1907
5.0395
5.0793
4.9909
5.0523
5.0910
5.1717
5.0612
5.2487
5.2228
5.2343
5.1114
4.9037
4.9853
5.0440
5.0765
5.1523
4.9229
5.0433
5.2035
5.0103
5.1505
5.2121
5.0084
4.8405
4.9089
5.0946
5.0470
4.9784
5.1270
5.1784
5.2208
5.5310
5.6460
5.6861
5.3675
5.3321
5.3608
5.2774
5.4503
5.4734
5.2640
5.4179
5.4758
5.2478
5.3861
5.4002
5.3339
5.3933
5.3349
5.5180
5.5736
5.5094
5.4238
5.0511
5.3102
5.2714
5.3138
5.1524
5.4735
5.3239
5.1838
5.0949
5.0922
5.2236
5.0162
5.2395
5.1338
5.2567
5.3065
5.4145
5.6189
5.1375
5.2842
5.4299
5.3942
5.6313
5.3013
5.3653
5.3438
4.9577
5.1192
5.0558
4.9872
5.2741
5.0815
5.0551
4.9296
5.0465
4.9475
4.9883
5.0678
5.1986
5.2071
4.9624
5.1172
5.0482
5.2829
5.1514
5.1897
5.0044
5.0512
5.1502
4.9354
4.9358
4.9343
4.9021
4.9214
4.8386
5.0166
5.2857
5.2767
5.1636
4.9654
5.1300
5.1836
4.9967
5.1191
5.2955
5.0470
5.0347
4.8191
5.1027
4.9488
4.9915
4.9955
4.9915
4.9756
4.9748
5.0445
4.9793
4.9746
4.8889
4.9644
5.0663
5.1134
5.1775
5.0780
5.0727
5.1441
5.2225
5.1870
5.2150
5.4133
5.2544
5.2917
5.3353
5.3132
5.2249
5.1173
5.1730
5.1739
5.3415
5.1103
5.2731
5.0319
4.9581
4.9004
4.8967
5.1842
5.0781
5.1864
5.2477
5.1458
5.1851
4.9593
5.0526
5.2863
5.1214
5.2556
5.2460
5.1215
5.1891
5.4362
5.4577
5.5015
5.3971
5.5703
5.6259
5.6222
5.5559
5.5798
5.3627
5.4079
5.4375
5.3680
5.3416
5.6263
5.5480
5.3413
5.3303
5.2065
5.2553
5.1391
5.1338
5.2654
5.3286
5.1291
5.1624
5.2200
5.2306
5.2589
5.3020
5.5560
5.3839
5.6260
5.6902
5.3026
5.4900
5.6759
5.5584
5.3440
5.6239
5.6498
5.5111
5.6600
5.6495
5.6331
5.4781
5.6291
5.7772
5.6327
5.7878
5.5425
5.9189
5.7884
5.9074
5.7762
6.0046
5.8698
5.7727
5.5711
5.5353
5.6093
5.4639
5.4930
5.4634
5.6696
5.6388
5.4880
5.3626
5.6422
5.4096
5.7350
5.7288
5.7097
5.7964
5.6723
5.5945
5.6916
5.4716
5.7963
5.6426
5.6768
5.7016
5.4718
5.5753
5.4070
5.7748
5.6993
5.7120
6.0189
5.8136
5.8441
5.6261
5.6462
5.6629
5.7550
5.7583
6.0355
5.7935
5.9078
5.6790
5.7466
5.7203
5.8345
5.6096
6.0033
5.9551
5.7850
5.8785
6.0634
6.1183
5.9983
5.7001
5.7782
5.9000
5.8156
5.7397
5.7754
5.8012
5.6872
5.5120
5.3987
5.6012
5.4904
5.5480
5.6892
5.7728
5.7852
5.6912
5.7369
5.7785
5.8132
5.8402
5.8901
5.7944
5.8067
5.8126
5.6735
5.6664
5.4446
5.7800
5.4954
5.3359
5.4948
5.4196
5.4153
5.4375
5.4572
5.4597
5.3558
5.3805
5.4661
5.4042
5.5723
5.4466
5.4646
5.6399
5.5492
5.4886
5.4904
5.5877
5.2345
5.2671
5.3317
5.3779
5.3344
5.4632
5.4937
5.5303
5.4370
5.5184
5.5094
5.4508
5.4655
5.6787
5.4844
5.5802
5.5385
5.4761
5.5269
5.6587
5.7595
5.4541
5.5069
5.5146
5.4679
5.5494
5.3977
5.4671
5.4741
5.3588
5.4436
5.3967
5.5236
5.6391
5.3785
5.4689
5.4568
5.2001
5.2611
5.4553
5.4320
5.3515
5.4255
5.4395
5.5285
5.7025
5.4448
5.6807
5.5484
5.7360
5.5541
5.6178
5.5542
5.5101
5.4575
5.6012
5.5400
5.4831
5.5530
5.4892
5.5339
5.3906
5.5105
5.5879
5.5240
5.4575
5.3351
5.3202
5.3879
5.3584
5.3653
5.3777
5.4487
5.4348
5.5745
5.5017
5.5757
5.5121
5.5862
5.4517
5.2454
5.4673
5.3883
5.3892
5.3018
5.5071
5.5080
5.5219
5.4635
5.5152
5.5714
5.5484
5.4172
5.4708
5.5425
5.6651
5.6075
5.3530
5.5823
5.5728
5.5779
5.3949
5.3824
5.3475
5.3814
5.3049
5.4552
5.5510
5.5016
5.2790
5.4258
5.5743
5.3981
5.6060
5.4829
5.5305
5.4208
5.5915
5.6402
5.6844
5.4682
5.5344
5.5490
5.4727
5.5142
5.5108
5.5227
5.5909
5.6974
5.7352
5.6633
5.8706
5.6891
5.6535
5.6749
5.7316
5.5690
5.6148
5.6903
5.5703
5.6688
5.7173
5.7526
5.7828
5.6377
5.8235
5.7125
5.6013
5.8291
5.6545
5.6140
5.6836
5.5343
5.6828
5.6915
5.6238
5.6676
5.5743
5.6874
5.8230
5.7020
5.8033
5.4994
5.7488
5.6330
5.8030
5.8391
5.7898
5.8663
5.8696
5.7901
5.8077
5.8221
5.9318
6.0133
5.9256
5.9514
5.6477
5.7241
5.8339
5.8706
5.8754
5.9180
5.7731
5.7810
5.7452
5.8163
5.8753
5.7605
5.5442
5.9473
5.8142
6.0037
5.9225
5.8283
6.0016
5.9128
5.9618
5.7117
5.8833
5.8902
5.8123
5.9899
5.6881
5.8477
5.6839
5.8471
5.7887
5.8645
5.9785
5.7745
5.8591
5.8836
5.8060
5.8748
5.8998
5.9617
5.8004
5.8003
5.9256
5.8375
5.8718
5.8933
5.9745
5.9111
6.0941
5.8857
6.0190
5.7787
5.8740
5.8957
5.7293
6.0458
5.7888
5.7593
5.8164
5.6769
5.8764
5.7563
5.6669
5.6395
5.6852
5.8799
5.6351
5.6772
5.6141
5.6525
5.6730
5.5615
5.6840
5.4990
5.7914
5.6454
5.6223
5.7258
5.7473
5.6728
5.5328
5.5729
5.6859
5.5510
5.6328
5.7530
5.7016
5.7342
5.5998
5.7042
5.9133
5.7273
5.6799
5.7128
5.7496
5.5642
5.7824
5.5964
5.5863
5.6784
5.7943
5.6781
5.5627
5.7664
5.5550
5.6125
5.6244
5.6403
5.6771
5.7007
5.6679
5.7901
5.8151
5.7284
5.8459
5.8035
5.9332
5.8484
5.8574
6.0416
5.7655
5.6255
5.5683
5.5403
5.5702
5.6208
5.5812
5.8509
5.7731
5.9024
5.9048
5.7656
5.8167
5.7621
5.6619
5.7454
5.6132
5.7591
5.6253
5.7091
5.5318
5.6667
5.8500
5.7309
5.7357
5.8525
5.6927
5.8328
5.6784
5.8696
5.9635
5.9965
5.9082
5.8159
5.8318
5.7490
5.5920
5.6737
5.6273
5.8192
5.6757
5.7794
5.8065
5.6350
5.5610
5.6110
5.7512
5.7584
5.7619
5.6685
5.6721
5.7627
5.5445
5.6638
5.7647
5.6304
5.5708
5.6241
5.7475
5.6938
5.5947
5.6589
5.7560
5.5860
5.7406
5.9097
5.8416
5.8722
5.8729
5.9659
5.7292
5.7904
6.0503
5.7917
5.9981
5.7458
5.6452
5.7864
5.8065
5.8744
5.5485
5.7159
5.8554
5.7836
5.5935
5.7310
5.6438
5.8009
5.6855
5.7681
5.6002
5.7037
5.6572
5.5295
5.6891
5.7106
5.7539
6.1292
6.0060
6.0423
5.9067
5.8861
6.0611
5.8544
5.9281
6.0060
6.1011
5.7543
5.8251
5.7127
5.8436
5.6529
5.7549
5.6249
5.5741
5.3940
5.4654
5.4645
5.6081
5.6345
5.3795
5.4241
5.6617
5.7763
5.6986
5.7879
5.6605
5.7303
5.7353
5.8285
5.6329
5.6687
5.5358
5.5920
5.7237
5.7671
5.6527
5.7170
5.6361
5.6288
5.4615
5.6304
5.7128
5.3923
5.5990
5.6508
5.6407
5.7930
5.7615
5.8443
5.7244
5.7825
5.7435
6.0491
5.9197
5.9010
5.8648
5.8846
5.7211
5.7987
5.8188
5.7664
5.6851
5.6441
5.7020
5.7657
5.5142
5.7175
5.6116
5.7320
5.4468
5.5096
5.4890
5.5720
5.6875
5.6197
5.6777
5.7131
5.6363
5.8428
5.5752
5.8145
5.7743
5.4147
5.6040
5.8474
5.9387
5.8743
5.8634
5.9938
5.9736
5.5854
5.4238
5.6125
5.5277
5.3851
5.4970
5.8860
5.6927
5.4651
5.5863
5.5681
5.5266
5.6241
5.6133
5.7257
5.6809
5.4531
5.3459
5.6775
5.5713
5.5484
5.7416
5.6900
5.6651
5.7905
5.8247
5.5372
5.5880
5.7108
5.6361
5.3946
5.4378
5.5262
5.5786
5.5353
5.4385
5.5712
5.6256
5.6359
5.5438
5.6396
5.4872
5.5088
5.5027
5.5196
5.7262
5.6996
5.8336
5.4896
5.4357
5.5243
5.6940
5.6373
5.8148
5.8158
5.5913
5.6176
5.8033
5.7307
5.5481
5.8693
5.8213
5.6373
5.6757
5.7218
5.7205
5.7168
5.4249
5.6133
5.5076
5.6548
5.6633
5.7684
5.7432
5.6857
5.7415
5.6389
5.3863
5.5342
5.5266
5.6867
5.4668
5.5688
5.7095
5.5960
5.6130
5.6175
5.6773
5.6608
5.8125
5.6719
5.8737
5.8720
5.8713
5.7347
5.5982
5.6832
5.5278
5.7697
5.7513
5.8338
5.7556
5.7369
5.7865
5.7451
5.7390
5.7029
5.7033
5.9797
5.7229
5.6903
5.7594
5.6912
5.7043
5.6106
5.7745
5.7722
6.0835
5.9834
5.8054
5.7333
5.6991
5.8140
5.7837
5.7602
5.8328
5.9495
5.8719
6.1141
5.9126
6.0943
5.6350
5.7690
5.8085
5.6657
5.8707
5.9291
5.7164
5.7083
5.7364
5.5562
5.5781
5.6539
5.7622
5.7438
5.6419
5.6534
5.7131
5.8115
5.6700
5.7080
5.6479
5.7364
5.4618
5.5677
5.7491
5.6000
5.6335
5.5962
5.6812
5.4087
5.5810
5.6763
5.6530
5.6566
5.5964
5.7549
5.7184
5.6423
5.7924
5.7767
5.6326
5.6140
5.4376
5.5253
5.4105
5.4228
5.6707
5.5618
5.4141
5.3246
5.4854
5.5982
5.5496
5.5242
5.5666
5.5275
5.6394
5.4481
5.3612
5.5435
5.5691
5.2810
5.3764
5.4354
5.5794
5.5082
5.4885
5.6059
5.6281
5.6091
5.4317
5.5629
5.5254
5.8172
5.7131
5.4400
5.4430
5.5376
5.4347
5.5726
5.7363
5.5930
5.5580
5.6957
5.6478
5.5253
5.4617
5.3406
5.6039
5.5837
5.3703
5.5961
5.6943
5.5982
5.5305
5.5312
5.3937
5.6398
5.6199
5.8117
5.5111
5.6228
5.7506
5.5494
5.5569
5.6788
5.5109
5.4395
5.4395
5.4271
5.4649
5.6990
5.5306
5.6016
5.5888
5.6140
5.5494
5.3141
5.3766
5.3698
5.4604
5.5560
5.5845
5.5385
5.5342
5.3094
5.6040
5.6210
5.7471
5.6730
5.7730
5.7284
5.6484
5.5912
5.6351
5.7036
5.8567
5.7669
5.8331
6.0658
6.0739
5.9744
5.8326
5.8654
5.8151
5.7117
5.5986
5.5801
5.4498
5.5870
5.6303
5.9379
5.8124
5.6391
5.7849
5.6320
5.4746
5.7848
5.7427
5.6571
5.7755
5.7419
5.6938
5.6199
5.6796
5.6619
5.6140
5.6518
5.5470
5.7577
5.8156
5.8595
5.8039
5.7384
5.7838
5.5937
5.8289
5.8438
5.9471
5.8970
6.2757
5.9779
5.8935
5.8953
5.9819
6.0321
5.9266
6.0028
6.0307
5.9333
6.1900
5.8971
6.0942
6.0853
6.1014
6.0749
6.0284
5.7144
5.8276
5.8617
5.9419
6.0372
6.0621
6.1428
6.2008
5.9984
5.7587
5.8211
6.0595
5.8517
6.0915
5.7893
5.9296
6.0513
6.0775
6.0326
6.1907
6.0778
5.9762
5.8192
5.8715
5.9847
5.7698
6.0171
6.2290
6.0428
6.0485
5.9580
5.9451
6.0489
6.0643
5.8214
5.7824
5.8296
5.5257
5.5875
6.0000
6.0511
6.0829
6.1015
6.0651
5.8031
5.8848
5.8933
5.9209
6.0371
6.0573
6.3236
6.1304
6.3237
6.3669
6.3451
6.6503
6.4474
6.3030
6.2143
6.1754
6.0993
6.5254
6.1868
6.2918
6.2045
6.1785
6.1424
5.9940
6.1179
5.9750
6.1575
6.1877
6.1633
5.9722
6.0841
5.9034
6.1031
6.1303
5.9373
6.0451
5.7130
6.0328
6.0469
5.9894
5.9706
6.0114
5.8948
5.8575
6.0522
6.2877
6.1167
5.9727
5.8430
6.1336
6.1838
6.3372
6.3547
6.3488
6.3759
6.5007
6.3818
6.4154
6.1917
6.2073
6.2185
6.1672
6.3404
6.0741
6.1696
6.0468
6.2781
6.0949
6.0099
6.2620
6.1981
6.1627
5.9359
5.8303
5.9574
6.0779
6.1552
6.2635
6.2143
6.3359
6.2643
6.4705
6.2985
5.9980
6.1327
6.3282
6.3588
6.1785
6.1360
6.1463
6.2587
6.2032
6.1975
6.3966
6.0727
6.2859
6.1523
6.2205
6.2560
6.4506
6.2244
6.2977
6.2755
6.2595
6.2001
6.2819
6.1678
5.8742
5.9567
5.8452
6.1724
6.0750
5.9488
6.1950
5.9885
5.9955
6.1276
6.3312
6.1467
6.3022
6.3155
6.4265
6.4703
6.0398
6.3780
6.2697
6.3261
6.0690
6.0903
6.1738
6.3730
6.1301
6.4004
6.3192
6.1268
6.2555
5.9892
6.0469
6.1565
6.1552
5.9846
6.1122
6.0861
6.0627
6.4280
6.1945
6.0385
6.2174
6.3348
6.5641
6.2627
6.7605
6.5351
6.2320
6.2651
6.1492
6.4688
6.3969
6.1016
6.3091
6.3951
6.2733
6.1746
6.1269
6.1538
6.1867
6.0669
6.2442
6.2522
6.2632
6.3643
6.1636
6.0942
6.2294
6.3772
6.3386
6.0918
6.2310
6.4909
6.2435
6.0837
6.3802
6.4031
6.3580
6.3015
6.6002
6.5368
6.5686
6.7470
6.5828
6.2796
6.4864
6.3385
6.4255
6.4071
6.1040
6.0825
6.2626
6.2507
5.9888
6.2064
6.2559
6.0595
6.0486
6.0168
6.1952
6.0057
6.1415
6.2066
6.4031
6.1854
6.1270
6.3254
6.2158
5.9716
5.8049
5.7307
5.6560
6.0723
5.8394
5.7068
5.9630
5.9385
6.0647
6.0147
5.7208
5.7773
5.9167
5.9557
6.1905
6.0587
6.1638
6.0973
6.1695
5.9430
5.6061
5.5340
5.7129
5.8499
5.8436
5.7980
6.0540
5.8321
6.0501
6.0820
5.9954
6.0585
5.9483
5.8916
5.7973
5.9032
5.8125
5.9328
5.9057
5.8508
5.8490
6.2262
6.0603
6.2581
6.1083
6.2779
6.0514
6.2381
6.1653
6.0972
6.1650
5.9886
6.3735
6.2712
6.2174
6.3889
6.3511
6.2204
6.0720
5.9760
5.9824
6.2287
5.9531
6.0269
6.1737
6.0850
6.1262
6.1068
6.1378
6.0053
5.9768
5.7500
6.1405
5.9067
5.7357
5.7811
5.7235
5.9007
5.7327
5.7327
5.8074
5.8132
6.0554
5.8841
5.7805
5.8948
5.6460
5.6406
5.7541
6.0423
5.7782
5.9835
5.7898
5.8688
5.6901
5.7687
5.8496
5.5690
5.7648
5.8182
5.9173
5.8889
5.9096
5.9484
6.0834
6.2642
5.9604
6.2136
6.1696
6.2448
6.2475
6.0661
6.2259
6.1373
6.1492
6.3136
6.0125
6.0467
6.1803
6.0946
6.2742
6.1807
6.1996
6.6006
6.0656
6.1936
6.3926
6.2980
6.3050
6.2320
6.1565
6.1024
6.2211
6.2706
5.9603
5.7600
5.8597
6.0529
5.8473
5.9636
6.1001
6.0647
6.3516
5.8781
5.8277
6.0555
6.0352
5.9104
5.8910
6.0721
5.9612
5.8668
5.7609
5.8410
6.0362
5.8713
5.7347
5.8312
6.0233
5.5557
5.9747
5.8792
5.5269
5.5891
5.3778
5.3607
5.5070
5.8182
5.6393
5.7250
5.7251
5.6458
5.7424
6.0189
5.8282
5.8071
5.7609
5.7803
6.1698
5.8336
5.7464
5.9166
5.7384
5.8362
5.9289
5.7477
5.4415
5.5755
5.6171
5.4679
5.3936
5.4939
5.6294
5.5583
5.6066
5.2869
5.3918
5.5493
5.4404
5.4039
5.5377
5.6031
5.7798
6.0169
6.1811
5.9335
6.0939
5.6257
5.7788
5.5187
5.3920
5.6048
5.8930
5.7608
5.7032
6.1657
5.6060
5.9511
5.6016
6.0017
6.1639
5.9251
5.9492
5.9175
5.8615
6.1731
5.9886
6.1563
6.1511
6.0717
5.8929
5.9567
5.8656
5.8826
5.9336
5.9970
5.9004
6.1417
5.6997
5.9786
5.8837
5.9244
6.1120
5.8141
5.7703
5.9224
5.8053
5.6822
5.9266
5.9803
6.0846
5.9713
5.9018
5.8628
5.8422
5.9980
5.9621
5.6470
5.9965
5.7184
5.7653
5.7746
5.8312
6.1703
6.0490
6.0321
6.0198
6.2351
6.2494
6.0009
6.0289
6.1254
6.0773
6.1533
6.0653
6.0500
6.0322
5.8643
5.8528
6.0002
6.1009
6.1724
6.0944
5.9856
6.0260
6.0326
6.0462
5.7609
5.8321
5.6512
5.5134
5.7092
5.9912
5.6172
5.6798
5.6521
5.7808
5.8176
5.8466
5.8286
5.8342
5.9366
5.7713
6.0704
6.1867
6.1197
5.7659
6.3860
6.1029
6.2810
6.0872
5.9274
5.9953
6.3260
6.1650
6.0139
5.8981
6.1302
6.0472
6.0988
6.1973
6.1257
6.1386
5.8182
5.7560
6.0205
5.8792
5.7855
5.7993
5.5336
5.7122
5.6690
5.6550
5.6150
5.7289
5.9603
5.9482
5.8270
6.0476
5.4864
5.7246
5.5246
5.4230
5.7488
5.5760
5.8238
5.6121
5.6987
5.5527
5.6533
5.5399
5.9289
5.8141
5.7593
5.6829
5.8958
6.0049
5.8973
6.0859
6.1071
5.8801
6.0800
5.7576
5.9173
5.9302
5.7263
5.7336
5.9573
5.9039
5.8980
6.0019
6.1397
6.0659
6.2518
5.8340
5.6563
5.8423
5.8409
5.8912
6.0538
5.8334
5.8930
5.9408
6.0262
5.8340
5.9239
5.9614
6.0075
5.9752
5.9681
6.0733
6.1600
5.5152
5.7300
5.5675
5.6250
5.7122
5.7192
5.8209
5.7699
5.6772
5.6826
5.8845
5.9024
5.8082
6.0169
5.6256
5.9566
5.8274
6.3783
6.4105
6.2764
5.9782
6.1278
6.2417
6.3482
6.3837
6.6302
6.6142
6.5236
6.5299
6.6084
6.4066
6.4160
6.2719
6.3121
6.7162
6.7047
6.7842
7.0088
7.0467
6.9673
7.2369
7.5103
7.1480
7.0035
6.9366
7.1790
7.1766
7.0708
6.9030
6.9010
6.8514
7.2070
6.9866
6.7713
6.8902
6.8536
6.8881
6.8735
6.8985
7.0303
6.8409
6.8192
6.6099
6.5865
6.5260
6.5088
6.1810
6.3635
6.2816
6.1216
5.8306
5.7935
5.6377
5.8522
5.8587
5.5188
5.6013
5.6194
5.7867
5.9545
5.9859
5.9644
5.9675
6.1069
5.8861
5.9024
5.9666
6.3357
5.9886
6.2300
6.1658
6.1069
5.9368
6.0272
5.9804
5.9739
6.1418
6.3175
6.2454
5.7047
5.7087
5.7649
5.6954
5.6114
5.7636
5.8365
6.1094
6.1911
6.2507
6.0960
5.6541
6.0405
5.9446
5.9173
5.8939
5.9128
6.0836
6.1054
5.6841
5.5854
5.5665
5.7515
5.6860
5.5899
5.7964
5.6714
5.5520
5.6841
5.8322
5.7585
5.9850
5.5621
5.7437
5.8165
5.8105
5.8357
5.8736
5.8501
5.5582
5.6056
5.8660
5.9493
6.1376
5.8966
5.7974
5.6224
5.5717
5.7900
5.6154
5.4571
5.4659
5.2678
5.4705
5.3277
5.5928
5.5247
5.1768
5.4091
5.5923
5.4543
5.3692
5.1271
5.2366
5.2865
5.4912
5.5183
5.5218
5.4697
5.2278
5.3504
5.3600
5.3062
5.5697
5.7375
5.6078
5.5552
5.5150
5.7121
5.5905
5.4640
5.5917
5.6140
5.7429
5.6753
5.7148
5.7085
5.7520
5.6795
5.8476
5.7887
5.7384
5.8283
5.4863
5.6259
5.4274
5.7066
5.5555
5.6550
5.8006
5.7083
5.6928
5.7358
5.5827
5.5633
5.6038
5.7752
6.1336
5.8703
5.9748
6.0659
6.2743
5.7993
5.9678
5.9157
5.5890
5.6955
5.5565
5.6026
5.6755
5.7245
5.6053
5.8202
5.7925
5.7257
5.8125
5.8974
5.9013
6.1695
5.8618
6.0058
5.7212
5.9386
5.9886
5.8353
5.9913
5.8368
5.8857
5.8680
5.7810
5.8759
5.6870
5.6324
5.7162
5.9462
5.8490
5.8449
6.0618
6.2293
6.0613
6.2098
6.1985
6.1094
5.8533
6.1431
6.1195
5.9410
5.9626
6.0018
5.7291
5.8400
5.6855
5.8728
5.8228
5.9371
5.8969
5.8947
5.9442
5.5681
5.7345
5.6181
5.7518
5.6510
5.8539
5.7498
5.6344
5.6235
5.6995
5.6930
5.9306
5.8645
5.9498
5.7656
5.6824
5.8636
6.0773
6.1134
5.8883
5.7995
5.9757
6.0926
6.1856
5.9996
5.7954
5.9487
5.7198
5.7306
5.6826
5.7718
5.7909
5.6160
5.7535
5.6601
5.6221
5.6554
5.6054
5.5458
5.5764
5.6030
5.7166
5.6525
5.8219
5.6606
5.7214
5.5044
5.6960
5.7431
5.6733
5.2712
5.4007
5.6001
5.4072
5.5331
5.4719
5.6107
5.5903
5.8073
5.7822
5.8760
5.7003
5.5736
5.5162
5.4403
5.4187
5.4401
5.4777
5.5209
5.6941
5.7119
5.4975
5.9021
5.9214
5.8605
5.7812
5.9364
5.7326
5.8237
5.8273
5.8923
5.8594
5.9845
5.8689
5.9189
6.0754
6.0271
5.9065
5.9673
5.8227
5.7910
5.6895
5.9425
5.9642
6.0170
5.7189
5.9102
5.8874
5.7843
6.0435
5.7861
5.7642
5.7213
5.9521
5.8223
5.8305
5.9919
5.9143
5.7347
5.7864
5.8936
5.7083
5.7581
5.6351
5.7591
5.8479
5.6553
5.6503
5.6757
5.2848
5.4415
5.3640
5.3407
5.4112
5.3306
5.3703
5.4353
5.4055
5.5668
5.5208
5.3259
5.5751
5.6617
5.6761
5.9242
5.8065
5.9487
5.7981
6.0516
6.1644
6.0956
6.0396
5.7804
5.9009
5.7458
5.6480
5.5633
5.7134
5.6300
5.7111
5.8699
5.9512
5.9202
6.0826
6.0356
6.0937
6.0756
5.9571
5.9247
5.7583
5.9629
5.6556
5.8870
6.1394
5.9014
5.9534
5.8753
5.8101
5.8706
5.9899
6.1847
6.1648
5.9015
6.1905
6.0557
5.9220
5.8717
5.7264
5.7295
5.7101
5.6425
5.7215
5.7074
5.8353
5.7562
5.8347
5.8906
5.8573
6.0907
6.2887
5.9715
5.8017
5.7569
5.6952
5.9291
6.0444
6.1324
6.0406
6.1123
6.1584
6.1102
6.1379
6.0018
6.1691
6.1240
6.0680
5.8650
6.0290
6.0759
6.3747
6.0791
5.8808
6.0946
6.0527
6.2189
6.1205
6.1674
5.9813
6.3809
6.1388
6.0825
6.1211
5.9888
5.8492
5.9424
5.8914
6.1062
6.1644
5.7906
5.8714
6.0063
6.2928
6.1004
6.0413
6.0649
6.0556
