70.6502
71.2757
72.7674
71.8135
71.3709
72.1132
72.4408
71.9006
72.6877
71.6910
72.8888
72.8237
71.9212
72.1468
70.9801
70.9141
71.2160
70.1731
69.0783
69.5464
68.6755
69.0054
69.3982
69.3027
68.1149
68.8049
67.0133
67.8732
67.3607
66.4110
66.4502
66.0894
65.0088
65.1142
65.4052
67.5081
68.9054
66.2496
68.1353
66.5040
67.2371
66.3896
66.2706
67.4506
65.9307
66.6193
67.0342
66.8796
68.0794
67.4271
68.2287
68.5958
66.6772
66.9560
66.6716
67.9191
68.1484
69.6137
67.9007
66.0834
66.4384
66.7121
67.2640
66.6534
69.0644
70.3824
69.1932
68.6983
68.4665
69.3426
69.3602
67.8679
68.1614
67.2071
67.2807
67.9961
68.5013
67.7464
68.1347
69.2204
67.3406
67.9835
67.1151
65.9095
66.9450
66.6306
68.1524
69.3354
69.3602
71.2178
70.8020
70.5403
68.8420
69.8529
68.3337
69.9721
69.7938
69.3074
70.5092
70.6296
70.3088
69.5603
69.7551
70.9341
71.5774
70.1377
69.2229
67.8173
69.1263
67.3686
66.9131
68.1037
68.9152
69.2423
70.6099
70.6215
70.6860
69.6506
69.5245
68.9748
68.2628
68.3174
67.9945
70.2480
68.3523
67.7125
69.7493
67.9372
67.8030
67.6499
66.2772
67.3747
68.3132
68.7377
69.4796
69.6112
70.2220
70.3970
69.6905
71.3204
70.1447
70.3127
70.2349
69.9208
71.4814
71.2394
70.0934
71.4638
70.3806
70.6907
70.8212
71.0465
72.2382
71.7163
69.5843
70.1804
71.5459
71.1694
70.8416
71.3676
69.6732
70.5655
70.7744
69.0164
70.6194
69.9368
69.5290
69.8228
70.2651
70.7622
69.5999
69.3193
67.0067
68.3308
68.7831
68.1208
69.1086
67.0378
66.9645
65.2773
66.0618
64.8308
65.0566
66.1453
65.2422
65.3479
65.1361
66.0236
66.0433
66.7816
67.0014
67.8868
67.8935
68.5835
68.0854
67.9374
68.8662
69.8121
68.3013
66.9453
68.4615
69.6748
69.2526
69.9770
69.3714
69.0056
69.8935
70.3016
70.0436
70.0457
69.9884
71.9013
70.2689
69.5691
70.5334
69.6040
70.7039
69.9206
68.6765
67.9760
68.1264
68.2102
67.5839
67.5680
67.4629
68.9402
68.3999
70.2268
69.6863
69.3951
70.0109
69.7868
69.5168
70.0610
69.8500
69.3757
70.4362
71.3371
72.0166
70.6822
71.0819
71.2701
72.2494
71.3560
70.1892
70.5804
68.9083
70.8809
68.7828
69.4653
68.1915
68.4466
68.9877
68.5710
69.6515
69.9724
68.8995
68.2159
70.3561
68.3464
68.6879
71.2354
71.0301
68.2928
68.8773
68.3451
68.9896
68.7272
68.1364
67.6758
68.1990
68.7734
69.0861
68.7930
67.9113
69.5808
69.6742
69.1107
68.3127
67.9242
67.6413
66.9889
66.8412
67.9352
69.8116
69.2059
67.1170
66.7717
68.8971
68.1571
67.5432
68.4978
66.9546
64.9247
68.1652
66.3903
65.9097
66.4266
65.9501
66.5287
67.3615
66.6527
65.2507
65.8442
66.3750
67.5843
67.3114
67.1427
68.3655
67.5102
66.5293
66.5309
66.4533
65.1980
67.0618
65.8946
65.1969
65.2204
64.5001
65.3692
64.9184
65.8594
64.9455
63.7250
64.1973
66.5430
67.3507
66.0290
67.4167
65.4772
65.3441
64.9964
65.2284
65.2739
67.2359
64.7374
66.0145
65.6107
66.5927
64.2034
65.3029
65.9263
64.6433
66.4002
65.7863
65.3578
66.3178
64.7827
65.4945
65.2168
65.2645
63.5508
65.0739
64.6807
63.4162
65.2212
64.9536
64.9253
64.8090
66.4897
64.7639
65.4132
63.8049
65.6674
64.8064
66.7172
64.3627
64.8326
65.6006
65.3282
64.9898
65.0045
64.2484
64.7685
65.3521
65.8916
65.8305
66.1965
67.2748
66.3948
66.1240
65.3041
64.2350
65.0344
66.0371
66.6076
65.2218
65.6827
65.4233
65.2458
65.3966
66.1394
64.8962
63.6858
66.8056
66.3700
66.3536
67.1758
66.3307
67.2940
67.8301
68.1671
70.0459
68.6710
67.5858
68.1679
68.5428
66.8575
66.0734
65.7998
64.1570
64.3718
64.5317
65.7455
64.6599
65.1187
66.4118
64.5973
64.0646
64.8399
64.1832
64.3874
64.3960
65.6671
65.4295
64.5206
64.6570
64.5965
64.2320
63.7487
63.7534
63.4929
63.8092
62.3535
62.0171
60.3786
61.4376
60.2173
59.8135
62.5493
61.5347
60.6452
60.9582
60.5222
62.6711
62.7585
61.3552
62.1238
61.3310
60.6549
58.3808
61.4464
60.9583
60.0636
60.1508
59.5457
59.3295
61.6662
62.8277
62.4062
62.7168
60.3179
60.4175
61.2650
61.0902
60.0789
60.8578
60.6230
61.7984
61.2955
59.5680
60.0230
58.5608
59.1501
58.9892
59.9881
60.5916
59.1872
59.8954
61.3243
59.8707
59.3869
60.2360
60.6297
59.8524
58.7153
60.0740
58.4933
60.1589
60.5008
60.3393
60.8396
61.1039
63.3178
63.3279
63.6951
62.8542
62.5167
61.8104
62.1006
61.7831
60.8542
61.5509
59.3939
60.1811
60.9935
60.7537
61.8207
61.5762
61.2113
61.7902
61.2992
60.8141
60.9315
61.7452
63.3560
62.3142
61.6435
60.7651
59.7687
60.4559
59.9151
59.5291
61.0275
59.7706
59.1594
58.5312
59.2529
59.4359
59.1278
58.9456
58.6268
58.6577
59.7657
59.6682
59.6510
60.6644
61.5555
60.7906
59.4072
58.2285
58.8294
59.4005
58.3394
59.5422
60.0038
59.3288
59.2797
59.1871
60.1028
60.7326
62.4578
61.6808
61.0396
60.7350
59.0324
57.1674
59.6174
59.5504
59.4611
58.5997
58.3654
59.6643
58.7858
58.1485
58.5777
58.7577
59.9172
60.6022
59.4317
59.4821
59.1481
57.8996
60.2325
59.8308
57.5798
58.9176
58.6038
60.9693
60.1642
59.9108
60.5000
59.7088
59.3660
59.7018
59.8371
60.3518
60.8715
58.8971
58.0188
60.7434
60.2699
59.5544
59.6668
60.6143
61.4845
60.5938
61.4625
59.0306
59.1181
57.9498
58.8778
57.7966
56.7934
57.3118
56.7990
57.5349
57.8635
58.2374
56.5360
56.7330
57.5103
58.6388
57.7728
59.0165
58.2415
58.9944
58.2533
57.9784
57.6733
58.8714
57.3741
59.1180
57.0928
57.2977
56.8460
57.0154
55.9958
56.4688
56.0632
54.5796
54.2957
55.6214
55.7725
55.4969
55.0098
55.9274
54.9471
56.7930
57.3013
57.2939
57.7275
57.2977
56.5944
58.4377
57.9371
59.0239
57.2820
58.8048
56.8035
57.1972
59.3789
58.4423
58.0698
58.6776
57.5266
59.4330
59.0424
59.7325
59.3533
59.5107
59.1311
57.5754
58.4142
57.5061
57.5820
57.8003
58.6028
55.9569
57.6099
57.7740
55.9347
57.1183
56.8222
58.0103
57.7018
57.5088
57.2856
58.3940
59.0987
57.6947
59.7797
59.0355
60.7335
60.0776
60.5218
59.0655
58.1497
57.7393
57.9405
58.4298
57.2088
58.2855
57.2926
58.2214
58.1804
58.6435
57.3209
57.7015
58.1547
57.4070
56.8548
55.4796
55.7309
56.4296
56.5852
56.8290
56.2082
56.4917
56.0834
56.0827
55.5804
56.5115
55.3037
55.7756
56.6438
55.6200
56.6910
57.7751
58.0066
58.4751
55.9924
55.6863
57.4103
58.4752
57.5160
58.2451
56.6877
58.0580
57.1258
56.7446
56.8162
56.9332
58.4635
58.9493
58.3787
57.8947
59.7094
60.1116
60.6372
60.2819
60.5897
60.2982
60.5159
58.3664
59.3786
60.2421
58.0867
58.5859
58.2978
58.0522
59.4108
57.7276
58.3918
60.0415
58.4577
57.3087
56.1883
57.8173
58.3931
58.0652
56.8717
58.7420
58.7935
58.6571
59.6528
59.7039
59.7905
58.5967
58.0583
58.7841
59.2794
57.0751
59.7827
57.5221
58.6186
58.8935
57.6195
58.0419
57.4573
58.4095
57.3159
57.7190
58.4836
56.8462
56.8901
58.1374
58.3292
59.9157
58.1338
57.8031
57.8925
57.7322
57.0922
58.6807
60.6963
59.2750
59.3400
58.0584
59.5352
59.1421
57.9036
58.5195
58.7859
59.1287
58.4154
59.7380
59.6080
58.9814
58.0880
58.1707
58.5054
59.0761
56.9724
57.1771
59.0752
57.5360
58.1602
58.2640
56.2385
57.0037
57.5862
55.9214
54.8948
55.4853
54.2963
54.4255
55.9065
56.0944
54.7710
55.6529
55.6133
55.7564
55.8600
55.4465
55.2074
55.2048
57.1573
56.2015
55.7826
56.1598
56.9353
57.2969
57.5592
56.9992
57.2743
58.8902
57.6454
57.2227
57.0083
57.4890
57.3395
58.0511
56.7523
56.7354
56.5539
55.6472
54.4061
55.0796
55.2718
55.1918
56.1013
55.2379
57.0038
55.9277
56.2916
55.5347
54.9005
53.8252
53.4177
54.7250
54.9868
54.9213
55.4423
55.2485
54.0375
53.6727
53.7951
54.7181
56.9753
56.4739
57.2812
56.5661
55.7875
56.5606
56.2995
57.3225
54.8390
54.8688
55.4141
56.1891
58.5389
57.6154
58.0511
56.9353
56.8949
55.9821
57.3630
57.2940
56.1652
55.7951
54.6535
54.5128
54.5057
54.6688
54.2623
53.3797
54.4468
54.3780
55.2653
56.1734
53.5377
55.5760
53.1944
53.8813
53.0938
53.6020
54.3619
54.8174
53.3236
53.7862
52.9986
53.8052
54.6448
53.3160
54.0777
54.7136
56.1677
55.3614
53.9426
54.7458
55.0565
56.4277
56.4652
56.1747
55.7948
55.6521
54.5341
53.6738
55.5199
55.0583
55.5001
55.1332
53.9042
53.5995
53.6662
54.3340
54.4396
55.2277
53.4966
54.0639
54.1753
54.6856
55.0635
52.6197
52.4239
51.1307
51.0845
52.3665
50.9906
52.2175
53.1617
52.6309
52.5791
51.8446
53.1151
52.3337
51.6188
54.3674
52.9808
54.8120
53.6755
53.7338
54.4084
53.6441
54.3260
55.2214
55.1377
56.2671
57.6971
57.7827
57.9450
57.6751
56.0006
56.8795
57.1208
56.8675
57.4174
56.6424
56.8503
55.2966
54.7077
54.3084
55.2009
56.2304
56.3826
56.0827
54.9119
54.6495
54.2682
54.9886
56.6079
55.7423
54.4498
55.0778
56.3989
56.2098
55.9089
56.8893
56.3870
57.1130
56.9515
56.5368
56.5933
55.6236
56.5522
54.4500
55.6324
54.9881
55.9264
57.1391
55.1067
53.6103
55.5826
55.9873
56.3391
56.4661
56.2260
54.8122
55.4364
54.8507
55.1615
53.9920
53.5388
53.4549
54.1911
54.6571
52.8909
52.6689
52.5890
53.6509
54.4271
53.4392
53.2726
53.5627
51.8450
52.9992
53.2677
54.3137
54.5660
54.1668
54.8071
54.6397
53.5552
54.4727
54.0083
52.2031
51.7174
51.3328
53.2510
53.8538
53.3329
52.9378
53.6700
53.7549
53.2972
51.6244
51.9675
51.4756
51.0275
51.4941
51.0538
52.7434
52.5213
52.8099
52.8590
52.1023
52.8143
52.5976
52.5469
52.0316
52.8749
50.6901
50.7487
50.1319
50.1530
48.8849
48.7702
50.3171
51.1169
50.0349
50.3338
50.5449
51.6597
52.7618
51.6593
49.7957
50.9688
50.8434
52.7137
53.0899
53.8114
53.4905
52.0334
51.9191
53.1395
53.5789
53.3650
53.7873
53.9281
53.9510
54.1585
52.4872
54.3341
54.4023
53.2300
52.5008
54.7506
52.4727
53.9048
52.1931
52.4294
51.8055
54.0155
54.5830
54.7368
55.0478
53.4901
54.8077
54.9067
56.4398
54.2521
55.1821
55.3995
54.9326
55.4780
54.7232
54.3271
54.9725
56.2608
56.4125
55.7678
56.0945
55.9756
55.9255
55.1260
55.2828
53.9662
54.4141
53.5767
54.4028
53.3231
52.9576
52.7797
53.5370
53.5336
54.6170
55.4668
54.7421
55.6213
54.8912
55.2652
56.0066
54.0974
55.5507
56.1240
55.0705
55.1795
54.5456
54.6574
56.3016
55.6312
55.8291
55.1145
56.0477
56.4488
55.9550
55.9412
55.7021
55.4808
55.2273
54.3653
53.8122
54.1843
56.1663
55.2239
55.1254
55.4228
54.0386
53.3899
52.7748
53.1236
52.7498
52.2960
50.6195
52.0208
51.7721
51.4206
51.7129
52.2601
53.2580
52.9960
53.8588
51.6511
53.9545
53.0467
52.7169
53.3081
53.2282
53.6988
53.5996
52.8632
51.8914
52.5686
52.4571
51.4232
51.8660
51.4702
52.3570
52.0965
52.4750
51.0913
50.7249
48.2678
48.8753
49.7053
49.1785
49.0078
48.2496
49.1612
48.4046
48.7124
49.2906
49.3199
48.3911
46.9366
47.4358
48.2080
49.1764
48.4540
47.3582
46.9432
47.7211
47.2731
47.1206
48.9555
48.7678
48.3393
48.6512
45.7402
47.0571
46.5643
45.6852
47.1507
45.1081
45.8263
45.8793
46.1551
46.7801
46.5796
46.6217
47.4168
47.0077
48.0800
48.6933
48.9147
49.7875
48.9210
49.0275
49.2470
48.8595
48.2444
48.4012
48.7964
47.6509
48.2916
48.8669
48.3602
48.2595
49.0115
49.5192
49.8171
50.8607
51.0512
49.6078
50.9528
48.7738
49.1478
48.7191
50.4136
50.1261
50.9835
50.8867
51.5718
50.4188
50.4784
50.9882
50.4609
50.8937
51.6231
51.0195
51.6644
51.2399
51.2343
51.1260
51.0984
51.6157
52.5083
53.0813
51.9016
52.4007
52.9901
52.9982
53.6039
52.6832
53.7179
53.0043
53.2891
53.2682
52.7851
54.0351
54.1649
52.7395
52.3925
49.7950
51.2260
52.3468
53.0581
52.0392
52.5925
52.1022
51.6081
49.8676
50.4103
50.0813
50.1162
50.1494
49.7099
48.0352
50.0969
49.2177
49.7539
50.1457
51.6076
51.5983
51.8160
50.8499
51.9735
50.8931
48.8005
49.1359
49.5648
50.5771
48.9973
49.1919
48.6057
48.5913
48.7559
50.3705
48.7228
51.7389
51.8670
50.7998
52.1016
51.2528
51.6778
52.8855
52.8410
53.7949
53.0048
52.3805
52.6091
52.8529
52.3017
51.0937
52.1848
52.0669
52.3546
53.0283
52.9445
54.4439
53.7658
52.5151
53.6539
53.0939
52.4269
53.6266
52.2871
53.9157
53.7800
53.4224
51.8325
54.0955
54.6648
53.5194
52.5914
53.0613
54.1075
54.2875
52.8517
52.7872
52.3957
53.0075
51.6242
51.1232
51.8531
52.3112
51.0737
52.2548
51.7094
52.3458
51.1090
50.7621
50.2523
50.3566
48.4813
49.2809
49.2290
48.8324
47.7783
47.6243
48.7877
47.7845
49.0524
48.6377
49.1100
48.6200
50.5022
50.4597
49.6439
49.6301
48.6031
50.1358
50.9370
51.0255
49.3423
49.9345
50.4130
50.7352
50.7973
51.8323
51.9601
52.3678
52.0388
53.0753
52.4523
52.0447
49.2726
50.6661
51.4656
51.7738
51.2778
49.9433
49.1688
49.2735
48.1971
48.2276
49.3146
47.8345
48.3354
47.7094
48.5063
49.2619
48.6891
49.4442
49.6468
49.6353
48.7268
49.3619
48.9851
47.2197
48.5681
49.6289
49.7587
50.5099
49.5853
50.3742
50.2289
49.5624
48.8342
50.0698
49.9350
49.4553
48.5646
48.8409
49.4780
49.6116
50.3712
49.9080
48.2467
47.0047
48.1366
48.9359
47.3740
47.0638
46.6507
46.6586
46.3348
46.3676
46.1944
45.0327
46.6874
45.6445
46.2247
47.0699
46.9504
45.4306
47.2233
48.2735
48.1505
48.1586
47.4290
46.9794
49.4800
47.5820
48.5615
48.4962
47.9231
48.6322
49.7485
47.6561
49.5796
49.1546
47.7318
49.4272
52.7226
50.5915
50.4958
51.9941
49.5667
50.3820
49.7563
48.9925
49.6148
48.9303
50.1985
50.4294
50.1977
51.0758
51.2759
50.4918
49.6327
50.7216
50.5878
49.0455
50.6694
49.4982
50.4772
50.6880
50.2574
49.9893
50.4524
49.9967
50.3224
51.3355
50.7008
51.2523
51.6848
50.2127
51.3336
50.8716
51.0475
51.9852
51.1263
51.8937
50.1521
50.6033
51.1058
51.9237
52.2009
51.3689
51.6619
52.0709
51.0374
52.1897
52.2050
52.5701
52.2735
51.0762
51.7997
51.2812
51.0013
51.0243
50.3303
50.6664
52.4971
50.1036
49.2459
49.2243
48.7724
47.9077
49.1813
48.1205
48.5473
48.0045
49.7771
48.3107
49.1200
49.3474
51.1269
51.2977
50.3572
50.2537
50.1624
50.9015
52.4107
51.4109
50.7849
51.9987
50.8506
51.1224
51.1290
50.6491
50.1575
49.8776
49.9644
50.0358
49.9967
50.6072
50.4950
51.0388
49.9243
51.3124
52.2688
51.3803
52.2839
52.8190
52.1872
51.9275
50.9594
52.4556
52.4084
53.3243
51.8323
53.2391
54.1851
52.4105
52.7958
52.8009
53.3236
54.6334
52.7270
52.7955
53.1090
52.8859
54.1782
53.3993
52.5948
51.4149
52.0499
53.1362
52.7813
52.1632
52.5218
52.4507
52.1447
52.3401
52.4919
51.7952
52.0893
52.8814
52.7070
51.9404
52.2994
53.1529
52.0590
53.0542
52.2760
51.6544
51.0083
52.0686
53.3249
52.7319
53.2266
51.1774
49.5921
49.6097
49.3843
51.2945
51.6108
50.4739
50.5835
50.8297
50.8970
51.6609
50.1730
50.3965
51.4600
49.8497
50.8637
50.3404
49.6860
49.0456
49.1952
48.2312
49.4023
48.0056
47.6551
47.3899
48.6683
48.4052
48.4581
47.9658
47.3536
45.8529
46.4721
46.0354
47.3725
48.3844
48.2392
48.3213
48.2704
48.2880
50.0927
51.0079
49.5859
48.1473
47.7382
47.9857
48.8306
46.9661
47.1060
45.9252
47.6667
48.0494
46.8700
45.8242
45.4784
47.1112
46.8789
46.2168
46.4623
45.1861
45.5756
46.5811
46.2122
46.7254
48.2388
46.9965
45.1589
46.2095
46.3365
47.7716
46.2191
46.4005
47.3805
47.4254
47.3424
46.5468
46.6743
48.4647
48.0278
48.0135
47.0143
46.9082
47.7392
49.0587
45.8760
47.3277
46.2119
45.7152
45.2037
45.9572
46.3549
46.2582
46.8958
47.4388
47.0328
47.1837
47.1836
46.6367
44.9777
45.2221
44.1810
45.9101
45.1466
45.8110
46.1701
45.8859
46.2104
44.7866
44.6710
45.7944
45.3850
44.4155
43.6382
43.5831
42.8160
43.8725
44.4010
42.7538
45.1405
44.9045
44.9490
44.0581
45.2494
45.0793
45.4865
43.4666
45.2029
45.0680
44.9006
42.9768
43.3329
43.3598
43.4106
42.9118
44.3333
43.2726
42.4302
42.6479
42.7377
42.0131
42.0595
42.3726
42.1142
41.6934
42.0172
40.9661
42.1534
41.4204
41.6769
40.9875
42.3632
41.7908
41.6984
42.9774
43.1307
43.1530
42.6801
44.6483
44.0469
44.0807
41.5494
43.9012
43.1007
42.9863
43.5896
43.5405
43.4906
43.2963
43.8585
44.4569
43.5238
43.6729
44.0709
44.1537
45.6681
44.5772
44.0075
43.5958
44.1755
44.5919
45.1116
43.3624
43.3163
42.9033
42.2312
43.8474
44.1387
44.6147
43.6396
44.6076
43.6001
43.2998
43.5137
44.4237
45.1271
45.2190
47.7779
48.1457
48.4186
47.0957
47.8853
47.5838
46.2792
46.6295
48.7060
48.3522
45.6545
46.2591
46.1795
44.8517
46.1571
46.3591
44.4247
44.9403
44.9761
43.9971
43.7503
45.3259
44.6208
42.4991
43.4179
42.6895
43.3380
43.7564
43.9109
45.2535
45.6369
45.8574
46.3148
43.1168
44.6249
44.8640
43.2167
42.1125
41.8399
42.5712
42.3693
42.9011
42.0395
43.6707
43.2422
42.6685
43.3253
44.7549
43.5391
44.8245
43.7932
43.8227
44.6714
44.7574
44.7082
44.4781
44.3467
45.3563
44.8206
45.1830
45.6044
45.8510
45.7448
45.3689
43.9072
45.2511
46.9345
46.1528
45.3841
44.7069
45.5367
45.8668
47.0922
45.8181
46.1256
46.1204
46.8998
46.2204
46.2351
45.9236
46.0044
44.9500
46.3094
47.4358
45.6896
44.7267
46.1850
46.3551
45.1739
45.0696
43.1809
45.2649
44.7606
44.6760
44.9556
44.9313
44.9753
45.7462
46.9028
46.5504
47.0015
45.3744
45.1033
46.0331
43.9343
44.4744
44.8202
43.6832
44.3270
44.0460
45.6921
45.1261
45.9240
46.0585
44.7662
45.8874
44.4360
44.9750
46.0937
45.7371
47.5467
47.1093
47.0904
45.8213
47.7187
47.1283
46.7306
46.1539
44.6908
45.7224
46.7054
47.1943
48.1535
48.4424
48.4681
47.8436
47.5614
48.2661
47.2922
47.3412
46.2539
46.8155
46.2744
46.0262
46.6972
47.0684
47.6283
48.7622
48.1428
47.4593
47.3759
48.9118
48.2902
48.6143
46.8865
48.0821
47.8253
48.1691
47.2427
45.9029
46.2029
46.4640
46.9796
45.0599
46.6026
47.9862
49.0028
48.5569
49.0706
48.7086
47.6462
47.4208
47.8104
46.3851
47.6902
48.7428
47.3134
47.3546
49.1068
49.3023
48.3149
48.8114
46.6113
46.7520
47.8467
47.8626
48.5806
48.0109
46.7959
47.7711
47.2337
48.6834
48.0002
48.2675
47.1988
48.2368
47.6166
47.0202
48.4499
48.8954
50.9880
50.5546
50.2654
49.7728
49.5428
49.4148
49.7713
49.0687
48.8919
49.8503
48.1871
48.4401
48.2301
48.7738
48.6519
48.0090
48.8994
48.8518
47.0224
48.6112
47.8363
48.0150
48.2927
47.8271
48.2736
47.8496
48.4170
47.8300
47.6158
46.7926
46.6842
46.8893
47.3876
47.3017
50.2330
49.6879
50.3211
49.8731
48.6892
50.0095
48.9518
49.8520
50.6822
51.3304
51.7533
51.7467
50.6075
50.3135
49.2364
48.8086
49.1593
49.3267
49.7964
51.7467
50.0992
50.7701
52.4148
51.6911
51.1546
50.9268
49.7855
50.8664
49.4198
48.8676
50.0021
48.7311
49.4079
48.8883
49.2523
49.1116
48.4869
48.4946
46.2388
46.8459
48.9608
49.1180
48.6516
48.6555
50.1473
48.5105
50.9947
49.0346
48.8363
49.9655
49.8654
50.0529
50.9219
51.2874
51.1103
51.4489
51.5593
49.9919
50.1847
50.0216
49.4097
49.7601
50.5797
48.4905
50.2014
51.4717
50.6782
51.0858
49.2384
51.0588
50.9157
51.5349
51.0061
51.2675
51.8667
52.1927
51.4789
50.9756
52.3666
51.9664
52.5159
51.1746
50.3516
50.4375
50.8526
51.8891
52.6937
50.7908
50.9133
50.9241
50.1596
49.7723
51.2436
50.2176
52.5796
52.3814
50.9912
52.3658
51.8912
53.4705
51.9099
52.2130
51.8406
50.2320
51.0018
50.9106
50.9036
49.5174
49.4375
50.3022
49.7362
49.9868
48.5851
47.8170
49.5327
48.2559
48.5325
49.3197
48.6872
49.9475
50.6194
51.7314
50.2926
50.1789
49.4882
49.4477
50.2312
49.3131
49.6554
48.9126
48.8420
50.0161
49.4836
48.9816
49.4651
50.0623
49.5006
48.0481
49.7940
50.0044
48.7769
50.0820
49.4080
49.5562
49.2471
48.8126
48.5360
49.2183
48.7748
48.1744
48.3908
48.2780
49.2391
50.2387
49.6149
51.0471
50.9193
48.9411
49.2074
50.0594
50.4591
49.2533
48.6866
48.9150
49.6113
48.6727
50.2570
51.4692
50.3311
51.7248
50.3083
50.0390
49.1088
49.8387
49.4201
49.7169
47.9946
48.5005
49.3459
47.1089
46.8440
49.0092
47.6240
47.8050
46.8700
48.3192
46.8107
48.6305
48.1364
47.8382
47.8728
47.4886
47.1964
46.7208
47.5782
47.0375
47.8302
48.3026
48.0619
48.5707
47.8703
48.6623
47.3246
46.8665
46.8131
46.0113
46.0533
46.2874
47.7113
47.1810
46.7484
46.4954
47.6033
47.7348
46.1768
46.3075
45.3352
46.7918
47.9858
46.3581
46.7639
45.0261
45.1141
45.7202
45.7654
46.0827
47.3955
47.8396
49.0591
48.4115
48.4737
48.6314
48.0071
47.0887
48.5400
48.8929
48.9954
47.5668
46.7795
45.1837
46.6042
48.1306
46.2245
45.5846
44.8839
44.5648
44.5929
45.0019
44.9307
45.8017
45.1652
46.6319
44.9842
45.0652
45.7232
46.1196
46.3753
46.4276
46.6388
44.9809
46.9859
44.6713
46.0936
47.4258
45.8058
46.6819
45.9611
46.5740
48.7240
47.8912
48.2476
48.3462
48.0310
47.7552
48.4333
47.4938
47.3726
48.7873
48.7240
49.1197
49.7293
49.2543
49.6375
48.8656
48.0901
49.0272
48.7081
49.4791
50.8696
50.8417
49.8438
49.2970
47.9208
48.8942
48.1948
47.6261
47.6624
47.2813
47.7905
48.3263
47.7781
45.9889
47.3363
48.0635
47.4101
47.1051
47.9729
47.8291
46.9978
47.3360
47.0743
48.4004
49.4136
49.8308
49.5144
49.2542
48.5758
47.7105
47.8805
46.2315
46.7683
46.1211
44.9029
46.1734
46.5737
46.8535
48.7129
47.7569
48.2617
49.7651
49.5667
49.6875
49.1049
49.0665
50.4094
49.3948
47.4500
50.5941
49.7186
50.0126
50.0368
50.0514
48.0642
48.9483
48.9759
49.9909
48.6700
48.7126
50.7132
50.7505
50.7518
49.1139
48.7220
48.1869
48.9064
48.2763
49.0855
48.7033
49.9117
50.7006
48.3539
48.5870
48.5161
48.1447
49.3546
49.1105
47.3993
47.7711
47.3575
47.5011
47.3451
46.0691
47.2506
46.8457
46.9676
46.0661
46.1593
46.0006
45.2938
44.5245
44.7867
44.3747
44.7118
44.0117
44.2938
44.9726
45.1247
45.6522
46.0118
44.2637
43.8867
44.5914
45.2383
43.8272
44.6356
44.7773
44.8037
44.9899
44.5734
43.3061
45.0776
44.2041
44.5783
44.4692
43.3978
44.3519
44.0721
45.1087
44.9307
44.8853
44.7357
46.0392
46.2969
45.8202
46.7671
46.8801
47.6798
47.2527
47.5245
46.9077
45.8449
46.4644
46.6468
47.2331
47.6917
46.9067
47.6607
45.8066
46.5896
45.4612
45.2026
44.4029
45.0734
44.3189
45.5890
44.8044
45.7399
46.9314
47.0123
46.9467
46.1437
45.1786
46.1447
45.9170
45.2073
44.2736
45.2061
45.4744
45.5202
45.1020
42.5611
43.5664
43.6396
43.9744
42.8938
43.5931
43.9988
43.8146
44.2027
44.0545
44.8777
43.7068
42.9802
45.2924
44.8931
44.6240
45.7550
45.1842
43.7554
44.2506
45.2845
45.7677
44.9869
43.5290
44.5359
44.8356
44.3397
43.9752
45.5242
45.0456
44.7185
44.3414
42.8759
44.3784
44.1820
43.7654
43.1327
42.7787
42.9855
43.7057
44.2630
44.0767
43.7234
44.4015
42.9423
42.6730
43.1210
43.9211
44.1522
43.7067
44.5398
43.3324
43.7151
43.8228
42.7062
44.3937
43.1368
42.8008
42.3536
42.8976
42.7560
42.9069
43.3766
43.5603
43.8976
43.0730
42.9513
43.7347
43.9510
44.4835
42.7960
44.9269
44.1284
42.1015
42.7591
43.0206
41.8289
42.7735
43.6407
41.5331
40.7926
42.6075
41.2500
40.7717
39.1857
39.8362
40.9370
41.4646
39.4581
39.6884
40.6173
40.6670
40.3185
39.2028
40.1375
39.8606
39.0489
41.7637
40.5329
41.8195
41.9704
40.4952
39.3874
41.0568
41.0039
39.9350
40.5701
40.9186
41.1105
40.6211
39.9847
41.6842
40.3367
40.8797
40.0748
40.4439
39.9051
41.3199
39.7142
40.1538
39.3543
39.8829
38.6413
40.7452
39.9543
41.6845
41.2292
41.5987
40.4543
40.8131
39.8447
38.5153
39.6946
41.2477
39.5848
40.1562
39.9648
40.5539
39.4414
40.7942
40.1887
40.5354
40.2946
39.9926
40.1826
40.5084
41.1353
40.0235
40.7014
41.1136
41.0029
40.5441
40.8247
38.7443
38.6873
38.8444
38.9458
38.3676
39.0831
39.1819
37.4939
38.2121
38.6942
38.5588
38.4024
37.8364
39.4958
39.1891
38.0985
39.6365
37.7789
37.3864
36.0090
35.8545
36.9848
36.7358
36.0108
34.5582
35.4511
36.5498
35.1924
34.6891
36.3089
36.2511
36.3666
36.6605
35.4982
35.8235
35.1671
36.2730
34.4633
36.8040
36.9421
35.8284
35.2515
36.2273
33.6189
36.0439
36.5222
37.1252
37.0656
35.8822
35.7765
34.8063
35.8676
37.4512
36.6163
37.0085
37.3663
35.8023
35.7402
36.4378
36.5070
36.6640
36.6603
37.1656
37.3550
37.7864
38.3801
38.2388
37.5973
38.0853
39.1754
38.1405
38.9062
39.9274
39.1028
38.5140
37.7533
36.6288
37.2190
37.1252
36.5313
35.6185
36.6963
35.2527
35.9605
36.1010
37.5212
35.9943
36.9802
38.2415
36.9890
35.5809
35.7508
36.3813
36.9965
37.7527
36.1452
36.4887
37.5394
37.4743
38.0078
37.4566
38.2504
38.0267
38.5775
38.9410
39.3467
39.8952
41.0345
40.5644
39.5170
40.5558
40.7294
38.9203
40.2934
41.7630
39.2993
38.9826
38.1642
41.4282
39.9665
39.8676
38.7137
38.4592
38.0899
37.6521
37.4433
38.0010
38.0746
38.8025
38.6890
37.8995
38.4689
37.5527
37.7221
37.8332
36.3680
36.3633
37.5837
39.5804
38.7618
38.1659
38.8286
40.2099
39.3908
39.6723
40.9461
39.5958
38.8872
39.0548
38.6532
38.5461
39.4404
38.9941
38.5234
38.6020
37.6815
39.1188
41.0532
39.7510
39.2175
39.1343
40.2256
39.6161
40.8667
40.4588
40.1198
40.9385
38.7077
39.1151
39.3724
39.9179
39.4524
39.6234
38.3815
38.8249
40.4868
40.2869
40.4743
39.0462
39.7883
39.7575
39.6512
39.6206
38.0334
36.5834
38.1851
38.7957
37.2288
37.5992
37.0818
37.5604
37.9986
36.4005
38.1085
37.4908
38.6468
37.7768
37.1549
39.2783
37.2581
38.8583
35.4724
35.4876
34.9869
35.2671
36.1732
34.1691
34.6164
35.2102
35.0804
35.5918
36.0696
36.0224
35.3154
34.0199
34.1819
33.2613
34.5299
34.0336
34.2757
34.7239
33.8730
32.1020
32.7402
33.5084
34.1454
34.7445
34.9834
34.9793
35.0677
34.5257
35.5690
34.4825
35.1181
35.7326
37.1056
38.2115
36.8052
34.8591
34.0492
35.4088
35.1983
36.6014
35.7921
34.6047
34.6333
34.2380
33.4269
32.4332
33.4604
33.6545
34.2880
35.4086
34.3136
33.9774
34.2376
34.3591
34.0824
34.4193
34.7385
34.7069
34.9555
34.2463
34.0253
35.0528
34.1530
34.4252
34.5561
33.9183
33.7663
35.1062
34.4131
34.3563
34.7514
33.8943
34.3189
34.5895
34.2726
34.3825
35.3249
34.7098
33.1912
34.7602
32.7528
33.2124
33.0488
32.9150
31.5036
31.7513
32.5382
32.6735
31.7916
33.3092
32.7081
33.3176
33.4886
33.9312
33.0286
33.4378
34.8424
34.4597
33.2772
33.6233
32.6116
32.6456
33.2728
32.0335
32.7768
31.8235
31.4646
32.0844
32.9985
31.9038
31.3179
31.6398
31.8068
31.0355
31.3439
32.2116
31.7201
31.5996
32.9796
31.8910
31.2980
32.5178
31.9685
31.6352
31.0280
32.1141
32.4046
31.4860
31.6924
32.9299
31.8130
31.6375
31.1320
30.0381
30.3941
30.0125
30.3246
29.9684
30.1099
29.7147
30.5032
30.3731
29.5791
29.3788
28.8935
29.9559
30.5396
30.2776
31.0822
30.0026
29.9339
30.4875
29.1698
29.3716
27.5569
26.9172
27.8105
28.4729
29.1837
29.0385
28.5372
29.2744
30.0310
29.4506
29.8282
29.1922
29.5427
29.1908
28.9883
28.3589
28.8185
27.2638
27.9429
29.3072
28.3788
27.4817
28.1889
28.3295
28.0797
27.4726
26.6609
26.4019
27.7226
28.0856
28.7867
27.4161
28.6992
26.9549
26.4974
27.4648
27.6053
27.0726
28.2750
28.5991
28.4869
27.6086
26.2368
25.8002
26.4370
26.8720
26.7609
27.0929
27.3810
27.5827
27.5708
27.0313
28.1987
27.7233
27.8234
26.7934
26.7328
26.8942
27.3937
27.9135
28.0500
26.7893
27.1089
26.9859
26.9552
27.9374
26.8003
27.0280
27.7150
27.0723
27.4560
26.5724
27.4898
26.4370
26.2915
26.3912
26.2063
26.9268
26.2624
26.8824
26.9343
28.2265
28.8627
27.9623
27.5217
27.2465
28.2494
28.2650
28.5300
28.2494
27.5526
27.6006
27.6341
27.8309
27.7705
26.9631
27.6466
28.3150
28.1323
27.9604
28.1287
28.5642
28.6624
28.3201
27.8540
27.4487
28.7590
28.3922
28.2892
28.3637
28.2087
27.2303
28.8159
28.0623
27.7511
27.8697
27.7403
28.3713
28.9839
28.3139
27.2940
25.8781
26.6129
27.7248
26.8865
26.8606
27.5985
27.2990
27.9346
27.7009
27.1878
28.8364
28.3882
27.8892
27.3829
27.5903
26.7279
26.8266
25.1461
27.4776
26.1734
28.5955
27.6117
27.0918
26.5866
26.3708
28.2574
27.4848
29.4933
28.4104
28.8454
27.2746
27.2175
27.4801
28.3402
28.2291
27.7447
27.8712
27.4471
28.0450
28.4229
28.8279
29.5404
28.8410
28.8325
28.9188
28.2307
28.2605
28.4122
27.7572
27.6262
28.1537
28.3103
28.1591
29.5305
29.2724
28.2985
27.6874
28.5055
28.2522
26.7246
26.8641
28.4413
28.6285
28.3410
27.8162
29.2606
29.2584
27.7766
29.4050
29.6071
28.4789
28.1949
28.2459
27.6906
27.9625
29.1173
28.4623
28.6380
29.4497
27.4292
29.1538
29.0962
28.7459
29.0420
29.8289
29.8758
29.2386
29.4096
29.4856
28.8209
28.3955
28.0829
29.0583
28.9904
29.5441
28.4074
28.5562
27.6248
28.0099
29.3912
29.0997
28.8982
28.2960
27.8435
28.7372
28.8713
28.0801
28.2072
28.3686
27.8881
27.2856
28.2244
27.2038
27.5980
27.7937
27.5534
28.5041
27.9950
29.4103
28.9562
29.1790
28.7451
28.9602
29.1275
28.2377
28.3317
29.0289
29.9724
28.3025
29.8140
28.8034
28.3155
29.5959
28.7336
28.9372
29.6234
29.1913
30.3346
29.6071
29.3636
28.6949
28.9455
29.6989
28.8074
27.9679
28.5536
28.7336
29.2275
28.8924
29.0900
29.2997
29.3489
29.0908
29.0551
28.3024
28.1943
28.8404
29.1895
29.8451
29.6970
28.0956
29.1298
28.3013
27.2753
28.5106
29.4084
28.6847
30.0915
29.9583
28.5631
29.5740
28.6390
29.2699
27.3715
28.3120
27.3238
28.3138
26.8848
27.7028
28.3962
29.3592
29.0118
28.5563
29.1804
29.1841
28.3880
28.3923
27.5356
28.5258
28.9677
28.7101
28.9159
28.6293
29.7511
28.7604
30.1299
30.0306
29.0445
28.9239
28.4053
29.9873
29.2122
27.9222
27.5785
28.7462
29.0308
29.2901
28.4801
29.7200
28.8283
29.1543
29.7571
30.3197
29.8903
28.9659
27.9924
29.0228
29.6863
29.1049
28.3794
28.6118
30.3038
30.9728
30.2827
30.6535
30.5170
30.7484
30.9880
31.8107
30.2477
30.0917
28.9812
27.6746
28.5686
28.4266
29.5650
28.9536
28.8321
28.3002
28.8494
27.1836
27.9807
28.5467
27.3517
28.3007
28.7844
29.8925
28.3346
28.0547
27.8941
27.8567
28.2000
27.6812
27.4639
28.1639
29.0066
28.2612
27.7427
28.2309
26.4945
26.8368
26.6826
26.3745
26.4700
26.3662
26.2989
27.2887
26.6380
27.3703
26.8312
27.3275
26.8317
26.6618
25.6353
25.8544
25.8806
26.0815
26.8236
27.4152
26.7989
26.7734
25.7587
26.5156
26.4774
26.3391
27.9840
27.3830
26.3848
26.3010
26.3731
26.0059
25.0531
25.3211
27.2383
26.3889
26.1429
25.6569
26.5369
27.7040
26.9510
25.7192
26.0460
27.4469
27.7427
28.7360
26.8469
27.5627
28.8242
29.0266
28.8920
29.0545
27.2442
27.9258
28.7105
28.0856
28.8063
29.1143
29.2245
28.3077
29.3465
30.5309
31.0702
30.4949
29.9660
30.9763
30.7302
29.4470
30.5397
30.8633
30.5009
30.5518
30.5921
31.1554
30.9888
29.5507
30.3155
28.5981
30.5519
31.2109
31.4556
31.3874
32.0770
30.6949
32.0136
31.2445
30.6540
31.5947
30.2385
29.9207
30.8513
30.1272
30.0385
29.6862
30.7733
30.2854
28.7620
30.1604
31.2301
30.6632
29.7622
31.0855
29.2901
28.4934
28.9863
29.1472
28.8093
29.3742
29.0277
30.3846
31.1554
29.6089
29.7119
30.1834
29.9150
29.8712
31.4601
31.2909
31.9262
31.6052
31.9417
31.2109
31.1305
31.8197
31.7591
31.7927
31.1039
30.8173
31.3521
30.3054
29.9056
30.2128
31.5381
31.0755
30.9280
30.5077
31.2378
31.1198
30.5735
31.9906
31.1076
30.9461
31.8676
31.7134
30.7279
31.6607
30.7838
31.0650
31.4058
30.9042
30.1604
29.6346
30.0008
30.4384
29.4945
30.5053
30.0537
31.0508
30.2865
30.7149
30.6159
32.2596
31.7641
31.7626
31.2678
31.6049
30.8457
30.4616
30.2794
30.7651
30.7467
30.5358
30.7572
30.4519
30.5025
30.2124
30.7726
31.0355
31.1535
30.1971
29.8353
29.9703
29.5129
29.8294
29.5183
28.9014
29.1731
29.1786
29.0890
29.7404
30.7723
29.9203
28.3782
28.3495
27.3084
27.8707
27.8344
29.1914
28.4428
29.2114
29.0575
29.3257
29.6245
29.0046
27.6008
28.6863
28.9906
27.5287
28.3864
28.4949
28.0434
27.5932
27.6677
27.9449
28.0290
28.5488
29.0653
28.8424
28.8772
30.3128
29.7956
28.9767
29.1794
29.9180
28.6410
29.7016
29.9777
29.2900
29.1220
28.7358
27.7963
28.3669
28.1975
28.4825
28.0672
28.1007
27.0033
27.2745
27.5692
28.8443
28.9769
28.3622
28.1714
27.6267
28.2307
28.1503
28.4623
28.1427
28.4206
28.1438
28.6407
28.4152
27.2270
29.1579
29.3136
29.2974
28.4528
29.4350
28.4624
28.2034
28.1209
29.6342
28.9972
28.4561
28.6679
28.1754
28.5756
29.3374
27.7436
29.5724
30.4095
29.6774
30.4346
29.4380
29.6254
28.6546
29.3357
28.2330
27.9667
28.0864
29.0342
29.1390
29.2108
30.2502
30.4961
31.5644
29.9939
32.6553
31.1625
32.2443
32.3465
32.6114
31.7751
32.7554
33.0999
31.6041
31.9547
32.1484
31.1096
30.9171
31.5541
31.4974
30.9449
31.7702
30.4148
30.8259
31.3673
31.3210
31.9736
32.4300
32.3235
33.5771
32.3675
32.2920
32.2062
32.8661
33.0036
32.6295
33.1218
31.8292
32.2214
31.1394
31.2565
31.4684
30.9961
32.2304
32.6134
31.7819
33.2663
31.7648
30.9239
30.6332
30.7484
31.0309
29.9007
30.4936
30.3903
29.7171
29.1194
29.9361
31.2046
29.6498
30.1418
31.6830
32.0673
32.5585
33.5320
32.5505
32.2758
32.6218
31.6774
32.7445
32.6816
32.3852
32.9924
31.5880
31.4735
31.3732
31.4213
31.9592
32.2905
32.0921
30.3754
31.6094
32.0360
32.2522
32.3947
31.7739
32.5119
33.0364
33.5250
32.6956
34.1191
33.8653
33.4874
32.3271
33.4972
32.7409
33.8743
33.7808
32.2548
31.3673
31.2115
33.2853
32.3225
32.0813
30.7041
31.5438
31.4839
32.9941
33.4072
33.2686
32.4474
34.2957
32.2836
32.1435
31.8991
32.2244
30.6031
31.0133
29.1727
30.0181
32.3777
32.2990
32.6244
30.9218
33.6950
33.5713
33.9241
32.3036
31.8821
31.7378
32.1589
30.8223
29.6027
30.4211
30.4210
29.6875
29.7326
30.2259
29.9884
29.3045
29.0176
29.9723
30.0559
29.9924
29.8352
30.2260
29.5369
29.0043
28.3317
28.5441
28.6702
29.8149
30.5756
28.4283
29.5613
28.2846
29.6591
28.7532
30.3304
29.1708
29.2805
29.5485
29.6681
28.5066
28.5222
29.4645
28.3856
27.5449
28.2788
28.3770
28.6754
29.4688
30.6638
29.9919
28.2241
28.8631
27.2931
28.1063
29.3561
28.5055
28.8264
28.8331
28.0792
29.1653
29.3459
29.5585
28.3405
28.0986
26.9446
26.4371
25.4862
27.0106
27.3211
26.6295
27.2430
27.2146
27.8729
28.2058
28.0569
26.7693
27.7122
27.2388
27.7934
28.0336
28.8903
28.5391
27.8062
28.0984
29.3011
29.8752
29.0154
29.5758
28.8860
29.9926
30.7421
28.9369
31.3050
29.1281
29.7444
29.9834
29.0958
29.3407
29.7881
28.6862
28.6432
28.7533
29.6633
30.1267
28.9330
28.9102
29.1532
28.5710
28.1321
28.6232
27.0720
27.8378
28.0207
28.5150
27.3311
29.1225
29.3852
28.1365
29.3345
29.1586
29.0713
28.8957
28.5351
29.5805
28.7661
29.1290
28.3841
28.2328
28.5115
29.5332
29.1838
28.2231
28.6743
30.2719
29.3873
30.3040
30.4585
29.4596
30.1259
29.5672
29.2247
29.8839
28.2488
29.0294
30.1032
29.2142
29.7831
29.9702
30.1065
29.8459
30.2439
30.0737
30.4589
28.8244
29.3742
30.3680
28.8994
29.4446
29.9714
29.3082
29.6193
28.7323
28.1256
29.0314
29.7872
29.6673
29.1655
30.0773
28.3272
28.1463
28.1404
28.3210
29.1430
28.5852
29.0540
28.5601
29.2340
29.0810
28.1537
28.6411
30.2351
29.2162
28.5152
28.3290
28.4249
27.9894
27.9915
27.8471
28.3037
28.3949
27.4375
28.4974
27.1077
27.2590
28.7325
28.0220
27.4014
27.9303
27.3496
28.1282
28.0918
28.7774
27.9423
29.1138
28.5269
29.1220
28.5989
29.4216
28.4400
27.8696
27.9569
28.8056
28.9179
28.2276
28.2326
29.1073
28.6869
28.8791
27.8309
28.3643
28.5199
28.0985
28.5580
27.6669
27.7775
26.8699
28.2672
28.8854
29.6871
28.4233
26.4210
26.1383
26.5783
26.4861
27.2949
26.2862
26.2624
27.7298
28.7005
28.1671
27.9589
27.6735
27.3012
27.1508
27.0066
27.2364
26.0367
26.2081
25.8311
25.8885
26.8976
26.8357
27.1309
27.8904
26.8007
28.4301
27.6917
28.3163
27.5873
27.6756
28.5015
27.3138
28.0186
26.9210
27.4705
28.0167
26.9863
27.8106
27.9159
28.2099
27.2199
26.6747
26.7592
25.6468
27.1249
26.7866
26.2380
26.9820
28.6413
28.3202
27.2324
27.4706
26.3862
25.7565
25.4739
26.4853
28.2297
27.6480
27.0259
26.7591
27.3349
26.8863
26.4704
26.2683
27.0567
26.0923
26.1215
26.9989
26.1305
26.5446
26.9491
25.8333
27.1210
26.6446
26.8271
27.1811
26.8815
26.8497
26.5079
27.8121
28.0550
27.0268
27.3882
26.5698
27.9884
27.6476
26.6691
27.3675
26.8368
26.6577
26.3414
26.9349
27.5358
26.2281
24.8480
26.1195
25.8759
26.0014
25.5369
26.4319
26.0274
27.6942
28.9481
27.7956
28.5382
27.9799
27.4085
27.5949
27.0874
27.1945
27.6577
27.2117
27.0064
26.7851
26.9767
27.8273
27.7635
27.4736
27.9074
26.9116
26.6464
26.6448
26.1778
26.4499
26.2781
26.4589
26.4367
27.3451
26.2067
27.0675
25.8818
26.2771
25.3822
26.6288
26.5839
26.6549
26.1983
25.5664
26.7332
26.1293
27.1061
26.0061
25.5022
25.4601
26.9567
27.3225
25.9338
26.3682
26.2373
26.5466
26.2864
26.0156
26.5463
26.8589
26.3086
27.9980
28.5637
26.9752
26.6533
26.9338
27.1089
27.0892
27.2186
27.1185
28.1571
27.2619
27.2429
27.1929
27.5793
26.2093
26.7150
25.2534
25.7793
25.2327
25.2725
26.1784
26.1538
25.4121
26.3306
26.0958
26.0994
26.4529
26.5943
26.3553
27.0377
27.2596
26.2470
24.8131
23.9308
24.5884
25.0165
24.0950
25.2488
25.1623
25.8302
26.0069
25.4487
25.7662
25.8217
25.4357
25.0645
24.0136
25.2926
24.9155
25.5212
26.3523
26.2700
26.0280
27.9282
27.1951
26.5365
27.0879
25.7735
25.6970
25.7233
25.3641
25.2556
25.1832
25.4935
24.6620
25.3712
24.9987
26.4387
25.2981
25.6510
25.8548
24.4977
25.5928
25.6422
25.5111
25.5309
26.0002
27.2662
25.8609
27.7424
26.9736
26.9425
26.0579
25.9723
24.5993
25.7989
24.6339
24.8128
25.7053
24.3005
24.2015
24.3913
24.3799
25.7143
25.0235
24.6803
24.1978
23.9479
24.9732
23.5455
23.8924
25.1128
24.8274
25.8615
24.8490
24.9383
24.8270
24.7988
26.0184
25.2583
24.7882
24.9392
24.5356
24.1671
23.8808
24.2898
24.6769
24.3554
26.3782
24.2997
24.5639
25.3892
24.0998
24.5699
24.2570
23.9946
24.7776
23.2115
24.8882
25.0574
25.3933
24.8098
24.6058
24.5086
24.6996
25.4907
24.8814
24.5567
24.2649
25.5558
24.2897
25.0773
25.0019
24.7781
24.7214
24.5330
24.9165
24.4199
24.4177
24.7603
25.1411
23.9454
23.9165
24.5630
24.4866
22.9994
23.3449
24.0148
23.6352
24.0793
23.5865
23.7134
24.8158
24.3237
24.1711
23.5493
23.2206
24.1816
23.9406
23.9113
22.7974
23.6960
24.3107
23.8283
23.8608
24.0106
24.6085
23.8484
22.7404
23.6663
23.8980
24.8973
23.2358
23.7740
24.9392
24.3768
24.0652
24.6415
23.7894
24.4742
24.5269
24.5621
25.1570
24.1104
25.1129
24.5382
24.2685
24.0054
24.5001
23.7458
23.5468
24.4242
22.8014
22.1245
23.6998
24.0809
22.8858
22.0324
22.5451
22.4511
22.1762
21.4793
22.2093
22.3849
22.7417
23.2120
23.2587
23.6638
24.5537
23.8200
24.8426
24.2034
23.6627
23.6261
23.4749
24.5153
24.1049
23.5867
24.4897
24.5386
24.5106
24.6059
25.2849
24.1229
24.9288
24.1348
24.0137
24.0701
24.5259
23.1108
23.0423
22.9536
23.2537
23.0970
23.7664
23.3074
23.5003
24.5816
24.6990
23.5785
24.3615
24.7712
24.3398
25.0483
24.7924
25.6606
24.2045
23.7640
23.5524
23.6131
23.0931
23.4388
23.0377
23.6837
24.4976
23.4791
23.4348
24.1915
23.9991
24.3294
24.0940
24.7493
25.0191
24.2579
24.0309
26.0238
24.6554
25.0843
24.8120
25.5603
25.0542
25.3466
24.9669
24.0763
24.8246
25.2248
25.0756
24.0187
24.6974
24.6290
25.4620
24.3814
25.0216
25.3801
24.2872
25.4886
24.9463
24.9639
23.2799
24.4776
24.6778
24.2226
24.6691
23.2249
24.7919
25.0780
25.0879
23.7687
25.1212
24.0666
24.0294
24.6239
24.7871
23.7053
25.4282
24.3779
23.2663
23.1240
24.0011
23.3372
22.7790
24.7229
23.3573
23.8401
23.6523
23.7340
22.8006
23.1839
24.4374
23.6245
22.5593
22.5946
22.6439
23.0200
23.3827
22.0383
23.8825
24.4136
24.0924
24.2100
23.6449
22.9930
23.2066
22.4127
22.1985
23.0583
23.0010
22.9753
22.9406
22.7332
22.9539
21.4605
22.1644
23.1127
22.5460
23.7448
22.9253
23.1828
23.8636
23.1155
24.2437
24.5585
22.6267
22.5892
23.3268
23.8639
24.3621
23.8615
22.9031
23.4369
24.1191
24.1485
25.2062
24.2958
23.8891
24.3814
23.8620
23.9784
24.0786
23.7767
22.5815
24.1642
23.2734
23.3690
23.0989
22.9914
22.7774
23.0499
23.4458
22.2162
22.5950
21.5807
21.7630
20.3829
21.1575
20.7509
21.5829
19.8907
21.6859
21.0165
21.0772
20.4271
20.7436
20.9040
21.9304
21.7782
21.9799
21.4459
21.5160
20.1325
20.6269
20.6571
20.9964
22.3658
21.9566
22.0513
21.8029
21.9367
20.2655
19.8461
21.4351
21.3500
21.5823
20.6993
21.1585
21.9799
22.3939
21.7802
21.9271
21.5600
21.3212
22.4341
22.8257
21.4125
21.7240
22.2186
22.8461
22.2808
21.5542
22.0053
22.2043
23.2519
22.3570
21.7691
21.4735
20.9096
20.4720
22.0001
20.9907
21.4626
20.7039
21.1041
22.0725
23.0700
22.4328
21.8420
21.5415
22.3028
22.1985
21.5591
22.2333
22.4195
22.0063
20.1985
20.0006
19.9201
20.8481
20.4233
20.5256
20.2965
20.5180
21.0013
20.6050
20.7191
19.9641
21.0554
22.0458
20.3714
20.2427
21.0582
21.5053
21.2191
22.3669
22.6700
20.5402
21.1766
21.7432
21.1429
20.9588
21.0602
21.5081
22.8682
21.1672
22.6495
21.9252
21.8012
22.5590
21.9680
21.4955
21.9683
22.0719
22.1876
21.8382
21.9182
21.4888
21.1152
21.9658
21.6193
21.9160
21.8702
21.8534
20.7819
21.9920
21.4302
23.0992
22.2097
21.7920
21.1446
21.9766
22.2435
21.5376
21.6890
22.2033
21.2958
20.0621
21.6228
20.8476
20.6660
21.0570
20.3011
21.7330
22.1295
20.7526
21.0273
20.3355
21.0740
20.0942
19.4105
19.0361
19.1439
18.3512
18.3359
19.1935
19.5746
19.0326
19.2169
19.1595
19.4654
19.5540
20.2940
20.2704
20.8824
20.7276
20.9247
20.8961
20.6872
19.9385
20.8814
20.5837
21.3865
19.8453
21.1247
21.2946
20.7777
21.4991
20.4518
20.3890
21.8813
21.8757
20.1118
20.2673
20.2305
22.4815
22.1784
20.1037
19.8254
20.4154
20.5850
19.8964
20.3659
20.5868
20.3011
20.1104
21.2861
20.8060
20.4325
21.0981
20.6659
21.4560
20.8563
21.6829
21.5421
20.4478
20.5478
20.6483
20.1112
20.0580
20.8229
21.2875
19.4907
20.6323
22.0610
21.1735
22.0545
21.2869
20.0261
21.1526
20.3197
20.6092
20.9095
21.0703
20.2860
21.1941
20.4090
20.5221
20.8607
21.0698
19.0034
19.5769
19.1777
19.3238
20.6107
20.7284
20.5946
20.0074
20.7875
20.1396
20.0445
20.0185
19.9155
20.2649
18.4041
19.8531
20.3130
20.2994
20.4889
19.5138
20.7670
19.9030
20.3639
20.5821
20.3643
20.7537
19.7988
20.4591
20.1805
20.9343
20.4302
19.5775
20.0733
19.5541
20.5241
20.8721
21.1184
20.8689
20.8249
20.3664
20.2862
20.9010
20.3463
20.4876
20.0693
19.3349
19.8168
20.0660
21.4348
21.2741
21.1913
21.7914
20.3870
20.5329
20.5896
19.8031
20.8429
21.8930
20.8601
20.3678
20.5672
22.9807
21.8447
21.0511
20.6616
22.2042
21.3913
20.3809
20.9080
20.5763
20.8838
21.3367
21.8555
20.7679
20.5778
20.6766
21.0702
20.3532
20.9378
21.9551
21.0931
21.5960
21.1777
21.7043
20.2349
21.3936
21.0217
21.5292
20.4942
20.4232
20.6607
19.3680
20.7197
19.9790
19.8355
20.6580
20.3803
20.7475
20.0396
20.7224
21.7063
20.1910
21.3530
20.9282
20.6850
20.2044
20.2577
20.7879
20.6869
21.1790
20.9539
21.2516
20.8947
21.6300
21.1722
22.0018
21.6477
22.8888
21.7531
21.7375
21.2881
21.3571
21.4432
21.1946
20.8069
21.5129
21.1541
20.5817
20.6412
20.4132
20.5605
20.1234
19.9983
21.3167
21.0038
21.0059
21.2687
21.6279
20.9397
21.4186
20.6120
20.8578
21.3894
21.5858
21.5713
21.9154
20.9060
21.2930
22.4797
