71.3991
71.0427
72.3001
71.4237
73.2139
72.5897
71.8311
72.3736
73.4429
73.7698
73.1759
73.3566
73.3552
71.7277
71.3468
73.1473
72.3496
72.8342
69.5000
70.9486
70.7886
72.8341
72.1278
72.8698
71.9028
74.4977
75.0544
76.5630
77.1012
76.3019
78.4257
76.3597
77.9219
78.4657
79.5728
80.3787
79.1209
78.5184
78.0384
79.3343
79.4487
80.4591
78.7529
80.3185
80.3037
81.2253
79.9851
79.5414
78.6496
79.7091
80.1195
78.5415
79.3035
79.3248
78.1400
77.3601
76.4416
77.9043
76.5058
77.8053
76.9540
79.1587
80.0697
78.7404
77.6695
78.0834
76.9445
76.9104
76.0595
75.4127
74.5010
76.8634
76.7190
74.8971
75.6683
73.4022
73.2226
73.9125
74.6856
73.5590
73.8298
74.3024
74.1069
75.9543
74.8500
74.0612
74.2520
72.9494
72.8138
71.0113
71.6631
71.7823
72.8088
73.1437
74.2345
74.1826
74.9303
75.3279
76.5036
75.9484
76.9062
76.8821
78.0492
78.4470
77.2272
76.8457
74.6600
75.4715
75.4988
74.4955
74.7508
74.3050
74.5220
73.8359
72.2491
73.0380
73.7277
74.7177
74.2518
73.5466
73.1014
73.9388
72.4008
74.9433
75.2701
75.5349
75.2656
76.0039
76.6145
76.5596
76.4697
76.8146
75.2169
74.1103
75.2564
75.0823
76.5458
75.8681
75.2511
76.9759
77.6893
74.2562
73.8567
74.6125
73.7980
73.9640
73.9732
72.5429
72.9889
74.8484
75.1058
76.0374
76.4360
78.6697
77.2547
75.4109
77.5995
75.5868
76.4423
76.9157
75.1471
78.8309
78.5408
77.7171
78.5318
76.3946
76.6129
77.5336
77.0705
76.8964
77.5102
75.4850
77.3970
78.1755
77.1746
77.3901
77.2846
77.2968
76.1499
76.9527
76.6035
75.8997
75.6309
75.5474
75.9620
75.9467
76.1785
76.8099
77.1554
75.5222
74.9404
76.4387
76.6718
74.6043
75.5068
75.6177
76.0104
73.9535
74.9623
74.4384
75.0746
75.7586
73.7978
74.4344
74.4634
75.5920
73.0994
70.1846
71.8753
70.2051
68.9930
70.0348
69.2597
68.3986
69.0493
69.1569
69.0261
65.7516
66.9867
66.6610
68.8636
68.2052
69.0842
67.3070
66.8481
66.9065
66.8522
68.3715
67.9759
66.9364
67.3023
65.5932
66.2553
68.3797
68.9668
67.4865
68.3273
68.6677
68.3953
67.1255
65.9587
66.2174
68.5477
69.1527
67.4653
67.1564
67.3182
68.7896
67.4542
67.9295
67.7202
68.6887
68.6923
69.5777
69.9349
69.6798
69.8047
70.8065
70.5944
70.5071
70.1326
68.3803
68.4733
67.0608
67.2865
66.9587
65.7986
64.1047
65.5972
64.9414
64.7672
65.7631
64.4991
64.0126
63.6368
64.7356
64.7255
65.7141
65.8169
65.2733
65.6794
66.1646
65.8365
64.8001
65.6310
63.1231
64.6233
64.8841
66.2513
67.1530
66.3467
66.1053
65.2408
64.5219
65.1212
63.2637
63.8298
65.1858
64.5510
64.8736
63.0116
64.4952
66.4249
66.8011
66.3803
68.1081
66.4919
65.9466
66.6862
66.2855
66.5290
65.3452
64.0161
65.3546
66.2624
65.4639
65.9926
66.8273
67.0885
67.0943
66.8948
67.8305
67.7689
69.1415
67.4939
67.2356
66.8017
66.5876
67.7051
66.3858
67.4366
65.7108
66.9113
65.0415
65.5791
64.7767
64.8399
63.7266
63.5630
63.2187
64.2409
63.7503
61.8386
62.5000
61.7523
61.6336
62.0390
62.1099
63.3126
63.1288
63.5086
63.7998
63.4411
63.6411
64.6782
63.2144
63.6550
64.0235
63.3342
63.2863
64.6057
64.8903
65.0283
63.2128
63.1321
64.8250
65.5709
65.4574
65.3585
66.7312
66.8257
67.7300
65.9271
66.6142
64.0171
64.7976
66.4271
64.4388
65.5842
66.8509
65.5398
67.0825
66.8727
66.6646
66.9765
69.4256
69.1854
68.0248
67.6950
68.8209
67.0368
67.9375
68.4903
66.7851
67.0738
67.4551
66.5531
65.4394
68.1580
67.3463
66.1481
68.9693
66.8904
67.1776
68.4116
68.1224
68.9719
69.2553
68.4945
67.7027
67.5111
67.9802
68.2777
68.5379
70.0145
69.2669
69.5337
68.2902
68.8638
69.5954
69.5114
70.3115
69.5004
68.3599
69.7583
71.0822
72.1821
69.6133
71.2293
70.4262
70.4757
71.4411
71.2045
71.1695
71.6738
69.5665
70.6442
71.5288
71.2500
72.0859
70.7867
71.2016
71.0223
71.5333
72.3807
72.0584
71.7395
71.2096
71.5260
72.0669
70.9707
72.0231
72.2825
71.1025
71.9234
71.6505
71.2776
73.0419
72.3309
71.6315
70.3742
71.2024
71.7472
71.1009
71.4841
70.9900
71.9409
72.3689
73.3731
72.8206
72.3801
71.2346
71.0135
71.9546
71.3521
73.1429
74.1324
71.5090
72.3163
71.2046
72.1823
72.0158
71.7298
72.7929
71.8522
71.7437
71.9019
74.3858
75.0548
73.0955
74.5639
75.2821
75.5919
77.4824
79.1285
79.0586
77.2524
77.6982
76.2830
78.3486
77.6431
79.7509
78.0596
78.8603
78.8953
78.4119
79.0735
77.6494
77.4864
79.1287
76.3737
78.0798
77.6976
78.2017
79.4639
79.5128
78.8441
78.6528
79.3189
80.2423
80.6304
79.8284
79.4577
79.1767
77.6250
77.4492
76.1034
77.0529
79.2414
78.7714
79.2258
76.1172
75.6879
74.5856
73.9862
74.8274
74.8166
75.4554
75.2703
76.4804
77.1200
74.9881
76.0930
76.7171
77.6231
76.6466
76.6556
77.1903
77.2421
77.0937
76.3766
76.5703
76.6973
75.6907
74.8345
74.8118
73.4887
77.0338
75.3391
75.8649
74.7940
75.5392
78.1031
78.1212
79.5024
78.6044
79.3577
77.1327
76.7047
76.7423
76.0595
76.8072
77.7821
77.1811
75.2851
76.7935
75.7601
78.1746
76.8626
76.8679
76.4070
77.1574
75.2870
75.3180
74.4629
74.0766
76.0604
75.8803
75.6123
74.1635
75.6027
76.1180
74.7450
75.0077
75.8683
73.9921
74.0941
73.8085
72.5410
73.6305
74.5461
73.0417
73.0360
73.2020
72.1226
72.5415
71.5343
70.8635
71.4995
70.7108
70.6396
71.0279
71.6832
71.1909
70.9449
72.1287
70.7109
71.5549
70.6702
71.4056
71.5179
68.4744
68.9265
69.9247
70.0927
68.9769
69.1935
68.0689
68.3290
68.8620
68.3945
67.0404
68.2948
67.2360
67.6910
67.4277
68.1026
69.6004
68.8732
68.6501
70.0496
71.3568
70.7781
69.4587
71.0172
71.0724
72.7668
72.7681
73.7774
73.0975
73.7276
73.0703
73.7033
75.5312
76.1700
74.8099
74.8227
73.9111
71.7858
73.9079
74.0606
73.8290
69.9695
70.4454
72.3465
72.7037
72.1206
72.3135
70.4319
72.3808
71.2461
72.9307
73.0287
74.0255
72.6056
71.5450
71.0714
69.9870
71.7710
70.5298
70.3019
70.3957
71.4934
72.3823
70.8770
70.9774
71.2066
70.9237
67.9914
68.7921
68.9206
69.5376
69.1999
69.2404
69.3385
70.0159
71.2426
72.0280
71.8150
70.0375
69.3605
68.8061
67.4699
68.5061
66.8163
67.1288
67.0646
67.7791
65.8982
66.3913
65.4250
65.1382
64.6439
65.2603
64.0139
64.2456
64.4752
63.9544
66.0092
65.7324
65.7565
67.5458
66.4512
66.8890
67.8070
67.6884
66.7091
67.5918
69.1132
68.7966
69.2731
70.7878
69.9985
70.2198
69.0838
69.5423
69.3014
71.4081
69.3337
70.0837
71.3195
71.6311
71.4591
71.1542
71.9716
72.1609
71.2052
73.0197
71.4857
71.6530
71.6445
70.1668
69.7185
67.0411
67.9466
68.3692
67.7330
69.1348
68.7168
66.4267
67.4562
67.6823
66.1569
67.6453
69.0158
67.5505
69.3454
69.0325
68.6063
68.9447
69.5902
67.3459
68.3229
68.1120
69.9404
70.3761
68.3531
69.6839
68.1311
68.8632
68.6520
67.4446
67.1565
69.4957
68.5309
68.5410
69.7187
70.6786
70.1277
70.7611
70.1481
71.1204
69.5743
71.3673
70.1752
70.3808
69.8048
69.2865
68.6296
69.8165
69.3191
68.5312
68.1733
69.7626
68.6406
69.6492
69.4677
67.5183
70.3765
70.1795
71.2004
71.9280
71.2505
74.2371
73.8806
72.0315
73.7264
74.8669
74.4983
74.1939
74.6193
72.5685
73.1410
72.9493
72.9068
74.6438
74.3231
73.6661
73.9190
73.9124
73.2942
73.6136
73.6337
73.7894
71.7841
73.3932
74.0269
74.5006
73.6175
72.1428
71.2118
72.2402
71.9747
72.3378
72.8965
71.1589
71.8962
73.1616
72.5550
70.8705
71.0768
70.4572
71.0947
71.5960
72.2706
72.7217
70.6548
71.1248
72.0786
71.2313
72.1446
72.2841
70.8113
70.5545
73.1815
72.2354
74.7852
73.9309
73.6448
72.8803
72.8184
73.9334
72.8064
72.8299
73.7018
72.9088
70.9337
72.8349
72.7202
72.5050
73.0831
72.9707
73.5183
73.6344
73.1098
73.2948
73.7636
74.2919
74.7686
75.7515
75.3755
73.0431
72.6784
74.6503
75.5077
74.8207
75.6558
76.1781
76.6309
74.6214
74.6265
74.1400
74.1209
74.5083
76.7510
77.4004
78.3803
76.5278
75.7415
75.7143
75.5077
75.8143
77.7196
76.3081
75.2959
75.6405
75.9408
76.6134
76.7102
76.4198
75.7254
74.2765
73.9101
73.1285
72.4556
74.1317
73.4329
74.0275
72.7064
73.9281
73.0847
75.2113
75.9397
75.6573
76.7729
76.2449
77.4830
76.5665
76.6872
77.9953
75.7968
78.0295
77.4526
77.5589
75.3711
74.7077
78.0841
77.6801
78.0911
77.7216
76.8072
75.1551
75.5278
76.0794
75.1439
75.9229
75.8460
75.2810
73.8300
74.7812
75.6658
76.2250
74.8546
74.6196
74.0800
74.5905
75.8378
75.5385
75.6363
76.5379
75.4895
76.9229
75.7219
77.2833
77.4759
75.3384
76.0934
73.7582
75.9831
76.1857
78.1092
75.3838
74.8034
77.3079
76.6422
78.0869
77.2212
76.7953
75.9398
77.5955
75.8090
74.7352
74.8285
76.5395
75.4601
75.3127
75.3311
73.9411
72.2827
74.5781
71.4365
71.7302
70.9266
72.4715
71.6072
71.6785
71.6648
72.8285
73.8511
72.7260
72.5046
73.3475
72.9269
71.8938
71.8042
72.4204
70.6829
71.6196
71.0372
74.7563
73.1895
74.0537
73.5160
72.0596
70.8022
70.4626
71.2320
70.0693
69.7545
70.0785
71.0263
71.8427
72.4096
72.7436
72.1663
71.2267
71.5386
71.8027
71.1939
71.3547
71.7746
70.6327
71.9160
69.4955
69.5025
68.3568
69.7087
69.7417
68.8654
71.7579
72.1358
72.7535
73.3604
74.0023
73.5953
71.5073
71.0543
71.5187
71.6470
72.1066
72.3806
73.7977
74.3348
74.1970
73.7187
71.5912
70.2325
70.8494
70.6876
70.1838
70.2731
70.2152
71.2733
71.6699
71.7480
73.7488
71.7530
71.3535
71.1074
70.7701
71.8959
72.0667
70.3110
70.1415
68.8345
68.4945
67.6935
70.3962
70.9085
70.8276
72.0435
72.8995
71.9445
71.0438
69.7869
68.6074
69.4164
68.9934
71.5867
70.8215
72.0716
69.2794
69.6583
67.7989
68.3513
68.5144
67.9403
67.6621
69.6804
67.9862
70.7759
67.2731
66.6515
67.1452
67.9155
68.6691
67.9943
68.8923
65.9905
66.2024
68.1685
64.9467
67.5442
68.9804
66.3531
70.3644
69.4336
69.5058
69.1616
68.8955
68.3663
67.0088
68.4787
69.3617
69.0473
68.8144
70.6864
69.8220
69.6690
68.0145
69.1815
69.4068
69.6358
68.1151
70.1241
70.1718
69.4966
67.8362
70.5392
70.7148
69.7966
70.0046
70.5497
71.2988
70.5355
70.7228
69.4897
68.6922
68.2185
71.1945
68.4861
69.3279
72.0003
69.3865
70.4235
69.5279
70.7557
69.2460
68.4924
69.7368
70.4988
70.6892
71.1076
70.0784
71.6132
72.0139
71.5127
70.5090
70.6292
70.9542
71.4831
72.2719
73.3374
71.2529
70.0997
71.2985
72.8701
70.7406
70.2756
70.8787
69.8963
72.0931
70.2898
70.0961
71.6907
72.3055
71.7420
70.8982
70.4025
70.8446
70.6857
72.5972
71.9215
71.2021
70.8293
71.3963
71.5636
69.9136
71.2939
71.5324
73.3762
73.3370
72.5257
72.7564
73.8272
74.4884
74.0439
74.6554
71.9817
73.1117
72.0497
71.0455
70.0844
69.2921
70.5439
71.5665
69.4412
69.7379
71.8066
70.7558
68.9858
67.4788
70.4677
69.2631
67.8636
66.8781
67.3501
69.1167
68.7714
70.4433
68.3111
69.4546
70.2310
70.1198
71.4381
69.7369
70.2172
69.0507
69.4165
70.9253
70.1697
72.0326
73.9731
70.6969
72.5620
70.6525
70.2691
69.9484
70.6378
68.1559
70.8702
70.6168
70.2824
69.8915
70.4864
70.5730
69.3430
69.2196
68.4521
69.1843
70.1037
67.7674
66.9016
68.0935
67.4198
68.3310
67.2732
65.5844
65.9601
65.9870
66.4921
66.4850
65.9274
63.0905
62.8317
63.7636
63.9023
63.2134
64.5793
62.8891
63.6180
63.9339
62.8216
61.6795
62.0845
63.0343
62.1015
64.0401
63.6061
61.5424
62.1283
64.2059
62.7510
63.9550
64.0362
63.0260
64.3935
63.7612
63.2772
64.5198
64.1958
64.1268
64.4859
62.8444
63.1494
63.6206
64.8069
63.8153
63.8953
62.4582
63.5978
62.5057
62.4807
60.8961
58.6404
60.5346
61.4673
60.8889
61.3236
61.4132
61.5991
61.5338
61.8351
63.1700
63.5595
63.3685
62.6212
62.4284
62.1613
62.0181
62.3748
61.4570
60.6212
61.9595
60.7392
59.4091
59.9039
57.1490
58.4351
59.9216
58.2940
60.7688
60.1293
59.6559
56.8401
58.6952
57.0664
58.6987
61.0090
60.3980
59.1131
59.6568
59.1620
58.4479
59.5086
59.1060
60.5350
61.9009
61.3953
60.2746
59.7562
58.5881
59.6018
58.1018
56.9121
60.8118
59.0362
59.8125
58.2213
57.5487
57.0273
59.4145
58.4090
58.3668
58.2241
58.7413
59.8401
60.7543
62.3177
60.9793
60.7899
61.6450
60.9192
60.5732
61.7810
59.9171
61.7612
61.6682
62.6896
60.3223
60.1797
60.7048
59.4325
58.6324
60.9037
59.8078
58.5092
59.5098
59.0781
58.8191
59.0924
59.0144
59.6575
60.7715
61.8403
60.6487
60.0829
60.5098
59.5147
60.2573
59.1410
60.5125
60.1000
59.6540
58.6563
60.0927
61.3380
60.5150
61.4215
61.8231
60.5844
61.5168
61.5452
59.6223
62.2109
62.9455
62.8066
62.2529
59.9214
58.6608
59.6478
58.0190
58.8214
60.9554
61.5855
61.0679
62.8540
62.0349
62.9978
62.3632
61.1560
61.1260
61.3422
60.7966
62.8753
62.9574
64.2796
65.0949
64.0608
63.6483
64.5705
63.1158
64.0029
64.4769
64.7793
62.1609
61.9557
62.5135
64.1214
65.8612
65.3317
65.5108
65.5420
65.3509
65.2279
66.2733
66.5691
66.6395
66.9472
67.5343
66.3160
66.3501
66.8902
65.8787
67.4080
66.6641
66.5108
67.5793
69.9618
69.0254
69.0329
69.9061
70.4700
69.9469
69.8133
69.5860
68.9762
69.8501
69.8196
70.0356
70.8046
69.1185
68.9000
69.5125
69.3596
68.5143
68.8210
69.6612
67.3585
66.6036
66.4644
66.8801
68.9372
67.8547
67.1225
67.5338
67.3697
68.0299
68.2423
69.9314
69.4929
67.8767
70.3846
68.8522
71.5648
70.4029
69.5674
69.2792
69.6163
69.8055
70.0584
70.3758
69.3248
68.9248
69.8642
69.0451
69.8075
70.5356
70.0780
70.0453
68.8978
68.2706
68.0333
68.0552
68.4254
67.1198
67.1045
67.2346
67.0948
66.9098
67.5454
67.1092
69.2298
68.9534
69.6398
70.3663
70.4665
69.8093
71.7920
71.1462
71.5915
73.3501
72.0749
73.8697
73.1099
74.0553
75.7301
74.8313
75.9424
75.1294
74.1970
75.5082
73.8584
76.0475
75.1118
74.8179
76.7382
77.1818
78.1861
77.6692
77.4186
77.2904
77.9528
77.0339
76.6063
77.5864
77.6515
77.0515
77.0507
77.6580
75.7640
76.4434
78.2057
77.9543
77.3835
76.7522
77.8258
77.6350
76.6920
76.6324
77.1037
77.9840
79.4672
78.4142
77.5924
76.9416
77.5690
76.5006
76.5718
74.4535
74.4969
76.0599
74.6883
75.2145
73.5697
76.6060
76.5758
76.3287
74.7523
76.3010
76.6263
77.4399
77.4747
76.6541
75.1185
73.3755
73.2195
72.4451
72.6535
72.1368
73.1127
73.6220
75.0355
74.9297
73.1347
72.5847
72.6454
72.3191
70.7866
71.8036
70.3626
70.4864
71.6373
71.7988
72.1158
71.7108
72.7209
72.4378
72.2545
73.8892
73.8782
73.9514
74.4101
72.0870
73.7816
74.5569
74.8588
74.9824
75.5970
74.9623
75.6394
76.1285
75.0040
74.3442
74.9806
75.6936
76.3107
78.3164
77.2637
77.0802
76.4571
76.2567
75.0766
76.7539
75.5984
76.2074
77.3177
77.8605
77.8035
78.8675
76.6284
76.2249
77.5514
78.6489
77.6247
75.8709
76.4712
76.9127
75.6425
76.0421
77.4246
76.2502
76.6239
77.2395
76.3908
75.6863
76.7223
76.6515
77.4623
75.8248
76.5857
77.2309
77.0839
78.0928
77.9486
77.5998
77.2204
78.7295
78.6150
77.2550
76.3832
75.4355
76.4368
76.4689
76.8679
78.1439
79.3450
81.1298
80.8702
79.7844
79.7249
78.7197
81.0339
81.3039
80.2500
80.9504
79.9158
79.0109
77.2201
75.9736
75.8097
76.5308
76.2822
76.8874
76.8763
76.1896
76.5092
78.6481
77.0837
77.9154
76.4476
78.0173
76.7350
77.6721
73.9705
75.3693
74.7057
74.9589
74.9806
75.8858
74.9121
74.0679
74.2630
75.0500
76.5602
75.4416
74.7854
75.2106
76.2778
76.8054
76.0729
77.1569
76.3425
75.7471
77.7949
76.9021
78.0561
78.0689
78.4170
78.2779
77.6830
78.2796
80.5387
78.9758
79.3450
79.8252
79.4353
79.9061
81.5967
80.4972
80.9025
81.0905
81.7531
85.0358
83.4749
83.9200
84.0889
81.8764
81.1220
81.1603
80.5970
80.4772
80.2927
79.0989
78.4574
78.1518
76.1719
77.8382
76.3657
78.8126
76.5969
78.0713
78.1786
77.5014
79.0438
79.5787
79.2131
77.7822
77.7444
77.9536
78.4935
79.8896
77.8648
77.6815
77.5599
78.4004
77.2301
77.6942
79.0594
77.6437
79.5173
79.0646
79.6842
80.9285
79.6212
80.3107
81.2366
81.0841
80.7501
80.8165
79.7353
79.0453
81.4513
80.3668
80.5437
79.3525
80.9905
81.2253
78.4343
77.6432
75.8257
75.3335
75.7413
77.2374
75.8240
75.4111
77.1056
77.2538
77.9012
78.6710
78.5582
78.3111
76.6117
76.2887
72.4193
73.1968
73.4113
72.6436
74.1313
74.8643
74.8327
72.6289
74.1455
73.6071
77.0110
74.8546
76.2202
76.7742
77.1323
78.2225
76.9604
77.3562
77.5747
78.0484
77.2366
74.8989
77.0143
75.1072
75.1299
74.6168
75.5573
76.8958
74.7006
75.0147
74.3098
75.7633
75.3606
75.8320
75.5385
75.1104
73.3672
73.6973
75.0180
77.4024
77.2568
75.3706
76.3926
77.7220
75.5818
76.1409
76.3876
75.3623
77.0955
75.4265
75.5684
75.3056
75.5540
76.2984
75.8528
76.4800
76.9056
74.3665
75.8178
74.0533
74.7156
74.6486
76.0942
76.1330
74.3896
73.6288
75.6671
75.5688
75.2998
75.4523
77.0426
73.7085
71.9389
73.2039
73.0852
73.1400
74.1973
75.7451
75.0278
74.0975
73.8714
74.1611
74.0692
73.4697
74.3250
72.1938
73.2346
71.5224
70.8950
71.1544
70.7376
73.0469
70.2600
71.6162
70.7690
70.7998
73.7538
72.1339
73.0557
74.9916
72.6676
73.6251
73.1195
74.6043
73.6012
73.3859
71.3736
71.0208
70.2772
69.5779
69.6564
69.9109
70.0845
70.0411
70.1581
71.9606
70.8942
69.4300
71.5827
72.7652
71.7183
71.7164
70.9070
71.7750
72.6513
72.3582
72.2424
73.0743
72.6499
70.9909
70.6111
71.5365
70.7313
70.4158
70.5079
71.4594
69.8866
69.7220
67.5606
68.7963
68.9835
67.1105
68.2907
66.4286
66.7961
68.6279
67.4121
66.2634
66.8208
67.2611
67.1247
66.7864
66.1133
65.7127
67.5932
66.8677
66.6297
66.0783
65.1351
65.3904
64.8407
64.7661
66.0796
66.0390
65.9834
65.4541
65.3551
65.6277
64.8717
65.2985
65.2189
65.3564
63.8334
64.8669
64.6992
63.6567
65.1525
64.7365
65.0127
64.2491
64.3881
65.4891
65.1308
63.2651
62.0805
62.6510
61.0139
60.4936
60.1817
60.7830
59.8238
60.0464
60.4553
62.0605
60.9954
62.8380
62.2930
62.9274
61.5541
62.2724
61.9525
60.8279
62.1441
61.7203
62.0165
62.2657
61.8232
62.6201
62.4086
63.7205
61.9821
61.5457
62.2691
62.9857
63.0523
62.2624
63.2928
61.0577
61.2873
59.8705
59.7229
60.1027
60.5672
61.1076
58.0630
59.1420
57.4647
56.5326
58.6485
58.4333
59.4563
59.4895
57.2002
58.5420
59.8754
59.2002
60.0399
59.4431
58.2332
57.6899
58.3998
58.5694
58.7968
57.5104
58.3158
58.1703
56.8154
57.5828
59.6355
59.1869
58.5318
57.2790
59.7845
61.0708
59.5858
59.7405
61.1640
60.5515
60.7392
60.8760
61.1075
57.9941
58.2132
56.2151
57.3258
57.6618
59.2972
58.2424
56.8324
56.7978
56.9043
57.3831
57.1653
55.9482
56.2652
57.2099
57.1132
56.3823
57.7233
58.0389
57.3701
58.4499
59.9505
59.0988
58.4852
58.3979
58.1424
58.7863
58.2715
59.2197
58.4162
58.1857
57.9961
58.0446
59.8430
60.2407
60.1356
60.1469
60.2094
60.3950
59.0831
59.1483
58.9675
58.9889
60.1466
59.8853
58.7672
59.0314
60.4768
58.4742
60.1758
59.3888
58.9237
57.9765
59.6727
58.1459
57.8428
56.2000
54.9040
53.9719
54.8110
55.0188
57.1227
56.6706
55.2070
55.2802
55.2140
56.8902
57.1826
57.6129
57.1253
55.2920
55.7759
55.6514
55.4864
55.1528
55.9661
55.4370
55.9132
54.9837
55.1255
53.6200
53.1729
53.3721
55.2664
54.9581
54.9958
54.2875
53.3917
53.8830
52.5648
53.8436
54.3281
53.8887
53.2689
52.8655
54.2842
54.9547
54.4511
55.5486
55.1630
55.4956
54.8892
55.1624
55.3831
55.0348
56.5454
57.7397
57.6905
57.3215
56.7670
55.7743
56.5622
57.5231
57.8529
58.5926
58.6726
59.4694
57.5141
58.9431
57.3401
58.8656
59.1198
57.7236
58.7458
57.4216
57.5526
57.9740
57.9354
56.4526
57.4275
56.3970
57.4468
58.3419
57.9095
58.0223
56.1951
56.7427
56.5509
58.8772
58.6034
57.5808
56.7326
58.3658
57.9050
57.5894
56.4310
55.8454
55.4191
56.2682
56.4820
56.9988
57.4415
56.5686
55.5598
56.9041
58.2127
58.8490
58.2998
58.7406
58.6987
57.6230
56.8423
56.8202
56.9903
58.3269
57.1569
57.8681
58.7913
60.3544
58.6459
58.7905
58.3129
59.2609
58.1816
58.1923
59.4099
59.2801
57.8652
58.9626
57.4970
58.5646
56.9579
58.7996
59.3235
56.3555
57.1808
58.7613
57.0861
57.0442
55.3742
55.1346
55.7701
56.3661
55.5443
54.8283
55.1771
54.2720
55.3702
55.4862
55.0463
54.4762
55.8788
56.3955
55.1594
55.3927
54.4768
54.4325
55.1089
54.2570
53.2277
55.0197
56.2109
55.8706
55.7870
56.3979
56.0193
55.2088
54.3023
53.8286
53.1108
52.1052
53.1106
55.2975
54.9777
54.7915
55.2816
55.2712
55.9792
54.7530
54.9299
54.8028
55.7108
54.1956
54.6538
54.8677
55.3931
54.2897
53.1410
52.2617
51.8095
52.3917
52.0668
54.1173
55.2057
55.4897
53.8874
54.7533
54.1105
54.4339
55.4707
55.2212
53.4963
54.1457
55.4652
53.2853
53.3725
53.8270
53.7197
53.7993
52.1668
52.8650
51.5989
52.2577
51.6241
51.8498
51.2832
52.8901
50.6988
50.5738
50.1383
51.4880
52.7126
51.2702
52.2247
52.6837
52.5623
52.7966
52.8875
51.3089
52.9942
53.3534
52.9098
52.1582
52.5908
53.2436
53.6960
53.1030
53.3196
52.0866
52.8613
52.8415
53.2142
51.6797
51.2792
52.3578
51.3754
51.3486
52.3239
52.0095
53.5066
53.3772
53.7301
54.6897
55.5704
57.0667
55.9291
56.7292
56.1940
55.5315
55.6050
55.4583
55.2871
54.0358
54.6933
54.9321
55.1333
55.6771
55.0872
56.7625
56.4880
56.2772
55.4269
55.0602
55.9923
56.8243
55.6372
56.6949
53.6282
54.6294
56.2250
57.3516
57.3456
57.1707
57.2483
56.9497
56.2290
55.2715
55.3320
54.7410
56.4794
56.1463
56.0974
56.1560
55.5200
55.4307
57.2639
57.8342
56.4161
56.3706
57.6310
55.8117
55.9193
56.4868
53.9631
55.4185
55.4145
55.2840
54.6932
53.8648
53.3325
53.1019
52.9027
53.2571
52.6855
52.4040
53.8476
53.9769
55.0198
55.6109
54.5791
55.8582
54.7471
56.0445
54.7358
52.8709
54.4050
55.0333
54.7685
54.8302
54.2287
54.2676
53.8477
53.1540
53.4356
53.6786
53.9838
52.0977
51.7868
52.4951
53.8047
54.6516
52.9861
53.1473
53.4623
53.3216
52.7597
53.1525
52.1079
51.9209
52.5082
52.4424
54.7270
53.8316
51.4712
52.5952
52.9892
53.3744
52.7545
52.5831
51.6279
51.5690
50.4167
49.5461
50.6193
50.5817
52.8279
52.6422
50.7048
51.8924
50.5375
52.2571
51.4967
52.4723
51.0254
50.0770
50.0124
49.7112
50.7873
51.0043
50.2234
49.7105
50.2696
49.5401
50.7821
49.5601
50.8283
51.2731
52.1989
53.0964
51.5709
51.2558
51.3659
52.5843
51.9946
50.4341
53.2781
51.5845
51.1182
51.5786
49.7070
51.1329
51.6331
51.6603
52.3246
52.9596
52.6255
51.9970
52.3524
52.2228
51.7634
51.4420
51.5833
51.4928
53.6686
51.3525
50.5588
51.7165
51.5945
51.0519
53.6220
53.9230
52.9037
54.0712
51.8578
52.2969
52.1082
51.2766
51.7063
51.3250
51.4631
51.1505
50.4686
50.6259
51.7063
52.5302
51.9316
51.5481
51.9135
51.9189
52.7521
52.2292
52.9212
52.6210
51.7446
50.9554
51.1183
52.2605
50.8773
51.4006
50.6483
51.2983
53.0553
54.5077
54.8724
54.2324
54.5015
54.4734
53.6965
55.7628
55.6837
54.2517
55.7295
53.8546
53.9844
56.0847
56.2507
53.2327
53.4736
53.0848
52.0900
51.9852
52.8375
52.5747
51.8439
51.4560
51.9037
50.7775
51.2149
52.5247
51.3321
53.7578
52.4639
54.4374
53.2710
53.5377
53.7400
52.9742
52.5147
52.9679
52.4260
53.3504
52.4879
53.1634
54.3422
54.7845
55.0303
55.9570
56.0419
53.6315
56.5153
56.0212
54.1596
53.6491
53.1565
53.6945
55.8595
53.9708
53.3751
54.8097
53.8961
54.8728
54.1182
54.9907
54.9193
55.4033
55.3098
56.1728
57.7624
57.4826
56.2224
55.6058
54.6929
53.5656
54.4877
54.3375
54.1902
53.7798
54.1220
55.1836
54.6507
54.2711
54.7837
54.0996
54.5644
53.5300
54.0908
54.3301
52.2983
53.5696
52.7789
54.0171
53.1979
52.8108
53.2832
52.3197
51.7136
52.6862
51.7641
52.7371
54.6325
53.8144
54.3750
52.2810
52.9365
51.1031
52.9733
52.0283
51.5393
51.4825
52.0066
50.4273
51.5071
50.9773
51.0000
51.3974
51.1542
51.9990
51.4527
51.8495
51.8433
49.9339
50.7875
50.9846
49.6143
50.9523
51.0320
50.1612
50.8786
53.0096
51.3947
51.4726
51.2955
50.2761
50.3187
51.1354
52.3065
53.9994
52.7931
53.8352
52.0518
51.6456
51.6322
52.7168
52.2921
52.0635
50.6023
51.4975
51.3538
50.9509
50.2414
50.7380
49.6627
50.5907
50.6213
51.5756
51.2268
50.3544
51.9194
51.4563
50.1873
52.0763
50.3312
51.1546
50.6546
50.4361
50.0319
49.0908
49.6506
50.6383
50.2805
49.7381
50.2338
50.2609
49.5572
49.7740
49.6086
48.1572
49.3400
50.8079
49.4598
50.0759
51.1134
50.2892
50.2382
49.7613
50.3634
50.6492
49.1233
48.9543
49.0393
50.0418
51.6085
51.4003
52.1459
52.3813
52.0629
52.2289
51.6955
51.8606
52.1087
53.4559
53.0443
54.2133
57.0292
56.4273
55.6763
54.5075
54.9973
55.4079
55.1023
53.6469
54.9790
56.0130
55.9145
53.3081
53.7517
54.7676
54.2898
54.1087
54.6902
54.8211
54.6225
52.3866
53.3900
52.8931
53.0248
54.1194
54.1334
53.9928
53.6511
52.0092
52.9855
52.6774
52.2920
52.3910
51.7927
51.2530
52.8964
52.7701
50.5476
50.4631
51.9313
51.3378
52.1069
52.8366
54.2402
52.9218
52.8225
53.6853
53.3334
52.8643
54.4834
53.1195
54.6385
52.9243
53.5598
54.9071
53.2089
52.9310
52.0499
53.4216
54.4315
53.9008
53.7889
53.8200
54.0650
54.4596
53.7900
53.8366
52.0343
53.0097
52.8390
54.6871
56.4727
56.6525
55.8041
58.6052
58.8428
57.6748
57.7868
58.1363
58.0671
57.8437
57.7725
57.5971
57.7478
57.4448
57.3858
56.4861
56.6250
58.5627
56.8630
58.5309
57.7736
58.9950
58.7189
58.0980
57.7514
57.7859
56.8493
57.8920
56.1919
57.2306
56.1824
55.5768
54.5597
53.7464
54.9352
55.8514
56.5977
55.7441
53.7547
54.4957
54.3987
54.0915
52.8560
53.5298
55.4075
56.6971
55.6607
54.3781
54.4679
54.3597
53.1725
51.6277
52.0479
53.1207
53.3949
51.6605
52.1542
53.8890
53.4149
54.1168
52.8282
52.9625
52.9788
53.6885
54.7541
54.9611
56.3222
54.6541
54.8997
54.2828
53.4458
53.4291
53.6002
54.0729
54.0427
53.2191
53.4629
54.0938
53.9913
54.6028
54.4655
54.8517
53.6661
51.2953
52.4572
52.0312
51.9156
51.9697
51.3752
51.4262
50.5799
50.9611
53.1699
51.8335
52.5752
52.7706
53.0819
52.5965
51.8486
52.7572
53.5906
52.8123
52.5629
54.4350
55.0402
54.3166
55.1869
54.0030
54.3979
54.7081
55.6961
54.9892
55.8038
56.1021
55.3768
53.3637
53.4077
53.5118
52.9047
53.6426
56.3283
55.0732
55.2816
54.6404
53.7726
54.0785
53.2305
53.8909
54.5563
54.4126
55.3140
53.9786
53.7936
52.8967
53.1635
51.5097
52.3403
54.9570
53.6132
53.1142
53.8978
54.7802
53.5811
53.2093
54.3613
53.4174
54.7648
53.0581
53.6970
53.5969
54.0839
53.6672
52.2333
52.9801
53.3437
50.7976
51.8688
52.4627
54.1550
56.5348
57.1601
56.0980
56.1209
55.5326
55.5504
55.5125
54.4356
54.6690
54.4212
55.4013
56.2906
56.8187
57.0064
56.2234
54.7019
55.6535
55.1267
56.6260
56.0622
57.1893
55.5878
57.5788
57.9366
59.1598
57.3303
57.8099
58.3899
57.8333
57.3820
57.8724
56.9316
56.7298
55.7281
55.6645
57.0452
56.1009
55.8215
55.9016
56.3194
55.8338
56.1276
56.1750
56.2944
55.6125
56.0235
56.1720
56.5571
56.1036
56.5695
56.5041
57.5298
59.7759
59.1870
58.8454
58.9806
58.0165
57.4756
55.9744
56.2732
57.4983
56.7249
58.4018
58.5179
58.0251
58.4674
58.8236
57.4681
57.8144
57.9865
57.1375
56.5698
57.2126
58.5605
59.4511
58.7444
58.1438
57.2418
57.9052
58.7146
58.5338
58.3457
57.7038
58.1753
58.5059
58.0412
57.2342
58.4704
57.4226
57.8058
56.2581
58.0903
56.6168
56.7235
55.5761
57.2636
55.8930
54.3558
55.1190
54.7768
53.9833
54.4376
56.5155
56.0750
56.5081
56.9543
56.1540
57.2856
55.9469
55.8687
55.4141
57.5656
56.3449
56.0342
57.6991
56.7004
58.2209
58.1212
57.2796
57.7663
56.2571
57.2546
56.5079
55.4452
55.1407
55.7539
55.9602
56.3798
57.5960
56.6314
57.7342
57.8027
57.3080
57.5295
55.6245
54.3441
53.8311
54.4216
55.1165
55.2684
53.9904
56.8570
54.5032
56.8331
58.0350
58.9413
59.0903
57.8558
58.1242
56.6228
57.8029
59.4990
60.1433
58.8637
58.2573
58.7317
57.7565
57.2504
57.1695
57.4306
56.6958
57.8470
58.1235
57.4976
57.1382
58.4784
58.2706
58.9670
59.7112
60.4234
59.4366
56.6887
56.4520
57.0696
56.1474
56.6296
56.1289
55.8432
55.1371
54.6811
56.4751
55.9354
56.0995
57.8556
57.6878
57.1471
57.1692
57.8457
56.9691
57.8737
58.0512
57.4390
57.1311
60.3452
59.0314
58.7677
59.6888
59.7823
60.6105
60.2137
61.6674
59.3420
59.1218
58.5818
58.1604
58.8631
60.3083
58.7422
58.9502
59.0184
58.5461
59.8882
59.8630
61.2334
61.3926
61.1340
62.4102
62.7973
62.4695
62.0217
60.7632
61.9068
61.7250
60.7458
60.0421
60.3228
59.3121
60.8230
61.0977
60.1509
59.6632
60.3768
61.3738
59.9363
61.3894
59.7018
60.0514
59.8768
61.9245
62.8772
61.7189
63.2412
62.6433
64.1318
64.2173
63.6180
62.8607
63.9322
63.3441
63.0306
60.8727
61.3457
60.3958
59.7343
59.9159
62.7214
60.3472
60.8456
61.7795
59.8602
61.1618
60.7379
60.4939
59.9115
60.5426
60.6130
59.1002
59.7422
58.7847
58.5404
59.3007
58.0343
58.8254
58.0549
58.5007
57.3947
57.9932
57.8230
57.1294
59.2973
58.9985
59.5884
61.3073
61.3991
61.2713
60.9240
58.9566
59.9000
59.9781
60.6102
60.7847
60.3634
60.2105
60.7514
59.2117
59.2878
61.0056
59.9561
59.6115
59.1144
59.1844
60.2095
59.6685
59.1531
59.0377
57.6577
58.9296
59.4769
58.3966
59.3224
59.7979
59.5733
59.5566
58.5557
60.3504
59.6631
58.4954
59.3225
60.2979
59.6710
59.7740
59.6543
59.5635
59.9367
58.1361
56.5073
58.3039
59.1048
58.1376
57.8506
57.7020
58.1616
59.8365
58.4510
58.0351
55.9265
57.1390
56.4387
57.1938
56.8652
57.6866
56.1340
56.2774
54.8441
56.6499
57.1157
57.0049
57.2624
57.2809
57.1795
55.4720
57.2199
57.9948
57.4321
57.4698
58.4885
57.9490
58.9892
58.1412
57.7871
59.1741
56.5950
56.9016
55.7398
56.6796
57.0297
56.8281
56.3536
57.8689
57.4049
57.3487
55.4847
55.6355
56.9642
55.8033
57.8932
55.9543
57.1491
56.6538
58.0900
59.0409
59.0336
58.4200
57.9478
57.8877
56.8797
57.0730
56.6182
57.2523
58.2478
58.1496
57.0037
58.4335
60.0391
60.4275
58.4584
58.6001
57.9099
58.0458
58.4597
60.6592
60.7478
59.3123
59.2079
61.3606
59.4124
59.2522
58.2525
59.8544
61.0013
59.8465
59.6926
58.5903
60.6412
59.5098
58.9239
59.3392
59.4808
59.6904
59.9642
58.5933
58.4474
60.6000
59.2912
59.1494
58.6628
58.5297
58.3506
58.6578
57.7018
58.5502
58.2477
58.8341
57.8778
58.5928
58.7649
57.5215
59.8959
58.9604
58.6249
56.5561
56.9983
56.6202
57.2596
55.7441
55.3520
54.3323
54.9777
53.7515
56.0764
55.9062
56.5544
55.8022
55.1584
54.7898
52.1169
52.5935
52.9473
52.3081
52.3971
51.3489
51.8737
51.9183
52.3814
52.7623
51.7134
54.3868
53.4150
53.0360
53.5920
52.3314
53.3549
53.8667
53.5776
52.9356
52.7586
53.5328
54.1027
54.2190
53.0071
51.6960
51.8297
50.6127
51.4827
52.4525
55.1669
54.0365
55.0197
54.2718
52.6777
53.4306
52.3283
53.2219
54.2416
53.2404
53.7749
53.4570
55.1213
55.1007
55.9044
55.3861
55.4181
56.7790
57.5600
57.3334
57.4806
58.3974
57.3420
56.6591
56.3257
56.8819
56.8753
55.4570
53.7698
55.3130
54.9529
55.4469
56.0100
55.8163
56.2639
54.3866
54.4426
53.1866
52.9586
53.6944
54.7895
53.4741
53.2390
52.4018
53.4843
53.3546
52.6403
53.2413
53.9856
53.3094
54.3711
55.4776
54.4322
53.6263
53.1674
54.2739
54.3214
56.3210
56.1320
54.7821
55.0504
54.7941
53.6505
53.7830
55.4633
54.4552
55.2077
55.7389
54.0815
53.7150
54.2933
53.3833
55.4231
53.6369
54.4941
53.1303
52.5787
52.1228
53.8575
51.9653
54.0792
51.0757
52.0155
51.7266
52.7512
53.1150
50.1127
52.5040
51.2442
52.6030
51.3913
51.1678
51.4718
50.4133
50.9211
52.7647
52.5856
52.1795
51.5805
51.0751
51.2659
51.4164
51.2376
51.6309
51.1382
52.0216
51.2798
51.0221
52.4780
51.6260
54.0332
52.2598
52.3415
53.3346
53.6866
52.7963
51.7381
51.4589
52.5637
52.7527
52.6115
54.0642
53.5908
53.6093
53.2201
53.2817
54.3672
54.4965
53.7419
53.0245
53.0568
52.6581
53.7978
52.8197
54.1635
55.3914
53.9242
52.5730
52.5333
52.1572
51.4539
51.4234
52.6752
53.2990
54.0077
53.4729
53.1732
51.8661
52.1265
54.9895
54.9384
52.9350
53.6881
53.0885
53.9760
53.0157
53.0909
53.6855
52.5835
52.9479
53.6631
53.2727
53.8596
52.6002
53.9256
53.0364
53.4483
54.8880
54.7883
53.8971
53.0750
53.2045
52.8742
52.8582
53.1368
51.6417
52.1331
50.9032
51.9084
52.4250
54.6452
54.3973
53.1834
52.7707
53.2770
56.1323
56.0581
56.3183
55.1297
55.7887
53.8725
55.6780
55.9929
56.3691
54.5248
53.0947
56.2414
54.5011
55.3920
53.8355
53.2660
53.8639
53.8608
52.7543
53.6770
56.0491
57.5663
54.5844
55.7384
56.1302
55.8268
54.9818
55.3705
53.3243
54.8228
54.7903
56.4605
55.5675
57.5022
56.5732
57.2329
55.4782
56.3325
57.0456
55.6984
54.4604
56.5513
56.0457
56.4841
54.7237
56.0901
56.0568
55.8411
56.3554
56.8037
54.5926
55.4866
55.9631
56.4683
56.2894
55.0092
54.5534
54.4308
53.9755
53.9272
54.1895
53.7929
55.4761
53.2957
54.1533
54.8174
55.2704
55.2504
55.7623
53.4126
53.4671
53.8160
53.3476
53.8365
52.1058
53.7369
51.9166
52.0078
53.1805
52.1911
52.4665
51.9742
52.1541
51.8977
52.4141
51.5702
51.8703
52.3325
52.1033
51.5002
52.4010
52.7125
52.0940
50.5367
51.7100
52.4891
52.2061
52.5410
51.7034
50.4143
50.6690
51.1440
51.0618
51.7182
51.7122
52.4260
50.9582
51.4249
52.8029
51.6749
50.7620
51.0570
50.0095
49.8678
50.1518
49.9602
49.3865
49.3326
49.4898
49.9929
49.3103
49.6527
49.1077
48.0188
47.4630
48.1245
49.1987
50.1178
49.5452
47.9819
50.3872
50.6511
51.0577
50.5791
51.3266
50.3463
49.3385
50.2330
51.1393
51.4879
50.4013
50.8922
51.7610
51.0705
53.2372
52.1624
51.0811
52.5575
49.9633
51.6963
52.1576
50.7336
51.0178
51.7153
51.0210
53.1134
52.0879
52.9548
53.5058
51.0377
50.0738
50.5031
52.1302
52.5648
52.5072
52.3813
52.9473
53.2902
52.3091
52.9234
53.0370
52.9777
54.7886
53.4963
53.1965
54.5114
53.4139
54.2994
54.6676
54.3236
52.8036
52.5470
52.8395
53.0376
53.5778
54.5664
55.6284
54.6609
54.3731
55.2563
55.2107
54.5506
54.9408
55.7837
54.2346
54.1749
55.9931
55.7699
56.7841
55.1411
54.5392
55.1973
55.4922
53.6526
53.3909
53.5673
54.8523
54.0602
52.9687
54.3016
53.7630
52.2526
54.3041
55.4398
55.1560
53.2773
54.7862
54.4279
55.6202
54.4859
55.4020
54.6737
54.5147
55.9595
54.7927
54.2341
54.3172
54.0716
53.6743
53.7890
54.4465
54.7632
54.2546
54.3536
55.9282
53.8202
56.0255
56.8036
58.1110
58.4429
57.3132
55.9263
56.3506
56.7072
57.9950
58.3676
57.8703
57.1403
58.4909
57.6638
57.8020
58.5769
58.3349
59.7960
59.8041
60.1034
60.6496
60.9693
59.1579
58.2592
58.9177
59.1627
57.3549
59.8448
60.7735
60.6896
59.9423
58.7198
59.4283
59.6041
59.4963
60.9775
61.4076
59.0754
58.8722
59.3874
60.4705
58.9376
60.3855
60.6650
60.2254
59.2898
60.8415
60.4684
59.2562
60.0247
58.2317
59.5270
59.1378
60.8928
61.9970
62.7156
62.0234
61.6067
60.7395
62.2358
62.2091
61.9615
61.7743
62.8355
62.4352
61.6726
61.6550
61.8400
60.5354
60.7838
59.8567
60.3810
60.4061
59.0762
59.7635
60.1833
59.0540
58.7986
58.2571
58.0998
59.3874
60.4176
59.6989
60.2355
61.0582
61.1771
59.9303
60.5129
61.3324
60.6464
61.0540
61.7828
62.1724
61.3318
61.3236
62.0380
61.1112
61.2049
60.0648
60.1201
59.8566
61.3029
61.4587
62.2360
61.0316
60.7969
60.7131
61.6150
62.0346
60.6108
59.8473
61.2591
61.4191
60.7699
59.6838
60.1232
57.8783
58.0492
59.2248
58.2544
58.5629
58.2240
56.7293
56.4930
57.3443
57.6162
60.0272
60.0932
61.2134
60.7289
60.8112
61.3968
60.4686
59.2243
57.2442
57.2485
58.4705
58.1759
58.2079
57.4065
57.7478
57.2963
58.2849
58.1019
59.0689
58.3198
59.1279
58.0503
56.4509
56.6402
57.4879
56.9671
58.4321
58.9212
57.7403
57.8720
58.5507
58.5412
57.4562
57.5770
58.4635
58.7238
59.4261
59.2739
59.2598
58.8037
58.4851
57.9070
57.9832
58.7674
59.0057
59.7481
58.9127
61.3090
60.3745
59.2008
60.1181
59.1380
62.1243
60.6412
58.9819
59.6189
61.0347
58.2578
59.5458
60.0101
58.8470
58.6769
58.2812
59.3348
60.4134
61.0676
60.4245
58.2450
58.7389
59.5458
59.5587
59.4365
59.7606
60.2476
61.0468
60.2540
60.9769
61.6853
61.2064
59.8378
59.6040
58.5397
58.6707
58.5907
59.0279
61.2188
60.7545
60.3487
61.1379
61.0154
60.7632
62.4844
61.8295
63.1098
63.4139
62.6648
62.7436
63.5307
63.9643
62.0125
60.9607
60.7003
60.2171
59.0951
60.6587
61.4084
61.2821
61.9771
60.8682
61.0629
62.0737
60.1322
61.4534
62.0414
62.0885
63.6526
63.4294
62.2172
62.6261
61.2001
62.4479
63.9071
62.4265
62.9476
64.3416
63.5600
63.9776
64.7100
65.6049
66.0018
64.9634
64.0528
64.1070
63.7961
62.9126
64.3396
65.0799
62.8864
61.1616
62.1778
63.3662
63.7976
63.0052
63.0952
62.8520
63.9945
62.4267
63.1868
63.5945
65.1474
65.0331
66.0920
64.5387
63.1365
64.1304
64.8467
63.3836
63.4651
63.7347
65.0764
63.9658
64.9168
63.5687
65.2715
64.7672
62.9887
63.4752
62.2542
62.0372
62.6898
61.2648
61.5954
60.4174
64.3971
62.6975
62.8957
62.3966
62.6851
62.1892
61.2214
61.3028
60.6339
60.3243
60.3551
59.9956
59.4849
59.1520
58.1080
57.8394
58.3862
60.1945
60.1919
60.2375
59.6292
59.3066
61.4457
60.5740
60.6422
60.0465
59.2150
59.0283
59.3185
58.9625
57.8742
59.0643
58.9133
56.8245
57.5088
59.5800
59.6227
59.4592
58.2867
60.0584
59.0515
58.9056
59.5116
59.3808
58.3640
58.5982
59.5526
59.5691
58.6987
59.0621
59.1139
59.9699
58.4063
59.3402
59.6233
58.5106
58.9146
60.1388
60.2970
61.1649
62.4767
61.2735
60.5543
61.4328
60.7686
61.9647
60.5415
60.6256
61.8026
63.5722
62.7248
61.9875
62.1960
63.2121
63.3217
64.0294
65.1194
64.0849
66.4199
65.4922
65.7700
65.9795
66.1040
66.0503
66.1204
67.5172
68.0802
68.0163
67.7960
68.1036
67.2886
66.8626
66.0569
66.8214
67.6202
67.2569
65.5966
66.9333
66.8622
65.6066
65.8904
65.7498
66.9289
65.6850
65.4128
64.0916
65.8162
66.7560
67.1114
66.7313
64.3862
65.7254
64.6410
64.7563
63.5706
63.7584
65.7052
66.2648
65.3271
65.1326
66.0093
66.6665
66.8361
66.3409
66.5175
66.0532
65.5661
65.7114
64.7276
64.6033
64.6683
64.6747
63.2310
63.5107
65.0506
65.7059
67.5776
67.3683
67.2284
65.9682
65.5097
65.6806
65.6644
66.6432
66.0752
63.5084
64.3140
61.9581
63.7624
64.3781
64.8936
63.7880
64.7945
62.9046
63.5247
63.7645
63.0926
63.0259
63.0957
63.9114
63.8631
64.1083
66.3596
67.0029
66.2433
66.2516
65.5003
64.9708
65.0907
63.5647
64.0357
64.7384
64.8649
65.1033
63.7333
62.8547
63.5248
65.4888
65.2084
64.5159
64.6154
64.0771
64.5198
63.8194
63.1997
62.9160
60.5684
60.5114
59.6958
59.4933
60.3371
60.9924
61.7909
62.1597
63.4928
63.9412
62.5485
62.8038
63.1195
64.8364
64.9884
64.0493
64.3188
64.9897
65.3510
65.5404
64.5857
65.3381
64.5491
64.7966
63.1497
64.0770
63.8386
61.4271
61.3794
61.5248
60.5061
60.6663
61.0371
59.0077
59.8356
61.9899
61.2909
62.4481
62.4074
61.1750
61.8800
61.8480
62.0638
61.5308
61.9353
60.5226
59.5824
59.3607
59.4486
61.0344
60.2248
58.3566
58.0032
60.9719
59.7516
59.5592
60.0040
58.3968
59.9697
61.1137
62.0995
60.5255
60.9841
61.9753
63.3137
65.0139
63.8295
63.8160
62.6866
62.6879
62.0486
62.5593
62.4987
61.3847
62.4510
62.0484
61.7924
62.6254
60.0783
61.8404
61.5225
61.4334
61.0282
60.6635
61.1855
61.2666
62.1138
62.1120
59.1423
58.7210
58.0917
58.2600
58.3943
57.4539
55.8541
57.1645
58.9831
57.7957
59.2639
59.9455
58.2431
59.4727
58.7725
61.6502
59.9070
59.2921
59.2103
58.9854
59.3871
59.8873
61.8737
61.3200
59.9625
59.6991
60.3398
59.6661
59.7619
59.9965
60.8386
61.4426
59.5963
59.8157
59.5053
59.4274
61.5134
59.2604
58.8828
60.4562
60.7272
61.1353
58.8052
60.2393
59.7737
59.2568
58.1865
59.5220
58.6340
57.3660
57.8702
59.1532
59.0438
58.7651
59.4658
58.7835
58.9739
58.9397
59.1928
57.4099
58.6919
59.4071
60.7729
60.9261
60.1202
60.4126
59.2742
59.2849
59.7284
59.2593
59.2318
59.2367
59.2019
58.9419
59.9295
60.1788
60.3041
60.3403
61.4807
61.3591
60.5110
59.7789
59.6678
59.6877
59.8189
60.7005
60.1879
59.1778
57.5167
57.7781
57.3690
58.6174
58.6556
57.9224
60.5972
58.9349
59.3743
58.3467
58.1348
60.3710
58.5443
58.6705
57.0548
56.9758
55.3968
56.3855
56.7747
59.0474
57.8173
57.0856
56.0929
57.6156
56.4625
56.5674
55.1332
56.1751
56.0584
55.0773
57.8528
56.9771
56.1047
56.5059
56.3508
56.0575
56.5552
55.8635
56.7952
55.0621
55.7446
54.5784
55.4471
55.5848
54.3352
54.2936
54.1984
54.9345
55.2409
56.2665
55.1035
55.6800
54.2780
54.5951
54.3416
54.9559
54.7712
55.3794
54.9846
56.9118
56.5492
57.5545
56.0271
57.2489
57.1190
56.3976
57.4053
57.6456
57.4151
56.9963
56.4504
54.3345
53.7909
53.5075
54.3451
54.5817
54.9685
55.6493
55.7913
55.0054
53.2252
53.9600
52.4983
53.6242
54.7561
56.0702
54.5598
53.8189
54.0870
55.2785
53.7786
55.1858
55.9406
53.8719
53.6253
52.5047
51.9747
50.7606
52.6374
52.5419
51.9667
50.5835
50.9822
52.3010
52.5049
53.9822
51.4761
51.2947
51.6015
51.4032
50.3267
51.3996
52.3695
51.6721
53.0842
52.9223
53.0151
53.1469
52.4313
54.6488
53.7908
54.5259
54.1692
52.9199
53.2540
52.9256
52.4535
52.3470
53.4296
52.7462
52.3187
53.4802
53.6249
53.3100
53.9744
52.8017
54.3613
54.6310
54.5745
53.9264
54.4257
55.6556
56.5314
57.3189
57.7273
57.2759
57.9890
56.5497
57.3344
57.6927
57.2452
55.8512
57.4893
56.0621
55.9716
57.0680
55.9103
55.6647
54.9573
56.1144
54.5526
53.8895
54.6401
54.3140
55.4726
53.8683
55.3969
54.5213
56.2800
56.8183
56.9588
55.2187
54.9166
56.1472
56.8780
54.4464
53.7522
53.4285
52.8891
52.4614
53.6699
53.8066
54.0370
52.9231
54.2134
55.3413
54.9108
54.8872
54.3055
56.0825
55.8262
55.9398
54.2326
52.8174
51.8447
52.1512
51.5550
51.2026
51.3032
50.2106
51.0512
52.2419
52.5003
52.1209
52.5423
52.3127
51.2748
50.6134
50.8499
52.6305
53.2655
53.7609
52.6030
53.6364
51.8367
50.0244
50.8341
53.0890
52.9559
53.1764
53.3127
51.7142
51.6533
51.8985
52.3386
51.6106
53.2944
53.3470
53.7682
53.1208
51.8678
52.6339
51.5718
51.5207
51.6079
52.0230
50.9524
52.6595
51.7454
51.4981
51.2849
50.6533
50.4336
51.7022
51.5367
51.0750
50.8514
50.7839
51.4886
50.0489
49.4499
49.7603
50.6769
49.7896
50.4452
50.6519
49.8496
51.0219
51.3059
50.3607
50.1231
50.3833
50.6441
51.6835
49.4515
49.9688
49.2164
49.0562
48.3691
47.1687
47.1730
47.6667
47.6812
47.9727
46.6032
46.0843
45.9558
47.4485
46.9543
48.0842
46.7982
46.0953
47.1759
47.1206
46.5232
47.7406
46.3619
45.4467
44.2313
44.5579
44.4468
45.1802
44.0620
44.9059
44.7750
46.7433
46.9406
45.2107
47.6355
48.1388
47.0899
48.2793
49.4740
50.0809
50.8184
51.6677
49.7776
52.3259
50.2721
50.5916
50.7634
48.0927
47.9147
47.6717
47.3790
47.2847
46.9998
46.3056
45.7822
47.5904
47.8511
47.6964
49.7241
50.0810
51.9723
52.1325
51.0974
52.4316
50.1276
51.9770
51.2415
51.9201
51.8965
53.0175
52.8277
51.6801
53.4010
53.6809
52.5891
52.3241
53.0515
52.7204
52.1721
50.8416
50.9898
50.6300
53.6956
54.0581
52.7272
53.5907
53.5510
52.8142
51.2779
50.9628
52.4084
52.9915
52.3435
53.0976
52.0688
50.2086
49.2267
50.4924
49.4870
49.6671
49.4807
49.0414
48.7901
48.9970
48.7424
47.7368
47.6397
47.7220
48.2427
48.9202
47.6182
48.3211
48.1626
49.1774
48.0114
47.8969
46.6883
47.7468
47.8477
48.2074
49.4970
49.1545
