2.3481
2.3065
1.9407
2.1940
1.8924
2.2339
2.2018
1.7493
2.2082
2.1316
2.0080
2.0593
1.8133
1.9313
1.9948
2.1397
2.2350
2.2853
2.3646
2.0160
1.9993
2.2829
2.5314
2.5011
2.3566
2.4738
2.1492
2.5063
2.0773
2.3691
2.0637
2.1130
2.2555
2.2410
2.2100
2.1017
2.2197
2.0884
3.0066
2.5736
2.2655
2.2841
2.2984
2.0120
1.9980
1.9736
2.2205
1.7643
1.9399
2.0055
1.4225
1.6904
1.5019
1.7421
1.9820
1.3970
1.7383
1.5476
1.7739
1.7795
1.6702
2.0493
1.9182
2.2378
1.8893
1.8965
2.2486
1.9310
2.3428
2.0623
1.9766
1.7476
2.2787
1.9232
2.0695
2.1818
1.7560
1.8152
1.9022
2.2855
2.1965
2.1929
2.4753
2.1038
2.3489
2.2316
2.4463
2.1066
2.0550
2.1675
2.0583
1.9583
2.0262
1.6484
1.9986
1.6149
2.1832
2.0357
1.9517
1.7848
1.7711
2.1065
1.8095
1.7913
1.6821
2.2361
1.8309
1.7082
1.9517
2.4670
1.9673
2.3375
2.2948
2.5670
2.4133
2.2249
1.8399
1.5832
1.8937
1.8443
1.4663
2.0294
2.2293
1.9255
2.0335
1.7504
2.1611
1.8905
1.9419
2.0838
1.6987
2.1354
2.1664
1.6943
1.6505
2.0555
2.2092
1.5370
1.5715
1.9613
1.7603
1.9436
1.8050
2.1265
1.8401
2.2011
1.7761
1.9783
1.7840
1.9622
1.5499
1.7814
1.8638
1.9766
1.9519
1.7497
2.0829
1.3682
1.6994
1.9068
1.9576
1.6333
2.1148
1.7910
1.9055
2.0405
2.1334
2.2350
1.7665
2.1579
2.3467
1.4925
1.7709
1.9500
1.8760
1.6970
2.2440
1.9368
2.1892
1.9951
1.6762
2.2687
2.3649
2.1336
1.7238
2.1157
2.2767
1.7352
1.9890
1.5464
2.1883
2.2896
2.1767
1.9702
1.8541
2.2175
2.1316
1.8760
1.9725
2.1888
2.0008
1.8693
1.8309
2.1573
2.0857
2.2510
1.9500
1.5903
2.0696
1.7752
2.0153
2.2230
2.0776
2.2367
1.9952
2.1576
2.2297
2.2867
1.7922
2.3025
2.2472
2.0213
2.0533
1.9169
1.9581
2.1306
1.9443
2.1194
1.8222
2.0528
2.6701
2.2891
2.4487
2.1148
2.5371
2.0383
2.3096
2.1503
2.0902
1.9689
2.2529
2.0530
2.1402
1.9517
1.9159
1.9652
1.7738
2.0782
1.7365
2.3855
2.0408
1.9698
2.1297
2.0099
2.1028
2.0645
2.2687
2.0240
1.7106
2.0225
2.4508
2.2473
2.2531
2.1964
1.8663
2.1280
1.9299
1.8225
2.0912
2.2927
2.2803
2.0721
2.2879
1.8917
1.9276
2.0459
2.1133
2.4161
2.2778
1.7306
1.9889
2.1422
2.1820
2.1886
1.7062
2.2236
2.4104
1.7876
1.9148
1.7242
2.0863
2.2276
2.0306
2.2793
2.1009
2.0784
1.5917
1.4825
2.0879
2.0087
2.3804
2.1473
2.3360
2.2229
2.2166
2.1800
1.9045
2.4421
2.4948
2.3597
2.3333
1.9141
1.7905
2.0616
2.2236
2.0087
2.0541
1.7819
2.0091
2.2379
2.3931
1.9658
2.0266
1.8747
1.6358
2.2755
1.8058
1.4686
1.6879
1.6874
1.6341
1.8717
1.8180
1.8184
2.2172
2.3327
2.5305
2.1666
2.1421
1.8600
2.3291
2.5249
2.3893
1.7490
1.9106
2.4297
2.3878
2.6825
2.5204
2.5423
1.9925
1.6152
1.9845
1.6849
2.0019
1.5707
1.8050
2.0993
2.1914
2.2072
1.9956
1.6612
2.0284
1.7821
1.5665
1.6530
1.5233
1.6982
1.4647
1.7800
1.6994
1.7888
1.4523
1.2918
1.7005
1.8525
2.0884
2.0721
2.4108
1.9786
2.3539
1.9641
1.2687
1.4625
1.9453
2.0025
2.1869
1.7876
2.0151
2.3683
2.1795
2.2488
2.0897
2.2277
2.4623
2.4390
2.2028
2.4541
3.0498
2.9104
2.5675
2.3041
2.4611
2.7044
2.3428
2.3226
2.2565
2.3607
2.2327
2.2993
2.3943
2.3022
2.1273
1.7258
1.9805
2.3232
2.3728
2.1522
1.9396
1.8647
2.0768
1.6861
1.9208
1.9238
1.8346
2.1693
2.1987
2.1323
1.8243
2.0373
2.2376
2.5835
2.4110
2.4599
2.0164
2.0871
1.6073
1.8535
1.8364
2.1778
1.6053
1.7143
2.0737
1.9393
2.1130
2.2393
1.9360
2.3852
2.4655
2.0414
2.2798
2.4587
2.5454
2.0573
1.9449
1.4548
1.8392
2.1169
2.0455
2.1511
1.9983
2.2203
2.3167
1.7525
1.7949
1.7272
1.2448
2.0051
1.9834
1.7915
2.0966
2.2462
1.9111
2.1026
2.3783
1.8264
1.8030
2.1492
2.4161
2.5826
1.8554
1.8226
2.1362
2.1919
1.9135
2.4988
1.7695
2.2026
2.2183
2.3157
1.9719
1.9845
1.9228
1.9070
1.8892
1.7416
1.6600
1.6086
2.3093
2.0458
1.4032
2.1561
1.8273
1.7479
1.8523
1.9741
1.9672
2.1388
2.2729
2.1757
1.8511
1.5733
1.8767
2.1354
2.1803
2.8428
2.3166
1.5184
1.8851
1.4779
1.8053
1.8499
1.8329
1.7112
1.8314
1.9142
1.8898
1.9409
1.7577
2.1660
2.0374
1.8913
1.8876
2.2718
1.7105
1.6331
1.4480
2.0888
2.1390
2.0723
2.2687
2.1449
2.2652
2.2726
1.9860
1.8773
1.8661
2.0323
1.9657
1.8784
1.9263
2.4451
2.1549
2.1024
2.5942
2.2578
2.2937
2.3467
2.0810
2.2772
2.3443
2.2713
2.0503
2.3601
2.0295
2.3661
2.0859
2.4985
2.6898
2.6080
2.5616
2.3558
2.7556
2.3360
1.9705
1.9597
2.0560
1.7825
1.9693
2.3385
2.5454
2.0603
1.9860
2.2536
2.2276
2.4552
2.0327
1.7385
1.8887
2.0611
2.1715
2.0450
2.1486
1.6549
1.9063
2.0199
1.7281
1.7597
2.0948
2.1844
2.0444
2.1730
2.2391
2.0871
1.7831
2.0837
2.3178
1.8226
1.4018
1.5861
2.1053
1.9347
1.6494
1.6517
1.8537
1.9869
1.6843
2.1316
2.4183
2.1782
2.4587
2.0731
1.5841
1.8821
1.8707
1.2565
1.8392
2.0865
2.5784
2.6340
1.9091
2.2472
2.3689
2.3601
2.4202
2.2227
2.4086
2.0820
2.1772
2.2975
2.1671
2.3732
2.5032
2.6448
2.0946
2.0202
2.1346
2.4849
1.8994
2.1103
2.2505
2.0645
2.3446
2.3418
1.9523
2.0742
2.3301
1.9071
2.2466
2.0123
1.8442
1.7363
1.9044
2.0226
1.7950
1.7951
1.9749
1.7060
2.0274
1.6374
1.7773
1.5474
2.0765
1.4845
2.0115
1.6344
1.8426
1.8067
2.1508
2.1140
1.6417
1.7727
1.3742
1.4220
1.5525
1.2679
1.3883
1.8160
1.4570
1.6180
1.7863
1.4426
1.5121
1.5704
1.5069
1.6517
1.5425
1.9320
1.6347
1.9003
1.4716
2.0949
1.6216
1.7794
1.9619
1.4061
1.7068
2.1352
2.4001
1.9228
2.3263
2.2695
2.2088
2.2836
1.8746
1.6172
2.0408
2.1621
2.2073
2.1123
1.9957
2.4613
2.0612
2.0810
1.9680
1.5545
1.9336
1.6906
1.5505
2.1754
2.0760
2.2630
2.1059
1.8662
2.1170
1.3855
1.2582
1.6322
1.8933
1.7142
1.8060
2.0013
2.0450
1.6522
2.0533
2.1893
2.4900
2.2701
2.0681
1.7197
1.8819
1.7348
2.0153
1.8932
2.0297
2.1450
1.7827
1.7133
1.4407
1.1920
2.2206
1.2644
1.4850
1.4174
1.6918
1.6706
1.1746
1.2902
0.9987
1.1739
1.5112
1.2678
1.2580
1.9795
1.7279
1.6803
1.6837
1.9615
2.1358
1.8756
2.1878
2.2798
1.5724
1.4650
1.9370
1.7242
1.3471
1.6365
1.4412
1.3441
1.3446
1.1757
1.8642
1.5303
1.6040
1.5538
1.0391
1.4658
1.5676
1.2596
1.3667
1.4681
1.7078
1.4466
1.3624
1.1931
1.1177
1.1362
1.4166
1.2319
1.3505
1.3912
1.3360
1.0719
0.9834
1.4782
1.8263
1.7056
1.1037
0.7204
1.0898
1.5776
1.1686
1.2046
1.6666
1.4682
1.3721
1.4226
1.5855
1.5461
1.9149
1.7055
1.4202
1.6398
1.6701
1.3791
1.3840
1.4599
1.7463
1.6702
1.6751
2.0312
2.3318
2.4346
2.2666
2.4380
2.3932
2.1032
2.1188
2.1206
2.2113
2.4039
2.0469
1.8022
2.0749
2.0220
2.0800
2.2267
2.2942
1.7055
1.8616
1.8918
2.0845
1.9665
1.9990
2.2912
1.6418
1.9352
1.8912
1.9291
2.3204
2.0418
1.8495
2.0396
1.9467
2.1646
2.1749
2.3000
2.2596
2.1767
2.2224
2.4847
2.0224
2.3575
2.2084
2.3001
1.5125
2.1378
2.2253
2.4049
2.2083
2.1754
2.1147
2.1181
2.2320
2.3342
1.7480
2.3747
2.0271
1.7077
1.4956
1.4521
1.4661
1.4865
1.6977
1.6269
1.2573
1.3451
1.4178
1.2134
1.3725
1.5780
1.2774
1.1194
0.9953
1.2595
1.6584
1.2021
1.1863
1.2279
1.4350
1.5128
1.5605
1.1524
1.1852
1.3394
1.5787
1.7754
1.5782
1.7383
1.6158
1.3904
2.0094
1.9522
1.6946
1.5797
1.8665
1.9599
2.0338
1.7833
1.6155
1.3562
1.5163
1.6502
1.4632
1.6526
1.5393
1.5393
1.5174
1.5859
1.3276
1.6379
1.3642
1.5416
1.6935
1.6970
1.7708
1.6603
1.6902
1.8240
2.1658
2.2171
1.7088
2.0436
1.9074
2.0560
2.4385
2.0178
1.8322
1.8711
1.7762
1.5470
1.6329
2.3183
1.8453
1.9601
2.0517
2.3883
2.6903
2.1295
2.1173
2.4706
2.1084
1.9830
2.0990
2.0206
2.0521
2.0800
1.5207
1.6191
1.5280
1.9815
1.8236
2.2831
2.2389
1.6214
1.8038
2.0612
2.0145
1.5683
1.5730
1.5962
2.0015
2.4524
2.4080
2.3790
2.0470
2.1073
1.8351
1.6394
1.9266
1.7451
1.8655
2.0100
1.9318
1.9195
2.0752
1.9332
2.3148
1.7692
1.8160
2.4191
1.8769
2.0436
1.4843
1.5712
1.9672
1.3073
1.2554
1.8023
1.4854
1.8377
1.9452
1.7938
2.2207
2.6143
2.1628
2.5946
2.6486
2.6487
2.4717
2.6179
2.5455
2.7703
2.3903
2.2928
2.3650
2.5886
2.7302
2.4223
2.0319
2.3606
1.8747
1.9224
1.5019
2.0641
1.5849
1.5873
1.6832
1.3470
1.8110
1.9430
1.3513
1.1463
2.0769
2.0657
1.9154
1.7572
2.2045
1.8582
1.7992
2.1055
2.2341
2.3651
2.5135
2.2348
2.2111
1.8043
2.2582
2.2210
1.9143
1.6114
1.8340
1.9397
2.2200
2.2201
2.0511
2.1874
2.0704
2.0157
2.0838
2.3889
2.2243
1.7688
1.7275
2.5054
2.1657
2.3333
2.2782
2.3375
2.1901
2.7266
2.0929
2.2075
1.9285
1.9216
2.0801
2.2660
1.4253
1.6436
1.7820
2.4285
2.0711
1.5673
2.0326
2.1687
1.6532
2.3628
1.6386
2.0131
2.2962
1.4450
1.8464
2.0401
1.8209
1.7052
1.7896
1.9731
1.8898
1.8385
2.0761
1.9471
1.9038
2.1131
2.0632
2.3161
2.3428
1.7047
2.1899
2.3168
2.2793
2.1845
2.1648
2.5906
2.5637
2.5699
2.3806
2.5760
2.3948
1.8025
2.2810
2.1754
2.3210
2.2618
2.8500
2.2564
2.4188
2.4631
2.4498
2.0721
2.1235
2.2985
3.0857
2.2363
2.5427
2.6338
2.3649
1.9919
2.2001
2.1491
2.5564
2.5259
2.4174
2.5666
2.3517
2.2859
2.5756
2.6955
2.3405
2.0484
2.5815
2.2888
2.0114
1.8904
1.0963
1.7760
1.8184
1.7347
1.5749
1.4692
1.6113
1.7709
1.2313
1.3244
1.2627
1.6809
1.8641
2.2537
1.8421
1.9727
2.3384
2.2842
2.2146
1.6658
1.9045
1.5257
1.8504
1.5911
1.8927
1.5999
1.9292
1.6588
2.0058
1.6526
1.5328
1.5277
1.7256
1.5397
1.3844
1.4102
1.7142
1.6001
1.3379
1.5840
1.7101
1.3597
1.6049
1.6599
1.7674
2.1038
2.1338
2.3382
2.5713
1.8362
1.4830
1.8200
1.6232
2.5512
2.1892
1.6181
1.9014
2.0168
1.7926
1.8557
1.3184
1.8012
1.6354
1.5776
1.3627
1.4418
1.1839
1.6850
1.3482
1.9788
1.5864
2.1524
1.6403
1.4645
1.5227
1.3079
2.0122
1.9528
1.6048
2.0835
1.2552
1.6924
1.1088
1.6913
1.3792
1.7568
1.6392
1.2261
1.1596
1.3004
1.4701
1.4168
1.1972
1.1829
1.2254
1.4275
1.0737
1.3625
1.1590
1.6520
1.4014
1.4155
1.6589
1.5991
1.9524
2.1211
1.6378
1.5248
1.3177
1.6331
1.6650
1.2003
1.7506
1.5675
1.1650
1.7136
1.7007
1.8322
1.4003
1.6336
1.8278
1.5246
1.7613
1.6737
1.6509
1.8510
1.6138
1.8134
1.6794
1.6468
1.4706
1.7226
2.2034
2.5950
2.3749
1.6278
1.9834
2.1491
2.2967
2.0825
2.0816
1.7524
2.0193
1.8722
1.6781
1.6703
2.0588
1.7778
2.3497
2.2168
1.7937
1.6635
1.7645
1.4598
1.6612
1.1074
1.6603
1.9899
1.8614
1.5732
2.0772
1.8199
1.3492
1.4104
1.2974
1.6321
1.9300
1.7716
2.0292
1.9828
1.6639
1.9048
1.4960
1.5005
1.7055
1.5232
1.5278
1.9439
1.7080
1.8465
1.5552
1.4852
1.6481
1.5155
1.9839
1.8293
2.1598
2.0934
2.1848
2.4305
1.9598
1.8907
1.9136
1.8830
1.7592
1.9169
2.3352
2.1738
1.9833
1.9718
1.5660
1.9111
1.9048
1.8584
1.5728
1.9330
1.4268
1.7693
2.0211
1.8579
1.8245
1.9660
1.8891
1.4390
1.9501
2.1815
1.6909
2.0743
1.9597
1.8303
1.8416
1.7920
1.7765
1.7457
1.6144
1.8057
1.6618
1.9663
1.8745
2.0666
1.7590
1.8924
1.7501
1.5473
1.9721
1.6914
2.0229
1.7130
1.8948
1.6663
1.6004
1.6711
1.5432
1.4914
1.9298
2.3983
1.9005
2.3113
1.8240
2.0862
1.8988
1.7325
1.9545
1.9125
1.9103
1.8202
1.8656
2.4680
2.0613
1.9719
1.9395
1.4215
1.4937
1.4937
1.5289
2.0119
1.7195
1.6507
1.4704
1.3622
1.8843
1.7535
1.4995
1.5307
1.7976
1.8720
2.1438
2.1501
1.6049
2.0192
2.4745
1.8964
1.9210
2.1295
2.2537
2.4426
2.7604
2.7767
2.1524
2.6702
2.7743
2.7014
2.9251
2.5640
2.2705
2.2946
2.2087
2.5457
2.6249
2.4310
2.6899
2.3816
2.6173
2.5303
1.9640
2.1256
2.0021
2.5210
2.2082
2.3871
1.9580
2.2573
1.8749
1.8036
1.5429
2.0918
2.0249
2.2706
2.0220
1.9961
2.2649
2.1751
1.9408
2.1750
1.9928
2.1659
2.5204
2.6607
1.9235
1.9352
2.1631
2.2423
1.6114
1.9556
1.6876
1.8828
1.8017
1.4769
1.8440
2.1889
1.9698
2.0149
2.0450
1.9630
1.9096
2.2830
2.0059
2.2694
2.5029
1.7756
2.1548
2.2655
2.8487
1.9371
2.4098
2.3209
2.6012
2.1892
1.8994
1.9278
2.1288
2.2272
2.2556
1.9632
1.6090
1.3515
1.4308
2.1286
2.2246
1.9574
1.9452
1.8451
2.0528
1.7359
1.8102
1.7931
1.8627
1.4611
1.9830
1.7353
1.8959
1.5382
1.6652
1.9124
1.4952
1.6109
1.5873
1.9848
1.9864
2.1116
2.1472
2.0183
2.0763
1.9339
1.9831
2.2448
2.0669
1.8251
2.0617
1.7153
1.5859
1.7788
1.7087
1.8663
1.8347
1.8021
2.3196
1.9140
1.7594
2.0518
1.9631
1.9127
2.0952
2.3417
1.9765
2.0652
1.9307
1.9265
2.0723
2.0717
2.9715
2.6099
2.5089
2.3921
2.2757
2.4830
2.0816
1.7750
1.7707
1.9685
2.0344
2.1408
2.5411
2.0993
1.6473
1.6815
1.6953
1.6492
2.2457
2.1467
2.2516
2.1320
2.0752
2.0373
1.6483
2.4333
2.0032
2.0431
1.9537
2.1119
2.1225
1.8396
2.0946
2.4834
1.9733
1.9942
1.7905
1.3543
1.6371
2.1115
1.8886
1.5993
1.6721
2.1880
2.0703
1.8185
1.9837
2.0353
2.0002
1.5379
1.4922
2.6728
1.9841
2.0291
2.1302
1.9881
2.2627
1.7231
1.8746
1.3319
2.0919
1.9288
2.2606
2.2073
2.1429
2.5230
2.1333
1.6468
2.0562
1.9198
1.5341
1.4984
1.5589
1.5374
1.6875
1.7706
1.6728
1.6952
1.9350
2.0939
2.1805
2.2573
2.2939
2.3645
2.2930
2.4221
2.1257
1.9128
2.1664
2.5401
2.1596
2.2923
2.6680
2.5993
2.4790
2.5590
2.4894
2.2087
2.0240
2.0854
2.0356
2.0636
2.2613
1.9726
2.1657
2.4812
2.5731
2.5305
2.4675
2.3301
1.8608
1.7677
2.2201
1.8959
1.8429
2.1930
2.2598
1.8674
1.7221
1.7469
2.4840
2.0391
2.0948
1.8429
2.3570
2.1517
2.2804
1.2115
1.6309
1.1051
1.5803
1.3489
1.5222
1.6529
1.8230
2.1900
2.1445
2.1141
2.5068
2.3875
1.9079
2.4674
2.4631
2.1545
2.3587
2.2054
2.1828
2.1559
2.0523
2.0622
1.8869
2.6172
1.9114
1.5394
1.8637
1.8377
1.8864
1.9073
1.8119
2.1903
1.6485
1.6463
1.7584
1.5887
1.5906
1.8769
1.5455
1.7255
1.7916
2.0204
2.4533
1.8947
2.3203
2.3161
2.3556
2.3164
1.9914
1.8573
1.7217
1.9783
1.8798
2.4012
2.5161
2.1770
1.6117
1.5643
1.2625
1.2888
1.2951
1.3053
1.5601
1.6190
1.9244
1.9237
1.9636
1.9256
1.8551
1.6520
1.7419
2.3981
2.0196
1.5122
1.8630
1.8378
1.6633
1.6807
1.2852
1.6901
1.7166
1.6026
1.5483
1.2684
1.6876
1.4758
1.5132
1.5160
1.4413
1.7226
1.8163
1.8838
1.6700
2.0586
2.0849
1.5646
1.7116
1.3958
1.5073
1.4063
1.6705
1.4687
1.8196
1.8129
1.9897
1.8477
1.2399
1.4145
1.7452
1.6598
1.6573
1.5934
1.7101
1.4175
1.8782
1.5354
2.2098
1.8859
1.6541
1.3153
1.4778
1.7456
1.8917
1.5109
1.7250
1.6796
1.7173
1.1414
1.6329
1.6801
1.6166
2.0430
2.4645
2.3074
1.9558
2.1728
1.9931
1.9425
2.0019
1.5752
1.9234
1.7804
2.1649
1.7655
2.1634
1.8282
1.4907
1.8091
2.1605
1.9630
1.8973
1.8402
1.8470
2.0810
2.1266
1.8441
1.9322
1.8977
2.2533
2.2868
2.6626
2.2807
2.3505
2.1483
1.7320
1.8379
1.7056
1.8016
1.8231
1.7716
1.8369
1.7432
1.7397
1.5146
1.6979
1.8883
1.7279
1.7964
1.8747
1.9228
1.9452
1.8378
1.8111
1.5477
1.6806
1.6198
1.7070
1.5385
1.3499
1.4838
1.2361
1.4584
1.2145
1.4685
1.3806
1.3044
1.4634
1.4429
1.8048
1.8425
1.5009
1.9378
2.0061
1.9698
1.5531
1.7214
1.5684
2.0950
2.0137
2.2284
2.4554
2.2149
2.2240
1.9946
2.6391
2.2707
2.2456
2.6163
2.2866
1.9870
1.5210
2.1170
2.0581
1.7916
2.0249
1.7574
1.9475
1.7715
2.2363
2.0864
2.2803
2.1159
2.0152
2.0042
1.8763
2.0424
2.0067
2.0561
1.7416
1.7795
2.0418
1.7526
1.4637
1.5754
1.8705
1.8585
2.0436
1.9784
1.7418
1.6860
1.7578
1.7681
1.9481
2.1055
2.0004
2.1918
2.0162
2.0274
2.0111
2.1649
2.1274
1.9932
1.9280
1.8397
1.9400
2.0490
2.0645
1.7689
1.8390
1.8209
1.6478
1.1210
1.5059
1.6369
1.4462
1.3676
1.9822
1.6555
1.7098
2.0291
1.8781
2.4456
2.2191
2.3891
1.7561
2.0597
2.2909
2.1342
2.1723
1.6078
2.3678
2.0267
2.3726
2.0920
1.9991
1.9887
1.7894
1.7375
2.1108
1.7041
2.0110
1.7760
1.6415
1.8107
1.8627
1.8644
2.1824
1.8708
1.7123
1.7866
2.0778
1.9306
1.9089
1.6530
1.7168
2.0740
2.2455
2.0255
1.7636
1.9393
1.8354
1.9149
1.9342
1.6763
2.2091
1.7149
1.9946
2.3499
2.1851
2.1491
1.8420
2.2453
1.9220
2.1023
2.4256
2.5247
2.2376
2.6361
2.4370
2.6659
2.5822
2.0876
2.2976
2.4948
1.8957
2.7128
2.3364
2.1415
2.0217
2.1235
2.0898
2.1070
2.0346
1.7676
1.8780
2.1283
2.1217
1.7041
1.3492
1.5767
1.7732
1.7949
1.7928
1.7309
1.7314
2.2802
1.9653
1.4158
1.7951
1.3608
1.7040
1.5856
1.9636
2.0398
1.8216
2.0137
1.7758
1.7895
1.3946
1.6107
1.9579
2.2969
1.6070
1.1612
1.9155
1.7588
1.8674
1.5960
1.8237
2.0032
1.3824
1.5742
1.8268
2.0487
1.6656
1.3598
1.9282
1.7539
1.8899
2.0880
1.3042
1.7695
1.6662
1.8664
0.9997
1.2736
1.3062
1.6741
1.3945
1.8253
1.5670
1.2334
0.9019
1.1990
1.4465
0.9996
1.2124
1.0079
1.0124
1.3379
1.4795
1.7371
1.0328
1.5409
1.2610
1.2617
1.2995
1.4209
1.6775
1.4064
1.3745
1.3914
1.6634
1.5603
1.8809
1.6964
1.6420
1.6032
1.7306
1.7003
1.8786
1.3543
1.4784
1.5099
1.9893
1.6626
1.7106
1.2429
1.4718
1.7618
2.1788
1.7157
1.2089
1.5092
1.3360
1.6806
1.2264
1.5683
1.3720
1.4280
1.3079
1.1054
1.2246
1.2358
1.2690
1.4696
1.3425
1.5484
2.0283
2.2179
1.9051
1.4504
1.7206
2.0518
1.6544
1.5890
1.8509
1.7660
1.9728
1.6594
1.4956
1.4936
1.9123
1.5593
1.7804
1.5602
1.6626
1.4732
1.5168
1.4091
1.6186
1.6700
1.3618
1.5967
1.7310
1.6030
2.0598
1.5752
1.7598
1.6870
1.8420
1.8290
1.8450
2.1416
1.7372
1.7924
1.3692
0.9237
1.0870
1.1597
1.9095
2.0103
1.6363
1.1433
1.6056
1.0132
1.4160
1.4092
1.1638
1.4938
1.2275
1.2390
1.4201
1.5139
1.3221
1.2046
1.4236
1.0183
0.8163
1.1130
1.7040
1.5131
1.2270
1.0271
1.3098
1.0873
1.2751
1.3266
1.2220
1.2516
1.3657
1.0266
0.9894
1.3679
1.0547
1.0404
1.2543
1.3405
1.3348
1.5648
1.2589
1.1344
1.2151
0.9148
1.4920
1.3421
1.3288
1.3651
1.3604
1.6504
1.3962
1.1074
1.2144
1.2441
1.4509
1.5161
1.4957
1.2980
1.3480
1.6324
1.9097
2.1768
1.9389
1.5592
1.8514
1.7721
2.1469
2.1925
1.9392
1.9378
1.6874
2.1616
1.7887
1.9778
2.1849
1.8906
1.9554
2.3194
2.3069
2.5241
1.8934
2.0329
2.1265
1.9416
1.6356
1.6794
1.5144
1.7751
1.7527
1.5382
1.7414
2.0320
1.4366
1.9077
1.4854
1.0915
0.9348
1.1658
1.1988
1.5979
1.7075
1.1984
1.1161
1.4507
1.0238
1.2631
1.5552
1.4184
1.2624
1.1838
1.1886
1.1322
1.2289
1.0067
1.2868
1.2667
1.7594
1.5683
1.2290
1.1981
0.9912
1.1033
1.4975
1.7040
0.8493
1.1559
1.5163
1.0545
1.3464
0.9935
0.9004
0.9417
1.0720
1.2388
1.2100
1.0353
1.1928
0.8905
1.2121
1.1378
1.1384
0.9748
1.0569
1.8031
2.1583
1.8592
1.5903
1.5019
1.3698
1.4830
1.5401
1.3941
1.1025
1.1508
1.3203
1.4343
1.4410
1.2548
1.2545
1.0349
0.9652
1.0255
1.0751
1.1868
1.1191
1.5859
1.3815
1.2392
1.7146
1.4577
0.8978
1.4081
0.8924
1.2244
1.0179
0.8852
1.0912
1.0706
1.1847
1.2870
1.3611
1.3315
0.9690
1.1039
1.4720
1.2017
0.7873
0.9682
1.1566
1.1038
1.0584
1.2566
0.9854
0.9979
1.1290
1.0757
1.2098
1.1624
1.0429
1.3003
1.1029
1.1416
1.4251
1.4935
1.2254
1.1057
1.2976
1.0357
1.3437
1.3175
1.4320
1.5658
1.5368
1.8122
1.5994
1.9277
1.7321
1.7462
1.5103
1.4521
1.4342
2.0187
2.2623
1.9502
2.1275
1.7370
1.5486
1.4175
1.3954
1.9679
1.4561
1.4143
1.5130
1.1226
1.4317
1.8805
1.5651
1.8730
1.6816
1.8131
2.0674
1.8965
1.8561
1.8047
1.9459
2.2373
2.1613
2.1309
1.9214
1.6149
1.4970
1.9763
1.6827
1.7696
1.5336
1.7915
1.5922
1.4272
1.6857
1.7764
1.4059
1.3282
1.1559
1.0492
1.2621
1.2544
1.1680
0.9188
0.9350
1.1968
1.1858
1.0516
1.1197
1.1011
1.4690
1.3738
1.4721
1.4076
1.4708
1.8036
1.7502
1.8481
1.3548
1.9481
1.8507
1.8210
1.2984
1.5099
1.7724
1.7815
1.5650
1.4473
1.4704
1.2944
1.2245
1.3399
1.5608
1.2817
1.4407
1.1203
1.0636
1.5744
1.3248
1.2963
1.4080
1.4255
1.2336
1.3793
1.6426
1.7766
1.7048
1.4706
1.0893
1.2634
1.4867
1.6463
1.6454
2.0382
1.2929
1.2898
2.0208
1.3105
1.5338
1.7417
1.4981
1.8998
1.5423
1.5681
2.0655
1.9375
1.6849
2.1407
1.5300
1.4837
1.3375
1.4177
1.2917
1.4428
1.3231
1.5036
1.7038
1.6506
1.8974
1.6769
1.6690
1.4434
1.3229
1.7440
1.2546
1.0385
1.1587
1.5465
1.2296
1.3537
1.4488
1.3908
1.6190
1.6330
1.6332
1.3954
1.5709
1.2926
1.4393
0.7689
0.9551
1.2451
1.0215
1.2306
1.3450
0.9640
1.0534
1.0253
1.1084
1.0672
1.0571
0.9431
1.0082
1.2038
1.1692
0.8446
1.4059
1.0455
1.2939
1.6578
1.6778
1.7848
2.0095
2.2923
1.8716
2.3986
2.8082
2.3889
2.4749
1.6301
2.3715
1.7765
1.3008
1.2000
1.9106
2.0076
1.9791
1.9087
1.8994
1.8029
1.9466
1.6786
1.1729
1.4020
1.3044
1.4444
1.2942
1.7325
1.4768
1.7966
1.7095
2.0260
1.5411
1.2442
1.5793
2.5111
1.6485
1.6499
1.4738
1.5142
1.3262
1.4211
1.6028
1.0628
1.4043
1.2472
1.2323
1.4640
1.2189
1.3638
1.0671
1.3890
1.4190
1.6472
1.6768
1.3842
2.1005
2.1231
1.9164
1.9285
2.4264
2.2729
1.7389
2.0187
2.2220
1.5617
1.4854
1.5172
1.6517
1.7127
2.1866
1.8796
1.8180
1.0164
1.6919
1.3207
1.3767
1.2759
1.3751
1.4968
1.6625
1.4490
1.4324
1.8474
1.8727
1.9421
2.0493
1.7215
1.6710
1.2049
1.7066
1.7573
1.7280
2.1058
1.5620
1.9489
1.3041
1.3634
1.4304
1.9725
1.7563
1.2633
1.5197
1.5549
1.5079
1.1490
1.8267
1.5643
1.4890
1.8538
1.8282
1.8065
1.6817
1.2372
1.6031
1.4053
1.5138
1.3728
1.8526
1.4750
1.6480
1.6956
1.4178
1.9399
1.4996
1.4249
1.2801
1.4654
1.4146
1.3944
1.5922
1.9862
2.0393
1.6320
1.4730
2.0667
1.5431
1.5509
1.6108
1.8822
1.8553
1.8665
1.8150
1.5275
1.8816
2.0598
1.5506
1.9778
2.0098
2.0638
1.6879
1.6314
1.4006
1.8753
1.8958
1.4774
1.6835
1.3664
1.7348
1.6143
1.7336
1.6906
2.3520
2.2033
1.9113
1.5461
1.1544
1.4565
1.0955
1.5764
1.5931
1.9897
1.9352
1.9349
2.0352
2.1577
1.4866
1.7136
1.7489
1.7076
1.8731
1.7663
1.5819
1.4257
1.4494
1.6182
1.9700
1.9803
2.1823
1.7363
1.8079
1.8713
1.8044
1.5728
2.0114
2.0719
2.1230
1.6729
1.6759
2.0222
2.1619
1.8038
2.3496
2.1571
2.2616
1.9047
2.3094
1.8180
1.6155
1.9375
1.9160
1.7412
1.8237
1.7044
1.4933
1.6122
1.8230
1.5136
1.7220
1.2947
1.9275
1.9720
1.6946
1.5469
1.7586
1.9451
1.5784
1.6024
1.9986
1.8597
1.6876
1.3066
1.3972
1.3166
1.3172
1.4540
1.5203
1.5225
1.6461
1.5177
1.8557
1.7977
1.6298
1.6473
1.2467
1.3464
1.1632
1.1421
1.3419
1.1862
1.6125
1.9147
1.6647
1.5420
1.5988
1.7289
1.8170
1.7277
1.7412
1.6381
1.4194
1.8096
1.7695
1.9494
1.5305
1.3674
1.4469
1.1101
1.2705
1.2334
1.1378
1.3673
1.3115
1.2705
1.1016
1.6601
1.8743
1.7614
1.7126
1.7002
1.5242
1.5157
1.3385
0.9568
1.3138
0.8330
1.2484
1.5556
1.0857
1.2204
1.0854
1.1393
1.5130
1.6251
1.7318
1.0399
1.4287
1.7140
1.9138
1.7181
1.4978
1.6727
1.6042
1.4316
1.6418
1.8812
1.6693
2.0205
1.9540
1.7553
2.1387
2.3862
2.1793
2.1920
2.0082
1.6043
1.7435
1.9134
1.6070
1.3635
1.5830
2.0236
1.7796
1.7372
1.4988
2.0805
1.6814
1.3294
1.2377
1.0349
1.3874
1.1761
1.0040
1.0866
1.3487
1.8934
2.0281
1.6429
1.1184
1.0547
1.1738
1.1148
1.1651
1.2297
1.4228
1.1519
1.3363
1.3227
1.4028
1.6103
1.5305
1.9094
2.0809
1.8322
2.3725
2.1654
2.0674
1.8582
1.6840
1.6911
1.5944
1.5916
1.4177
1.7534
1.6554
1.5468
1.3356
1.3081
1.2720
1.4868
1.6029
1.5997
1.7284
2.2492
1.8195
1.9803
1.7665
2.1568
1.9745
2.1540
1.6885
1.4444
1.2027
1.2313
1.6833
1.5407
1.8217
1.5794
1.2380
1.5479
1.6263
1.4469
1.5378
1.0716
1.4301
0.9597
0.9115
1.0656
1.3762
1.1837
1.2843
0.8664
1.2167
0.9182
0.9256
1.3056
1.7716
2.3658
1.7872
1.4219
1.2928
1.4741
1.2268
1.0145
0.9294
1.4165
1.3722
1.2409
1.2217
1.3458
1.3771
0.9860
0.8697
1.5611
1.4247
0.9880
1.1877
1.2105
1.5326
1.4609
1.5819
1.3729
1.3840
1.3369
2.0385
1.3780
1.7368
2.3806
2.0416
1.7233
1.7404
1.7387
1.3560
1.1226
1.3649
1.3159
1.1074
1.2377
0.8859
1.1115
0.9865
1.0184
0.9938
1.1923
1.4253
1.4903
1.4062
1.1443
1.4968
1.6984
0.7987
0.9667
1.2344
1.6563
1.3716
1.1623
1.1853
1.3185
1.2635
1.6707
1.6998
1.5823
1.5944
1.2661
1.4594
1.5552
1.3429
1.8445
1.8093
1.7590
1.8950
1.8818
1.8641
1.7698
1.6558
2.0026
2.1455
1.8212
1.9716
2.2018
1.9999
1.9114
2.1997
2.0311
2.1766
1.9343
2.0721
1.5445
2.1852
1.9282
1.8857
2.1429
2.1815
2.3910
2.2497
2.2036
2.2851
1.8535
1.8713
2.0333
1.9294
1.9338
1.8610
1.8826
1.4496
1.6149
2.0127
1.5485
1.3418
1.9722
2.0594
2.2974
2.2164
1.5404
1.5192
1.4708
1.5446
1.4378
1.4218
1.5596
1.6890
1.2355
1.4436
1.5616
1.7740
1.7711
1.5134
1.3120
1.3939
1.3391
1.3811
1.3013
1.4106
1.5122
1.5351
1.1973
0.8485
1.1364
1.3782
1.5066
1.4928
1.5213
1.4960
1.6489
1.1397
1.7076
1.1666
1.3008
1.6396
1.4381
1.9411
1.6700
1.6462
1.5953
1.2625
1.1882
1.6931
1.9282
1.8519
1.6391
1.9211
1.8573
2.0766
2.1547
2.3290
2.1483
1.6176
1.5943
1.5712
1.6815
1.7919
1.5635
1.7033
1.5526
2.3258
2.0105
2.0583
2.1499
2.3008
2.2954
1.9973
2.3216
2.1053
2.5591
2.4291
1.6610
2.1583
2.1395
2.3777
2.4877
2.0956
1.7921
2.2284
1.5366
2.2205
1.9306
1.7434
1.9326
2.1324
1.8357
1.7334
1.6274
0.9531
1.1929
1.1918
1.0506
1.2803
1.7322
1.9239
2.0374
1.4517
1.6431
1.6341
1.5529
1.2937
1.1455
1.6803
1.4793
1.0989
1.6310
1.9487
1.8329
1.3689
1.3050
1.0093
1.1106
1.6917
1.6434
1.8094
1.8004
1.8653
1.4490
1.3868
1.2906
1.5134
1.1254
1.5282
1.1022
1.4709
1.6367
1.7460
1.6505
1.7974
2.0322
1.9134
1.7815
1.7441
1.7755
1.8652
1.6469
1.6988
1.7511
1.6655
1.7615
1.5542
1.6097
1.4897
1.7527
1.5010
1.2871
1.2458
1.1244
1.4848
1.6334
1.1602
1.5569
1.6171
1.6915
1.5357
1.4616
1.6775
2.1186
1.9849
1.7461
1.5108
0.9776
1.4163
1.3441
1.4452
1.6470
1.5318
1.5863
1.9257
1.8733
2.3771
2.5280
2.0743
2.5425
2.2511
1.9514
1.9193
1.9818
2.3029
2.2463
1.7460
1.8716
1.6621
1.7732
1.9131
1.7785
1.7134
1.9172
1.6521
2.1570
1.7390
1.7989
1.9863
1.6021
1.8648
1.4631
1.6450
1.5549
0.8604
1.3308
1.8612
1.5340
1.2485
1.3538
1.4440
0.9769
1.4520
1.6321
1.7030
2.0216
1.7472
1.5044
1.2912
1.6894
1.7514
1.4385
1.5956
1.4068
1.5526
1.5524
1.2564
1.4677
1.5846
1.1979
1.9927
2.3936
1.8280
1.3926
1.4634
1.5472
1.6515
1.6902
1.6016
2.4413
2.0407
2.1880
1.9950
2.0009
1.9562
2.1960
1.9310
1.7335
1.7247
1.7452
1.9219
1.6168
1.7457
1.6801
1.8384
1.7862
2.0096
1.8676
1.9759
1.9765
1.6488
1.3972
1.3380
1.3108
1.5547
1.9908
1.8298
1.6027
1.4907
1.6276
1.5302
1.8755
1.3430
1.3167
1.1314
1.6178
1.3326
1.4819
1.6528
1.3186
1.6339
1.5685
1.9175
1.9213
2.3473
2.0845
2.2073
2.5630
2.2595
1.9669
2.1098
2.2569
1.7900
1.8694
1.7960
2.1474
1.6692
1.9467
1.8632
2.3273
2.0404
2.0856
2.4016
2.5485
2.5177
1.9796
1.9609
2.4509
2.4595
2.2821
2.4691
2.3716
2.4006
2.0958
2.5130
2.6121
2.1050
2.3127
2.3583
2.0152
2.1552
1.8217
1.7002
1.4813
0.8206
1.4403
1.1595
1.1575
1.0586
1.2920
1.6493
1.0135
1.5728
1.3500
1.6787
1.3006
1.6594
2.0955
1.7533
1.9033
1.7005
1.3578
2.0162
1.8241
1.7198
1.8376
2.1624
1.7995
1.5692
1.5526
2.2444
1.7626
1.6215
1.0551
1.6474
1.7904
1.8408
1.5627
1.4002
1.4639
1.8422
1.2714
1.2403
1.1995
1.2945
1.1153
1.3060
1.1686
1.0883
1.3625
1.4760
1.0496
1.0627
1.3858
1.4957
1.5364
1.3541
1.4493
1.7983
1.6227
1.1640
1.4306
1.7182
2.0299
1.6280
1.9209
1.9291
1.9531
1.9716
1.9627
1.9131
1.8301
1.8794
2.1870
2.1261
2.1216
1.4937
1.5387
1.1810
1.3079
1.8687
1.7832
1.7214
1.5673
1.7120
1.9715
1.8478
1.7662
1.6728
1.5883
1.7135
2.0432
1.3350
1.5183
1.4282
1.4232
1.5964
1.3060
1.4561
1.2888
1.2615
1.2082
1.1098
1.2558
1.3251
1.3622
1.4024
1.5577
1.6325
1.5592
1.9063
1.8228
1.1333
1.2838
1.1331
1.4030
1.1598
1.1790
1.0815
0.7479
0.9407
1.0136
1.0764
1.1127
1.0367
1.9563
1.3975
1.4117
1.2369
1.7197
1.9185
1.7584
1.3753
2.1435
1.9924
1.6357
1.3352
1.5379
1.7634
1.9165
1.5141
1.8668
1.8821
1.9136
1.5027
1.6391
1.7068
1.3346
1.6927
1.8980
1.6806
1.9719
2.1001
2.2522
2.0027
1.9028
1.8999
1.9798
2.0122
2.0025
1.9304
1.9075
1.7408
2.1547
2.2054
1.7384
1.6409
1.8491
1.9849
1.7757
1.5408
2.2572
2.0744
1.6836
1.7687
1.9962
1.7332
1.6399
1.5276
1.4607
1.8627
1.8411
1.2800
1.2850
1.1327
1.4082
1.2560
1.3025
1.4164
1.7089
1.3791
1.4424
1.6582
1.8635
1.6458
1.5577
1.3451
1.6240
1.9763
1.6990
1.4825
1.6702
1.6018
1.6141
1.6107
1.4269
1.6582
2.1138
1.6179
1.4817
1.1761
1.1750
1.4878
1.1077
1.0667
1.2452
0.9572
1.0954
0.9998
1.5876
1.5088
1.4116
1.8247
1.4420
1.4355
1.6321
1.0431
1.1303
1.4280
1.4901
1.7525
1.4562
1.6490
1.5147
2.0281
1.6318
1.7693
2.2090
2.2351
2.6022
2.4004
1.6705
2.2682
1.7596
1.8710
1.7312
1.6365
1.4993
2.0767
1.6383
2.1715
1.5117
1.4580
1.7334
1.4221
1.7468
1.9300
1.8058
1.4209
1.8238
1.6896
1.6039
1.6237
1.2758
1.6361
1.6437
1.5328
1.3828
1.6970
1.7409
1.6528
1.9140
1.6691
1.9283
2.0336
1.4052
1.5210
2.1026
2.1249
2.3408
1.4796
2.1084
2.3991
2.1100
1.8948
2.3351
2.0917
2.1727
2.6475
2.4579
2.6751
2.6848
2.3844
2.7683
2.6617
2.1509
2.1211
1.5639
1.7789
1.5174
1.4763
1.2349
1.6642
1.1563
1.3497
1.0678
1.2030
1.3928
1.4305
1.1776
1.3320
1.6519
1.5126
1.3065
1.7953
2.1953
2.2261
2.0397
1.8506
1.6194
2.1090
1.9428
1.7219
1.7584
1.5137
1.6913
1.9552
2.0962
1.6265
1.5221
1.7137
1.5446
2.0240
1.8960
1.6052
1.8450
1.4290
2.2122
1.6621
1.7897
1.9758
1.7721
1.5766
2.0724
1.8996
1.9426
2.0302
2.1624
2.1363
2.0765
2.2349
1.9951
2.5574
2.3843
2.3372
2.2943
2.2493
1.9027
2.2044
2.3181
1.9025
1.9128
1.8808
2.3599
1.9899
2.3247
2.0311
1.5419
1.6911
2.0541
2.2860
2.4314
2.1748
2.0313
2.2693
2.5964
2.1495
1.7022
1.5501
2.0005
1.9610
2.4884
2.0178
1.9401
2.0060
2.2980
2.0370
2.2985
2.2847
2.1739
1.9388
2.3194
2.2513
2.3369
2.1281
2.0607
2.3841
2.1010
2.5651
2.1849
2.3916
2.1834
2.2355
1.7795
2.0599
1.9655
1.4331
1.9061
1.8945
1.9459
1.9947
1.7286
1.6921
1.7847
1.8036
1.7989
2.1907
2.1055
2.0928
2.4597
1.9064
1.9231
2.3118
1.9493
1.9900
1.8632
1.6403
2.0256
2.1055
1.8475
1.8285
1.4719
1.6638
2.1339
1.6608
1.8763
1.9851
1.9793
1.5874
1.5764
1.6649
1.5666
1.2196
1.4390
1.5395
1.6966
1.7071
1.9084
1.9341
2.0856
1.9149
1.9549
1.7709
1.8425
1.8219
2.1017
1.6746
1.7050
1.2218
1.5711
1.7333
1.6436
1.7312
1.9009
1.8630
1.5232
2.1481
1.6489
1.8721
1.9348
1.6153
1.6996
2.1047
1.5477
1.3952
2.0018
1.8670
1.9777
1.6913
1.6748
1.7382
1.8735
1.7652
1.6551
1.8284
1.7721
1.9743
1.6902
1.7274
1.2682
1.3941
1.9616
1.7397
2.2606
1.9652
1.7845
1.7012
1.7059
1.6522
1.5812
1.8653
2.0983
1.7153
1.6661
1.6171
1.5425
1.7573
2.0075
1.7264
1.6227
1.5309
1.6868
1.5053
1.5825
1.7830
2.0876
1.8239
1.9508
2.1000
2.2461
1.9030
1.9025
2.1033
2.1489
1.9045
1.9931
2.0232
2.0136
2.1028
1.7374
1.7089
1.7175
2.5580
2.2078
2.0938
2.1771
2.1840
2.0830
1.9573
1.8355
1.5855
2.0606
1.8951
1.7201
1.8634
1.4229
1.7579
1.7620
1.7823
1.5657
1.8713
2.2517
2.0880
1.6472
1.8596
1.7089
1.7821
1.6931
1.6019
1.9067
1.5999
1.7884
1.4954
1.3716
1.5132
1.2340
1.2190
1.2943
1.3893
1.1975
1.2629
1.1197
1.0737
1.2619
1.6666
1.1876
1.3541
1.6468
1.3492
1.1375
1.3666
1.3352
1.2988
1.3058
1.4039
1.5652
1.6392
1.2723
2.0128
1.7977
1.9804
1.4999
1.8962
2.0857
2.0339
1.8990
1.5932
2.0833
1.9695
2.1149
2.1276
2.0891
1.7933
1.4101
1.3961
1.4349
1.5858
1.3516
1.4913
1.4968
1.6106
1.4317
1.2515
1.1845
1.4745
1.3770
1.5930
1.3019
1.3808
1.4120
1.8273
1.8373
1.9508
1.4545
1.6372
1.4072
1.9292
1.4566
1.5705
1.7891
1.7134
1.3339
1.4019
1.8026
1.7943
1.9551
1.9271
2.0504
2.1777
2.0625
2.1544
2.0931
2.1114
2.0456
1.8976
2.0550
1.8282
1.7244
1.9657
1.9629
1.4943
1.8541
1.7620
2.0369
1.5916
1.8104
1.6901
1.7534
1.7886
1.5669
1.8706
2.1059
2.1788
1.9647
2.0668
1.8878
1.6836
2.0361
1.8405
1.8146
2.0573
1.9444
1.6963
1.6095
1.5985
1.9310
2.1460
2.0812
1.7128
1.6552
1.8842
1.9843
2.2599
2.2085
1.8213
1.6595
1.9370
1.8934
1.4774
1.5209
1.7428
1.4891
1.5441
1.7167
1.7609
1.7046
2.0005
2.2323
2.0065
2.1643
2.1051
2.0356
2.0050
2.1092
2.0217
2.0134
1.9679
2.0223
2.1184
1.9593
1.7103
1.5813
2.2218
1.6558
1.9461
2.0931
2.4542
2.2120
1.8191
2.3986
2.2308
2.3109
2.0774
1.7744
1.8232
1.5278
1.2135
1.4534
1.6017
1.9288
1.6872
1.9535
1.7398
1.8180
2.0812
1.8794
1.8501
1.8687
1.7124
1.7810
1.7218
1.6735
1.6495
1.8221
2.0324
1.6733
1.4652
1.7850
1.9752
1.9134
1.7488
1.9920
1.7959
1.7822
1.7784
1.5537
1.7177
1.7492
1.9484
1.7276
1.9098
2.1393
1.7138
1.7995
1.9484
1.9652
2.2098
1.9577
1.8421
2.2748
2.1466
1.9787
2.0197
2.1192
1.9179
1.9656
1.6948
1.9679
2.2655
2.4022
2.2773
2.0776
2.0806
1.7458
1.5568
1.8604
1.7376
1.6842
1.7695
1.6609
1.8901
2.2081
2.2880
1.9993
2.1886
1.8743
2.0396
1.9961
2.0992
2.2658
2.1499
1.6846
1.9250
1.9435
2.0216
1.8190
2.3233
1.5899
1.7494
1.8708
1.8016
2.0930
2.1960
2.0321
1.9571
1.6334
1.9996
1.9615
1.9857
1.8244
2.0212
2.1863
1.8602
1.9736
1.7764
1.8230
1.7686
1.8155
1.8102
1.8877
1.7765
1.9202
2.0442
1.6743
1.6529
1.6343
2.0177
1.7684
1.9660
2.1501
1.8066
2.2125
2.1037
1.9309
1.7896
2.1199
1.8777
1.8337
1.7473
1.7079
1.7598
1.8810
1.9478
2.1947
1.7458
1.9336
1.9787
1.7948
2.0904
1.7511
1.8399
2.1959
1.8107
1.5092
1.3522
1.9063
1.9533
1.9204
2.1547
1.9326
1.9854
1.8643
2.1094
2.0115
1.8539
1.7783
1.8976
1.8852
1.5953
2.1991
2.0943
1.7169
1.8413
2.0010
1.8561
1.7051
1.7971
1.7625
1.7164
1.5567
1.8035
1.8533
1.6572
1.9473
2.0078
1.9808
2.2842
1.9375
2.0515
1.9585
1.7151
1.9076
2.0293
2.1706
2.2832
2.4269
2.0154
2.2710
2.4287
1.9870
2.0848
2.0819
2.1043
1.8015
1.8735
1.8032
1.8356
1.6844
1.5725
2.0456
1.9176
1.8910
1.8044
2.3429
1.7153
2.0023
1.8962
2.2130
2.0366
2.4344
2.1757
2.1467
2.0799
1.8977
1.7864
1.9417
2.2861
2.1172
2.1603
1.7423
1.7683
1.6409
2.1669
1.7839
2.1315
1.8504
1.5807
1.8496
1.7589
2.0620
2.2158
2.2025
1.9080
1.9001
1.5664
1.6612
1.5153
1.7891
1.8081
1.7703
2.1682
1.9927
2.1505
2.0347
1.7674
1.5553
1.8364
1.5999
1.6073
1.5434
1.8190
1.7998
1.7740
1.5630
2.0426
1.8448
1.8565
2.0985
2.2254
1.7341
1.9682
2.0846
1.8778
2.2634
1.8184
1.7336
1.7402
1.5274
1.6358
1.8544
2.4754
2.0498
1.7424
1.6332
1.5648
1.5521
1.5993
1.8955
1.7501
2.0759
1.7027
2.1365
2.2087
2.2077
2.0459
1.9853
1.7806
1.5326
1.8612
1.7954
1.7766
1.5983
1.8704
1.8707
1.9877
1.7692
1.8298
1.9186
2.0742
1.8412
1.9223
1.6085
1.7441
1.8083
2.0306
1.7559
1.9821
2.0927
1.9063
2.0482
1.9477
2.3095
1.8809
1.9528
2.2104
2.0571
2.0044
2.1753
1.8374
2.1625
2.1852
1.7896
1.9329
1.8161
1.9725
2.0291
1.8406
2.0505
1.9769
1.9781
1.9016
1.9144
1.8764
1.9733
1.9655
2.0011
1.8740
1.7714
2.0728
1.9851
1.7143
1.8880
1.9901
2.1652
2.0936
2.1049
1.9183
2.0440
1.7675
1.8966
2.0345
2.1226
2.2122
2.1429
1.9388
2.1085
2.0117
1.8435
1.9804
1.7046
1.9257
1.7735
1.9969
1.8594
1.7797
1.8421
2.1176
1.7560
1.6818
1.8638
1.9595
2.1320
2.3890
2.1766
2.2966
2.3913
2.2335
2.0412
2.2660
2.0184
2.2777
2.2291
1.9068
2.1450
1.8739
1.7670
2.1936
2.0852
2.1255
1.7156
2.3118
2.1156
2.0810
1.9318
1.8946
2.4493
1.9812
1.8207
2.0225
2.1025
1.9687
1.8368
2.2035
1.9607
1.8090
2.0375
1.7950
1.6893
1.8885
2.0948
2.3731
1.9319
2.0461
1.7166
2.0410
1.9494
1.6779
2.0648
2.2111
2.0901
1.7229
1.7915
1.7494
1.7997
1.8311
1.9996
1.3888
1.6021
1.9461
1.5874
1.6883
1.5095
1.9832
1.8712
1.8259
1.8945
1.6547
1.8966
1.9177
2.2896
2.3859
1.7791
2.3160
2.3414
1.9726
1.6230
2.2310
1.3034
1.2446
1.6368
1.7125
1.4236
1.5353
1.8776
1.7030
2.3426
2.1799
2.0142
1.8587
1.6052
1.8027
2.2336
2.3511
1.9956
2.4706
1.7842
1.8524
1.6855
1.9027
1.8073
2.0409
2.1696
2.2312
2.1998
2.5289
2.5152
2.2518
1.9754
1.7266
1.6516
1.6070
1.6107
1.7015
1.3286
1.6706
1.8768
1.4877
1.9016
2.0376
2.0909
2.0232
1.5658
1.5645
1.9125
2.1425
2.1984
1.5973
1.3687
2.0145
1.6859
2.1189
1.8207
1.7486
1.9913
1.8301
1.6234
1.7241
2.1604
1.9221
1.9296
2.0384
2.0305
1.9293
1.7276
1.5033
1.6385
1.8056
2.0303
1.9540
2.0092
1.8856
1.7711
1.5905
1.8202
1.8391
1.7614
1.6970
1.9492
1.9568
2.0261
2.4660
2.5849
2.2097
2.1479
2.1368
1.9126
2.1023
2.0525
2.1437
2.3339
2.0854
1.8756
1.8249
1.6768
1.5455
1.4120
1.5859
2.0901
1.8198
1.7867
1.7519
1.5290
1.6747
1.4202
1.1681
1.4970
1.5986
1.5979
1.6896
1.3887
1.4767
1.6002
1.3893
2.0062
1.5060
1.9697
1.5782
1.6347
1.5192
1.4113
2.1273
1.7074
1.3505
1.5902
1.3734
1.4670
1.6288
1.6234
1.6407
1.2482
1.3022
1.2734
1.5928
1.3796
1.5286
1.8148
2.0189
1.7464
1.8707
2.0029
1.7640
1.9575
1.9874
1.7205
2.0718
1.8335
1.6075
1.8888
2.0123
1.9018
1.8478
1.9661
1.7662
1.8139
1.8039
1.7878
1.5911
1.6151
1.6850
2.1186
1.8140
2.1037
2.1276
2.2520
1.9259
1.8512
2.1162
2.2848
2.3562
2.1167
1.9668
2.0297
2.0407
1.8394
2.0796
2.0312
2.3475
2.0453
1.8048
1.9233
2.6548
2.2142
2.2369
2.2823
1.7918
2.0669
1.7351
1.6619
1.8094
1.5202
1.9042
2.0126
1.8186
1.8229
1.4548
1.6666
1.7824
1.9560
1.8152
1.7585
1.9284
1.5507
1.9843
1.7603
1.7455
1.6672
1.7448
1.7247
1.6389
1.6121
1.4191
1.4773
1.3469
1.5105
1.4275
1.6426
1.3660
1.4854
1.2423
1.9623
2.0652
2.0572
1.9082
1.7657
1.7008
2.0227
2.0889
1.7007
1.9566
1.8215
1.9698
1.8513
1.6998
1.8959
1.7836
1.5242
1.4131
1.7972
1.5583
1.8276
1.6846
1.9637
2.2214
1.7883
1.3989
1.6100
1.9034
1.9631
2.8222
2.6669
2.6034
2.2223
2.1812
2.6395
2.2945
2.4607
2.4179
2.1468
2.5901
2.3470
2.3624
2.1262
2.1189
2.2080
2.4745
2.2719
2.2826
2.3537
2.2395
2.1734
2.3023
2.1020
2.3609
2.1976
2.1423
2.1104
2.2423
1.7203
2.1539
2.1983
2.0871
2.2807
2.1530
1.8770
2.0526
2.3207
2.3000
2.2755
2.0477
2.2971
2.2758
1.6485
1.9857
2.5523
2.7345
2.2383
2.4800
2.3825
2.0935
2.1210
2.1537
2.2546
1.9381
2.1193
2.0462
2.0791
1.8530
2.0832
2.0904
2.1874
1.8660
2.0278
2.2952
2.1321
2.0072
2.3409
2.3116
2.2749
2.4841
2.5524
2.0570
2.0969
1.9034
2.2235
2.3181
2.4476
2.6199
2.8197
2.1262
2.2964
2.1368
1.8278
1.6757
2.1977
2.0771
2.2089
1.6890
1.9872
1.9860
2.3159
1.6981
1.8479
2.0452
1.6612
1.9811
2.1702
2.0488
1.6026
1.7516
2.1282
2.2047
1.9545
1.7012
1.8042
1.8702
1.7192
1.7577
1.6960
2.5304
1.7859
2.2089
1.8978
2.0576
1.5117
1.9423
1.7030
