4.2292
4.2555
4.3301
4.4269
4.3758
4.3980
4.4070
4.2851
4.4819
4.2212
4.3367
4.3019
4.2468
4.4577
4.2686
4.2537
4.1606
4.3908
4.4576
4.4754
4.3623
4.3194
4.2242
4.4160
4.3320
4.5018
4.3872
4.3131
4.2513
4.3146
4.4585
4.4267
4.3370
4.4319
4.3000
4.5090
4.4579
4.5552
4.5516
4.5867
4.4487
4.5373
4.3850
4.4570
4.6427
4.4766
4.4746
4.4257
4.5956
4.5282
4.5310
4.5285
4.6704
4.6601
4.6962
4.6071
4.8278
4.8690
4.9142
5.0233
4.8727
4.9007
4.9093
5.0695
5.2488
5.0119
4.9815
5.0292
5.2085
5.3878
5.3685
5.3131
5.3872
5.1108
5.2594
5.3316
5.2419
5.2883
4.9584
4.8465
4.7467
5.0373
4.8074
4.7839
4.7963
4.7853
4.6138
4.7161
4.8354
4.8967
5.2169
4.9382
4.8305
5.0827
5.1708
5.4060
5.0038
5.0350
5.2463
5.2951
5.1722
5.1312
5.3769
5.2311
5.1985
4.9172
5.0339
5.2313
5.1492
5.2453
5.2965
5.3302
5.2753
4.9782
4.9278
4.8833
4.9066
5.0802
4.9402
4.8430
4.9032
4.9472
4.9485
5.0238
4.9871
4.8240
4.9098
4.8896
4.8581
4.6829
4.6615
4.4980
4.8385
4.7323
4.8106
4.9258
5.0679
5.1166
5.1457
5.0820
5.2225
5.0806
5.4543
5.3999
5.2750
5.2174
5.0852
5.0582
5.1161
5.1916
5.1247
4.9020
4.9836
5.1135
5.1274
5.2127
5.5327
5.2770
5.3142
5.3376
5.7053
5.2778
5.3310
5.4676
5.3096
5.3574
5.1268
5.3180
5.5058
5.3684
5.4391
5.4023
5.1758
5.4591
5.2048
5.2509
5.1544
5.0375
5.2584
5.1197
5.1379
5.0891
5.1861
5.0396
5.0390
4.9129
4.9358
4.8424
4.8536
4.7694
4.7757
4.6113
4.8324
4.9348
4.7983
5.0725
5.1843
5.0490
5.0817
5.2417
5.1401
5.1966
5.0675
5.0929
5.1984
5.1536
5.4098
5.2254
5.2406
5.2804
5.2257
5.3955
5.2930
5.2813
5.2093
5.2753
5.2722
5.1184
5.0002
5.1599
5.1285
4.8698
4.8968
5.0035
4.8967
4.8006
4.6455
4.7740
4.6671
4.6615
4.5736
4.6542
4.7159
4.8846
4.8005
4.8624
4.8946
4.8513
4.7871
5.0170
5.0950
4.8697
5.0016
4.9446
5.0535
4.7695
4.8492
4.9346
5.0590
4.9212
4.8252
4.9775
4.8735
4.8306
5.0767
5.1930
5.0020
5.0787
5.1658
4.9796
4.9947
4.8272
5.0758
5.0587
5.0372
5.1615
5.0405
4.9404
4.9712
4.9620
5.1051
4.9342
5.0055
4.8039
4.8321
4.9009
4.8359
4.9511
4.6719
4.7313
4.8556
4.9026
4.8767
4.9139
5.0088
4.9685
5.1058
5.0429
4.9099
4.9522
4.9431
4.9816
4.9733
4.9956
5.1232
5.2120
5.1231
5.0601
5.0104
5.1870
4.9752
5.0779
4.9767
5.2437
5.2440
5.2415
5.1260
5.0851
5.0609
5.0584
4.9767
4.8783
5.1631
5.3157
5.2200
5.1429
5.3050
5.1775
5.1603
5.0346
5.0792
5.0190
4.8608
4.9603
4.7512
5.1638
5.1446
5.2258
5.3123
5.1947
5.2032
5.3543
5.5483
5.5793
5.4275
5.2242
5.4838
5.3114
5.2232
5.3281
5.3055
5.4245
5.2950
5.2286
5.3447
5.2988
5.3369
5.3720
5.1743
5.1178
5.5738
5.2345
5.3861
5.4009
5.1593
5.2807
5.2631
5.1368
5.1495
5.3204
5.1454
5.2507
5.1187
5.1943
5.2029
5.1509
5.1726
4.9575
4.8868
4.9076
5.0759
4.9902
5.1726
5.0677
5.0697
5.2908
4.9422
5.2628
5.3455
5.1040
5.0400
5.1257
5.2478
4.9148
5.0618
4.8846
4.9205
4.8774
4.8772
4.9416
4.9128
4.9814
4.8498
4.7211
4.9328
5.1288
5.2281
5.1428
4.9327
5.0709
4.9379
5.0220
5.1194
5.1464
5.2335
5.0667
5.0662
5.0262
5.0916
5.0071
5.1033
4.9665
5.1247
5.1691
5.2417
5.2264
5.2291
5.1754
5.0418
5.2552
5.1963
5.0371
5.0391
5.0696
5.1872
5.1523
5.2920
5.2201
5.3835
5.3024
5.1336
5.0653
5.2665
5.2367
5.3393
5.3008
5.1737
5.1416
5.0720
5.1046
5.0726
5.1460
4.9848
5.0517
4.9073
4.9871
4.9929
4.8769
4.8682
4.8630
5.2272
5.3836
5.1531
5.0391
5.1642
5.1520
4.8878
5.2451
4.9375
4.9368
5.3226
5.2003
4.9600
5.0553
4.8279
5.0667
5.1260
4.9524
5.1844
5.0644
5.1167
5.2650
5.2711
5.1503
4.7640
4.9496
4.8804
5.0229
4.8620
4.8377
4.8474
4.8785
4.9544
5.0008
5.0413
4.8539
4.9998
5.0093
4.8855
4.8618
5.0104
5.0971
5.2659
5.0842
4.9237
4.9430
5.1645
5.3955
5.1679
5.0778
5.0826
5.2899
4.9880
5.1391
5.2587
5.1955
5.0388
5.2428
5.0413
4.9198
5.2858
5.0409
5.3171
5.0511
5.2021
5.3364
5.0105
5.1713
5.2212
5.1135
5.2713
5.1643
5.1643
5.1942
5.2421
5.1824
5.2905
5.0676
5.2253
5.1772
5.2353
5.0142
4.9326
5.0942
5.0979
5.1536
5.1030
4.9712
5.3244
5.1151
5.0859
4.9354
5.0785
5.0613
5.0467
5.1691
5.2647
5.1552
5.1700
5.1908
5.1177
5.0987
5.0885
5.0042
5.0865
5.1299
4.9720
5.2734
5.4379
5.3109
5.1262
5.1562
5.2785
5.1536
4.9313
5.1252
5.0900
5.0817
5.2335
5.1617
5.0490
4.9644
5.0063
5.0387
5.2105
5.2186
5.2169
4.9855
5.1732
5.0576
5.0715
5.1941
5.2274
5.4576
5.4308
5.6008
5.2107
5.1144
4.9381
4.9468
5.0004
5.1156
4.8942
5.1126
5.1176
5.2824
5.0913
5.2323
4.9222
5.1063
4.9393
5.2458
5.1811
5.2838
5.0895
5.1250
5.2237
5.3283
5.0519
4.9780
5.1221
5.0276
5.0934
4.9447
5.1748
5.0565
5.1396
5.0067
5.1402
5.2242
4.9844
4.8850
4.8267
4.8294
5.1220
4.8048
5.0779
5.2152
4.9724
5.0685
5.2681
5.0609
5.2023
5.0729
5.3306
5.2592
5.2418
5.1597
5.1597
5.2570
5.4775
5.2055
5.2549
5.3548
5.1513
5.3338
5.1497
5.3158
5.3539
5.3656
5.1572
5.0184
5.0853
5.0971
5.3469
5.3132
5.4654
5.2920
5.3252
5.5003
5.3094
5.5285
5.5622
5.4034
5.5001
5.3994
5.4902
5.5218
5.5990
5.6119
5.5372
5.5193
5.5116
5.6519
5.3033
5.4323
5.3546
5.3449
5.4022
5.4055
5.3883
5.3924
5.1394
5.1898
5.3836
5.1397
5.1616
4.9768
4.9760
5.0212
5.0938
5.0998
5.0976
5.0968
4.9510
4.9172
4.8926
4.9468
5.2189
5.1242
5.3354
5.2343
5.4272
5.2216
5.3000
5.4485
5.2712
5.2703
5.3520
5.2698
5.2995
5.2265
5.3410
5.1921
5.2236
5.5645
5.5329
5.5269
5.6048
5.5444
5.5965
5.4688
5.5360
5.2728
5.3950
5.2368
5.3568
5.3288
5.4233
5.3052
5.3393
5.3153
5.3288
5.2880
5.2526
5.1586
5.1586
5.1918
5.3528
5.5140
5.5018
5.4372
5.5768
5.4683
5.3052
5.3135
5.3464
5.3473
5.5739
5.3198
5.3207
5.3201
5.3009
5.1726
5.2690
5.6247
5.1387
5.2242
5.3959
5.3279
5.5093
5.5967
5.4913
5.4814
5.3858
5.3576
5.3993
5.3836
5.5096
5.3502
5.3021
5.2283
5.3519
5.1221
5.2982
5.4265
5.4437
5.1550
5.3797
5.2504
5.4704
5.3607
5.1956
5.5318
5.3228
5.2908
5.2688
5.3621
5.6409
5.5457
5.8227
5.9229
5.7457
5.7177
5.7084
5.6063
5.6929
5.6948
5.6614
5.7135
5.8487
5.9958
5.8589
5.7689
5.8009
5.9373
5.7326
5.8619
5.6219
5.8274
5.7480
5.6050
5.6062
5.6294
5.6824
5.7319
5.6252
5.7858
5.8276
5.8784
5.6726
5.7794
5.5883
5.6546
5.6232
5.5558
5.8868
5.7398
5.5689
5.7605
5.6496
5.4701
5.4903
5.2710
5.4248
5.3668
5.6751
5.5578
5.2892
5.5297
5.4545
5.2380
4.9838
5.2125
5.0861
5.1564
5.3387
5.3195
5.2034
5.2947
5.2932
5.3871
5.4339
5.2781
5.1915
5.1595
5.0005
5.0607
5.1492
5.0188
5.2282
5.3065
5.2621
5.1211
5.2551
5.2093
5.2875
5.2964
5.4617
5.4940
5.4552
5.4054
5.5272
5.5137
5.5158
5.3607
5.2525
5.1800
5.3069
4.9519
5.2704
5.1776
5.3139
5.2945
5.0194
5.1222
5.0500
5.0716
5.1943
5.0871
5.2961
5.1270
5.2744
5.3110
5.2994
5.3446
5.1955
5.2199
5.2325
5.1690
5.1888
4.9632
5.0959
5.2382
5.0672
5.4239
5.5142
5.3532
5.4388
5.5485
5.1747
5.1817
5.2987
5.5503
5.4734
5.1960
5.2416
5.2968
5.2406
5.2101
5.4406
5.5819
5.3442
5.6078
5.4219
5.4861
5.3197
5.3351
5.2746
5.3201
5.3764
5.3702
5.1866
5.4359
5.5990
5.4979
5.3612
5.3644
5.4200
5.6717
5.4809
5.3636
5.4594
5.4141
5.5569
5.3722
5.2033
5.2902
5.2875
5.2302
5.0681
5.0380
5.2769
5.3589
5.3623
5.5507
5.3464
5.2702
5.3976
5.1951
5.3855
5.2450
5.2337
5.4408
5.3198
5.2419
5.2386
4.9565
5.1834
5.0068
4.8520
5.0302
5.0639
4.9322
4.9882
4.7526
4.9328
5.1825
5.1942
4.8735
5.1396
5.1739
5.0407
5.1478
5.1052
5.0742
5.1178
5.2755
5.1481
5.1903
5.2015
5.1330
5.2668
5.0304
4.9626
5.1018
5.2614
5.1578
5.1243
5.2250
5.0767
5.0305
5.0494
5.1455
5.1625
5.1487
5.1258
5.0195
5.1357
5.2628
5.0567
5.0874
5.0910
5.1393
4.9785
5.0679
5.1195
4.9173
4.7977
4.9808
5.1043
5.0565
4.9928
5.1072
4.9458
5.0835
5.2878
5.1071
5.0846
4.9582
5.0030
5.2016
5.1691
5.2690
5.2247
5.3336
5.3658
5.3532
5.3096
5.2271
5.3759
5.1649
5.4732
5.5140
5.2160
5.1789
5.1423
5.1007
5.0746
5.1448
5.1912
5.1560
4.9875
4.9340
5.1407
5.4350
5.1985
5.1928
5.3380
5.0846
4.9393
4.8083
4.8958
4.8455
4.8612
4.9775
4.8830
4.8339
4.6733
4.7940
4.6591
4.9249
4.8086
4.6575
4.6922
4.6214
4.6264
4.7194
4.4635
4.5786
4.5312
4.5951
4.7858
4.8795
4.7756
4.7991
4.8280
4.9916
4.6994
4.6454
4.6039
4.5265
4.8772
4.8734
4.8397
4.8901
4.8577
4.9151
4.9311
4.8000
4.7908
4.5292
4.5634
4.6028
4.7657
4.6154
4.7210
4.7798
4.7569
4.9089
4.8473
5.1456
4.9245
4.8519
4.8921
5.0382
4.6887
4.9494
5.0851
5.5083
5.4608
5.3306
4.9782
4.8837
4.9925
5.1018
4.9827
5.3806
5.2009
5.1768
5.1988
5.3225
5.1247
5.2194
5.1676
5.2489
5.2054
5.4852
5.3443
4.9485
5.2333
5.4920
5.6368
5.4550
5.2615
5.3745
5.3511
5.3329
4.9283
5.3398
5.2628
4.9498
5.2412
4.8707
4.7666
5.0245
5.0809
4.9896
4.9308
4.8783
4.9873
4.7632
4.6370
4.7878
4.8770
4.6661
4.8157
4.4583
4.7802
4.5521
4.3694
4.6263
4.7199
4.5966
4.5343
4.5231
4.6928
4.8250
4.8675
5.0459
4.8808
4.9511
4.7453
4.7187
4.9343
4.8142
4.6389
5.0301
4.7338
4.8379
4.5347
4.7613
4.6711
4.6340
5.0187
4.7622
4.5959
4.8716
4.7105
4.7079
4.6864
4.6051
4.7852
4.8146
4.8915
4.5739
4.5572
4.4219
4.5420
4.6067
4.2692
4.5183
4.3083
4.1516
4.4505
4.1487
4.3561
4.1788
4.2437
4.1234
4.2373
4.1421
4.3514
4.4068
4.4347
4.4630
4.4801
4.5185
4.4747
4.4308
4.4699
4.4087
4.4572
4.3526
4.3522
4.6535
4.7553
4.6665
4.7493
4.8056
4.4567
4.7189
4.4358
4.3230
4.4126
4.5611
4.2243
4.2028
4.2374
4.1681
4.5031
4.5283
4.4291
4.3183
4.3510
4.2401
4.4453
4.2700
4.1409
4.2781
4.3654
4.5429
4.4188
4.2355
4.1702
4.1633
4.2041
4.4568
4.5281
4.1573
4.2673
4.2374
4.3495
4.5279
4.3588
4.4227
4.5259
4.3632
4.2723
4.1582
4.3035
4.2511
4.3053
4.2128
4.2810
4.1177
3.9522
4.0870
4.0957
4.1323
4.1471
4.0130
4.2711
4.2613
4.4883
4.2932
4.3748
4.4246
4.3464
4.3740
4.5882
4.4140
4.2967
4.5367
4.5769
4.7339
4.5068
4.6249
4.9094
4.8574
4.7973
4.9092
4.7616
4.9473
4.8822
4.6529
4.5261
4.5310
4.5658
4.4826
4.6497
4.7358
4.6438
4.5168
4.4576
4.5572
4.7051
4.7920
4.7915
4.7611
4.5780
4.7217
4.7402
4.6762
4.6226
4.8616
4.7573
4.8142
4.6844
4.9521
5.0423
5.0432
4.7961
5.2549
5.0684
5.0604
4.9329
5.1361
5.0893
4.8608
4.8833
4.5860
4.7573
4.8864
4.8847
4.8916
5.1585
4.9456
4.6969
4.6669
4.8872
5.0353
4.8216
4.9275
4.8440
4.9769
4.8761
4.8822
4.8982
4.9763
4.9321
4.9953
4.9167
4.9678
4.9143
5.0940
5.0379
5.0054
4.9830
4.9818
5.0524
4.9119
4.8610
4.8570
4.9572
5.0730
5.2342
4.9526
5.1306
4.8460
4.7575
4.7425
4.9831
5.0934
5.1927
4.8695
4.9971
4.9028
4.8502
5.2164
5.1073
4.9695
4.8037
5.1038
4.9911
4.8704
4.8782
4.8812
4.9301
4.9046
5.0540
4.7911
5.0670
5.0293
5.1145
5.2126
4.8307
5.1392
4.9412
5.0123
5.1009
5.0581
5.2387
5.1965
5.2637
5.1331
5.1690
5.1056
5.2115
5.1610
5.1711
5.2144
5.2975
4.9606
4.8170
4.8444
5.0796
5.0623
5.0482
5.1090
4.9829
4.8582
4.8807
4.8650
4.9785
5.2708
5.1999
5.1169
5.0363
5.2073
5.1395
5.1309
5.3095
5.2322
5.1145
4.9732
5.1402
5.3615
5.3246
5.5506
5.3531
5.4437
5.2608
5.2142
5.3724
5.3692
5.3365
5.1012
5.0780
5.2503
5.2489
5.2145
5.2974
5.1754
5.2522
5.2287
5.1259
4.9812
5.0391
5.4383
5.2922
5.2580
5.3160
5.2572
5.0151
5.0143
4.9964
5.0959
4.9009
4.9557
4.9834
5.0375
4.9101
4.9445
4.9337
4.9132
4.9625
4.9734
5.1519
4.8206
4.8581
4.9179
5.0009
4.7599
4.8482
4.8957
4.9722
5.0109
4.9752
5.0340
4.9381
4.8838
4.9996
5.0924
4.9540
4.8667
4.9140
4.7534
4.9456
4.9179
5.0681
5.0657
4.9304
5.2283
5.1651
5.0279
4.9671
5.0346
5.1027
5.0834
4.9546
4.9979
4.9729
4.8859
5.0357
4.8591
5.0019
4.7549
4.7455
4.8043
4.8968
4.9140
4.7819
4.6657
4.6535
4.8203
4.7360
4.5050
4.7446
4.5944
4.7615
4.7198
4.6529
4.8670
4.9367
4.8309
4.8653
4.8707
4.9003
4.9916
5.1024
4.8902
5.1233
4.9908
5.2325
5.0919
5.1103
5.1703
5.2580
5.2186
5.0302
5.1764
5.0880
4.9982
5.2555
5.1955
5.2418
4.9912
5.0590
4.9476
4.9812
4.9385
4.9860
5.1088
5.1247
5.2709
4.9537
5.0338
5.1028
5.2446
5.0468
5.1609
5.1875
5.0374
4.9294
5.0213
5.1857
4.9640
4.9822
5.2128
5.0919
5.1509
5.0973
5.1830
5.2077
5.1024
5.0269
5.2430
5.2385
5.2325
5.1524
5.2706
5.1726
5.5371
5.3847
5.3785
5.2302
5.1073
5.2952
5.0008
5.1635
5.1787
5.0983
5.1517
4.9078
5.0874
5.0150
5.0584
5.3723
5.1971
5.1889
5.0685
5.1076
4.8367
4.9880
4.9652
5.1153
5.1353
4.9879
4.9302
5.0234
5.0637
5.0164
4.9947
5.1776
5.1474
4.9877
5.0899
5.3533
5.2506
5.2204
5.1556
5.2016
5.2161
5.0651
4.8889
5.1228
5.2559
5.3079
5.0714
5.0596
4.7374
5.0466
4.9503
4.8830
4.9131
4.9555
4.9879
5.0089
5.1754
5.0440
5.1837
5.0343
5.0293
5.1757
4.9531
5.0899
4.9739
4.9807
4.9670
5.1303
5.0962
5.1875
5.0203
5.1957
5.1588
5.1662
5.1308
5.2850
5.3312
5.2637
5.1142
5.2180
5.3452
5.2259
5.4003
5.3347
5.2856
5.3607
5.4380
5.3680
5.2717
5.5039
5.4708
5.3856
5.3826
5.2625
5.4461
5.1596
5.3557
5.3614
5.6043
5.3092
5.4011
5.3640
5.4140
5.2352
5.1999
5.1742
5.2546
5.2638
5.0192
5.2101
5.0444
5.2015
5.1206
5.0902
5.0487
5.1684
5.2136
5.2250
5.1598
4.8670
5.2856
5.1979
5.3438
5.2574
5.0541
5.0155
4.8164
5.0494
5.0809
5.0406
4.9715
4.8912
4.8368
4.8080
4.7756
4.7645
4.7749
4.8932
4.9681
5.0983
4.7947
4.9788
4.8137
5.1324
4.9584
5.2675
5.0748
5.1030
4.9809
5.1744
5.2106
5.2453
5.1497
5.0564
4.9078
4.9171
5.2971
5.1055
5.1813
5.1357
5.2191
5.2056
5.1331
5.1147
5.2794
5.1326
5.1316
5.0971
5.2386
5.1198
5.2375
5.2381
5.3128
5.3697
5.2275
5.0857
5.1835
4.9212
5.1301
5.1036
5.3246
5.2226
5.1176
5.2897
4.9644
4.9717
5.0620
4.9861
4.9527
4.9612
4.8915
4.9630
5.0140
5.0353
5.0703
5.2455
5.0008
5.1402
5.1876
5.3946
5.1609
4.9711
5.0625
5.1820
5.0898
5.2215
5.3054
5.1083
5.0577
5.1687
5.1157
5.1738
5.0994
5.3378
5.4772
5.2908
5.1642
4.9043
5.0501
5.3228
5.2743
5.2097
5.2541
5.1246
5.1067
5.2327
5.1202
5.2435
5.4714
5.3608
5.1199
5.0210
5.1459
4.9031
5.1258
4.9586
5.1567
5.1173
5.1703
5.1577
4.9825
5.3309
5.1867
5.2459
5.2320
5.0716
5.1148
5.0860
5.2575
5.0339
5.1948
5.2037
5.0278
4.9683
5.0338
5.1696
5.3270
5.2028
5.0551
5.2134
4.9870
5.1089
4.9765
5.2382
4.9804
4.9262
4.9450
5.0329
5.1461
5.0264
5.2582
5.2741
5.2358
5.0989
5.2793
5.1618
5.1455
5.0040
5.2253
5.4194
5.0960
5.3828
5.2626
5.1654
5.2689
5.3866
5.3264
5.2179
5.2550
5.0813
5.0411
5.2768
5.1774
5.2603
5.3198
5.2635
5.1038
5.4690
5.5169
5.6861
5.4323
5.3157
5.4706
5.3980
5.2670
5.2359
5.4028
5.4117
5.4126
5.2186
5.2931
5.4848
5.4315
5.4132
5.5023
5.3723
5.5355
5.3083
5.3945
5.3151
5.6818
5.3422
5.2219
5.2908
5.3171
5.3150
5.1041
5.3558
5.3555
5.0927
5.1195
5.1641
5.2476
5.1710
5.3473
5.3004
5.3246
5.2939
5.2857
5.4517
5.4408
5.1133
5.4161
5.4897
5.6776
5.4989
5.4827
5.3881
5.4980
5.3970
5.4841
5.5534
5.4211
5.4050
5.4531
5.5269
5.2342
5.5308
5.1454
5.0822
5.4098
5.4862
5.2923
5.4231
5.2515
5.1801
4.9281
5.1545
5.2585
5.0948
5.1452
4.8739
5.3334
5.3678
5.3389
5.3345
5.1973
5.1090
5.2727
5.0491
5.2563
5.1215
5.3024
5.3236
5.2672
5.1840
5.1357
5.2827
5.3140
5.3742
5.5552
5.3592
5.2251
5.3244
5.2644
5.4680
5.6159
5.2842
5.4178
5.4351
5.2283
5.1235
5.3798
5.4955
5.5602
5.2234
5.1140
5.0053
4.9838
5.1243
5.5015
5.3659
5.4133
5.4014
5.4208
5.4501
5.3572
5.3018
5.2712
5.2528
5.3362
5.2209
5.3063
5.2481
5.3725
5.2760
5.3393
5.4103
5.5693
5.4502
5.2365
5.2182
5.3246
5.0881
5.2873
5.4171
5.3429
5.3862
5.1825
5.3396
5.1280
5.1214
5.2231
5.1168
5.0236
5.0258
5.0470
5.2711
5.2089
5.3201
5.5468
5.5446
5.2339
5.3771
5.6970
5.5210
5.3776
5.6545
5.7772
5.7598
5.4401
5.5468
5.5238
5.3606
5.3411
5.3242
5.3606
5.4412
5.2664
5.5363
5.6536
5.7772
5.7895
5.7621
5.5937
5.4580
5.5358
5.5144
5.4857
5.2404
5.1971
5.4581
5.4542
5.3277
5.5228
5.3394
5.3155
5.5216
5.4547
5.3612
5.6091
5.6913
5.5595
5.8357
5.3680
5.6266
5.7962
5.8118
5.4733
5.5628
5.4317
5.4476
5.3555
5.2647
5.7232
5.6561
5.7967
5.6821
5.6261
5.3005
5.6864
5.3034
5.6642
5.5632
5.6238
5.7343
5.6645
5.8359
5.7824
5.8541
5.8588
5.4005
5.7311
5.8597
5.7473
5.6486
5.7329
5.7616
5.5998
5.8545
5.9897
5.9924
6.0088
5.8998
5.8694
5.7935
5.7712
5.7104
5.6786
5.5289
5.4623
5.7569
5.5083
5.7634
5.6878
5.5803
5.7448
5.6949
5.7559
5.4747
5.6244
5.4971
5.3945
5.6087
5.5334
5.6987
5.6726
5.7482
5.5265
5.5254
5.3760
5.5614
5.4362
5.5882
5.5688
5.2974
5.6759
5.3799
5.5981
5.3340
5.5654
5.6641
5.6891
5.6810
5.7636
5.3024
5.3139
5.4571
5.5357
5.4622
5.3206
5.2969
5.3435
5.5051
5.4531
5.5883
5.6544
5.5832
5.6027
5.4755
5.4826
5.2201
5.3008
5.3699
5.2782
5.2780
5.3310
5.5007
5.7196
5.6699
5.4095
5.3896
5.5354
5.5569
5.4833
5.3893
5.3637
5.5550
5.4160
5.4198
5.4006
5.6647
5.6439
5.5512
5.5960
5.4090
5.4501
5.6640
5.6162
5.7221
5.6611
5.5817
5.6868
5.5776
5.5822
5.7074
5.6781
5.6713
5.7007
5.8460
5.7790
5.5964
5.6011
5.7331
5.7770
5.8251
5.6130
5.5803
5.5419
5.6830
5.5644
5.5106
5.6694
5.6872
5.6759
5.6628
5.8040
5.8773
6.0760
5.8695
5.7212
5.8408
5.6756
5.7437
5.5276
5.6930
5.6693
5.8735
5.7561
5.6249
5.7161
5.6355
5.6485
5.5662
5.6483
5.5924
5.5881
5.4725
5.4673
5.7375
5.7255
5.7322
5.7768
5.6901
5.5249
5.6858
5.6926
5.6498
5.8314
5.6907
5.7169
5.5397
5.7494
5.9466
5.6845
5.5697
5.7459
5.5620
5.4579
5.6338
5.5689
5.5752
5.6588
5.6807
5.6576
5.6841
5.8082
5.5546
5.6875
5.7161
5.6157
5.6102
5.6796
5.7383
5.8399
6.0348
5.7288
5.9073
5.7998
5.7063
5.8472
5.8449
5.7772
5.9461
5.9828
5.8444
5.8397
5.8611
5.8206
5.7335
5.6887
5.8128
5.7973
5.8540
5.7990
5.9022
5.8772
5.7603
5.8112
5.8678
5.8449
5.7055
5.6253
5.6732
5.7449
5.7763
5.4573
5.8672
5.6496
6.0479
5.8307
5.7581
5.6903
5.7903
5.8153
5.8743
5.6896
5.6390
5.6896
5.6962
5.5559
5.6934
5.5813
5.6542
5.6116
5.6382
5.5489
5.6267
5.7456
5.6191
5.6804
5.6046
5.5085
5.7216
5.6411
5.7142
5.5011
5.8096
5.8803
5.6284
5.6413
5.7888
5.8562
5.5644
5.7926
5.6964
5.7310
5.6525
5.5451
5.6525
5.6935
5.8466
5.7661
5.6320
5.4705
5.5028
5.5491
5.6134
5.7276
5.7653
5.6652
6.0363
5.9847
5.7473
5.9307
5.7647
5.5986
5.8612
6.0391
6.1432
6.2574
6.2299
6.3412
6.0886
5.7952
5.8374
5.8709
5.6973
5.9345
6.0660
5.7693
6.0129
5.6873
5.6776
5.7570
5.8733
5.8337
5.6736
5.9085
5.8530
5.6281
5.5039
5.6081
5.8738
5.8364
5.9618
5.8542
5.7602
5.8435
5.7441
5.7995
5.7878
5.7587
5.7578
5.7503
5.7583
5.6347
5.6409
5.7903
5.6701
5.5649
5.6013
5.6993
5.4905
5.7825
5.9164
5.8703
6.1894
5.7395
5.6416
5.7145
5.7970
5.9004
5.8066
5.7797
5.8569
5.7414
5.8344
5.7099
5.7180
5.8295
5.7347
5.8899
5.8982
5.8869
5.8831
5.9403
6.0225
6.1038
6.2274
5.9739
5.9886
6.1720
6.0866
6.3474
6.1164
6.1893
6.0334
5.7790
5.8010
6.0628
5.8721
5.8887
6.1073
6.1709
5.9369
5.9830
5.6869
5.8082
6.0004
5.6078
5.9422
5.7408
5.9169
6.0792
6.0862
6.0486
6.0688
6.0600
6.0016
6.1418
5.7231
5.8280
5.8457
5.8378
6.0106
5.7205
5.9429
6.1687
6.1400
6.0277
5.9245
5.8064
5.7807
5.9221
6.0744
5.9010
5.7976
5.8692
5.9829
5.7450
5.8889
5.9706
5.6650
5.5661
5.5316
5.8088
5.7253
5.7257
5.6783
5.6879
5.8640
5.8953
5.6988
5.7335
5.4676
5.6499
5.7044
5.4318
5.6779
5.7213
5.7461
5.5429
5.7151
5.6914
5.7323
5.5276
5.3784
5.4257
5.6197
5.4179
5.3250
5.4157
5.5185
5.5849
5.6042
5.3995
5.6392
5.5552
5.6869
5.8066
5.7485
5.6435
5.8052
5.7402
5.9044
6.0142
5.7649
5.8851
6.1056
6.0435
5.8554
5.7643
5.4371
5.5206
5.7979
5.9170
5.8393
5.6232
5.6931
5.3858
5.2080
5.4916
5.4924
5.6645
5.6309
5.9480
6.0578
6.0777
6.0970
5.8734
5.9318
5.9943
5.9197
5.9942
5.8755
5.8015
6.0574
5.9942
5.8110
5.9060
5.9301
5.8208
5.7935
5.6862
5.5462
5.7714
5.5603
5.5591
5.4828
5.7335
5.6465
5.4826
5.3847
5.5497
5.6003
5.4718
5.3918
5.4512
5.7989
5.8029
5.9376
5.7072
5.7627
5.5361
5.7233
5.6993
5.7223
5.9405
6.0537
6.0951
6.0508
6.0447
6.0242
5.9950
5.7775
5.6228
5.7020
5.5867
5.4033
5.5497
5.5128
5.3995
5.2764
5.4657
5.5383
5.5007
5.5927
5.6142
5.5603
5.6125
5.7255
5.7478
5.5242
5.6203
5.5967
5.7755
5.7605
5.8715
5.8055
5.9008
5.6165
5.5444
5.6545
5.6157
5.5344
5.6999
5.6714
5.5977
5.5866
5.8152
5.8750
5.7293
5.8406
5.7314
5.7921
5.8557
5.8409
5.7709
5.8198
5.7443
5.8278
5.6293
5.5753
5.6030
5.4847
5.5302
5.8069
5.8271
5.7406
5.7468
5.7532
5.8056
5.9577
5.9433
5.7429
5.5660
5.3830
5.4894
5.4906
5.5838
5.5129
5.4529
5.5106
5.5131
5.5228
5.5147
5.7423
5.4429
5.5397
5.4984
5.1626
5.2754
5.2641
5.2933
5.1540
5.2174
5.1925
5.2294
5.4450
5.5796
5.3787
5.4371
5.1808
5.2327
5.4418
5.4610
5.3552
5.3553
5.6941
5.5094
5.8879
5.7558
5.6698
5.8687
5.7923
6.0042
5.9943
5.7973
5.8062
6.0143
5.9739
6.0327
5.8165
5.8538
5.8222
5.7638
5.8682
5.8023
5.6709
5.9707
5.8948
5.7211
5.8948
5.6932
5.9552
5.6540
5.5714
5.8069
5.5780
5.6433
5.7234
5.7950
5.9267
5.7451
5.8489
5.6966
5.6061
5.6625
5.4951
5.6102
5.6098
5.5713
5.8693
5.8686
5.9080
5.8908
5.8611
5.9369
5.8599
5.8195
5.8011
5.8519
5.7182
5.9506
5.7056
5.8215
5.8119
5.6780
5.4885
5.3590
5.4852
5.4143
5.8358
5.8549
5.7839
5.7756
5.7533
5.9341
5.8388
5.7922
5.9656
6.0432
5.8753
6.1077
5.9219
5.9053
5.7797
5.8741
6.0185
5.8206
5.7817
5.8915
5.8132
6.0959
5.7875
5.7740
5.7468
5.9990
5.9564
5.8340
6.0273
5.6836
5.7911
5.6719
5.6025
5.5502
5.6899
6.1041
5.9602
6.1485
5.8178
6.0168
5.7070
5.8283
5.8366
5.7966
6.0446
6.0253
5.7282
5.9691
5.8265
5.9813
5.8955
5.7689
5.9185
6.0458
5.8900
5.9559
5.9558
5.8090
5.9385
5.8949
6.0974
6.0502
5.8835
5.8983
5.9039
5.9163
5.9927
6.0269
6.0068
5.8894
5.9958
5.9882
5.9588
5.8771
5.7636
5.8952
6.1873
5.9228
6.0953
5.8705
5.9422
5.7970
5.8013
5.8811
5.9193
6.0648
6.1083
6.1074
6.1706
6.1852
6.2413
5.9069
6.0403
5.7763
5.8358
5.9497
5.9465
5.7030
5.8771
5.8377
5.5895
5.7431
5.9593
5.8256
5.9166
5.8773
5.5859
5.7160
5.5809
5.7003
5.8238
5.4377
5.6938
5.7042
5.9255
5.8611
5.7862
5.5805
5.8544
5.8552
5.9822
5.8413
5.8120
5.6128
5.5960
5.7314
5.7766
5.9223
6.0927
5.9167
6.0209
5.8094
5.8111
5.7015
5.7795
5.8339
5.5649
5.5805
5.6100
5.6431
5.7450
5.7471
5.6164
5.7467
5.6993
5.5213
5.8276
5.8072
5.6870
5.5547
5.5496
5.6848
5.6734
5.6278
5.4630
5.4695
5.7863
5.8240
5.8418
5.7451
5.5764
5.5132
5.7770
5.3239
5.6831
5.5927
5.5285
5.6794
5.5714
5.6345
5.6827
5.6981
5.7880
5.5087
5.6273
5.6424
5.6942
5.6160
5.8142
5.5751
5.1912
5.4307
5.5943
5.2742
5.5647
5.6277
5.5844
5.8446
5.8653
5.6828
5.5745
5.4093
5.5701
5.5616
5.7652
5.9714
5.6797
5.5645
5.6956
5.5529
5.4606
5.4651
5.3597
5.3474
5.4827
5.5564
5.3103
5.4605
5.6043
5.8531
5.5901
5.5407
5.5813
5.7651
5.4764
5.7813
5.7051
5.7342
5.8584
5.7292
5.8756
5.8354
6.0719
6.1465
5.8982
5.9886
5.8675
5.7903
5.6611
5.7044
5.6728
5.8533
5.8052
5.7490
5.8675
5.6110
5.4686
5.6057
5.4458
5.1706
5.5842
5.7550
5.9088
5.7242
5.7667
5.6919
5.6252
5.3450
5.6149
5.4945
5.6042
5.6376
5.7158
5.7956
5.8379
5.8389
5.8221
5.9847
6.0895
6.0598
5.8441
5.8937
6.0714
5.8163
5.9772
5.7953
5.9592
5.8721
5.9137
5.8439
5.9987
5.5377
5.5437
5.6240
5.9332
5.9076
5.9842
5.7418
5.8087
5.6112
5.6505
5.6768
5.7771
5.9249
6.0984
5.9786
5.8352
5.7453
5.7460
5.5483
5.6702
5.5883
5.6743
5.7954
5.8179
5.8229
6.0588
5.8961
5.7118
5.8501
5.8352
5.7308
5.9238
5.8701
5.6589
5.7360
5.7257
5.7510
5.5562
5.8587
5.9373
5.8665
5.8316
5.9364
5.8433
6.0510
6.1438
5.8786
5.7474
5.8356
5.8644
5.7970
5.6595
5.7912
5.7482
5.4903
5.7502
5.4969
5.6974
5.8157
5.8589
5.9847
5.7668
5.9719
5.9767
6.1199
6.2046
6.3238
6.1861
6.0055
5.9989
5.9824
6.0821
5.7163
5.7868
5.9977
5.9452
5.9452
6.0373
5.9422
6.1394
5.9599
5.9546
5.8891
5.7905
5.8680
5.7571
6.0848
5.8692
6.1149
5.9686
5.9567
6.0186
5.9435
6.0832
5.9834
6.0654
6.0558
5.9666
5.7501
5.9785
6.0743
5.9807
5.7406
5.9021
5.7892
5.7652
5.6032
5.9498
6.0746
6.0028
6.2881
5.9933
5.8250
5.8803
5.8223
5.6449
5.7096
5.8703
5.8580
5.9075
5.8500
5.9376
5.6472
5.6934
5.7377
6.0010
5.7516
6.0481
5.8797
5.8706
5.9303
5.6833
5.8267
5.7481
5.6594
5.8848
5.8731
5.9540
5.5664
5.7021
5.6692
5.6298
5.7656
5.6763
5.6748
5.5658
5.7311
5.4001
5.5498
5.4013
5.3841
5.4495
5.3734
5.1342
5.6376
5.6470
5.4422
5.2901
5.6201
5.3491
5.4880
5.3391
5.6446
5.4798
5.5772
5.6949
5.6211
5.5262
5.5900
5.7486
5.6647
5.5644
5.5737
5.6016
5.4650
5.7222
5.6310
5.8336
5.7172
5.9134
6.0162
5.8690
5.7880
5.8728
5.7747
5.6459
5.9127
5.7389
5.6445
5.7090
5.7432
5.8605
5.5719
5.6724
5.7662
5.5970
5.5803
5.5502
5.8168
5.6286
5.7278
5.5123
5.9258
5.6802
5.8119
5.9257
5.5353
5.9786
5.7711
5.9198
5.8395
5.6388
5.7671
5.7277
5.9096
5.6209
5.9424
5.9800
5.7077
6.0177
6.0500
6.0413
6.0901
5.8738
5.8563
5.9226
6.3137
5.6496
5.6373
5.7003
5.5796
5.6067
5.5320
5.4823
5.7424
5.6242
5.7999
5.5794
5.5043
5.6427
5.7146
5.5873
5.5355
5.8015
5.6291
5.6565
5.5334
5.5967
5.9085
5.6399
5.7871
5.8734
5.6829
5.7431
5.7159
5.6530
5.9444
5.7334
5.6705
5.6403
5.6289
5.8592
5.5076
5.4484
5.5394
5.6710
5.8928
5.6022
5.7037
5.9973
5.9973
6.0722
5.8450
5.7944
5.8831
6.1816
5.9556
5.8466
5.9282
5.8846
6.0236
5.9836
5.7243
5.8390
5.8996
5.7303
5.8684
5.9750
5.5452
5.6123
6.0539
6.1264
6.0116
6.0624
6.2015
6.2959
6.1261
6.0305
5.8989
5.8445
6.0790
5.9028
5.9514
5.9548
5.9047
5.6625
5.6737
5.8310
5.7871
6.0328
5.9322
6.1181
5.7647
5.9119
6.0975
5.8414
5.7714
5.8681
5.8963
6.0930
5.9170
5.8738
5.8795
5.8855
5.6529
6.0116
5.8399
5.8964
5.7710
5.8890
5.7578
5.8918
5.8986
5.8237
5.9172
5.9865
5.7979
5.6163
5.6471
6.0388
5.7181
5.6870
5.6645
5.4266
5.7568
5.7300
5.7280
5.6213
5.8357
5.7135
5.8194
5.9381
6.0141
5.9385
5.7529
5.9830
5.9196
5.9238
6.0030
6.0996
6.1849
6.0076
5.9095
5.8338
5.8967
6.0738
5.9051
5.9818
6.0104
5.9586
5.8018
5.8702
5.9132
5.8357
5.9058
6.0478
6.0253
5.8233
5.8177
5.9544
5.7946
5.6036
5.6716
5.9096
5.8302
5.8080
5.9500
6.0880
5.8931
5.7877
5.7640
5.8849
5.6320
5.8626
5.8762
6.0133
5.7034
5.7394
5.4972
5.9404
5.8560
5.9071
5.9594
5.9065
5.8075
5.7156
5.8432
6.0714
6.0854
5.9772
6.0090
5.7743
6.1103
5.6846
6.0699
5.8492
5.7521
5.6024
5.7489
5.6665
5.8846
5.6853
5.6997
5.7418
5.7623
5.7392
5.7203
5.6373
5.7756
5.7946
5.8360
5.9251
5.6573
5.9101
5.8501
5.9829
5.9213
5.9289
5.9475
5.8764
5.7480
5.6038
5.8303
6.0529
6.1043
5.7907
5.9536
5.9291
5.8693
5.7834
6.1592
5.9593
5.8241
5.8792
6.1317
6.1580
6.2485
6.1943
6.1689
6.1441
6.0131
6.1844
6.0140
6.2671
6.1376
6.4019
5.9270
5.9064
5.8053
5.5833
5.9608
6.0650
6.0464
6.1832
6.0190
5.8592
5.9249
5.9239
5.9592
5.8063
5.7506
6.0211
6.0056
5.9046
5.9093
5.9448
5.9819
6.0028
5.8281
5.7134
6.0759
6.2148
6.2444
6.1288
6.0456
6.1315
6.0282
5.9725
5.9144
5.7857
5.6566
5.8649
5.8133
5.5793
5.5848
5.8103
5.6716
5.6867
6.1232
5.9732
6.1687
5.7959
5.7939
6.0755
6.1220
5.9709
5.8353
5.5926
5.6929
5.6874
5.5987
5.6615
5.6331
5.5059
5.7437
5.9827
5.8264
5.9103
5.9440
5.9089
6.0790
6.0110
6.0876
6.0938
5.9277
5.8903
5.8613
6.0162
5.7923
5.9145
6.1892
5.8322
5.7756
5.8043
5.5526
5.6623
5.6099
5.5777
5.5852
5.6494
5.6683
5.6720
6.2116
5.8362
5.9828
5.9479
5.8539
6.0473
5.8302
6.0246
6.0422
5.7240
6.0966
5.9039
5.7026
5.6675
5.6497
5.5195
5.5219
5.4691
5.5034
5.5473
5.7634
5.7165
5.9219
5.9301
5.8960
5.9434
5.7456
5.5690
5.8015
5.6369
5.8957
5.7256
6.0554
5.6301
5.8266
5.6615
5.8781
5.7143
5.5969
5.6387
5.6279
5.6759
5.8401
6.0469
5.7777
5.5212
5.9390
5.6816
5.7924
5.6862
5.7703
5.8215
6.2089
5.6535
5.9110
5.6095
5.7569
5.7092
5.7473
5.7794
5.8139
5.6853
5.7478
5.9381
5.9055
5.8065
5.7185
5.6485
5.5479
5.5594
5.5939
5.7898
5.5864
5.7027
5.6252
5.5383
5.7485
5.4661
5.5795
5.5277
5.7919
5.8502
5.5725
5.9448
5.6041
5.7387
5.7225
5.3996
5.5836
5.7998
5.6116
5.6332
5.7805
5.5547
5.8986
5.9318
6.0690
5.7635
5.8560
5.8618
5.7674
6.0593
5.9178
5.8290
5.8011
5.7968
5.8100
5.8417
5.6636
5.6531
6.0492
5.8916
6.0384
5.8465
6.1632
6.1450
6.1512
6.3358
6.2417
6.1789
6.1274
6.1743
6.4564
6.1444
5.8273
5.6708
5.8487
5.7758
5.9291
5.9905
5.8547
5.8208
5.5036
5.7936
5.6486
5.6829
5.7823
5.6429
6.0538
5.9614
5.9059
5.8418
5.8450
5.7394
6.0646
5.8796
5.8414
5.6642
5.7612
5.6783
5.5456
5.7204
5.9144
6.0836
5.9123
5.9913
5.8125
6.0056
5.5548
5.5953
5.6284
6.1053
5.6396
5.6814
5.9094
5.8755
5.9825
5.7769
6.0554
5.9523
5.8103
5.8781
5.8351
5.7553
5.8480
5.6984
5.6857
5.8700
5.8341
5.8802
5.6885
5.6626
5.8434
5.8636
5.8477
5.8659
5.7859
5.7464
5.8062
5.9413
5.7347
5.6243
5.8051
5.7514
5.8656
5.7330
5.6657
5.5131
5.8370
5.8042
5.7385
5.7956
5.7306
5.7500
5.7610
5.8025
5.9068
5.7665
5.6363
5.7140
5.8465
5.7469
5.8988
5.7825
5.7330
6.2511
6.2204
6.3057
6.1451
6.2227
6.2047
6.2999
6.5031
6.4598
6.5331
6.6535
6.7668
6.4192
6.4752
6.2994
6.4940
6.6302
6.6838
6.2771
6.6971
6.3765
6.4669
6.4690
6.6186
6.5689
6.2482
6.0938
6.1967
6.2616
6.3232
6.6166
6.5116
6.2586
6.7678
6.5860
6.7256
6.7494
6.8560
6.7107
6.5567
6.6288
6.5138
6.6555
6.5484
6.6381
6.4865
6.5113
6.5544
6.7781
6.7197
6.4952
6.6122
6.7409
6.6807
6.6370
6.4023
6.3659
6.3648
6.3290
6.6374
6.4315
6.4278
6.4407
6.5999
6.3304
6.2760
6.3287
6.2389
6.5786
6.7228
6.6820
6.5282
6.6205
6.5912
6.4368
6.8009
6.8210
6.7894
6.6926
6.5883
6.5464
6.4001
6.2945
6.2506
6.3473
6.3125
6.4394
6.4359
6.6584
6.5338
6.3195
6.0588
6.1335
6.2574
6.3196
6.3603
6.3975
6.4128
6.6963
6.5891
6.6541
6.5368
6.5917
6.6032
6.5000
6.6667
6.4193
6.3281
6.6975
6.5935
6.2669
6.5016
6.6702
6.7145
6.6105
6.6843
6.7018
6.6086
6.7203
6.7095
6.4567
6.4002
6.3829
6.3656
6.3651
6.3962
6.5014
6.4413
6.5480
6.4847
6.4928
6.4228
6.6758
6.6402
6.5076
6.5547
6.5676
6.4613
6.4252
6.3326
6.6807
6.7939
6.9072
6.5844
6.4971
6.6621
6.6760
6.6209
6.7022
6.6581
6.3550
6.6628
6.5624
6.5567
6.7236
6.7912
6.7877
6.4423
6.4946
6.5024
6.3825
6.3813
6.2226
6.5334
6.3382
6.2922
6.4828
6.1516
6.5722
6.1277
6.0402
6.1801
6.2347
6.1845
6.1795
6.4417
6.6498
6.5124
6.4514
6.4311
6.8646
6.8091
6.9382
6.9796
6.6922
6.6316
6.5727
6.7948
6.7500
6.6459
6.9124
7.0312
6.9862
6.6366
6.9750
6.7922
6.9376
6.9285
6.9833
6.8428
7.1154
6.9812
6.8225
6.7013
6.9127
6.8283
6.8924
6.5573
6.9416
6.7806
6.8661
6.7627
6.8533
6.7055
6.8971
6.3691
6.5382
6.3548
6.1550
6.3975
6.2336
6.4270
6.7810
6.7158
6.5129
6.6080
6.6029
6.6259
6.5111
6.6015
6.5949
6.8652
6.6262
6.6072
6.1015
6.4075
6.4692
6.6707
6.6313
6.4825
6.6209
6.3921
6.2628
6.5622
6.5367
6.5208
6.4082
6.7273
6.3579
6.3064
6.3947
6.6915
6.1778
6.1604
6.3341
6.2804
6.4815
6.8066
6.6465
6.3919
6.4860
6.1369
6.1178
6.0793
5.9734
5.9844
5.8178
5.7773
5.8259
5.8264
6.0050
6.1363
6.2136
5.9926
6.0892
5.6292
5.4951
5.9240
5.9630
5.9533
5.6544
5.6161
5.7124
5.5848
5.9444
5.8558
5.8141
5.9448
5.9422
5.9510
6.0071
5.8252
5.9387
5.7917
5.8680
5.8370
5.8366
5.8719
6.0128
6.0958
5.9645
5.8972
6.0612
6.0696
5.8318
6.3533
5.9938
6.3711
6.3191
6.3641
6.3466
6.3190
5.9580
6.1100
6.0295
5.9745
6.1292
6.1856
6.1810
6.1932
6.1706
6.0952
6.1773
6.3921
6.4575
6.3169
6.4681
6.4842
6.4114
6.5123
6.4084
6.3663
6.1185
6.1762
6.3138
6.2125
6.0788
5.9262
6.1375
6.1422
6.0727
6.1185
6.2806
6.2467
6.0129
6.1855
6.3641
6.3607
6.2030
6.2748
6.2837
6.1677
6.1321
6.1421
6.1657
6.2478
6.0764
6.0522
5.8895
5.9316
5.9438
5.9937
6.2906
6.1587
6.1925
6.1667
6.3936
6.4028
6.2998
6.3293
6.5274
6.4250
6.3084
6.1744
6.0943
6.1886
6.0890
6.0537
6.2075
6.0942
6.3522
6.1872
6.1419
6.0804
6.2438
6.0734
6.2543
6.2548
6.2858
6.0110
6.0654
6.0442
5.7913
5.9841
5.9380
5.9672
5.9046
5.5487
5.7179
5.7249
5.9205
6.0593
6.2084
6.0005
6.0560
6.3831
6.0538
6.1576
5.8140
5.6459
5.6405
5.8207
5.9697
5.8932
5.9404
5.8289
5.9159
5.8170
5.8262
5.9318
5.6696
5.7502
5.8611
5.7412
5.8287
5.6378
5.8932
5.7669
5.8047
5.6584
5.9530
5.8355
6.2255
6.0840
6.0974
6.1093
6.0608
5.9005
5.9757
6.1152
6.0152
6.0826
6.0666
6.0587
6.1588
6.2730
6.2163
6.1854
6.3196
6.1435
6.2458
6.0198
6.1373
6.1662
6.1674
6.2182
6.2345
6.2829
6.2600
6.4199
6.3766
6.1361
6.1642
6.2095
6.3178
6.1205
6.3181
6.2924
6.0348
6.1268
6.1685
6.1951
6.2470
6.3291
5.9752
6.2875
6.2704
6.0243
6.0387
6.0521
6.3570
6.2112
6.1616
6.0190
6.0925
6.1483
5.8378
6.0233
5.9475
6.3434
6.0907
5.6499
5.8968
5.9627
5.8957
5.8457
5.9474
6.0860
5.9683
5.8760
5.9789
5.8294
5.7452
5.8192
5.6129
5.8954
5.8715
5.7778
5.9146
5.8647
5.8216
5.5920
5.5312
5.3898
5.6125
5.4933
5.4352
5.5993
5.5361
5.3367
5.2657
5.3758
5.4245
5.5985
5.4502
5.5181
5.2962
5.3454
5.5473
5.6081
5.8589
5.8202
5.5689
5.8128
5.6132
5.6503
5.6299
5.6779
5.3486
5.7734
5.6263
5.6306
5.6121
5.8425
5.6514
5.7197
5.8980
6.0763
6.1573
6.2551
6.2565
6.3039
6.2060
6.4121
6.1961
6.2833
6.0715
6.5073
6.4882
6.4686
6.6412
6.4069
6.5267
6.3438
6.2056
5.9806
6.3315
6.4811
6.4595
6.2898
6.2967
6.1709
6.3815
6.1428
6.3235
6.3468
6.4899
6.2609
6.3164
6.4526
6.4237
6.3652
6.1083
5.8574
5.8080
6.1362
6.0346
5.8790
5.9124
5.9251
5.7742
5.6184
5.5901
6.0324
5.9254
5.9778
5.9667
6.1517
6.0582
5.6901
5.9528
5.8975
5.9512
6.1951
5.8158
5.9466
5.7912
5.8422
5.8550
5.9868
6.0151
5.9932
5.8331
5.9037
5.8068
5.8572
6.1632
6.0562
6.0393
5.7225
5.7719
5.9416
6.0081
5.9757
5.7239
5.7913
5.7085
5.6664
5.6912
6.0146
5.6501
5.6011
5.8847
5.8028
5.7538
6.0313
5.8842
6.1114
6.0699
5.9404
6.0811
6.2859
6.2521
5.9969
5.9625
6.2832
5.9296
6.0039
6.3487
6.1506
6.1636
6.0699
5.6238
5.6543
6.0060
5.9880
6.1006
5.7703
6.1583
6.2532
6.0220
6.2892
6.2382
6.1078
6.2514
6.1832
6.3795
6.1730
6.4318
6.3510
6.4612
6.3148
6.2571
6.2844
6.3599
6.3915
6.4143
6.3126
6.1385
6.2316
6.7559
6.5114
6.2296
6.5781
6.1651
6.1592
6.2416
6.4890
6.4843
6.4688
6.4715
6.6269
6.5565
6.6333
6.2641
6.3137
6.3570
6.4637
6.4898
6.1449
6.4513
6.2682
6.2099
6.2422
6.3593
6.4090
6.3086
6.1657
6.2666
6.2652
6.2936
6.3045
6.1958
6.3206
6.3405
6.1481
6.2305
6.1510
6.0875
6.1197
6.1646
6.0659
6.1184
6.0169
6.1768
5.9527
6.2196
6.1086
6.3601
6.2045
6.3627
6.3427
6.3707
6.5308
6.2472
6.0925
6.1005
6.1122
6.1250
5.9628
6.1267
5.9317
5.8829
5.8741
6.0320
5.8739
6.0227
6.0134
5.9001
6.0201
5.8984
5.8707
5.7005
5.7650
5.5918
5.7721
6.1574
6.0875
6.1108
6.1493
5.9887
5.9534
6.0980
6.1976
6.0757
6.0583
6.0564
5.8993
6.0434
6.1747
6.1827
6.2251
5.9387
6.0922
6.2328
6.3659
6.1561
6.0131
6.3593
6.1321
6.2170
6.4024
6.3804
6.4564
6.6039
6.5297
6.2197
6.1158
6.1258
6.4643
6.3269
6.4687
6.2546
6.5411
6.2028
6.4852
6.4078
6.4931
6.2269
6.3965
6.2865
6.2210
6.4193
6.2035
6.5757
6.3943
6.4928
6.4333
6.5092
6.3211
6.0924
6.3056
6.3543
6.5738
6.3040
6.4267
6.7168
6.5385
6.3241
6.5822
6.3466
6.4292
6.4414
6.6442
6.5308
6.4202
6.3143
6.4174
6.5265
6.3467
6.4697
6.4792
6.0807
6.4200
6.4090
6.3468
6.4482
6.4776
6.3839
6.5002
6.4250
6.4431
6.1796
6.4202
6.2448
6.2065
6.3509
6.2218
6.3695
6.2838
6.5986
6.3111
6.1322
6.3031
6.2491
6.3206
6.2883
6.2287
6.1895
6.1641
6.1235
6.2769
6.3074
6.1360
6.0485
5.9197
6.0408
6.3855
6.3254
6.3309
6.2621
6.3199
6.1794
6.1452
6.1722
6.4367
6.1615
6.0255
6.1063
6.0547
6.2136
6.1086
5.7425
6.0649
6.2116
6.0955
6.0571
5.9616
6.1495
6.1274
6.1914
6.1421
5.9685
6.0543
6.1216
5.8532
5.7081
5.7953
5.9432
5.9364
5.7216
5.6897
6.0559
6.3280
6.0135
5.8636
6.3067
6.0137
6.1238
6.0735
6.1478
6.2405
6.1001
6.2983
6.2766
6.0536
6.0907
6.3137
6.1377
6.1321
6.2526
6.1911
6.3155
6.5905
6.2362
6.4384
6.4247
6.4198
6.6971
6.7089
6.4725
6.4449
6.3381
6.5207
6.5810
6.4061
6.5327
6.3971
6.4324
6.4596
6.4425
6.3497
6.1790
6.2874
6.4987
6.3261
6.3717
6.4768
6.4725
6.6099
6.5903
6.3722
6.2708
6.3066
6.6228
6.2658
6.4074
6.6067
6.3088
6.6267
6.7153
6.7350
6.6846
6.5354
6.4119
6.4814
6.3944
6.5159
6.2341
6.5299
6.2843
6.2454
6.3453
6.2654
6.2071
6.1503
6.3215
6.1199
6.4613
6.6478
6.5488
6.2790
6.6036
6.4632
6.4881
6.4817
6.4768
6.4154
6.4432
6.5194
6.2468
6.0684
6.0143
6.1529
5.9719
6.0231
6.2694
6.1331
5.7727
6.1363
5.9654
5.9993
6.3090
6.1559
6.4148
6.2098
6.4130
6.3822
6.4109
6.1561
6.1738
6.3169
6.4975
6.6509
6.6876
6.4440
6.7073
6.5902
6.4218
6.4280
6.4048
6.4102
6.9887
6.6029
6.6065
6.5721
6.4701
6.3886
6.4635
6.4558
6.8274
6.6290
6.4444
6.1898
6.3098
6.3505
6.5005
6.5916
6.6278
6.5285
6.4105
6.4957
6.4925
6.4083
6.6621
6.6314
6.5597
6.7123
6.6935
6.6040
6.2200
6.4315
6.4992
6.6631
6.5116
6.5468
6.4770
6.3872
6.2267
6.3139
6.4014
6.6008
6.5540
6.6001
6.4275
6.7264
6.4983
6.4416
6.3563
6.4775
6.6412
6.6389
6.3199
6.2517
6.5835
6.4678
6.3192
6.1150
6.0355
6.2219
6.1331
6.3493
6.3614
6.2628
6.4209
6.1792
6.2847
6.3621
6.3343
6.2438
6.3186
6.4173
6.1299
5.8090
6.1132
6.0445
5.9951
6.0979
6.1204
6.1141
6.2438
6.5684
6.1599
5.8664
6.0442
6.2507
6.9754
6.5640
6.8056
7.0032
6.8848
6.8990
6.6958
6.6958
6.6406
6.7897
6.6454
6.6308
6.9285
6.6721
6.7459
6.5220
6.5469
6.6615
6.5498
6.6065
6.6335
6.9970
7.1120
7.0011
6.9704
6.3134
6.3014
6.1529
6.4293
6.5834
6.7592
6.6132
6.7636
6.6581
6.5719
6.4435
6.2861
6.4569
6.4877
6.2508
6.6876
6.5035
7.0455
6.7777
6.7782
6.9461
6.6845
6.5319
6.7124
6.8162
