3.2920
3.0573
3.3110
3.1089
3.5220
3.2598
3.1727
2.8481
3.5862
3.4598
3.1400
3.3241
3.4915
3.4762
3.5865
3.5087
3.3417
3.3278
3.8397
3.4095
3.5379
3.1537
3.4372
3.2928
2.9028
3.1235
3.2762
3.0251
3.2710
2.9615
3.2316
3.2662
3.6050
2.7811
3.1944
3.0418
3.1907
3.1855
3.5377
3.1652
2.9966
3.7411
3.7034
3.7839
3.2916
3.4843
3.3558
3.4442
3.3573
3.3012
3.1375
3.0091
3.2380
3.3451
3.1660
3.3227
3.0861
3.0220
2.9886
3.0360
3.2016
2.9802
2.8856
3.2214
3.1510
2.9583
2.9685
3.0261
3.2659
3.3059
3.1044
3.5001
3.3709
3.8041
3.6727
3.4354
3.3369
3.2926
3.3347
3.0011
3.4222
3.1711
3.1287
2.8396
3.0956
3.1211
3.5595
2.9815
3.0318
2.7592
3.2146
3.1080
3.0367
3.3150
3.1003
2.7216
2.9430
2.4985
2.8924
2.7705
2.8955
2.7311
3.0257
3.0029
2.9277
3.3759
3.2528
2.8162
2.9977
3.1663
2.9645
3.1122
2.9152
2.9354
2.7752
2.9429
2.6629
2.8702
2.8010
2.6884
2.7185
3.0733
2.9873
2.9680
2.4234
2.7571
2.9420
3.1636
2.9687
2.8388
2.9780
2.5247
2.8397
2.6811
3.4321
3.0329
2.7982
2.6633
2.6465
2.5505
2.7265
2.5625
2.9433
2.8489
2.8181
2.7047
2.4710
2.9271
2.8703
2.5161
2.5264
2.7201
2.6724
2.6278
2.4569
3.0108
2.7325
2.5619
2.5527
2.7214
2.7776
2.5619
2.3184
2.2435
2.1738
2.3064
2.3295
2.9249
2.5955
2.2718
2.2353
2.0965
2.2546
2.5360
2.6429
2.5375
2.5669
2.5100
2.6162
2.5946
2.7277
2.7827
2.8828
2.5608
2.8931
2.9184
2.7580
2.4666
2.9826
2.6217
2.6375
2.8353
2.7886
2.8090
2.5696
2.5661
3.2167
3.1737
3.1795
3.5778
2.6344
2.7094
2.6008
3.0314
2.2987
2.8392
2.2888
2.6358
2.5865
2.7230
2.6451
2.6905
2.5579
2.5190
2.2635
2.9470
2.6081
2.5966
2.9503
2.8164
3.2331
3.3664
3.0601
3.1071
3.1278
3.5223
3.3746
3.3562
3.3266
3.4578
3.2342
3.4257
3.4342
3.7034
3.4742
3.4296
3.0716
3.4059
3.2110
3.2148
3.2371
3.2041
3.2619
3.1389
2.9204
3.5715
3.6757
3.2988
3.3635
3.6429
3.5484
3.6029
3.4774
3.6751
3.3709
3.1773
3.3215
3.6896
3.6581
3.5882
3.5617
3.2418
3.2940
3.4107
3.1985
3.6664
3.4363
3.7478
3.3092
3.2067
3.0634
3.4020
3.4062
3.5275
3.7191
3.6375
3.4067
3.6031
3.5372
3.4503
3.6742
3.7314
3.5926
3.6171
3.5760
3.4221
3.0725
3.3180
3.5642
3.5537
3.3243
3.2217
3.7086
3.9121
3.4926
3.6132
3.5008
3.5687
3.4189
3.6582
3.3792
3.5500
3.0740
3.2345
3.6960
3.3020
3.5478
3.4920
3.0798
3.0632
3.1722
3.4815
3.2883
2.9582
3.0189
3.0990
3.4172
2.9653
3.2840
3.0010
3.6706
3.1842
3.3521
3.2965
3.1627
3.1535
3.2557
3.1880
3.1243
3.1474
3.1208
3.0504
3.1722
3.0761
3.0702
3.1667
3.1371
3.2298
2.8928
2.7637
2.8658
3.1445
2.9338
3.1958
2.9054
2.9184
2.9758
3.2010
2.7459
3.1247
3.1384
3.2899
3.4006
2.9614
3.2209
3.1088
2.9191
3.1779
3.2839
3.1822
3.0859
3.0164
3.0856
3.3130
3.2694
3.4992
3.2468
3.2581
3.1543
3.2416
3.3476
2.9985
3.0464
3.2322
3.0102
3.1963
3.0680
3.2777
3.2613
3.2458
3.2679
3.3604
3.1998
3.2085
3.3959
2.9776
3.2015
3.0850
3.1884
3.4358
3.2796
3.3930
2.9961
3.0438
2.9706
2.8739
2.8107
3.1288
3.2058
3.1851
3.0586
3.0674
2.8416
3.2947
3.3955
3.4046
3.4334
3.1603
3.1866
2.9128
3.2428
3.0299
2.9249
2.9691
2.8300
2.7969
3.1641
3.1177
3.3226
3.1191
3.3436
3.2143
3.2571
2.8732
3.0925
3.0025
3.2290
2.9340
2.9465
3.1601
2.8771
2.6532
3.0848
2.9213
3.0130
3.0628
3.2113
3.2903
3.0189
3.1271
3.0707
3.1840
2.9781
3.2515
3.0336
3.1244
3.1250
3.2247
2.8858
2.9820
3.0128
3.2225
3.2574
3.2120
3.1376
3.0408
3.3043
3.3243
3.2192
3.2963
3.3280
3.2680
3.2593
3.3222
3.3649
3.2264
3.0094
3.0361
3.0455
3.1406
2.9276
2.7854
3.0296
3.0413
3.1096
3.0593
3.0682
3.1691
3.1288
3.1034
3.1649
3.0827
3.2861
3.0825
3.2620
3.2970
3.1467
3.3960
2.9179
3.2673
3.3136
3.3603
3.1958
3.5693
3.2066
3.2699
3.6323
3.1450
3.4390
3.6722
3.4700
3.4967
3.5364
3.5250
3.3837
3.3668
3.1277
3.1664
3.3799
3.5545
3.2697
3.3731
3.1445
3.4629
3.3368
3.3181
3.5395
3.3819
3.2737
3.3154
3.7727
3.6887
3.4698
3.7311
3.6034
3.6519
3.3796
3.2098
3.3863
3.5309
3.4377
3.2837
3.4287
3.4626
3.4528
3.5628
3.5218
3.3846
3.2851
3.2834
3.1521
3.4611
3.4362
3.5097
3.4734
3.3236
3.2545
3.1128
3.2984
3.1709
3.1565
3.1798
3.0632
3.2956
3.5247
3.5585
3.4093
3.2497
3.1492
3.3185
3.3618
3.2156
3.4623
3.0295
2.9898
3.2430
3.1330
3.1827
3.2747
3.0751
3.0015
3.2741
2.9726
3.3306
3.1799
2.9404
3.1471
3.0439
3.2123
3.2019
2.9351
2.9764
3.0475
3.0417
3.0601
3.0378
2.8834
3.0768
2.8913
2.9876
3.0048
2.9103
3.3163
3.0589
3.0958
2.8092
3.1509
3.1658
3.1177
3.0784
3.0691
3.0444
2.9558
2.9870
2.6768
2.7652
2.9910
3.2395
3.1814
3.2561
2.9934
3.1307
3.0211
3.0597
3.1289
3.0462
3.1094
3.0947
2.7645
2.9958
2.9780
3.2980
3.2749
3.1584
2.9848
3.1126
2.9203
3.0710
3.2028
3.4099
3.1687
3.1522
3.4217
2.9317
2.9732
3.0803
2.6331
3.3799
3.2135
2.9958
2.8676
2.9847
3.2676
3.0686
3.1963
3.1816
3.1417
2.7772
3.1307
3.0123
3.1800
3.0682
3.1608
3.3011
3.1147
2.9854
3.1634
3.2160
2.9900
2.9955
3.2491
3.0933
3.2968
3.0309
3.1464
3.2515
3.4061
3.3387
2.9357
3.1136
2.9732
3.1471
3.0126
3.0837
2.9868
2.9571
2.9768
2.8236
3.0751
2.9553
3.1323
3.0955
2.9554
2.7099
2.9185
3.0589
2.9320
3.0128
3.1017
2.9849
2.8341
3.1292
2.9587
2.8361
2.7708
3.0411
3.0517
2.9881
3.0713
2.9357
3.1301
3.1029
2.8480
3.1322
3.0030
3.1956
2.9560
3.0774
3.0684
3.0402
3.3467
3.1880
3.0973
3.0894
3.2873
3.1960
3.1907
3.0816
2.6138
2.9338
2.8942
3.3582
3.0720
3.3834
3.0621
3.1286
3.2353
2.9712
2.8088
3.0575
3.1876
3.0771
3.0431
3.1768
3.4055
3.0586
2.9738
3.1593
3.4789
3.3121
3.1958
3.0405
2.7778
2.6867
3.3018
3.3341
3.0533
3.0178
3.3280
3.1690
3.3225
3.1222
3.3549
3.2121
3.2061
3.1702
2.8287
3.0754
3.1242
2.8589
2.8001
2.8470
2.9971
2.9081
2.8617
2.9892
3.1666
2.7753
2.8344
2.9144
3.0174
2.9854
2.8788
3.1489
2.8081
2.9382
2.9813
2.9782
3.0327
2.9604
2.8558
2.9402
2.8366
2.8363
2.8210
2.8507
2.9478
3.2004
3.0675
2.8289
2.8999
2.8341
2.7723
2.7015
2.7193
2.7979
2.7666
2.8701
2.8779
2.9919
2.7789
2.8855
2.8699
2.7898
2.5276
2.6131
2.3751
2.7684
2.1702
2.6105
2.6574
2.5203
2.6765
2.6885
2.7047
2.8977
2.7036
2.7088
2.8637
2.6910
2.8839
2.7980
2.7613
2.6284
2.5332
2.5275
2.7305
2.5918
2.7090
2.7204
2.7111
2.8563
3.0081
2.9040
2.8999
2.9052
3.0266
2.8444
3.0000
2.8363
3.1288
2.9144
3.0311
3.0713
3.1486
3.2710
2.9150
3.0801
2.9408
2.9448
3.0978
3.2846
2.8187
3.0162
3.0629
3.1320
3.1389
2.9238
2.8071
2.9023
3.0633
3.0641
2.9834
2.6799
2.9277
2.6480
2.9408
3.0669
2.9726
3.1797
3.0728
2.8719
3.1714
3.1715
3.2858
3.2221
2.8998
3.0417
2.7997
3.3004
2.9811
3.1489
3.2439
3.2454
2.9753
3.1127
3.1378
3.0251
2.9170
3.0468
3.0031
2.9915
3.0682
2.7897
2.8374
3.1359
2.9767
2.7503
3.2131
2.8236
2.7708
3.1258
2.8629
2.8665
2.8674
2.9414
3.1728
3.0736
3.0778
3.1146
3.1487
3.0161
2.7444
2.6258
2.6171
3.1379
3.0211
2.9812
3.0813
2.9090
2.9364
2.8387
2.8752
2.9378
2.8284
2.9384
2.9878
3.0894
2.7057
2.9268
2.6872
2.6014
2.8701
2.8974
2.7847
2.9521
2.7986
2.8575
2.7936
3.1148
2.8183
2.9472
2.7463
2.8775
3.0033
3.1112
3.0038
3.3131
2.9016
3.1097
2.8717
2.9480
2.5780
2.9388
2.5956
3.2565
3.1063
2.8094
2.7055
3.0489
2.9955
2.3654
3.0866
2.8954
2.8791
2.8403
3.0836
3.2670
3.1883
3.0190
3.2500
2.6914
2.7596
2.9213
2.6210
2.9951
2.9905
3.0538
3.1848
2.9449
2.9929
2.9061
3.1246
2.5558
2.8760
2.8159
2.8415
3.0598
3.1894
2.9062
3.1065
3.2691
2.6869
2.9803
2.5490
2.7263
2.6198
2.5203
2.7342
3.0572
3.2100
3.0174
3.0924
3.0250
2.9225
2.7563
2.7112
2.8561
3.0481
3.0653
2.6950
2.8256
2.5805
2.9083
3.0861
2.9229
2.7479
3.0337
2.7201
2.8974
2.8291
2.9227
3.0735
2.7921
3.1923
2.7771
2.7657
2.8898
2.9927
2.8298
2.9429
2.7661
2.9643
2.7647
2.8053
2.7955
2.7367
2.7332
2.9783
3.0233
2.7661
2.8382
3.1541
3.3189
3.5197
3.1710
3.8577
3.3844
3.2309
3.0481
3.2381
3.3189
3.3094
2.9906
3.0196
2.9011
2.9729
3.3451
3.0337
3.2514
3.3331
3.1993
3.1633
3.2953
3.2109
3.5767
3.4629
3.2000
3.4002
3.2265
3.3135
3.3235
3.2210
3.5299
3.2584
3.1678
3.2979
3.7773
3.3115
3.2367
3.4061
3.0831
3.3233
3.6364
3.4640
3.4863
3.1679
3.4409
3.7237
3.5558
3.1782
3.3175
3.4539
3.2902
3.3559
3.7564
3.2482
3.4108
2.9963
3.2091
2.7529
3.1927
3.2174
3.1743
3.2964
3.6759
3.0850
3.1571
3.0729
3.0916
2.8329
2.6814
2.5998
2.7991
2.9008
2.8481
3.3401
3.2336
3.3375
3.1814
2.9996
3.0666
2.9652
3.0868
3.2875
3.2718
3.3310
3.3929
3.1892
3.2379
3.2278
3.3892
3.4444
3.7282
3.6828
3.4081
3.7450
3.1899
3.4117
3.6399
3.3051
3.5566
3.8165
3.8293
3.6596
3.6460
3.3320
3.6532
3.4888
3.8716
3.4817
3.5749
3.2247
3.5857
3.7638
3.5691
3.5513
3.6140
3.3955
3.6819
3.4843
3.7636
3.6125
3.5378
3.1784
3.2980
3.4567
3.4667
3.6331
3.6058
3.4661
3.4580
3.6368
3.6327
3.8312
3.7841
3.9829
3.6830
3.8222
3.5587
3.7363
3.9813
3.7920
4.0725
3.8577
3.6417
4.0207
3.8672
3.9105
3.8847
3.7696
3.5989
3.7579
4.1898
3.9939
3.8152
3.8826
4.0474
4.0521
3.8849
3.9942
4.1480
4.0263
4.3038
4.1346
4.1555
4.2839
3.7632
4.2198
4.3593
3.8192
4.1129
4.0049
4.4360
4.2061
4.1851
4.0070
3.9192
3.8240
3.6466
3.7164
3.9030
3.9767
3.7112
3.7093
3.7389
3.6218
4.1406
3.9263
3.9882
4.1668
3.5206
3.5660
3.5715
4.0003
3.8414
3.7099
3.7413
3.9322
4.0414
3.5609
3.5051
3.4915
3.5581
4.2955
4.0988
3.8046
4.1525
4.1797
3.9503
3.7593
3.7745
3.8962
4.0225
3.7571
3.7563
3.7920
3.8084
3.5973
3.6621
3.3305
3.6898
3.3811
3.5674
3.3460
3.3283
3.4594
3.5222
3.2135
3.1103
3.2965
3.3441
3.3886
2.7747
3.1141
3.3917
3.3476
3.3603
3.2331
3.3525
3.3271
3.1864
3.0778
3.1391
3.4498
3.3613
3.2947
3.4700
3.1864
3.5250
3.5072
3.0077
3.3653
3.3971
3.3076
3.2577
3.3184
3.2502
3.5342
3.0520
3.2382
3.4392
3.4325
3.4638
3.1379
2.9705
2.9469
3.2015
3.2289
3.2347
2.9732
2.9264
2.5551
2.9109
2.7631
2.8036
2.7518
2.9801
3.0937
3.0732
3.1380
3.2523
3.0560
3.0351
2.8104
3.0794
3.0951
2.8528
2.8256
2.6447
2.8409
2.8658
2.7447
2.8925
2.9729
2.8510
2.8553
3.0568
2.6560
2.8828
2.7658
2.8704
2.6444
2.4997
2.6908
2.7441
2.3445
2.7253
2.6385
2.7334
2.6975
2.8962
2.2814
2.4060
2.7867
2.5370
2.7967
2.7600
2.8140
2.7211
2.7647
2.6797
3.0156
2.9883
2.6174
2.8819
2.8008
2.7668
2.9445
2.9408
2.8770
2.9799
2.8420
3.0640
3.5943
3.1909
3.0792
3.2555
3.1469
2.8747
3.0321
3.1162
3.0947
3.3284
2.8645
3.2808
3.1167
2.8920
3.1374
3.3973
3.0552
3.2220
2.7937
2.8941
3.1303
3.0721
3.1232
3.1135
3.1667
3.5001
3.3249
3.3993
3.3623
3.1925
3.2567
3.4911
3.0383
3.6140
3.0791
3.3820
3.5403
3.3932
3.2008
3.2548
3.2018
3.0763
3.2383
3.5299
3.4647
3.4000
3.2895
3.2707
3.1396
3.0674
3.1485
3.0028
3.4959
3.2433
3.3588
3.0608
3.0343
3.0980
3.1286
3.2404
3.6252
3.5183
3.1484
3.2269
3.1526
3.1726
3.4439
3.3607
3.0430
3.4026
3.7454
3.9460
3.7311
4.3252
3.8580
3.5692
3.3370
3.4594
3.8246
3.4342
3.5728
3.5511
3.6974
3.7707
3.6140
3.5589
3.5190
3.4127
3.5379
3.5066
3.6826
3.4606
3.2319
3.3714
3.1955
3.1662
3.4938
3.5662
3.7253
3.3594
3.3895
3.4552
3.5387
3.3820
3.8570
3.4105
3.3239
3.1543
3.5115
3.4800
3.3352
3.6124
3.6234
3.5140
3.4805
3.3094
3.3874
3.8101
2.9994
3.4208
3.2160
3.0782
3.8509
3.7255
3.6713
3.2438
3.6011
3.3321
3.6084
3.0325
3.7200
3.4347
3.2436
2.9597
3.2243
3.3852
3.3392
3.7469
3.4420
3.3022
3.0673
3.3777
3.2655
3.1548
3.6341
3.2853
2.9684
3.3470
3.3704
3.0895
3.2508
2.9154
3.4440
3.0099
2.8628
3.2662
2.9525
3.4407
3.2701
2.7797
3.2746
3.0304
3.0997
3.1347
3.1630
3.1692
3.0271
3.1038
3.0675
3.2562
3.0153
3.1204
2.9658
2.9722
3.0255
2.8289
2.8514
2.8132
2.9721
3.4051
3.4547
3.3259
3.1601
3.0712
2.9737
2.9818
3.1634
3.4308
3.0328
3.2378
3.1436
3.1715
3.1102
3.2905
2.6307
2.8592
2.7886
2.9954
2.8629
2.9577
2.8014
3.3149
3.2323
2.6263
3.1103
3.3384
3.4007
2.8595
3.2348
2.9866
3.1832
3.2041
3.3141
3.6105
3.8654
3.7748
3.7929
3.7399
3.7512
3.7164
4.0095
3.2599
3.5171
3.6042
3.6423
3.3858
3.5156
3.4895
3.6025
3.8883
3.8519
4.0453
3.8567
4.3068
4.0659
3.6559
3.2487
3.7237
3.5256
3.5743
3.7136
3.7948
3.4175
3.4520
4.1818
4.3124
3.7050
3.8678
3.6004
3.3683
3.5294
3.8511
3.5996
3.8768
3.6144
3.5338
3.6097
3.6387
3.4667
3.6312
3.6329
3.6701
3.5755
4.2387
3.5884
3.9475
3.9921
3.6279
3.7735
3.6466
3.6668
3.4210
3.6021
3.3045
3.4459
3.5098
3.4692
3.1209
3.1925
3.7066
3.3184
3.5384
3.4559
3.7882
3.5212
3.4971
3.5136
3.6259
3.2473
3.1836
3.5740
3.3033
3.4144
3.5172
3.5179
3.3888
3.6527
3.6174
3.7301
3.6283
3.8895
3.5830
3.5581
3.8410
3.0207
3.5735
3.4822
3.2342
3.9741
3.8392
3.3530
4.0551
3.8795
3.7665
3.7764
3.5677
3.5505
3.6347
3.7833
3.6448
4.1309
3.4289
3.3726
4.0248
3.7601
4.0238
3.7996
3.3483
3.8427
3.6392
3.5700
3.4818
3.5790
3.8020
2.9659
3.1586
3.3023
3.7694
3.9359
3.6325
3.6728
3.6351
3.3538
3.4543
3.6600
3.5983
3.4910
3.3157
2.9200
3.0976
3.3239
3.2201
3.1039
3.2291
2.8059
3.0790
2.7443
3.0094
3.0069
3.4028
3.2462
3.1721
3.1466
3.6817
3.5652
3.7315
3.3631
3.6911
3.4692
3.8750
3.3661
3.8455
3.8521
3.3894
4.1631
3.6785
3.0011
3.9510
3.1726
3.5734
3.2893
2.9954
3.1580
3.1198
3.4642
3.6198
3.0950
3.3489
3.4023
3.6805
3.5179
3.0552
2.8298
3.4330
3.3620
3.2609
3.7121
3.2463
3.0422
2.7100
2.7425
2.9016
2.4641
2.8297
3.5295
3.2051
3.2791
3.2680
3.5058
3.5307
3.5254
3.1780
2.6681
3.6128
3.3516
2.7116
3.0382
3.1995
2.9288
2.8107
2.6969
2.8181
3.1617
2.7957
2.9455
2.6157
2.9147
2.7348
3.3312
3.0169
2.8263
2.8389
2.9708
2.8637
3.0900
3.1419
2.8505
2.6617
2.7588
2.5293
3.0045
2.9376
2.8956
2.8995
2.8514
2.6881
2.0570
2.9128
2.4426
2.8683
2.6958
2.9922
2.8759
3.0803
2.9644
3.3283
3.4343
2.8115
3.1391
2.5489
2.5478
2.9960
2.9111
2.9938
3.1771
3.1495
3.3260
3.0182
2.8697
2.6713
2.8498
2.6217
2.4798
2.5062
2.3501
3.0159
2.3106
2.7435
2.5837
2.5829
2.7831
2.3127
2.9383
2.8507
2.8521
3.1691
3.1408
2.9096
2.5990
2.6568
2.4532
2.3729
2.0974
2.3340
2.4813
2.4776
2.4301
2.6726
2.5079
2.6968
2.6076
2.3999
2.5442
2.5760
2.4441
2.5888
2.5752
2.7308
2.8059
2.8590
2.5603
2.3730
2.4973
2.4468
2.5361
2.6375
2.3721
2.4551
2.5936
2.5575
2.5301
2.5372
2.5790
2.7222
2.6480
3.0337
2.8318
2.6630
2.4416
2.6505
2.5209
2.4015
2.3106
2.3299
2.7527
2.3981
2.6044
2.6797
2.5346
2.5101
2.4680
2.7536
2.5390
2.6526
2.2796
2.0855
2.4505
2.5706
2.4088
2.1938
2.1958
2.2041
2.5259
2.2846
2.6870
3.0154
2.4785
2.5082
2.7301
2.6891
2.4746
2.7652
2.4439
2.3136
2.6476
2.7195
2.5748
2.2040
2.2828
2.2952
2.4695
2.8363
2.6102
2.8101
2.3771
2.5076
2.3605
2.7690
2.2365
2.4202
2.2977
2.7936
2.9358
2.6846
2.7614
2.8797
2.8161
2.9339
3.0090
2.7744
3.3010
2.4989
2.7196
2.5102
2.7477
2.7411
2.5706
2.8375
2.5396
2.4530
2.6268
2.9070
2.5831
2.6149
2.6658
2.7575
2.9418
2.8158
2.7366
2.5787
2.2265
2.6688
2.8307
2.7045
2.7235
2.7099
2.6134
2.5237
2.4369
2.6294
2.6376
2.6182
2.8070
2.4821
2.8357
2.7928
2.6352
2.2754
2.5837
2.5672
2.1043
2.5763
1.9610
2.3002
2.6963
2.5974
2.5679
2.3100
2.3017
2.1794
2.5056
2.1453
2.2840
2.5213
2.3393
2.3545
2.2114
2.5683
2.8766
2.7344
2.2385
2.4169
2.2516
2.0479
2.1326
2.1036
2.6722
2.2929
2.6048
2.2507
2.2104
2.1997
2.4124
2.6596
2.4992
2.3100
2.5050
2.8370
2.5198
2.4803
2.3217
2.6781
2.4404
2.6443
2.4759
2.8756
2.6782
2.2954
2.6084
2.2933
2.4733
2.5458
2.2833
2.3404
2.7019
2.2040
2.3608
2.2652
2.3405
2.2707
2.3168
2.5476
2.1849
2.0520
2.7254
2.5171
2.1769
2.2304
2.3455
2.2953
2.2537
2.4185
2.5726
2.4084
2.1851
2.4364
2.5054
2.4420
2.3923
2.4428
2.6658
2.4292
2.7053
2.4111
2.5280
2.7551
2.4296
2.0728
2.4196
2.4961
2.5548
2.7840
2.4422
2.2575
2.3007
2.4620
2.3013
2.3356
2.5600
2.5076
2.4410
2.4471
2.6740
2.3057
2.0895
2.2680
2.8747
2.7199
2.2599
2.6207
2.4012
2.5323
2.3861
2.4357
2.5309
2.7704
2.6027
2.5880
2.3607
2.5848
2.8063
2.7654
2.7071
3.1629
2.7834
3.1452
2.8890
2.8630
2.4061
2.5413
2.4501
2.7517
2.7751
2.5708
2.5536
2.7318
2.9310
2.7012
2.8063
2.9891
2.7604
2.7363
2.6955
2.9160
3.1116
2.9528
2.7880
2.8172
2.9737
2.9613
3.0754
3.0071
2.8647
2.6814
2.8363
3.1939
2.8732
2.5216
2.7337
2.8025
2.8090
2.6752
2.5077
2.5451
2.6311
2.6212
2.6042
2.3636
2.7296
2.5598
2.7050
2.6376
2.5156
2.3607
2.0676
2.4593
2.3830
2.0474
2.3662
2.5794
2.7905
2.7635
2.3564
2.0299
2.2280
2.5044
2.2202
2.3528
2.3723
2.4316
2.3267
2.7403
2.7359
2.2951
2.4952
2.4449
2.9077
2.6281
2.6321
2.4971
2.7728
2.6410
2.5243
2.7615
2.4791
2.0853
2.5644
2.6750
2.2595
2.5379
2.5518
2.6097
2.6185
2.4070
2.4020
2.5212
2.6699
2.4293
2.3211
2.5219
2.7946
3.0436
2.6198
2.4914
2.1412
2.2107
2.1966
2.4334
2.4119
2.5850
2.6200
2.3791
2.5159
2.1431
2.2664
2.1979
2.4568
2.5888
2.1500
2.4888
2.2655
2.2568
2.2317
2.2138
2.0870
2.4578
2.4704
2.4010
2.3520
2.1796
2.5599
2.6014
2.2746
2.8020
2.3226
2.4191
2.5482
2.3805
2.1539
2.5584
2.1511
2.2993
2.3936
2.4833
2.5927
2.5880
2.3964
2.6070
2.4710
2.6392
2.3814
2.5737
2.4298
2.5621
2.4859
2.7598
2.2939
2.3308
2.5289
2.5745
2.6186
2.6292
2.4193
2.5306
2.5418
2.3045
2.4912
2.3782
2.6273
2.9165
2.9671
2.6858
2.8171
2.6244
2.5952
2.4731
2.6484
2.8199
2.9626
2.5679
2.7079
2.6523
2.5825
2.1993
2.3625
2.7246
2.4150
2.6293
2.8324
2.2962
2.4700
2.5303
2.5037
2.1795
2.2894
2.2032
2.0933
2.5721
2.2269
2.2818
2.1892
2.5239
2.4977
2.7271
2.9538
2.5332
2.5434
2.5099
2.3290
2.5413
2.5964
2.8248
2.9213
2.5799
2.3979
2.5453
2.6952
2.6116
2.8216
2.4287
2.8897
2.6595
2.6236
2.6789
2.7696
2.5079
2.6837
2.7620
2.6833
2.5875
2.1851
2.5405
2.5883
2.7607
2.7290
2.6158
2.4625
2.4666
2.4093
2.8407
2.8353
2.8596
2.9259
2.3735
2.2562
2.4473
2.6165
2.5380
2.6272
2.7072
2.5604
2.8296
2.5258
2.7278
2.5747
2.2459
2.3616
2.4031
2.4342
2.5666
2.8236
2.5640
2.6432
2.6013
2.7312
2.6450
2.5143
2.4351
2.5469
2.7022
2.8294
2.6515
2.6968
2.2982
2.3953
2.3363
2.6127
2.5761
2.7112
2.4413
2.4255
2.7923
2.3950
2.3669
2.3190
2.2941
2.2480
2.3727
2.2907
2.6413
2.2190
2.7486
2.5740
2.3039
2.6761
2.6958
2.7542
3.2359
3.3804
2.7307
3.0941
3.2281
2.9453
3.1060
3.1169
3.2478
2.9213
2.5786
2.6213
2.7808
2.6114
2.6343
2.8506
2.8220
2.7736
2.6057
2.6476
2.8189
2.3392
2.4465
2.4912
2.3731
2.2617
2.3242
2.8087
2.5814
2.3822
2.5412
2.1889
2.2548
2.4853
2.8768
2.4663
2.7011
2.7802
2.9604
2.9451
2.8230
2.6766
2.5215
2.5812
2.8309
2.4573
2.4475
2.2455
2.3361
2.6160
2.5122
2.5686
2.1800
2.4386
2.6687
2.8764
2.7913
2.4044
2.5942
2.6612
2.6079
2.7296
2.4211
2.6804
2.8696
2.8480
3.0261
2.7305
2.8599
2.7688
2.8324
2.9666
2.5863
2.6826
2.6837
2.6120
2.6070
2.8580
2.5966
2.4852
2.7563
2.7056
2.4357
2.4031
2.7630
2.7031
2.8677
2.9601
2.6304
2.9812
2.9097
3.0572
2.8273
2.7719
2.7118
2.7539
2.7909
2.6850
2.7948
2.5577
2.2920
2.3949
2.6677
2.6473
2.6910
2.5432
2.9012
2.5770
2.1733
2.6855
2.5764
2.5501
2.5629
2.7370
2.5669
2.3630
2.6192
2.8240
2.5685
2.7254
2.5174
2.7774
2.2050
2.2731
2.1443
2.4623
2.4395
2.5980
2.2548
2.8126
2.7558
2.7514
2.5816
2.8682
2.6675
2.5873
2.6693
2.4459
2.2080
2.4473
2.5412
2.3891
2.0623
2.0672
2.2200
1.9606
1.9610
2.3844
2.5457
2.7976
2.6170
2.2681
2.6894
2.8042
2.5962
2.9174
2.7010
2.7826
2.3102
2.7813
2.5628
2.8834
2.5838
2.2941
2.8423
2.6258
2.4802
2.5689
2.6234
2.2424
2.8297
2.6500
2.8334
2.4698
2.5204
2.5844
2.7087
2.4676
2.9610
2.7099
2.7546
2.7955
2.5282
2.7769
2.7424
2.6087
2.7049
2.5758
2.7714
2.8202
2.9301
3.0125
3.2280
3.2982
3.1613
3.2016
2.7636
2.5530
2.9277
2.9292
3.0806
2.6100
2.9078
2.7585
2.5939
2.5170
2.7882
3.0503
2.9785
2.9018
2.8324
2.7947
2.7732
2.9286
3.0909
3.1047
2.8661
2.6117
2.8513
3.0947
2.6304
2.6771
2.6083
3.1166
2.5209
2.8906
3.0243
2.8087
2.3977
2.5898
2.7979
2.0431
2.7255
2.4718
2.2853
2.3703
2.8703
2.3191
2.5809
2.5830
2.4929
2.6821
2.6462
2.7180
2.6757
2.5260
2.5765
2.7106
2.5430
2.9934
2.8386
3.0335
2.9618
2.9584
2.9227
2.7011
2.6086
2.4790
2.4464
2.3776
2.4346
2.2572
2.5936
2.5342
2.8207
2.5227
2.3878
2.8582
2.5256
2.6259
2.6164
2.7659
2.4768
2.5604
2.7218
2.7121
2.7439
2.7076
2.8864
2.7988
2.9399
2.8923
2.8340
2.6834
2.9048
2.8670
3.2407
3.0496
3.4081
3.2256
3.1016
3.2092
3.4920
3.1800
3.3848
2.9718
2.4899
3.1703
3.2498
2.7996
2.6065
2.4922
2.4540
2.6024
2.3541
2.3035
2.3564
2.2249
2.6330
2.4767
2.5457
2.4996
2.4531
2.5247
2.6229
2.6815
2.7844
2.6807
2.4667
2.6148
2.6961
2.4477
2.7116
2.6051
2.9345
2.3713
2.6487
2.3490
2.5519
2.6185
2.8154
2.9373
2.3317
2.9078
2.6667
2.7681
2.8116
2.7697
2.7168
2.8336
2.5092
2.4239
2.8009
2.5984
2.7156
2.9589
2.5656
2.9579
2.5800
2.5398
2.6813
2.8596
2.8880
2.5998
2.8426
2.7397
2.8487
2.8439
3.0279
3.0065
2.6401
2.5070
2.4686
2.3495
2.6882
2.5140
2.5095
2.5693
3.0176
2.7466
2.7010
3.1584
2.6466
2.5844
2.4399
2.4896
2.3371
2.2062
2.2454
2.3239
2.2505
2.4312
2.2057
2.6572
2.3332
2.5587
2.2645
2.5208
2.8746
2.6559
2.6552
2.8954
2.8349
2.5805
2.4850
2.7253
2.7734
2.5388
2.7888
2.6584
2.7278
2.5798
2.9068
2.7146
2.5219
2.4980
3.0445
2.6164
2.8563
2.4344
2.7336
2.8277
2.8253
2.8419
2.6558
2.5770
2.8008
2.6856
2.7093
2.8243
2.6927
3.0501
2.6210
3.0472
2.9688
2.7983
2.9055
2.8508
2.8198
3.0136
2.8444
2.8400
2.8450
2.7783
3.1005
3.0003
2.9393
2.7942
3.1695
3.0512
2.8121
2.9683
2.6953
3.0217
3.0891
3.0724
2.5211
2.7203
2.9803
2.8916
2.8210
2.6357
2.7351
3.0789
2.5241
2.7798
2.7321
2.6896
2.7575
2.6791
2.8290
2.6359
3.1439
2.7140
2.9124
2.6997
2.7707
2.5538
2.3147
2.7164
2.4174
2.8849
2.8803
2.9131
2.9826
2.8800
2.5136
2.7525
2.5995
2.8194
3.2245
2.8710
2.7742
2.7889
2.6688
2.3925
2.6116
2.5312
2.8894
2.6541
2.7716
2.7099
2.7382
2.7470
2.8050
2.6525
2.3808
2.5824
2.9045
2.5270
2.4954
2.7323
2.7010
2.6652
2.8350
3.1598
3.0980
2.8789
3.0851
3.0768
2.4514
2.5282
2.4528
2.7443
2.6108
2.8881
2.7117
2.7773
3.1442
2.8376
2.7925
2.8114
2.8571
3.1808
3.1758
2.8124
3.0192
3.0074
2.6664
2.7678
2.8216
2.6027
2.4037
2.6024
2.3793
2.4855
2.6417
2.7574
2.7250
2.7432
2.5459
2.6181
2.7128
2.9741
2.6062
2.8232
2.6224
2.3975
2.4780
2.3119
2.3820
2.2337
2.2984
2.6258
2.6393
2.3968
2.2129
2.6184
2.3385
2.9729
2.9160
2.7088
3.1452
2.9276
2.9250
2.5446
2.8640
2.5454
2.6409
2.8434
2.7101
2.9362
2.8667
2.9759
3.2098
2.7664
2.9252
2.6626
2.8010
2.9245
2.4771
2.6589
2.5104
2.4583
2.4676
2.7066
2.6219
2.7669
2.5839
2.5081
2.6820
2.3431
2.2763
2.5560
2.3816
2.2750
2.6541
2.6571
2.8694
2.8408
2.6131
2.3693
2.4398
2.6537
2.6975
2.6268
2.9177
2.7813
3.1239
3.1191
2.8212
2.7101
2.7270
2.0672
2.7922
2.6585
2.5989
2.6920
2.8515
2.7339
3.0914
3.0610
3.0399
2.9816
3.0294
2.7521
2.3647
2.6748
2.6642
2.8388
2.7537
2.9463
2.7471
2.7986
3.3066
2.7996
3.0749
2.3187
2.6079
2.8787
2.7345
2.6539
2.6306
2.4285
2.8616
2.6278
2.7602
2.7557
2.6751
2.6518
2.6849
2.9160
2.4850
3.0760
2.7426
2.8669
2.7468
2.3677
2.7666
2.8026
2.6983
2.5431
2.5084
2.5169
2.7402
2.5405
2.6773
2.6584
2.8585
2.6760
2.3972
2.4156
2.6629
2.3573
2.3045
2.5115
2.6404
2.5229
2.4827
2.8177
2.6294
2.8378
3.0531
2.7145
2.9531
2.5896
2.5893
2.5487
2.6634
2.1913
2.4712
2.4926
2.4893
2.5606
2.6693
2.7167
2.7143
2.8630
2.3947
2.5947
2.5129
2.6785
2.6441
2.8695
2.8647
2.7289
2.5815
2.4327
2.1399
2.0624
2.3009
2.5905
2.3865
2.5920
2.6857
2.9751
2.6169
2.5832
2.4935
2.7364
2.5902
2.7167
2.6143
2.8156
2.7838
2.3704
2.7561
2.6047
2.5884
2.6723
2.7863
2.4613
2.7045
2.7566
2.8095
2.8276
3.0274
2.6770
2.5007
2.2810
2.3876
2.5009
2.4935
2.8768
2.5760
2.9784
2.7648
2.6856
2.6079
2.7194
2.8041
3.2941
2.9595
2.7266
2.2413
2.7036
3.0256
2.9394
2.8536
2.7881
2.7922
3.0839
2.6679
2.6152
2.8059
2.8270
2.5610
2.3471
2.4859
2.5983
2.6473
2.3483
2.4257
2.6357
2.6819
2.6736
2.5705
2.3600
2.5711
2.5251
2.1624
2.4557
2.4922
2.3033
2.5802
2.6055
2.5531
2.8091
2.6155
2.5276
2.5703
2.6782
2.5297
2.5043
2.6485
2.4626
2.3363
2.2852
2.5287
2.6225
2.6409
2.5643
2.7037
2.6884
2.7118
2.1737
2.5753
2.5799
2.6643
2.1310
2.5784
2.7039
2.4996
2.4441
2.4695
2.4882
2.0026
2.3081
2.4425
2.5998
2.3884
2.5910
2.3319
2.3514
2.6647
2.5687
2.5345
2.6256
2.4781
2.4061
2.5473
2.7688
2.8837
2.7798
2.5183
2.4867
2.8299
3.0835
2.7976
2.9097
2.7935
2.5411
2.5433
3.1117
2.5617
2.7356
2.4083
2.4834
2.6004
2.3586
2.4990
2.6879
2.4929
2.7368
2.9839
2.2347
2.2659
2.3411
2.5028
2.7818
2.6564
2.5470
2.5830
2.6770
2.6548
2.7323
2.4755
2.2972
2.3178
2.7687
2.5931
2.7074
2.8474
2.7093
2.5681
2.8073
3.1170
3.1399
3.0411
3.1726
2.7009
2.8610
2.8807
2.7105
2.6796
2.7865
2.9784
2.6914
2.8886
2.6713
2.6547
3.0195
2.9161
3.2050
3.1056
3.1183
2.9247
2.9534
3.0487
3.0771
2.7266
3.0808
3.1812
2.9968
2.8978
2.9129
2.5740
2.8140
2.3374
2.8486
2.6864
2.7289
2.8331
2.6318
2.7627
2.5274
2.5815
2.9613
2.9011
2.8869
2.7340
2.7684
2.8861
2.3844
2.5317
2.5446
2.3611
2.4870
1.9892
2.2381
2.0455
2.5046
2.2720
2.3083
2.2901
2.2120
2.1326
1.8155
1.9184
1.8187
2.1177
2.1825
1.9832
2.0113
2.1739
2.2362
2.4282
2.4184
2.2596
2.2478
2.3521
2.3286
2.2551
2.2494
2.6401
2.5300
2.4964
2.2970
2.4376
2.2969
2.6006
2.3980
2.0635
2.3495
2.5803
2.3273
2.1425
2.4277
2.7446
2.3787
2.5799
2.4188
2.0961
2.5945
2.1258
2.2519
2.4684
2.5780
2.4233
2.5415
2.4993
2.7495
2.9393
2.7376
2.6980
2.2084
2.5401
2.6266
2.7157
2.7134
2.7685
2.8197
2.7097
2.0775
2.3582
2.5762
2.5567
2.6742
2.6718
2.6939
2.5649
2.5022
2.6540
2.8598
2.4304
2.5280
2.3002
2.6402
2.7804
2.5635
2.8343
2.5791
2.6697
2.6955
2.5746
2.4506
2.8699
2.6265
2.7723
2.6237
2.5565
2.4186
2.6433
2.3620
2.7388
2.3160
2.5098
2.5030
2.4598
2.6346
2.6437
2.6143
2.6355
2.6363
2.6984
2.5304
2.5374
2.5775
2.6759
2.6065
2.7272
2.7749
2.5894
2.2307
2.6982
2.5926
2.4059
2.7666
2.4018
2.3474
2.3498
2.6393
2.5926
2.4230
2.5250
2.5192
2.8582
2.5863
2.5860
2.6889
2.7165
2.7014
2.2621
2.4918
2.3573
2.5250
2.5193
2.6828
2.8752
2.6670
2.3581
2.0711
2.5884
2.3857
2.5647
2.6692
2.7391
2.5239
2.5225
2.8784
2.7523
2.7999
2.7315
2.6783
2.2697
2.8474
2.9447
2.6515
2.4150
2.2207
2.7280
2.5420
2.5831
2.7416
2.6549
2.5570
2.7351
2.4235
2.1449
2.3805
2.3395
2.4194
2.9491
2.2107
2.0991
2.3567
2.4223
2.4764
2.4056
2.7071
2.6432
2.4472
2.4054
2.6742
2.2155
2.1546
2.7618
2.7734
2.5572
2.3186
2.4022
2.6048
2.5634
2.6822
2.8401
2.3862
2.5375
2.1847
2.5042
2.7632
2.7113
2.7597
2.5886
2.7141
2.6037
2.7732
2.2719
2.4335
2.2174
2.2916
2.6368
2.5431
2.7896
2.3062
2.3936
2.1437
2.2865
2.5626
2.4080
2.2087
2.3954
2.5155
2.7004
2.5328
2.1669
2.4506
2.1876
2.5076
2.2281
2.3565
2.1846
2.1724
2.4668
2.4552
2.8547
2.6199
2.7127
2.3081
2.3655
2.7845
2.6610
2.5553
2.3151
2.8720
3.1621
2.6479
2.9310
3.0299
2.8660
2.5739
2.7073
2.6747
2.4046
2.8199
2.7873
2.5941
3.1743
2.5019
2.5903
2.4630
2.4809
2.3818
2.4946
2.4201
2.5404
2.5649
2.5709
2.4641
2.7595
2.8160
2.8926
2.4187
2.6523
2.2020
2.1710
2.4972
2.9331
2.4736
2.5641
2.5788
2.4037
2.3267
2.5361
2.6470
2.5524
2.5117
2.7670
2.8149
2.9875
3.0267
2.5999
2.6619
3.1696
2.7253
2.8871
2.5542
2.7619
2.7766
2.4797
2.5784
2.8953
2.5142
2.6578
2.3573
2.6128
2.4220
2.5217
2.1769
2.1249
2.2705
2.6135
2.4395
2.1894
2.2553
2.2604
2.3951
2.3251
2.4192
2.6301
2.6101
2.5520
2.7259
2.3671
2.5726
2.8207
2.8195
3.1998
2.7531
2.5504
2.5943
2.9188
2.8022
2.8653
2.7163
2.4114
2.4337
2.9488
2.3155
2.5290
2.6843
2.5417
2.8976
2.6511
2.9355
2.8097
2.5519
2.6794
2.7898
2.7509
2.6136
3.1294
2.8860
2.6122
2.7179
2.9137
2.2514
2.4935
2.2638
2.3191
2.6299
2.6909
2.2762
2.1774
2.6705
2.2160
2.3652
2.2554
1.8827
1.9666
2.5137
1.9246
2.2087
2.5827
2.2606
2.1551
2.7070
2.4501
2.0904
2.0553
2.0973
1.9424
1.9178
1.6643
2.0184
1.8687
1.9020
2.1763
2.2103
2.3567
2.2321
2.4415
2.0110
2.3924
2.4608
2.4755
2.6804
2.5264
2.7315
2.7310
2.6790
2.6565
2.4017
2.2900
2.2801
2.1134
2.4585
2.6912
2.3539
2.7427
2.3035
2.7846
2.9994
2.5876
2.4804
2.5575
2.3035
2.1873
2.5694
2.4895
2.7839
2.5516
2.2542
2.3411
2.0827
2.3238
2.2758
2.4065
2.0893
2.0248
2.4287
2.2090
2.1385
2.3215
1.8970
2.2303
2.0221
2.4578
2.0365
2.2034
2.5544
2.1094
2.5204
2.2773
2.4814
2.4864
2.6065
2.3272
2.5273
2.3550
2.2980
2.5929
2.4985
2.4991
2.6598
2.2463
2.4868
2.4825
2.4844
2.6039
2.4505
2.4185
2.7369
2.8785
2.6646
2.6912
2.5661
2.9514
2.8315
2.7166
2.6486
2.5606
2.8852
2.9135
2.8230
2.7862
2.6711
2.4572
2.8455
2.7600
2.6656
2.6643
2.9039
2.7872
2.8688
2.5783
2.7870
2.7516
2.8448
2.5505
2.5207
2.6439
3.1070
3.2997
3.0735
3.1321
2.9060
2.8881
2.8041
2.9447
2.5030
2.5491
2.9912
3.0922
3.2068
3.1246
3.1247
2.6631
2.7115
2.7834
2.7998
2.8436
2.5328
2.5964
2.5277
2.7958
2.7785
2.6777
2.7706
2.9809
2.9677
3.1285
2.9484
2.7585
2.8075
2.6580
2.6659
2.7102
2.7063
3.0138
2.9610
2.8522
2.7288
2.7056
2.6385
2.8364
2.5936
2.8136
2.5155
2.3159
2.3167
2.2113
2.5307
2.5418
2.4378
2.7933
2.6591
2.4854
3.1716
2.9107
2.6836
2.9319
2.9409
2.7451
2.8820
2.7852
2.8969
2.6011
2.6527
3.0062
2.8460
3.0552
2.4978
2.6753
2.8062
2.4956
2.6359
2.5939
2.5964
2.9057
2.9533
2.6197
2.6445
3.1599
2.6402
2.9360
2.5069
2.2188
2.3192
2.4328
2.6694
2.6202
2.4366
2.1300
2.4466
2.6810
2.4541
2.8141
2.6698
2.5568
2.6667
2.2108
2.6119
2.5673
2.3407
2.3807
2.4012
2.3719
2.3150
2.5219
2.7451
2.6143
2.6822
2.8898
2.7958
2.8221
2.7748
2.6050
2.3326
2.6187
2.4214
2.7726
2.8270
2.5924
2.4995
2.2233
2.0846
2.0270
2.4120
2.3787
3.0041
2.5790
2.8033
2.6594
2.2674
2.3862
2.5891
2.7569
2.5889
2.6408
2.4993
2.6251
2.3479
2.4697
2.3811
2.4171
2.3421
2.1734
2.1409
2.2810
2.3406
2.2752
2.3927
2.3210
2.4596
2.8399
2.2581
2.6067
2.5616
2.7854
2.5454
2.5226
2.8078
2.5819
2.4640
2.5731
2.7652
2.5421
2.5243
2.7471
2.7291
2.7267
2.7625
2.6178
2.5213
2.6703
2.7957
2.6666
2.7537
2.7451
2.5733
3.1790
2.5447
2.6550
2.7920
2.9598
2.8315
3.0200
2.6067
2.8884
3.1646
2.7245
2.9448
2.8264
2.3470
2.5691
2.7162
2.9157
2.6631
2.5228
2.6264
2.4954
2.3726
2.4061
2.4700
2.6443
2.5308
2.4978
2.5318
2.4515
2.7948
2.5076
2.4725
2.6621
2.6356
2.3244
2.4994
2.4442
2.6988
2.6501
2.5669
2.7499
2.9011
2.6107
2.9142
2.8955
2.8457
2.4016
2.7519
2.6576
2.6336
2.9264
2.6004
2.7174
2.6621
2.6604
2.6222
3.0440
2.6697
2.7782
2.8389
2.7004
2.6050
2.3275
2.6466
2.7415
2.5188
2.5639
2.7183
2.6568
2.4266
2.1457
2.0166
2.1470
2.1259
2.3080
2.2428
2.3433
2.3872
2.3859
2.7036
2.4217
2.9970
2.5058
2.6736
2.3386
2.2734
2.3275
2.3858
2.4603
2.3774
2.4165
2.5444
2.2922
2.4696
2.4959
2.5449
2.6034
2.6012
2.4947
2.3595
2.4584
2.3154
2.6429
2.5855
2.1222
2.2621
2.1642
2.3816
2.4536
2.5525
2.3521
2.2695
2.9108
2.5870
2.7834
2.4406
2.5022
2.8057
2.6383
2.5749
2.3578
2.3975
2.8371
2.7520
2.8152
2.5201
2.7365
2.5147
2.6033
2.7273
2.8137
2.5399
2.3732
2.6524
2.8589
2.9239
2.3724
2.2920
2.0976
2.1967
2.3795
2.5719
2.3555
2.2984
2.4699
2.1835
2.1477
2.3968
2.4581
2.5724
2.1931
2.6363
2.4735
2.7235
2.7870
2.6171
2.6508
2.3806
2.4318
2.2359
2.6525
2.6124
2.5093
2.5288
2.5427
2.6638
2.4822
2.3703
2.5451
2.4669
2.5726
2.3382
2.2053
2.2320
2.1773
2.5632
2.4065
2.5865
2.9183
2.3925
2.3766
2.2312
2.1651
2.1003
2.6281
2.3208
2.2237
2.1202
2.7478
2.9496
2.7135
2.6992
2.6960
2.7001
2.3611
2.3475
2.4955
2.5879
2.6476
2.7062
2.4740
2.3320
2.1938
2.6109
2.3129
2.3056
2.4110
2.2950
2.3653
2.2343
2.2895
2.1906
2.2256
2.2474
2.2212
2.4479
2.1773
2.1000
2.2298
2.0485
2.0952
2.2323
2.1337
2.2684
2.3795
2.4956
2.3318
2.5195
2.2612
2.5515
2.6008
2.2384
2.4968
2.3829
2.6153
2.4961
2.4993
2.0029
2.4399
2.5148
2.4441
2.2834
2.3570
2.2876
2.0229
2.3731
2.3064
2.6417
2.1423
2.2721
2.4010
2.1536
2.3638
2.1621
2.8359
2.5353
2.3874
2.3358
2.3090
2.5552
2.4180
2.1385
2.5993
2.8518
2.2343
2.3039
2.3213
2.3039
2.3770
2.2211
2.3687
2.6424
2.8362
2.4985
2.7098
2.8918
2.6514
2.7919
2.7068
2.7854
2.4578
2.6036
2.7311
2.8453
2.8488
2.5802
2.3049
2.4195
2.7162
2.3355
2.4309
2.3285
2.5432
2.6730
2.4542
2.7438
2.5672
2.3064
2.7008
2.8050
2.7273
2.8180
2.6547
2.7521
2.6094
2.4846
2.7694
2.6576
2.6461
2.3459
2.5341
2.3954
2.4739
2.7856
2.4468
1.9281
2.7652
2.7186
2.5110
2.7108
2.4379
2.2046
2.2788
2.3195
2.9328
2.7711
2.4133
2.4670
2.4930
2.0559
2.6562
2.2333
2.5411
2.6626
2.2172
2.4642
2.5056
2.4749
2.5007
2.4190
2.2132
2.2801
2.4851
2.4519
2.5223
2.3319
2.3482
2.7942
2.6295
2.8059
2.7014
2.5550
2.6846
3.3024
3.0932
2.6660
3.0326
3.3119
3.3662
3.2491
3.2413
3.1442
3.2940
3.0385
3.1511
2.8364
2.8915
3.3449
3.0406
3.2771
2.8240
2.9694
2.6951
2.6487
2.7115
2.8327
2.6897
2.7732
3.0783
2.6939
2.7017
2.2917
2.4842
2.4250
2.7444
3.0450
2.1394
2.9187
2.7286
2.5703
2.7574
2.7893
2.9022
3.1314
2.8751
3.1990
3.4971
3.0891
2.9801
3.1155
2.9455
2.8525
2.7176
2.9672
2.7088
2.6171
3.1066
3.1505
2.8718
2.9139
2.8064
2.9235
2.7281
2.9336
3.2215
3.1061
2.7582
2.9657
2.6236
2.8347
2.8116
2.7236
2.5752
2.6364
3.0912
2.7162
2.4252
2.5262
2.7485
2.8777
2.8803
2.8116
2.9811
2.5332
2.5018
2.6670
2.7587
2.9766
2.5848
2.5301
2.8628
2.7177
2.3994
2.6842
2.2163
2.4013
2.5301
2.5843
2.1271
2.9245
2.7625
2.4689
2.1781
2.2376
2.3745
2.3358
2.7925
2.9684
2.7630
2.8617
2.6301
2.9298
2.9083
2.8387
2.7089
3.0669
3.1236
3.0969
2.4142
2.8238
2.4600
2.5634
2.5218
2.7308
2.6517
3.2018
3.0598
2.5181
2.8195
2.4805
2.9169
3.0236
2.8242
2.7719
2.6147
2.8018
2.8613
2.7309
2.7508
2.7537
2.4644
2.5037
2.6444
2.5517
3.0602
2.9426
2.8251
2.6050
2.2982
2.4265
2.3454
2.2084
2.7479
2.8822
2.8788
2.5108
2.2809
2.8491
3.1734
3.0765
2.3790
2.5935
2.3464
2.8813
2.6122
2.6465
2.5471
2.4648
2.5529
2.8241
2.5330
3.0912
2.2938
2.6102
2.8918
3.0182
2.7084
2.7217
2.2431
2.6057
2.6737
2.6136
2.6352
2.5493
2.6050
2.6883
2.7433
2.6788
2.6432
2.6424
2.4006
2.6641
2.2423
2.8512
2.7598
2.4954
2.4455
2.4969
2.4847
2.4925
2.4582
2.5441
2.4608
2.7658
2.6546
2.7966
2.5918
2.7144
2.9276
2.6842
2.8483
2.8213
2.8668
2.6998
3.1681
3.0080
3.1160
3.0108
2.9085
2.7994
2.7528
2.9360
3.0154
2.6933
2.6524
2.7986
2.6435
3.0764
2.9111
2.8149
2.9600
2.9360
2.9314
2.6372
2.9797
2.7926
3.0148
2.5309
2.5183
2.6538
2.6685
2.6769
2.9563
2.8414
3.0001
2.7223
2.8154
2.8210
2.7075
2.8861
2.7882
2.8250
2.8176
2.6406
2.4628
2.5479
2.4480
2.6299
2.6791
2.5615
2.5662
2.4771
2.6693
2.7408
2.6852
2.4774
2.8119
2.8026
2.8374
2.6771
2.4439
2.6531
2.2833
2.3997
2.5647
2.5632
2.5651
2.4292
2.5533
2.2750
2.4926
2.5234
2.6577
2.5944
2.4845
2.7676
2.6435
2.4414
2.4325
2.5892
2.4543
2.5277
2.4773
2.3354
2.3796
2.3480
2.3666
2.5252
2.3662
2.5988
2.4677
2.3028
2.7201
2.5393
2.7267
2.6473
2.4860
2.6907
2.5756
2.4437
2.3463
2.5091
2.4510
2.5500
2.5693
2.6138
2.5623
2.4173
2.5763
2.5831
2.5177
2.8679
2.6467
2.6419
2.7325
2.9363
2.6416
2.9319
3.0724
2.9614
3.0069
2.8088
2.5721
2.8857
3.0500
2.8471
3.2859
3.1911
3.2569
2.9733
2.9142
2.7950
2.6297
2.5079
2.8313
2.7841
2.6025
2.9758
2.7189
2.8078
2.7632
2.4665
2.7177
2.6374
2.6686
2.5129
2.5805
2.4817
2.6731
2.5602
2.5267
2.6819
2.6663
2.8730
2.6360
2.7691
2.6278
2.7923
2.9415
2.5261
2.7425
2.7979
2.6946
2.6779
2.7156
2.7725
2.6307
2.7434
2.5147
2.6430
2.6772
2.6358
2.7124
2.8094
2.7151
2.6906
2.6039
2.6849
2.8743
2.7182
2.6657
2.5786
2.6576
2.8128
2.7212
2.4775
2.8072
2.7771
2.7470
2.5695
2.4886
2.3893
2.6713
2.6131
2.7746
3.0071
2.4981
2.6797
2.4551
2.6080
2.6264
2.8968
2.7339
2.8433
3.0186
2.7912
2.8969
2.8722
2.9719
2.8935
2.4650
2.6879
2.7135
2.8399
2.6043
2.6986
2.7450
2.6952
2.5551
2.6159
2.8013
2.8930
2.7417
2.4725
2.8146
2.8244
2.4336
2.7648
2.6130
2.7073
2.6797
2.7110
2.6400
2.5345
2.6682
2.7799
2.6314
2.4769
2.6660
2.5537
2.6232
2.5703
2.7560
2.5989
2.6699
2.7577
2.3400
2.4427
2.6309
2.6261
2.6913
2.5925
2.7877
2.9181
2.8831
2.7928
2.8867
2.7641
2.6647
2.5526
2.4742
2.4328
2.4622
2.2878
2.2006
2.2515
2.3146
2.5766
2.5729
2.4098
2.5665
2.5311
2.4369
2.4142
2.5423
2.5706
2.6360
2.4772
2.4174
2.5094
2.5812
2.7232
2.7807
2.7171
2.7495
2.3652
2.7522
2.6188
2.8383
2.8007
2.4429
2.5218
2.4390
2.5757
2.1086
2.4781
2.0950
2.4486
2.6626
2.2838
2.3148
2.3147
2.5528
2.6648
2.6888
2.4601
2.2900
2.2568
2.5630
2.4926
2.4374
2.4833
2.4026
2.4067
2.5472
2.4733
2.4637
2.4671
2.6346
2.4088
2.5209
2.3765
2.4368
2.2648
2.2905
2.2086
2.2781
2.3279
2.3282
2.2512
2.3490
2.5354
2.3283
2.3708
2.5649
2.3437
2.1992
2.6730
2.6027
2.2946
2.4678
2.2739
2.4852
2.4335
2.2955
2.3628
2.3290
2.4882
2.5925
2.4618
2.5058
2.5353
2.5024
2.3260
2.4159
2.4139
2.4009
2.5440
2.5056
2.4109
2.4403
2.3482
2.4853
2.3441
2.5180
2.3502
2.3507
2.4399
2.4920
2.3621
2.4425
2.3775
2.4227
2.2970
2.4968
2.6669
2.5417
2.5066
2.5192
2.2435
2.3484
2.4436
2.4252
2.4284
2.5455
2.4080
2.3521
2.3873
2.6444
2.4492
2.4617
2.5890
2.5947
2.2748
2.3846
2.3102
2.5752
2.5369
2.3689
2.4796
2.5772
2.8500
2.5568
2.3901
2.4533
2.3395
2.6049
2.4966
2.4916
2.6742
2.5189
2.6007
2.3509
2.4893
2.3587
2.6621
2.6912
2.9326
2.7718
