1.4274
1.4386
1.5681
1.3945
2.0214
1.8860
1.9193
1.7624
2.0693
2.0196
1.9576
1.8577
1.8322
1.8040
1.7037
1.7688
1.7952
2.1525
1.7236
2.1958
2.0564
1.8835
1.8135
1.9790
1.7425
1.9678
1.5850
1.4993
1.6677
2.1847
1.8838
1.9582
2.0031
2.0349
1.9077
1.9432
1.7344
1.5410
1.4858
1.5470
2.0615
2.0707
2.3700
2.3389
2.1758
2.3138
2.2776
1.8712
1.8616
1.8560
1.9870
2.0783
1.9713
2.0639
1.8491
1.7581
1.9297
2.0114
1.7933
2.1868
2.1373
1.7708
1.4891
1.6292
1.5789
1.6051
1.6214
1.6698
1.5479
1.3179
1.3834
1.7144
1.9235
1.6078
1.9289
1.6524
1.7906
1.7650
1.9182
1.8208
1.4522
1.4951
1.4749
1.4755
1.6152
1.7760
1.8382
2.0252
1.4339
1.4582
1.6356
1.8189
1.6348
1.7891
1.7857
1.8789
1.9014
2.0426
1.8972
2.2450
2.0547
2.0108
1.9385
2.0390
2.2273
2.0219
2.0033
2.1468
1.9901
1.7357
2.0067
1.9973
2.0162
2.0842
1.8844
2.2069
2.1136
2.2740
2.4060
2.3140
2.2903
2.2665
2.6526
2.5496
2.4969
2.6656
2.8825
2.9097
2.9113
2.3488
2.0757
2.1341
2.1718
2.3999
2.2159
2.2496
2.3620
2.2733
2.1297
2.1230
2.2023
2.1876
2.0301
2.2025
2.0764
2.1922
2.2019
1.9339
1.9594
1.8333
1.9895
1.9854
1.7862
2.0561
2.2333
2.1957
2.0185
1.7505
1.7568
1.5915
1.6362
1.7724
1.7758
1.8268
2.1366
1.9616
1.9639
2.2210
2.3666
2.2868
2.1605
2.2844
2.1440
2.1847
2.5114
2.2944
2.2417
2.0838
2.4390
2.2076
2.0860
1.9729
1.8627
1.9616
2.3738
2.2307
2.2813
2.1697
2.4165
2.0556
1.8782
2.2208
2.4092
2.4440
2.3766
2.8386
3.0147
2.9426
2.9053
3.0508
2.9061
2.9533
3.0733
3.3123
2.9847
2.6479
2.9912
2.9504
3.0218
3.1270
2.9421
2.9355
2.8673
2.8530
2.5887
2.6796
2.8197
2.8513
2.8616
2.9623
2.9756
2.6121
2.6006
2.7139
3.0132
2.7515
2.6893
2.7539
2.6519
2.9298
2.8160
2.9616
2.4257
2.3441
2.6115
2.7753
2.3919
2.3613
2.1964
2.0228
2.1040
2.2179
2.3676
2.4202
2.2008
2.5851
2.4329
2.4934
2.2404
2.4412
2.2330
2.1479
2.3129
2.3009
2.3007
2.5690
2.4531
1.9523
2.1873
2.1402
2.1424
2.1914
1.9541
1.9212
1.9791
1.8138
1.8730
1.7034
1.8280
1.7098
1.6342
1.9810
1.9592
1.8415
1.7637
1.7031
1.8706
1.8093
1.9524
1.8361
2.2353
2.3067
2.3735
2.2372
2.1088
1.9599
1.8240
2.0445
2.1217
1.9815
1.8017
1.5863
2.1149
2.1832
2.2412
2.0791
1.8156
2.1853
1.9877
2.0761
2.2415
2.3208
2.4737
2.2644
1.9898
2.1771
2.3319
2.4105
2.1199
2.2178
2.0804
1.9493
2.1257
2.0426
2.0924
2.0946
2.0109
1.9929
1.8415
1.4485
1.5346
1.5730
1.5885
1.5892
1.9788
1.9996
2.0259
2.0619
1.9963
1.9075
1.7153
2.0157
1.7961
1.5123
1.7536
1.3729
1.6346
1.8102
1.7320
1.7028
1.5191
1.5271
1.3868
1.5227
1.6076
1.6919
1.6002
1.5964
1.5491
1.2613
1.1104
1.1817
1.2414
1.4369
1.3339
1.4297
1.4201
1.5191
1.4566
1.4732
1.4126
1.4016
1.2443
1.7041
1.5212
1.4889
1.5137
1.6728
1.4706
1.6471
1.4056
1.4319
1.3257
1.3289
1.4759
1.5239
1.5973
1.5701
1.7708
2.0270
2.0133
2.0215
1.7609
1.5932
1.8997
1.9367
2.1253
1.9730
1.9967
1.9305
1.6664
1.3646
1.7979
1.9961
1.9167
2.1830
2.1777
1.8980
1.9594
1.6619
2.1304
1.9388
2.1578
2.0235
2.1305
2.1737
2.1644
1.9512
1.9151
2.3680
2.0877
2.1000
1.9876
2.2386
2.4406
2.1139
2.0427
1.9411
1.7888
1.8136
1.7936
1.8044
1.7500
1.7204
1.3404
1.6541
1.6833
1.5857
1.6604
1.7335
1.8673
1.8340
2.1322
1.9695
2.2717
2.0961
1.7668
2.0599
1.6722
1.6383
1.5257
1.7049
1.6707
1.5507
2.2222
1.9141
2.2311
2.4010
2.2810
2.1872
2.2872
2.5221
2.2616
2.1797
2.0650
2.0765
1.7044
1.8686
2.4468
2.2202
2.5191
2.1716
2.1014
2.0773
1.8200
1.9098
2.0206
1.7005
1.9391
1.7936
1.8612
1.7982
1.5961
1.5445
1.7342
1.9341
1.8680
1.4805
1.6501
1.6009
1.9290
1.5381
1.8086
1.7035
1.7218
1.9108
1.8755
1.7971
1.8549
2.1836
2.1425
1.9467
2.2983
2.1714
2.0983
1.8287
2.1699
1.9088
1.9220
2.2042
1.9015
2.0751
2.3611
2.2805
2.3901
2.1316
2.0993
2.2920
1.9316
2.4370
1.9376
1.6502
1.6009
1.7775
1.6023
1.8262
1.8141
1.6503
1.5986
1.5765
1.7539
1.9036
1.9137
2.1699
2.2160
2.2152
2.2868
2.0738
2.1592
1.8190
2.1999
2.2529
2.1054
2.1790
1.8904
1.8051
1.5542
2.1864
2.0271
2.3563
2.1541
1.8531
1.9973
1.7688
2.1485
2.1780
1.9092
1.8542
1.4950
1.7674
1.6985
1.4078
2.0370
1.6037
1.7814
1.7227
1.7024
2.0191
2.0917
2.1529
1.8881
1.4717
1.3872
1.4719
1.4898
1.5899
1.7125
1.5988
2.0486
1.7665
1.8513
1.7507
1.7351
1.3481
1.3117
1.4948
1.4357
1.3192
1.3952
1.4946
1.4116
1.3080
1.5381
1.4281
1.5092
1.4383
1.4709
1.3314
1.6264
1.5229
1.3054
1.5187
1.4153
1.5758
1.6913
1.6486
1.7247
1.6977
1.7445
1.9397
1.8240
2.1474
1.9627
2.4913
2.2471
2.0171
1.8303
1.8979
1.6457
1.7321
1.8785
1.5383
1.4756
1.5426
1.6762
1.6957
1.3660
1.3645
1.5656
1.5233
1.6505
1.7598
1.7317
1.7920
1.7209
1.4903
1.3023
1.8119
1.5200
1.4601
1.3868
1.5079
1.3922
1.2323
1.4225
1.1600
1.1821
1.4062
1.3168
1.4649
1.3756
1.6149
1.4398
1.5609
1.2369
1.3852
1.5877
1.6405
1.6601
1.5904
1.6805
1.6711
1.6816
1.4470
1.5374
1.3768
1.5336
1.6253
1.8279
1.5771
1.7121
1.4141
1.3840
1.3862
1.3759
1.6960
1.6547
1.4232
1.4634
1.6064
1.4899
1.3223
1.3038
1.3262
1.3004
1.3524
1.3419
1.4734
1.2146
1.4834
1.0952
1.5756
1.3995
1.2239
1.3635
1.4436
1.5623
1.5800
1.5941
1.7259
1.8745
1.9801
1.6921
1.3880
1.5555
1.7274
1.9588
1.5114
1.4637
1.4812
1.4451
1.5641
1.6624
1.6411
1.5004
1.3541
1.4380
1.3219
1.4298
1.2111
1.2249
1.2013
1.2211
1.0046
1.1389
1.2255
1.5346
1.7561
1.9322
1.6683
1.6023
1.3915
1.4819
1.5584
1.6077
1.4160
1.5478
1.6773
1.7904
1.8411
1.7713
1.7217
1.5275
1.5780
1.7438
1.8569
1.9787
1.8336
2.0027
1.8886
2.1052
1.8352
1.8410
1.9816
2.0306
1.8300
1.8553
1.8469
1.8204
1.8486
1.6483
1.3549
1.3834
1.5517
1.6412
1.4825
1.4034
1.5140
1.2368
1.1748
1.2066
1.3501
1.1536
1.3430
1.2657
1.3701
1.3570
1.3636
1.4212
1.3755
1.8243
1.6055
1.4862
1.5378
1.5803
1.5701
1.6693
1.6882
1.6578
1.8366
1.6461
1.5064
1.5925
1.6221
1.6183
1.8547
1.5757
1.3886
1.5477
1.5892
1.5083
1.4666
1.4262
1.3951
1.2811
1.3901
1.4627
1.5722
1.4937
1.6972
1.6769
1.8937
1.6403
1.3981
1.6469
1.7996
1.4008
1.6790
1.5200
1.6646
1.4754
1.6179
1.3969
1.4186
1.3993
1.3637
1.6482
1.5725
1.5049
1.5642
2.0263
1.6524
1.9038
1.3838
1.2796
1.4189
1.6152
1.5565
1.6292
1.6451
1.6853
1.5187
1.4468
1.3808
1.5332
1.7044
1.7272
1.6736
1.6700
1.7458
1.6517
1.6053
1.4861
1.5259
1.5651
1.5033
1.5266
1.4662
1.8185
1.7263
1.7619
1.9494
2.2844
1.9533
2.2847
1.7825
1.9884
2.0480
2.0543
1.6945
1.7750
1.7790
2.0354
2.0853
2.2754
1.9578
1.8854
2.0111
1.9654
2.0209
1.9685
1.7042
1.5676
1.7951
1.8371
1.9930
2.2645
2.0419
1.7849
1.9181
1.6959
1.7638
1.8525
1.8728
2.0182
2.1030
1.7404
1.6713
1.9986
2.2310
2.0749
1.8204
1.9133
1.8789
1.8228
1.9291
1.9912
1.9087
1.8582
1.9822
1.9013
2.0079
2.2088
2.1762
1.9999
2.0383
2.0089
1.9222
1.8797
1.8261
1.8137
1.4152
1.5270
1.9578
1.9830
1.9449
1.9718
2.2821
2.3314
2.4213
2.6256
2.4288
2.5067
2.8625
2.7598
3.2468
3.4206
3.1663
3.1575
2.8771
2.9028
2.7850
2.6696
2.8126
2.7922
2.2724
2.2755
2.2730
2.1790
2.3838
2.2505
2.5491
2.3380
2.2104
2.3873
2.1194
2.2549
2.4271
2.0722
2.3063
2.2934
2.2811
2.1573
2.2493
2.2978
2.2887
2.4482
2.3153
2.0492
2.1798
1.9593
2.0068
2.0709
2.2230
2.3793
2.1379
2.3745
2.0439
2.2453
1.7456
1.7367
1.7690
1.8099
2.0367
1.6822
1.4273
1.6477
1.5517
1.2905
1.3043
1.4108
1.1909
1.5633
1.6537
1.5719
1.7919
1.3979
1.4760
1.4090
1.5695
1.8887
1.9394
2.2655
1.8909
2.0847
2.2150
2.1964
1.8362
1.7336
2.0570
2.2968
2.1572
2.2290
2.6160
2.3835
2.4581
2.3880
2.5788
2.1783
2.0500
2.3949
2.4817
2.1365
2.1257
2.2500
2.5320
2.3703
2.6682
2.5162
2.7628
2.8716
3.0728
3.0742
2.7288
2.5691
2.6483
2.3595
2.3807
2.4613
2.5270
2.6426
2.3793
2.4038
2.2860
2.4915
2.5165
2.4260
2.5302
2.2507
2.5552
2.5323
2.6554
2.5768
2.0752
1.8624
2.3915
2.6166
2.6687
2.7046
3.1503
3.0208
3.5131
3.2411
3.5472
3.1492
3.0322
2.9521
3.0749
2.8030
2.7680
2.7799
2.7384
2.9127
3.0298
2.4700
2.4180
2.3734
2.3790
2.5625
2.5784
2.7572
2.5011
2.7940
2.7188
2.8508
3.4242
3.0926
3.4945
3.1582
3.2604
2.9914
2.9243
2.6005
3.0519
2.7331
2.7759
2.4260
2.5035
2.3305
2.3613
3.0776
3.0985
3.7135
3.4330
3.3474
2.9602
3.5078
3.0084
3.4105
3.1527
2.7463
2.9214
2.7658
2.9990
2.5346
2.5045
2.6461
2.7845
2.6509
2.7976
2.4327
2.5314
2.2470
2.3796
2.7124
2.5238
2.3657
2.1777
2.2445
2.4002
2.2831
2.4737
2.2766
2.1133
2.1538
2.3509
2.1226
1.8717
2.2111
2.0311
2.3738
2.6190
2.8353
3.0242
2.9915
3.1522
3.0475
3.1381
2.9760
3.1100
3.1961
3.0409
2.6966
2.9986
2.7104
2.5412
2.4772
2.4415
2.7598
2.1680
2.0502
2.0161
1.6727
1.9952
1.6092
1.8634
2.2064
2.0810
1.8764
1.6677
1.8696
2.0254
1.7807
1.9594
1.7995
2.0744
2.1593
2.0371
2.1046
2.0385
2.5390
2.4058
2.3367
2.6309
2.6881
2.9683
2.5730
2.5747
2.5223
2.3827
2.7786
3.0526
3.0089
2.9888
2.9932
2.9691
3.1265
3.2170
3.3498
3.0614
3.1646
3.2513
3.6785
3.5017
3.5309
3.3200
3.3158
3.6417
3.5618
3.6043
3.5863
3.6495
4.0480
4.1477
3.5420
3.7252
3.7972
3.7720
3.8583
3.6668
3.5595
3.2565
3.4582
3.2675
3.2046
3.1182
3.1363
3.3677
3.6025
3.8890
4.3431
4.2302
3.7987
3.8225
4.1335
4.1747
4.1093
4.1335
4.2510
3.7856
3.4556
3.5785
3.4768
3.4065
3.4639
3.5267
3.8336
3.9435
3.6320
3.3624
3.6504
3.2768
3.2592
3.1534
3.2455
3.4125
3.2254
3.1879
3.0907
2.8876
2.8685
2.4820
2.7278
2.7416
2.6038
2.8950
2.7859
2.8409
2.7647
2.3563
1.9067
2.2652
2.3546
2.2538
2.7845
2.6265
3.0496
2.7387
2.5592
2.5559
2.7235
2.4750
2.4510
2.9033
2.9152
3.0803
2.7742
2.6611
2.7247
3.0604
2.5736
2.7675
2.8805
2.8684
2.9930
2.8399
2.9942
2.7165
2.8505
2.3401
2.1257
1.9837
1.7512
1.8805
2.1377
1.9182
1.9563
2.0953
2.4863
2.0140
2.2026
2.4443
2.8796
2.5074
2.6403
2.3048
2.3384
2.6043
2.7871
2.9704
2.8046
2.7860
2.6471
2.3432
2.0427
2.4479
1.8794
2.1913
1.7682
1.8553
1.8783
2.2427
1.7821
1.4795
1.4844
1.6467
1.7019
1.7748
1.6308
1.7305
1.5184
1.4861
1.7023
1.6472
1.4197
1.7014
2.0191
1.8952
1.8716
1.8024
1.8349
2.0347
2.0570
1.9794
1.9597
1.6404
1.4912
1.9437
1.7917
1.4569
1.6910
1.4235
1.5749
1.6372
1.7039
1.5690
1.7184
2.0139
1.4934
1.7147
1.7909
1.8651
2.1979
1.7115
2.0597
2.0998
1.6662
1.6813
2.0422
2.0456
1.7820
1.6759
1.9056
1.6571
1.7340
1.7222
1.4870
1.9814
1.9052
1.0508
1.4739
1.2713
1.4901
1.6403
1.6036
1.4117
1.1462
1.0837
1.2499
1.3236
1.3709
1.3214
1.4135
1.2395
1.4522
1.3502
1.6524
1.9428
1.6704
1.3788
1.7842
1.8383
1.5156
1.8715
1.7736
2.1986
2.0965
1.8815
1.6366
1.6302
1.6849
1.4971
1.5366
1.7255
1.7181
1.9491
1.4094
1.3482
1.6153
1.6002
1.7090
1.2808
1.6762
1.9002
1.9086
1.7416
1.9969
1.7148
1.9029
2.1428
1.5974
1.9276
2.1718
2.1755
1.9183
2.0401
2.0291
2.2515
2.1415
2.1889
2.3909
2.3733
2.5704
2.5353
2.4379
2.3723
2.5998
2.4226
2.7359
2.4946
1.9233
2.3601
2.2802
1.8870
1.8743
2.3907
2.0007
2.0074
1.8318
1.9068
1.8752
2.0858
2.0231
2.3394
2.1597
1.7592
1.9845
2.2467
2.2372
2.0459
2.2289
2.1163
1.8350
2.1939
1.9402
1.8221
1.8853
1.9927
2.2354
1.9169
1.5827
1.3525
2.0321
1.8273
1.6438
1.8107
1.8390
1.9695
2.0620
2.1674
2.4753
2.0536
2.0133
1.7338
1.8742
2.0497
1.7476
1.9109
1.7450
1.5952
2.0413
1.9019
2.3578
2.0904
2.1640
2.4374
2.4759
2.1603
2.1488
2.0764
2.1159
2.1531
1.9645
2.3434
1.9389
2.2425
2.1061
2.5462
2.0806
1.8856
1.7497
1.2947
1.2370
1.4514
1.4161
1.6425
1.7118
0.9979
1.1357
1.2584
1.6468
1.8127
1.6295
1.7698
1.5605
2.1474
1.8459
1.6364
1.5942
1.7667
1.9223
2.1182
1.8823
1.9783
2.3118
2.4751
2.0619
1.8383
1.5999
1.8738
1.8578
1.8963
1.6974
1.6040
1.4787
1.6995
1.8540
1.6611
1.6712
1.9669
1.7582
1.8823
1.4481
1.4213
1.7499
1.4717
1.7023
1.6366
1.9707
1.8142
2.1913
1.9884
1.5485
1.5618
1.5574
2.5170
2.0141
1.9844
1.4815
1.1191
1.1347
1.5720
1.6296
1.6554
2.1397
1.9237
2.2692
1.8943
1.8145
2.2907
1.8391
1.9430
2.2812
2.0138
1.9985
2.1843
2.1370
1.9406
1.5577
1.7839
1.6509
1.7687
1.7560
1.9081
1.7891
1.7756
1.6574
1.9150
2.0736
1.8957
2.2535
1.9245
2.1854
1.9572
1.8446
1.8861
1.7612
2.1538
2.1472
2.0115
2.0169
1.8283
1.5426
1.8492
1.9247
1.9297
2.0990
1.9212
1.7252
1.4812
2.0184
1.4155
1.3938
1.3169
1.8549
1.6669
1.9907
1.7253
1.6194
1.7635
1.7479
2.0903
2.3289
2.5362
1.9909
2.4188
2.4571
1.9600
2.1708
2.1646
2.1234
2.3189
1.8464
2.3649
2.2841
2.4934
1.9900
1.9489
1.8499
1.9556
2.3345
2.3799
2.5184
2.4641
1.9832
2.5607
2.7987
2.7813
2.4884
2.3769
2.0446
2.1093
2.4497
2.4582
3.0686
2.7943
2.9159
2.8160
2.9762
3.3356
3.0394
2.9723
2.6111
2.7051
2.3349
2.2104
2.1955
2.3792
2.1937
2.0702
1.7709
1.9443
2.3547
2.4720
2.3391
1.9783
1.8562
2.0833
1.7562
1.5516
1.2768
1.6425
1.3985
1.4575
1.1287
1.3524
1.3159
0.8208
1.1351
1.2658
0.8883
0.9758
1.4551
1.4028
1.3426
1.2003
1.3482
1.7004
1.9077
1.8095
1.9556
1.7152
1.5194
1.4307
1.5300
1.2199
1.2666
1.0833
1.1494
1.0784
1.3727
1.1702
1.0415
1.5312
1.4672
1.5007
1.3377
1.2758
1.6432
1.6753
1.1425
1.4550
1.8145
1.9262
1.6222
1.9339
1.6310
1.6889
1.6062
1.6665
1.7096
1.9806
1.5321
1.3012
1.7599
1.5828
1.4433
1.8821
1.7566
2.2960
2.3299
1.8478
1.6492
1.6012
1.5499
1.7915
1.7408
1.6268
1.5508
1.0156
1.0887
1.3469
1.3994
1.6231
1.4266
1.8951
2.1453
1.7813
1.5269
1.4389
1.4310
1.2062
1.0248
1.0778
1.2059
1.2373
1.0219
0.9248
0.9979
1.2967
1.3901
1.0009
1.2661
0.9467
1.1064
1.3615
1.4766
2.0119
1.6793
1.5681
1.5122
1.8269
1.8259
1.4536
1.6263
1.8247
1.7363
1.6621
1.8562
1.8343
1.7456
2.1507
1.7088
1.5330
1.5636
1.9618
1.5868
1.2122
1.6123
1.8986
1.4176
1.3569
1.5477
1.2987
1.0245
1.2506
1.1208
1.0128
1.2001
1.3348
1.0087
1.1519
1.0825
1.4138
1.5632
1.1529
1.1984
1.5654
1.7029
1.3581
1.5174
1.3075
1.3092
1.5589
1.1091
1.0491
1.3053
1.3261
1.2875
1.5762
1.2600
1.4670
1.2200
1.4190
1.3203
1.1819
1.2732
0.9587
1.1519
1.0587
1.2691
1.4272
1.4298
1.9207
2.0805
1.6318
1.6311
1.8466
1.6818
1.6547
1.6667
1.9193
2.2622
2.3306
2.1116
2.3539
2.1460
2.1265
2.1309
2.3869
2.2727
2.4397
2.4803
2.2919
2.5306
2.3449
2.4649
2.4325
2.1421
2.5225
2.4139
2.0075
2.3605
2.2440
2.2710
2.1847
2.1586
1.9758
1.8648
1.5680
1.5112
1.3063
1.3835
1.9791
1.6744
1.8208
1.9194
1.5711
2.1640
1.9078
1.9096
1.8377
1.6442
1.8774
1.8969
1.4435
1.6532
1.6523
2.0198
2.0281
1.9451
1.8563
1.2468
1.2960
1.2257
1.4440
1.5291
1.2341
1.2411
1.3110
1.1286
0.6446
1.1286
1.0749
1.1960
1.4162
1.5232
1.4921
1.5510
1.6601
1.6334
1.3279
1.1515
1.2971
0.9979
0.9446
1.2309
0.9478
1.2102
1.0139
1.0393
1.1262
1.0279
1.0856
0.9830
1.1363
1.1208
1.2958
1.6426
1.7247
1.6822
1.5972
1.4324
1.1307
1.3857
1.3224
1.4252
1.5958
1.4343
1.0832
1.0778
1.3176
1.7188
1.2983
1.3366
1.4998
1.4998
1.7031
1.4648
1.5254
1.3693
1.8150
1.7184
2.0122
1.7865
1.6190
1.7471
1.7137
1.6330
1.2763
1.5162
1.4178
1.6546
1.7574
1.8258
1.6560
1.2146
1.4358
1.5990
1.5800
1.3496
1.0076
1.2041
1.1376
0.9646
0.8898
0.8821
1.2465
0.8448
1.0466
1.3345
1.0823
0.9186
1.2844
0.9836
0.9921
1.1447
1.0082
1.1595
1.2984
1.3712
1.2852
1.0262
1.1330
0.8686
1.7199
1.3742
1.0115
1.0332
1.0175
1.0093
0.9347
1.0999
1.3034
1.4273
1.1176
1.1711
1.2828
1.2715
1.1538
0.9576
0.9400
0.7984
0.7798
1.0603
1.2263
0.9596
0.8505
1.4724
1.2767
1.3057
1.2104
1.1171
1.3323
0.9990
1.2761
1.4553
1.0205
1.0875
1.0575
1.3116
1.6016
0.9135
1.1651
1.5559
1.1309
1.5451
1.5381
1.2313
1.2578
1.3578
0.8989
1.0075
1.1973
0.9028
1.3001
1.1660
1.2781
1.4873
1.3740
1.5102
1.0205
1.1283
1.2228
0.8644
0.8937
1.0465
0.8686
1.0481
1.3148
1.0135
1.3153
1.5588
1.7790
1.7687
1.8590
1.5539
1.6218
1.9454
1.8395
1.5564
1.6571
1.5501
1.8716
1.8368
1.6261
1.6379
1.4825
1.2306
1.5036
1.3011
1.1267
0.9846
1.1403
0.9555
1.0370
0.9251
1.0502
1.2907
1.4628
1.4864
1.0685
1.3602
1.2927
1.4406
1.1674
1.2224
1.2217
0.9725
1.1947
1.3707
1.2667
1.2312
1.6760
1.6761
1.7280
1.6787
1.7441
1.1734
1.1545
1.4480
1.7256
1.7128
1.4712
1.4449
1.3672
1.4143
1.5569
1.4634
1.5030
1.2588
1.2038
1.6110
1.5983
1.4198
1.6409
1.2263
1.1844
1.4404
1.5754
1.4985
1.6586
1.3255
1.1382
1.2696
1.5579
1.4840
1.5642
1.5751
1.2523
1.4153
1.4360
1.3934
1.5285
1.3768
1.2813
1.7033
1.7854
1.7730
2.1507
2.2781
1.7408
1.8975
1.9046
1.8205
1.5813
1.8780
1.9095
2.2876
1.9703
1.9625
2.4429
2.2314
2.2709
2.1775
2.1403
2.0638
2.0594
2.0794
1.5021
1.3879
1.4877
1.2426
1.4376
1.4960
1.7219
1.7883
1.7282
2.0979
2.1881
2.1737
1.7158
1.9250
1.4483
1.6867
1.8898
1.9933
1.6798
1.5851
1.4010
1.6678
1.4234
1.6050
1.1700
1.1979
1.2859
1.4416
1.6619
1.8802
1.5871
1.6220
1.7633
1.7311
1.8587
1.5807
1.3236
1.1308
1.6405
1.4910
1.7413
1.6725
1.4543
1.3642
1.5882
1.5573
1.8546
1.5613
1.7342
1.8461
2.2687
2.2139
2.2117
1.8326
1.4789
1.8400
1.7377
1.3848
1.2981
1.4362
1.7118
1.7518
1.2064
1.3424
1.3620
1.7323
1.7147
1.6368
1.3600
1.4628
1.5444
1.2325
1.4226
1.2373
1.5432
1.5300
1.6194
1.3994
1.5505
1.7436
1.7357
1.4224
1.6031
1.8967
1.7975
1.3553
1.3392
1.4387
1.4465
1.3311
1.3668
1.0410
1.1387
0.9804
0.9367
1.2661
1.2291
1.0986
1.5674
1.0651
1.2693
1.2060
1.3873
1.8610
1.3211
1.0224
1.2456
1.2838
1.2565
1.1435
1.0019
1.2896
1.2211
1.2377
1.3252
1.4705
1.7378
1.5958
1.7497
1.5466
1.2443
1.2375
1.2770
1.1095
1.4279
1.2893
1.5502
0.9912
1.2518
1.1726
1.3121
1.5059
1.6905
1.5100
1.8696
1.7389
1.5076
1.7024
1.2925
1.3082
1.3275
1.3385
1.4444
1.4848
1.3407
1.5842
1.3891
1.3159
1.4349
1.3262
1.4369
1.3447
1.3244
1.5899
1.6895
1.5060
1.2311
1.0621
1.4333
1.2012
1.0229
0.9787
1.2312
1.0980
1.4508
1.4259
1.5009
1.0693
1.0121
1.0858
1.2728
1.1181
1.0777
1.1303
1.2885
1.3614
1.1857
1.2283
1.1097
0.9994
0.9237
0.9617
1.1232
1.0755
1.3447
1.4880
1.2689
1.0443
0.7970
0.9541
0.9485
0.9321
0.7912
0.9129
1.0769
0.8810
0.8146
1.1234
1.6176
1.4779
1.6030
1.4038
1.5053
1.6170
1.1770
1.1398
1.0516
1.1101
0.7436
1.4637
1.2458
1.2540
1.4334
1.5925
1.5469
1.4648
1.7162
1.3139
1.7336
1.7163
1.4946
1.2446
1.3127
1.4860
1.8703
1.7249
1.8687
1.3882
1.4960
1.5311
1.4799
1.2671
1.4801
1.3679
0.8833
0.7249
0.8786
1.0030
1.0698
1.3392
1.6282
1.3157
1.5807
1.6294
1.3534
1.3959
1.2468
1.0584
1.4330
1.5625
1.5968
1.4147
1.6463
1.1834
1.3804
1.3410
1.4291
1.1015
1.2526
1.5242
1.2785
0.9997
1.3104
1.5328
1.3827
1.4441
1.4099
1.6132
1.8847
1.5640
1.4036
1.7451
1.8579
1.5731
1.6110
1.3827
1.0093
0.9975
0.9702
1.4484
1.2075
1.1351
1.3522
1.5999
1.2436
1.2487
1.2908
1.1624
1.5284
1.4634
1.3515
1.1206
1.6107
1.4792
1.4446
1.5934
1.3056
1.5583
1.1274
1.3437
1.3854
0.9538
1.2469
1.2646
1.5603
1.6833
1.6233
1.7040
1.8080
1.9265
1.6200
2.1431
1.8407
1.9447
1.9183
1.9821
2.3913
1.9857
1.7737
2.0667
1.5749
1.8552
1.8679
1.5657
1.5594
1.1113
1.5252
1.5939
1.4338
1.4821
1.4066
1.2571
1.3307
1.4151
1.3852
1.2270
1.5075
1.8950
1.8585
1.9109
1.4765
1.4645
1.5506
2.0562
2.1875
2.0261
1.9650
1.4032
1.4111
1.7042
1.7012
1.2662
1.5050
1.4708
1.2270
1.1425
0.9301
1.3106
0.9192
1.2701
1.5712
1.7980
1.7410
1.7041
1.6745
1.7169
1.6156
1.5057
1.0866
0.9878
1.1160
1.1106
1.2818
1.3046
1.0038
1.2496
0.9588
0.9279
0.7585
1.1532
0.9909
1.3240
0.9085
0.6347
1.0793
1.2130
1.2306
1.1298
1.0815
1.2661
1.8763
1.2072
1.0586
1.0247
1.0887
1.2547
1.4741
1.3093
1.1184
1.4076
0.9731
1.4858
1.6920
1.6176
1.6692
1.3456
1.3614
1.0512
1.2136
1.3148
1.1721
1.4030
1.5365
1.2862
1.1240
1.2255
1.2528
1.5024
1.3384
1.3177
1.3825
1.1628
1.1448
1.2009
0.9258
0.9157
0.9245
0.7471
0.8168
0.8931
1.4858
1.4093
1.3066
1.0839
1.1721
1.0441
0.8878
1.1954
0.8519
1.1206
1.2511
1.1190
1.1297
1.2056
1.0719
1.0884
1.0761
0.7549
0.7410
1.1746
0.7348
1.1387
0.7809
0.9644
1.2331
1.0137
0.7670
0.8693
0.8774
0.9465
0.9543
0.8477
0.8772
0.8780
0.8819
0.7685
0.7919
1.0682
0.7740
0.7766
0.9158
1.0900
0.7868
0.8693
0.8245
0.7755
0.9650
0.9038
0.7146
0.7549
0.6892
0.9249
0.8202
0.7785
0.7311
0.9352
0.8817
0.8846
0.6295
1.0388
0.6345
0.6304
0.5610
0.5859
0.6567
0.5091
0.6341
0.8043
0.8641
0.8369
0.8036
0.9417
0.9659
0.8612
1.1802
1.0317
0.9507
0.8067
0.6465
0.7368
1.3870
1.2901
1.2546
1.0443
1.2464
0.9424
1.2394
1.3203
1.2144
0.8850
0.9847
1.2025
0.8877
1.1235
0.9180
0.8949
1.0670
0.8854
1.0197
0.9057
1.1279
1.0310
0.9307
0.8403
0.9371
0.8495
0.7467
0.6562
0.8334
0.5668
0.7806
1.3685
0.9319
0.8422
0.7457
0.6711
0.9261
0.8639
0.8176
0.7214
0.7085
0.7411
0.6964
0.8476
1.1613
1.0710
1.2996
1.3451
1.0489
0.8422
0.9956
1.4086
0.8769
1.3019
1.2840
1.2379
1.3376
1.5334
1.5922
1.6097
2.0802
1.9408
1.8221
1.8335
1.7137
1.5264
1.6529
1.4389
1.6585
1.4742
1.0193
0.9869
1.2238
1.3032
1.3444
1.1999
1.2882
1.8063
1.2200
1.0859
1.1236
1.2288
1.2677
1.1671
0.7161
0.9257
1.1329
0.8992
0.9400
0.7641
0.8222
0.7912
1.0561
0.7967
0.9478
0.9363
0.8297
1.1087
0.9552
1.2498
1.3467
1.0185
1.2172
1.0535
1.1384
1.0172
1.1847
1.3764
1.1066
1.0573
0.8712
1.2931
1.1319
0.9971
1.0656
1.2371
0.9835
1.2872
1.0160
1.0752
0.8416
1.1842
1.0639
1.2405
1.1433
1.0637
1.1077
1.0625
0.9657
1.1637
1.2384
1.0739
0.9483
0.8244
1.4578
1.3265
1.3771
1.1782
1.4292
1.2384
0.9672
1.0278
0.9194
1.0846
1.1750
1.3515
0.9185
1.2189
1.0091
0.9512
0.9732
0.7385
0.7377
0.8734
0.8326
0.9497
0.8660
0.9540
1.0104
0.8246
0.6540
0.8321
0.8201
0.6405
0.7669
0.8336
0.9031
1.0480
0.8591
0.7652
0.9765
0.8169
0.7052
0.7740
0.7335
0.6526
0.7708
0.8758
0.8727
0.8782
1.1150
0.6800
1.1683
1.1212
0.9662
1.1330
0.9284
0.9762
0.8892
0.9588
0.9710
1.0018
0.6698
0.6930
0.9331
1.1086
1.0729
1.1843
1.4341
1.1776
1.2952
1.1125
1.0288
1.1781
0.6810
0.9260
0.7760
0.9696
0.7788
0.7707
0.6542
0.9228
1.1128
1.1458
0.8646
1.0311
1.0519
0.9107
0.8782
0.8465
0.9736
1.2712
0.8937
0.9793
0.7832
1.0113
1.2032
0.9111
0.9744
0.9269
0.7976
0.8487
0.6493
0.6904
0.8382
1.0318
0.9431
0.9178
0.7209
0.9726
0.7630
0.9346
1.1112
0.9360
1.3688
1.3379
1.3583
1.2685
1.3214
1.1691
1.1825
0.9333
1.1476
1.1738
1.1581
0.9580
1.2211
0.7679
1.3361
1.2452
1.0849
0.6840
0.5508
0.6460
0.5922
0.6975
0.7812
1.2413
1.0672
0.7456
1.1124
0.9246
1.0424
1.0241
1.0967
0.8467
1.3004
1.3324
1.4290
1.4472
1.2168
1.1557
1.1598
1.1647
1.3326
1.2554
1.2917
0.9937
1.2890
1.0999
1.6090
1.1913
0.9747
1.2626
1.3057
1.0319
1.0983
1.0637
0.9306
0.8815
0.9967
0.9818
0.7995
1.1559
1.0672
1.0489
1.4292
1.3510
1.1038
0.8612
1.0869
0.9925
0.9016
0.9412
0.6281
0.3978
0.9270
0.8929
0.9866
1.1888
0.9499
1.1226
0.8436
0.8771
1.0033
1.3286
1.5322
1.0923
1.0260
1.0304
0.8849
1.1963
1.1933
1.1541
0.9852
0.8696
1.4113
0.8225
0.9041
0.7152
0.7876
0.9611
1.1693
1.0513
0.9901
1.1796
1.0245
1.0360
0.9144
0.7196
0.5854
0.7333
1.0464
0.9033
0.8191
1.3305
0.7854
0.6986
0.6628
0.8610
0.5375
0.8861
0.5290
0.8751
0.8588
1.1477
0.7676
1.0849
1.2434
1.0388
1.0769
1.3206
1.0232
0.9589
1.3105
1.1312
1.0233
1.0715
1.1155
1.0273
0.9679
1.0918
0.9056
0.6627
1.2391
0.9547
1.3982
1.4596
1.3515
1.2781
1.2432
1.0149
0.9730
0.8357
0.9811
0.9573
1.1808
1.3357
1.4210
0.9714
1.6041
1.2873
1.6265
1.6547
1.4143
1.0934
0.8807
1.0280
1.2080
1.1593
1.2305
1.3725
1.2644
1.2830
1.3087
1.3139
1.2162
1.6837
1.6584
1.2635
0.9101
0.8802
1.2658
1.1441
1.0474
1.2008
1.4003
1.0775
1.0293
1.1692
1.2226
0.8771
1.1623
1.2122
0.9786
1.1376
1.3088
1.2332
1.1680
1.1672
1.1075
1.3338
1.3570
1.3600
1.6547
1.5544
1.1230
1.4019
1.4474
1.3399
1.5148
1.4055
1.4274
1.2546
1.0232
1.5480
1.3498
1.1585
1.0913
1.4783
1.3962
0.8327
1.0326
1.0228
1.1448
1.0809
1.0661
1.0791
1.1551
0.8231
1.0204
1.0841
0.9184
0.9204
0.9674
1.0707
1.3088
0.8935
1.3553
1.3672
1.4328
1.1792
1.5008
1.3402
1.3693
1.0038
1.0818
1.1041
1.2844
0.9075
0.8833
0.8232
0.8048
0.8975
0.7438
0.6528
0.9414
1.0544
0.8322
0.8495
1.1899
1.0851
0.9550
0.8012
1.0377
0.9915
0.9162
1.0070
0.8795
0.8845
1.0056
0.9928
0.8320
0.9352
1.1145
1.3658
1.1932
1.2029
1.0323
1.1684
0.9962
0.9820
1.0051
0.7720
1.0391
1.0411
0.6711
0.6545
0.7585
0.8177
0.8720
0.6915
0.5826
0.6997
1.0158
0.8305
1.0325
0.9387
0.9454
0.6873
0.5843
0.6074
0.7642
0.7420
1.1164
1.1588
1.2902
1.4780
1.4423
1.4680
1.1843
1.2402
1.4878
1.1576
1.4733
1.4596
1.4511
1.4041
1.1867
1.3661
1.4041
1.1172
1.1377
1.4844
0.9896
0.9100
0.8845
0.8095
0.9853
0.9923
1.0951
1.3050
1.0739
1.2139
1.1548
1.0769
1.0248
1.1159
1.1606
1.2057
1.0063
1.0475
0.8996
0.9632
1.1027
1.2447
1.2202
1.1182
1.1539
1.6662
1.5772
1.4635
2.0761
1.6814
1.7338
1.3283
1.4208
1.3159
1.6679
1.0629
1.0704
1.2681
1.2702
1.6323
1.1207
0.9602
1.0783
1.1183
1.1677
0.9569
1.1494
1.8333
1.2538
1.2243
0.9214
1.1491
1.6319
1.7893
1.5336
1.2490
1.2613
1.2562
1.4992
1.3227
1.1046
1.2864
1.0238
0.9774
1.3032
1.2242
1.3591
1.3628
1.5087
1.7919
1.3180
1.7744
1.2955
1.5232
1.4199
1.6819
2.3180
2.1757
1.8857
1.9997
1.9964
1.8414
1.8915
1.2006
1.5418
1.2622
1.2145
0.7158
0.8989
1.1472
1.2941
1.2793
0.7679
0.7604
1.0542
0.8942
0.9032
0.8311
0.8522
1.0730
1.0557
1.3540
0.8795
1.3087
1.1021
1.1618
1.3506
0.8016
0.7577
0.7112
0.7803
0.7919
1.1022
0.9715
1.6012
1.2334
1.3658
1.1686
1.0915
1.0126
1.0239
1.1953
1.1175
1.4597
1.1237
0.9948
0.8775
0.8314
0.8093
0.8687
1.2664
1.0518
0.8705
1.0087
0.9660
0.9199
0.7479
0.9324
1.0558
0.9965
0.8879
0.7529
1.1760
1.1018
1.0262
0.7508
0.6291
0.8127
0.6796
0.6509
0.7368
0.8374
1.0202
1.0499
0.8502
0.8417
0.6678
0.9476
0.8853
0.7737
0.8910
1.0353
0.8822
0.9567
0.8501
0.7509
0.5281
1.2167
1.0280
0.8353
0.8036
0.8743
1.1068
0.9520
0.5983
0.7641
0.8586
0.7077
0.6934
0.8458
0.6639
0.5195
0.7830
0.9032
1.0007
0.8314
0.8910
0.8094
0.5806
0.7088
0.7051
0.7012
0.4565
0.7998
0.5363
0.9264
0.8008
0.9050
0.9274
1.1786
0.9799
0.9173
0.8983
0.9234
0.6621
0.6779
0.7015
0.8151
1.0271
0.6767
0.7755
0.8357
0.8169
0.8739
0.7426
1.0314
1.1171
1.0984
1.3283
1.5125
1.3557
1.5059
1.5116
1.2499
1.3271
1.4246
1.5925
1.3208
1.0389
0.9016
0.9589
0.9744
1.1055
1.0567
0.7272
1.2564
0.9364
0.8481
0.9147
0.9062
0.8856
0.9843
1.1083
0.8482
1.3271
1.1519
1.0161
0.8280
0.8961
1.2784
1.3859
2.0057
1.8011
1.7935
1.4166
1.3082
1.3730
1.1728
1.1511
1.0888
1.0412
1.1516
1.1593
1.1220
1.1755
0.9446
0.8368
0.8596
0.8827
0.8842
0.9683
0.7688
0.7546
0.8320
0.6956
1.1966
1.0082
0.9952
1.0031
1.0164
0.7307
1.0830
0.8127
0.9294
0.9077
0.9339
0.8848
1.2682
1.2551
1.2775
1.1349
0.9609
1.2608
1.0838
1.0409
1.4419
1.1747
1.1992
0.8727
1.0482
1.0912
1.0914
0.8440
0.6750
0.8149
0.7109
0.6907
1.1278
1.0164
0.6957
0.9412
1.0159
0.7719
0.7478
0.9550
0.7348
0.9716
1.2575
0.9038
0.7837
0.9015
1.0353
0.7474
0.4666
0.7425
0.7658
0.8234
0.5940
0.9915
0.6832
0.9931
0.7565
1.0177
1.1581
1.0534
1.0852
0.8463
1.3494
1.2004
0.9911
1.0730
0.9365
1.0606
0.9263
1.2151
1.1511
1.0613
1.0890
1.2487
1.3321
1.0370
0.9262
0.8888
0.7254
0.8708
0.8524
1.0424
1.2394
1.1202
1.1265
0.9075
1.0453
0.7405
0.9008
0.7567
0.9206
0.8325
0.8046
0.7356
0.8066
0.9211
0.5836
0.6523
0.7590
0.7330
0.9573
0.8864
1.2221
1.3116
1.0141
0.7908
0.6992
0.9683
0.8390
0.8880
1.0337
1.0602
0.9738
0.8635
1.1437
1.1806
0.6861
0.8004
0.9388
0.8082
1.0642
1.0013
0.8841
0.8144
0.6662
0.8817
0.9200
1.0982
0.7938
0.7260
0.6577
0.6673
0.7482
0.9691
0.9189
1.2626
1.1676
1.1334
1.0290
0.9785
1.2099
1.2720
1.1294
1.3606
1.1911
1.4008
1.3600
1.5620
1.2294
1.5133
1.7069
1.3336
1.4192
1.3432
1.4530
1.2144
1.3290
1.1060
1.1613
0.8035
0.5689
0.6627
0.8263
0.9345
1.0170
1.1227
1.0255
1.0318
0.8444
1.1325
0.8358
0.8430
0.8060
0.7749
0.7341
0.9527
0.7635
1.3139
1.1862
1.1150
1.1523
0.7008
1.0153
0.9553
0.6394
0.7633
1.1782
1.3512
1.7018
1.4071
1.1527
1.1641
1.6096
1.6018
1.8025
1.3779
1.2090
1.4047
1.0979
0.9155
0.9082
1.1915
1.0913
1.1517
1.4470
1.3610
1.0510
0.9757
1.2325
0.8766
1.2143
1.2264
1.4275
1.7245
1.3284
1.4173
1.1697
1.0399
1.3275
0.9438
1.3490
1.6227
1.4154
1.3005
1.2878
1.5447
1.1686
1.5117
1.2432
1.2409
1.2572
1.0343
0.8404
0.6430
0.7589
0.8877
0.6414
1.1890
1.0793
1.0394
1.3403
0.9249
0.8468
0.7862
0.5025
0.6750
0.9084
0.6871
0.8598
0.6616
0.6917
1.1731
1.2608
1.0182
1.4000
1.4523
1.3106
0.9951
1.2590
1.1516
1.0889
1.1234
1.1367
1.2722
1.3120
0.9637
0.9615
0.8048
0.8747
0.8192
1.2405
1.1456
0.9857
1.0358
0.6703
0.8002
0.4641
0.6020
0.6962
0.8510
0.9407
0.8210
0.8672
0.8131
0.7695
0.7789
0.9030
0.8644
0.7167
0.8176
1.2207
0.7537
1.2819
1.1188
0.8090
0.8382
1.2292
0.9525
1.1375
1.0307
0.8896
1.3301
1.2609
1.2129
1.1948
1.1955
1.2944
1.0256
1.1946
1.0769
1.2109
1.2510
1.0827
1.0086
1.0421
0.8688
1.3370
1.3193
1.3239
1.0763
1.0125
0.8343
1.1385
0.9002
0.9377
1.1060
0.9382
1.0015
1.0204
0.7143
0.9089
0.9648
0.9460
0.9639
0.7828
1.0312
0.9744
1.1017
0.7351
1.1289
0.9154
1.2961
1.1703
1.3447
0.9065
0.9020
1.1264
0.9309
0.8003
0.9948
1.0105
0.7283
1.0595
1.0325
1.0657
1.0709
0.8686
1.0791
0.9661
1.0667
1.0090
0.8089
0.8933
0.8547
1.0350
0.7276
0.9000
0.8969
1.0435
0.9720
0.8602
0.7504
0.7728
1.1237
0.9369
0.8475
1.0083
0.8122
0.7303
0.7282
0.8680
0.6970
0.9174
0.7868
0.6315
0.8486
0.9814
0.9296
1.1944
0.8015
0.8058
1.0060
0.9576
1.0706
1.2333
1.2402
1.1519
0.9607
0.7574
0.7012
0.7229
0.9671
0.8573
0.9650
0.6691
0.7632
0.8939
0.9841
1.0081
0.8909
0.8584
0.8752
1.0003
1.1935
1.2138
1.2554
1.0542
0.8847
1.0868
1.3242
1.5756
1.7007
1.7561
2.3387
1.9869
2.0235
2.0847
2.0193
1.8968
1.7593
2.0004
1.9405
1.6313
1.6221
1.6738
1.7468
1.5034
1.2856
1.7857
1.7399
1.6014
1.4467
1.6935
1.5577
1.2007
1.4782
1.6182
1.7865
1.3642
1.4025
1.2964
1.1150
1.3859
1.7608
1.9983
1.6912
1.7508
1.7029
1.6019
1.4387
1.9336
1.5354
1.1536
1.2930
1.6025
1.4177
1.7625
1.4643
1.2960
1.2792
1.1971
1.5540
1.8074
1.3112
1.2618
1.1904
1.1780
1.1942
1.2475
1.3932
1.0700
1.0732
1.1147
1.2456
1.2765
1.4940
1.4827
1.3088
1.3871
1.8640
1.8474
2.1982
1.8519
1.8735
1.7849
1.7513
1.7949
1.5091
1.8480
1.1516
1.0619
0.7696
1.1764
0.8624
1.2996
1.3977
1.3403
1.3570
1.4003
1.1380
1.0258
1.0713
0.8495
0.9010
0.8066
1.1151
1.1003
0.6468
1.0505
0.8023
0.8511
0.6372
0.5770
0.5617
0.7350
0.7242
0.7586
0.8460
0.9332
0.9513
0.8952
1.0023
0.8945
0.9206
0.7057
0.6163
0.8010
0.7144
0.6423
0.9381
0.9506
0.9734
0.6831
0.6577
0.8119
0.6592
0.7037
0.9839
0.8743
0.9250
0.8137
0.7235
1.0287
0.7606
0.6797
0.5077
0.7904
0.6367
0.5681
0.7101
0.8424
0.7833
0.7374
1.1779
0.8146
0.6881
0.4549
0.5271
0.7105
0.8328
0.8066
0.9898
0.9235
0.7331
0.7319
0.9247
0.7700
1.1763
0.8760
0.8452
0.9638
0.9263
0.9223
0.5466
0.9934
0.8075
0.9919
0.7375
1.0596
1.0112
0.6604
0.7285
0.8156
0.6442
0.6871
0.7501
0.7375
1.0132
0.8700
0.9043
0.8158
0.8027
1.0009
0.8813
0.7650
1.0561
0.7933
1.0983
0.9590
1.3138
0.7835
0.7891
0.8466
0.6254
0.9702
0.5133
0.9476
1.0644
0.9842
0.9200
1.1900
1.1409
1.2757
1.2859
0.8787
0.8723
0.9534
0.8864
0.6361
0.7915
0.9995
0.5102
0.5940
0.7112
0.6485
0.6653
0.9292
0.6974
0.7553
1.0151
0.9090
1.0736
1.2403
0.8140
0.7184
1.0771
1.2225
0.9536
1.1597
0.8953
0.9665
0.8777
0.7553
1.0465
0.6419
0.7988
0.6606
0.4834
0.6607
0.7343
1.0301
1.2041
1.4342
1.6749
1.3690
1.9059
2.0337
2.1497
2.0015
1.5184
1.6982
1.5605
1.7409
1.6689
1.6196
1.5997
1.3908
1.4900
1.4948
1.3678
1.2838
1.2889
1.1369
1.2807
1.6939
1.4391
1.3927
1.3737
1.3425
1.4065
1.4264
1.4460
1.0748
1.3330
1.4815
1.4954
1.7343
1.3745
1.4219
1.2840
1.1224
1.0583
1.0254
1.4578
1.4803
1.2930
1.1741
1.2474
0.9859
1.3624
1.1143
1.0787
1.1688
0.6307
1.3007
0.9314
1.0126
0.7219
0.8029
0.7318
0.6521
0.8952
0.7077
0.8282
0.7872
0.8766
1.2337
1.2805
1.1260
0.8276
0.8372
1.3486
1.3330
1.0148
1.0683
1.0883
1.0596
0.9435
1.1032
0.9094
1.1005
0.9070
0.7314
0.6598
0.7605
0.6638
0.9276
1.0605
0.9281
1.3711
1.2579
1.5119
1.4295
1.5658
1.2023
1.0462
1.0258
0.8711
0.8348
1.1515
1.1360
1.0710
1.1602
1.0509
1.3020
1.3464
1.7803
1.2793
1.2406
1.6828
1.5140
1.3303
1.4229
1.3467
1.2296
1.6364
1.3259
1.0558
1.0283
1.2451
0.9604
0.8834
1.0961
1.0379
1.0148
0.9196
1.2738
1.5807
1.3242
1.3397
1.4877
1.6209
1.0713
1.3005
1.3366
1.2713
1.7480
1.8739
1.7012
1.5418
1.6264
1.8375
1.7994
1.7377
1.9532
1.6615
1.5923
1.8338
1.6465
1.4674
1.4401
1.6424
1.6197
1.6095
1.7719
2.0754
1.9613
2.0207
2.1502
1.7191
1.7091
2.0530
1.8349
2.0396
2.0199
2.0116
1.3349
1.3732
1.2633
1.3179
1.2231
1.1441
1.2881
1.8090
1.2623
1.4384
1.7328
1.4581
1.5396
1.9216
2.1415
1.7127
1.8643
1.7112
1.7583
1.7452
1.9516
1.6351
1.6997
1.8602
1.8503
1.9123
1.4735
1.4860
1.1560
1.3363
1.2223
1.6489
1.5181
1.6624
1.6341
1.5503
1.6365
1.5245
1.3854
1.9371
1.7169
1.8747
1.4476
1.4089
1.4633
1.3998
1.6564
1.2266
1.7128
1.3779
1.5664
1.3679
1.5550
1.2926
1.5283
1.9489
1.8145
1.9489
1.6318
1.3705
1.6098
1.2957
1.3947
1.3097
1.4203
1.6437
1.6733
1.5525
1.3466
1.2709
1.3889
1.4004
1.1096
1.0568
0.9966
1.2365
1.5534
1.6143
1.7987
1.9678
1.9733
1.9931
1.8026
1.6627
1.3711
1.3807
1.2499
1.2356
1.3463
1.5178
1.6672
1.4020
1.4837
1.3448
1.2150
1.3638
1.4242
1.3316
1.3796
0.9887
1.0078
1.1851
0.9111
0.9701
1.3732
1.4514
1.6475
1.6278
1.7225
1.2904
1.2470
1.1350
1.4098
1.6055
1.4457
1.3741
1.5635
1.7410
1.7554
1.7791
1.3438
1.4207
1.3175
1.3995
1.5553
1.5548
1.2330
1.2113
1.0538
1.0581
1.2864
1.2427
1.5910
1.5503
1.5172
1.2216
1.2414
0.9624
1.2925
1.3223
1.0916
0.9771
1.2102
1.4203
1.4313
1.7993
1.6787
1.5627
1.5252
1.4074
1.6152
1.3179
1.4298
1.5302
1.7096
1.8598
1.6632
1.6184
1.3179
1.4100
1.4397
1.2928
1.3013
0.8761
1.0475
1.2983
1.4289
1.3379
1.5200
1.5271
1.4973
1.5756
1.2585
1.3693
1.3503
1.2262
1.2142
1.4345
1.2394
1.5390
1.4104
1.3296
1.1942
1.1538
1.1163
1.2761
1.3755
1.6211
1.6078
1.7523
1.4641
1.6463
1.7754
1.6331
1.8718
1.2834
1.6125
1.5502
1.4338
1.6221
2.2024
2.4704
1.7669
1.9355
1.8939
2.0135
1.6442
1.4832
1.7275
1.4990
1.8073
2.0443
2.0010
1.8852
1.8190
1.9178
1.7686
1.5487
1.9608
1.8275
2.0617
2.1498
1.5199
1.7182
1.6514
1.6331
1.4579
1.8681
1.4869
1.6144
1.7531
1.6539
1.7019
1.3659
1.3562
1.6065
1.7568
2.0763
1.4733
1.7411
1.6109
1.4264
1.6065
1.6940
1.7484
1.9402
2.0248
2.2536
2.2200
1.7345
2.0384
2.0780
2.5112
1.9135
2.2395
1.6165
1.6787
1.1933
1.0421
1.2916
1.8937
1.5834
2.0195
2.3432
2.1433
2.3540
2.3213
2.8395
2.5022
2.2504
2.0095
1.8123
1.3681
1.9993
1.7319
1.8705
2.2871
2.0563
1.7720
1.7739
1.7413
2.0310
2.0166
2.1190
2.1587
1.7773
1.3667
1.6455
1.6326
1.7488
1.5758
1.6574
1.6573
1.9348
1.7205
1.6328
1.6591
1.6976
1.6305
1.6675
1.6278
1.3223
1.4758
1.8330
1.2406
1.3069
0.8052
1.0077
0.9138
1.2185
1.3438
1.1990
0.9681
1.2909
1.3000
1.2958
1.1010
1.3523
1.3482
1.3547
1.2162
1.6584
1.2300
1.2046
1.7216
1.6995
1.4397
1.6158
1.2422
1.4769
1.6730
1.1008
1.5440
1.2312
1.2543
1.3302
1.5011
1.3514
1.4312
1.3377
1.2393
1.1884
1.2802
1.1254
1.4422
1.3776
0.8861
1.1270
1.2846
1.8638
1.6585
1.4943
1.2616
1.2626
0.9918
0.9850
0.7232
0.9365
0.7849
0.9319
0.9298
0.6565
0.7599
0.9927
0.6980
0.7137
1.0515
0.9565
0.8398
0.8659
0.8259
0.7736
0.7992
0.8096
0.9809
0.8893
0.7749
0.8669
1.1535
1.0678
0.8943
1.0947
1.2935
1.3598
1.1299
1.3237
1.4919
1.4427
1.1242
1.3831
1.7727
1.3703
1.6210
1.4089
1.3149
1.7588
2.0386
2.0441
1.8181
1.7264
2.1234
1.0096
1.8295
1.7810
1.5936
1.8182
1.7538
2.1625
2.0152
2.0906
1.6366
1.8697
1.7039
1.9317
1.8552
1.2042
1.2244
1.1997
0.9523
1.0520
1.1515
1.2560
1.2225
1.2093
1.2347
1.3674
2.0232
1.8742
1.3044
1.3494
1.2142
0.7748
0.8174
1.1264
0.9888
0.9209
0.9512
0.9268
0.7786
1.4017
1.2656
1.1781
0.9073
1.3925
1.2149
1.4325
1.4903
1.3872
1.3623
1.3697
1.3782
1.5450
1.6207
1.3971
1.1639
1.3273
1.6555
1.8280
1.3924
1.1461
1.5684
1.5570
1.4939
1.5466
1.6169
1.3757
1.5584
1.6950
1.5091
1.5738
1.6009
1.2240
1.2810
1.3782
1.4835
1.5003
2.0359
1.7080
1.8626
1.8682
2.3120
2.1756
1.9813
1.7856
2.0739
2.1332
1.7989
1.5161
1.1848
1.2761
0.9441
0.6633
0.8990
0.9167
0.6995
1.3620
1.2090
1.1705
0.9903
0.9573
0.9686
1.0106
1.1675
0.9448
1.0702
1.2166
1.5306
1.7205
1.3447
1.2952
1.7300
1.8483
1.8918
1.4656
1.3044
1.6317
1.0769
0.9813
1.0215
0.9249
1.1641
1.0741
1.4110
1.2859
1.6973
1.6289
1.8266
1.8790
1.6841
1.5656
1.0989
1.2477
1.3118
1.0525
1.3377
1.3598
1.3482
1.5494
1.2698
1.5352
1.4452
1.2985
1.3016
1.1304
1.2143
1.0801
1.4408
1.7125
1.7335
1.7762
1.9497
1.8664
1.4317
1.5262
1.7600
1.6957
1.5861
2.2258
2.0039
2.0587
2.2277
2.0122
1.8033
2.1213
1.8216
1.8497
1.8762
1.7086
1.3885
1.3847
1.3840
1.2426
1.1629
1.3395
1.7104
1.1973
1.3425
1.5036
1.3824
1.2747
1.5277
1.8459
1.3337
1.2200
1.4137
1.1983
1.3847
1.2368
1.2483
0.9876
0.9560
1.0559
1.0878
1.0435
0.8558
0.8079
1.0814
0.9324
1.0422
0.7612
0.7487
0.7639
1.0837
1.0551
0.8899
0.7253
1.0762
0.6449
0.9313
1.0372
0.7493
0.9344
0.8232
0.8163
0.6381
0.6652
0.6588
1.0854
0.9488
1.0768
0.9754
1.1109
1.1173
1.0954
1.5076
1.4490
