115.9902
114.5074
114.2242
114.0065
115.0215
114.7881
114.6486
113.8374
115.8083
114.3081
115.1368
116.7804
114.7938
115.0585
116.3191
115.6409
116.6182
114.3837
115.1187
114.9826
115.6253
115.5189
114.9222
114.7840
116.8306
117.0943
117.2040
116.4659
115.4332
115.9213
115.1250
115.0457
111.6365
111.0568
113.0786
113.1661
113.3534
111.7443
111.5234
112.9692
113.4391
112.5506
113.4436
113.8575
112.6977
111.9212
113.5406
113.2553
112.5709
111.3794
112.4186
111.6479
112.3040
110.4903
111.9805
111.8124
111.6451
112.1209
111.4850
111.8497
110.9094
111.5379
111.5616
110.8336
110.8354
110.0537
109.7722
108.2470
110.2841
109.7262
109.7619
110.2902
109.0549
110.7961
109.2035
109.4727
109.3496
109.0511
109.4207
110.0523
110.5753
110.3659
111.1087
110.6087
109.0500
108.4891
108.8620
108.5641
109.3005
109.4050
109.6308
110.7312
109.5986
107.7186
111.0778
112.1974
113.1778
110.5022
111.4672
111.0243
108.6989
109.4571
108.9693
109.3029
107.5179
107.6725
109.4619
107.1692
108.9811
108.5432
107.9887
109.1396
108.4408
107.6398
108.6669
108.8582
108.6488
108.5352
107.6910
106.9746
108.9478
108.6980
108.4552
105.4962
106.2109
107.0364
106.1759
105.3970
106.2882
105.6774
106.3700
105.4715
106.8512
108.5884
108.6286
108.2804
109.0177
109.6307
108.8472
107.0487
107.3271
107.1567
107.3349
106.4640
107.2749
105.9651
106.5542
106.5396
106.9814
106.4763
107.9267
107.2268
107.2071
105.4871
104.6700
105.0623
105.6703
104.2043
104.6369
106.0832
103.2991
104.3098
102.0344
102.2167
102.3201
105.8939
105.3472
102.9111
102.9759
104.0706
105.1092
104.0305
104.1892
101.8346
102.2042
101.7946
101.7700
100.5636
101.4647
101.4825
100.1775
100.9053
103.6792
102.6947
103.3480
103.4883
102.8664
101.2632
103.2390
101.9134
103.8287
105.2901
105.4549
105.5532
105.0748
104.8780
104.5665
106.1091
103.9094
104.2014
106.4360
104.7313
103.1399
104.7917
104.9733
105.8058
105.3386
102.9636
106.0443
107.9148
109.0864
106.8439
107.4250
106.9698
106.4361
106.5255
106.3300
107.0217
107.3578
104.9486
106.7357
107.1767
107.1470
106.5141
106.8257
108.6496
107.3535
107.7908
106.8964
106.9490
104.9672
105.0355
103.1674
105.0814
104.5223
104.8291
105.3203
104.1679
104.7178
105.8642
105.4229
104.6720
106.4291
104.3610
106.1001
105.3734
104.8899
105.6659
106.8216
104.2186
104.7225
104.9084
104.7017
104.3524
104.7810
104.4936
106.5062
104.1784
105.8821
104.8807
106.7161
105.0559
103.5329
106.8625
105.5665
105.9812
107.2618
105.8022
104.3935
105.6511
105.4174
105.5081
105.2008
106.8588
107.7655
106.8169
106.3671
106.6526
107.7633
108.0468
106.9980
105.3611
107.2936
105.5170
107.2230
109.0768
108.9794
108.2920
108.2259
108.7692
107.3089
108.4782
106.3662
105.4053
105.2731
106.5796
106.7997
105.0848
104.0612
105.4766
104.6342
106.0669
105.5136
105.9971
105.0377
105.4229
105.8666
106.3138
106.0900
106.3380
108.5919
107.4092
106.6121
105.8015
106.1607
105.2322
103.8813
103.2885
104.8704
105.2441
105.3901
104.2109
104.7043
104.5314
105.6206
106.7353
105.1380
104.8153
103.9912
104.6140
105.7160
105.6219
103.8221
104.0556
103.4004
105.5872
103.8884
104.5327
106.5867
106.3758
106.5811
108.2548
107.7647
108.6568
107.9843
108.1007
106.9862
106.4575
107.7214
104.9010
106.8524
107.7306
107.5699
106.5197
106.3289
107.6262
107.4326
106.1011
105.6816
106.0521
104.7861
105.6012
105.7317
104.1369
104.7874
106.7307
105.5898
105.8340
106.0479
107.3483
107.3362
107.3995
104.7570
105.3114
105.2535
105.9902
105.3620
105.0044
105.5713
105.1975
108.4124
106.3702
107.9244
107.6093
107.6947
106.1276
107.1096
106.1282
106.0008
107.4865
104.4187
103.0325
104.6604
106.6557
106.1389
103.7127
102.2619
103.6827
102.0573
102.0175
103.5678
101.1836
102.9246
102.4668
101.6963
103.6558
102.4850
103.5025
104.4819
105.5617
106.9713
106.1729
104.9364
105.5343
101.8832
103.3824
104.4818
105.2694
103.8836
102.7327
103.0855
102.4534
102.3737
102.8473
103.7399
102.8759
104.2796
104.5888
102.9929
103.4316
104.6700
104.3140
102.8152
105.7121
106.9526
105.0261
105.3448
105.5030
104.6030
104.4539
102.4468
104.5222
104.3572
105.2122
104.4979
103.6817
104.9355
103.4507
104.1017
103.3255
104.3659
104.8088
102.5411
102.8666
103.5226
104.0771
103.9452
105.1682
104.3775
105.0809
103.9650
104.3246
102.7625
104.7429
104.6841
105.6166
104.7151
103.7795
104.4096
104.8587
105.1060
105.8006
104.6722
106.1121
106.8000
104.1932
105.6710
104.0014
103.8741
104.6235
105.2735
103.0721
103.0716
104.5363
104.0285
103.5808
104.2819
104.3940
102.0225
102.1441
102.5137
102.8050
102.6997
102.7699
102.2527
101.6237
101.4991
103.9203
102.6572
103.1352
103.7535
103.8133
103.7874
104.9364
104.0447
104.3589
104.5867
102.4983
103.9671
103.9425
104.6167
104.5563
103.8558
103.6649
101.9759
104.4841
104.2299
105.3062
105.6625
105.9943
103.6046
103.7902
101.7195
102.9520
101.5765
101.0888
102.5395
102.5640
102.1606
103.2383
103.5322
104.2181
104.5827
103.3623
103.6894
104.8664
104.5952
104.0234
104.4753
104.7836
103.7125
103.8428
104.0069
104.6362
104.5275
103.5664
102.8855
103.9185
103.7256
104.9066
104.2304
102.6536
104.4127
105.1268
104.2637
103.8846
102.3801
100.8068
101.1116
101.2857
102.3479
104.6873
103.9235
103.9260
103.5943
103.5162
103.3561
103.5925
103.1237
102.8200
100.6841
102.1939
102.5099
102.5069
101.1699
102.0774
102.2647
103.4245
103.4143
102.1272
100.2669
100.2592
100.1828
102.6775
102.1874
100.7447
102.2547
102.4894
101.3308
100.2522
97.2406
98.2939
99.7943
100.6609
101.2763
102.2583
102.6080
100.9483
100.2104
102.7539
99.8283
99.9548
100.3954
100.5232
101.4331
103.8611
102.4792
103.3862
103.3706
104.6425
104.0331
105.5326
104.4565
103.4041
103.6381
103.4329
104.7361
104.0577
105.0248
103.7428
104.9613
103.1160
104.3995
105.8027
104.7982
105.8939
106.6961
105.4973
105.6586
103.7847
103.0453
103.4917
103.1604
103.0077
103.7309
102.9291
102.6059
103.2675
104.1221
102.8159
101.6676
101.6156
103.1786
103.5282
103.6612
102.1080
103.0686
103.2677
102.1942
101.8782
103.6691
102.7871
101.8639
102.4341
102.7241
103.0376
102.7259
103.2883
103.1250
104.1264
102.9826
103.6316
102.5007
102.9108
102.2096
101.2890
102.5823
102.6057
100.7761
102.3449
103.6515
102.6552
102.4028
101.3363
100.9129
102.6165
102.0160
102.4356
102.9691
105.9137
104.7717
103.9829
104.8155
103.1476
103.5926
101.8768
100.9119
104.1413
102.3328
103.7309
102.4520
101.1747
101.3613
102.3904
100.8833
102.6920
101.8026
100.0609
100.3039
101.0746
101.8198
102.5044
99.6705
98.7447
99.7426
99.5697
100.2299
99.0977
99.1105
97.7337
100.0168
100.2127
99.9094
99.9964
100.6295
100.9774
101.3196
100.6173
102.7754
101.8348
101.9591
101.2717
103.6513
102.9892
100.8684
102.3983
101.7991
100.2681
99.7005
100.1893
100.4817
99.9919
100.7856
99.7011
98.8965
99.7495
99.6332
98.9048
98.9367
98.3172
97.7384
99.3219
98.2025
98.0505
98.6974
98.7527
97.8215
96.8991
98.4518
98.5172
98.7045
98.3166
98.2339
99.1865
98.8267
98.2722
97.8761
100.9420
101.4844
100.0003
100.2783
101.0525
101.9707
101.8004
103.1179
103.2138
103.4118
101.7053
100.7582
99.9073
100.5952
99.9008
100.8941
101.1560
101.7648
102.0691
101.7548
102.7424
102.6672
100.0309
99.8507
98.2956
97.3023
100.7410
99.7307
100.2521
100.1371
99.5261
99.0435
100.1579
101.4054
99.8177
101.8035
100.3395
101.4417
102.5415
101.7785
102.2886
103.7242
101.1767
102.4609
103.2436
105.3550
104.8331
104.5010
104.2945
103.0062
103.5240
103.1003
105.5411
106.1476
105.0138
104.6540
103.4980
102.7171
104.0970
103.9414
103.9909
103.3076
103.6446
103.1778
103.8812
103.0171
103.3098
105.0242
103.0325
104.3480
103.8560
103.1206
104.8404
103.4021
103.9087
104.9498
103.2667
100.4793
101.1363
102.7311
102.6207
101.6261
102.3623
102.7015
102.3866
101.9601
101.7980
101.4010
101.8053
100.0355
100.5772
100.5499
101.7511
100.2700
102.5430
102.4624
101.6962
102.4716
102.8517
101.8838
101.5251
101.9614
103.8679
102.0179
101.7187
101.9312
100.9320
101.8195
100.4744
100.9295
100.4824
103.0186
103.0035
102.6350
104.5225
104.1439
102.4360
103.1467
103.2490
102.7188
100.4368
101.4760
103.2450
104.3318
103.9440
103.5087
103.4531
104.0122
102.7513
103.3762
103.9498
104.6153
105.0552
103.1922
103.7768
104.1055
103.9364
103.4364
105.2611
104.0308
104.5025
102.8721
104.0067
103.2005
103.8435
103.9682
104.8586
104.9308
102.9816
103.3448
102.7307
102.2265
101.0986
102.6750
101.8329
102.5519
103.2087
100.6002
102.2001
102.1267
101.7976
100.6442
102.4226
102.5174
103.4370
101.3791
102.7299
102.4413
102.1247
101.3849
102.6473
100.7504
100.5605
100.3911
101.2382
99.4736
100.5023
100.0919
101.9771
100.4191
98.1439
101.5830
100.5550
101.7457
101.5513
100.1375
99.4733
100.9033
100.8963
101.3325
101.9611
102.9096
102.2159
102.1590
101.3478
100.4352
99.8250
100.3115
101.8935
103.1147
102.3319
102.8314
104.5776
104.6695
102.9064
103.7483
105.3594
103.4482
102.9046
102.0386
101.7475
103.3247
104.2291
103.7973
103.9715
103.1187
105.3608
104.4609
106.4324
103.7602
103.9855
103.0659
103.1161
102.9728
102.3201
103.4444
102.7849
104.7944
105.2772
104.3546
105.4281
103.8635
104.4025
103.1456
102.4693
100.6575
102.2728
103.1841
102.5356
103.7170
102.5807
100.3137
102.0242
102.1654
102.6913
101.6133
103.6330
102.7103
104.0689
103.0148
103.0100
103.4451
103.9936
102.8811
102.3726
101.5701
102.8385
101.9743
101.8699
100.6148
100.6688
102.9695
102.4446
102.2877
103.8640
101.3058
102.3992
103.0966
102.5797
100.5779
99.1042
102.4617
102.3506
102.8970
102.7448
102.0145
102.4266
102.5533
100.7710
100.8781
101.4127
102.4648
101.3651
102.0184
100.7712
99.7705
100.0839
101.3490
102.4304
103.4672
102.5241
103.1603
100.5765
100.6179
99.5093
99.8550
101.7082
103.3193
104.2698
103.6172
102.2682
103.0121
103.2361
103.4651
104.0381
103.1720
102.5066
102.1870
103.7218
102.6088
102.8162
104.8957
103.9746
104.8535
104.5951
105.3097
105.2604
105.6706
105.8152
106.5647
103.8735
103.6548
102.8266
102.7834
102.9425
104.1150
103.6949
104.3953
102.3943
102.6774
102.2808
102.0504
102.6904
102.6794
101.0551
102.2895
101.3004
101.1261
100.5734
98.9160
100.8464
101.7153
101.4172
102.5949
101.6961
100.4585
100.9931
102.1259
102.0713
104.6217
103.0463
103.2348
105.3156
105.4201
105.7536
104.7968
103.3008
103.9701
102.3859
100.9400
100.6898
99.9357
99.5500
99.8307
103.0122
104.2429
104.5145
104.2165
104.9379
102.3125
102.0131
101.3466
100.2687
101.5571
102.6107
102.5023
103.2726
102.0184
103.0424
101.0048
101.8438
101.0889
102.5222
102.3793
99.9115
99.4093
98.2615
100.5243
100.7955
102.2582
103.1934
100.8536
100.2298
101.5851
100.8259
102.2679
100.4950
101.9167
100.5773
100.4100
103.2464
102.8920
102.2367
99.4616
100.6144
99.0384
99.0202
98.1632
100.0664
99.2621
99.8545
100.9151
100.2432
101.3801
99.5335
100.8265
99.5370
101.5468
103.2691
101.9678
101.3521
100.9834
102.6750
102.4324
101.8323
102.8819
102.4192
101.1873
100.6938
100.4698
100.5550
100.4180
100.5514
100.6601
102.3218
102.1354
101.5106
102.8786
103.6203
103.4211
103.6609
104.0806
103.9956
104.3554
102.0850
102.9438
103.2834
105.3146
104.6616
104.3237
104.0100
102.5043
103.9529
101.5203
102.9690
103.7615
103.1363
105.4186
103.9350
104.2288
104.4105
101.5719
103.3698
104.4828
103.7273
104.4947
103.8961
103.3316
102.3903
102.4016
101.2791
100.5677
102.8372
101.9028
103.6469
103.0109
104.8213
102.1426
103.1735
102.5520
103.1142
103.7553
102.3025
101.5218
103.4725
102.7630
103.9932
102.8636
101.6447
102.3538
103.0549
101.6060
102.6750
103.9558
104.0529
103.0164
101.4283
102.5654
100.6310
101.2222
101.7653
103.0154
102.1989
102.8294
102.7881
103.3645
102.4907
103.0649
104.0904
104.3062
103.4132
102.9090
102.4458
102.7602
103.2733
103.8961
105.2765
104.7099
102.7004
102.3125
102.9438
102.2746
103.3404
104.2044
101.8975
102.7144
102.4488
102.3085
101.6414
103.0810
104.2970
104.9721
104.4869
103.6722
103.3335
104.3543
103.3425
104.4374
104.4569
105.1683
106.2589
105.9158
105.1384
104.4128
104.2572
105.5205
103.9197
102.7723
102.4020
101.3145
102.0783
103.2398
103.8346
103.5613
103.9147
103.2849
104.2838
104.7425
105.3334
105.6784
104.9946
105.0747
105.8682
102.9087
104.2458
105.3181
104.4062
103.2118
103.3935
103.5475
104.3272
105.6616
104.2160
104.1795
105.2667
105.8460
105.0264
106.4981
106.6965
106.5188
107.3170
107.5719
106.6366
106.8336
107.4706
107.6262
108.2712
106.4864
105.4710
105.2034
106.3422
106.6679
106.0812
105.4709
106.9372
104.7289
106.2743
106.5130
106.4097
107.1312
106.5580
105.6782
105.4151
102.7968
103.4237
101.7932
104.1028
103.4625
102.0380
102.3772
100.9208
103.2517
102.1561
103.4090
102.8017
100.5507
100.4820
101.8057
101.6970
103.1825
102.4334
102.4616
102.1561
101.8238
101.8284
101.8559
101.0995
101.5869
103.6435
101.2545
100.7906
100.4526
100.1144
101.4289
100.8807
102.0500
101.5974
101.5385
100.0978
102.9749
104.4547
103.6099
103.8210
104.1816
103.2738
101.6051
101.0408
103.7415
102.9623
102.1285
102.6847
101.9313
103.6294
103.9396
103.8341
104.2210
103.6624
105.0750
102.0157
103.2824
102.1391
100.4350
101.9934
102.1490
103.7727
103.7707
103.7919
103.0762
102.1088
102.7061
102.2426
102.3382
101.7810
101.3081
103.8184
101.7035
100.3342
104.0139
103.2927
105.2327
103.5556
100.9591
100.8166
100.7253
101.6340
102.1720
101.1106
101.5932
101.0516
99.9568
101.0514
98.6424
99.8947
102.7942
100.5612
101.5725
100.7168
100.5328
99.9210
99.9073
102.1253
103.2181
104.1218
104.4954
103.7767
102.5776
101.9996
102.4819
102.5809
103.0310
103.2203
102.3506
102.8273
103.0715
102.8843
104.3533
102.7756
103.2040
103.4490
103.2858
103.9713
103.9563
104.3587
105.2509
104.2061
102.7837
102.4705
103.5042
103.7811
103.1648
103.2810
102.9523
101.1104
103.5699
101.6114
103.3392
101.3771
102.7966
104.4313
103.9955
103.9873
106.4877
104.9750
104.6246
102.8943
101.3852
102.1740
102.7459
102.7719
104.4095
103.9646
105.2557
103.9955
105.6019
103.0598
103.8955
104.0890
104.6689
104.6007
104.1084
104.3798
102.2870
103.4054
103.7561
103.2939
103.3951
105.2726
104.5780
103.5392
103.9852
103.5244
104.6236
104.2717
104.0015
104.7017
105.7124
105.7567
105.6277
104.2486
105.2379
105.5409
103.3430
103.9070
104.9869
103.3074
104.7908
105.1289
105.3163
104.6764
103.6876
104.8228
104.3587
104.9651
105.7906
106.7189
106.3224
106.0589
108.3277
106.0169
103.3890
101.5097
101.3726
102.3266
101.4293
101.7643
101.0029
101.7245
102.2393
102.2509
101.8385
99.1394
99.8931
101.7182
103.2489
102.9149
102.3533
102.8972
100.5767
100.7263
102.5135
102.3710
103.6513
102.5749
102.6375
102.4804
103.5487
102.6044
102.1036
104.4667
103.5054
102.1800
102.6176
103.7220
103.9097
103.6390
102.0083
102.8737
103.2765
102.4046
101.4493
101.5661
102.0251
101.8439
101.3494
100.3905
101.5709
102.5374
102.0952
101.9215
100.7086
99.7425
101.2711
101.1234
100.9436
102.7049
100.2992
102.5914
102.2758
104.7435
102.5405
103.6395
103.7427
102.2639
102.7341
101.3067
100.0425
101.5791
100.3116
100.0896
100.0741
100.0006
99.9176
102.0699
101.1842
101.0340
101.8367
103.1619
101.4654
101.3770
102.4462
102.8215
102.4081
102.2446
103.5106
103.6043
102.5305
102.6546
101.5605
102.0273
102.0994
103.4412
103.1420
104.0183
104.3769
103.6975
103.4641
103.7001
104.3012
103.8626
102.5431
101.7319
101.3536
101.0602
100.6671
100.4127
100.8377
102.2263
100.4093
101.1127
100.6103
99.8555
101.3662
100.5818
101.7290
102.2038
102.7037
101.1789
100.9852
102.9727
102.2180
102.3996
103.0016
102.9699
103.2611
102.5120
103.0991
101.3908
100.7269
101.3667
101.0277
102.8797
101.3781
100.9407
100.2014
100.4186
100.1635
100.3511
101.2409
103.2931
103.7105
101.9851
100.6192
101.2645
100.5408
100.9016
102.5773
102.5692
104.2140
102.1654
101.2900
103.3612
103.3090
103.1635
104.1029
104.6899
104.5721
103.6647
104.0525
103.1488
106.0717
105.3804
106.3674
104.7884
105.4779
105.4760
105.7501
103.2414
104.0559
103.3031
104.3442
103.9982
104.7981
102.3062
103.6206
103.2547
104.1599
103.2809
103.3029
102.4687
102.9263
103.4775
103.2873
103.9026
105.1571
104.1724
104.9480
103.4018
103.0592
103.6136
104.2545
103.2066
104.3870
105.2924
106.9067
106.5638
104.3331
103.5908
101.8763
103.7318
105.5475
107.7292
109.2797
108.9135
107.2796
108.5112
108.1725
106.2673
107.1238
107.0364
105.5156
105.9080
107.8408
106.2794
105.2610
106.5616
106.6886
104.7028
105.4952
106.4628
105.8323
107.4593
106.5435
106.5053
106.4009
106.3407
104.0498
102.8622
103.5349
105.6114
104.5127
104.5208
106.3282
104.3967
103.9020
104.0794
105.7641
104.5687
103.8099
105.1764
105.1409
104.8686
105.2052
104.0708
105.0026
104.0101
102.7072
104.0258
103.2344
102.9032
101.9245
102.1437
103.3721
106.6210
105.2940
105.2455
103.8749
104.1071
103.1827
102.4908
102.1854
104.1716
103.6444
103.3970
102.7793
101.8346
101.2701
102.8227
103.0370
101.2475
101.2638
102.3575
103.4089
104.2180
105.2080
103.0281
103.5953
105.8815
105.6896
107.1232
107.8746
107.4321
107.5652
105.5845
105.3544
104.9212
105.7215
105.9246
104.9311
104.6252
105.4813
104.9247
105.3474
104.8798
103.9525
106.4895
106.0859
105.7049
104.8392
104.8612
104.1402
104.9792
103.4891
103.4236
103.3063
104.3306
103.7894
103.4509
104.6953
103.9184
103.4278
102.2076
103.5334
104.9725
103.4492
102.9054
103.1554
103.2342
102.8753
103.3351
103.9999
103.7311
103.3180
102.5370
101.1175
101.2239
103.7685
103.9730
104.1329
103.5122
104.2416
105.2861
103.6143
104.2855
105.4703
106.0413
105.0170
105.4301
106.0653
104.9250
105.6806
104.2719
104.2334
103.2306
104.5112
104.7558
104.9572
104.7802
102.6757
101.8307
102.5492
101.3958
101.2080
103.0285
102.7029
102.9008
104.2109
104.7720
103.5699
105.0572
106.2593
104.4509
104.4205
103.9156
103.8589
102.2780
101.8498
102.8089
102.1162
102.9210
103.5071
102.8848
102.9778
103.0019
102.7314
103.4122
102.6782
103.6483
103.8812
103.4808
105.3970
104.7336
103.9380
104.0432
102.7991
104.8780
104.2499
104.5188
106.1169
105.9837
106.0297
105.4897
106.8539
107.8036
106.1934
105.9262
106.7912
106.4857
106.5631
105.3863
106.0854
105.5031
104.8423
104.8452
105.1675
104.2654
104.3907
104.9629
106.2170
104.7459
102.7888
104.1905
105.3761
104.8814
105.6965
105.3530
103.7427
103.3586
103.2385
102.8996
102.1405
103.4168
102.9133
101.8270
102.1407
101.4117
100.5460
99.6582
101.7442
100.6673
101.0968
101.5579
102.2022
102.7915
102.5630
101.7886
101.7474
101.8723
103.3896
101.7502
102.0993
100.6748
101.6017
101.7878
102.9656
102.7561
104.4172
105.4681
105.1201
104.7622
102.2723
103.2904
101.7744
104.6765
104.8752
105.0483
103.3740
101.2314
102.4930
103.1369
103.7504
103.1610
102.9750
102.0147
103.1438
103.0892
102.2874
102.6995
101.4386
100.6287
100.4171
99.6749
100.5411
101.8863
102.6358
102.1984
102.1928
104.4428
104.0254
105.1412
103.6491
102.6746
101.5513
102.6216
102.0871
103.2655
103.1128
104.4372
103.6242
107.2775
104.7863
106.7870
109.0919
108.4703
106.8624
106.1343
107.7449
109.1412
109.2876
107.7110
109.2783
108.9848
108.1476
109.4526
109.4699
106.8582
106.1412
106.8192
107.1074
107.1232
109.0568
108.2612
107.0391
106.3484
107.0960
108.3925
109.8208
109.7830
107.6396
105.2566
105.6899
104.6900
106.8750
109.2013
108.9545
108.3035
108.1455
106.7230
105.3345
105.1500
104.3973
104.3471
103.5139
105.8536
103.9273
103.7438
104.9862
103.5916
105.6063
104.0464
105.9858
106.3691
107.1088
106.9062
108.1252
106.7503
108.0829
110.3202
107.4375
107.9399
108.1186
108.6944
107.6611
105.5955
105.8758
107.1558
105.7047
109.0450
109.1566
108.6810
110.3948
109.6146
108.9317
107.7425
107.2622
106.9289
108.2898
108.9325
111.0356
110.6798
111.1328
111.1502
108.1485
109.7194
108.9054
107.6225
107.0659
107.9123
107.4220
109.7832
108.7803
109.0744
110.9012
110.1264
107.8717
108.5282
108.4365
108.8982
108.6231
109.2140
107.6528
108.3197
108.7008
108.6267
107.2839
105.1799
107.7273
108.2576
108.9535
107.2603
107.9134
107.9246
106.6816
106.3936
107.4707
107.5435
108.1753
108.2663
107.5139
108.0748
106.8331
105.7407
105.5134
105.4016
106.6269
107.1848
105.5031
105.4904
105.4560
105.0148
105.1862
106.9156
105.1445
107.0867
105.6827
104.6268
107.3930
106.8444
107.8260
105.6877
105.9968
106.0607
104.5308
104.9413
104.6138
105.8488
105.3823
104.6768
103.1679
104.0473
103.2724
103.4657
103.4257
103.6935
103.1020
103.6977
105.2339
105.4461
103.5574
104.0811
103.7503
102.3880
103.1598
103.2619
102.4969
102.8822
102.8818
103.5915
103.9654
104.6584
103.7134
103.8160
103.5505
103.2709
104.1685
104.2761
104.6472
103.4640
103.5317
102.9261
101.5220
101.9891
101.0976
102.3036
102.1464
102.3736
102.3625
101.4251
102.4983
102.0435
103.1140
104.9109
103.8021
104.2323
104.6476
106.0223
107.7674
106.1877
104.2058
105.7616
104.9373
104.9597
105.5812
106.3652
106.0333
106.6062
106.4578
106.5411
105.3444
103.8345
105.0199
104.4378
104.3627
104.1469
106.0535
106.1962
105.5662
104.5030
105.0324
105.8325
105.5017
103.5860
104.5551
104.9339
102.4800
103.0680
104.0569
103.4987
104.6384
104.5042
105.3923
107.8897
106.9710
106.9327
107.0547
108.5923
108.4692
107.6102
107.0400
107.8990
106.7546
106.0421
105.9158
105.4882
106.0549
105.5499
104.6514
105.1577
103.9317
105.6389
105.8092
105.5750
105.2512
105.6883
107.8190
106.1350
105.6739
103.5366
104.0606
103.3308
102.8899
103.3849
104.1692
103.3913
102.2058
102.2847
105.4757
104.4832
105.0477
106.2666
106.3761
104.9388
103.6494
103.8871
104.9529
104.9272
103.6927
101.1086
102.1918
99.9860
102.7430
103.5953
103.0600
104.2589
103.3867
102.1954
102.6775
102.6306
105.5290
105.6993
106.0904
106.5764
105.8395
105.3221
106.8058
105.6273
105.5128
107.2168
105.9244
106.5076
107.2517
106.5063
108.1893
106.1699
106.8456
104.8260
105.8197
105.9265
105.2477
104.4883
103.5400
103.3677
102.9902
104.6724
103.4797
103.6594
105.6650
104.5505
104.7712
103.2840
104.7687
103.3878
103.1192
105.4596
105.3949
105.5165
105.2755
105.1473
105.2684
104.5734
104.0345
102.1792
102.3495
101.7680
100.2262
101.6905
101.3496
101.0435
102.3932
100.3829
100.9855
99.6098
100.1171
101.0979
102.3293
102.1642
101.4220
102.7842
101.8681
101.7771
101.3754
101.0570
103.6198
102.2357
102.1878
102.9556
101.7064
100.3202
99.6035
100.5159
102.1467
102.2291
101.2414
101.2830
102.4904
102.8553
101.5736
102.6468
101.7631
104.3509
104.3278
104.4700
103.8290
102.9016
102.8854
103.5250
104.2106
104.4922
105.5899
104.1883
105.7114
104.5832
102.4560
102.8220
102.9383
104.3637
105.4916
103.5526
104.0451
101.3388
102.7848
101.7774
101.9057
102.0825
102.8360
102.6560
101.2339
100.2333
102.5270
103.6740
102.4311
102.1371
103.0576
102.5525
101.7736
101.7972
102.0298
101.7130
101.6991
102.5955
101.7946
103.4182
103.8108
106.4708
104.7041
105.2809
104.6961
103.3668
104.8373
103.8319
104.7148
103.8355
104.3693
102.8055
103.3229
103.2435
104.0029
105.9136
102.4234
101.9792
102.5353
102.7344
102.5933
102.5118
102.3680
103.8163
102.8707
103.1942
103.2303
103.4842
101.1262
101.5576
100.5496
100.3370
101.6992
100.1974
99.2755
102.0176
99.5602
99.5091
98.3015
100.3164
99.7446
100.7514
99.9918
100.9817
101.2137
101.5875
102.4224
102.1772
101.6836
101.5707
102.2731
102.9807
104.9913
103.3445
104.3803
105.0316
102.5498
99.4714
99.9700
101.5406
101.7766
103.5618
103.2407
102.3661
102.2461
103.0477
101.0352
103.1369
104.3426
103.6396
104.0225
102.7077
100.1125
100.1537
99.2908
102.2374
103.0945
103.1278
103.4540
102.9070
101.3255
101.9160
104.2322
103.2482
102.1751
100.4819
99.9116
99.9191
100.8256
101.4850
101.2727
102.1531
100.4624
101.3543
102.8074
101.4664
100.7992
101.7852
102.6151
100.3216
100.2340
101.9937
101.3873
100.2659
102.1567
100.1112
99.3369
100.8246
100.6439
101.9459
100.7009
99.5104
100.3041
102.0065
101.9392
101.0043
102.2257
102.6696
102.6506
102.5517
102.8775
103.8388
102.8916
103.7898
104.0104
101.1611
102.9908
101.4624
102.8327
104.0701
105.3824
106.3533
103.5291
102.2632
103.3170
102.8575
103.4001
104.4389
102.6832
102.2353
102.2312
102.1040
103.0573
102.6009
101.0772
100.7811
101.4461
101.8810
102.0742
101.7153
101.1668
102.0420
100.9271
101.9863
100.9915
102.1585
101.1872
101.7298
102.5463
102.6349
102.3070
103.0595
103.3340
102.4455
104.1729
102.7355
103.3857
102.7430
103.9271
101.9901
100.2454
100.8041
101.4554
100.7985
101.6053
100.5965
100.6600
101.1263
100.3233
100.7407
99.3268
102.5818
101.3371
101.1510
100.6979
98.7142
99.6440
100.1524
99.5506
99.5509
100.6318
100.6251
103.4312
102.7915
102.1251
102.6841
101.7147
101.6431
99.6136
99.0184
98.6483
98.7544
101.1687
100.9525
101.8311
102.4089
103.3581
100.0831
102.8769
103.7819
102.9928
102.9086
102.1923
104.6395
103.5966
104.1766
103.7714
104.6672
106.2639
105.5401
104.6168
104.3444
105.5485
106.8905
106.6892
106.2176
106.5711
104.7244
103.6165
104.3361
104.1048
104.0534
101.3534
100.6251
101.1434
100.0885
100.5405
100.2579
99.3312
99.0156
101.9228
102.3405
102.5319
101.8386
103.6027
104.8336
103.8357
102.7366
102.2974
102.1743
101.0981
100.7611
101.3596
98.6557
99.9629
100.2165
99.3777
99.1687
100.4026
99.6982
100.4689
100.4654
101.5230
101.7816
100.5554
100.8119
100.7807
100.1224
101.1846
102.7475
102.6629
100.7523
102.8472
101.1837
100.3093
98.5949
98.4325
100.8218
101.0296
99.9111
100.8426
99.7049
99.7156
100.6280
99.1635
100.2421
100.5067
100.3808
98.5766
98.7823
99.5858
98.7056
99.7291
100.5469
101.0248
101.8827
102.0776
103.1464
101.2510
101.5459
101.8134
101.4347
101.5642
100.0711
100.0659
101.3177
102.4873
101.3156
103.2948
103.0012
104.0095
103.8900
103.3253
101.5647
103.2786
102.0465
101.9595
102.6410
103.5117
103.4892
102.8866
104.3841
101.2772
102.1694
101.7065
101.1656
101.8422
99.8553
102.2164
101.4737
100.9696
101.7941
100.8238
101.5372
100.4150
101.4330
101.6728
102.2637
101.0626
97.9044
98.0338
99.2766
100.3122
102.4393
100.5420
100.9201
98.7513
99.4245
99.4154
99.3774
98.1808
98.8731
100.0037
100.0251
99.4287
99.3104
100.5405
101.1412
99.3645
98.8210
99.3251
100.4350
101.1340
101.7175
99.5792
99.7186
99.6210
99.7810
99.5253
98.3814
99.3522
100.2635
99.9683
100.4361
100.3004
100.4036
100.7122
99.4695
99.5385
98.3291
98.2247
97.9966
98.5280
98.1840
98.0557
100.1186
100.0645
100.5370
100.4766
99.9781
101.1950
100.1367
100.5835
101.5990
102.3200
101.4216
101.2393
101.4839
101.4407
99.8773
100.5979
99.2360
98.5450
98.4762
99.3445
99.7001
101.2243
99.2342
99.3857
99.6726
98.6814
100.2127
101.0171
100.8371
101.6427
102.6107
103.2309
105.2385
104.7158
101.6300
101.8610
102.3608
101.9661
103.6410
101.6286
103.4924
102.7294
102.7329
103.4790
102.7728
104.4755
104.2899
104.3314
104.5553
103.1300
103.1836
104.6258
104.5214
102.9227
102.8286
103.0002
104.1712
104.3283
103.4507
103.8996
103.5566
105.5856
102.5122
103.8512
104.5857
104.0131
104.0886
102.6708
104.5256
104.0617
103.8173
103.8002
105.0584
105.6579
105.0713
105.8804
105.7413
105.5827
105.7418
104.9830
105.7582
107.2063
106.8136
106.5227
104.6669
105.1084
105.0084
103.4722
104.8771
105.3249
104.5221
104.9243
102.9443
102.2250
103.6089
101.6618
104.0726
103.2487
103.9488
102.1240
102.1219
102.6201
103.2865
101.7875
103.3705
101.5934
101.4612
101.4504
100.5581
99.6496
99.8902
99.9186
100.8169
101.2257
102.9554
102.5380
101.8641
100.8722
102.4937
102.3277
102.7400
101.4323
101.0952
102.3727
102.4933
101.2450
101.8680
102.4395
102.8686
102.4039
99.8645
97.2292
97.9153
98.7603
98.3162
98.1779
98.4681
98.4726
99.3525
99.5585
99.9607
100.0343
100.3855
100.0932
99.5116
99.7805
99.8937
100.1140
99.8798
100.0436
101.3210
100.8730
100.4189
99.8679
102.1780
101.7203
102.2265
100.9673
98.8050
99.3277
100.1191
100.9871
100.5894
101.6909
101.5530
102.2381
102.5894
101.8850
101.1125
101.2259
102.0112
100.8907
100.7471
100.5459
101.9933
100.8540
100.7195
101.6033
102.3568
101.8901
101.3904
101.2701
102.0565
101.2141
101.7164
102.1602
102.1097
102.4827
101.4882
101.1054
102.1281
104.0722
104.6158
102.0833
103.1789
103.5433
101.8743
102.2404
100.4955
101.9595
101.3166
101.9661
101.0866
103.9370
104.5737
103.3209
102.1238
102.4467
99.9227
101.4092
100.6765
100.7434
100.8326
101.0491
101.5755
103.4094
103.7252
103.6304
103.4489
103.6052
101.3271
100.4751
100.6264
100.2696
98.8882
99.8907
99.3034
99.2580
100.3323
100.6975
101.2845
102.1118
102.1311
101.6572
102.6336
103.2705
103.0370
102.6648
101.8438
100.8560
101.3674
103.5545
102.5596
102.0320
101.7104
101.5120
101.9973
102.0028
100.5057
101.3504
102.0552
100.2684
99.9558
97.2967
96.9635
96.7937
97.4614
99.4457
99.3835
98.5441
96.5701
98.9593
100.4153
101.2140
101.1384
101.9785
99.5690
100.0439
100.1758
99.5800
100.3938
100.6094
99.7583
99.7513
101.8679
102.5278
103.6234
101.4677
103.0136
103.1407
103.0970
101.9172
102.0840
101.3556
102.3243
101.7157
101.7546
100.6803
100.8457
101.2755
100.9299
101.6692
101.8282
101.8775
100.7866
100.5582
102.5060
100.6073
101.3974
101.8318
101.2473
100.3053
101.5651
102.7554
100.8461
101.1755
101.7712
103.0028
100.8097
101.4425
100.9240
101.4120
103.7701
101.8865
101.3103
102.0517
101.3560
99.5463
100.5915
100.3845
100.2910
97.5508
98.9659
99.0441
98.5816
98.4274
98.7774
98.5268
98.7638
98.6811
100.6801
98.3560
97.7828
97.0716
96.2422
95.3201
94.7027
95.0367
96.0484
97.5399
95.4159
95.6797
96.0651
94.6306
95.3126
94.9936
97.5571
97.4924
97.7791
97.6462
96.8193
97.2007
98.5296
99.3141
98.5976
98.4842
100.3068
100.6914
98.2688
99.3350
98.8460
98.2503
100.9295
100.6931
98.9374
100.7942
101.3036
100.5244
99.8945
101.7106
100.7504
99.5614
99.9649
102.3279
100.5247
101.5029
101.1040
100.2008
100.4917
99.0389
100.2079
101.9510
102.9314
102.4891
101.5545
100.3119
99.7183
99.5335
101.1832
101.0925
101.8447
102.6274
103.1412
102.8537
102.6526
103.9456
101.8243
101.6102
101.5181
102.4927
102.0682
100.8548
100.9155
100.4061
101.0616
102.0228
101.1147
100.2060
100.2547
101.7941
102.4361
101.3047
100.6589
99.5224
98.7737
97.8514
98.3600
100.1356
97.8574
98.2153
101.3535
99.1931
99.6587
100.0480
101.2472
101.1303
101.3618
100.5643
101.5420
101.7160
102.2767
101.9414
101.3922
102.1327
101.5881
102.7511
100.9172
101.5290
101.1941
104.1327
101.4614
101.8109
101.3138
100.0958
101.0099
99.5707
98.4818
98.8694
99.5631
99.6270
98.3051
99.1112
99.1926
98.3469
96.1055
96.7942
97.0018
96.6949
95.9608
96.7907
96.9120
95.5006
97.1357
97.0793
97.1816
97.8212
96.1809
93.4486
95.3159
96.2074
95.4202
94.4144
95.1610
97.1530
96.2522
95.6708
95.9803
95.3393
95.9427
96.6724
95.3096
95.5830
95.4656
98.3470
97.0962
96.1240
96.4966
96.6256
95.9854
98.2217
97.1621
97.8350
97.5250
98.1823
98.1370
95.9860
96.0116
94.7125
95.4380
97.1004
97.0146
98.3580
96.9491
96.5981
96.5423
97.1640
98.8778
100.5242
99.0266
99.1879
100.4827
98.4911
98.8333
98.9657
100.0405
98.4166
99.9270
101.2916
97.6860
98.4018
99.1718
98.5284
98.7708
99.0361
98.7060
98.8123
97.1618
99.1021
98.8941
99.1821
99.0855
97.8749
99.0558
99.0072
97.8028
100.3956
99.5179
99.4221
100.7578
99.4032
98.7622
99.9545
99.4052
99.8051
99.7612
100.8630
101.1786
101.1302
100.6718
99.5901
100.7917
100.2099
98.5239
99.9850
101.1444
100.1500
100.2565
99.4234
100.9982
101.6666
100.1846
101.1056
101.1267
100.6350
100.8165
99.6022
101.4660
99.9112
100.9736
99.3277
99.0630
99.8449
101.6627
101.1773
102.4320
101.2358
101.1456
101.1988
101.5065
102.4475
103.0999
103.5525
102.5122
101.0080
100.6748
100.2496
100.7317
100.7658
100.6023
100.4871
101.7599
102.2644
100.1064
99.8091
99.2281
99.9854
99.9376
99.6683
100.7550
99.6945
100.9020
100.7804
101.4620
100.0781
98.6527
100.3328
98.5690
97.1658
96.4684
96.7122
98.1154
97.6786
96.9341
101.4228
100.5705
100.3458
99.9486
98.0387
98.5498
98.4713
100.1194
98.8684
98.5674
99.8202
99.1446
99.9801
99.1608
99.5458
98.0508
96.7573
99.4202
97.8093
99.7960
98.9578
101.0435
100.8248
98.9281
98.5728
99.2476
99.8613
101.2947
99.7632
97.8245
99.7649
99.8112
98.8030
99.2865
99.0748
98.4973
98.5778
98.7539
97.0723
99.5696
99.3022
98.0964
98.6813
98.1276
98.6714
98.9652
98.3823
99.9840
99.5783
99.9779
99.1680
99.3601
97.5902
100.4017
99.2901
98.9591
99.3509
100.5101
98.7249
99.0994
98.8667
98.2549
96.0359
98.2736
98.5095
96.8584
97.5204
97.9482
98.4236
98.7268
99.3068
99.2323
99.2770
98.7164
98.4606
98.0385
98.4049
98.9198
99.0827
100.2922
99.3804
100.0193
99.7999
99.9093
99.4961
100.3723
98.6521
99.3037
100.0857
99.2353
100.1330
98.9543
96.3903
98.1767
99.7805
99.7756
99.0414
100.8271
102.1838
102.6335
103.1759
103.4327
102.1781
102.5114
101.4773
102.3899
103.5878
102.0737
102.3969
99.9097
99.5919
100.7571
100.2577
98.7738
100.2837
98.4700
100.4221
100.6907
98.7836
97.0822
98.6082
100.1740
99.8711
97.9412
97.6904
97.0855
95.1110
96.1917
97.9020
97.2197
97.9517
98.5617
96.7249
95.4822
94.2537
93.8284
94.3943
96.3164
94.0106
94.2610
95.2682
96.4457
97.1958
96.5054
96.6220
96.4487
97.9918
96.6068
94.9884
95.1978
96.5591
98.7388
96.8040
96.6533
96.7202
95.2560
96.4534
96.1357
98.0235
95.9393
95.4795
95.6915
95.3826
96.9659
96.3370
98.1247
96.0972
95.8434
98.0138
98.4801
97.1531
97.5711
97.2291
96.8933
97.2304
96.9842
97.2946
98.3525
96.6221
97.9904
97.0495
97.6176
98.0922
99.2128
99.5484
99.6051
100.2946
100.7918
101.5444
100.4140
101.7129
101.3210
101.4955
99.1604
99.9778
99.5330
100.6259
101.4303
99.7007
99.7923
100.0639
100.8140
99.4908
100.6986
100.7428
100.9089
101.2268
100.2941
100.2261
97.1260
99.9722
100.5724
99.2180
100.3722
99.8094
100.2592
98.7798
99.8693
100.3787
99.7287
100.2179
99.3456
98.0678
99.6709
100.9217
100.4884
99.5999
102.0962
99.1015
99.1277
98.1463
99.1075
100.9054
102.4581
102.4823
103.4481
102.9407
103.1750
103.9756
102.8096
102.6113
102.0002
103.0342
102.3538
101.4883
101.4003
100.9185
101.5290
101.0524
99.6479
100.3742
102.0150
102.7690
102.0995
102.1511
104.0017
103.2668
103.4732
101.6071
102.6710
102.9607
101.8823
102.6761
103.0581
104.2518
105.6643
105.5450
105.3560
105.5392
105.9339
106.5532
107.3954
106.9068
107.1933
106.3985
105.0758
103.7077
103.6112
101.4983
102.0429
104.0215
104.9504
104.6485
105.1969
103.6110
103.6316
105.4566
104.9538
103.6452
104.3118
103.2212
104.3453
103.1945
104.9651
103.7644
103.1164
104.2613
105.8987
107.0781
107.7059
105.9393
106.4617
109.3749
108.8355
106.9546
105.2423
104.6340
105.3491
105.6030
104.8960
104.2749
104.8219
106.5487
105.1858
106.8132
105.8650
106.7966
105.5492
106.0498
106.1507
106.3631
106.0025
106.3321
106.5346
106.8660
106.1856
107.4100
107.4606
107.0531
108.8308
108.4463
107.2737
106.2034
104.5348
105.0517
105.9056
105.3688
104.9106
105.1516
107.0114
107.7645
109.0086
108.9687
108.7102
106.7876
108.4525
105.4117
105.1347
103.5328
104.4872
103.3653
103.7618
104.0525
105.1807
103.9787
105.0115
104.6052
105.2930
104.5516
104.0031
103.8284
105.1711
106.0409
105.4530
106.1608
106.0538
105.9199
103.0845
104.9808
102.5493
103.0472
104.5113
103.9988
104.8405
104.7955
104.9784
103.7238
105.7358
105.3009
106.4577
107.3213
106.4217
106.7257
107.2395
106.3575
106.0487
108.0697
107.5309
107.2846
107.9703
106.0854
105.5842
108.2447
107.3669
108.4641
108.6004
107.7556
108.0493
106.1122
108.9047
106.7285
108.0810
106.7187
107.0873
107.9425
107.8177
106.6863
107.1585
109.0685
108.0698
111.1345
110.8413
111.2503
110.2858
109.9557
111.5737
110.2952
108.2436
108.2278
106.7938
107.8317
110.0948
107.7601
106.3542
108.0510
108.2732
108.3352
108.0243
107.3633
107.6283
110.5620
111.1220
109.6536
107.4318
108.2364
110.0822
109.6438
108.3347
108.3546
108.1808
110.9297
110.7086
110.8985
108.8081
108.4737
108.1620
108.1732
109.1224
108.3585
109.1082
107.9863
109.3516
107.1168
109.1150
106.0406
107.2502
108.6394
108.1902
108.2773
108.5638
108.4501
107.8160
105.7423
106.2282
106.8951
106.8942
107.1040
106.6072
106.0559
106.2827
106.3559
105.1833
106.3241
107.6328
108.2771
107.5397
109.8617
108.0682
107.6498
109.0142
107.1936
107.2616
106.6323
106.4055
107.1555
107.3970
106.4053
107.2154
105.7648
106.7076
107.2519
106.2493
104.2255
105.7505
108.0835
106.7911
106.7886
107.4799
106.5039
107.0117
107.5715
108.2104
107.3790
108.2510
109.3069
107.8924
109.1018
110.1075
107.3160
106.7039
105.1015
106.3603
105.2314
105.0459
106.0902
106.5029
104.9128
104.7618
106.6095
106.8235
109.4225
108.1816
108.4123
107.5058
108.6595
109.5203
110.5750
109.0976
108.1706
108.9779
111.5749
110.3489
112.3832
112.3058
112.3666
112.9036
112.1298
111.8839
111.9361
112.6642
112.5918
111.9661
113.7975
112.1809
109.8742
112.1248
110.6485
108.6452
109.1843
109.3891
109.4367
111.0948
110.6494
111.4716
110.5718
109.9912
110.7657
112.1378
113.2789
113.3100
113.6182
112.0831
111.2845
112.0298
112.1053
111.6807
112.3136
110.9704
113.3818
112.6040
112.7313
111.2566
110.8287
110.3502
110.4620
111.0682
112.1696
109.7931
109.9449
110.3658
110.3405
111.0910
109.2368
109.6435
109.2800
108.8575
111.5847
108.2940
109.2822
107.4624
107.4119
107.3480
107.3532
108.0049
108.4989
108.6834
107.1526
107.2404
107.7198
105.6724
106.8122
106.5871
108.5422
109.5643
109.2443
108.8235
108.8254
108.7341
108.3588
107.7297
108.1401
107.7117
106.7004
107.3663
107.3395
107.2063
108.3780
106.9266
106.3993
106.4333
108.1832
106.1671
107.9644
106.4865
108.0735
106.7286
107.0137
106.6380
108.0392
107.5940
107.6719
108.6395
107.1011
107.4426
107.5112
107.4544
109.0743
107.4875
108.9212
110.2614
109.7956
108.8308
106.0617
107.6867
107.5259
108.0027
106.1431
105.3082
107.5328
108.8026
109.1080
110.0057
107.9835
109.1873
107.5712
106.9329
107.3884
106.3941
107.7176
106.8611
109.0384
107.4582
108.7663
107.7879
107.3425
106.1226
108.7545
107.7839
110.3972
112.5645
110.1662
109.7747
109.8089
109.1805
110.2581
110.6275
109.2497
110.9873
112.7260
112.5780
111.6280
111.6021
112.8436
110.7006
109.4210
110.3923
110.5778
109.5973
110.3006
110.4192
109.5224
110.4240
111.1498
111.5632
111.5382
110.5513
110.6944
111.5965
111.1046
110.5675
109.9485
110.2929
108.9904
110.0635
109.2759
108.6423
110.4516
111.3644
110.5037
112.0261
109.0920
112.2551
110.8971
109.4192
110.8949
110.1669
110.1510
108.7434
109.2822
108.8495
107.0356
107.5352
107.7368
108.7529
108.3480
107.1541
108.1608
105.7229
104.9007
106.0568
106.7401
106.3647
105.7971
105.0176
104.3910
104.8938
107.6118
107.1588
107.5697
107.8047
110.6135
109.2628
110.6228
111.9464
113.5479
110.2673
109.3514
110.3287
109.2597
109.0299
109.0918
112.2637
111.9554
109.4515
108.9670
109.5160
109.4186
108.9167
109.8275
109.8067
112.4824
109.6154
108.1983
107.9806
107.5247
107.0073
107.8055
109.7397
110.1657
110.2079
107.8017
106.7343
105.2530
104.5049
106.7080
105.5911
107.9996
106.5587
108.7667
106.8114
106.4846
108.1048
107.0757
107.1795
107.6590
108.6332
108.4595
107.5239
108.8474
108.4770
106.0712
107.7855
108.1166
107.3989
107.6741
104.4183
106.1265
105.9751
105.3708
105.6489
103.6515
103.2594
103.1704
104.9514
104.6642
105.6442
104.2515
105.8196
105.9156
107.8268
107.8260
109.4344
107.8015
108.8518
109.6622
107.1190
107.1230
106.9757
105.0702
104.6096
106.5507
107.0370
105.9534
104.5732
105.3408
105.9740
105.4855
104.7474
103.7350
104.3822
105.5013
106.1558
104.9212
107.1391
105.7713
106.3245
106.7548
106.3048
105.4512
105.3867
105.0960
105.8484
105.6348
104.7515
105.9011
105.8171
106.0613
106.1470
105.9700
106.8435
107.5328
107.6806
106.8651
106.9385
107.0349
106.3529
106.2111
107.1930
105.9194
106.0800
106.4879
106.4245
106.0400
107.9886
110.0014
110.5991
111.4558
110.0069
111.6103
111.4295
111.6497
111.3681
110.7260
109.6677
111.5497
110.1531
111.2424
109.9301
108.8235
108.7808
109.5830
108.2991
108.6852
106.3272
107.3036
108.5306
107.4888
107.0532
107.6906
106.7092
106.6370
107.4628
106.7597
104.7067
105.5345
106.6734
105.6642
104.6730
104.6413
105.1827
103.6703
104.1513
103.2595
103.8261
104.7897
104.7653
104.6424
103.5145
101.7288
99.6999
102.8995
103.4478
105.3972
106.4975
107.9707
105.3838
106.8967
107.0625
109.0249
108.5324
108.4369
107.3758
107.4527
107.3564
107.8469
107.6252
106.9108
108.7500
107.6367
108.1020
106.0425
106.9602
105.6196
103.6741
106.0618
104.3559
105.6087
105.9857
107.2253
107.0768
106.4741
106.0234
104.6842
103.7157
104.7796
103.4171
103.4772
104.6204
104.0411
105.2354
104.9147
104.4281
106.7530
106.6506
105.4730
105.7072
105.7997
106.4015
107.3943
105.2805
106.0265
106.0488
107.9757
106.2587
106.0182
106.4837
105.3650
104.9593
105.2053
104.0633
106.6876
103.5260
103.9465
104.4415
103.9840
104.7213
105.2833
106.3355
105.7264
105.6377
105.9411
105.4421
105.7931
104.6633
105.4861
105.5775
106.8305
107.6054
106.1985
107.8370
107.0933
106.0640
106.4070
105.1264
105.3407
103.6080
105.6761
103.8146
103.5426
105.5612
105.0149
105.0861
105.5595
107.8725
107.9237
108.4524
107.1027
107.5640
106.9973
106.5388
106.5532
106.1183
106.8771
107.1347
107.7855
106.2533
106.4238
106.5242
106.6498
107.2229
107.4126
106.0811
105.6509
107.4412
107.0715
106.3258
107.2061
105.3787
105.2015
105.7439
105.4026
106.0022
105.8733
106.1826
106.2530
105.7753
105.8987
107.1794
107.1746
107.5077
104.6242
104.6227
106.5252
103.5543
103.0291
102.4480
103.3799
102.2303
102.4225
102.8994
101.7705
103.3013
102.8771
104.7797
103.3006
102.0041
102.4539
102.8239
101.6684
103.4851
104.2499
102.6827
102.1473
102.5133
103.9641
104.1331
105.2093
106.5039
105.8554
106.0209
107.4081
106.4360
106.9432
107.8048
105.9312
106.9121
107.3079
106.4897
107.2996
104.6875
104.1305
103.7653
102.7613
103.1678
106.2206
105.6900
105.2963
104.4311
103.9287
105.5996
106.6787
107.9825
107.4308
107.5083
107.4632
107.4674
107.7135
107.0826
107.7256
107.7226
106.4627
106.8906
107.3317
107.6451
107.2277
106.2110
106.8604
105.3932
106.7867
108.0203
106.7634
107.4180
108.5037
107.1550
107.1349
107.6888
108.2850
108.4413
106.8058
107.3577
109.5334
109.4483
109.3733
109.2008
109.8658
109.9735
109.1989
109.1309
110.0813
109.2202
108.9421
112.7044
111.7037
111.8571
114.0523
112.4905
112.6763
109.4860
111.3262
110.9040
109.8048
111.0835
111.0780
111.0205
108.2674
108.3000
108.2608
107.7458
107.6088
108.4338
108.0363
106.3791
106.4229
108.1556
105.3713
106.3537
105.0873
105.2792
106.9223
106.8485
107.4707
107.5578
106.6932
105.9856
107.7638
108.2812
106.0066
105.5210
103.2549
103.8939
105.8089
103.9138
106.8294
106.5537
103.8684
103.2638
106.3875
106.1283
105.3107
105.7319
107.1184
105.9602
105.4911
106.7578
107.2834
107.3104
106.6227
107.9430
107.9415
108.0377
106.6452
106.9795
106.7619
107.5458
107.9867
106.7733
107.2802
108.8043
108.0044
109.7708
108.0271
109.4716
110.2101
109.5641
111.5587
112.5159
111.3046
111.3465
110.7083
109.6115
108.9281
108.8539
108.0194
107.6563
106.5373
108.8131
107.0905
107.0173
106.0609
108.1628
107.6305
105.9621
104.7100
106.7544
106.4609
103.9245
104.8229
105.9746
106.1899
105.7845
105.6716
105.0450
107.0936
104.8399
104.3739
104.0589
102.7581
102.7455
99.4830
101.8506
99.9150
99.2961
102.4402
102.9832
102.1577
101.9992
102.0030
100.9181
103.8808
104.1531
104.8416
103.1212
104.6034
104.3386
104.2964
103.5564
103.7826
103.4562
104.4565
105.9620
104.8595
106.4280
103.4336
102.6883
104.7572
102.4752
104.1376
102.6976
103.5631
103.4506
101.3697
100.0534
100.5119
100.3963
99.4450
101.4688
99.1598
98.5275
98.9843
99.2088
99.4655
99.8989
99.9977
98.9446
99.1472
100.6777
101.7052
102.7803
102.9506
103.6992
102.9377
103.5050
104.2366
103.9655
101.7890
102.2213
102.6579
101.8409
100.2410
102.3588
103.3471
103.9424
102.9854
104.3465
103.4482
102.2384
101.0522
99.0916
100.6214
101.3985
101.9345
102.4245
101.3562
101.0224
101.8520
102.4422
102.6792
103.2989
103.2268
101.5113
100.6350
100.7804
100.8217
99.7264
99.7744
100.3287
98.9754
98.4627
98.5591
100.0707
98.6960
99.8662
99.4588
101.3338
99.4334
99.1480
99.0855
100.1547
100.5919
100.1015
101.4622
101.9666
102.5271
100.9708
100.7500
101.3871
101.6569
101.9675
102.4448
102.2538
101.5988
101.9996
102.2486
101.4249
100.6932
101.5205
99.7480
100.6995
99.8288
100.0515
100.8941
101.1199
102.9437
103.5590
102.9232
102.6152
101.9402
104.0424
104.1913
104.1464
104.4800
104.3563
103.8607
103.8420
103.7183
102.1404
102.6669
104.2846
104.5137
104.3195
104.9392
106.8732
106.7197
107.4266
107.9433
105.4710
106.7321
107.8575
107.0489
108.2535
108.4662
108.2621
108.0991
106.8267
108.4708
108.6195
107.5783
106.8471
107.7207
107.9986
107.1477
105.5083
106.3196
105.8992
105.6556
103.4674
103.4402
102.5784
103.6834
102.8469
103.1684
102.4610
102.8791
102.2777
102.9091
101.2122
103.1334
103.0514
102.5090
102.6268
102.1694
103.0073
103.0698
102.5798
103.0567
104.3475
103.3128
103.3715
105.3096
105.6782
105.9076
105.1689
103.5323
103.6107
103.5649
103.9136
104.7159
104.3437
103.3106
102.9351
104.2114
105.5339
104.1260
104.1114
104.1725
101.9816
101.6933
100.6555
100.9803
100.1245
102.5179
103.7695
104.3123
106.4713
105.3054
105.9189
104.6027
103.8251
104.1798
104.1634
103.9867
104.2119
105.4869
104.4201
105.6493
105.3521
105.5603
104.7543
105.1151
104.7696
104.9685
104.7035
103.7902
102.6601
102.4306
101.5257
103.5599
104.6081
104.5252
103.5787
105.1454
105.5802
106.4896
105.3450
104.5506
105.1126
106.2189
107.3102
107.5026
107.4383
108.0326
106.7121
107.9678
108.6888
108.4666
108.2476
108.0590
109.1209
108.9570
109.1561
108.9953
107.7770
110.1086
108.5064
107.4741
108.0507
108.3332
107.9424
109.2336
107.0853
105.5237
105.7560
106.3818
107.9708
108.7425
108.5801
108.4001
107.4351
108.8877
108.2014
106.5802
107.3300
108.5107
108.2879
107.6802
107.7234
108.0709
107.5442
107.4294
107.1722
106.4850
106.0069
105.1352
105.4792
104.3557
105.2567
104.6108
101.9881
103.0447
102.6074
102.7302
103.0651
102.0524
100.6750
