3.0311
2.9016
2.8295
2.6917
2.9097
2.6811
2.7119
2.7865
2.9677
2.7161
2.5643
2.5206
2.8313
2.7383
2.4514
2.4673
2.4670
2.6654
2.4674
2.3326
2.3801
2.5691
2.5172
2.2524
2.4223
2.6645
2.8229
2.4808
2.4997
2.3880
2.4949
2.2441
2.0003
2.2124
2.1132
2.1341
2.2168
2.4399
2.6147
2.3968
2.2202
2.2146
2.2725
2.4772
2.2973
2.3540
2.6011
2.5152
2.8214
2.5167
2.3715
2.3044
2.2431
2.3778
2.3757
2.5015
2.1273
2.3288
2.3959
2.6557
2.2511
2.0521
2.1903
2.5116
2.4064
2.1119
1.9634
2.2654
2.2345
2.4298
2.4214
2.6159
2.5268
2.5790
2.2880
2.5472
2.4777
2.2940
2.4990
2.6694
2.3866
2.7866
2.6312
3.1183
2.7208
2.9085
2.9160
2.7160
2.9666
2.4678
2.8498
2.9282
2.9059
3.1378
3.1330
2.9155
2.9733
2.7635
2.5149
2.5088
2.6425
2.6137
2.3130
2.4082
2.4071
2.6675
2.5898
2.4592
2.5282
2.3484
2.4364
2.7837
2.4416
2.6163
2.4914
2.7790
2.9632
2.9352
3.0434
3.0379
2.8237
2.5750
2.7296
2.7355
3.0915
2.9560
3.0459
2.8322
3.0016
3.0094
2.8152
3.1990
3.1833
2.7446
2.5189
2.4093
2.7096
2.8052
2.5965
2.8220
3.0257
2.9549
2.8467
2.6377
2.8498
3.1662
2.6926
2.8420
2.6628
2.9526
2.8042
3.0503
2.6700
2.5132
2.8140
2.8896
2.8600
2.2999
2.4978
2.6580
2.4048
2.4340
2.4109
2.6006
2.5554
2.4749
2.6480
2.7952
2.5027
2.4525
2.8197
2.5530
2.7859
2.5629
2.8011
2.6401
2.8524
2.9423
2.3065
2.6101
2.4239
2.6472
2.7193
2.4871
2.3759
2.3399
2.4816
2.5347
2.7215
2.5471
2.6669
2.5069
2.5571
2.4085
2.6297
2.8562
2.7782
2.6933
2.6753
2.4887
2.6206
2.6403
2.2538
2.4468
2.2899
2.6119
2.1467
2.5091
2.5595
2.2738
2.7956
2.7280
2.6730
2.6755
2.5930
2.5324
2.5030
2.3257
2.5409
2.6689
2.7290
3.1206
2.7417
2.4538
2.6336
2.5149
2.7550
2.4832
2.7324
2.7593
2.9777
2.6901
2.9293
2.6623
2.5678
2.6703
2.7901
2.3138
2.6540
2.6676
2.7235
2.5873
2.8630
2.9395
2.8991
2.7747
3.1466
2.4554
2.7880
2.5836
2.7358
2.3587
2.4422
2.6225
2.9302
2.6521
2.5344
2.8026
2.8808
2.7705
2.6631
2.3903
2.4402
2.4691
2.7129
2.8935
2.7669
2.3511
2.7543
2.9305
2.9035
2.4878
2.8301
2.5084
2.5245
2.3763
2.6686
2.3520
2.1039
2.2090
2.5130
2.8177
2.5109
2.5654
2.7030
2.4387
2.4241
2.5800
2.7387
2.4246
2.3480
2.7759
2.4769
2.5144
2.4768
2.4222
2.4497
2.5984
2.5313
2.4596
2.5917
2.5924
2.5344
2.1888
2.4859
2.2360
2.3137
2.7145
2.7272
2.6439
2.6366
2.3371
2.3453
2.3777
2.3903
2.4650
2.2949
2.3502
2.4368
2.4972
2.5401
2.4488
2.3046
2.3919
2.3091
2.4201
2.1936
2.3553
2.1755
2.2893
2.5424
2.5660
2.2278
2.1531
2.1693
2.7156
2.5573
2.3021
2.2928
2.2173
2.5862
2.4160
2.3576
2.4760
2.7072
2.4956
2.4788
2.3868
2.6880
2.5867
2.4497
2.4010
2.3167
2.3553
2.5125
2.4323
2.3397
2.3793
2.1586
1.9529
2.2772
2.4502
2.4304
2.3234
2.4554
2.2395
2.1912
2.5714
2.2314
2.4206
2.3070
2.1164
2.2636
2.2770
2.2259
2.5562
2.0570
2.2173
2.5194
2.5455
2.5259
2.3425
2.4170
2.5050
2.3114
2.5598
2.2955
2.0291
2.4382
2.2904
2.3437
2.4065
2.2578
2.3186
2.1338
2.1322
2.0941
2.1209
2.1024
2.2613
2.2705
2.0451
2.1011
2.1118
2.3723
2.2594
2.1921
2.1942
2.2915
2.4480
2.3399
2.4257
2.3023
2.4200
2.1531
2.4353
2.4364
2.7368
2.4993
2.2459
2.3048
2.5281
2.4335
2.8360
2.7080
3.1379
2.9289
2.8966
2.4447
2.2298
2.4420
2.3269
2.1379
2.2839
2.3697
2.3637
2.4629
2.5557
2.3871
2.4676
2.5272
2.4207
2.7106
2.3191
2.5069
2.6127
2.5599
2.7389
2.4241
2.8369
2.7172
2.4421
2.4983
2.5428
2.5967
2.6884
2.4600
2.7591
2.5993
2.1589
2.4264
2.3360
2.4155
2.5670
2.3173
2.1535
2.1297
2.1831
2.8020
2.3660
2.3302
2.5029
2.6787
2.6613
2.9054
3.1724
2.5148
2.6153
2.4611
2.6709
2.4080
2.3555
2.3464
2.5468
2.7773
2.6855
2.6314
2.8728
2.7168
2.7975
2.9947
2.6189
2.7155
2.9305
2.9326
2.9967
2.8487
2.7564
2.8823
2.8253
2.9279
2.8591
3.0769
2.9375
2.9650
2.9741
2.9340
3.1188
2.8070
2.6421
2.8275
2.7689
2.7145
2.7460
2.5717
2.7092
2.6703
2.7703
2.9851
2.6801
2.6781
2.8545
2.5859
2.4882
2.7574
2.7057
3.1989
3.0220
3.2154
2.8047
2.6857
2.7456
2.8252
2.6071
2.6124
2.5052
2.6675
2.8156
2.8712
2.8980
2.7512
2.8870
2.8389
2.9213
2.7965
2.8921
3.1032
2.8291
2.7353
3.0287
2.8539
2.9315
2.8948
2.9992
2.7783
2.6748
2.8177
2.8832
2.5252
3.0885
3.0237
2.8931
2.3997
2.7363
2.9316
2.7863
2.8054
2.8566
3.1013
3.1051
2.7929
3.0674
3.3104
2.8979
3.0211
2.9367
2.9398
2.6282
3.0048
2.8207
2.9588
2.4603
2.9164
2.8141
2.4938
2.7473
3.0018
2.8760
2.7363
2.8669
2.9306
2.8482
2.4602
2.8718
2.4750
3.0607
2.6635
2.6692
2.9177
2.9943
2.8704
2.8664
2.7564
2.7336
2.5896
2.8762
2.7851
2.7700
2.6878
2.5920
2.4992
2.4875
2.6857
2.7204
2.7563
2.6784
2.7524
2.6010
2.4861
2.5392
2.5367
2.7039
2.6823
2.5493
2.8656
2.7217
2.7351
2.5193
2.8595
2.8106
2.7928
3.1332
2.8641
2.9099
2.9349
2.9984
2.8559
2.9095
2.5933
2.5799
2.8491
2.8846
2.7168
2.2486
2.5935
2.6721
2.7778
2.5159
2.8449
2.7552
2.8432
2.9168
2.9283
2.9002
2.7991
2.8144
2.5529
2.5074
2.7547
2.6476
2.7398
2.8409
2.8162
3.0238
2.8370
2.8882
2.9330
2.8473
2.8019
2.6336
2.6212
2.5977
2.7351
2.6986
2.5359
2.5229
2.7549
2.7144
2.8430
2.8479
2.5176
2.7324
2.8422
2.6211
2.9029
2.8955
2.9768
3.0916
2.7495
2.9195
2.6863
2.8094
2.9361
2.8922
2.7053
2.7861
2.8848
2.4869
2.9466
2.7617
3.0413
2.8878
2.8387
2.9385
2.9052
2.6796
2.7108
2.7959
2.7087
2.9204
2.4748
2.5726
2.6003
2.5788
2.2187
2.2046
2.4598
2.8649
2.9627
2.4988
2.6213
2.0781
2.2224
2.6494
2.6054
2.4735
2.5721
2.6676
2.6548
2.4674
2.3554
2.7190
2.4764
2.3908
2.6529
2.6572
2.3974
2.4395
2.6602
2.2822
2.6776
2.6735
2.3910
2.3484
2.1975
2.6176
2.4099
2.3203
2.6888
2.4374
2.3942
2.4442
2.5283
2.4879
2.6557
2.6655
2.7342
2.5112
2.6338
2.3069
2.7396
2.6899
2.6704
2.7333
2.5819
2.6572
3.0316
2.5896
2.5738
2.3828
2.5983
2.5588
2.4911
2.6445
2.8252
2.7349
2.5605
2.7005
2.5559
2.3319
2.7011
2.5210
2.5323
2.4950
2.4426
2.3097
2.5664
2.6945
2.6138
2.9174
2.4704
2.8390
2.6229
2.6560
2.8158
2.9262
2.7044
2.7031
2.4196
2.4930
2.3537
2.6012
2.6608
2.5935
2.8790
2.8223
2.3475
2.4797
2.9446
2.2215
2.3177
2.3579
2.8983
2.7365
2.8680
2.5725
2.5295
2.6223
2.4989
2.7942
2.7662
2.6399
2.9344
2.5631
2.6419
2.7806
2.8708
2.8198
2.6816
2.7984
2.5232
2.5396
2.3078
2.7473
2.9643
2.7136
2.5083
2.9772
2.7550
2.6637
2.5798
2.8756
3.0066
2.8274
2.9012
2.6292
2.8055
2.7352
2.7072
2.3389
2.4762
2.5893
2.7188
2.6702
2.8296
2.6315
2.4500
2.5197
2.6755
3.0990
2.5660
2.5704
2.7406
2.8875
2.7708
2.7384
2.4413
2.9329
2.6806
2.7467
2.7260
2.7093
2.6973
2.6591
2.5298
2.8948
2.5428
2.6028
2.6000
2.5992
2.4784
2.4879
2.7404
2.2984
2.7835
2.6994
3.0524
2.3985
2.6205
2.8736
2.7709
2.8364
2.4849
2.7143
2.7918
3.1305
2.8347
2.7036
2.7546
2.9643
3.2823
2.8983
3.0995
3.1711
2.8369
3.2097
2.9977
2.8879
3.1759
3.2434
2.6227
3.1449
2.4901
3.0161
2.4941
2.5685
2.5586
2.6033
2.5398
2.4965
2.6256
2.3752
2.4678
2.6517
2.0127
2.7452
2.5979
2.8461
2.4681
2.8568
2.3683
2.3765
2.4371
2.6676
2.7363
2.2822
3.0544
2.8344
2.7813
2.9531
3.1321
3.1841
3.0627
2.8344
2.9965
2.8666
3.1090
3.1985
3.0991
2.9977
3.1423
2.6728
3.1679
2.6465
3.2350
2.8675
2.6504
2.9593
2.7952
2.4802
2.7580
2.6633
3.0584
2.9761
2.8303
3.2177
2.9668
3.1500
3.0992
3.2959
2.9753
3.0915
2.9078
3.1424
3.1905
2.9958
2.9497
3.0689
3.0258
2.6706
2.9576
2.6247
2.8287
2.8273
2.5519
2.6272
2.6671
2.6782
2.1858
2.6392
2.4549
2.4683
2.5560
2.4193
2.6642
2.4245
2.4640
2.1890
2.5731
2.7004
2.8626
2.8256
2.7315
2.6483
2.7273
2.7320
2.5127
2.6333
2.6458
2.2467
2.6894
2.4620
2.2636
2.6230
2.5142
2.5624
2.4945
2.7124
2.4537
2.4393
2.3775
2.4361
2.4651
2.7729
2.6496
2.4893
2.4450
2.5811
2.3035
2.2318
2.4807
2.4627
2.7255
2.5574
2.6930
2.7016
2.6399
2.5013
2.5810
2.5966
2.6177
2.4962
2.5461
2.6758
2.3809
2.4437
2.8007
2.4807
2.7725
2.5780
2.7800
2.4982
2.5275
2.7184
2.4127
2.4708
2.4295
2.7203
2.4266
2.6729
2.6453
2.8151
2.5202
2.5671
2.6040
2.5340
2.6722
2.4133
2.6065
2.7392
2.3150
2.5533
2.4455
2.5247
2.5450
2.2979
2.6602
2.4404
2.3546
2.5103
2.4891
2.4373
2.3722
2.5307
2.6270
2.2184
2.7165
2.5887
2.7060
2.7246
2.7084
2.9449
2.7712
2.8576
3.0261
2.8419
2.9922
2.6231
2.5497
2.6951
2.7976
2.3347
2.7780
2.4568
2.4149
2.8286
2.5976
2.7024
2.5679
2.7814
2.7054
2.4932
2.7754
2.7934
2.5882
2.4925
2.7185
2.7606
2.4792
2.6652
2.6365
2.6014
2.6184
2.3664
2.5700
2.7125
2.5978
2.7497
2.7437
2.8095
2.7674
2.5123
2.3960
2.6018
2.2548
2.4864
2.3618
2.5238
2.4458
2.3545
2.1839
2.5987
2.5910
2.7561
2.6529
2.3840
2.4567
2.6309
2.8326
2.6382
2.7805
2.5676
2.3823
2.4840
2.5963
2.4834
2.5159
2.4136
2.5420
2.1196
2.3248
2.4059
2.4436
2.2460
2.1681
2.2177
2.1771
2.3422
2.7596
2.3296
2.1812
2.1969
2.6272
2.3957
2.6400
2.2284
2.4130
2.2150
2.5517
2.4884
2.3805
2.5534
2.8149
2.7100
2.8225
2.3794
2.4821
2.4308
2.6304
2.4835
2.4027
2.2960
2.4839
2.4512
2.0120
2.0404
2.5108
1.9815
2.2272
2.4215
2.0381
2.1749
2.0503
2.1491
2.1683
2.4354
2.2080
2.2108
2.1139
2.0764
2.0490
2.1162
2.3916
2.2263
2.4690
2.4336
2.5479
2.3888
2.5897
2.4163
2.2823
2.3871
2.3577
2.2931
2.3804
2.4419
2.5767
2.5553
2.7033
2.5803
2.4346
2.4409
2.2529
2.3160
2.3473
2.5853
2.5288
2.2069
2.3960
2.0759
2.4552
2.6987
2.7755
2.4868
2.4215
2.2100
2.8226
2.7890
2.7250
2.8293
2.8307
2.6508
2.5559
2.7554
2.5518
2.5483
2.3615
2.7520
2.4794
2.6558
2.5483
2.5129
2.4651
2.5200
2.2805
2.6200
2.5300
2.3762
2.2990
2.6041
2.5469
2.1492
2.3294
2.3333
2.0516
2.1327
2.3587
2.5444
2.4420
2.3570
2.4953
2.4903
2.4969
2.4316
2.8356
2.5622
2.3590
2.5714
2.6041
2.5782
2.6484
2.9268
2.8186
2.4653
2.9311
2.7169
2.7344
2.8096
2.9509
2.5760
2.6280
2.7284
2.4620
2.8382
2.6464
2.5033
3.0355
2.3750
2.4535
2.7732
2.6519
2.6403
2.5970
2.6526
2.6007
2.5065
2.5922
2.5438
2.7758
2.3896
2.5725
2.3238
2.4434
2.5878
2.1785
2.6587
2.2128
2.3063
2.6178
2.2454
2.2944
2.3956
2.2550
2.0343
2.3505
2.1592
2.5445
2.6021
2.6167
2.3646
2.6153
2.4960
2.3121
2.4499
2.4529
2.4134
2.3789
2.4479
2.9330
2.7050
2.5080
2.6348
2.7042
2.5132
2.6388
2.4359
2.7936
2.5043
2.5094
2.3002
2.3784
2.3576
2.7024
2.6302
2.4140
2.7023
2.5422
2.8798
2.5137
2.6289
2.5277
2.7270
2.5509
2.8365
2.5398
2.5949
2.5528
2.4108
2.3584
2.6083
2.4755
2.3889
2.4182
2.6356
2.5192
2.7509
2.3989
2.5943
2.4710
2.1281
2.4679
2.3327
2.3714
2.4270
2.6287
2.5058
2.4308
2.5167
2.4533
2.5406
2.4879
2.5692
2.6018
2.5018
2.4828
2.6728
2.6589
2.8105
2.7734
2.7810
2.7373
2.6086
2.6683
2.3915
2.5717
2.3013
2.4149
2.4404
2.5488
2.7215
2.5132
2.4645
2.8096
2.5749
2.7564
2.7991
2.8127
2.6624
2.7945
2.3658
2.2318
2.7036
2.4286
2.7713
2.5915
2.5843
2.5283
2.5840
2.7470
2.4929
2.3812
2.4636
2.7358
2.3781
2.5725
2.7695
2.4165
2.6488
2.3104
2.3260
2.0447
2.4096
2.1569
2.2768
2.3347
2.3385
2.7262
2.5027
2.3016
2.4384
2.5421
2.6253
2.1824
2.6702
2.2835
2.7224
2.5506
2.5374
2.5166
2.8559
2.4879
2.8327
2.3807
2.2943
2.6984
2.4587
2.6451
2.7555
2.3291
2.4878
2.5128
2.4396
2.6622
2.8064
2.5139
2.5985
2.6996
2.8205
3.1034
2.8275
2.7670
2.8037
2.6654
2.6680
2.8501
2.9783
2.6780
2.6574
2.5122
2.8505
2.6142
2.7038
2.5450
2.7350
2.5526
2.7909
2.4808
2.5503
2.4422
2.6183
2.5271
2.6317
2.5622
2.4475
2.8286
2.3916
2.4775
2.4216
2.3469
2.3061
2.4814
2.6091
2.7924
2.7780
2.9613
2.6769
2.7372
2.6990
2.4438
2.4173
2.2656
2.5842
2.7352
2.6557
2.7032
2.6905
2.3752
2.4885
2.3788
2.6349
2.4849
2.5522
2.4191
2.8826
2.7370
2.6009
2.7475
2.5567
2.6496
2.6690
2.4919
2.7085
2.5022
2.3795
2.5338
2.4388
2.3035
2.4944
2.3789
2.4488
2.2287
2.6049
2.6744
2.4441
2.6919
2.7112
2.4689
2.5483
2.3909
2.5680
2.8327
2.6916
2.4610
2.1393
2.5258
2.4275
2.3406
2.4246
2.4348
2.4898
2.4473
2.5876
2.1666
2.6112
2.2947
2.2385
2.7377
2.4108
2.5905
2.3937
2.2226
2.4009
2.2440
2.3060
2.4701
2.5249
2.4614
2.6968
2.3591
2.4535
2.5441
2.6751
2.5144
2.5262
2.5178
2.5288
2.6841
2.2481
2.2640
2.6545
2.3024
2.4338
2.3172
2.5777
2.5899
2.7787
2.6865
2.5810
2.4100
2.3780
2.3802
2.3744
2.6132
2.5276
2.8313
2.7809
2.5633
2.7285
2.6531
2.6913
2.7833
2.7070
2.6300
2.4640
2.8903
2.5491
2.5147
2.6335
2.6058
2.9353
2.9981
2.8796
2.5209
2.7123
2.6347
2.8672
2.6632
2.6719
2.7458
2.5028
2.7339
2.6426
2.6992
2.7797
2.5803
2.9678
2.7546
2.6297
2.6867
2.8365
2.6409
2.6825
2.3971
2.6888
2.7483
2.7936
2.5428
2.4260
2.6360
2.4515
2.6366
2.7989
2.5617
2.7034
2.4753
2.9310
2.8325
2.8809
2.7700
2.5893
2.8952
2.5255
2.7796
2.7472
2.8894
2.8235
2.8324
2.6625
2.6159
2.6642
2.3645
2.6279
2.5826
2.5533
2.6812
2.4383
2.4560
2.4623
2.2213
2.7014
2.5963
2.7186
2.8248
2.6190
2.4991
2.6077
2.6490
2.6414
2.5613
2.6798
2.7994
2.6316
2.4884
2.6299
2.6268
2.7402
2.3582
2.6278
2.6719
2.3278
2.4445
2.7598
2.6923
2.7094
2.9327
2.6273
2.6876
2.6911
2.7793
2.8171
2.5745
2.7189
2.6044
2.4983
2.4544
2.3691
2.5743
2.4666
2.5397
2.4960
2.2854
2.1312
2.0276
2.5565
2.2692
2.3077
2.2602
2.3423
2.3692
2.2326
2.3174
2.3039
2.5828
2.4136
2.4697
2.4678
2.3303
2.5776
2.2642
2.6242
2.4392
2.7053
2.4687
2.4955
2.1647
2.3783
2.1854
2.6396
2.5297
2.2932
2.3899
2.3797
2.3662
2.2324
2.2576
2.4226
2.6159
2.4655
2.5621
2.4836
2.4086
2.6241
2.4438
2.5469
2.6720
2.6514
2.7363
2.9208
2.6078
2.2685
2.3942
2.4262
2.2186
2.4726
2.6445
2.5808
2.4397
2.4946
2.7994
2.3541
2.5571
2.4116
2.7315
2.6500
2.5362
2.3895
2.6502
2.6226
2.5989
2.6797
2.8078
2.9152
2.7328
2.5146
2.4827
2.8144
2.4910
2.4389
2.6478
2.8623
2.4313
2.8480
2.7714
2.6290
2.6633
2.6506
2.8328
2.6381
2.6069
2.8928
2.5391
2.6890
2.5081
2.5518
2.7047
2.4990
2.5822
2.5825
2.6291
2.7733
2.6961
2.8824
2.8379
2.8526
2.6529
2.8080
2.4722
2.7382
2.8758
2.7605
2.8702
2.9375
2.5712
2.5653
2.7394
2.7625
2.6074
2.7175
2.6875
2.4670
2.7709
2.5957
2.5036
2.3332
2.6900
2.6770
2.6453
2.9702
2.7004
2.5386
2.6896
2.6210
2.7285
2.8875
2.5118
2.6173
2.7188
2.7548
2.7210
2.6891
2.6482
2.6415
2.6291
2.6375
2.5659
2.7522
2.6792
2.5127
2.6411
2.8035
2.7375
2.7963
2.6273
2.7656
2.7657
2.6186
3.0630
2.9070
2.5749
2.5985
2.4645
2.2576
2.4864
2.5719
2.8487
2.4994
2.3798
2.8615
2.7699
2.5673
2.7495
2.6351
2.5039
2.8008
2.8274
2.8105
3.0907
2.8649
2.9182
2.6016
2.6839
2.6313
2.8551
2.8787
2.7966
2.8057
2.7491
2.6799
2.5311
2.6279
2.6719
2.8053
2.5522
2.5099
2.9075
2.9611
2.5761
2.7771
2.9484
2.9348
2.9515
3.0550
2.8254
2.6218
2.7795
2.9546
3.0955
3.0549
2.9271
3.1121
3.0756
2.8316
3.1506
3.2648
2.9164
2.6620
2.8218
2.9308
2.5178
2.8706
3.1904
2.7726
2.9667
2.8914
2.8657
2.6531
3.1855
2.9189
2.9522
2.7037
2.9414
3.2172
2.9347
2.8911
3.3603
3.0400
3.3801
2.9539
3.2573
3.0792
2.9488
2.9586
2.8167
3.1662
3.0577
2.9621
3.0736
3.3991
3.2081
3.1673
2.9876
3.1590
3.0964
3.0524
2.9725
2.6643
2.8303
2.9589
3.0922
3.1573
2.9602
2.9576
3.2348
3.4152
3.0531
3.1276
2.8738
2.8251
2.9112
2.9895
2.8012
3.0535
3.0254
2.9165
3.2018
3.0916
2.7999
3.2942
2.6844
2.7823
2.9604
2.6785
2.8324
2.7589
2.6410
2.5510
2.7008
2.7253
2.6369
2.8354
2.7255
2.9553
2.6535
2.8353
2.8939
3.1340
2.8781
2.7139
2.9137
2.9725
2.9346
2.7682
2.7354
2.6796
2.5995
2.7846
2.7961
2.9256
2.9867
2.5957
2.6091
2.8900
2.7202
2.7340
2.5761
2.7523
2.7939
2.8372
2.5306
2.4241
2.4233
2.5551
2.9663
2.7417
2.9352
2.7769
2.7479
2.9602
2.9458
2.5570
2.7855
2.8495
2.7666
2.7957
2.7726
2.6411
2.5914
2.5955
2.6706
2.9079
3.0598
2.8281
2.9499
2.8589
3.0196
2.7846
2.9355
2.9568
2.9979
2.7989
2.9297
2.7738
2.7911
2.6770
2.6896
2.8121
2.9748
2.6703
2.6541
2.7105
2.5791
2.6977
2.6531
2.6867
2.6040
2.7152
2.8158
3.1441
3.1081
3.0057
3.1641
2.9179
3.1635
3.0174
3.2961
2.8937
2.8168
2.9117
2.8596
3.1278
3.2742
2.9633
3.1722
2.5863
2.9706
2.8615
2.8211
2.8064
2.5911
2.9006
2.9752
2.8918
3.0185
2.9094
2.7777
2.9673
2.8130
2.5710
2.6376
2.8914
2.8710
2.7714
2.6611
3.0002
2.6252
2.3516
2.8412
2.5941
2.6090
2.4794
2.4217
2.6120
2.5337
2.3341
2.3782
2.5531
2.5190
2.8697
2.3530
2.9495
2.9264
2.9017
3.1702
2.8139
2.8282
2.6162
2.5056
2.7297
2.7535
2.4090
2.4783
2.5011
2.4258
2.5038
2.5453
2.4024
2.5382
2.6667
2.4663
2.2752
2.2607
2.9529
2.9469
2.7405
3.1967
2.9810
2.9860
3.0799
2.7004
3.3304
2.9948
2.9879
3.1715
2.7871
2.9790
2.8458
3.0016
2.7405
2.6077
2.4020
2.6631
2.4428
2.6383
2.7941
2.7432
2.4715
2.9421
2.7666
2.7318
2.4976
2.8327
2.5858
2.6096
2.6030
2.4803
2.4370
2.3454
2.4199
2.1887
2.4922
2.2195
2.2296
2.2163
2.5222
2.0381
2.6209
2.3687
2.3754
2.3467
2.3218
2.4297
2.7916
2.3897
2.3195
2.2222
2.3800
2.1084
2.4603
2.5377
2.4345
2.6288
2.0938
2.2910
2.2908
2.4444
2.6442
2.1977
2.2102
2.5259
2.3507
2.4095
2.3199
2.4356
2.4322
2.3658
2.3843
2.1817
2.3642
2.2539
2.3761
2.3995
2.2744
2.0852
2.0884
2.8307
2.8165
2.6208
2.5602
2.4974
2.3184
2.1605
2.3127
2.5730
2.4046
2.1805
2.5239
2.3967
2.6910
2.5739
2.3264
2.4097
2.4929
2.6686
2.7351
2.7530
2.7956
2.7801
3.0267
3.0174
2.7062
2.6977
2.5186
2.3604
2.5673
2.5488
2.6148
2.6068
2.8088
2.7954
2.6643
2.9048
2.7203
2.7632
2.5042
2.6627
2.3946
2.2399
2.5741
2.2794
2.3533
2.5850
2.8983
2.6453
2.7388
2.3816
2.7167
2.7459
3.1069
2.8481
2.7967
2.9994
2.7303
2.3816
2.7112
2.5923
2.5985
2.6838
2.6177
2.5483
2.6222
2.7724
2.2544
2.3191
2.6968
2.4269
2.6327
2.4882
2.8649
2.6005
2.5668
2.4648
2.3525
2.3177
2.5584
2.6952
2.4766
2.5670
2.3217
2.4949
2.3663
2.5855
2.5847
2.5671
2.5782
2.9077
2.6011
2.8198
3.0786
2.8918
2.7203
2.9746
2.8569
2.7173
2.7039
2.7871
2.7734
2.8063
2.7849
2.7362
2.7170
2.8137
2.9398
3.1914
3.2225
2.8008
3.2035
3.1687
2.7556
2.6716
2.7520
2.9070
2.8848
2.6851
2.8532
2.6022
2.8504
2.6862
2.8311
2.8331
2.7494
2.9190
3.1241
2.8366
3.1222
3.0202
3.4071
3.1511
2.9505
2.9318
2.7963
2.7586
2.8821
2.6051
2.5773
2.4831
2.7638
2.5236
2.6368
2.5842
2.5783
2.7489
2.7077
2.4988
2.7129
2.5256
2.7423
2.5495
2.7332
2.5528
2.8099
2.6008
2.4682
2.5967
2.6413
2.7187
2.6706
2.6582
2.5385
2.6557
2.5724
2.2722
2.8429
2.8157
2.6630
2.5596
2.5499
2.5055
2.3307
2.4313
2.8256
2.8516
2.6301
2.5077
2.5184
2.3963
2.4690
2.4550
2.5491
2.5040
2.6797
2.7487
2.6782
2.4119
2.6294
2.5390
2.4691
2.7641
3.0666
2.6818
2.7337
2.4732
2.6172
2.3880
2.6281
2.5224
2.5687
2.3992
2.6676
2.7439
2.8327
2.6394
2.5861
2.6630
2.6439
2.8968
2.7451
2.6820
2.5721
2.5888
2.3426
2.5742
2.3551
2.4128
2.6291
2.4244
2.6871
2.3125
2.5340
2.7554
2.7888
2.8171
2.6755
2.4125
2.5438
2.4959
2.3199
2.4925
2.3761
2.4364
2.4926
2.6466
3.0512
3.0567
2.9325
3.0073
2.7124
3.0687
2.5133
2.8787
2.5874
2.6510
2.4998
2.6718
2.6105
2.7113
2.9195
2.7989
2.8383
2.5642
2.7884
2.8591
2.8057
2.7017
2.8103
2.8113
2.9488
2.4317
2.5980
2.5128
2.3481
2.3327
2.5803
2.8805
2.4773
2.8424
2.2212
2.7724
2.8776
2.3123
2.4926
2.6636
3.0412
3.0887
3.0008
2.6657
3.0806
2.8695
2.9956
2.8334
2.7571
2.5772
2.8434
2.5986
2.6316
3.0710
2.9020
3.0032
2.7562
2.6468
2.9689
2.9112
3.0276
2.7048
2.6266
2.8038
2.9295
2.9975
3.0333
3.2533
2.8721
2.9974
2.6659
2.6987
2.7717
3.0991
2.6726
2.7057
2.5260
2.6420
2.6644
2.7803
2.6288
2.3403
2.8923
2.5995
2.5206
2.3025
2.6985
2.8829
2.5498
2.6660
2.7721
2.9128
2.6703
2.7381
3.0019
2.9077
2.9290
2.6634
2.7033
2.6987
2.7668
2.7517
2.8160
3.0449
3.0656
2.7764
2.7597
2.7242
2.5293
2.5650
2.9619
2.7435
2.8243
2.9661
2.8030
2.9672
2.8861
2.9945
2.7730
2.7792
2.6233
2.9081
2.8433
2.6024
2.6422
2.8488
2.5927
2.9425
2.4797
2.5849
2.7761
2.9630
2.6675
2.8271
2.8027
2.7135
2.7494
2.6624
2.6203
2.9122
2.5746
2.6596
2.4318
2.7055
2.5165
2.5422
2.7244
2.9402
2.8829
2.6898
2.4191
2.8527
2.5327
2.9021
2.5623
2.6629
2.7050
2.5735
2.8390
2.6442
2.5926
2.5823
2.7042
2.7109
2.9640
2.6082
2.3132
2.4320
2.5208
2.6477
2.4223
2.4025
2.4393
2.3910
2.6423
2.3355
2.4216
2.4276
2.2697
2.2942
2.2000
2.6516
2.5653
2.3396
2.1311
2.5902
2.2770
2.6754
2.4516
2.3591
2.3097
2.5741
2.6809
2.1372
2.4422
2.5789
2.3848
2.6096
2.4424
2.5077
2.6174
2.3703
2.5542
2.5651
2.5486
2.2721
2.4656
2.3823
2.6006
2.6718
2.6577
2.4509
2.3413
2.3762
2.1809
2.4796
2.3109
2.5811
2.5564
2.1767
2.2320
2.0257
2.3885
2.4557
2.2081
2.3462
2.3480
2.2904
2.5499
2.3453
2.5644
2.3805
2.6275
2.4753
2.4678
2.4078
2.4513
2.3573
2.5022
2.4781
2.3169
2.5893
2.5252
2.6092
2.5426
2.6238
2.7498
2.4150
2.7706
2.5331
2.5964
2.4596
2.3576
2.5427
2.3921
2.5700
2.3744
2.5810
2.5310
2.2328
2.2901
2.5511
2.1229
2.2999
2.4008
2.3162
2.5028
2.3838
2.2939
2.1467
2.5615
2.5889
2.6084
2.4475
2.4503
2.2663
2.7680
2.5007
2.6678
2.4528
2.4585
2.3050
2.0779
2.3340
2.7031
2.5292
2.4553
2.3437
2.4782
2.5080
2.5297
2.5477
2.4836
2.5494
2.4836
2.4345
2.4407
2.7924
2.7075
2.6482
2.4434
2.4941
2.4352
2.4752
2.5067
2.5268
2.3877
2.4582
2.4783
2.6796
2.5411
2.3299
2.4205
2.4153
2.2676
2.4493
2.5543
1.9633
2.5599
2.4397
2.4194
2.4987
2.0926
2.3574
2.3491
2.5142
2.2103
2.1901
2.3674
2.2117
2.3413
2.2627
2.3566
2.4854
2.4793
2.4408
2.4537
2.5408
2.6736
2.9267
2.7009
2.7411
2.3133
2.4924
2.5216
2.5650
2.8563
2.8489
2.6887
2.3546
2.7382
2.2652
2.2980
2.3053
2.4712
2.3864
2.4232
2.6850
2.0809
2.3667
2.2655
2.1803
2.1880
2.2249
2.1368
2.2966
2.0349
2.1757
2.4698
2.1072
2.1802
2.2370
2.4075
2.6614
2.3461
2.1643
2.3100
2.2219
2.0661
2.5475
2.3951
2.4264
2.5337
2.5296
2.6876
2.4392
2.5725
2.5113
2.5095
2.2450
2.4027
2.5547
2.5044
2.3254
2.3555
2.0639
2.3466
2.6028
2.4113
2.5027
2.6505
2.3371
2.4134
2.5616
2.5554
2.5091
2.3942
2.4918
2.4737
2.3858
2.2004
2.2461
2.3633
2.2844
2.2906
2.6481
2.4912
2.7221
2.7547
2.3285
2.6218
2.5077
2.4935
2.6348
2.3675
2.1800
2.1307
2.0732
2.4454
2.4053
2.1933
2.1755
2.2732
2.3551
2.4986
2.3788
2.3750
2.3279
2.2444
2.2433
2.5511
2.5811
2.5019
2.6344
2.5061
2.6427
2.6762
2.5821
2.5764
2.2515
2.7383
2.2611
2.2839
2.7877
2.4627
2.4856
2.9387
2.7042
2.8169
2.5762
2.5018
2.3755
2.4598
2.4374
2.4557
2.6143
2.3718
2.3962
2.1774
2.3277
2.2116
2.0942
2.4041
2.3410
2.3527
2.5100
2.2278
1.9628
2.1641
2.2575
2.3778
2.3372
2.4398
2.4733
2.4973
2.3904
2.1818
2.5263
2.2111
2.1370
2.4128
2.1011
2.1801
2.3602
2.3277
2.3575
2.1642
1.9962
2.3879
2.4434
2.4135
2.4525
2.6532
2.7283
2.4083
2.4197
2.3996
2.5694
2.2325
2.3181
2.5388
2.2310
2.0809
2.1594
2.4950
2.3920
2.4015
2.4683
2.1569
2.1231
2.3522
2.6361
2.4219
2.6843
2.6668
2.7329
2.6650
2.3892
2.7976
2.4157
2.4346
2.0059
2.4911
2.1841
2.1796
1.9646
2.4622
2.3187
2.3912
2.6123
2.4815
2.2224
2.7000
2.3661
2.4412
2.4143
2.4217
2.3242
2.4061
2.5048
2.4374
2.4080
2.4064
2.4007
2.4566
2.4658
1.8283
2.0340
2.0964
2.0411
2.0239
1.9050
2.2734
2.2488
2.3714
2.2789
2.3601
2.7126
2.4900
2.6100
2.4491
2.2533
2.8049
2.5111
2.4528
2.3443
2.5979
2.2114
2.4190
2.5417
2.3720
2.6041
2.5370
2.2130
2.4722
2.3533
2.2445
2.4585
2.4285
2.5290
2.4068
2.4710
2.1490
2.1121
2.2467
2.5427
2.4236
2.3210
2.3491
2.2956
2.4752
1.8666
2.3462
2.4533
2.5211
2.6094
2.5082
2.4323
2.5894
2.6454
2.6642
2.4857
2.3080
2.2307
2.1799
2.2164
2.2921
2.5079
2.3433
2.4176
2.4286
2.2823
2.4119
2.4912
2.3622
2.6366
2.5689
2.1283
2.1847
2.4324
2.0661
2.3088
2.4946
2.3025
2.1840
2.3806
2.2778
2.3023
2.7577
2.5516
2.3879
2.3929
1.9616
2.2062
2.5175
2.6595
2.6187
2.6198
2.3689
2.7716
2.4074
2.2587
2.3985
2.6974
2.2155
2.3531
2.4869
2.6996
2.1052
2.6459
2.6740
2.7487
2.3722
2.2343
2.6028
2.4125
2.6065
2.4663
2.4579
2.5254
2.5033
2.1264
2.4841
2.7588
2.5509
2.5578
2.7434
2.5521
2.4987
2.5263
2.1027
2.8010
2.3758
2.1617
2.2375
2.1975
2.2019
2.1807
2.3875
1.9732
2.4059
2.2285
2.2481
2.1626
2.1151
2.2089
2.4329
2.2521
2.3848
2.3527
2.2591
2.2542
2.2601
2.2727
2.4362
2.4846
2.6495
2.5005
2.4489
2.2962
2.2586
2.5172
2.3227
2.2461
2.3579
2.1625
2.1073
2.2484
2.3562
2.2375
2.2542
2.4848
2.4272
2.2363
1.9798
2.2845
2.1856
2.2194
2.7124
2.4271
2.3739
1.8261
2.2444
2.4300
2.2063
2.0100
2.2426
2.3417
2.4678
2.5733
2.4009
2.1599
2.3387
2.4035
2.2413
2.1837
2.4847
2.3066
2.1593
2.0719
2.0964
2.0994
2.0815
2.1968
2.2115
2.2620
1.9421
2.0450
2.0929
2.2665
2.2119
2.2997
2.6203
2.7173
2.4017
2.3641
2.3065
2.2859
2.4443
2.6811
2.4157
2.4886
2.5570
2.6137
2.7796
2.6413
2.5826
2.2472
2.4642
2.3531
2.0850
2.2362
2.2948
2.2885
2.3303
2.3485
2.0559
2.5786
2.4810
2.7545
2.5310
2.5321
2.5611
2.6711
2.5640
2.5340
2.8876
2.3489
2.1841
2.1868
2.5710
2.5721
2.4347
2.3271
2.3460
2.0597
2.3042
2.0865
2.1330
2.2773
2.2203
2.4010
2.3215
2.2177
2.2810
2.5290
2.7421
2.5865
2.5491
2.3448
2.7075
2.5037
2.4786
2.3880
2.8007
2.5211
2.4717
2.8276
2.5394
2.2960
2.4089
2.2749
2.4748
2.3656
2.6427
2.3927
2.2994
2.4865
2.7835
2.6088
2.5310
2.4522
2.7591
2.7444
2.5749
2.4155
2.3029
2.5611
2.4195
2.3688
2.3061
2.3304
2.3671
2.6670
2.6533
2.4341
2.4968
2.4216
2.3067
2.5297
2.6766
2.7545
2.3801
2.4587
2.6227
2.5628
2.5879
2.7003
2.2877
2.4735
2.6522
2.6850
2.3066
2.3214
2.3279
2.4485
2.7376
2.5096
2.2589
2.4746
2.4890
2.3361
2.9005
2.4152
2.4976
2.5200
2.2667
2.2246
2.1363
2.4294
1.9739
2.2361
2.1001
2.2728
2.2481
2.0854
2.5946
2.7982
2.3416
2.2992
2.3130
2.4542
2.3601
2.5347
2.5294
2.3855
2.6991
2.5026
2.5430
2.4846
2.2897
2.4147
2.4405
2.1650
2.5736
2.3337
2.2513
2.3498
2.2904
2.3849
2.4042
2.5464
2.5610
2.5545
2.4911
2.4699
2.5674
2.4838
2.8225
2.7781
2.3650
2.5355
2.6152
2.5388
2.6784
2.8949
2.5937
2.6883
2.6748
2.2815
2.6947
2.4484
2.4476
2.6766
2.4063
2.7023
2.5427
2.9419
2.5714
2.6246
2.6176
2.5136
2.9400
3.0033
2.8159
2.8658
2.9567
2.8446
2.6282
2.7394
2.5196
2.4184
2.5503
2.8029
2.6414
2.6051
2.5064
2.7786
2.5654
2.5872
2.5974
2.3883
2.1697
2.5677
2.5876
2.4261
2.5721
2.7264
2.8736
2.4442
2.6359
2.5599
2.2352
2.2143
2.4575
2.5633
2.5820
2.9025
2.4772
2.5171
2.4650
2.3594
2.5293
2.7113
2.8008
2.4894
2.5422
2.6273
2.6930
2.7363
2.7652
2.4269
2.6898
2.6058
2.7187
2.7556
2.7810
2.6198
2.5416
2.6327
2.6528
2.5545
2.5166
2.2372
2.3310
2.6927
2.6378
2.8544
2.6693
2.3232
2.3438
2.4125
2.4682
2.5024
2.4897
2.2295
2.2764
2.4681
2.4864
2.5581
1.9641
2.5156
2.2461
2.2231
2.2398
2.1117
2.1963
2.3245
2.2535
2.3113
2.2598
2.2317
2.0270
2.1905
2.3494
2.4583
2.6600
2.4631
2.2934
2.1723
2.1301
2.3951
2.6482
2.2548
2.4540
2.5355
2.9018
2.4949
2.1678
2.2825
2.4451
2.7462
2.3634
2.5877
2.5779
2.8413
2.4571
2.5304
2.6997
2.8114
2.6864
2.6901
2.9712
2.9377
2.8070
2.6802
2.7101
2.4588
2.6954
2.4928
2.4997
2.3500
2.7549
2.9627
2.8084
2.5863
2.4823
2.2520
2.4320
2.7650
3.0126
2.9527
2.9315
3.2091
3.0290
3.0265
3.0790
2.8734
2.6824
3.0103
2.6216
2.6402
2.7357
2.7880
2.5993
2.3108
2.6019
2.5070
2.1958
2.2375
2.3567
2.3759
2.4836
2.5013
2.8780
2.6059
2.5740
2.5489
2.5920
2.6186
2.8061
2.6552
2.8429
2.7330
2.6546
2.4981
2.6658
2.4844
2.5976
2.7490
2.5791
2.6602
2.6368
2.5817
2.6969
2.8683
2.9958
2.9575
2.7595
2.9738
2.5819
2.9097
2.8339
2.8252
3.0517
2.8226
2.9607
2.9563
2.9358
2.9748
2.6457
2.8871
2.8247
2.8396
3.2016
3.1336
2.7999
2.9721
3.1239
2.6054
3.0514
2.7204
2.5443
3.0265
2.7029
2.6711
2.7538
2.7978
2.5244
2.8314
2.9203
2.8240
3.0425
3.1172
3.2387
3.0853
2.9436
2.8651
3.0269
2.9180
2.8793
2.9202
2.9310
2.6422
2.6569
2.8578
3.1619
3.4483
3.0732
3.0273
2.9550
3.1672
2.8549
3.1630
3.0400
2.7618
3.0612
2.7378
3.2289
3.3183
2.9882
3.1447
3.3863
3.3640
3.1008
2.9226
3.1844
2.9304
2.9143
2.9400
3.0107
2.8407
2.8418
2.8422
2.7782
2.8539
2.8484
2.8791
2.9944
2.8154
3.1835
2.9011
2.9362
2.8625
2.4057
2.8985
3.1864
3.0439
3.0567
3.0848
2.8949
2.8829
2.7420
2.9993
3.0244
3.1610
2.9253
2.9265
3.0731
3.0401
3.2742
2.9041
3.0093
3.0090
2.8943
3.0621
3.0247
2.9605
3.2146
2.9711
3.0652
2.8374
3.0439
2.9473
2.6624
3.2128
2.9345
2.9609
2.9916
2.7656
2.9598
2.9396
2.9177
2.7660
2.9316
2.8725
3.0136
3.0498
2.6955
2.6612
2.7386
2.6946
2.6630
2.6611
2.4693
2.6876
2.8265
2.7868
2.3852
2.6730
3.1533
2.9073
3.0553
2.8907
3.1059
2.9231
2.8874
3.0604
2.6908
2.8062
2.9992
2.7372
3.0122
2.8902
2.9668
2.9342
3.0522
2.8821
2.6198
2.8805
3.1336
2.7833
2.7553
2.6167
2.7461
2.4912
2.4706
2.7582
2.9861
2.6469
3.0995
3.2744
3.1079
2.9534
2.9375
2.7273
2.9595
2.7962
3.0549
2.8190
3.1221
2.9444
3.0956
2.9446
2.9358
3.3596
3.1094
3.1621
2.9034
3.2360
2.8732
2.9020
2.8148
2.9848
2.8204
2.8329
3.0238
2.6035
2.7500
2.7207
2.7531
2.5659
2.7020
2.5261
2.8409
2.5903
2.8059
2.7814
2.6499
2.4032
2.5918
2.7604
2.6975
2.8414
2.5998
2.7868
2.6912
2.4519
2.5002
2.5798
2.2178
2.4378
2.6047
2.4482
2.4422
2.6737
2.5187
2.7994
2.8025
2.6171
2.8639
2.6132
2.4294
2.6708
2.8522
2.9223
2.9111
2.6423
2.9267
2.8100
2.6010
2.4464
2.7448
2.8577
2.8989
2.6764
2.6863
2.5784
2.5642
2.5000
2.7195
2.4181
2.6095
2.6693
2.7172
2.7320
2.7424
2.9511
2.8312
2.6388
2.7262
2.6941
2.6316
2.6033
2.9176
2.7443
2.8706
2.9410
2.8882
2.8922
2.7521
2.9713
2.9725
2.9922
2.8839
2.8013
3.1254
3.1052
3.2697
3.1925
2.4515
2.8473
2.9677
3.3401
2.6849
2.8296
2.8909
2.7663
2.8865
2.7143
2.8576
3.0053
2.8550
2.8516
2.8983
3.0891
3.0126
2.8960
2.7963
2.7871
2.5161
2.5663
2.3667
2.6572
2.6287
2.7544
2.7062
3.1697
3.0038
2.8511
2.7337
2.7457
2.9500
3.0995
3.2267
2.8967
2.6244
2.6934
2.8777
2.9208
2.8255
2.8748
2.8870
2.9253
3.0490
2.9593
2.9220
3.1457
2.9819
2.7625
2.9521
2.8706
2.9063
3.0118
2.6347
3.2095
3.0102
2.6768
2.7461
2.8245
2.8783
3.0052
2.6945
2.8997
2.7893
2.3150
2.7475
2.3773
2.7836
2.8445
2.8545
2.8520
2.9831
2.9331
3.1326
2.8571
3.0001
3.1875
2.9295
3.2629
3.1648
3.1758
2.7504
2.7778
3.1850
3.1623
2.9409
3.1581
2.9365
3.0919
2.9380
2.9481
3.4656
2.8718
3.3095
2.8491
2.8083
2.6709
2.7325
3.1209
2.8339
2.9478
3.1981
2.8458
3.3732
3.0659
2.9693
3.2048
3.2706
3.1064
2.8821
2.9463
2.7945
2.7400
2.8211
2.7470
3.1539
2.9514
3.2495
2.9848
2.8367
3.1952
3.1996
2.9979
2.9814
2.6533
3.0531
3.1634
3.0235
3.0863
3.0092
2.9277
2.9086
2.9455
2.8192
2.6836
2.7137
2.5801
2.6980
2.7686
2.8399
3.0989
2.7695
3.0382
2.3550
2.7172
3.0192
2.8922
2.9127
2.7380
2.8309
3.0218
2.9104
2.8314
2.6791
2.7587
2.9082
2.8510
2.9077
2.7765
2.8965
2.9544
2.9495
2.5294
2.4539
2.7489
2.9312
2.7031
3.1752
2.8867
3.0288
2.7984
2.7537
3.3724
3.0931
3.2010
3.0500
3.1196
3.3675
3.3413
3.2429
3.2113
3.0114
2.9837
2.8885
3.0566
2.8160
3.2872
3.2633
2.7543
2.9756
3.0253
2.8496
2.9259
3.1716
2.6046
2.7394
2.9140
2.9896
2.8122
2.8572
3.1432
2.9294
2.8572
2.7650
2.8502
2.9206
2.9380
2.8083
3.0555
2.9015
2.9844
2.7788
3.2124
3.4693
3.2732
3.1406
3.0902
2.9161
3.3620
3.0577
2.9236
3.0851
2.8915
3.2089
2.8482
3.0706
2.7719
2.7276
2.9032
2.8105
2.9373
3.0237
2.9599
2.8753
3.2745
3.0779
3.1823
3.0503
3.1792
3.0332
3.1615
2.9733
2.8671
2.9172
2.6845
2.7048
2.7991
3.0060
2.8630
3.0813
2.9668
2.9130
2.8307
2.9018
3.2594
2.6304
2.8972
2.6612
2.9208
2.4861
2.9354
2.7584
2.8899
2.7107
3.5393
3.3670
3.1880
3.4061
3.2093
3.3327
3.1916
2.8691
3.0050
3.2383
3.0932
2.9500
3.2425
3.4136
3.4714
2.8399
3.1296
2.8245
2.9971
2.8428
2.9266
2.9046
2.9172
3.3251
3.0774
2.8393
2.7425
2.8782
2.8737
3.1171
2.8243
2.6211
2.8785
3.0023
2.9645
3.0492
2.9685
3.0678
3.2407
2.8478
3.3013
3.1493
2.8948
2.5981
2.9818
2.9100
3.2631
2.9899
2.9036
2.7629
3.2676
3.2397
2.9662
3.3014
3.1205
3.0195
3.0594
3.3773
3.3439
2.9433
2.8587
3.0423
2.4489
2.4075
2.8143
3.1633
3.0158
3.1766
3.0308
3.2634
2.7890
3.1567
2.7907
2.5320
2.5279
2.9605
2.6335
2.6603
3.1206
3.3012
2.9624
3.2417
2.9187
3.0878
2.9933
3.0723
2.8126
2.9546
3.1758
3.1466
3.2623
3.3867
3.4311
3.1275
3.5435
3.0907
3.3109
3.2575
2.9305
2.8255
3.0225
2.7866
2.5585
2.6360
2.4212
3.0991
2.9669
3.0635
3.0834
3.0670
3.0649
3.1393
2.9058
3.0782
2.9662
2.9141
3.0959
2.9289
3.0819
2.9666
2.9658
2.9009
3.0253
2.6908
2.6296
2.5893
2.5558
2.7949
3.1364
2.9808
2.8238
3.0876
2.9347
2.7870
2.7774
2.8515
2.9929
2.5834
2.9043
3.1366
3.2712
3.2143
3.4295
3.2290
3.3159
3.2151
3.3111
3.2681
3.2686
3.0764
3.3783
3.0849
3.1932
3.3526
3.3072
3.6571
3.6117
3.4345
3.4956
3.2314
3.3720
3.3021
3.1027
3.0241
3.0486
3.0812
3.2507
3.5618
3.0970
3.2383
3.4257
3.5026
3.2424
3.0696
2.7999
2.7586
2.8247
2.9035
2.9210
3.2230
3.0877
3.0346
3.1438
3.0568
3.0514
3.1002
3.0609
3.2821
3.2155
3.1996
3.0960
3.3357
3.2650
3.0314
3.0679
2.9626
3.3558
3.4955
3.4901
3.3205
3.3506
2.9964
3.9612
3.4841
3.2120
3.3183
3.7202
3.8730
3.7750
3.5493
3.3634
3.1123
3.4131
3.3987
3.4186
3.2632
3.2805
3.3744
3.1566
3.2203
3.2324
3.1241
3.1592
3.1994
3.3240
3.1523
2.9051
3.2680
2.9689
3.1016
2.9496
2.9470
3.1676
3.1032
2.7100
3.1582
3.1050
3.4596
3.0565
3.2308
3.2350
3.0555
2.9327
3.0765
3.1734
3.1443
3.3437
3.4598
3.2144
3.5076
3.2449
3.5908
3.2556
3.2914
3.0417
3.1008
3.2705
3.4590
3.3972
3.3499
3.2185
3.0775
3.1409
3.0302
2.7976
3.1000
3.2286
3.3131
3.1019
3.0241
2.6645
2.7813
3.0236
2.9930
2.9734
2.9391
3.0934
2.9578
2.8793
2.8512
2.9628
3.0811
3.1422
2.8782
2.8119
2.6265
2.7262
2.6535
2.5210
2.7523
2.8467
2.7827
2.8305
2.9043
3.0722
2.7929
2.9323
3.3299
3.3207
3.1554
3.1602
2.8055
3.1570
2.9875
3.1142
2.9762
3.2471
2.9464
3.0219
3.0087
3.0318
2.8161
3.2320
3.2545
2.8865
3.4190
2.5608
3.1109
3.3946
3.3961
3.1585
3.2344
3.2991
3.3197
3.4139
3.5242
3.4409
3.1265
3.4946
3.2151
3.0907
3.1260
2.8978
3.0280
2.9142
3.1088
3.1925
3.3130
2.7625
3.1661
3.2032
2.8624
3.2670
3.2876
2.9297
2.8483
2.8009
2.8270
2.6993
2.9799
2.9443
2.9537
3.0761
2.7079
2.9556
2.8297
2.9448
2.9243
2.9484
2.8545
2.8094
2.5513
2.9980
3.0221
3.1529
2.8283
3.0389
2.9030
2.9788
2.8029
2.9517
2.9748
2.8240
2.7888
2.8610
3.3179
2.7342
2.9568
3.1432
3.1239
2.9700
2.9485
2.9588
3.2316
3.1963
2.9609
3.1014
2.8898
3.0883
3.2357
3.1214
3.1068
3.1433
3.4388
3.0935
3.3396
3.5154
3.1358
2.7230
2.8039
3.2529
2.8067
2.8557
3.2346
3.1512
2.9451
2.9804
2.9995
2.9231
3.1685
3.2223
3.0934
2.7332
2.8599
2.8519
2.6395
2.9155
3.1601
2.9776
3.1620
3.0477
2.9028
3.2542
3.0437
3.1887
3.1294
3.3148
2.9336
2.7745
3.2538
3.2865
3.1257
2.9084
3.2862
3.2310
3.0741
3.3196
3.0494
3.0682
3.1655
3.3976
2.9897
3.2589
3.3481
3.1115
3.2483
3.0811
3.1933
3.0857
3.2543
3.2216
3.0616
3.4755
3.1720
3.4719
3.2573
3.2667
3.3179
3.0134
3.3024
3.1122
3.5654
3.2270
3.2708
3.2424
3.1975
3.1460
3.4056
3.3615
3.3745
3.0577
3.3910
3.5847
3.3009
2.9802
3.3422
3.2989
3.0819
3.2476
3.2839
3.3135
3.4228
3.2195
3.3230
3.3887
2.8855
3.4679
2.9838
3.0277
3.2266
2.9042
3.1344
3.5821
3.2143
3.5603
3.2130
2.9602
3.4272
3.4719
3.2871
3.2631
3.1967
3.1710
3.3309
3.5754
3.5399
3.4294
3.3262
3.1743
3.4763
2.9943
3.2291
3.3317
3.1788
3.2275
3.6078
3.4287
3.3542
3.0555
3.3434
3.2722
3.4313
3.4325
3.3710
3.5223
3.0481
2.8679
3.0974
3.1579
2.8933
2.9051
3.0659
2.9578
2.7717
2.6526
2.8198
2.5857
2.7874
2.9132
2.4758
2.6131
2.8789
3.0113
2.8521
3.1261
2.9439
3.1264
3.1348
3.0915
3.0435
3.0863
3.2678
2.8827
3.1103
2.8170
3.0902
2.8005
2.9582
2.8676
2.9860
3.2716
3.2050
3.2680
2.7762
2.7818
2.8916
2.9444
3.0110
3.0697
3.1381
2.9177
3.0466
3.4462
2.9149
2.8977
2.9120
2.9520
2.8440
3.2419
3.0632
3.1166
3.1289
2.9509
3.0248
3.4955
3.0173
3.2753
3.3073
3.2861
3.1880
3.2272
3.2000
3.3477
3.1912
3.1162
3.4597
2.9596
2.7601
3.2078
3.2963
3.3405
3.3739
3.1729
3.2443
3.2366
3.3041
2.9718
3.1093
2.9713
3.3069
3.2849
3.3509
3.5421
3.3911
3.4939
3.2172
3.5945
3.4424
3.5633
3.3344
3.4155
3.3513
3.7246
3.2911
3.3740
3.5496
2.9777
3.2280
3.0632
3.0317
3.3426
3.2197
3.1215
3.1465
3.0741
3.1346
2.9906
3.4468
3.3753
3.4491
3.3316
3.5704
3.6298
3.6990
3.7087
3.6802
3.4772
3.4194
3.3384
3.3316
3.4248
2.7958
3.3862
3.1845
3.4213
3.4851
3.4793
3.4877
3.3229
3.5441
3.8196
3.3152
3.3180
3.1892
3.3124
3.1407
3.3546
3.5695
3.4027
3.5908
3.4290
3.3811
3.5654
3.3604
3.2756
3.7356
3.2959
3.1556
3.2819
3.1449
3.2040
3.3063
3.6657
3.3249
3.4562
3.1540
3.6579
3.4737
3.4520
3.3262
3.0715
3.5322
3.5060
3.2838
3.1645
3.3424
3.3044
3.3367
3.2868
3.3754
3.3074
3.2379
3.2031
3.2593
3.4889
3.4661
3.3328
3.4344
3.4687
3.1628
3.6301
3.4952
3.7321
3.3509
3.2377
3.3425
3.5981
3.4923
3.2737
3.6937
3.5890
3.5085
3.3796
3.2453
3.3958
3.4988
3.4144
3.3437
3.4048
3.1208
3.1692
3.3405
3.2824
3.4011
3.3505
3.4471
3.3816
3.2892
3.2266
3.4624
3.5290
3.4363
3.0979
3.5738
3.5030
3.1883
3.3314
3.2898
3.5795
3.0419
3.4581
3.4390
3.3073
3.1917
3.2795
3.3013
3.4710
3.2594
3.6491
3.3382
3.2634
3.3162
3.3249
3.4465
3.5963
3.4221
3.3940
3.4580
3.5336
3.3658
3.6082
3.5718
3.5010
3.2194
3.0791
3.4879
3.5168
3.6524
3.4199
3.5373
3.2161
3.6968
3.5694
3.5091
3.5349
3.4430
3.2808
3.4150
3.5444
3.5937
3.3788
3.1689
3.3929
3.4876
3.9309
3.5068
3.2489
3.5054
3.4484
3.1788
3.3078
3.1138
3.4526
3.6909
3.5029
3.4187
3.7673
3.4486
3.4259
3.2783
3.7647
3.6993
3.5491
3.5933
