1.7712
1.8980
1.5709
1.7505
1.8267
1.7859
1.8928
1.7656
1.8186
1.9213
2.0137
2.0504
2.0899
2.1570
2.1933
1.8713
2.0443
1.8321
1.7553
1.7137
1.9135
1.7026
1.7277
1.7914
2.1013
2.0999
2.2051
2.0028
1.9514
1.8070
1.7926
2.1008
1.9751
2.0352
1.8159
1.8666
2.1514
2.0132
2.2975
2.1423
1.8402
1.9075
1.7292
1.9425
2.0256
1.9382
1.8096
1.7915
1.9229
1.7167
1.8998
1.8607
2.3747
2.1966
1.9268
2.1696
2.0470
1.9481
1.7534
1.9953
2.0300
1.9256
1.9675
2.1332
1.8519
2.0750
2.2247
2.1653
1.9779
2.1998
1.9738
2.2492
1.9419
1.9399
1.9358
2.0217
2.0827
2.2369
2.1028
2.1762
1.9255
1.9727
2.2135
1.7081
1.9361
1.7710
2.1466
2.0762
1.8111
1.8954
1.7790
1.9331
1.9353
1.8246
2.1328
1.8882
2.1073
2.1917
1.9014
1.8982
1.7846
1.8566
2.1807
2.0801
1.9892
2.1531
2.1833
2.4190
2.1884
2.1119
2.1146
2.4158
1.9841
2.1833
1.9662
2.1873
1.9581
1.9201
2.0422
2.2610
2.1127
1.9363
1.9880
1.5882
1.8186
1.9485
2.1866
2.1558
1.8387
1.6214
1.9461
1.8466
1.4382
1.8836
1.6921
2.0687
1.9549
1.7361
1.8462
1.6727
1.8311
1.9281
1.7257
1.6662
1.7224
1.6794
1.8670
1.8558
1.8800
1.6272
1.9008
1.8907
1.5633
1.5725
1.5848
2.0060
2.0010
1.9649
1.7460
1.9322
1.9532
1.6101
1.7172
2.0186
1.8987
1.8216
1.6643
1.5776
1.6067
1.7975
1.5745
1.7708
1.6371
1.8911
1.7360
2.1276
1.8935
1.7017
1.7347
1.9632
1.8024
2.2425
2.1293
2.0464
1.8919
1.8690
1.7989
1.6512
1.6343
1.9887
2.1620
1.9841
1.9761
1.8223
1.8122
1.7559
1.6958
1.9299
1.8361
1.9546
2.1989
2.1208
2.2359
1.7439
1.8228
2.1652
1.8427
2.0292
2.1578
1.8265
1.8389
1.9292
1.9386
2.0512
1.6327
1.7091
1.8825
1.5893
1.6314
1.5049
1.8992
1.7378
1.8808
1.9102
1.7411
1.7479
1.9665
1.8482
1.7963
1.6735
1.9186
1.6891
1.7449
1.8831
1.8368
1.9223
1.8396
1.7667
1.7358
1.7655
1.7170
1.4324
1.7234
1.7304
1.7123
1.7804
1.6138
1.7465
1.9686
1.9545
2.0025
1.7000
2.0961
1.7611
1.6976
1.8525
1.9392
2.0676
2.1492
1.8660
1.6515
1.7987
1.6208
1.6149
2.2086
1.9360
1.6962
1.5481
1.6940
1.9331
1.8464
1.7709
1.7301
1.8862
1.8139
1.7646
1.6489
1.9268
1.7995
1.6700
1.7547
1.5429
1.6221
1.8042
1.8947
1.6434
1.7920
1.7750
1.6189
1.7598
1.8321
1.9820
1.7435
1.6053
1.7005
1.9106
1.8641
1.7241
1.6929
1.6356
1.6391
1.7308
1.6814
1.6000
1.7793
1.9305
1.5675
1.8401
1.7929
1.8009
1.6752
1.7886
1.6878
1.4968
1.9299
1.8105
1.5082
1.6461
1.7644
1.7184
1.7612
1.7822
1.5678
1.6823
1.4815
1.6586
1.5646
1.7517
1.8194
1.8595
1.6064
1.7527
1.8416
1.7306
1.6909
1.7122
1.9830
1.8508
1.6530
1.8007
1.8344
1.7238
1.5644
1.6427
1.6819
1.8002
1.7473
1.5883
1.7555
1.6129
1.5000
1.6129
1.6565
1.6640
1.7832
1.6409
1.5095
1.7926
1.6699
1.7287
1.6640
1.8212
1.6075
1.9931
1.6894
1.9471
1.8701
1.6254
1.6650
1.7371
1.9887
1.6260
1.6937
1.6987
1.6606
1.7387
1.7868
1.8616
1.7958
1.5674
1.5978
1.5488
1.6296
1.5949
1.9469
1.8089
1.5751
1.4746
1.9212
1.6530
1.5836
1.8141
1.7860
1.7670
1.7217
1.9367
1.8814
1.7696
1.7010
1.7111
1.9432
1.7970
1.7771
1.9546
1.6304
2.0399
1.7578
1.9009
1.5289
1.5918
1.7714
1.5613
1.6716
1.6322
1.7855
1.8423
1.8650
1.8275
1.8080
1.7082
1.9430
1.6803
1.7995
1.8869
1.5957
1.5433
1.8092
1.7623
1.6264
1.9205
1.9970
1.8869
1.8791
1.6241
1.7807
1.5051
1.7795
1.9601
1.6960
2.0377
1.9246
2.0086
1.7664
2.1103
2.0801
1.8749
2.0663
2.0162
2.2847
2.0713
1.8229
1.8425
1.8680
1.7997
1.9417
1.8591
1.7577
1.8847
1.7758
1.7945
2.0534
1.8007
1.8287
1.9376
1.6171
1.9379
1.7413
1.7619
1.8327
1.8062
1.6505
1.7308
1.8792
1.8684
1.9991
1.7578
1.9167
1.7351
1.6819
1.7750
1.8474
1.7326
1.5499
1.3668
1.8663
1.8272
1.6237
1.7709
2.0129
1.6806
1.9476
1.9108
1.8332
2.1424
1.7807
1.8922
1.9643
1.6917
1.7031
1.8458
1.6892
1.7549
2.0389
1.5732
1.9733
1.6506
1.7582
1.7705
1.9895
1.7057
1.6592
1.7554
1.9063
1.9486
1.8068
1.7811
1.8489
1.8754
1.7689
1.6948
1.5541
1.7341
1.4107
1.5254
1.7338
1.8299
1.8772
1.6157
1.6023
1.7759
1.8851
2.0239
1.5878
1.8480
1.6094
1.8458
1.8693
2.0937
2.0415
1.9065
2.0884
1.8815
2.1414
2.2056
2.2216
2.1140
2.4734
2.1335
2.2635
2.2815
2.5567
2.3766
1.9660
1.8960
1.7549
1.9732
1.5759
2.2573
2.6229
2.3489
2.5502
2.5096
2.5418
2.4973
2.5723
2.5482
2.4686
2.5109
2.8161
2.5104
2.6597
2.0791
2.2059
1.6165
2.4048
2.0541
2.0434
1.6980
1.6568
2.1002
1.8122
2.0149
1.9573
1.8634
1.7511
1.6229
2.0274
1.8672
1.6896
1.7769
1.9055
2.0659
2.2144
2.0807
2.4257
2.1942
1.6639
1.6235
1.8543
2.1826
1.7579
1.8384
2.0767
2.0198
2.1893
2.0278
1.8121
2.2680
2.0011
2.1840
1.8011
2.1677
2.1684
2.1467
2.1172
2.0297
1.9896
1.5724
1.7426
2.0815
1.9260
1.8549
1.7700
2.0602
1.9669
1.9469
1.8254
2.2307
2.1014
2.1194
2.0910
2.1317
2.3817
2.0351
1.6422
2.4834
2.2679
2.3404
2.1397
2.2197
1.9342
1.9633
1.9123
1.7707
1.8230
1.7835
1.6978
2.0075
1.6495
1.6297
1.8165
1.7380
2.0599
1.9389
2.0306
2.1162
1.8232
1.8374
1.7741
1.7524
1.8687
1.7086
1.9075
1.8204
2.1429
2.1360
1.9551
2.0112
1.8847
1.9590
2.0059
1.9295
1.8168
1.8272
2.0257
1.9556
1.7956
1.9513
1.8004
2.0500
1.8728
1.7165
1.9235
1.9927
1.7889
1.7168
2.1060
2.2188
2.0195
2.0121
1.8589
1.9102
1.8321
1.3713
1.5896
1.5776
1.4487
1.6369
1.6687
1.8237
2.0086
1.7971
1.9284
1.9814
2.0119
1.6993
1.7258
1.7273
2.1295
2.0440
1.9621
2.0975
2.3188
1.8503
1.7990
2.0987
1.6965
2.1002
1.7991
2.1305
2.0902
1.8277
1.8891
1.9494
1.8038
2.1610
1.8345
1.6791
1.9474
1.7690
1.5962
1.7751
1.5349
1.8499
1.5886
1.7411
1.4634
1.5670
1.7465
1.7637
1.7429
1.3928
2.0726
1.8809
1.9418
1.8522
1.5477
1.7937
1.6939
1.5371
1.8100
1.6151
1.7894
1.7803
2.0125
2.0243
1.8068
1.9441
1.7523
1.7819
1.4474
1.5471
1.6622
1.6029
1.4009
1.6391
1.5099
1.6389
1.9132
1.7210
1.6493
1.6969
1.5916
1.8554
1.6346
1.8511
1.7803
1.4844
1.7139
1.7442
1.6634
1.7341
1.7130
1.6396
1.5132
1.5310
1.5299
1.7202
1.8135
1.8247
1.6338
1.7254
1.8281
1.4983
1.5373
1.7372
1.8300
1.7907
1.7463
1.9099
2.0246
1.4388
1.5774
1.5228
2.1056
1.6770
1.8633
2.1082
2.2509
2.2827
2.4335
2.3878
2.2403
2.0374
2.0796
1.9812
1.7276
1.6606
1.9267
1.7897
1.2796
1.5317
1.6934
1.6329
1.6302
1.8892
1.4572
1.5857
1.5175
1.6859
1.5136
1.5402
1.6388
1.4661
1.6846
1.8171
1.8285
1.5407
1.6787
1.5295
1.5509
1.4727
1.7961
1.8039
1.6950
1.4386
1.5470
1.7460
1.7327
1.7300
1.7998
1.7641
1.8460
1.7604
1.9253
1.8021
1.7449
2.0883
1.7815
1.8706
1.9414
2.2868
1.7153
1.8714
2.1466
2.0833
2.0748
2.1276
2.4006
2.3922
2.0727
1.9243
2.0893
2.0210
2.0537
1.7597
1.7658
2.2599
2.1890
2.1410
2.2011
2.2033
2.0977
2.0030
2.0444
2.3745
2.0428
1.9484
2.0189
2.1123
1.9176
1.7854
1.6438
1.5495
1.7638
1.7038
2.1978
1.9544
1.7121
1.9277
1.8383
1.8097
1.7779
1.9654
1.7451
1.7633
1.8680
1.9762
1.6860
1.6274
1.7914
1.8845
1.8072
1.6085
1.6600
1.8012
2.0325
1.8332
1.8266
1.6748
2.0592
1.6768
1.8513
1.8985
1.8589
2.1599
1.9514
1.6873
1.6519
1.7289
1.7429
1.9980
1.9807
1.8505
2.1095
2.0545
1.9589
1.8905
1.9226
1.8068
1.7493
1.8011
1.5790
1.6626
1.7450
1.6400
1.6723
1.5375
1.9486
1.7013
1.9421
1.8892
1.6888
1.7928
2.1428
2.2397
1.6679
1.8134
1.7811
1.6107
1.8580
1.8935
1.7414
1.9007
1.8185
1.8599
1.7908
1.9661
2.0406
2.1749
1.6742
1.7268
1.8692
1.8189
1.9996
1.8852
1.4157
1.5477
1.8348
1.6820
1.7169
1.9306
1.9035
1.5679
1.6016
1.5899
2.1453
2.0926
2.0185
2.0460
2.1612
1.9578
1.9691
1.9373
2.0274
2.3743
2.2901
1.9344
1.8838
2.0256
2.4465
2.3852
2.1091
2.1595
1.8677
1.9137
2.0582
1.9027
1.6358
1.7392
2.0545
1.7881
2.0415
1.9381
1.5610
1.4426
1.7670
1.7627
1.3823
1.6828
1.6414
1.7289
1.7928
1.6781
1.8967
1.6630
1.7283
1.8088
1.5491
1.6684
1.3741
1.5534
1.6443
1.4948
1.5410
1.7747
1.7641
1.5382
1.8104
1.5218
1.5167
1.7741
1.9721
2.0568
1.8259
1.6978
1.8267
2.0657
1.7897
1.6149
1.5193
1.8338
1.6515
1.7507
1.9437
2.2015
1.9534
1.8482
1.9032
1.6451
1.5793
1.7985
1.9944
1.5877
1.5264
1.7167
1.6524
1.9266
2.0284
1.9642
1.8253
1.5564
1.6543
1.6622
1.7148
1.8915
2.0416
1.4948
1.7625
1.7670
1.7430
1.9404
1.9682
1.8736
2.0813
2.0017
1.9940
2.1205
1.7737
1.6062
1.7845
1.8687
2.0013
1.8926
1.8653
1.8606
1.8044
1.8766
1.9200
1.8866
1.7810
1.8305
1.6238
1.8891
1.8508
1.7436
1.6431
1.8250
1.9964
1.7915
1.5919
1.5897
1.9030
1.9157
1.8015
1.4897
1.6627
1.7857
1.8552
1.6309
1.6374
1.8438
1.7051
1.6881
1.9460
1.7057
1.6430
1.7451
1.6222
1.3582
1.5652
1.7646
1.8558
1.8266
1.6858
1.5770
1.4300
1.4849
1.5028
1.7963
1.7332
1.8034
1.5862
1.4041
1.6449
1.6318
1.7662
1.4901
1.4566
1.8156
1.7539
1.5502
1.4899
1.7300
1.4380
1.5496
1.6721
1.7563
1.7172
1.6647
1.7125
1.7611
1.5074
1.9554
1.4881
1.2308
1.6789
1.8284
1.5652
1.7881
1.6191
1.8958
1.6434
1.7213
1.2292
1.6248
1.7191
1.7101
2.0056
1.9009
1.8542
1.5575
1.7970
1.7096
1.8112
1.7544
1.5776
1.7194
1.8780
2.0074
1.9471
1.7868
1.7542
1.7485
1.7774
1.5037
1.7466
1.4660
1.6912
1.4913
1.7332
1.5677
1.6077
1.3787
1.5816
1.5949
1.3424
1.5224
1.5490
1.3444
1.8788
1.6839
1.5799
1.5753
1.9075
1.7913
1.8787
1.7940
1.6843
1.7952
1.6844
1.5512
1.5570
1.6098
1.4806
1.5740
1.8157
1.6072
1.4169
1.4863
1.5279
1.4696
1.5026
1.7480
1.5484
1.5145
1.6349
2.0595
1.8161
1.5284
1.8165
1.6486
1.5131
1.8442
1.5521
1.6292
1.4410
1.3846
1.7376
1.5462
1.5646
1.5849
1.7334
1.4041
1.6585
1.4617
1.5756
1.5142
1.6708
1.6119
1.5438
1.3393
1.7382
1.4759
1.5491
1.5952
1.5906
1.3612
1.4870
1.4063
1.4362
1.5085
1.6654
1.6734
1.3390
1.6110
1.5106
1.6751
1.6164
1.5172
1.4517
1.8233
1.4341
1.4879
1.5717
1.5919
1.6675
1.5264
1.6882
1.6578
1.4239
1.7869
1.7394
2.2417
2.4681
1.9403
2.1673
2.0687
1.6874
1.9243
2.0373
1.6730
1.6130
1.4963
1.7249
1.7726
1.7132
1.7486
1.7415
1.6043
1.5502
1.4313
1.5775
1.4297
1.3666
1.8349
1.7427
1.5895
1.6842
1.5877
1.5352
1.5638
1.6278
1.7149
1.7538
1.6633
1.9727
1.6050
1.7467
1.7069
1.4974
1.7298
1.7423
1.6791
1.8831
1.7713
1.7895
1.7631
1.9108
1.6500
1.6942
1.9489
1.8656
1.7459
1.6771
1.5808
1.7397
1.8853
1.5959
2.0181
2.0722
1.7530
1.7255
1.8299
1.9050
2.3138
1.8838
1.6346
1.6663
1.7384
1.8827
1.6554
1.7041
1.5493
2.1503
1.9772
1.9411
1.7584
1.8662
1.6749
1.9264
1.6736
1.9756
1.8613
1.7663
1.7785
1.7421
1.6805
1.5570
1.7707
1.9131
1.5918
1.8575
1.8205
2.1024
1.9702
1.9844
1.8598
1.9574
2.0429
1.7016
1.8660
1.7768
1.8843
2.1053
1.5775
1.7191
1.6973
1.7529
1.7492
1.7911
2.0509
2.0559
2.3381
1.9790
2.2278
1.8204
2.0075
1.7535
1.8310
1.8611
1.6441
1.7530
1.4883
1.6475
1.7879
1.8013
2.0611
1.6948
1.9355
1.6954
2.0777
1.9244
1.6211
1.8837
1.7931
2.0614
1.9514
1.7571
1.6732
1.5034
1.7113
1.6656
1.6343
2.0240
1.9119
1.8187
1.6673
1.5746
1.7046
1.7516
1.8307
1.7531
1.6474
1.5231
1.8413
1.7174
1.5824
1.6176
1.7004
1.4894
1.8122
1.5635
1.8148
1.8629
1.7500
1.8275
1.7164
1.8788
1.6550
2.1014
1.7546
1.9145
1.5873
1.5413
1.5549
1.8512
1.9501
1.5785
1.3631
2.0357
1.9143
1.8926
1.8333
1.4715
1.8164
1.5911
1.6388
1.7419
1.7039
1.6440
1.8244
1.6695
1.6735
1.8305
2.0384
1.8211
1.9276
1.7813
1.7402
2.0909
2.1956
1.7643
2.2428
2.0479
2.2808
2.1035
2.0634
1.9952
1.8910
2.0780
2.0045
1.8047
1.9522
1.7694
1.8140
2.3067
2.3244
1.9106
1.6089
1.5289
1.5469
1.4128
1.6291
1.8738
1.3279
1.6994
1.6962
1.7661
2.0371
2.0318
2.5451
1.9992
1.9697
1.8447
1.9648
2.1421
2.0044
2.0458
2.0752
1.7313
2.0157
1.8412
1.8547
2.1093
1.9758
1.7515
2.0751
1.8015
1.9733
1.7530
1.7524
1.8227
1.6537
1.5158
1.9371
1.8247
1.9964
1.8588
1.9099
2.0045
2.1527
1.9740
1.8416
2.0715
2.0056
1.7737
1.7878
1.6944
1.4559
1.6390
1.9648
1.8374
2.0877
1.8852
2.1189
1.8616
1.7184
1.9001
1.6957
1.8310
1.7626
2.1201
1.7324
1.7731
1.7080
1.7742
1.8148
1.7490
1.5814
1.5845
1.6187
1.8788
1.8659
1.5550
1.6541
1.7127
1.6292
1.8307
1.5841
1.5828
1.9916
1.6480
1.5091
1.4719
1.4452
1.5994
1.7010
1.9308
1.7861
1.7028
1.7276
1.4242
1.4620
1.6421
1.6328
1.3150
1.3365
1.7714
1.5378
1.2956
1.6175
1.5822
1.5977
1.3331
1.5589
1.7107
1.6651
1.4982
1.5301
1.5567
1.5060
1.7212
1.8210
1.4779
1.5505
1.7026
1.6614
1.6488
1.3541
1.3273
1.4110
1.5777
1.3582
1.7288
1.5106
1.9058
1.6337
1.7604
1.4161
1.6733
1.8464
1.7838
1.6756
1.7822
1.8728
1.8461
1.5678
1.9786
1.6791
1.5269
1.7861
1.3673
1.8013
1.4882
1.2283
1.5665
1.5633
1.4881
1.6357
1.6135
1.5432
1.4424
1.4930
1.4471
1.3729
1.5577
1.4972
1.5716
1.5486
1.4809
1.6754
1.6267
1.4648
1.6039
1.7080
1.7143
1.5303
1.4273
1.4796
1.4912
1.6165
1.8423
1.8544
1.5840
1.5342
1.4056
1.4888
1.6521
1.3755
1.7575
1.3599
1.4183
1.4272
1.6127
1.8818
1.5089
1.6563
1.4570
1.4235
1.3928
1.5366
1.4130
1.8079
1.7691
1.5126
1.6245
1.5386
1.5732
1.4624
1.4786
1.7383
1.8268
1.5687
1.9699
1.7483
1.8565
2.0583
1.6428
1.5557
1.6516
1.6487
1.6770
1.7520
1.7450
1.5953
1.6677
1.5735
1.3534
1.5308
1.5328
1.4164
1.7299
1.5515
1.5187
1.7439
1.4578
1.3144
1.4327
1.5241
1.6070
1.9546
1.8677
1.7946
1.4875
1.5701
1.6511
1.4970
1.8384
1.4190
1.6372
1.4782
1.5085
1.7700
1.6143
1.3900
1.6663
1.6675
1.8526
1.7854
1.5823
1.6107
2.1260
1.7895
1.6683
1.6384
1.6988
1.7040
1.6812
1.7377
1.4255
1.4202
1.5694
1.9028
1.6104
1.7041
1.6636
1.7100
1.5470
1.5026
1.6135
1.6334
1.5762
1.5988
1.6497
1.7174
1.5864
1.6227
1.5706
1.8127
1.8136
1.8132
1.5967
1.6226
1.6525
1.6588
1.4507
1.5302
1.5551
1.6335
1.9953
1.6094
1.5887
1.5284
1.4923
1.6922
1.4608
1.4232
1.4663
1.5904
1.5678
1.7234
1.5683
1.3085
1.4662
1.3751
1.5089
1.6469
1.4438
1.5093
1.5036
1.6016
1.4461
1.4985
1.2866
1.4848
1.5238
1.4965
1.7797
1.6641
1.4282
1.6602
1.5023
1.4072
1.6615
1.8747
1.7059
1.7258
1.5733
1.6522
1.6195
1.5915
1.6253
1.5763
1.6330
1.6210
1.5159
1.4770
1.3265
1.3857
1.5750
1.6741
1.7214
1.7857
1.4432
1.5693
1.6100
1.4693
1.5362
1.7722
1.3724
1.5569
1.5355
1.6423
1.4681
1.7373
1.5972
1.4266
1.8993
1.3992
1.5838
1.5589
1.6334
1.2313
1.5571
1.4631
1.6267
1.4467
1.4400
1.5716
1.6512
1.6399
1.7944
1.8906
1.7561
1.5766
1.7268
1.6516
1.4878
1.5101
1.6062
1.7287
1.5685
1.4783
1.7377
1.5685
1.5987
1.4518
1.6462
1.7784
1.6609
1.4336
1.4074
1.5872
1.7344
1.7227
1.5764
1.7740
1.8853
1.7218
1.6281
1.6149
1.6145
1.4731
1.5205
1.4904
1.7518
1.9038
1.7264
1.6814
1.9700
1.6757
1.9163
1.7602
1.8644
1.7787
1.5869
1.6343
1.6541
1.5802
1.5617
1.6665
1.7343
1.7159
1.7385
1.4951
1.4856
1.4096
1.8271
1.8239
1.7902
1.6550
1.8027
1.3327
1.4589
1.7858
1.5040
1.6565
1.6531
1.6295
1.4191
1.5854
1.6390
1.8465
1.5115
1.7046
1.9670
1.6840
1.2328
1.5921
1.3872
1.3803
1.5203
1.6941
1.6823
1.8573
1.5276
1.6279
1.6693
1.6850
1.5193
1.8095
1.7632
1.8612
1.8009
1.5181
1.5400
1.7962
1.5454
1.5672
1.6820
1.5769
1.4778
1.6173
1.7342
1.5257
1.3724
1.4363
1.5082
1.6258
1.5139
1.4115
1.5355
1.5512
1.6922
1.6312
1.6132
1.9061
1.3550
1.3572
1.3549
1.1908
1.6462
1.7971
1.5907
1.4554
1.5100
1.5835
1.5017
1.6781
1.5364
1.6750
1.6871
1.6710
1.6379
1.6608
1.4358
1.5605
1.4265
1.4713
1.5328
1.3830
1.5174
1.9007
1.4509
1.9824
1.6416
1.6576
1.6271
1.4639
1.6284
1.6352
1.4555
1.7363
1.7588
1.6217
1.4612
1.4630
1.7499
1.3485
1.7552
1.6415
1.6849
1.7722
1.5113
1.6289
1.9185
1.8325
1.6733
1.5816
1.6234
1.5327
1.6103
1.4567
1.7497
1.5566
1.5272
1.6703
1.3964
1.4948
1.6813
1.6039
1.6279
1.5207
1.4770
1.5812
1.5076
1.4265
1.4500
1.5314
1.5106
1.4749
1.3141
1.4684
1.5959
1.5678
1.6071
1.4518
1.5510
1.6407
1.4673
1.5444
1.5405
1.7876
1.4606
1.5621
1.5959
1.4824
1.5685
1.6448
1.6459
1.6156
1.5691
1.9460
1.6337
1.3035
1.3785
1.5579
1.5559
1.4280
1.4740
1.5248
1.5888
1.7271
1.7446
1.6055
1.4317
1.4362
1.5382
1.5567
1.6039
1.6197
1.4518
1.6007
1.5535
1.8075
1.6183
1.7825
1.9815
1.8613
1.8677
1.5427
1.4436
1.5519
1.5979
1.7861
1.6624
1.5084
1.7752
1.7289
1.8994
1.5034
1.5891
1.5300
1.4228
1.5921
1.3842
1.6182
1.5686
1.7820
1.4967
1.5279
1.6543
1.4573
1.4700
1.6614
1.6095
1.3901
1.4096
1.4141
1.5039
1.6954
1.8815
1.5629
1.8417
1.7884
1.5141
1.6399
1.5262
1.3978
1.4029
1.5681
1.7210
1.8311
1.7552
1.7792
1.5200
1.7355
1.4644
1.5558
1.5889
1.5596
1.7264
1.7286
1.8705
1.9424
1.7402
1.8231
1.9037
1.6940
1.5205
1.9197
1.6780
1.7815
1.8455
1.5648
1.5494
1.5658
1.1841
1.5428
1.4798
1.7901
1.5765
1.5578
1.6522
1.9490
1.8233
1.6799
1.9205
1.9223
1.7982
1.6897
1.9278
1.7235
1.8455
1.6462
1.5036
1.5182
1.6282
1.8413
1.8927
1.6312
1.5953
1.9081
1.8035
1.6851
1.7808
2.0772
2.0669
1.7993
2.0430
1.8013
1.7757
1.5578
1.8510
1.6120
1.8664
1.5803
1.7105
1.7612
1.8224
1.6020
1.5087
1.7098
1.7010
1.6671
1.7526
1.7517
1.9301
1.8757
1.8362
2.0365
1.9283
1.6317
1.7318
1.5764
1.5000
1.6596
1.4883
1.9176
2.1173
1.8664
1.9815
1.9687
1.5707
1.6523
1.5069
1.5268
1.5290
1.7411
1.9687
1.5424
1.6679
1.6421
2.0380
1.8759
1.7717
1.8586
1.9234
1.6518
1.6753
1.6912
2.0355
1.7683
1.6902
1.4048
1.5968
1.6758
1.6071
1.7451
1.7132
1.8320
1.6441
1.6625
1.7851
1.8212
1.9345
1.8680
1.8355
1.8248
1.7952
1.5149
1.6650
1.5724
1.6443
1.3957
1.8500
1.6043
1.5135
1.7960
2.1095
1.7175
1.5075
1.4982
1.4563
1.6124
1.7651
1.5460
1.6216
1.9307
1.9810
1.9806
2.1006
1.7343
2.0424
1.6853
1.5235
1.8340
1.9030
1.7842
1.7392
1.6232
1.6116
1.6393
1.8259
1.9855
2.0204
2.0249
1.9301
2.1939
2.0584
1.8945
1.8716
2.3329
2.2204
1.7461
2.0038
1.8617
2.1469
1.8458
1.9177
1.5979
1.8424
2.2459
1.6487
1.6014
1.6238
1.8358
1.7382
1.6147
1.8249
1.6931
1.9346
1.6334
1.7076
1.6898
1.7303
1.6493
1.6653
1.5368
1.4386
1.5631
1.5959
1.5426
1.6763
1.9088
1.9580
1.6228
1.5619
1.5453
1.5525
2.0326
1.7650
1.6694
1.6537
1.7423
2.0022
1.5958
1.5292
1.6869
1.5662
1.5987
1.5528
1.5874
1.7130
1.8090
1.2566
1.5797
1.6274
1.6619
1.5459
1.6256
1.9687
1.7060
1.5741
1.4408
1.5977
1.5963
1.6626
1.5765
1.7098
1.8726
1.7192
1.7562
1.6268
1.6007
1.7359
1.6501
1.7173
1.7243
1.6100
1.2489
1.7774
1.5774
1.9462
1.7338
1.6492
1.5872
1.6651
1.8641
1.6323
1.8865
1.5975
1.2391
1.7240
1.7311
1.5460
1.4275
1.6198
1.7681
1.7460
1.7404
1.6915
1.9859
1.9037
1.6126
1.7977
1.6887
1.3618
1.5468
1.6149
1.8090
1.6127
1.9685
1.7023
1.8609
1.5522
1.6808
1.9290
2.1915
1.8371
1.6083
1.8066
1.6802
1.5546
1.4346
1.6635
1.5956
1.5050
1.3688
1.5776
1.6771
1.8010
1.7473
1.8965
1.5801
1.5138
1.6171
1.5920
1.5089
1.2888
1.5536
1.9316
1.6630
2.0092
2.2903
1.8919
1.8952
1.8536
1.7317
2.0777
1.9518
1.8724
1.6844
1.5437
1.6993
1.4234
1.6912
1.6212
1.6885
1.8992
1.6233
1.6416
1.7131
1.6909
1.5918
1.6669
1.5474
1.4729
1.9114
1.5128
1.5426
1.5529
1.6515
1.8417
1.7335
1.5181
1.6433
1.6629
1.5653
1.5841
1.6828
1.5060
1.8601
1.7406
1.6022
1.6365
1.3339
1.4998
1.4174
1.2935
1.3053
1.4805
1.5692
1.6566
1.7924
1.5252
1.4361
1.8097
1.4853
1.6483
1.4889
1.4769
1.5014
1.6066
1.4272
1.3468
1.3479
1.5395
1.4539
1.4647
1.5144
1.4607
1.6269
1.5783
1.6692
1.7209
1.3258
1.6915
1.3441
1.6147
1.3889
1.4748
1.2633
1.2868
1.4362
1.3740
1.3735
1.4389
1.6051
1.7100
1.4472
1.4035
1.7091
1.2935
1.4479
1.6312
1.3696
1.4153
1.3147
1.3752
1.4831
1.3756
1.5029
1.2979
1.5687
1.3791
1.5766
1.4012
1.4253
1.6210
1.4697
1.6332
1.4441
1.4435
1.5325
1.6198
1.9621
1.5071
1.8024
1.7198
1.8471
1.6340
1.5099
1.6642
1.4107
1.7769
1.7515
1.5358
1.6307
1.9924
1.9099
1.8956
1.2505
1.6246
1.6217
1.4167
1.6107
1.5038
1.5138
1.6048
1.4979
1.6444
1.4050
1.5139
1.4864
1.4719
1.4473
1.5881
1.3435
1.5111
1.6385
1.4939
1.4063
1.4598
1.5830
1.5240
1.5504
1.6961
1.7676
1.9779
1.8980
1.8539
1.3944
1.7444
1.7169
1.4662
1.4465
1.7067
1.6778
1.8152
1.6992
1.7265
1.9136
1.7271
1.8411
1.8685
1.6987
1.7299
1.4059
1.6874
1.6443
1.7177
1.7863
1.8511
1.7026
1.8052
1.7705
1.8197
1.7834
1.5716
2.1961
1.8256
1.6588
1.6940
1.5610
1.6225
1.6751
1.5370
1.9091
1.6200
1.6064
1.4436
1.7318
1.9409
1.7763
1.7698
1.7779
1.4809
1.5799
1.4018
1.5911
1.8058
1.5638
1.8116
1.7298
1.8771
1.7603
1.5529
1.5092
1.4769
1.5779
1.7249
1.5373
1.5724
1.5849
1.5327
1.7198
1.6982
1.9674
1.8192
1.6738
1.6518
1.8097
1.6312
1.7693
2.1174
1.6403
1.8781
1.8059
1.9914
1.9777
1.5743
1.8055
2.0702
1.6647
1.7933
1.7247
1.9226
1.6964
1.5856
1.5406
1.6462
1.8441
1.5863
1.3093
1.3798
1.5210
1.6300
1.7139
1.8094
1.7338
2.1225
1.8098
1.7286
1.8509
1.8459
1.6020
1.8993
1.9140
1.6755
1.9943
1.8723
1.9943
2.0463
1.7722
1.6831
1.9063
1.8813
1.8504
1.9390
1.8927
1.6164
1.6369
1.8307
1.7976
1.7041
1.6775
1.5363
1.6937
2.0273
1.7350
1.5719
1.3679
1.5929
1.9205
1.9081
1.7677
1.6094
1.7429
1.4021
1.5084
1.7683
1.6323
1.7515
1.6812
1.5874
1.4930
1.5024
1.6303
1.7227
1.5596
1.4998
1.7727
1.7346
1.6244
1.9999
1.7751
1.9204
1.6452
1.7467
1.7385
1.8972
1.8760
2.2546
1.9964
1.6843
1.6198
1.5545
1.4813
1.9459
1.7547
1.6537
1.6069
1.5713
1.5902
1.8990
1.8794
1.9875
2.1589
1.5173
1.5878
1.6861
2.0549
1.9857
1.7224
1.7013
1.8534
1.9913
1.7904
1.8898
1.8441
1.6373
1.8889
1.5947
1.4598
1.8176
1.6144
1.6952
1.4430
1.5455
1.7549
1.6614
1.7639
1.9224
1.6974
1.8273
1.4884
1.5864
1.7568
1.8423
1.3268
1.4959
1.6070
1.3782
1.6089
1.5637
1.7446
1.7275
1.6843
2.1128
1.8310
1.9994
1.5749
1.7855
1.9619
1.7434
1.5614
1.8654
1.7179
1.6971
1.8432
1.6748
1.5486
1.6543
1.3739
1.8108
1.5988
1.8213
1.6959
1.5809
1.4966
1.2560
1.6485
1.8124
1.5016
1.5053
1.2881
1.5989
1.3281
1.7312
1.6816
2.0497
1.7445
1.6904
1.5417
1.7111
1.6971
1.4338
1.7545
1.5803
1.5897
1.5355
1.5915
1.4665
1.5531
1.7851
1.7267
1.8453
1.4673
1.3805
1.3992
1.7187
1.5054
1.7052
1.8208
1.5641
1.4002
1.7173
1.3975
1.8905
1.5109
1.6165
1.4456
1.4527
1.8590
1.4655
1.7804
1.5680
1.8306
1.4993
1.3805
1.3760
1.6719
1.6038
1.3516
1.5135
1.4247
1.6613
1.5783
1.8577
1.7566
1.6582
1.3530
1.6214
1.6353
1.4996
1.8030
1.8791
1.3611
1.6719
1.6664
1.2670
1.3918
1.2718
1.6366
1.6259
1.7470
1.5764
1.4217
1.6457
1.8119
1.7558
1.7202
1.7872
1.6745
1.7262
1.5010
1.7484
1.8084
1.8358
1.8247
1.6904
1.8575
1.4498
1.6176
1.6748
1.8876
1.2178
1.6301
1.5588
1.7127
1.6853
1.7514
1.7207
1.6582
1.7653
1.5602
1.4343
1.6489
1.6028
1.5696
1.5996
1.5250
1.8979
1.8320
1.8256
2.0197
1.8350
1.8908
1.8217
1.6480
1.5267
1.6933
2.1492
1.8149
1.8730
1.7066
1.6358
1.7824
1.5176
1.6082
1.6961
1.8054
1.8099
1.6192
1.6125
1.5979
1.7570
1.7431
1.4554
1.4865
1.5656
1.7395
1.7300
1.6291
1.6189
1.7374
1.8153
1.5693
1.6767
1.7485
1.7471
1.5889
1.7100
1.7099
1.5557
1.5504
1.5436
1.5483
1.6913
1.4339
1.5650
1.2463
1.7509
1.4331
1.4770
1.7362
1.5155
1.7811
1.8180
1.5377
1.5286
1.4217
1.3636
1.3599
1.7751
1.7949
1.6165
1.4883
1.2880
1.4701
1.4653
1.5045
1.2426
1.4224
1.5223
1.2871
1.6796
1.2005
1.9359
1.6397
1.7895
1.7326
1.5746
1.8535
1.4376
1.8664
1.3915
1.5513
1.3288
1.4561
1.9207
1.7073
1.5448
1.8799
1.7853
1.5372
1.7445
1.4326
1.2909
1.3361
1.5000
1.5702
1.7069
1.8008
1.5506
1.5759
1.5954
1.6455
1.4879
1.5206
1.7704
1.4911
1.6515
1.5533
1.6770
1.6308
1.6829
1.6442
1.6932
1.3564
1.5335
1.4415
1.4888
1.5054
1.5691
1.6171
1.4563
1.5472
1.3564
1.7267
1.6810
1.5734
1.8408
1.4818
1.3889
1.5786
1.7123
1.6165
1.3156
1.6379
1.5868
1.6555
1.4636
1.4837
1.7063
1.4770
1.4173
1.5262
1.3909
1.6860
1.5683
1.2625
1.6306
1.6850
1.6279
1.5247
1.6457
1.7099
1.5266
1.8061
1.5688
1.5467
1.5428
1.4505
1.3844
1.4122
1.4968
1.6545
1.5760
1.7189
1.5192
1.6837
1.7553
1.8512
1.7380
1.7937
1.6766
1.6926
1.9954
1.8410
1.7821
1.6593
1.6638
1.6110
1.6099
1.7895
1.8802
1.6499
1.6550
1.8364
1.4757
1.7021
1.7372
1.7705
1.6187
1.6125
1.6587
1.7456
1.3584
1.5042
1.4277
1.4139
1.4729
1.6426
1.5695
1.6215
1.6525
1.6876
1.5967
1.4056
1.6208
1.5026
1.4763
1.3869
1.4715
1.5368
1.7409
1.6500
1.5556
1.6573
1.5126
1.4402
1.7365
1.6355
1.3117
1.4448
1.7673
1.8105
1.6100
1.6474
1.5627
1.5078
1.6849
1.5174
1.5914
1.6962
1.4431
1.2208
1.7674
1.7273
1.6670
1.7656
1.7338
1.6446
1.6855
1.8338
1.9229
1.3736
1.3967
1.7911
1.6001
1.6883
1.4415
1.6831
1.5592
1.5617
1.4589
1.6148
1.6199
1.6123
1.6445
1.3668
1.3949
1.4804
1.4235
1.3258
1.3831
1.3733
1.6017
1.3802
1.4219
1.4832
1.6381
1.8185
1.7791
1.6845
2.2856
1.7988
2.2406
2.1728
2.0879
1.9458
2.0948
1.7691
1.4737
1.4692
1.7156
1.5156
1.7616
1.6802
1.3577
1.7137
1.3830
1.7992
1.8372
1.7382
1.7936
1.7773
1.5473
1.7827
1.6482
1.4595
1.6784
1.8806
1.6649
1.4147
1.6062
1.6501
1.5159
1.8334
1.6917
1.6624
1.7912
1.3235
1.5382
1.3048
1.5588
1.6413
1.7884
1.4169
1.2875
1.5185
1.5816
1.6331
1.5328
1.5753
1.5310
1.5967
1.4881
1.5548
1.5315
1.6900
1.4013
1.3433
1.4367
1.4663
1.7290
1.5338
1.8675
1.6474
1.4576
1.6955
1.7585
1.9267
1.5398
1.5169
1.6162
1.7590
1.5181
1.4904
1.4430
1.6546
1.5412
1.5516
1.4931
1.5196
1.5757
1.4095
1.8366
1.5746
1.5801
1.4695
1.7559
1.5364
1.8879
1.8332
1.5789
1.6862
1.8002
1.7542
1.7312
1.9125
1.6974
1.5982
1.5057
1.7750
1.6960
1.6720
1.8716
1.5945
1.5908
1.6063
1.8230
1.6059
1.7557
1.5436
2.0000
1.6579
1.9139
1.6823
1.6611
1.3985
1.4430
1.6726
1.5428
1.4381
1.4531
1.5554
1.6543
1.8160
1.4320
1.4112
1.4324
1.6358
1.8255
1.6430
1.4120
1.6529
1.6887
1.7957
1.7644
1.6394
1.7766
1.5920
1.8754
1.7138
1.7952
1.7722
1.4011
1.6690
1.6015
1.6280
1.6399
1.5425
1.4884
1.6453
1.3802
1.8458
1.4758
1.6928
1.6523
1.5942
1.4782
1.4686
1.3733
2.1316
1.8883
1.4055
1.8868
1.4342
1.7674
2.1187
1.9550
1.4020
1.4891
1.6432
1.5616
1.8789
1.4326
1.4813
1.7611
1.5661
1.6521
1.6278
1.5396
1.4925
1.5957
1.5619
1.5792
1.5579
1.6080
1.6206
1.5203
1.5768
1.6803
1.5087
1.6335
1.6046
1.4158
1.5850
1.7327
1.2670
1.5765
1.4136
1.5780
1.4408
1.5451
1.6329
1.3321
1.6977
1.7019
1.7843
1.6743
1.9837
2.0302
1.6407
1.7613
2.0557
1.8912
1.6336
1.7544
1.8606
1.6899
1.7684
1.9079
2.0558
1.7775
1.9966
1.6595
1.6567
1.7709
1.6039
1.5820
1.6062
1.6190
1.6492
1.3788
1.5556
1.5058
1.4410
1.4949
1.3597
1.4619
1.4767
1.4631
1.7911
1.7663
1.8698
1.5343
1.6507
1.3235
1.5985
2.0216
1.6082
1.5462
1.4957
2.0281
2.0141
1.8345
1.4504
1.3661
1.4320
1.6458
1.6403
1.3869
1.5778
1.5096
1.2901
1.4714
1.3912
1.7278
1.4233
1.6519
1.4119
1.5188
1.4595
1.4491
1.6105
1.4115
1.4876
1.6508
1.7616
1.7508
1.3257
1.5409
1.2996
1.3584
1.5737
1.5902
1.5289
1.4845
1.4461
1.4457
1.5985
1.5136
1.4654
1.6483
1.5464
1.4878
1.3899
1.7300
1.3092
1.6237
1.3854
1.4811
1.4960
1.6630
1.3333
1.3986
1.3733
1.5987
1.5682
1.6992
1.5351
1.4216
1.4156
1.3210
1.4855
1.9243
1.6638
1.6685
1.6269
1.5160
1.4671
1.5742
1.3626
1.3953
1.6263
1.9550
1.7738
1.7346
1.6133
1.7495
1.7208
1.5065
1.6926
2.0575
1.7303
1.4903
1.2512
1.5584
1.5649
1.5397
1.3859
1.5054
1.6178
1.2604
1.4180
1.1645
1.3836
1.3820
1.6247
1.4190
1.3358
1.0297
1.5335
1.4853
1.4060
1.5180
1.7442
1.2576
1.4104
1.3926
1.2974
1.3280
1.7008
1.2392
1.3225
1.5163
1.4972
1.5633
1.4360
1.4940
1.4644
1.4925
1.7982
1.5005
1.7419
1.4451
1.3140
1.5817
1.4086
1.2930
1.5503
1.5908
1.7801
1.9610
1.5079
1.6568
1.5209
1.5157
1.4021
1.7493
1.8040
1.6470
1.2567
1.5327
1.9127
1.7174
1.8105
1.5677
1.8012
1.6143
1.6741
1.4461
1.5935
1.5946
1.5831
1.4558
1.8711
1.5929
1.8150
1.6216
1.5883
1.4765
1.5455
1.6779
1.3029
1.6455
1.9384
1.9832
1.6478
1.6238
1.6925
1.6860
1.6475
1.3993
1.7728
1.3695
1.4836
1.6263
1.3767
1.6861
1.6720
1.7248
1.6463
1.5148
1.4853
1.6445
1.4170
1.4927
1.3679
1.4792
1.6103
1.3338
1.5271
1.7597
1.7929
1.5703
1.6482
1.5114
1.6647
1.6971
1.6916
1.9629
1.9923
1.6264
1.5819
1.5122
1.5038
1.6550
1.6287
1.4413
1.6778
1.7421
1.7812
1.6853
1.8155
1.7078
1.7085
1.4715
1.6197
1.6335
1.6634
1.6814
1.4412
1.4826
1.5833
1.9149
1.5145
1.3375
1.6158
1.7664
1.7950
1.6113
1.8722
1.6617
1.7073
1.5280
1.4624
1.5613
1.6575
1.5558
1.3897
1.5639
1.6677
1.6805
1.6168
1.4343
1.7382
1.7464
1.5086
1.4327
1.5210
1.5881
1.9268
1.4852
1.7192
1.5216
1.6157
1.7863
1.7500
1.6893
1.6521
1.5198
1.4191
1.5145
1.7954
1.5309
1.4230
1.2303
1.3117
1.5523
1.3777
1.3981
1.3732
1.4900
1.4816
1.5788
1.4482
1.8932
1.7440
1.6294
1.4428
1.4563
1.5535
1.3665
1.3313
1.4583
1.5560
1.4681
1.3810
1.8061
2.0711
2.0616
2.0128
2.2043
1.6384
1.8281
1.3948
1.4277
1.5202
1.4925
1.5411
1.6333
1.4784
1.6606
1.6208
1.3919
1.5316
1.3447
1.3658
1.6472
1.6577
1.7497
1.5362
1.5997
1.5707
1.9187
1.4515
1.7478
1.8179
1.8382
1.7759
1.5315
1.6688
1.9264
1.6200
1.7681
1.6842
1.6688
1.9123
1.8508
2.0428
1.9480
1.9805
2.3434
1.9937
2.2604
1.6105
1.9022
1.8556
1.9669
1.9354
1.7844
1.8324
1.7310
1.7816
1.7636
1.4269
1.6711
1.5517
1.5815
1.8595
2.0696
1.6529
1.5387
1.5627
1.7833
1.7974
1.6161
1.6230
1.7504
1.6267
1.9344
1.6767
1.5502
1.9197
1.5433
1.6434
1.6351
1.7078
1.6551
1.4729
1.5840
1.7003
1.7365
1.4703
1.5903
1.5417
1.5706
1.6682
1.5563
2.0036
1.7042
1.7773
1.5035
1.4968
1.8359
1.5561
1.6293
1.5018
1.5325
1.5490
1.5664
1.4460
1.4494
1.5262
1.7240
1.4953
1.6273
1.7869
1.6415
1.7315
1.4570
1.6533
1.4210
1.5450
1.4886
1.2614
1.3542
1.6465
1.4040
1.4527
1.6685
1.5467
1.2908
1.6958
1.4855
1.4572
1.5426
1.5480
1.5911
1.5239
1.4994
1.5067
1.5556
1.4687
1.4965
1.7241
1.3515
1.5247
1.6367
1.6437
1.7047
1.6564
1.8256
1.6591
1.6223
1.4099
1.6442
1.6508
1.4591
1.5567
1.7907
1.7690
1.5598
1.6265
1.6034
1.6718
1.6097
1.6917
1.5833
1.7763
1.4152
1.4594
1.6867
1.3458
1.6364
1.4946
1.3264
1.3733
1.5714
1.5269
1.5979
1.4816
1.6120
1.7537
1.4988
1.5202
1.7959
1.4757
1.7734
1.6012
1.6196
1.4867
1.6151
1.4826
1.7937
1.4131
1.4661
1.6174
1.5148
1.5186
1.4463
1.8036
1.4968
1.5534
1.3907
1.3845
1.5397
1.7048
1.4452
1.6683
1.6585
1.7376
1.9602
2.0250
1.8745
1.6874
1.6991
1.5748
1.9554
1.4934
1.7638
1.5318
1.4278
1.6173
1.7137
1.5813
1.4856
1.4402
1.6491
1.7696
1.6595
1.5399
1.7955
1.7205
1.6841
1.5298
1.4614
1.5016
1.4671
1.6546
1.6462
1.4022
1.4988
1.6568
1.7037
1.7046
1.4415
1.4174
1.6029
1.5632
1.7707
1.6090
1.6093
1.4273
1.6107
1.6607
1.5664
1.4522
1.6604
1.2609
1.5259
1.5457
1.4237
1.5429
1.2975
1.6228
1.6031
1.4346
1.6355
1.5817
1.4813
1.4679
1.6516
1.6145
1.5054
1.3684
1.4909
1.4987
1.4036
1.7219
1.7165
1.6097
1.4181
1.6193
1.5531
1.5138
1.4450
1.4164
1.3134
1.6730
1.3105
1.2356
1.7035
1.4192
1.3294
1.4961
1.8177
1.6203
1.4532
1.3809
1.4294
1.3683
1.4533
1.6335
1.4729
1.6649
1.6928
1.4496
1.6074
1.6058
1.4632
1.5292
1.3723
1.4203
1.6027
1.6045
1.5981
1.5171
1.4264
1.3645
1.2865
1.4244
1.4612
1.4042
1.6426
1.7218
1.7120
1.6824
1.6664
1.8389
1.6142
1.5433
1.7073
1.8130
1.4931
1.8279
1.7753
1.5689
1.6759
1.6315
1.5564
1.5767
1.5214
1.6621
1.6661
1.5686
1.3645
1.5444
1.3591
1.6651
1.5577
1.6640
1.6077
1.6719
1.4627
1.6388
1.6828
1.5822
1.5746
1.6394
1.4785
1.5763
1.6305
1.4018
1.6012
1.4222
1.5015
1.3418
1.6006
1.6028
1.6453
1.6074
1.7431
1.3980
1.6035
1.3405
1.7177
1.4520
1.4274
1.4967
1.5925
1.6131
1.4720
1.5897
1.6931
1.6222
1.7076
1.4433
1.4496
1.4613
1.7429
1.8074
1.5708
1.3858
1.7591
1.6574
1.6887
1.5997
1.6443
1.4519
1.3068
1.4536
1.5680
1.3765
1.4823
1.3969
1.6751
1.5813
1.5846
1.5829
1.6967
1.5279
1.5762
1.5393
1.6227
1.5690
1.6415
1.3017
1.4236
1.5429
1.6810
1.6330
1.3719
1.4781
1.4451
1.4127
1.4256
1.5411
1.7596
1.4565
1.7677
1.5811
1.5553
1.4523
1.2825
1.5840
1.5478
1.2689
1.3781
1.5055
1.4818
1.6239
1.6924
1.5297
1.5494
1.4924
1.7130
1.6456
1.2999
1.7335
1.7259
1.6495
1.8557
1.6096
1.7687
1.4322
1.5512
1.6524
1.3205
1.3262
1.7114
1.4123
1.4234
1.4851
1.7304
1.5839
1.4844
1.2699
1.8089
1.7340
1.5023
1.8211
1.4444
1.5368
1.4457
1.5747
1.3680
1.5002
1.5438
1.5204
1.6047
1.3445
1.8751
1.7364
1.9123
1.5001
1.5035
1.5867
1.3657
1.5284
1.9735
1.5966
1.7250
1.8523
1.7197
1.2835
1.6020
1.4138
1.5638
1.5358
1.6218
1.3848
1.6264
1.4659
1.7578
1.3106
1.4852
1.5614
1.8264
1.5657
1.6783
1.5936
1.4439
1.5649
1.4343
1.3662
1.3940
1.4228
1.5415
1.2299
1.6466
1.6735
1.2724
1.4218
1.6232
1.7062
1.6475
1.5284
1.5977
1.5237
1.4400
1.6036
1.6383
1.3192
1.4317
1.8312
1.6415
1.4737
1.5504
1.6760
1.4448
1.4669
1.3545
1.3549
1.4546
1.4770
1.4219
1.4823
1.3225
1.4313
1.4400
1.5662
1.7305
1.8610
1.6509
1.4570
1.3032
1.6207
1.3838
1.3140
1.6399
1.5617
1.4475
1.5223
1.3368
1.5367
1.5170
1.5207
1.3877
1.5944
1.4655
1.6901
1.4417
1.5520
1.4570
1.3896
1.5191
1.6271
1.3867
1.4243
1.5680
1.5514
1.5013
1.3457
1.5059
1.3656
1.6644
1.5719
1.5311
1.3906
1.5472
1.7089
1.3159
1.5589
1.6349
1.7584
1.7767
1.3695
1.3445
1.7647
1.6669
1.5905
1.7717
1.3480
1.4140
1.7184
1.5409
1.5279
1.3133
1.4192
1.4224
1.4186
1.3788
1.5541
1.4925
1.5101
1.5530
1.3589
1.5132
1.7229
1.6898
1.5275
1.6668
1.5258
1.5568
1.4469
1.4130
1.3573
1.3125
1.7487
1.4026
1.6702
1.4876
1.5453
1.6275
1.4752
1.7138
1.5994
1.9415
1.5618
1.7162
1.5944
1.5256
1.5204
1.4680
1.5777
1.6147
1.3504
1.3443
1.6384
1.4499
1.5832
1.4409
1.3790
1.5820
1.3317
1.3942
1.5518
1.6212
1.6107
1.6721
1.5869
1.3959
1.5562
1.4542
1.5567
1.7147
1.7098
1.3598
1.5588
1.5771
1.5103
1.5944
1.9966
1.6833
1.5772
1.4801
1.6318
1.3251
1.6924
1.7839
1.8825
1.5387
1.5005
1.5949
1.5386
1.5469
1.7782
1.5371
1.5422
1.5138
1.4877
1.6515
1.5206
1.4186
1.3942
1.7034
1.4557
1.4623
1.4281
1.4821
1.6045
1.6785
1.4297
1.5937
1.3885
1.6182
1.5427
1.5429
1.6834
1.7871
1.3339
1.9890
1.6573
1.7663
1.4785
1.3748
1.4818
1.2595
1.4840
1.5407
1.5413
1.6571
1.5906
1.3785
1.2984
1.4745
1.5964
1.4261
1.4916
1.6220
1.5661
1.6328
1.5909
1.3199
1.6049
1.4162
1.4968
1.6509
1.4882
1.5359
1.7934
1.7523
1.7244
1.5414
1.5866
1.7025
1.6926
1.9783
1.6341
1.5257
1.4566
1.8037
1.3915
1.5657
1.6559
1.7546
1.7536
1.6166
1.8112
1.7666
1.5907
1.6269
1.5256
1.6380
1.5990
1.5484
1.5806
1.3849
1.5157
1.7272
1.7922
1.7639
1.6927
1.8107
1.7884
1.7189
1.6430
1.7709
1.5930
1.6172
1.5272
1.8371
1.7444
1.7827
1.8541
1.9543
1.8162
1.8580
1.9408
1.9324
1.6674
1.7254
1.6915
1.7688
1.9165
1.6912
1.5282
1.7369
1.5760
1.5804
1.6868
1.5539
1.5067
1.5158
1.3183
1.2921
1.3769
1.4755
1.5366
1.5077
1.7586
1.6511
1.5378
1.7574
1.7971
1.8939
1.7047
1.8728
1.8437
1.6434
1.7259
2.0368
1.9462
1.8002
2.0606
1.6472
1.5991
1.8014
1.8528
2.0050
1.8589
1.7774
1.7075
1.8261
2.1880
1.7387
1.8668
1.7915
1.4443
1.7120
2.1011
1.6890
1.6436
2.0835
2.0308
1.7683
1.6708
1.5405
1.7352
1.9227
1.8083
1.8529
1.9615
1.5690
1.6691
1.3273
1.4274
1.4260
1.7234
1.5650
1.4981
1.6595
1.6183
1.5927
1.7256
1.5929
1.8650
1.7261
1.6764
1.5870
1.6601
1.6607
1.6201
1.4977
1.7354
1.7572
1.6018
1.7925
1.5704
1.4699
1.5875
1.3886
1.4359
1.4018
1.5317
1.6474
1.5574
1.4793
1.6288
1.5186
1.4492
1.6586
1.8274
1.3722
1.6160
1.5566
1.4456
1.7335
1.3329
1.6025
1.7092
1.5911
1.5677
1.5344
1.6186
1.5413
1.4610
1.9477
1.5512
1.3498
1.7359
1.7683
1.8105
1.6498
1.5844
1.5204
1.4858
1.3393
1.5312
1.3354
1.5110
1.5118
1.5043
1.4987
1.4688
1.4685
1.6000
1.6894
1.4429
1.7201
1.5342
1.5278
1.7061
1.5824
1.5042
1.6329
1.3133
1.6284
1.4999
1.5603
1.5013
1.4420
1.6197
1.6143
1.6048
1.4770
1.4298
1.3696
1.3731
1.4658
1.4046
1.5316
1.5699
1.4416
1.7203
1.6020
1.3748
1.5102
1.5457
1.6893
1.8903
1.6887
1.7838
1.5477
1.6472
1.7925
1.5556
1.8787
1.7815
1.9057
1.8125
1.9322
1.7619
2.2439
1.9060
2.1013
2.2869
1.7449
2.0286
2.0831
2.2905
2.1467
2.0402
1.9044
1.7336
1.7351
2.0248
1.5308
1.9022
1.7211
1.6513
1.5928
1.6291
1.6210
1.5159
1.5226
1.4364
1.5795
1.8739
1.8448
1.6019
1.5254
1.6766
1.6774
1.8590
1.6965
1.6089
1.4921
1.3081
1.5855
1.6894
2.0684
1.8012
1.7772
1.6598
1.7334
1.7619
1.9400
1.8837
2.1433
1.9720
1.9358
1.8204
2.0726
1.7542
1.6300
1.7864
1.7785
1.8095
1.3610
1.4798
1.6929
1.6085
1.7190
1.7504
1.6670
1.6179
1.9314
1.6719
1.6482
1.5100
1.6146
1.5019
1.5622
1.5659
1.6325
1.8399
1.5214
1.8051
1.6117
1.8771
1.7407
1.6495
1.5806
1.4845
1.5832
1.6950
1.6089
1.9307
1.5756
1.7475
1.4182
1.6396
1.6275
1.5911
1.5928
1.3922
1.4215
1.6259
1.7139
1.5363
1.4939
1.7149
1.5523
1.5189
1.6504
1.3627
1.6666
1.7742
1.6365
1.5182
1.6569
1.6305
1.5384
1.7584
1.6482
1.5867
1.7610
1.7535
1.6436
1.9376
1.5560
1.6685
1.7372
1.5472
1.6003
1.4902
1.7956
1.8561
1.5951
1.6638
1.7479
1.7384
1.8210
1.7604
1.8160
1.6616
1.6318
1.8648
1.7346
1.8870
1.6706
1.9537
1.8068
1.8049
2.0251
1.7495
1.6454
1.7150
1.7405
1.6786
1.4386
1.8907
1.5478
1.7445
1.4404
1.6793
1.7402
1.6033
1.9022
1.5173
1.4352
1.8173
1.7382
1.6423
1.8471
1.9822
1.8991
2.2191
1.9643
1.8985
2.2339
2.3645
2.2442
2.3048
1.8929
1.9865
1.6590
1.6538
1.6845
1.6448
1.6233
1.6082
1.7637
1.5895
1.6610
1.7348
1.6621
1.7858
1.6137
1.5369
1.5345
1.8455
1.7713
1.6633
1.6575
1.7648
1.7790
1.6612
1.6009
1.5969
1.8259
1.7057
1.7900
1.8466
1.6238
1.7438
1.8174
1.5938
1.6293
1.8839
1.6038
1.5633
1.5415
1.5877
1.4277
1.5857
1.6266
1.4757
1.7313
1.6544
1.7717
1.9370
1.7805
1.7594
1.8051
2.0595
1.7018
1.4675
1.6304
1.7033
1.6933
1.7457
1.4752
1.3865
1.5815
1.3037
1.7681
1.7568
1.7766
1.6903
1.5241
1.5588
