2.0288
2.2818
2.1211
1.8217
1.7322
2.1312
1.7687
2.0485
1.6469
1.9760
1.6513
1.5941
2.0584
1.6721
1.6679
1.8886
1.6133
1.8166
1.7357
1.9252
1.8352
1.6947
1.8804
1.6313
1.7316
2.0067
1.8462
1.8023
1.5721
1.4774
1.5838
1.8029
1.8091
1.9182
1.9744
1.7755
1.8915
1.7953
1.7878
1.8160
1.9693
1.7718
1.6495
1.8406
1.8491
1.9415
1.8310
1.6604
1.8705
1.5948
1.5623
1.5388
1.6766
1.8600
1.6783
2.0180
1.8313
2.2194
2.4067
2.1388
2.4538
2.4166
2.2614
1.8138
2.1843
2.0172
2.0011
2.0996
2.0050
1.9001
1.7987
1.7427
1.8010
1.6928
1.7868
1.7077
2.0408
1.7631
1.5682
1.7243
1.6944
1.9370
2.0020
2.1195
1.9570
1.7749
1.7224
1.4380
1.5257
1.6126
2.1100
1.8543
2.1199
1.9197
1.8847
2.0272
1.8878
1.7217
1.6392
1.8568
1.4111
1.7102
2.0627
2.0902
2.0019
1.9865
1.7984
2.1849
1.9387
1.8239
2.2112
2.2330
2.1751
2.2091
2.1662
1.8743
1.8032
1.9591
1.8817
2.1131
1.9853
1.9488
2.0701
1.9951
1.8691
1.7567
1.8007
1.8858
1.7594
1.5469
1.9132
1.8055
2.0193
2.2231
1.5960
2.0730
1.7889
1.6627
1.9331
2.0737
2.1722
1.7200
1.7702
2.0380
2.1476
2.0370
1.9715
2.0034
2.4675
2.1297
2.1947
2.0044
2.0635
2.2018
1.9048
1.7367
1.8057
2.0492
1.7530
1.7262
1.9200
1.7629
1.7780
1.9881
1.9864
2.0363
2.0507
2.0716
2.0424
1.7697
2.1943
2.1494
1.8054
1.9659
1.7946
2.1140
2.1770
1.8798
2.2881
2.1878
2.4344
2.2232
1.9071
1.9308
1.9887
2.1904
1.9522
2.1402
2.0751
2.0381
2.1458
1.9848
2.5481
1.9238
1.9143
2.1373
1.9501
2.0880
2.1805
2.0196
1.8908
1.9071
2.1400
1.6754
2.1177
2.0907
2.2027
1.9985
1.8215
1.8885
1.6782
1.9763
2.2755
2.0798
1.7899
1.8561
1.9156
1.6924
1.9058
2.2014
2.0180
2.2256
2.3778
2.4017
2.0660
2.0363
2.7736
2.3082
1.7847
1.6097
1.6700
1.9451
1.8229
2.0219
2.2123
2.3209
2.1472
1.7436
2.1879
2.0102
2.1989
1.7795
2.0216
1.8332
1.7889
1.4143
1.7472
1.9506
2.3031
1.8961
2.0545
1.9450
1.7717
1.6883
1.9418
2.0346
2.1627
1.9075
1.7258
1.8839
1.8413
1.7027
2.0284
1.7345
1.8523
1.7883
1.5697
1.6855
1.8477
1.8273
1.6941
1.4867
1.6468
1.9326
1.8412
1.9781
2.1969
1.9389
1.6916
1.7596
1.7525
2.0124
2.0387
2.0775
1.7914
1.4884
1.9185
1.5067
1.7904
1.5746
1.5714
1.8680
1.6289
1.9063
1.5456
1.6315
1.5554
1.7134
1.6846
1.4077
1.5641
1.8898
1.9522
1.9883
2.1318
1.8927
2.1340
1.7227
1.4435
1.7936
1.8607
1.6021
1.6456
2.0100
1.7672
2.0828
1.6513
1.8878
1.7912
1.9737
1.8860
1.8132
1.8279
1.7831
1.6304
1.9456
2.0038
1.7249
1.7360
1.6163
1.8961
1.8905
1.6682
2.0763
1.9315
1.8706
2.0106
2.1065
1.7268
2.1573
2.1132
1.8275
1.9794
1.8377
2.1607
1.7186
1.7334
1.9555
2.0250
1.8167
1.9683
2.1188
1.4483
1.6373
1.6451
1.5963
1.6120
1.8232
1.9201
1.9498
1.8586
1.6172
1.7122
1.5932
1.5609
1.6691
1.7464
1.8278
1.6819
1.8575
1.9542
1.9070
1.6699
2.2351
2.2481
2.2860
2.1139
2.3764
2.0064
1.9310
2.2056
1.8195
1.5237
1.5515
1.4868
1.8595
1.6259
1.7589
1.7758
1.8620
1.7426
1.6717
2.1914
2.1460
1.9529
1.7873
2.0183
1.7380
1.9139
2.0281
1.7479
1.9036
1.9900
1.7279
1.7232
1.8941
1.6607
2.0277
1.9481
1.5329
1.7166
1.9661
1.9305
1.8400
2.3801
2.1730
2.0439
2.4776
2.1847
2.3563
2.0654
1.9761
1.6382
2.0366
2.1820
1.9208
1.5712
1.6482
1.8677
1.9346
1.7952
2.0912
2.1160
2.3359
2.2994
1.9749
1.9023
2.1242
2.2513
1.6328
1.5874
1.9468
1.6944
2.0912
2.1087
1.8457
2.0871
1.9965
2.3639
1.8522
2.1796
1.9402
2.2547
1.9261
1.7653
1.8047
1.7035
2.2014
1.9014
2.0909
2.1067
2.5137
1.9078
2.2935
2.3097
1.8869
2.0698
2.3995
2.2458
2.2135
1.9459
2.3623
2.5890
2.0983
2.2027
2.5073
2.4334
2.3293
2.2384
2.3355
2.3768
2.5223
2.6553
2.4241
2.4206
2.3073
1.9703
2.3109
2.0611
2.1848
2.2447
2.1396
2.2895
2.0777
2.3850
2.2654
2.1932
1.8884
2.2380
1.6865
2.6128
2.1831
2.2300
1.7688
2.2467
2.4524
2.1407
2.2820
2.3854
2.4106
2.5585
2.5823
2.5718
2.3728
2.7540
2.6145
2.4184
1.9437
2.1006
2.2575
2.1849
2.2451
2.1691
2.4782
2.2182
1.9572
1.8780
2.0896
2.5260
2.3448
2.3277
2.0713
2.3420
2.4433
2.5885
2.5797
2.5183
2.6005
2.6500
2.5851
2.8540
2.5059
2.5440
2.4774
2.5983
2.3765
2.1703
2.1125
2.4282
2.2717
2.4276
2.3668
2.0811
2.3573
2.1978
2.2288
2.3305
2.1605
1.9143
1.6922
1.7934
1.6313
1.8702
1.9445
1.9045
1.5344
1.6584
1.4848
1.4251
1.5161
1.9630
1.3235
1.4403
1.4631
1.7343
1.9105
1.7765
1.8359
1.8151
1.8207
1.6668
1.8055
1.9280
1.8187
1.6153
1.8553
1.5834
1.6035
1.4646
1.5948
1.6376
1.6519
1.4752
1.7113
1.8170
1.8129
1.6984
2.2009
2.2041
1.8787
1.9424
1.8525
1.9795
1.5703
1.9096
1.9786
1.6012
1.8404
1.9847
1.9712
1.8455
1.9821
2.5825
2.4523
2.4132
2.3076
2.4643
1.9336
2.3899
2.0339
1.6823
1.6968
1.8864
1.7389
1.5325
1.8073
2.0053
1.7280
1.8153
1.5121
1.5912
1.4450
1.5972
1.5635
1.6356
1.8898
1.8850
1.6237
1.6376
1.5629
1.7047
1.4282
1.8886
1.8837
2.1550
1.8879
2.1109
2.0068
2.0111
1.6425
2.0224
2.1137
1.7903
1.8601
1.7010
1.7590
1.6592
1.7302
2.0898
2.3374
1.8807
1.7336
2.0990
1.8985
2.0514
1.8741
2.0406
1.6735
2.0573
1.7164
2.0595
1.5381
1.9321
2.2612
2.4588
2.2928
2.4978
2.5155
2.5018
2.2074
2.4133
1.9925
2.1475
2.2611
2.1118
2.0091
1.8855
2.1946
2.0028
1.7386
2.3429
2.2215
1.9021
2.2028
1.6142
2.2319
1.9305
2.1663
1.9627
1.6366
2.4786
2.0385
1.9343
2.1225
1.8950
1.9259
1.9434
1.6285
1.6161
1.5857
1.7438
1.8492
1.6721
1.6793
2.2971
1.5415
1.9544
1.6853
2.0430
1.9625
1.7349
2.1327
1.9013
1.7154
1.9604
2.1552
1.5243
1.4824
1.8017
1.7298
1.8190
1.4559
1.4313
1.6439
1.3799
1.2890
1.4104
1.6056
1.7166
1.7737
1.5880
1.8821
1.7606
1.8391
1.8803
1.5010
1.8570
1.7213
1.8315
1.7103
1.7632
1.3868
1.4299
1.6114
1.5774
1.7325
1.6276
1.4889
1.8130
2.0007
1.8456
1.9656
1.9462
1.4738
1.6895
1.6039
1.7332
1.5860
1.7618
2.2040
1.7613
1.8032
1.9149
1.7008
1.6939
1.5971
1.8043
1.7992
1.9410
1.5022
1.4637
1.5372
1.9548
1.7393
1.5053
1.7164
1.7309
1.6013
1.8074
1.7998
1.9259
1.7027
1.6296
1.8078
1.5597
1.4834
1.6567
1.4703
1.6698
1.3142
1.8022
1.6957
1.6000
1.4352
1.7357
1.8685
1.8613
2.0081
1.9759
1.9467
2.0006
1.8867
1.8674
1.7740
1.6689
1.7360
2.0814
1.8576
1.9373
1.8703
1.8588
1.7105
1.8166
1.9267
2.1859
1.9691
2.0059
1.9013
1.8983
1.9484
2.1207
1.8555
2.0081
1.7086
2.1237
2.1301
1.9611
2.0385
1.8539
1.6810
1.8509
2.0253
1.8596
2.3926
2.0754
2.6285
2.2378
1.9267
1.8941
2.1783
2.1134
1.8466
2.0316
2.3539
1.9142
1.7426
1.8503
1.6947
1.9397
1.9299
2.0422
1.7656
1.9637
1.9672
2.0748
1.7212
1.8054
1.6926
2.2080
2.0695
1.9073
1.3894
1.6925
1.9097
1.8056
1.9044
1.2634
1.7883
2.1501
2.0339
1.7713
2.1937
2.1888
2.2043
2.0615
2.1663
2.0701
2.4962
2.0765
2.1307
2.2264
2.2454
2.0723
2.1286
2.4079
1.8405
1.7459
1.6518
1.7263
1.8500
1.6425
2.1377
1.8411
1.6595
2.2639
2.0219
1.8563
2.0035
1.6100
1.6820
1.5340
2.0724
2.1551
2.1802
1.9761
1.3346
1.8757
1.8449
1.7923
2.0894
1.9691
1.4592
1.7795
2.0604
1.9739
1.7842
1.9382
2.0254
2.0662
2.1605
2.3810
1.8520
2.2145
2.0528
2.1865
2.1352
2.0850
1.9506
2.1286
1.8991
1.9729
2.3089
2.1605
2.0333
1.7010
2.0839
2.0002
2.0504
1.9858
2.1365
2.1411
2.1474
2.2506
1.9453
2.0515
1.9193
1.9466
2.0710
1.6747
1.7776
1.7385
1.6418
1.4690
2.1128
2.0070
1.6118
2.0606
2.0339
2.1329
2.0734
2.2063
2.0347
1.8985
1.4884
1.6454
1.6576
1.6080
1.9659
1.7746
1.7840
1.8752
1.7179
1.8956
1.8335
1.9397
2.0166
1.8455
2.1618
2.1662
1.9453
2.0759
2.0693
1.4997
1.6374
1.4609
1.7580
1.6349
2.1483
1.6818
1.7712
2.0676
1.9246
1.7559
1.9413
1.7880
1.6732
1.8174
1.5955
1.9012
1.8560
1.5897
1.8418
1.9322
2.0399
1.8928
1.8782
1.9051
1.7433
1.8321
1.6862
2.0814
2.0089
1.9750
1.9493
2.0543
2.1571
2.2824
2.2108
1.8514
1.8392
2.1385
1.9186
1.9063
1.9363
2.0855
2.5046
1.8075
2.1253
2.3697
1.9790
1.9504
2.0354
1.8770
1.9842
1.7232
2.0378
1.7375
1.8179
1.8525
1.9693
2.2330
2.2587
1.9407
2.3287
1.7921
2.2929
1.7562
1.7851
1.9805
2.1933
2.4146
2.5568
2.0628
1.8937
1.9374
2.0825
1.7420
1.7972
1.8766
1.7432
2.0316
2.0504
1.9109
2.1664
2.0123
1.9376
2.1419
1.9150
1.7381
2.0347
2.0603
2.1762
1.7524
2.2045
2.5280
2.3817
2.0228
2.0907
1.9589
2.0620
1.9131
2.0959
2.0340
1.5384
2.1075
1.8113
2.0482
1.9651
1.9459
1.8292
2.0064
1.7862
1.7810
1.9972
2.2536
2.0598
1.9096
2.1867
2.1249
2.0865
1.7180
2.2127
1.9139
2.0326
1.8495
1.7722
2.0739
2.0628
1.8118
1.8631
1.6660
1.5793
2.0287
1.7351
2.0149
1.8879
1.8518
1.7619
2.5364
2.1482
2.0647
1.9605
2.2450
2.2351
2.4654
2.3754
1.9922
2.3241
1.9678
2.2087
2.3107
1.8723
2.1982
2.4175
2.0913
2.0867
2.3079
2.4070
2.5716
2.2043
1.8642
2.3196
2.2890
2.4461
2.5894
2.4715
1.8626
2.2600
2.3800
2.4872
2.1978
2.0837
2.5998
2.5986
2.3312
2.5184
2.5958
2.4832
2.1471
1.8517
2.2017
2.1739
2.4400
2.3218
2.6178
2.0080
1.7931
1.8205
1.6058
1.9955
2.0279
1.9837
1.7963
2.2397
1.7480
1.9211
1.7024
1.7747
1.5321
1.4917
1.6379
2.0310
2.0532
2.2520
2.2540
2.5494
2.2547
2.6098
2.8775
3.0438
2.7602
2.4303
2.4855
2.1661
2.2523
2.0751
2.0005
2.0590
1.6979
2.1651
2.1621
1.7944
2.3931
2.1242
2.3135
2.5139
2.5448
2.7847
2.5750
2.7843
2.2271
2.2010
2.5252
2.1802
2.0148
1.6980
2.1711
1.9749
1.5857
1.8226
2.1400
2.3716
2.1397
1.9238
2.1243
1.8164
2.3710
1.8496
2.0480
1.8056
2.0390
2.1800
2.2311
2.5373
2.1456
2.4059
2.1274
2.3485
2.2255
2.5205
2.3458
2.2355
2.5394
2.3724
2.1095
2.0582
2.2014
2.2519
2.4621
2.0456
2.2549
2.2968
2.1953
1.8798
2.3380
1.8114
1.9730
1.9294
1.9799
2.1419
2.1130
1.9490
1.9647
1.6470
1.8621
2.0644
2.0253
2.0825
1.9879
2.1452
2.2231
2.1429
2.3955
1.6610
2.2846
2.2726
2.3044
2.4497
2.2464
2.2270
2.3749
2.0116
2.0268
2.1842
2.2830
2.1591
2.1524
1.9307
1.8183
1.9700
2.2672
2.4886
2.1349
2.0799
2.1471
2.0270
2.1098
2.0800
2.0312
2.0104
2.2648
2.4668
2.1659
2.1823
2.2477
2.3583
2.6842
2.4436
2.5960
2.7566
2.5617
2.3230
2.1766
2.1910
2.2232
2.1868
2.0355
2.4133
2.1104
2.6359
2.3155
2.0293
2.1172
2.1112
2.2142
2.3371
2.3142
2.4986
1.9961
2.4663
1.9160
2.5192
2.0560
2.1122
2.3259
2.0339
1.9929
2.4506
2.0196
1.5500
2.1011
2.0353
1.7543
1.8698
2.1202
2.6736
1.9697
2.3106
2.2141
2.0518
2.1653
2.1698
2.1400
1.7983
1.9467
2.4257
1.6933
1.9871
1.9229
2.0748
2.2024
2.2245
2.3066
2.4392
2.2779
2.6064
2.6306
2.1575
2.5228
2.5594
2.5282
2.3425
2.5248
2.3266
2.4640
2.3546
1.9641
2.0519
2.0225
2.3785
1.9859
1.6242
1.9763
2.3678
2.2778
2.6878
3.1860
2.9917
2.7816
2.5328
2.1474
2.2640
2.2441
2.3356
2.2630
2.6912
2.0757
2.2779
2.0690
2.3318
2.1757
2.5343
1.8880
2.1668
1.8499
1.8835
1.8027
1.9529
2.0548
2.0440
1.8569
2.3702
1.8968
1.9193
1.8908
1.8668
1.9815
1.9440
1.7197
1.6466
1.6869
2.3250
1.7541
2.2624
2.1007
1.7277
2.1963
2.1090
2.2802
2.4432
2.3823
2.3953
2.0549
2.1702
2.4367
2.1057
2.3147
1.8126
1.8897
1.9004
2.2707
1.9801
2.5142
2.4767
2.3532
2.2528
2.2678
2.2986
1.7286
1.9497
2.3834
2.3435
2.1781
2.5356
2.2266
2.1669
1.8623
2.2157
1.8000
1.9288
2.5417
2.1361
2.2126
2.2428
2.0545
2.3744
2.8799
2.9681
3.2204
3.0181
2.7948
2.8702
2.7494
2.6882
2.6529
2.8585
3.2913
2.9388
2.6928
2.7266
2.5590
3.1871
2.7310
2.6211
2.4920
1.9920
2.8630
2.8858
2.6511
2.1451
2.1734
2.0257
2.6315
2.5793
2.1514
2.6579
2.1555
2.2403
1.4220
2.3496
2.0301
1.7396
1.9109
2.1530
2.1807
2.3813
2.4001
1.9903
2.0585
2.0966
2.2154
2.1275
2.1524
2.1024
2.3335
2.4363
2.4876
2.5600
2.6134
2.2025
2.6034
2.4047
2.7337
2.1911
2.1027
2.0942
2.2248
2.0705
2.0938
2.6053
2.3783
2.4855
2.3980
2.2637
2.0499
2.4615
2.3067
2.4101
2.4165
2.3209
2.6918
2.2512
2.2303
2.6615
2.5913
2.4210
2.9094
3.0750
2.8364
2.7068
3.1489
3.0502
2.4992
2.2963
2.2756
2.4734
2.4885
2.4829
2.4828
2.6032
2.4594
2.9095
2.4611
2.5986
2.5745
2.6194
2.4937
2.7734
2.6726
2.7461
2.9465
3.0235
2.7604
3.3382
2.9661
2.8687
2.5504
2.4526
2.6623
2.4403
2.5305
2.2561
2.4256
2.4575
2.6051
2.5856
2.2739
1.8580
2.2551
2.3665
2.3613
2.2310
2.0008
2.2308
2.3892
2.8030
2.7427
2.5446
2.8395
2.6589
2.5769
2.5492
2.6167
2.2294
1.8283
1.9821
2.2109
1.9380
2.4591
2.2632
2.6848
2.5492
2.2316
2.3285
2.3011
2.4057
1.8902
1.8171
1.8462
1.8336
2.0808
1.6841
1.4394
1.8970
1.8713
1.7494
1.6589
2.1052
1.8607
1.9984
1.7319
1.6931
1.6697
1.6112
1.5462
1.5559
1.3593
2.0336
1.9477
2.1388
2.1733
1.9126
1.8895
1.7921
2.1456
1.9050
2.0328
1.8574
2.1079
2.0768
1.9164
1.7076
1.7301
1.8585
2.3720
2.1046
2.2614
2.0869
2.0518
1.9456
2.4204
1.8216
2.2008
2.1151
2.2104
2.3179
2.4889
2.7520
2.6519
2.3302
2.1134
2.3573
1.8986
2.0401
1.8629
1.8202
1.7921
1.9049
1.8639
2.1364
1.9447
1.8621
1.6542
2.3204
1.8997
1.9462
1.9114
1.9200
1.8448
1.7692
1.9171
1.7750
1.8629
1.4720
1.6503
1.5490
1.7040
1.5687
1.4404
1.4967
1.4241
1.6119
1.5384
1.7613
1.5826
1.3901
1.6434
1.8483
1.7632
1.6848
1.9504
2.3141
2.3860
2.0372
1.4330
1.5714
1.7154
1.7990
1.7130
1.7308
2.0441
2.2588
1.9068
1.5487
2.0393
1.8106
2.4281
1.9809
2.1667
2.2450
2.4952
2.2388
2.2398
2.2323
2.5392
2.2172
2.0796
2.1204
2.2686
1.7184
1.8588
1.8229
1.6654
1.8848
1.6635
1.9546
1.9729
1.8940
1.8408
1.8509
2.1873
1.8871
2.3271
2.2645
1.7376
1.7583
1.7843
1.7974
1.4677
1.6227
2.0706
2.5793
1.8992
2.0763
2.1743
1.8678
1.8434
1.8159
1.8645
1.5576
2.0002
2.1340
2.2637
1.9553
1.6591
1.8305
1.7405
1.9363
1.8220
2.2201
2.1430
1.7747
1.9655
2.1441
1.9552
1.6317
1.8712
2.2006
1.9945
1.9193
1.8054
2.0650
1.9628
1.7861
2.2431
2.0184
2.0912
2.0855
1.9059
1.9432
1.7251
1.8438
1.6552
2.1313
1.9383
1.7924
2.1325
2.2023
2.2292
2.2801
2.3037
3.0111
2.1302
2.2452
2.4225
2.8015
2.7971
2.0719
1.6902
1.6866
1.7818
2.1149
2.6485
2.4472
2.4903
1.9522
1.9754
1.8927
2.4755
2.1968
2.2066
2.0324
2.2684
2.3332
2.1741
2.0366
2.1112
2.2426
2.4770
2.4293
2.1124
2.6340
2.3714
2.1409
2.2486
2.2001
2.2299
2.4579
2.5922
2.1502
2.2039
2.3915
2.2865
1.9783
2.4554
2.3942
2.1627
1.7087
2.1916
2.1173
2.4307
2.3341
2.1733
1.8144
1.9880
2.2520
1.9363
2.1449
2.2254
1.7611
1.8007
2.0526
2.2238
2.2043
2.3213
2.3330
2.0043
1.7741
2.1826
2.2546
2.0446
2.3468
2.0299
2.0931
2.0322
1.9481
2.2896
2.1061
1.9213
1.9723
1.7255
2.1971
2.3044
2.8096
2.3711
2.2447
2.4436
2.0588
2.1718
2.0435
2.1684
2.1132
2.0580
2.1601
2.2355
2.1167
1.8905
1.9879
2.3749
1.9316
1.9123
2.2321
2.3188
2.3294
2.4776
2.6086
2.2989
2.4746
2.0784
1.9674
2.1134
1.9467
2.2144
2.3428
2.3871
2.2856
2.3310
2.3102
2.4108
2.3652
2.3118
2.0525
2.1470
2.3479
2.0307
2.4136
2.3093
2.5806
2.8711
2.4710
2.2233
2.2280
2.3018
2.4022
2.1914
2.3693
2.1872
2.2195
2.4015
2.4830
2.7443
2.6303
2.3862
2.4756
2.6078
2.4535
2.5253
2.6004
2.6297
2.7020
2.7249
2.3566
2.5336
2.4027
2.4677
2.2027
2.3230
2.4607
2.0233
2.3873
2.5908
2.0769
2.1080
1.8783
2.1938
2.1992
2.0524
2.0338
2.1879
2.3391
2.1802
2.1884
2.4113
2.6294
2.7411
2.4817
2.1901
2.6712
2.2518
1.8719
2.5116
2.0627
2.0311
2.4607
2.3934
2.1899
2.1941
1.8596
1.8793
2.3606
2.5159
2.3365
2.3740
2.3186
2.1692
2.1310
2.0414
2.0521
2.3856
2.0403
2.2537
2.4362
2.4877
2.3055
2.2479
2.1519
2.6284
2.8630
2.4033
2.5308
2.8554
2.5490
2.3799
2.7486
2.8743
2.9159
2.8006
1.9836
2.2194
2.2384
2.2953
2.5452
2.1200
2.3406
2.2498
2.4096
2.5500
2.6223
2.4795
2.4822
2.4436
2.6873
2.2122
2.1838
2.0853
2.6257
2.2672
2.4862
2.5202
2.2393
2.4192
2.1085
2.1431
1.9727
1.8649
2.4074
2.2274
2.3540
2.7349
2.7727
2.5601
2.5171
2.2480
2.5247
2.3411
2.2006
1.9636
2.2201
2.3719
2.5788
2.3963
2.6371
2.5973
2.4581
2.3008
2.3806
2.4673
2.2540
2.1567
2.2768
2.1004
2.4561
1.9351
2.4916
2.4223
2.2028
2.5377
2.4269
2.5125
2.7278
2.7090
2.0462
2.4190
2.3241
2.2475
2.4980
2.3187
2.0760
2.0475
2.1825
2.7268
2.0730
2.1538
2.0037
2.2416
2.0853
2.2353
2.2090
2.0263
2.0686
2.2344
2.3289
2.1697
2.0872
2.1250
2.1897
2.1805
2.4029
2.2638
2.3596
2.3967
2.2517
2.3088
2.2501
2.0752
2.3430
2.0527
2.4874
2.2933
2.1676
2.0136
2.5320
2.1840
1.7539
2.0241
1.5852
1.7451
1.6938
2.0337
1.8912
1.9057
1.7838
2.2021
2.3079
2.1057
2.4587
2.2512
2.1720
2.1702
1.9041
2.4223
2.3290
2.4513
1.8094
1.9749
1.8852
1.9764
2.0559
2.1565
2.0032
1.8163
1.9723
2.1145
2.0670
2.0090
1.8959
1.8336
1.8933
1.8530
2.0533
1.9258
2.0281
2.3595
1.9771
2.2241
2.1236
2.0479
2.0740
1.9151
2.0117
1.8888
1.9449
1.8254
2.1491
1.9458
2.1625
2.4507
2.4226
2.4450
2.1474
2.2365
2.0672
2.0972
2.5805
2.3181
2.3440
1.9939
2.1189
1.9252
1.9923
2.0399
2.4343
2.1786
1.9466
1.8952
1.8001
1.9338
2.3046
2.0788
2.0687
1.9163
2.1159
2.0608
1.8172
2.0390
2.2558
1.9450
1.8918
1.8173
2.5377
2.1557
2.2852
2.1915
1.8787
2.1716
2.2549
2.5585
1.7653
2.0249
1.8192
1.8856
2.1409
2.4142
2.5256
1.9662
2.1578
2.1335
2.4523
2.0350
1.8858
2.4191
2.3200
2.0782
2.0448
1.9926
2.7097
2.1867
2.2521
2.3374
2.1952
2.0924
2.1357
2.0820
2.0218
2.1360
1.7896
2.1314
2.0601
2.1941
1.6337
2.1890
1.5654
1.8059
1.9845
1.8693
1.9105
1.6526
1.6938
2.0297
2.0982
1.9364
1.7515
1.7749
2.0911
2.3505
2.0957
2.0352
2.5365
2.0854
1.9365
1.7366
1.9588
1.6186
1.7270
2.6751
1.9208
1.9165
1.9011
1.5588
2.0115
1.5867
2.1465
1.9974
2.1748
2.2021
2.2132
2.2156
1.7571
1.7614
2.3224
2.2049
2.0371
2.1657
1.8363
1.7913
2.2771
1.8937
2.0841
2.0337
2.3373
2.1078
2.2213
2.3659
2.3712
3.0448
2.5257
2.2763
2.4537
2.2736
2.5086
2.4947
2.5719
2.8429
2.6078
2.5320
2.4908
2.9661
2.4874
2.4062
2.0717
2.0788
2.7950
2.4333
2.4428
2.3439
2.6432
2.0756
2.3593
2.3506
2.3936
2.1587
2.4764
2.6627
2.3974
1.6883
2.0596
2.1702
2.1615
2.1133
2.2028
2.7454
2.1816
2.2766
2.1706
2.1902
2.2947
2.0922
2.1706
2.4093
2.2846
2.4916
1.9387
2.6132
2.2557
2.1352
2.2119
2.7015
1.9488
2.1037
2.3870
2.7281
2.5096
2.0994
2.0849
2.0187
1.9903
2.0643
1.6995
1.8492
2.0777
2.1029
2.0387
1.8251
2.0378
2.1278
1.8737
1.8061
2.4018
2.3038
2.0919
2.5768
1.9347
1.8969
2.0517
2.5566
2.5182
2.1942
1.9258
2.1584
2.2528
2.4097
2.2904
1.9163
2.2748
2.1416
1.9445
2.4286
2.1941
2.1980
2.6230
2.2002
1.9821
2.1368
2.1861
1.9634
2.0990
2.4350
2.0205
1.7302
2.2489
2.2204
1.9726
2.3705
2.0799
2.2163
1.9622
1.9215
1.8025
2.0871
2.0040
2.2781
2.4032
2.0918
2.3122
1.9011
1.8300
1.9252
2.3823
2.1816
2.2052
2.2005
1.9404
1.7406
2.2792
1.9649
1.9310
1.8210
2.0573
2.0327
2.2771
1.9760
2.7157
2.3925
2.4421
2.2056
1.7077
1.7328
2.2483
2.2639
2.0318
2.0818
1.9670
2.2005
2.7182
2.7031
2.5689
1.8749
1.9685
2.2682
1.9422
2.1346
1.9536
2.4439
2.0448
2.0757
2.0288
2.1507
2.1212
2.0696
1.7899
2.1745
2.0636
1.9731
1.8358
1.9310
1.6597
1.7273
1.5701
1.7853
2.1777
2.0908
2.2953
1.9238
2.1219
1.9196
2.0702
2.0793
2.4001
2.3851
2.1415
2.0687
2.1147
2.1013
2.1420
1.9546
1.8758
1.7419
2.1244
2.1144
2.1194
2.0874
2.2008
2.0776
2.4433
1.8756
2.3115
2.4607
2.1835
2.4553
2.6566
2.8973
2.5481
2.6459
2.7578
2.4066
2.1898
2.2506
1.8822
1.7544
1.9614
2.0173
2.0609
2.2300
2.1719
2.1663
2.0414
2.1599
2.1627
2.2906
2.1754
2.2842
2.1131
1.8803
1.7693
1.7808
1.9314
1.6215
1.8357
1.7837
2.2565
2.2243
2.2893
2.2153
2.2977
1.8532
1.9958
2.1166
2.0478
1.9413
2.0816
1.9238
2.0478
1.9630
2.0422
2.0215
1.9506
2.2686
1.9020
2.2252
2.5144
2.6664
2.7101
2.4442
1.9169
2.1249
2.4514
1.9334
2.1767
2.4207
2.1480
2.2068
2.4715
2.6521
2.3870
2.7169
2.5062
2.0597
2.2081
2.1865
2.2702
2.6034
2.7282
2.8218
2.4823
2.6181
2.4959
2.5320
2.7371
2.6865
2.2104
2.3183
2.8591
2.7641
2.4382
2.2298
2.2966
2.5702
2.9792
2.8132
3.3246
2.6117
2.5024
2.2655
2.3775
2.3750
2.6155
2.3877
2.0423
2.1224
2.3125
2.6332
2.8235
2.7224
2.9610
2.6339
2.4708
2.5844
2.4134
2.3374
1.7045
2.2825
1.9464
2.5092
2.1251
2.3276
2.4992
2.3878
2.6444
2.1600
2.4261
2.4238
2.4636
2.2455
2.6242
2.5048
2.2846
2.4734
2.7233
2.2642
1.6759
2.0779
2.2493
2.2835
2.2991
2.2221
2.2004
1.9729
2.0139
2.4862
2.8397
2.5540
2.4275
2.3722
2.3826
2.0746
2.2441
2.2659
2.0907
2.1714
2.2675
2.2448
2.4169
2.4035
2.1551
2.6291
2.1680
2.6570
2.7523
2.6902
2.3157
2.5637
2.5885
2.8338
2.6806
2.8166
2.4147
2.2685
2.4046
2.3568
2.5255
2.3718
2.8237
2.3089
2.3412
2.4322
2.5096
2.2438
2.6525
2.7413
3.0141
2.4377
2.7516
2.6265
2.7648
2.6644
2.3978
2.5978
2.5845
2.3022
2.1895
2.6415
2.2947
2.3973
2.7017
2.5866
2.3790
2.5999
2.3032
2.4791
2.4906
2.6482
2.5037
2.6135
2.1955
2.5206
2.6271
2.4299
2.3974
2.3958
2.1841
2.3864
2.6958
3.0636
2.9337
2.9185
2.9247
2.5205
2.6581
2.7409
2.8345
2.7636
3.0313
2.9343
2.6616
2.5716
2.4389
2.6929
2.7232
2.6945
2.5730
2.4088
2.7264
2.6677
2.6602
2.9189
2.6284
2.7386
3.1545
3.2396
2.4965
2.7970
2.7686
2.8131
2.5039
3.0179
2.8691
2.5590
2.6919
2.7410
2.8454
2.9410
2.9260
3.0242
3.3592
2.8761
2.7106
2.8410
3.1293
3.0313
3.0530
2.9210
2.9868
2.4487
2.5649
2.7288
2.5648
2.2347
2.2448
2.4665
2.5388
2.6374
2.5893
2.5823
2.2723
2.2724
2.1978
2.3510
2.2234
2.4720
2.6264
2.6963
2.6565
2.8541
3.0004
2.8736
2.6510
2.8894
2.6193
2.6725
2.5718
2.3351
2.5900
2.3919
2.2913
2.5680
2.9118
2.4948
2.9093
2.8741
2.9702
2.5546
2.7022
2.7013
2.4550
2.1624
2.3193
2.3141
2.7391
2.7277
2.5656
2.5415
2.0303
2.2917
2.5647
2.4197
2.2456
2.7650
2.3330
2.8454
2.4532
2.5277
2.5931
2.5612
2.0873
2.5834
2.5007
2.5427
2.7194
2.3316
2.4118
2.3502
2.4249
2.6526
2.7906
2.2965
2.6546
2.8866
2.5255
2.9328
2.7741
2.9314
2.6746
2.6604
2.6665
2.9904
3.1710
2.6725
2.6674
2.7045
2.6145
2.4579
2.8089
2.3674
2.7517
2.7159
2.6731
2.8734
2.6109
2.7427
2.4543
2.3664
2.8156
3.0204
2.7997
2.5887
2.4684
3.0173
2.7056
2.7315
3.1145
2.6593
2.3751
2.6596
2.7873
2.7355
2.6963
2.7735
2.9524
2.6415
2.4008
2.4026
2.7929
2.1557
2.0314
2.5925
2.7623
2.1257
2.8114
2.7251
2.7443
2.6494
2.8220
3.0564
2.9005
3.0412
2.7363
2.9648
2.6390
2.6497
3.0382
2.9325
2.5776
2.9216
3.0038
3.1085
2.7490
2.7214
2.5995
3.0176
3.0251
2.8810
3.0901
3.2014
3.1529
3.3178
2.9266
3.2359
3.4549
2.9480
2.6139
2.4467
2.9502
2.5319
2.5751
2.8187
2.5597
2.5567
2.4138
2.4895
2.3207
2.5163
2.4424
2.5033
2.3233
2.7079
2.6706
2.5537
2.6968
2.2940
2.6416
2.4467
2.0806
2.7778
2.6105
2.7536
2.6307
2.6192
2.4181
2.5713
2.3219
2.5020
2.5989
2.4665
2.6231
2.4118
2.3263
2.7077
2.9978
3.0086
3.2426
3.0700
2.5050
2.4033
2.6037
2.7519
2.5574
2.6846
2.6996
2.3143
2.8136
2.6878
2.6347
2.3062
2.3293
2.4175
2.6880
2.6495
2.7445
2.2887
2.2997
2.3920
2.7098
2.5475
2.2736
2.3726
2.6587
2.3515
2.5490
1.9251
2.2642
2.1609
2.2248
2.2293
2.4706
2.2658
2.0910
2.3365
2.6273
2.1176
2.1541
1.9625
2.1300
2.2107
2.5797
2.2794
2.2870
1.9180
2.3047
2.4674
2.8221
2.1292
2.4529
2.4474
2.6961
2.3674
2.1023
2.4724
1.8539
2.0446
2.2208
2.0460
2.4501
2.4108
2.2440
2.4296
2.1772
2.7314
2.7035
2.5566
2.4469
2.3472
2.5416
2.1669
2.2407
2.2346
2.4889
2.3654
2.2074
1.9301
2.1106
2.0915
2.0968
2.3212
2.1935
2.4810
2.5608
2.3489
2.0813
2.3153
2.2005
2.7236
1.9749
2.2810
2.7717
2.9065
2.7851
2.7557
2.3525
2.2699
2.5101
2.3958
2.3123
2.3436
2.2417
2.2612
2.1842
2.1243
2.5727
2.1492
2.1616
2.1705
2.3011
2.1378
2.0324
1.8051
1.9646
2.0902
2.0345
2.4722
2.5311
2.1092
2.5601
2.6786
2.6235
2.2366
2.2969
2.1487
2.2843
1.9180
2.0236
2.3926
2.1887
1.8755
1.7339
2.3988
2.5333
2.3897
2.3931
2.4991
2.6751
2.2648
2.3523
2.0335
2.0860
1.9453
2.4208
1.9350
2.0591
1.8019
2.3147
1.5941
1.6813
2.3694
2.9240
2.8241
2.2108
1.7199
2.1547
2.2569
1.9799
2.4493
2.9005
2.9472
2.9637
3.1824
2.6832
2.1668
2.2689
2.7039
2.5774
2.4738
2.3717
2.9549
2.6715
2.6141
2.5889
2.3969
2.5418
2.2428
2.6483
2.9203
2.3398
2.6576
2.7971
2.8277
2.8280
2.7093
2.4966
2.0779
2.7621
2.4373
2.2939
2.7621
2.5176
2.5866
2.7639
2.6293
2.2438
2.4901
2.9164
2.7290
2.5048
2.5133
2.3694
2.3029
2.3867
2.1621
2.6362
2.3210
2.4465
2.5145
2.2598
2.4765
2.8097
2.3614
2.5017
2.8201
2.6235
2.5568
3.0414
2.4597
2.8566
2.7535
2.7454
2.7065
2.6493
2.5646
2.2368
2.9665
2.0576
2.4221
2.6621
2.4761
2.3846
2.3136
2.2585
2.1413
2.4970
2.3167
2.5579
2.3930
2.3901
2.6865
2.6751
2.7051
2.7388
3.1507
2.5435
2.5081
2.5557
2.3107
2.7699
2.9857
2.4779
2.4092
2.6091
2.5622
2.0868
2.5227
2.3565
2.0693
2.5529
2.7915
2.1874
2.6069
2.1754
2.2834
2.2317
2.6387
2.0671
2.4453
1.9255
2.3008
2.2944
1.9763
2.4173
2.2495
2.4032
2.4139
2.2869
3.0550
2.6800
2.4823
2.6366
2.3295
2.3560
2.8813
2.8134
2.7572
2.5690
2.3068
2.3462
2.4703
2.4096
2.3822
2.5700
2.6793
2.2295
2.4115
2.5138
2.4883
2.7154
2.9559
2.5736
2.8927
2.5763
2.7390
2.0336
2.1946
2.2147
2.5777
2.9077
2.6451
3.1862
2.6243
2.7559
3.0927
2.7581
2.9263
2.9853
2.9683
2.7772
2.7639
3.0272
2.8888
2.2982
2.5017
2.3512
2.5976
2.7635
2.3124
2.2362
3.0822
3.0490
2.7566
2.7251
2.4472
2.7828
2.3886
2.5999
2.7087
2.6040
2.6302
2.3251
2.5859
2.3893
2.5609
2.6388
2.3963
2.5781
2.1646
2.2758
2.7072
1.9479
2.3011
2.4800
2.0316
2.2826
2.2357
2.4140
1.9476
2.4615
2.3849
2.0816
2.3330
2.4034
2.1488
2.3791
2.4149
2.4204
2.3342
2.2862
2.2566
2.3233
2.5456
2.4245
2.4696
2.4563
2.7176
2.6913
2.7271
2.0553
2.5494
2.3291
2.7910
2.9055
2.2987
2.5291
2.6281
2.7227
2.8591
2.5488
2.7444
2.5493
2.6484
2.3715
2.2624
2.3713
2.4705
2.3140
2.9138
2.3331
2.4267
2.7175
2.4319
2.3720
2.3972
2.3855
2.5802
2.8405
2.6239
3.0423
2.4361
2.6506
2.7594
2.7218
3.0678
2.8161
2.7370
2.4686
2.6852
2.4734
2.7246
3.0789
2.4901
2.4768
2.3462
2.4202
2.6307
2.9429
2.8535
2.5340
2.5246
3.1607
2.8980
2.4873
1.9490
2.7713
2.7625
2.5989
2.8817
2.8514
2.9903
2.4133
2.6316
2.4074
2.0689
2.0666
1.9769
2.1139
2.2696
1.9609
2.5622
2.6527
2.5516
2.3693
2.4884
2.5155
2.5325
2.7548
2.8774
2.7745
2.4099
2.4773
2.4868
2.6209
2.5507
2.4162
2.7168
2.8902
2.9327
2.6602
2.7989
2.5092
2.4655
2.1760
2.2265
2.3471
2.1983
1.9830
2.4680
1.9089
2.1989
2.4334
2.4582
2.4601
2.6482
2.4185
2.5561
2.0998
2.2757
2.6634
2.4548
3.0407
2.4294
2.8368
2.8974
2.6614
2.2011
2.0811
2.3340
2.2518
2.6553
2.4216
2.6164
2.6639
2.4444
2.5744
2.3562
2.2843
2.2561
2.4586
2.5917
2.6319
2.1717
2.6883
2.5231
2.4142
2.4221
2.1479
2.3543
2.7732
3.0677
2.7155
2.8975
2.7409
3.1651
2.7988
2.5079
2.8199
2.8361
2.4770
2.1050
2.5174
2.6103
2.8115
2.3208
2.5056
2.2678
2.3244
2.6412
2.7707
2.8432
2.8184
2.8734
2.5899
2.2805
2.6391
2.4752
2.6846
2.3967
2.3404
2.3463
2.3793
2.5112
2.5291
2.2985
2.4889
2.2982
2.0653
2.5425
2.5415
2.9064
2.3597
2.6983
2.3769
2.2426
2.2962
2.4849
2.1673
2.6695
2.4273
2.4602
2.0797
2.3681
2.2113
2.0239
2.1318
2.4609
2.7263
2.4935
2.8940
2.2794
2.5238
2.4797
2.5351
2.6764
2.8685
2.8000
2.3266
2.7152
2.8092
2.7956
2.3675
2.3776
2.7623
3.0309
3.0244
2.6023
2.9967
2.6283
2.2246
2.1219
2.0548
2.8286
2.4784
2.3556
2.0454
2.1387
2.3455
2.3869
2.5308
2.3366
2.6995
2.6399
2.3473
2.4569
2.2511
2.5830
3.1848
2.5045
2.7212
2.7320
2.9055
2.9832
3.2071
2.9239
3.1402
2.9822
2.3709
2.7698
2.6609
2.6296
2.7652
2.7364
2.7209
2.8139
2.7901
2.7043
2.5375
3.2837
3.0613
2.8933
3.2950
2.8375
2.9713
2.9563
2.9012
2.7165
3.0422
2.4809
2.4636
1.9648
2.3398
2.5342
2.4134
2.4121
2.3159
2.5603
2.4357
2.4727
2.4931
2.8505
2.8070
2.4518
2.2865
2.5004
2.8155
2.7384
2.6508
2.7786
2.2640
2.7687
2.2801
2.6883
3.2407
3.0105
2.7437
2.8741
3.1343
2.6547
2.7145
2.7066
2.8881
2.5697
2.7928
2.3788
2.7993
2.8817
2.8859
3.2771
2.5021
2.2700
2.5083
2.0938
2.8784
2.6741
2.2424
2.4804
2.4757
2.9321
3.3355
2.9317
2.8466
3.4064
2.9632
2.5461
2.3401
3.0915
2.8660
3.3179
3.0183
3.0012
3.0307
3.0321
2.8824
3.2687
2.8342
2.4616
2.7614
2.4932
2.1948
2.3349
2.2285
2.2051
2.2441
2.0152
1.9373
2.6402
2.0610
2.0715
2.5093
2.0293
2.1479
1.9058
2.2608
1.7103
2.1562
2.1387
2.1957
2.1486
2.3644
2.4630
2.2797
2.4894
2.4931
2.4702
2.3310
2.5909
2.6372
2.4301
2.5880
2.5459
2.6728
2.5193
2.3389
2.4766
2.2410
2.3825
2.7323
2.2565
2.3502
2.7092
2.4067
2.3358
2.4330
2.7673
3.0463
3.0190
2.6675
2.6066
2.8351
2.7244
2.6548
2.4431
2.3872
2.6056
2.3076
2.6053
2.4273
2.3718
2.5706
2.6175
2.2873
2.4350
2.6507
2.4469
2.3403
2.3665
2.5439
2.7114
2.5430
2.3163
2.5402
2.5413
2.4069
2.3725
2.5269
2.6510
2.2954
2.1298
2.1695
2.3344
2.5954
2.6931
2.7372
2.7040
2.4619
2.3632
2.9287
2.5740
2.5020
2.2976
2.2615
2.7011
2.1683
2.5849
2.8541
2.6919
2.7586
2.3461
2.9041
2.7113
2.8315
2.7351
2.7108
3.0607
3.2519
3.0875
3.0103
2.6502
3.3973
3.4735
3.1727
2.7946
3.4254
3.4851
3.4238
3.6631
2.9964
2.7598
2.7282
2.9825
2.6526
2.6926
2.5352
2.8976
2.5280
3.1875
2.6659
2.3510
2.4254
2.1866
2.3976
2.3127
2.5088
2.6015
2.1770
2.8135
3.1984
3.2967
2.8413
3.0001
2.9254
2.9732
2.9413
2.6446
3.3410
3.2216
3.7314
3.2792
3.0054
2.6458
3.4344
2.8649
3.4190
3.3152
3.2547
3.0535
3.2650
2.9978
2.7483
3.0475
3.1134
2.6352
2.9072
3.1284
3.0025
2.7928
2.6097
2.2038
2.9328
3.1025
2.9361
3.0966
2.9923
3.1007
3.2863
2.6338
2.6187
3.1702
3.1053
2.9200
2.9211
3.1692
2.7359
2.7296
2.7342
2.7258
3.2992
3.2231
3.3760
2.4655
2.9438
2.8365
3.3531
3.2212
3.0080
3.0100
3.2385
2.3485
2.8266
2.9371
3.6921
2.9846
2.5826
2.7192
2.6701
2.7899
2.9499
2.5330
2.5951
2.5561
2.6446
2.7379
2.2940
2.3301
2.4214
2.6451
1.8664
2.0330
2.2432
2.3235
2.2908
2.5055
2.8614
2.3659
2.1663
2.3923
2.5734
2.0912
2.5356
1.9894
2.6463
2.5872
2.0947
2.0526
2.5484
2.5298
2.3620
2.4862
2.6047
2.4373
2.5090
2.4910
2.9462
2.4678
2.3363
2.4741
2.1303
2.1907
2.3011
2.0542
2.2976
2.1221
2.6168
2.1550
2.3262
2.3098
2.4320
2.3558
2.5252
2.4179
2.1804
3.0959
2.6147
2.7341
2.5168
2.5422
2.5691
2.5189
2.7155
2.1154
2.2019
2.1558
2.3197
2.7287
2.3539
2.4208
2.3301
2.3659
2.7179
3.1159
2.9471
3.2495
3.0009
2.8367
2.6324
2.7654
2.9329
2.9104
2.7114
2.4167
2.5292
2.3879
2.3998
2.3698
2.6355
1.9788
2.3565
2.3526
2.5107
2.6952
2.5389
2.4677
2.2702
2.5901
2.6023
2.4811
2.2471
2.4683
2.2425
2.8241
2.7166
3.0461
2.5667
2.5100
2.3134
2.6331
2.8159
2.9650
3.1093
2.7198
3.0763
2.6790
2.6589
2.7026
2.7620
2.6101
3.0291
2.6387
2.4265
2.9820
2.8937
3.3458
3.3787
2.9811
2.8178
2.6208
3.0087
2.4849
2.7129
2.4086
2.9252
2.5348
2.7679
2.8174
2.4704
2.9758
3.3170
3.1973
2.8565
2.6074
2.8009
2.6456
2.8243
2.4500
2.9669
2.8703
2.8703
2.8696
2.7553
2.5934
2.4411
2.5185
2.6898
2.5754
2.8862
3.1347
2.6191
3.0712
2.8730
2.5763
2.8783
2.8972
2.6955
2.6830
2.4653
1.9253
2.4652
1.8980
2.4505
2.6600
2.0663
2.3493
2.5187
2.4477
2.7049
2.6573
2.3920
2.5991
2.4511
2.4659
2.8031
2.3311
2.2250
2.2323
2.1653
2.4940
1.9993
2.4258
2.5411
2.4021
2.5700
2.4068
2.1912
1.9639
2.2341
2.3784
2.0284
1.8524
2.3580
2.2416
2.7753
2.5044
2.5559
2.3341
2.6229
2.5836
2.6688
2.2528
2.5346
2.4450
2.5111
2.7842
2.3647
2.7874
3.0772
2.4419
2.5782
2.6068
2.5816
2.6950
2.4437
2.2526
2.1703
2.7592
2.5747
2.4212
1.6988
2.0704
2.0715
2.0532
2.5315
2.7513
2.3245
2.7782
2.8299
2.7848
2.2683
2.5449
3.0117
3.4937
2.6665
3.1569
2.9727
2.6684
2.5230
2.6443
2.6009
3.1760
2.2135
2.8468
3.2079
3.0467
3.0190
2.2205
2.6271
2.2754
2.6432
2.1248
2.1871
2.4088
2.2755
2.0932
2.3556
2.3097
2.5752
2.7593
2.4287
1.7746
2.3959
3.1464
3.1452
3.0516
2.8627
3.4630
3.4310
3.5737
3.3796
2.6288
2.7080
2.6441
2.3030
2.8145
2.4704
1.9986
2.5132
2.7581
1.7560
2.1941
2.0157
2.3972
2.1680
2.7644
2.5449
2.6791
2.3184
1.9744
2.4155
2.0224
2.3652
1.7123
1.7743
2.0011
1.9938
2.1616
1.8122
2.3678
2.2290
2.2437
2.6702
2.8447
2.8358
2.4871
2.9598
2.9505
2.9955
2.8999
2.8621
2.8883
3.2622
2.5698
2.5112
2.5153
2.0917
2.7870
2.3290
2.6535
2.5267
3.0590
2.6026
3.2825
3.3303
3.0582
3.4606
3.5641
3.8558
3.2978
3.1691
3.3802
3.1872
2.3043
2.6769
3.0791
3.4613
3.5547
3.3355
3.3103
3.1254
3.0109
2.3285
2.9014
2.5685
3.0299
2.8765
2.3311
2.5499
2.9269
3.1768
2.8805
2.5798
2.4587
2.8448
3.0377
3.1360
3.0295
3.6010
2.7794
3.0816
3.2200
2.8209
2.6102
2.8447
2.9732
2.9064
2.8637
3.1249
3.0320
3.5049
2.6645
2.7836
2.7313
2.6425
3.1282
2.9838
3.0533
3.0274
2.7334
2.7287
2.0125
1.8046
1.7271
1.8713
2.1133
1.3730
1.5648
1.8877
1.7484
1.6373
1.6315
1.9835
2.2551
2.0092
1.8213
1.6162
1.6552
1.6843
2.0106
1.8195
1.9323
2.3977
1.9901
1.9513
2.2934
1.8687
2.6340
2.7591
2.3384
2.4330
2.4443
2.1818
2.0855
2.1645
2.3188
1.8742
1.6674
1.7288
1.7534
1.9973
2.1301
2.5719
2.5124
1.9914
2.2101
2.1450
2.0306
2.1001
1.9670
1.9070
1.9250
1.9968
2.0801
2.1350
2.4432
2.4566
2.4409
2.5472
2.5177
3.2578
2.9055
2.9995
2.9413
3.3158
2.6098
2.8132
2.6700
2.9866
2.9853
3.3216
2.5927
2.6702
2.6345
2.2129
2.6896
2.6752
3.0218
3.0234
3.4756
2.7412
2.5798
3.0459
3.3571
2.1813
2.6531
2.4782
2.3906
2.5247
2.4599
2.4176
2.6831
3.0131
2.8219
2.6462
2.7266
2.1029
2.1734
2.7969
3.0382
3.0266
2.7765
2.1928
2.9759
2.4711
2.3713
2.7342
2.7452
2.3554
2.4737
2.5529
3.0979
2.5648
2.8027
2.9184
2.4745
2.7888
3.0718
2.8456
2.2445
3.0248
2.4508
2.4909
2.2698
2.1643
2.1112
1.8532
2.1749
2.0836
1.8288
2.2134
1.8641
2.1839
2.1708
2.1336
2.0398
2.0017
2.5254
2.6848
2.4731
2.6002
2.6121
2.1327
2.3978
2.6920
2.3637
3.0943
2.4139
2.2592
2.1219
2.3270
2.3404
2.5122
2.5060
2.1491
2.2973
2.0659
2.0012
2.0903
2.2755
1.3359
1.9493
1.9851
2.3588
2.2643
1.8003
1.7815
1.9749
1.9367
2.4003
2.4259
2.2174
2.0761
2.2576
2.0419
2.3420
1.6207
1.8810
1.6565
1.9846
2.4012
2.6084
2.4438
3.2618
2.2788
2.4885
2.3714
2.0410
2.0029
1.7487
2.4051
2.2199
1.9538
1.9024
2.4591
2.7164
2.9834
2.9403
2.8709
2.7442
3.2396
3.0244
2.3483
2.1669
1.9322
1.8355
1.7917
2.4363
2.3456
2.1921
2.2103
1.9210
2.0079
2.1633
2.7989
1.6859
2.2819
1.7550
2.5781
2.4553
1.9147
2.1434
2.1273
2.6344
2.7418
2.8868
3.1909
2.6842
2.2552
2.3287
2.9606
2.5489
2.6546
2.8863
3.3622
2.9638
2.1334
2.1882
2.0201
2.3533
2.2328
1.5304
1.3916
1.5904
1.3988
1.7734
2.0977
1.2280
2.0291
2.6909
2.2198
1.6515
2.1536
2.6594
2.0869
1.7592
2.2336
2.1962
1.6687
1.0985
1.7096
2.0639
2.2513
1.7342
2.2983
2.3254
2.3982
2.1671
2.1559
2.3747
2.3297
2.1580
2.6345
2.6407
2.9353
3.2185
2.8314
2.2141
2.1589
2.2206
2.0761
1.8619
2.0734
2.0035
1.9871
1.9214
1.6047
2.0481
1.7612
2.2590
2.4338
2.7992
2.5693
2.9498
2.4292
2.2816
2.2607
2.8806
2.8481
2.8063
2.8002
2.4044
2.4819
2.2421
1.8313
1.6863
2.0708
2.5006
2.8499
2.3134
1.7052
2.1811
2.1219
2.2525
2.1175
2.4931
2.3571
1.9395
2.0161
1.8706
1.5614
2.2264
2.0188
2.6473
2.0765
2.3521
2.3131
2.4439
2.1930
2.2350
2.2412
2.0914
2.1037
2.4449
2.2206
2.1668
1.9998
1.7805
1.9129
1.8673
1.9337
2.1820
2.0902
1.5085
2.1526
2.0466
2.2935
2.9095
2.4088
2.0239
2.0606
2.2724
2.0568
2.1508
1.8382
2.3405
2.3124
2.0871
2.1532
2.3164
2.5095
2.4470
2.0195
2.1494
2.2768
2.4340
2.5644
2.0488
2.2849
2.2268
2.3387
2.0430
2.1725
2.5314
2.3997
2.1416
2.4422
2.3709
2.6793
2.4209
2.0198
2.0873
1.9585
1.9775
2.1234
2.0239
2.3482
1.9085
2.1257
2.1712
1.6630
2.1312
2.3911
1.9085
2.5840
1.8650
2.2405
2.0226
2.4478
2.1142
2.1794
2.8271
2.4769
2.7602
3.1650
2.8863
2.6830
2.8107
2.6205
2.2440
2.4183
2.2755
2.2856
2.1933
2.4781
2.2728
2.6767
2.3483
2.2812
2.2462
2.3576
2.5512
2.6346
2.5382
2.3583
2.4035
3.3676
3.0218
3.3083
2.5795
2.1992
3.1523
3.0285
2.0397
2.5399
2.0057
2.1347
2.0331
2.1539
1.9184
2.2292
2.4030
1.7713
2.0453
2.2816
1.9689
1.8645
2.0951
1.8210
2.2109
2.0088
1.9361
2.3717
2.0460
1.5725
1.7470
1.9095
2.3838
1.9839
2.3130
2.2711
1.9622
2.1278
2.1820
2.2702
1.9486
2.1986
1.9410
2.7241
2.8714
2.4709
2.2771
2.0564
2.1613
2.1891
2.2879
2.5606
2.7349
2.5197
1.5572
1.7452
1.9892
1.8020
1.4819
1.7879
1.7867
2.0543
2.0155
1.9568
1.7593
2.1296
2.1203
1.7334
2.0014
1.9541
1.7149
1.5130
2.0370
1.7368
1.5887
2.1637
1.7661
1.5535
1.3710
1.5901
1.6773
1.7278
1.3686
1.5451
1.7883
1.2921
1.4524
2.1111
1.4437
1.6622
1.9094
1.7778
1.8930
1.4221
1.4946
2.0796
2.1839
1.8963
1.9235
2.3984
2.1367
2.3639
1.6361
1.8834
1.6259
1.9922
2.2755
2.7283
2.5081
2.3603
2.0648
2.0093
2.0127
2.1232
1.8126
2.5940
2.4886
2.2927
2.2382
2.3867
2.4730
2.7538
2.2253
2.1893
2.3538
2.4419
2.0832
2.0595
2.2820
2.0605
2.1166
1.7908
2.2171
3.2356
2.4104
2.5321
2.6000
2.2626
1.6705
1.5084
1.7040
2.1514
2.1611
2.0101
1.9346
1.9602
1.8235
1.8001
2.0210
2.4597
2.5389
2.5831
2.2143
1.6529
1.4732
2.0688
1.8322
2.3332
2.2683
1.6195
1.4461
2.3047
1.8578
1.5747
1.9251
1.8132
1.7323
2.3220
2.2585
2.3079
2.4597
2.1067
1.8353
1.8016
2.2247
2.4382
2.3715
2.3510
2.0497
2.2046
2.1971
1.9661
2.1469
2.2197
1.8279
2.1355
1.6419
1.8011
1.9882
2.3430
2.0844
1.8909
1.9697
1.8426
1.8433
1.7242
1.8058
1.8796
1.8215
2.7531
2.1368
2.2120
2.5242
2.6449
2.6229
2.6999
2.6964
2.5444
2.4412
2.3224
2.4530
2.2680
2.4728
1.9727
1.8058
2.2551
2.5470
2.1754
2.1732
2.3797
2.3345
2.1446
2.2070
2.0335
2.0045
2.4372
1.9967
2.3481
2.0543
1.7112
2.1424
2.2618
2.7105
2.3642
2.1523
2.6293
2.2407
2.1111
2.5225
2.2569
2.3375
2.2064
2.0970
1.8389
2.1168
2.0889
1.6999
1.5515
2.1081
2.2541
2.3454
2.4027
3.0491
2.9075
2.4519
2.6332
2.3569
2.7868
2.2951
1.8356
2.0212
2.0632
2.4594
2.1060
2.2656
2.1166
