22.7793
21.0025
20.5365
23.4244
23.8306
23.5573
22.4184
22.5112
23.5083
21.9998
23.1447
23.0769
22.4035
24.2004
23.9241
23.2767
23.0583
22.5946
21.9448
24.0710
24.2607
23.6367
24.1532
24.2157
25.2262
26.7526
25.8330
26.2853
24.5935
24.8834
24.2644
25.8740
25.3670
23.9838
23.9920
23.1572
24.7593
26.0691
25.8395
25.4439
24.0023
24.9071
25.4619
25.0630
26.1840
26.0552
23.8479
24.7360
26.5453
26.1754
24.5397
25.2849
24.8062
23.5426
24.3441
21.9033
22.1339
22.2778
22.9137
21.3530
22.4987
22.0867
21.8520
21.6361
21.0340
21.3074
20.4495
20.4830
20.7501
21.4905
21.4201
21.5327
21.2136
20.8531
23.1230
21.2652
22.7985
22.4598
21.3871
20.5084
21.7738
20.5596
22.4915
22.5872
21.8353
21.4707
21.5881
22.4781
20.9062
20.1227
21.8148
21.5762
20.4680
21.6008
20.6605
22.0806
23.0811
22.1496
22.0101
21.4749
21.4722
20.7736
20.7750
19.9990
20.3507
21.2433
22.0133
21.2886
21.2796
22.0720
22.2840
21.5145
21.2508
20.4732
21.8047
22.8517
23.0444
23.1427
23.0845
23.2426
21.4152
20.1033
19.5842
21.1102
22.4393
21.9418
22.1103
21.9025
22.6068
22.8596
21.1105
22.4537
21.2680
22.9863
23.0360
23.3436
22.3958
22.7073
22.5708
24.2730
25.7198
25.3679
24.6105
22.8022
23.5200
22.9177
22.8012
22.8437
20.7184
21.7849
21.2774
21.2856
22.2674
22.5372
22.7812
22.5168
21.8645
22.5177
22.7739
22.2273
21.9047
21.7743
21.7012
22.4697
21.4169
22.0675
22.4291
21.7359
21.4660
22.2885
22.3355
22.8909
22.0504
21.8427
23.4179
23.4542
23.1586
22.5966
22.5402
22.4659
22.3866
22.0246
22.8324
22.1831
21.7154
21.5127
22.3987
21.1443
21.9771
21.6562
21.5697
21.8534
23.1407
22.4006
22.2622
22.2264
22.5122
23.5527
24.0709
22.7364
22.3229
22.1360
22.2135
21.7870
22.1462
21.8908
20.3496
21.3921
19.7191
21.9314
21.3220
22.1925
21.9574
22.1025
22.0159
22.3741
23.0030
22.0264
22.0243
23.3381
22.2611
22.5372
21.1570
22.1177
20.7109
21.0026
21.4371
21.0155
20.9249
21.3311
21.2335
21.2512
22.0982
19.9572
20.4827
20.6231
20.8418
19.4747
19.3258
19.5857
19.5953
19.2080
19.7956
20.5917
19.6301
18.7529
19.2816
16.9396
18.1376
16.9567
18.0895
17.7586
18.4507
19.7348
18.7513
18.6242
18.6201
17.9137
19.1140
20.3361
19.4324
20.7339
20.4284
21.5604
21.0744
19.6515
19.6053
20.3065
21.5089
20.7668
21.3389
20.0930
20.8415
20.6591
21.0957
20.5824
21.0899
21.8349
21.3641
21.7632
22.0990
22.0161
21.9147
22.4598
21.6841
22.5128
21.7785
21.2260
22.0180
21.8743
20.2038
21.4300
21.4353
21.9610
21.8392
22.0967
22.2341
21.7541
22.2525
21.8466
22.9058
22.2395
21.4996
22.6117
21.4352
22.3464
22.0696
22.9924
22.7469
22.5843
23.6034
23.9043
22.6609
23.2166
24.5689
24.7533
23.9308
24.1306
24.0342
24.4846
23.6268
23.9551
23.9880
22.8919
23.6960
22.7389
23.5368
23.2098
23.8973
24.0025
24.5921
24.3102
23.9260
24.0674
23.2231
22.5586
23.4961
22.8782
22.2304
22.4331
21.5987
22.6349
23.2152
22.3458
21.5319
21.7948
21.9129
21.1567
22.0249
22.6801
21.2840
21.8653
22.1057
23.1605
23.6385
22.3032
23.1216
23.6900
23.5676
23.9256
24.0285
23.6724
23.3107
24.2688
24.5484
22.8683
23.1645
22.4965
22.4719
22.3271
22.4412
22.0640
22.4778
21.1508
21.8354
21.5012
21.5068
21.4290
20.3584
20.8186
21.3438
21.9105
21.2414
21.8863
21.6136
21.9202
22.3538
21.8486
22.8509
22.3531
23.6430
22.4944
23.8674
25.0725
23.8245
24.0555
23.5654
24.4109
24.0603
24.0724
24.8992
24.5281
24.7699
25.7915
25.9942
24.9552
25.0551
24.5400
24.4860
23.9128
25.0047
22.7296
25.6164
25.3837
23.7598
24.7768
24.7246
23.9315
24.3289
24.9923
25.2827
25.2610
24.9862
24.0064
26.1603
26.5725
26.0966
25.8166
25.5437
25.8778
24.9179
25.8980
24.9527
24.5689
25.4671
25.2182
24.6856
24.0177
24.4395
24.3306
25.8301
25.4222
24.2395
25.1643
25.3960
25.3194
26.1664
25.9894
25.2764
24.4346
24.9201
25.5880
24.3575
24.3228
25.1164
26.1267
25.2575
24.6332
25.3395
26.7436
25.8135
26.8348
25.7829
24.7633
24.6707
24.8892
25.1467
25.5272
24.3074
25.0578
26.0752
25.6336
24.5992
23.9757
26.4231
25.9335
25.8602
24.9691
26.0236
26.7714
26.3383
27.0483
26.6770
26.4931
27.1916
25.4985
25.8089
27.0659
27.1259
26.7590
26.7314
27.2030
25.7414
25.2118
25.4458
25.3160
24.7554
25.0046
24.7626
23.9390
23.3627
23.6061
23.3223
24.0757
24.8111
25.0489
25.6313
24.7169
25.5147
24.6178
25.1540
23.8218
23.9829
24.0065
24.8374
24.6380
24.7483
23.3124
23.2720
24.3969
24.9414
24.6854
23.9235
24.7175
24.6182
25.8053
23.6437
25.3395
25.3576
26.1619
25.8468
25.8074
26.0185
27.0699
26.9868
26.0577
27.7495
26.6753
26.9450
26.6248
26.9302
26.5691
26.9168
26.6589
25.2952
26.1183
26.1190
26.4459
26.3331
24.7135
25.7278
24.7206
26.0376
26.7778
26.4685
27.1242
28.3106
26.9574
28.1027
26.7612
25.8951
25.7909
25.2504
24.8833
25.8904
24.8429
24.4687
25.0133
25.2170
26.2966
25.8720
27.0876
28.2410
27.6172
27.8429
28.6281
27.7067
26.2946
26.5992
24.9754
26.2478
25.4941
26.4229
27.1381
25.5172
25.2844
25.1139
25.2300
24.5270
23.9251
24.6022
25.5100
25.5803
26.5428
25.1509
26.6239
25.6361
25.1766
25.7179
24.7152
23.9990
24.8841
24.9447
24.6697
25.4266
25.7568
25.0738
25.8061
26.3624
27.0109
26.8366
25.5225
27.5221
27.0423
27.3192
26.6025
26.1171
25.2946
24.9493
26.3826
25.4854
25.8686
25.3227
25.4742
24.9235
24.4179
25.0187
24.5885
24.6904
24.0727
23.7431
24.0987
25.2284
25.1132
27.5466
26.7200
27.2494
27.4564
26.2227
26.3990
25.7721
26.4466
26.4743
25.8587
26.6475
25.8619
24.6911
25.2980
26.9213
26.1683
25.4009
25.0204
25.6743
25.8427
25.2162
25.0577
26.2078
25.8434
26.7521
26.6648
26.5416
27.8869
29.2508
28.1014
28.2896
28.3011
29.4769
27.8685
27.4851
27.6585
27.0594
27.6381
27.9469
26.6198
26.2661
24.9072
25.8731
26.1520
24.2081
25.3893
25.6783
26.6740
25.3367
26.1505
25.8408
26.4131
26.9551
26.2054
26.4319
26.6150
27.2393
26.5860
26.5367
27.2377
26.3503
26.8057
26.4625
25.5196
27.1566
27.5848
27.0449
26.8693
27.9320
27.7478
26.9132
28.7745
29.1000
29.0936
28.8631
29.3868
28.1518
28.1861
27.6874
27.4681
27.4613
28.6155
28.1580
28.0282
28.1506
27.5539
26.9418
27.4570
26.5281
25.4868
24.3296
25.6196
25.0811
26.0758
24.2365
24.8857
25.3361
27.0626
27.2165
27.9852
27.3235
27.0127
25.5300
25.4570
25.9299
25.6324
25.7061
24.5919
23.4660
24.2228
24.3309
23.6398
25.4668
24.0153
25.0467
24.7882
24.4593
24.8286
24.0130
24.1154
24.1743
24.6337
24.3106
23.4099
23.1921
23.2930
22.5612
23.1320
23.6658
23.3137
22.9040
23.0031
23.2587
23.4549
22.7299
23.6428
24.1041
23.2037
23.5723
23.7278
23.1797
23.6810
23.9567
23.6577
24.0994
23.5222
24.1830
22.9906
23.5092
24.4365
22.9460
22.1220
21.7754
21.8412
21.9550
23.0042
21.7154
22.8904
23.6778
23.4732
22.7322
22.5826
22.4406
21.5101
22.6055
22.1238
22.3528
21.3810
21.8570
21.5381
22.8739
22.3612
22.0699
22.7325
22.8750
22.5823
21.7223
22.0587
22.8923
22.4599
23.5804
23.6075
25.3411
23.7192
24.3953
23.9159
24.0479
23.2687
23.4905
23.9100
23.8485
22.2971
23.0363
21.3673
22.2914
22.2239
22.5221
22.7324
22.6832
21.6367
21.6549
21.2488
21.8532
21.3357
22.3686
22.0874
20.4512
22.1642
21.7012
24.1116
22.5395
24.1072
23.5092
23.5765
24.1738
24.5269
23.9404
25.2044
24.8384
24.6665
24.5928
23.0304
23.6555
22.7829
24.2315
22.2893
22.4203
22.6909
22.1696
21.5737
22.0862
23.3362
23.9867
23.4153
21.9110
23.3924
23.7681
23.1287
23.4561
24.4096
25.1419
25.3959
24.3728
25.7306
25.5916
24.5799
25.0842
25.9502
25.8415
26.2238
25.1835
24.5586
24.8314
25.0254
24.7982
24.6724
25.8213
25.3583
23.8824
25.8181
25.6763
25.7226
24.7989
25.8194
25.9341
25.0170
26.7290
25.9272
26.0265
25.9146
24.3991
23.6001
23.2664
25.6618
25.5446
26.1744
25.4358
26.0253
26.2885
26.2883
26.4628
26.5939
27.0001
26.3015
25.5138
24.7098
24.9118
25.1559
25.6631
26.1736
24.2975
24.5893
25.1186
25.8507
24.4101
25.0927
25.7028
25.1155
24.9210
24.2994
24.3913
25.0992
24.9414
25.2860
24.6295
23.7650
24.1303
25.4695
25.5197
26.6446
25.8096
25.1645
26.1224
25.4517
25.5469
25.4847
25.4352
25.3922
22.4211
22.0393
23.3562
24.5797
24.1262
23.7535
23.8494
23.0412
23.3982
23.8342
24.0035
23.3071
23.7627
23.2568
22.1618
22.3393
23.1815
23.4194
22.4044
22.6514
23.6587
22.5600
22.5149
22.7165
23.3608
22.8688
23.7902
22.4128
22.7422
23.0746
21.3466
21.5969
21.9303
22.6703
22.0428
21.3521
22.1073
23.2318
22.3833
22.1387
22.3902
23.5978
23.3550
23.1863
23.9316
23.4460
24.1524
24.1931
23.2520
22.7952
22.9016
23.6447
22.2757
22.8834
24.5218
24.3451
23.5951
23.9298
24.2053
24.3132
24.1797
24.1011
23.5759
23.1229
23.4377
23.5390
23.9941
25.0161
23.6779
23.7858
23.4695
24.0369
23.2984
23.2985
23.6533
22.4880
22.1875
23.1905
23.2127
23.7335
22.6044
21.9322
22.1902
23.6017
23.4746
23.9305
24.0695
23.7625
24.1252
24.5742
24.5745
22.6241
23.2363
22.2223
22.6631
21.6031
21.0798
22.0167
20.6069
21.0521
21.1304
21.2501
21.5773
22.0549
21.7164
21.3327
22.0520
21.1393
21.6388
22.7292
21.6228
22.0184
22.1096
21.6264
21.8053
21.7317
21.9241
21.2144
20.7879
19.4612
19.1544
18.0768
18.4114
18.8151
20.5807
20.5280
20.4364
20.9585
19.0289
19.7923
19.8812
19.1914
18.4498
19.1083
18.8254
19.6432
18.5079
19.4982
18.9961
18.8619
20.4277
19.5681
21.3698
22.1663
21.9678
21.7462
20.9803
20.4342
20.6998
21.4088
21.5088
21.8219
21.7892
21.7392
20.9602
21.7836
20.6787
21.1373
22.0394
21.8486
22.1737
22.3039
21.9424
22.5661
21.3466
21.3105
20.0201
21.3776
21.6493
21.9635
22.8505
22.9431
23.1375
24.0619
21.6750
21.8371
22.3870
22.5416
22.5845
22.4057
22.3897
22.0337
21.1219
22.3860
22.9146
22.3587
22.6945
22.5217
21.8624
22.0248
22.5176
21.7918
21.7387
21.0801
21.5943
21.7163
21.3149
21.6215
20.9506
19.6106
20.5207
19.7578
19.1581
19.2188
21.1018
19.6763
21.1019
20.5607
21.0907
21.0168
20.6767
20.8908
19.6740
21.3201
20.5786
21.0452
21.6878
21.8409
22.2659
21.6217
21.7387
22.2078
20.8260
21.2070
21.1316
21.2413
21.9275
21.4368
21.2449
21.2162
20.5681
21.0252
20.0709
20.7106
20.0529
20.7485
21.5463
21.4388
21.9455
21.3626
21.2535
21.9722
22.2232
21.1292
20.5827
21.7675
22.4372
21.7219
20.1603
22.6733
22.1845
21.7528
22.1292
21.4077
23.7749
22.1399
22.9239
24.1054
23.5632
22.5332
23.8654
22.8214
22.5086
22.0423
22.5609
20.8464
22.5262
22.9198
22.8627
22.3927
24.0889
21.2289
22.0213
21.6183
22.5021
21.0867
21.2826
21.4452
21.5703
21.6575
22.5662
22.8431
20.9623
21.5201
19.4906
20.0227
20.2450
20.2229
20.2684
20.7575
19.3046
20.6583
21.3795
20.7916
21.2142
21.7239
20.9495
21.6505
21.4594
22.8095
21.6844
22.1416
21.4221
20.8008
21.3741
22.9304
22.3593
22.7425
21.1555
21.4164
23.2320
21.8649
22.7933
22.6314
22.4084
22.2727
22.3117
23.0245
22.5050
21.5813
20.9251
21.8000
21.9924
22.8296
22.2332
21.7737
22.3267
22.5449
21.5239
21.2515
20.8517
21.2988
21.3719
20.8325
21.9535
20.2273
20.8146
20.2187
19.2763
19.4239
20.1968
20.8538
20.6684
20.5608
20.3278
20.2969
20.6239
20.1924
20.4397
20.4207
18.5579
18.0187
19.0800
17.5117
17.2899
18.4694
16.8797
16.7299
16.7385
17.5652
17.3792
16.6491
16.5409
17.1381
17.7159
16.8545
16.0019
17.2559
15.6600
15.7187
15.9536
16.3834
15.0792
15.2428
16.2681
16.3160
16.5633
15.8505
16.1539
15.9443
15.9380
16.6453
16.4615
16.0652
16.5409
16.1948
16.0730
16.1995
16.7444
16.9269
16.6873
15.8114
15.7407
16.3333
17.6985
17.7859
17.7900
17.5590
17.2965
17.6036
17.4575
17.0894
16.9737
17.4651
17.9841
16.7151
16.4967
16.1824
15.6414
15.3297
16.4961
15.9711
16.6392
16.6494
16.5289
16.3229
15.9677
16.3874
16.7337
16.2908
16.6682
16.7231
17.4020
17.7469
16.8842
17.5708
15.8446
16.1492
16.1285
15.7578
15.9041
16.7171
16.8548
15.5400
16.6590
16.8393
15.5806
17.0989
15.7439
16.9025
16.6962
17.2100
17.0936
16.1999
16.3237
17.4803
16.5148
16.2274
16.9637
17.4206
17.2640
17.3015
16.4861
15.5925
16.1360
16.5092
15.3775
15.6021
16.0249
15.6791
15.5515
15.4242
16.2715
15.5932
16.2789
17.4900
17.4811
17.7066
17.4907
17.2321
17.6361
17.7409
17.7147
18.7598
17.8214
18.0695
17.7760
18.0249
18.3073
18.6363
18.3325
16.9839
17.1162
17.8412
17.7214
17.4433
16.9728
17.0528
17.9144
18.0683
19.3821
17.4765
17.8430
18.1956
18.6032
18.1191
18.0064
17.8348
18.3913
18.3574
18.7501
17.8648
17.3131
16.9018
17.7865
17.4242
17.7320
16.5748
16.5672
16.6135
15.9176
16.8568
17.1844
18.0016
17.1751
17.7883
17.1794
16.9152
16.4363
16.4301
16.8218
16.6653
16.6929
16.1428
15.9784
16.8193
16.8435
16.9846
16.2660
16.3984
16.0896
17.0936
16.4812
16.8854
16.2191
17.1574
17.9245
17.2437
17.3936
17.1309
17.5089
17.7065
16.5764
17.4867
17.4038
17.9381
17.4544
17.5009
17.4226
16.9338
17.1972
16.5984
16.1519
18.1707
18.3124
18.9084
18.4482
19.6020
18.9861
17.8512
17.6373
17.6848
17.7228
18.0832
18.3899
18.8838
18.5760
17.6175
17.6400
17.8675
18.1451
18.7163
17.1963
19.2232
17.6619
18.4660
18.6051
18.3778
17.3681
18.8423
18.1553
17.7514
17.6227
18.4861
17.8432
18.0928
18.6989
17.8894
17.1775
16.8949
16.9771
17.0265
16.7973
17.1842
16.6812
17.1082
17.4887
17.5991
17.0023
17.5294
17.9967
18.0634
18.3059
17.8702
17.8864
17.0675
17.5361
17.9402
17.2723
18.2596
17.7294
18.9050
17.8841
18.3270
18.0653
17.5811
18.5306
17.7869
16.5914
17.0523
16.2039
15.8279
16.3217
16.9504
17.2273
17.3566
17.7585
18.1102
16.9667
16.9974
17.2549
16.2945
16.7027
17.1872
17.5333
17.0047
17.8442
16.9789
16.7002
16.8374
17.4595
15.8223
15.6041
16.6913
16.4844
16.3392
16.5644
16.8732
17.5068
16.9422
16.4301
16.8232
17.1223
17.1010
16.7250
17.4260
16.9769
17.7823
17.5103
17.3067
17.1194
16.9605
16.4395
17.2953
16.3398
15.1240
15.8173
15.9701
15.4450
15.2122
15.9832
16.6609
16.8592
16.3162
16.5543
17.2865
16.0519
17.1087
17.1490
17.3736
17.5864
16.9587
16.5129
16.5432
15.7398
16.1376
16.4071
16.1513
16.4595
16.6735
16.8317
17.5642
17.1022
17.6999
16.7415
16.1455
16.3981
16.6001
17.0161
17.5187
17.5121
16.6279
16.5298
17.1571
16.9101
16.7287
17.0624
17.6518
16.1878
16.6517
17.6321
18.0920
18.2945
17.8805
17.7807
18.0281
18.2874
17.3861
18.0998
17.9417
18.9219
18.3147
17.7678
17.8623
18.7825
19.4078
18.1963
17.0129
18.2652
17.9450
18.1770
19.3986
18.5381
18.5568
18.5355
18.3094
18.5966
19.1354
18.0396
19.0260
18.0921
17.7172
17.9862
17.8815
18.0914
18.8216
19.4872
18.2709
18.0111
17.5460
17.3987
17.2065
17.1021
17.4630
17.0065
16.8897
16.4603
17.9775
17.1150
16.8358
17.2501
16.0855
17.8544
17.3461
17.6183
17.8124
16.6804
16.8505
17.0566
16.7287
16.1372
16.7339
16.8837
17.1450
17.9940
18.0395
16.4926
15.5241
16.9916
17.7626
17.6286
16.8068
17.5872
16.3228
15.2664
16.6955
16.9323
16.2676
16.4969
15.2144
16.8035
17.1368
15.9725
16.4369
16.6754
15.6469
16.4333
16.8267
17.4588
16.1071
16.2905
16.5413
16.0467
15.7313
16.2777
16.8897
16.2786
15.4069
16.4600
16.4633
15.5821
16.4480
17.1437
17.2895
17.2472
17.2394
16.4719
16.5901
17.8145
16.1342
17.2427
16.8989
17.5698
17.0488
16.4707
15.3572
15.7229
16.3159
15.3705
16.5968
15.9104
15.6545
16.4202
15.8586
17.6139
16.9797
16.2291
16.0060
16.3123
15.1946
16.7703
17.3802
16.9605
17.2111
18.1744
16.1202
17.1324
17.6327
17.3416
17.5365
17.1246
15.7287
15.5417
15.6021
16.4698
16.2443
16.3573
16.2434
15.6314
16.5401
17.1052
16.6001
16.3608
15.1395
16.1384
15.0405
16.9337
15.3581
14.9417
15.4055
16.3138
15.5245
16.9461
15.2933
15.8962
15.6712
15.6905
16.1169
15.2274
16.0215
16.2176
15.5410
15.7169
15.3181
15.5444
16.0131
15.7327
16.6261
16.2229
16.0055
16.0262
14.4520
15.3008
15.6446
15.4032
16.7038
15.8116
15.3375
15.7418
15.6058
16.1768
16.7797
16.0095
16.9227
15.9894
16.2930
16.4257
15.6405
15.9842
15.5072
15.0157
15.1610
16.1969
15.7190
16.7258
15.7805
15.0359
14.7606
15.2413
16.1866
16.4135
16.9022
15.9440
17.2984
15.8184
16.0217
15.5421
15.5401
15.8434
15.7916
16.5439
17.3285
17.0386
16.4746
16.4220
16.4121
15.1848
15.2552
15.2793
15.7468
16.3666
16.7504
15.6875
15.2841
15.8144
16.7686
15.2973
16.2155
15.9606
15.0374
15.9562
16.6788
17.1210
16.1161
16.1376
16.4769
16.2459
15.8947
15.9849
15.3217
15.4782
15.2360
15.6389
16.0874
15.1496
15.2266
16.1810
15.8988
15.6905
16.0291
16.5994
15.5111
15.5296
15.6603
15.8943
16.5068
16.0105
16.5148
17.2284
16.4188
15.6883
16.1155
15.4240
16.2080
16.1916
15.1070
16.5042
16.2309
16.7503
16.3124
16.3096
14.6542
16.5313
15.5730
15.3979
17.1240
16.8213
17.5944
16.8453
16.5112
15.1115
15.4904
16.3351
15.4538
14.9734
15.4909
15.5990
15.6838
15.0692
15.9934
15.4998
15.3656
16.2132
15.2808
15.6078
15.2397
16.7541
15.7252
16.8594
17.3093
16.7608
15.9399
17.3151
16.6454
16.0244
16.1065
17.5077
16.9626
15.9472
16.6709
16.5088
16.4175
16.8046
16.6886
17.2857
17.7620
16.8440
17.9671
16.7071
16.6564
16.5118
18.1197
18.0779
16.9812
16.8055
17.5538
17.7501
16.6355
16.4806
18.1017
17.0640
16.0232
17.0401
16.4670
16.6520
17.2351
17.7849
15.9820
17.0983
16.3829
16.8635
16.9029
16.7820
15.9931
16.0657
16.4088
15.3327
16.5134
15.4773
16.7611
16.0202
17.2715
16.3634
16.1177
16.6621
15.9196
16.6412
16.2191
15.6304
16.9809
17.7543
16.5742
16.0250
15.7053
16.2193
16.3367
16.5715
16.7214
17.4451
17.0358
15.7088
16.4320
16.5857
17.1455
16.6149
15.9551
16.5427
16.8941
14.7735
16.9701
15.7140
16.3053
16.4560
17.0118
16.7146
16.6368
16.2308
15.9379
16.1107
17.6379
15.4342
17.2498
16.7883
16.6532
16.2557
16.3172
16.2178
15.7908
16.0275
15.9106
17.1076
16.9336
17.5940
17.2819
16.4522
16.0051
16.1598
16.5466
17.3722
17.6940
16.9412
16.1904
16.7504
17.1065
16.9276
16.9807
16.4117
16.9292
16.6343
16.5052
17.2484
15.4567
15.7711
16.6673
16.2064
16.3974
15.8146
16.9959
16.6059
16.6138
15.1958
16.1096
16.2406
16.2168
15.4483
16.1883
15.6958
15.6313
16.0951
16.0756
15.2888
14.8034
14.6827
15.8450
15.8452
16.1849
16.5414
16.3582
16.2546
16.0501
17.1843
16.7470
16.2883
15.7054
16.4090
16.6807
16.1366
17.1850
16.3770
15.1343
15.9968
16.2711
16.1171
16.9985
17.0032
16.6710
17.4542
16.0093
16.6091
16.9771
16.4914
15.8984
15.6758
15.5956
16.4212
17.3973
15.9464
15.3699
15.9235
16.2211
16.9489
16.5634
15.5763
17.1622
16.8613
16.9838
16.5056
16.2592
16.2428
15.9153
16.4093
15.5443
16.8639
16.1992
17.1571
16.1938
16.2225
16.0108
16.3218
16.4352
15.6073
14.9484
14.8512
16.1796
15.6806
15.3366
16.1033
15.6566
16.0815
17.0342
15.0422
16.1462
16.6456
15.7977
16.3548
16.1390
15.8176
15.2955
16.1841
16.5289
15.6182
17.2185
15.3697
15.4468
16.2422
16.1359
16.2445
15.7415
15.9618
15.4781
16.7480
17.3867
17.1645
18.2405
16.8139
17.7771
17.3156
17.1589
16.7657
17.3406
16.4929
15.8691
16.1281
15.8899
16.3171
15.4153
15.8101
15.5575
16.1794
15.9598
15.2814
16.1409
15.9615
14.8595
14.9180
15.7096
15.7845
16.3000
16.4144
16.3367
16.8251
16.9890
16.1636
16.1616
15.2141
16.7119
16.1867
16.1473
15.8663
16.6185
15.4705
15.6274
15.8033
14.9977
15.5365
15.4914
14.8000
16.1512
15.6387
16.2619
15.5149
16.9652
16.4910
16.3234
16.0505
16.2963
15.6504
16.1342
17.0099
15.7990
16.9462
16.0181
17.0700
17.8375
17.3769
16.8237
15.7418
15.4073
15.1926
16.3029
15.9674
16.0716
15.9895
16.3978
16.4467
16.6887
17.1086
17.1834
18.0748
16.4550
17.6719
16.7901
16.5631
16.7187
16.6784
16.6571
16.9380
15.8218
16.4952
15.6040
15.7682
15.6831
16.7238
16.9227
17.4713
17.2534
17.1527
17.3633
16.8479
17.2369
16.8741
18.0565
17.6064
17.5722
17.8982
17.4944
17.4039
17.6011
17.2021
17.7766
16.9516
17.3458
16.7383
16.5371
16.5204
16.1253
16.9891
16.0855
15.6352
16.4264
16.0925
15.8304
17.3677
16.9520
17.1273
16.4928
15.8164
16.7116
16.4371
17.4415
16.4101
15.8453
16.5198
16.3069
17.0030
16.5265
16.9278
17.0133
16.1720
16.9795
16.4191
15.3607
16.2739
15.6817
15.4528
15.9211
16.1555
15.8894
16.0289
16.8596
17.0770
16.4456
16.7344
16.2824
16.4338
16.3843
16.8572
16.6674
16.3795
16.5097
16.4025
16.4462
16.8068
17.1709
17.2083
17.8816
17.0599
17.8312
16.8960
16.7137
15.7378
15.5530
18.1505
16.8661
16.9950
15.7713
15.5897
15.9646
16.2063
16.8623
16.6839
16.8279
17.1929
16.5869
16.6611
16.6171
15.6580
16.3473
16.2143
16.7908
16.8030
15.7480
15.7124
16.1034
16.0766
15.8881
16.3218
16.9889
16.4627
18.4740
17.7693
17.6106
17.8768
17.5198
16.3859
16.6372
16.4413
16.4146
16.6996
16.7472
16.7789
17.1318
17.4114
17.6357
16.2826
16.3572
16.7544
16.5735
15.7013
16.5953
15.8068
15.7006
16.1963
15.2428
16.2367
16.6138
16.3662
16.9795
16.8170
15.9597
16.2198
16.4285
17.3843
17.4770
16.7845
17.0425
16.9449
16.8799
16.0730
16.5501
15.7236
16.3275
16.4021
16.8967
16.2552
17.0440
16.7691
17.9874
16.5632
16.7012
17.7694
17.2489
17.4694
16.4826
16.2045
16.7673
16.9957
17.5107
16.7659
17.9247
18.4846
16.6808
18.4699
18.2856
18.1724
17.6912
18.0350
16.6254
16.3599
16.6014
17.4287
16.5691
16.8256
16.8307
16.8243
17.4957
17.0470
17.6586
16.8729
16.4208
16.7871
16.6507
17.2267
15.8506
16.2884
16.5822
15.3414
15.9128
15.3203
15.3933
15.4376
15.7136
16.7379
16.8806
15.4769
15.8032
15.2283
16.1409
15.4444
16.0221
17.0551
16.1222
16.4586
16.2888
16.7967
16.5232
16.4594
16.7804
17.0540
16.1599
16.7353
16.8075
16.5905
15.9127
15.1511
15.8703
15.5942
16.4302
16.1152
17.1963
16.5067
16.2196
15.2251
15.9616
16.3960
17.2043
16.1219
16.8089
16.8972
17.9117
17.0200
15.9954
16.0494
16.2707
17.0489
17.6330
16.6301
16.0761
16.4129
15.7623
16.2631
17.1017
17.4262
17.0019
16.5450
17.6261
16.3830
17.2238
17.6415
16.8666
17.9604
16.3514
17.6709
17.5246
15.2159
16.4627
17.2680
17.4709
17.3913
18.1823
18.1470
16.9661
17.7736
17.2328
17.6256
16.9648
16.4554
17.5529
15.6670
15.8487
15.4228
16.1558
16.7408
16.4753
17.1243
17.0876
16.7527
16.3348
15.8193
16.0360
16.9030
16.3796
16.4272
15.5775
14.6021
16.7824
16.2281
16.6601
16.1320
16.2252
16.3433
16.4719
17.2632
17.3240
17.6834
16.9570
15.7256
15.7230
15.9792
15.0134
16.1144
15.6389
16.5164
16.0549
16.1709
17.5469
16.6661
16.3231
16.0406
16.4231
16.5871
15.7874
16.4220
16.3525
16.9229
17.1727
16.5972
17.3629
17.2269
17.9221
17.9855
18.1037
17.2863
18.3423
17.6909
16.7113
16.8277
18.1512
19.3025
18.4992
18.8519
17.9708
17.3821
17.5856
16.7907
18.4535
18.4684
18.2192
19.2616
19.4665
19.1936
19.1852
18.9188
18.1985
18.8395
18.4638
17.5876
17.1622
18.2087
17.6305
17.2517
18.3771
17.3915
17.5935
17.0639
17.3491
17.6271
17.2799
17.2300
17.8665
17.6085
17.3608
16.8696
17.0579
17.3432
17.1351
16.7579
16.4409
16.6430
16.4446
17.0936
16.3084
16.4005
15.8501
14.9197
15.1543
15.8503
16.1717
16.0375
15.9524
16.0503
16.9740
17.3056
16.3616
17.3831
16.8054
16.6305
16.5726
16.2796
15.6469
16.6120
16.3345
16.1643
16.6152
15.8646
15.6363
15.1792
15.2847
16.1460
16.5422
15.5681
16.3318
16.9704
16.5410
16.4116
16.5334
15.5837
15.2220
15.7444
14.9671
14.8743
13.3824
14.0789
15.6184
14.8639
15.6312
15.8970
15.9163
17.0849
16.1378
15.5545
15.4851
16.7381
16.0457
15.7898
15.2457
16.0086
16.0303
16.1204
15.9461
15.5709
16.1753
15.8076
15.4162
16.9134
15.6088
15.1671
17.3640
16.5788
16.1580
16.0540
15.7657
16.8185
16.4274
16.4818
15.6048
15.6965
15.6676
15.8983
15.7453
14.9161
15.5294
16.0416
15.7314
16.3718
15.6313
16.0668
15.9985
15.6401
16.4287
15.3425
15.7053
15.6482
15.5423
15.6213
15.8594
16.3225
17.1795
15.8531
16.6303
16.6309
16.9040
15.9211
17.3882
16.7365
16.5524
16.2854
16.0053
16.4512
17.3165
17.1932
16.7462
17.9659
16.8708
16.6862
16.6048
16.3676
17.0461
16.4504
17.1913
17.2016
16.7876
15.7458
16.7136
17.3418
17.1578
16.9192
16.4296
17.2038
16.7191
16.5407
18.0984
17.3052
17.6561
16.6983
17.0413
16.9637
16.5780
16.4835
16.3023
16.6744
16.7681
16.7989
15.0741
15.6946
16.4834
16.2432
17.1579
16.8492
16.2586
16.0295
15.2095
17.7081
17.1146
16.5167
16.9137
17.6699
18.1411
17.0358
16.2933
17.2646
17.7772
17.0384
16.2074
16.8001
16.8662
17.4092
16.5659
16.4216
15.7613
15.8098
16.2749
15.8263
16.5898
16.7928
16.3318
16.6319
16.9815
17.5683
18.3271
18.0943
17.4705
17.2772
16.8481
17.3155
17.1658
17.0715
16.9726
16.3084
16.6701
16.5819
16.9076
17.9984
17.1637
17.1653
17.6776
17.5901
17.3794
17.8816
18.2985
16.5658
17.0735
17.1415
17.9760
17.6061
17.6363
17.4357
17.0805
18.4224
17.2729
17.0487
17.5472
18.4794
17.0528
16.7327
17.2296
17.8323
16.8467
17.3220
17.3519
16.5392
17.1276
17.5828
17.7873
16.6399
17.7006
16.2135
16.4759
17.2828
16.8576
16.8135
16.9585
17.6285
17.0576
16.8753
16.2061
16.9627
15.3152
17.1729
16.3866
15.9628
16.9717
16.2408
16.8753
16.8565
16.2416
16.7954
16.3993
17.0031
17.2530
18.4522
17.7081
17.9328
17.8842
17.6043
17.7650
17.0200
16.0492
17.4183
16.0526
16.6204
17.6049
18.3247
17.1059
17.2588
17.2272
16.8004
16.6821
16.6181
16.2071
17.4893
16.4750
16.7500
16.7729
17.7983
17.4823
17.0502
16.8444
16.4256
15.7945
16.5016
17.3526
17.2264
16.7204
17.5999
16.9918
16.4040
17.1365
17.2451
16.3637
16.4778
17.4713
16.9290
17.0955
16.6847
18.1653
16.8745
17.3276
17.7190
17.3642
17.2099
16.4022
16.0685
17.0147
16.7255
15.9634
16.6726
15.5827
17.0042
17.2391
17.6826
16.7916
16.1906
16.6654
15.2942
16.6590
16.7605
15.7179
16.1111
16.6313
16.9134
16.8121
17.5115
17.0856
16.7814
16.9418
17.0061
15.8286
15.5275
16.8589
16.1765
14.7221
15.7643
14.3414
16.6062
16.6004
17.2626
17.0056
15.5813
16.5799
15.4385
17.0404
16.0791
16.2773
16.2246
15.9780
16.7567
16.4145
15.4743
16.2751
16.6860
15.9219
16.4884
15.4731
15.6020
16.8579
16.5995
15.2621
14.3992
14.5304
15.5273
15.2419
15.7357
15.4995
15.6966
15.6710
15.5706
15.3855
16.0716
16.6286
15.4632
15.3440
14.9880
17.1406
15.8910
14.8480
15.6980
15.4992
15.8459
16.6220
15.2887
15.9120
16.2080
16.8040
16.1902
15.7263
16.0245
15.2469
15.2634
15.7738
16.5020
16.5513
16.9557
17.8803
18.4765
17.0715
17.4474
17.0648
17.9084
18.6657
16.6923
17.3423
16.4870
17.5391
18.1928
16.7861
16.6256
17.7072
17.5092
16.7895
17.1577
16.5385
17.1551
18.0052
17.9240
17.8671
17.6744
17.9434
17.2034
17.5446
16.7968
17.3200
17.6443
17.3513
17.7531
16.1036
17.6934
17.2624
17.4411
16.7646
16.7338
16.9020
16.1476
16.4173
16.3423
16.0503
17.0262
16.6814
16.1797
16.5262
16.0322
16.7729
16.9784
17.2500
15.5277
16.1928
17.8595
17.1199
15.9695
15.7577
17.0302
15.8883
16.7041
16.8156
15.6298
16.0786
15.8519
15.7627
15.6074
15.0588
16.1543
16.0286
16.0967
16.9273
16.7335
16.5599
16.5447
16.7667
17.5282
17.1878
16.7514
16.5165
15.4812
16.8838
17.1478
17.0218
17.8028
18.4539
17.9816
17.6132
16.7923
17.4962
16.6885
17.0075
16.7271
17.1862
17.1457
18.2277
17.1663
16.7251
16.0673
17.4204
17.9182
16.4022
16.4606
15.6653
16.8194
16.6726
16.7484
16.9945
17.2698
17.7185
16.2934
16.2941
17.3169
16.8737
16.1455
16.9392
16.1419
17.1721
16.8030
16.4533
17.2604
18.0586
16.9465
16.9920
16.5331
17.4941
15.5391
16.9297
17.1266
16.6450
16.7485
17.0821
17.6448
17.8089
16.1837
16.2294
16.3912
16.0735
16.1870
17.3637
17.1951
16.5165
17.7770
17.2451
16.4352
16.5132
17.7659
16.4579
17.1491
16.6976
16.6429
17.1245
17.1820
16.1292
16.5160
16.8174
16.8357
16.5769
15.7851
15.6647
17.3153
15.4351
16.7266
16.3964
17.2692
16.5734
17.6791
17.3877
17.1268
16.5303
16.7466
16.7473
17.2045
15.7165
16.5192
15.6798
16.0230
16.4014
16.1955
16.7822
16.4632
16.8242
16.6485
16.6770
16.0551
16.8869
16.1734
15.5799
15.6377
15.8273
16.4400
15.6299
16.8516
15.8254
16.8504
16.8444
15.8888
15.9153
16.1391
16.4303
15.2117
15.7299
14.8668
15.2714
16.1479
16.5163
16.8226
15.2430
15.4544
16.0322
16.9655
15.2255
15.6940
16.6336
16.2220
16.5882
16.2315
16.7314
16.5694
16.4070
17.3252
16.5172
16.4396
16.8763
16.8655
16.8050
15.5611
16.8764
16.5520
15.5666
16.2258
16.3171
16.8593
17.0594
17.0458
17.6739
16.6352
17.6762
17.1096
17.2467
17.5672
17.0547
17.1700
17.3527
17.6987
17.2136
17.3812
17.9934
16.3865
16.5069
16.3092
16.5194
16.6080
17.0111
16.9124
14.9749
15.9625
16.4305
15.3247
16.7667
15.6945
16.2584
15.7715
15.6562
15.8123
15.9558
15.5030
15.9515
15.8810
15.8219
14.9196
14.4596
15.4282
16.1433
16.2137
16.1081
16.7662
15.7081
15.3924
15.7206
15.4832
15.1857
14.8803
15.5836
15.5237
15.3828
14.6172
15.4040
15.3040
14.7619
15.5575
15.4772
16.3959
15.6582
16.0346
16.2774
15.1148
15.4078
15.4843
16.7604
16.5741
16.6934
17.1381
16.9506
16.0240
16.1933
16.3693
16.7552
16.9023
17.5290
18.0504
17.6590
17.6755
16.5548
15.7092
16.6815
16.7507
15.9703
15.8581
15.7106
16.2209
15.8374
15.8931
16.2348
16.0609
16.9505
16.4573
16.5706
15.6253
16.5891
15.8259
15.2645
16.9698
16.5503
17.0350
16.4349
17.6346
16.9829
16.4386
17.1508
16.7350
17.0654
16.2468
15.6095
16.7786
15.7501
16.5631
15.3194
16.2880
16.0289
16.2615
16.4116
17.0159
15.5941
15.8522
16.0945
15.9423
15.5823
15.5002
15.0658
15.9717
14.4819
15.6910
15.0693
15.3950
16.2903
15.4961
15.7571
15.3355
14.7928
14.5532
14.6391
15.7378
15.8880
15.7589
16.0106
16.6314
17.0790
16.9698
16.8842
17.1736
17.8830
17.0268
17.0990
17.8123
16.9920
16.9299
16.0075
17.1755
16.7601
16.7294
16.3704
16.3109
16.3092
15.9182
16.1837
16.2225
17.5861
16.2413
16.0929
16.8886
15.7536
16.2415
16.0957
16.1141
16.7965
15.8684
16.6125
16.3497
17.1065
16.5586
17.4261
16.6457
16.9893
16.2657
16.3291
16.0808
17.0057
15.9033
16.4942
16.4427
16.5548
16.5954
17.8509
16.5280
15.5107
15.3856
15.5570
15.8965
15.4698
16.2819
16.5901
16.1500
16.2529
16.6415
16.0613
16.7453
16.5757
15.6712
16.0354
16.1404
16.0902
16.2624
16.2661
15.9469
16.2437
17.1060
16.2690
17.2613
17.1885
17.0634
17.5524
16.6653
16.2236
18.3796
17.3104
16.2243
16.7268
15.7274
16.8879
15.7574
16.0066
16.3087
17.0001
16.4509
16.6930
17.2461
16.7309
16.8680
17.4758
16.8509
16.8691
17.4039
16.6904
17.7989
17.3867
17.5059
17.3442
17.3541
16.7987
16.6293
17.0625
16.6068
16.2975
17.0529
16.8753
17.0757
16.8011
17.5190
16.7434
16.2848
16.3911
16.2388
17.0528
16.3919
16.2265
17.0599
17.6360
15.9791
16.9889
15.9611
15.9477
16.9028
15.5136
15.6533
15.9392
16.3692
16.0674
16.0651
16.1604
15.8818
15.8428
15.6188
16.2336
17.5431
16.4054
16.2149
17.4350
16.3723
16.0742
14.7322
16.1365
17.2996
17.5600
16.4636
15.9674
16.7276
16.8983
16.4078
17.0468
16.2058
18.1472
18.4945
18.5960
17.6421
17.3665
17.0427
16.5977
16.2544
16.2967
16.1500
18.0340
17.2280
17.2375
17.8064
16.7952
17.2215
16.0432
16.2583
16.5949
15.7478
15.5041
15.7816
16.2949
17.2000
16.1242
16.2761
15.1129
16.4058
15.6430
15.4159
15.1076
15.7447
16.6766
15.2464
16.0038
16.6893
16.7611
15.2092
16.3589
15.8012
15.3092
15.4375
14.6358
15.1204
15.3582
15.3639
16.2338
17.0488
16.0733
15.9064
16.2398
15.1695
16.2596
17.1421
15.8916
15.9670
15.6277
15.6256
16.4188
16.5534
16.0990
16.4549
15.1716
16.8999
17.4497
17.3544
16.4895
16.4252
14.8956
16.3135
17.1935
16.1437
16.1902
16.2494
16.6790
17.4519
16.1044
16.1705
16.0921
16.7305
16.8587
16.1795
15.5680
16.6606
15.8317
15.9738
15.7227
16.4986
15.7183
16.6336
16.1194
16.0270
16.0024
16.5575
17.2652
16.2529
16.4236
15.9387
17.9897
17.3704
16.2696
17.0779
16.4148
17.2962
16.8695
16.9657
17.3087
18.1849
18.8186
17.8695
17.8212
17.8011
17.5124
17.7518
17.9975
17.9893
17.9609
17.6665
18.6370
19.2531
18.3636
18.9614
18.5046
17.8800
18.1156
17.7143
18.2311
17.8758
18.4662
18.3275
18.6809
18.1838
19.0590
18.8009
18.2324
17.6763
17.8063
17.3053
17.6609
17.9131
17.9151
18.3030
18.1731
18.3215
18.9640
18.5477
17.5315
16.9610
17.2239
17.4086
18.1007
18.2529
17.9600
18.2820
18.1679
18.2758
17.8574
17.1861
17.6309
17.3831
17.5045
18.6511
18.9550
18.3093
17.6945
17.2245
17.4325
17.1638
18.0009
17.7570
18.2863
17.6673
18.2965
18.5987
17.2040
17.6152
16.4988
16.1907
17.4616
16.0393
16.3361
16.5424
17.0367
17.0814
16.6280
16.9400
16.9724
16.6010
17.7750
17.7031
18.7331
17.9248
17.7707
17.2041
16.4806
16.7386
16.7209
16.1501
16.2524
16.1869
16.7596
17.8752
18.0389
18.9989
18.0583
18.6010
18.4135
18.5355
18.8992
18.2729
19.0486
17.0325
18.6422
18.4994
18.3034
18.0809
17.2675
17.6697
18.3980
18.0335
18.2887
19.5542
18.0400
19.0246
18.7832
18.0660
18.6294
19.4742
17.2872
18.8786
17.5050
17.7414
17.2223
17.7474
17.5900
17.8483
18.3472
17.7073
18.8738
17.4478
17.0915
17.8616
18.2113
18.7564
17.9140
19.2889
20.0512
20.1015
19.3651
18.2832
18.0186
18.8887
18.0460
17.2339
18.2332
16.7573
17.4303
18.4076
18.3356
17.8465
17.6217
17.2118
17.8223
16.6210
17.3808
18.0986
17.8318
17.1163
17.4000
17.7617
17.1636
17.0075
17.5747
17.4816
17.8865
17.3140
17.1157
16.0221
17.0530
16.9789
16.8323
17.7742
17.2094
16.7585
17.6746
16.1549
17.6857
16.9908
16.8783
16.0312
16.2170
16.6171
16.0492
16.3891
16.2800
16.9469
17.1286
18.6685
18.3184
17.0741
17.4926
16.5125
17.6488
17.8474
16.3704
16.7583
15.7282
16.3719
16.4032
16.3641
17.3317
16.7528
15.7537
15.7962
16.7078
15.7935
16.2706
16.1046
16.1249
15.9826
16.1963
16.5106
16.7108
17.5552
16.5715
16.5410
16.5772
15.6734
16.0940
16.2630
14.8273
15.6787
15.1770
14.2517
15.4521
15.0660
15.1046
13.8319
15.4288
14.5095
14.0013
15.3292
15.4910
14.8019
15.2063
15.3992
15.0936
14.9189
15.8741
15.1289
14.8331
15.7090
15.8054
15.9052
15.9299
15.8717
16.0428
15.5934
15.4752
15.6708
17.2778
15.7119
15.8229
16.0549
16.2369
16.5619
16.1850
16.6108
16.0729
15.9756
16.6470
16.2056
16.4032
16.5835
15.8609
16.0666
16.3650
16.7829
16.6668
16.9628
16.5364
16.4464
16.5879
15.4299
16.6142
17.1251
15.6338
15.8031
15.7773
16.0852
14.7852
15.6630
16.0735
15.9173
14.9607
14.2406
13.7507
14.0755
14.7130
14.4125
14.4026
14.7998
15.5216
14.5280
14.8572
14.9026
14.4465
14.2165
14.3019
14.9955
14.6421
15.5878
14.1604
14.1914
15.1593
15.4645
14.9174
15.0065
15.7504
14.4578
15.5601
15.3720
15.9373
15.8479
15.3494
15.3352
15.1548
14.2517
16.0088
15.3073
14.6708
15.4303
15.2007
15.7841
15.2202
15.7846
16.5156
16.2547
16.3954
16.1542
16.5585
16.0646
16.5261
17.6870
17.0816
16.7517
16.3038
15.9547
16.6912
16.2256
17.9395
19.1009
18.2746
17.8270
17.8810
17.4232
17.2314
17.7689
17.3905
18.0269
17.8777
18.8380
17.6807
18.0350
19.3234
19.4129
18.6477
19.2888
18.3491
18.2361
17.9062
18.8866
18.7339
18.6743
17.8984
18.2418
17.2931
17.3704
17.5856
18.1960
17.7660
17.8525
18.2622
18.0726
16.9123
18.9326
17.9126
18.7098
17.2098
18.5154
17.2806
19.0195
18.1222
17.6433
17.8441
18.2068
18.4848
17.6451
18.0691
17.5204
17.5307
17.7592
18.4040
18.3106
18.7897
17.4498
19.1883
18.3013
18.4674
18.7269
16.3088
16.6221
17.8607
17.1076
16.9928
17.3682
17.5163
16.6170
17.0930
17.8270
17.7636
18.5702
17.7468
17.2029
18.8514
18.2068
19.0958
19.4909
18.9439
18.6924
20.0823
18.7946
19.0408
18.8021
18.1457
17.4640
18.2638
19.4692
19.6731
19.1554
19.7967
19.2332
19.8124
20.6373
20.5361
19.5148
19.8166
19.6782
19.1054
18.3988
19.4635
17.8316
19.0015
19.1722
19.5401
19.4887
19.9450
20.0373
19.9683
19.4671
20.0731
18.7898
19.7905
19.4224
19.8398
19.4626
20.6414
20.0173
20.4791
20.1005
18.4551
18.5977
18.9539
18.5694
18.3206
20.3534
19.4745
17.3031
18.6579
18.8521
18.6872
19.2160
19.1465
17.2425
17.3392
17.8219
18.1785
17.0675
17.9254
16.7692
18.7091
18.1428
18.7173
16.7513
17.7501
18.1016
17.0988
16.6769
17.4253
18.5197
17.8239
18.1479
18.2688
18.0020
18.4078
18.5268
18.3614
18.4342
17.7463
17.4720
17.4696
15.9358
16.7833
15.6359
15.8700
16.0215
16.6924
17.2912
16.5776
17.3124
16.9019
15.3628
17.0583
16.8710
17.2028
18.2350
18.7376
17.6069
16.7337
17.9542
17.4149
17.9553
17.7198
18.2386
18.4488
18.7555
17.9574
18.6542
19.9270
17.7965
18.4951
17.4615
18.7293
17.8594
17.4766
18.4343
18.3632
18.9803
18.0296
17.1603
16.8544
18.2212
16.3713
16.8302
17.0807
15.8844
17.5304
16.6677
16.6621
17.2223
16.5353
17.3994
15.7060
15.7175
15.5567
15.8418
15.1033
15.1254
15.1605
16.2148
15.4864
15.9915
15.2927
14.5772
14.8640
14.9615
15.7695
15.5283
15.1344
15.2238
15.6842
16.9458
16.5049
16.5973
15.9086
14.3903
15.8583
16.6684
16.6113
15.9678
14.8029
16.5032
16.0256
15.2851
15.0557
15.2650
15.9764
15.8143
15.0261
15.6778
15.1117
14.1065
14.5127
15.3098
13.8645
14.6692
15.2798
14.0725
14.4450
14.0076
14.5577
15.1379
14.4050
14.8247
13.7997
14.5141
15.7081
15.4975
14.3948
14.6838
13.7731
14.4168
13.9937
14.0843
13.6344
12.9278
14.7570
15.0834
14.7103
15.5496
14.2023
14.8647
14.8184
13.9443
14.5925
14.2362
14.1059
14.2206
15.0278
14.6834
15.2881
15.3349
13.8707
13.8545
14.1124
15.0395
15.1679
15.1950
15.1375
14.8110
14.0760
14.6161
15.1076
14.0475
14.3853
14.5507
13.9945
15.0927
13.9857
15.3876
14.3794
14.5076
14.7834
14.8375
15.5877
15.3424
15.1317
16.3693
16.8273
16.6270
15.5112
15.5932
15.1899
16.4637
16.6184
15.9841
16.0063
16.6899
16.2650
16.0121
15.9151
15.2609
14.6043
15.0175
14.2328
14.8372
14.6532
14.9942
15.0152
14.7681
15.0886
14.3478
14.9432
15.6431
15.6638
15.6148
15.4026
16.0791
14.9590
15.6973
15.3520
15.2445
15.1221
15.4973
15.3532
15.3889
14.4591
15.1211
15.0468
15.6556
17.0298
16.0326
17.5127
17.2996
16.6522
16.3544
16.7292
15.9999
16.1906
14.6795
14.5939
15.5252
14.8209
14.4671
15.8271
14.7908
14.9241
14.4496
14.6760
13.9080
14.4389
14.1013
14.0155
13.1920
13.3412
13.7542
13.5723
13.4332
13.3980
13.7768
13.7964
13.2572
13.2699
14.7263
13.6848
12.9747
13.5427
12.7542
13.6825
12.6927
12.7052
13.5259
13.8062
14.0038
14.3606
13.8586
13.9903
14.5343
14.8866
13.5680
14.1356
15.4330
15.2333
14.4442
14.1748
14.4987
14.9613
16.0697
15.9082
15.7320
15.7634
15.7726
15.6645
15.9265
16.9574
16.2555
15.2239
15.5307
15.7468
15.6275
15.3245
16.3092
15.8970
14.9872
15.1944
15.4417
13.7717
14.9956
14.9892
14.2605
13.6982
15.2104
14.4608
14.2844
14.5139
14.0575
13.6930
14.0308
14.7619
13.2100
13.8105
14.3691
14.1869
13.9947
14.1735
14.8339
15.0591
15.5349
14.1192
15.2652
15.1517
15.5826
14.9709
15.2747
16.0292
15.8633
14.8925
15.8623
14.5349
13.7184
14.6138
14.6633
14.3084
14.3771
14.0886
14.3306
14.2325
15.8430
15.7048
15.6481
14.5344
15.0897
15.0918
14.8828
15.4060
15.7021
14.3922
15.3264
14.0763
14.9864
14.5189
14.5978
14.2015
15.1601
14.5219
14.0337
14.5433
14.3728
14.3216
15.1710
14.8069
15.4163
14.9960
14.0212
13.9803
15.2925
15.6969
15.1939
14.8757
14.8160
15.5744
15.3240
14.7201
13.4367
15.3409
14.6621
15.1975
15.2658
15.1638
15.3170
14.6948
15.1606
15.9599
14.6410
15.1963
14.3282
15.7966
14.9578
14.4605
14.0053
13.7846
15.2937
15.0604
13.7523
14.8077
14.7007
14.8877
14.0473
14.0837
14.6790
14.3236
13.9366
15.6617
14.6893
14.4163
14.2567
14.3430
14.7935
14.0101
14.5394
14.0689
14.4289
14.7776
14.6919
14.7954
15.3404
15.2364
16.2439
14.2818
14.4724
14.7858
14.9441
16.5379
14.7282
14.4892
15.4674
14.7082
14.8667
14.5952
14.6433
14.5323
14.9508
15.2400
15.6906
14.5147
15.1974
15.7494
15.4722
14.7178
14.9227
15.3121
15.6512
14.2067
14.9090
15.4635
14.7291
15.7251
15.1971
14.0807
15.2453
15.3991
14.6802
14.9293
15.3475
14.4671
15.5746
14.4369
15.4440
14.7408
14.7144
13.8584
14.1523
14.7488
14.1080
15.0416
15.2775
15.3706
13.6896
14.2853
13.7903
14.3498
14.0317
14.4375
14.5070
14.3801
14.4934
14.5920
14.8161
14.2153
14.2511
14.7052
14.2917
14.5078
14.7346
13.8168
14.8583
15.1147
14.3995
14.6204
14.3718
13.9842
14.8350
14.5168
14.1594
13.7124
14.7439
15.1610
15.4027
14.7913
15.1461
14.9582
14.1697
15.4130
14.4728
14.1805
15.2980
15.5325
14.6136
16.0979
15.1856
15.9875
15.5374
15.4696
15.3478
15.1214
15.4774
15.0462
15.3954
15.4802
15.4100
15.3285
16.0055
15.5813
14.6690
15.4169
16.2248
14.9687
14.8771
15.9714
15.6578
15.5854
15.2105
14.7479
15.7326
16.6941
16.5956
16.6021
16.3510
16.3507
16.0011
15.8219
15.8857
16.0155
16.2294
16.4349
16.4829
17.3476
16.0058
15.8788
15.9834
15.4449
16.3528
16.0532
16.5197
17.4510
16.3160
15.7749
15.5408
15.8947
15.4962
15.0461
16.0992
15.6915
15.8472
15.6485
15.7612
16.4594
15.7832
16.6207
16.2063
16.8570
16.5168
16.6733
17.6967
18.4727
16.9096
17.3034
17.2664
16.5238
17.3136
16.6491
16.8573
17.5223
16.6995
16.7487
15.9748
15.4990
15.4484
15.1816
16.1315
16.2001
15.7352
15.7172
15.9729
15.6947
15.0715
15.2067
15.5969
15.5391
15.6388
14.9143
14.9702
14.1215
14.5932
15.3013
14.6832
15.0344
15.5081
15.3809
16.0182
15.7705
15.5449
14.5048
14.0846
14.7844
16.0770
16.3325
16.9980
17.2461
16.7567
14.6061
15.0453
15.5356
15.9192
16.7238
16.1883
16.4460
17.1781
16.2567
15.6165
15.8661
15.9580
16.1178
16.5813
16.6240
16.4153
16.2378
16.1369
16.6873
16.4520
16.2777
17.1056
15.0085
15.1236
14.7374
15.5732
15.0021
14.3896
16.0019
15.5367
14.7393
15.6246
15.7439
15.0680
14.5062
14.4295
14.4424
15.2809
14.7337
15.0929
14.9604
14.4389
15.1231
14.9867
14.7439
14.9859
13.5538
14.0485
13.4388
14.1508
14.8799
14.6491
14.3849
14.9158
15.3342
14.8550
14.6994
14.4160
15.6155
15.3014
16.3513
16.4435
15.3955
15.5411
15.3381
15.5106
16.1526
16.1167
15.8132
15.1988
14.2344
14.7695
16.0067
16.2138
15.7008
15.4772
15.8741
16.7295
15.1589
14.5965
13.9415
15.2088
14.8969
15.1065
15.2732
14.9229
14.6427
14.4808
14.6888
13.8524
15.1978
13.8822
15.1949
14.4703
14.0579
13.8980
14.4820
13.8580
14.0997
13.9205
13.7574
13.8109
15.0334
13.3258
14.0692
14.2076
14.2202
13.7423
13.6194
14.0531
13.1031
13.4763
12.9449
13.5063
12.5985
13.0536
13.0575
12.3573
12.2697
12.4756
13.1004
10.8617
12.1334
12.8305
12.7349
12.4791
15.5009
13.4192
13.7338
13.2146
13.1894
12.5644
12.6467
13.4432
13.5771
13.9708
13.9744
14.0205
13.8747
13.7686
14.0769
13.6025
13.6459
14.1414
12.4762
14.0907
14.0654
14.4028
14.9195
14.4437
14.5948
14.6010
15.6101
14.2525
14.9167
15.1206
14.6110
14.2931
14.9605
14.4553
14.1240
12.9202
14.2327
13.8073
13.9898
13.5898
13.3363
14.0362
13.1315
13.8339
13.8298
12.7228
13.4377
13.7683
13.3137
14.6337
13.1651
12.9493
14.6177
14.0098
13.6092
13.2668
13.6609
14.0758
13.7594
14.0901
13.1009
13.3834
12.6063
13.5068
13.2833
13.7887
14.3688
14.2067
14.7837
