2.5785
2.5924
2.7342
2.8105
2.9144
2.8763
2.9305
2.9617
3.0673
3.0550
3.0817
3.0687
3.1035
3.0362
3.1948
3.1380
3.1766
3.0597
3.3253
3.4396
3.3080
3.4408
3.2929
3.1722
3.1206
3.1643
3.2101
3.2371
3.0820
3.1051
3.1911
2.8807
3.1641
3.1142
3.0989
3.1800
3.2190
3.4860
3.3342
3.1220
3.2903
3.1309
3.1446
3.2695
3.1190
3.3804
3.2240
3.3543
3.2893
3.2171
3.3558
3.2680
3.3366
3.3606
3.4175
3.4039
3.1746
3.4076
3.4832
3.3653
3.4235
3.5320
3.5121
3.6866
3.5826
3.4465
3.5870
3.4822
3.3998
3.8380
3.5659
3.3552
3.4548
3.5967
3.6076
3.6185
3.8991
3.4000
3.6366
3.6335
3.3476
3.3797
3.6004
3.3934
3.3775
3.2673
3.3738
3.2948
3.3196
3.2312
3.4443
3.3559
3.2579
3.5282
3.2663
3.2385
3.2256
3.1392
3.1654
3.2635
3.1552
3.4760
3.4125
3.3793
3.4587
3.5618
3.1914
3.2162
3.5892
3.4340
3.6048
3.7145
3.4047
3.3153
3.2823
3.2614
3.3786
3.3534
3.3019
3.4526
3.4180
3.4233
3.4786
3.3165
3.2886
3.1793
3.0407
3.1982
3.3100
3.4080
3.4930
3.3190
3.5444
3.6380
3.2825
3.3589
3.4533
3.7351
3.4026
3.5251
3.5145
3.3848
3.3440
3.1644
3.4859
3.2642
3.4418
3.6412
3.2821
3.4974
3.4636
3.4962
3.3111
3.5352
3.3018
3.4566
3.5614
3.6342
3.3436
3.4521
3.7570
3.7207
3.9447
3.5477
3.3198
3.4240
3.4587
3.4701
3.7304
3.6301
3.4368
3.6533
3.8568
3.5847
3.5142
3.7429
3.7370
3.9777
3.7300
3.4063
3.4477
3.4768
3.6516
3.4663
3.7609
3.6874
3.9486
3.5488
3.4213
3.2664
3.5701
3.9239
3.5253
3.4044
3.4344
3.4023
3.2689
3.3603
2.9699
3.2372
3.4142
3.2828
3.3429
3.0696
3.3477
3.4129
3.1471
3.1398
3.2384
3.1418
3.2948
3.3562
3.2078
3.2041
3.3279
3.4262
3.1003
2.9399
2.8474
3.0835
2.9824
3.4259
3.3451
3.2506
3.3072
3.2835
3.5101
3.4141
3.5207
3.3079
3.2387
3.2396
3.3623
3.4311
3.0921
3.3147
3.3324
3.4086
3.4524
3.4169
3.5059
3.3352
3.2037
3.4415
3.5958
3.5748
3.3592
3.4465
3.6699
3.6256
3.3658
3.6323
3.6430
3.7278
3.9663
3.8820
3.7191
3.7712
3.5724
3.3801
3.5764
3.6436
3.5608
3.7816
3.8260
3.5831
3.5882
3.4933
3.5573
3.3767
3.5890
3.6423
3.9894
3.5970
3.5268
3.7223
3.7873
3.8982
3.7405
3.6078
3.9005
3.9352
3.8854
3.9900
3.9386
3.9085
3.8780
4.0794
4.3042
4.2570
4.2643
4.3281
4.3243
4.1347
4.2228
4.1192
4.1785
4.0609
4.1362
4.1091
3.9234
3.8742
3.7952
3.7919
3.9856
4.1392
3.7916
4.0790
4.1934
4.1053
4.1856
4.0956
3.7690
3.9497
3.7318
3.7604
4.0797
3.9092
3.8857
3.8971
4.0215
3.7396
3.5951
3.6875
3.6322
3.9032
3.9437
3.7014
3.6317
3.5766
3.2295
3.6145
3.5614
3.8922
3.7584
3.9618
3.9965
3.8920
4.0399
3.9421
4.2844
4.3105
3.9703
4.1665
4.4417
4.1494
4.3084
4.3863
4.0069
4.1521
4.4831
4.2659
4.2293
4.4174
4.1764
4.0921
4.4705
4.1232
3.6537
4.1312
3.9687
3.9703
4.3184
4.1796
4.0154
4.3231
3.8743
3.9225
4.1438
4.1897
4.1554
4.3081
3.9554
4.4132
4.3712
4.1538
4.2568
4.1755
4.3263
4.3064
4.2694
4.0910
4.2808
4.4324
3.9664
3.7813
3.9989
4.0809
4.1111
4.0051
3.8157
3.9122
3.9130
3.6937
3.7453
3.7535
3.6892
3.8483
3.6867
3.5573
3.8206
3.7069
3.7246
3.5144
3.6993
3.8553
3.6806
3.8543
4.0523
3.7303
3.7835
3.6437
3.6320
3.6741
3.8198
3.7048
3.5864
3.8689
3.7245
3.7552
3.9136
3.8124
3.8929
3.8836
3.8370
3.7057
3.7191
3.6632
3.6593
3.8101
3.5834
3.8171
3.6884
3.6813
3.7697
3.9146
3.9987
3.9565
3.7878
3.5360
3.7482
3.8468
3.9869
4.1634
3.9312
4.2035
4.0132
3.8452
3.8833
3.8228
3.7409
3.4494
3.7357
3.6549
3.5362
3.5254
3.3649
3.1875
3.4768
3.2043
3.5066
3.5239
3.4094
3.2112
3.3316
3.5204
3.5920
3.2793
3.5040
3.5934
3.5321
3.5289
3.6021
3.7045
3.7343
3.5088
3.5689
3.7377
3.4632
3.8736
3.5218
3.4317
3.3454
3.3100
3.3653
3.3226
3.3931
3.4187
3.7399
3.4795
3.3556
3.4471
3.4665
3.4608
3.3358
3.5187
3.4718
3.4410
3.3821
3.6241
3.6154
3.7635
3.4736
3.4044
3.2395
3.2751
3.2328
3.4260
3.3532
3.3847
3.5544
3.5203
3.5882
3.4824
3.3926
3.3132
3.5780
3.5129
3.5453
3.3634
3.3849
3.7019
3.4741
3.7557
3.8379
3.9208
3.7812
3.5577
4.0558
3.7347
3.6345
3.5888
3.6864
3.6900
3.7157
3.4365
3.4008
3.5440
3.5065
3.7373
3.4853
3.5632
3.6568
3.7193
3.4421
3.6591
3.6742
3.5587
3.6622
3.5183
3.5924
3.7179
3.6339
3.4997
3.7344
3.6325
3.7552
3.4264
3.4801
3.4320
3.6461
3.9204
3.6394
3.5561
3.6633
3.7647
3.7574
4.0415
4.1170
3.7674
3.5437
3.5904
3.5200
3.6043
3.8327
3.5567
3.5247
3.6524
3.3739
3.5680
3.6622
3.7375
3.6791
3.6034
3.4736
3.7499
3.8403
4.0419
3.6140
3.4404
3.5895
3.5144
3.4690
3.5673
3.3823
3.5002
3.6199
3.4767
3.6005
3.9794
3.6973
3.4214
3.5117
3.4306
3.4757
3.4253
3.4046
3.3881
3.7187
3.3609
3.3568
3.5036
3.8055
3.5640
3.6470
3.4048
3.3012
3.6069
3.5223
3.4412
3.3596
3.2178
3.3443
3.4591
3.3693
3.5401
3.7398
3.5111
3.5980
3.2887
3.5936
3.5903
3.7463
3.6359
3.5465
3.5501
3.6023
3.4596
3.6578
3.4081
3.5929
3.5464
3.4732
3.4036
3.4484
3.5372
3.4704
3.3439
3.3832
3.5627
3.6182
3.4491
3.4445
3.4481
3.5677
3.3574
3.4503
3.2466
3.4472
3.3912
3.2088
3.3525
3.1880
3.6725
3.5284
3.5034
3.0737
3.3720
3.1291
3.6475
3.6289
3.7976
3.4728
3.5773
3.5904
3.6675
3.5532
3.6782
3.6196
3.4836
3.5691
3.5869
3.6114
3.5266
3.5444
3.5926
3.6454
3.5563
3.4665
3.4518
3.5174
3.6588
3.3203
3.4463
3.3194
3.3152
3.4132
3.4550
3.2419
3.3948
3.2481
3.2619
3.1934
3.2251
3.1007
3.3786
3.2764
3.1352
3.2087
3.2289
3.2044
3.1392
3.1528
3.0036
3.1887
3.1900
3.2441
3.2949
3.2084
3.5262
3.6035
3.4377
3.4755
3.4875
3.6587
3.5154
3.4822
3.4436
3.4105
3.3345
3.4449
3.2902
3.4296
3.2892
3.3043
3.2943
3.3617
3.3216
3.3739
3.4087
3.5477
3.2934
3.5818
3.7078
3.6683
3.7353
3.4777
3.6850
3.6089
3.4168
3.5504
3.4853
3.5925
3.5050
3.6671
3.5639
3.6612
3.6071
3.7572
3.8674
4.0747
3.6939
3.8520
3.7964
3.7106
3.5354
3.6726
3.6891
3.6435
3.8442
3.7389
3.6966
3.7245
3.5592
3.6163
3.5473
3.7412
3.6686
3.5277
3.5822
3.6011
3.8711
3.5683
3.3601
3.4908
3.6996
3.6616
3.8061
3.5589
3.5159
3.3543
3.4036
3.7683
3.4794
3.4981
3.5463
3.5032
3.4544
3.4296
3.6412
3.7544
3.6707
3.9167
3.8779
3.8435
3.9834
4.1621
3.9619
3.9658
3.9631
4.0214
3.9388
4.0027
4.1158
4.0526
3.8582
3.6016
3.7376
3.5603
3.6131
3.7305
3.6912
3.8043
3.8665
3.9453
3.7779
3.4567
3.5045
3.3069
3.4155
3.3693
3.5212
3.5016
3.8872
3.6579
3.7960
3.9406
3.8092
3.7685
3.6844
3.7746
3.6365
3.4807
3.1685
3.5167
3.3065
3.2614
3.2918
3.5743
3.6673
3.5069
3.8372
3.7035
3.7507
3.7254
3.8221
3.7637
4.0568
3.8924
3.7819
3.8020
3.9355
3.5843
3.9273
3.7965
3.7990
3.8289
3.6566
3.8182
3.6573
3.8114
3.9036
3.5526
3.4998
3.5384
3.6611
3.9427
3.6724
3.7307
3.7304
3.5456
3.6247
3.6030
3.4463
3.6544
3.4999
3.5496
3.6129
3.3760
3.3016
3.5197
3.5396
3.6279
3.6539
3.4108
3.3383
3.6064
3.3599
3.4343
3.6661
3.4835
3.4110
3.1684
3.3773
3.1298
3.2865
3.4592
3.2896
3.3363
3.2212
3.4186
3.3687
3.2524
3.4994
3.5999
3.3967
3.5020
3.4541
3.7405
3.8814
3.5507
3.5505
3.7496
3.8844
3.6534
3.6427
3.5394
3.5464
3.5989
3.8877
3.6475
3.4319
3.2437
3.5118
3.3544
3.2238
3.4690
3.6331
3.5275
3.5058
3.4142
3.4711
3.3355
3.2938
3.4835
3.4227
3.2768
3.4825
3.5334
3.4919
3.6109
3.5140
3.3974
3.3534
3.4584
3.5167
3.4742
3.5861
3.9664
3.9243
3.9111
3.9982
3.8737
3.9099
4.0573
3.7935
3.7262
3.6767
3.4133
3.7696
3.7121
3.7025
3.8052
3.7609
3.8844
3.9605
3.7380
3.6441
3.6148
3.7715
3.8391
3.7327
3.6378
3.8509
3.7714
3.5743
3.5895
3.5761
3.4592
3.5108
3.4463
3.3508
3.4636
3.2638
3.2659
3.3328
3.1801
3.2415
3.3660
3.2962
3.5538
3.4341
3.4541
3.4874
3.5216
3.5154
3.5926
3.6264
3.6279
3.5980
3.5508
3.7000
3.7901
3.8117
3.7294
3.7350
3.6854
3.5414
3.5057
3.5015
3.6666
3.8126
3.5985
3.7442
3.5772
3.8045
3.7477
3.5396
3.6968
3.7330
3.7219
3.5432
3.5530
3.8897
3.6770
4.1520
3.6309
3.4758
3.3626
3.4878
3.3995
3.5935
3.5915
3.4874
3.7117
3.6903
3.7821
3.7733
3.8112
3.6187
3.5821
3.9292
3.7352
3.6493
3.6725
3.6426
3.5525
3.7073
3.5614
3.6816
3.3720
3.5224
3.7545
3.8016
3.7903
4.1039
3.8378
3.6571
3.6352
3.7591
3.8805
3.6595
3.6553
3.7181
3.7161
3.9014
3.8559
3.6276
3.5427
3.5858
3.6477
3.7049
3.8513
3.8519
3.5982
3.8253
3.7330
3.7142
3.5398
3.7879
4.1324
3.5874
3.6752
3.7384
3.5730
3.5806
3.7969
3.6160
3.8169
3.9399
3.6587
3.7065
3.8345
3.6792
4.0116
3.8681
3.8218
3.7398
3.7769
3.5475
3.6877
3.5744
3.5994
3.4895
3.5151
3.5150
3.6626
3.4862
3.5025
3.8303
3.5969
3.6500
3.5060
3.6481
3.9024
3.9751
3.5122
3.6493
3.6324
3.6833
3.7964
3.6497
3.4743
3.3406
3.2366
3.4177
3.2732
3.4446
3.5173
3.5655
3.4538
3.5030
3.4682
3.5682
3.6579
3.6687
3.5856
3.7356
3.5916
3.8796
3.8256
3.5386
3.6491
3.4782
3.8738
3.4963
3.6093
3.6135
3.7271
3.6516
3.9012
3.7555
3.8146
3.8130
3.6189
3.6475
3.7048
3.6153
3.6233
3.4407
3.4091
3.4601
3.6573
3.5411
3.2765
3.7139
3.5439
3.3251
3.2989
3.5668
3.4533
3.5891
3.6159
3.5712
3.6930
3.6620
3.6128
3.4663
3.4801
3.8019
3.8174
3.8025
3.7412
3.7065
3.6601
3.8938
3.8259
3.6424
3.8165
3.8868
3.6518
3.8175
3.7944
3.6148
3.6364
3.7225
3.4937
3.4374
3.6252
3.6958
3.6540
3.6885
3.6631
3.6433
3.7520
3.7293
3.6112
3.5239
3.6329
3.6267
3.6588
3.6002
3.7467
3.8264
3.7453
3.5038
3.7321
3.5472
3.4922
3.6230
3.4309
3.3419
3.3731
3.4457
3.5574
3.5661
3.6933
3.4699
3.4522
3.6326
3.6362
3.5854
3.6693
3.4153
3.4917
3.4424
3.5318
3.5531
3.8275
3.4405
3.8042
3.4280
3.4365
3.6501
3.7347
3.7517
3.5738
3.3418
3.4862
3.6959
3.5768
3.5898
3.6697
3.5664
3.6914
3.7662
3.7770
3.7258
3.7290
3.7274
4.1071
3.9476
3.6893
3.7914
3.7183
3.7623
3.5775
3.4996
3.7420
3.6206
3.6452
3.5378
3.4801
3.7945
3.7290
3.6158
3.7153
3.5986
3.5508
3.6695
3.6062
3.6190
3.7713
3.7229
3.5933
3.6712
3.5508
3.4628
3.6625
3.6458
3.5175
3.7033
3.4727
3.6819
3.6415
3.6429
3.5688
3.4971
3.3624
3.5612
3.3027
3.2551
3.3735
3.4161
3.4639
3.5178
3.6126
3.3914
3.4628
3.6703
3.4947
3.3164
3.0731
3.5855
3.4317
3.5303
3.2244
3.3740
3.3249
3.2754
3.4626
3.3107
3.5953
3.4597
3.6137
3.5898
3.5160
3.4222
3.5094
3.5122
3.6055
3.4824
3.3788
3.4941
3.4787
3.4613
3.4816
3.5031
3.4656
3.5450
3.5613
3.5136
3.5624
3.4462
3.5573
3.4497
3.5006
3.6489
3.6248
3.8857
3.5305
3.7402
3.6301
3.9527
3.7855
4.0634
3.9506
3.9408
3.8390
3.7750
3.8183
3.5762
3.5438
3.8417
3.6578
3.8406
3.6674
3.9649
3.7738
3.8867
3.6092
3.6885
3.7110
3.8009
3.4677
3.6427
3.6773
3.6858
3.6923
3.7145
3.7360
3.8059
3.4515
3.6835
3.5461
3.5616
3.5045
3.7737
3.5283
3.3878
3.6670
3.5259
3.5974
3.7845
3.6370
3.4913
3.6342
3.6875
3.7188
3.7647
3.7029
3.9770
3.6099
3.6709
3.9836
3.7511
3.7409
3.7539
3.8028
3.6792
3.6983
3.4947
3.6395
3.7749
3.7298
3.6478
3.6921
3.5592
3.6951
3.6731
3.8511
3.7270
3.6044
3.6619
3.4927
3.6973
3.6449
3.5794
3.6233
3.5209
3.8146
3.7184
3.6657
3.6269
3.6601
3.6686
3.6224
3.5620
3.6358
3.6689
3.6331
3.4258
3.6508
3.6862
3.3918
3.3430
3.6740
3.6479
3.4502
3.2989
3.4907
3.3341
3.5146
3.5523
3.4544
3.4912
3.5208
3.4018
3.5825
3.5082
3.6595
3.5885
3.6224
3.7965
3.4092
3.3119
3.3621
3.6532
3.5792
3.6309
3.6537
3.5246
3.4946
3.4123
3.3034
3.2696
3.2114
3.4182
3.4000
3.5767
3.3777
3.4728
3.6792
3.5790
3.6437
3.6426
3.6537
3.5559
3.6265
3.7375
3.5737
3.5441
3.4712
3.3814
3.2355
3.4037
3.2778
3.5205
3.5452
3.5968
3.6064
3.5037
3.4929
3.5845
3.5785
3.4923
3.6390
3.6573
3.5313
3.5709
3.6058
3.5832
3.5122
3.5495
3.7109
3.5791
3.5864
3.5097
3.6935
3.5250
3.5629
3.2927
3.5308
3.5573
3.5379
3.4667
3.5496
3.5147
3.4661
3.4245
3.6287
3.3603
3.5705
3.7115
3.2973
3.4091
3.1725
3.4001
3.4804
3.5781
3.6872
3.7210
3.7836
3.7005
3.6596
3.8695
3.5439
3.3974
3.4322
3.5361
3.7060
3.5322
3.5249
3.4695
3.6701
3.7462
3.5692
3.7000
3.7163
3.8364
3.6416
3.5668
3.5909
3.7215
3.7035
3.6485
3.6611
3.6271
3.5517
3.4150
3.4259
3.5136
3.5206
3.5127
3.6295
3.4947
3.6732
3.6514
3.4490
3.7393
3.4692
3.5986
3.6792
3.5693
3.5307
3.7124
3.6268
3.6732
3.6926
3.5538
3.6916
3.6386
3.8681
3.6663
3.6310
3.6555
3.6770
3.6753
3.4731
3.5101
3.6328
3.5146
3.4667
3.7874
3.5783
3.5441
3.6464
3.6352
3.5102
3.5231
3.5743
3.5543
3.4843
3.4679
3.5054
3.4729
3.4478
3.3864
3.5903
3.2340
3.6192
3.5808
3.7981
3.4029
3.4144
3.5664
3.7338
3.6054
3.3215
3.4264
3.3577
3.3087
3.2494
3.4352
3.4545
3.3322
3.6138
3.3197
3.3514
3.5665
3.4552
3.4004
3.5463
3.6057
3.4567
3.4006
3.4965
3.4026
3.5219
3.5464
3.7849
3.5269
3.7494
3.4829
3.4931
3.5554
3.5624
3.6150
3.6436
3.7283
3.7345
3.7546
3.5191
3.5684
3.6332
3.5904
3.6845
3.4435
3.5901
3.4499
3.4901
3.6755
3.5959
3.8398
3.5995
3.4974
3.6098
3.5078
3.5673
3.5611
3.6167
3.7452
3.5179
3.6346
3.7280
3.6419
3.6518
3.6968
3.5871
3.3921
3.5430
3.3390
3.5082
3.3758
3.7427
3.5119
3.5050
3.6649
3.6697
3.5751
3.3199
3.5936
3.6636
3.7737
4.1104
3.8004
3.6926
3.7260
3.9569
4.0436
4.0514
3.6137
3.8668
3.6247
3.6001
3.5057
3.5835
3.6856
3.4864
3.3473
3.1618
3.3461
3.3192
3.3359
3.5181
3.5064
3.4710
3.6336
3.4883
3.6756
3.5048
3.5680
3.4661
3.5723
3.2999
3.4160
3.2410
3.4807
3.3839
3.4671
3.4497
3.6842
3.3813
3.3153
3.3720
3.3739
3.4572
3.3616
3.6051
3.4868
3.6452
3.6684
3.6571
3.5258
3.5258
3.5732
3.4824
3.5543
3.5889
3.6210
3.5681
3.5282
3.4265
3.0737
3.4776
3.6265
3.4256
3.4780
3.4111
3.3827
3.5190
3.3043
3.3369
3.4177
3.3358
3.4178
3.5011
3.4690
3.4540
3.1525
3.4372
3.4402
3.4870
3.3319
3.3679
3.5068
3.5831
3.6645
3.7025
3.5601
3.4764
3.5430
3.4534
3.7206
3.5302
3.4672
3.2806
3.3204
3.5508
3.7247
3.5022
3.7115
3.6725
3.3941
3.4077
3.5184
3.3734
3.5338
3.5378
3.4023
3.4717
3.5207
3.4275
3.4252
3.5428
3.6386
3.5754
3.6595
3.4905
3.4263
3.6821
3.8826
3.7137
3.6325
3.4587
3.4291
3.5672
3.5526
3.5228
3.4603
3.4680
3.4135
3.5912
3.6656
3.6459
3.5800
3.5300
3.5192
3.5726
3.4171
3.5130
3.6051
3.4007
3.7006
3.3809
3.5687
3.5049
3.5067
3.6827
3.5243
3.5860
3.5087
3.2568
3.4859
3.3658
3.4118
3.2866
3.2445
3.4980
3.3944
3.5010
3.3776
3.3977
3.5308
3.4966
3.5993
3.5100
3.7111
3.5156
3.5652
3.3033
3.4195
3.4841
3.5837
3.4282
3.5061
3.4297
3.4223
3.5886
3.6697
3.5546
3.6801
3.4702
3.5472
3.4531
3.5617
3.4613
3.5329
3.4332
3.3935
3.3536
3.3400
3.5224
3.3430
3.5709
3.5237
3.5585
3.5342
3.3948
3.7024
3.4691
3.4713
3.6173
3.3779
3.6410
3.5210
3.3938
3.4921
3.7386
3.3854
3.3624
3.4467
3.5696
3.5733
3.3242
3.4492
3.1740
3.6752
3.4448
3.4082
3.3766
3.4693
3.4384
3.6312
3.4920
3.2233
3.3112
3.2225
3.4427
3.3942
3.2837
3.4013
3.5032
3.4198
3.5128
3.3729
3.5768
3.6195
3.5661
3.7429
3.4671
3.6496
3.6779
3.4937
3.4045
3.4822
3.6876
3.7108
3.6107
3.6962
3.5318
3.2751
3.5161
3.6244
3.6079
3.4076
3.5471
3.7101
3.4192
3.4888
3.6804
3.7001
3.5806
3.5891
3.5177
3.6002
3.4683
3.3771
3.4423
3.3726
3.5359
3.6237
3.5835
3.1492
3.6716
3.5643
3.5629
3.6133
3.5860
3.6030
3.5347
3.4762
3.6105
3.4755
3.5699
3.3827
3.1641
3.3749
3.2936
3.2952
3.2033
3.5235
3.2924
3.3377
3.3004
3.3719
3.2589
3.6939
3.4532
3.4252
3.5588
3.4112
3.5633
3.5625
3.5485
3.5381
3.4924
3.6390
3.7216
3.4839
3.6139
3.6661
3.8467
3.8680
3.5056
3.6890
3.7827
3.3996
3.5636
3.4984
3.4873
3.5487
3.5616
3.5210
3.4917
3.5311
3.4821
3.6515
3.6069
3.5650
3.5769
3.6789
3.7279
3.5593
3.6893
3.7488
3.9164
3.6615
3.6348
3.8221
3.7896
3.8031
3.6122
3.7868
3.7373
3.8103
3.6630
3.7988
3.5847
3.7015
3.7329
3.5814
3.5625
3.6178
3.6674
3.7349
3.5930
3.4339
3.5037
3.6332
3.5709
3.6595
3.5115
3.8525
3.7056
3.4941
3.4659
3.6844
3.5965
3.7926
3.9759
3.6896
3.9434
3.6776
4.0947
3.7876
3.9919
3.8215
3.6927
3.6753
3.7863
3.8539
3.6457
3.9550
3.6746
3.9573
3.7789
3.7613
3.8550
3.7871
3.8044
3.8208
3.7082
3.7996
3.6373
3.6550
3.5916
3.5003
3.4172
3.5150
3.4540
3.4051
3.4293
3.5917
3.5344
3.5417
3.5833
3.7116
3.7492
3.7252
3.6587
3.5154
3.6319
3.8070
3.7044
3.6292
3.6903
3.6967
3.6446
3.5597
3.6494
3.8403
3.9305
3.5465
3.6530
3.6158
3.4627
3.6101
3.4663
3.4875
3.6959
3.5154
3.4314
3.5477
3.7403
3.7429
3.5602
3.5942
3.5723
3.6587
3.3756
3.2695
3.3845
3.5047
3.5884
3.5858
3.5910
3.7280
3.6999
3.6533
3.5839
3.4932
3.7570
3.4286
3.6482
3.4137
3.6038
3.3258
3.5184
3.5467
3.4037
3.4524
3.3029
3.3902
3.5459
3.5036
3.8540
3.6374
3.4827
3.5357
3.6154
3.8770
3.7733
3.4488
3.6332
3.7325
3.6131
3.4868
3.8881
3.5969
3.6219
3.6002
3.5869
3.5688
3.4920
3.5346
3.3491
3.5429
3.5544
3.4252
3.4626
3.5686
3.6948
3.5630
3.7774
3.6563
3.4840
3.4714
3.3842
3.4400
3.2695
3.4964
3.2090
3.2429
3.2187
3.3832
3.5835
3.5773
3.5284
3.8452
3.3383
3.5747
3.4809
3.5807
3.4956
3.5797
3.3948
3.2779
3.3047
3.6442
3.4982
3.6262
3.6986
3.8345
3.7348
3.4624
3.3889
3.4898
3.4490
3.7289
3.5207
3.6690
3.4956
3.5120
3.3330
3.3821
3.4555
3.5244
3.5723
3.4965
3.7619
3.8403
3.4689
3.4075
3.5356
3.4079
3.4432
3.5588
3.4842
3.5860
3.6673
3.4189
3.4000
3.4085
3.3875
3.4055
3.3769
3.5192
3.3084
3.1716
3.3407
3.4646
3.2651
3.2895
3.3263
3.2650
3.3203
3.3769
3.2946
3.4206
3.5495
3.3081
3.3203
3.3805
3.4238
3.4091
3.3334
3.1562
3.2628
3.4222
3.3969
3.3968
3.6821
3.4943
3.4844
3.5045
3.6860
3.6159
3.5801
3.3179
3.4922
3.3023
3.3226
3.3311
3.5360
3.6498
3.3557
3.4373
3.4966
3.4463
3.3288
3.2996
3.3299
3.1427
3.1735
3.2202
3.1800
3.3646
3.3280
3.4540
3.5288
3.4662
3.2375
3.2752
3.2643
3.3277
3.3845
3.4949
3.4961
3.5542
3.5579
3.6269
3.8092
3.6436
3.7774
3.8791
3.9172
3.8933
3.8745
4.0259
4.0465
4.1800
3.9281
3.8493
3.8544
3.8306
4.1053
3.9838
4.0213
3.9047
3.7918
3.7766
3.9336
3.9439
3.9012
4.1182
4.1092
4.0658
4.0986
4.1337
4.1176
4.1342
4.1622
4.1315
4.0974
4.1403
4.1859
4.1175
4.2697
4.1793
4.0195
4.2017
4.1301
4.0418
4.0709
3.9894
3.9625
4.0851
4.0667
4.0869
4.1305
4.0675
4.0102
4.0370
4.0903
3.9661
3.7852
3.9915
4.1361
3.8748
3.8139
3.9878
3.9836
3.7975
4.0380
4.1495
4.0959
4.1078
3.8948
3.9569
3.9173
3.7581
3.9745
3.7840
3.9832
3.9965
3.9629
4.0074
4.0872
4.0091
3.9008
3.8387
3.9630
4.2021
4.1104
3.9757
3.9708
3.8531
4.0152
4.0095
4.0608
4.0025
4.0765
4.1569
4.1912
4.1918
4.1939
4.1214
4.0911
3.9349
3.9288
3.9615
4.1749
4.1860
4.1917
4.2664
3.9809
4.0660
4.1374
4.1726
4.2748
4.2368
4.1270
4.1388
4.0641
4.0419
4.0648
4.1353
3.9543
3.8497
3.8321
3.7750
3.9441
3.9147
3.9768
4.0638
3.8864
3.8623
3.9706
3.9655
4.1409
4.0302
4.0675
4.2658
4.1235
4.2642
4.1588
4.2335
4.1599
4.0620
3.9363
3.9052
4.2678
4.1139
4.0618
4.1017
3.9427
4.0264
4.1806
3.9781
4.0444
4.1102
4.0687
4.1498
4.1650
4.0601
4.0922
4.1342
4.2741
4.1469
4.2173
4.0919
4.2389
4.1329
4.3312
4.2219
4.1942
4.1098
4.3380
4.0865
4.2614
4.1414
4.1541
4.0818
4.1640
4.1336
4.2544
4.1017
3.9900
4.0674
4.1126
4.1878
4.2525
4.1523
4.1390
4.1517
4.1042
4.2708
4.1457
4.0489
3.9970
4.0499
4.2477
4.1876
3.8683
3.9250
4.0654
3.9628
4.0237
4.2135
4.0883
4.0397
3.9077
3.8078
3.6516
3.9400
3.7509
4.0319
3.9275
4.0549
4.0991
4.1241
3.9840
4.1650
4.1589
4.0542
3.8632
3.9222
3.8467
4.0164
3.8484
4.0288
3.9882
4.0361
3.9121
4.0117
3.8272
3.8903
3.9839
3.9479
3.7114
3.9448
3.8474
3.8616
3.9319
3.8820
4.0417
4.0090
3.7949
3.9053
3.9051
3.9435
3.9023
3.9655
4.0719
3.9238
4.0256
3.9823
4.0390
3.8929
3.8786
3.9418
3.9913
4.0485
3.8634
4.0893
3.9303
3.9933
4.0454
3.9991
3.8834
4.0753
4.2302
4.0352
4.0148
4.1828
4.0529
3.9963
4.1610
4.0543
3.8962
3.9663
3.9599
4.1663
4.1842
4.1167
4.1852
3.9654
3.9714
4.2313
4.0262
3.9866
4.1180
4.0378
4.0505
3.8735
3.7112
3.9589
3.8595
3.8002
3.9828
4.0659
3.7439
3.8349
3.8529
3.8714
4.2801
4.1367
3.8973
4.1897
4.0352
4.0555
3.9329
4.0241
4.1795
4.0275
4.1001
4.1561
4.4393
4.3435
4.1663
4.1630
4.0488
4.1056
4.1317
4.1653
4.1763
4.2091
4.1331
4.0215
4.0312
4.1533
4.1075
4.2439
4.2448
4.2930
4.2754
4.1251
4.1179
4.1925
4.0620
4.3040
4.1047
4.1822
4.1903
4.2215
4.4116
4.1424
4.0963
4.3050
4.1327
3.9443
3.9981
4.0017
3.8992
4.0350
3.8585
4.0152
4.2157
4.0064
4.0149
3.9787
3.8805
4.0979
4.0943
4.0811
4.0466
4.0772
3.9034
4.1214
4.0241
4.0306
4.0839
3.9131
3.8869
3.8093
4.2049
4.2218
4.0574
3.9931
4.0547
3.9542
4.0619
4.1943
4.0524
4.0120
3.9350
3.9245
3.9114
4.0658
4.1138
3.9224
3.9594
3.9854
3.9564
3.8486
4.1545
4.1907
3.9895
3.8702
4.0481
4.1360
3.9981
3.8351
4.1024
4.0548
4.1097
3.9980
4.0541
3.9013
4.0063
3.8613
3.9562
3.7587
3.5453
3.8498
3.7944
3.8488
3.7615
4.0375
3.9920
3.8100
3.8661
3.9782
3.7953
3.7283
3.8047
4.1345
3.7533
3.8156
3.9328
3.9614
3.9493
3.8291
3.7548
3.9985
3.7586
3.8151
3.7963
3.8261
3.8228
3.7547
3.6743
3.8085
3.8795
3.9649
3.8610
3.7139
3.6544
3.3862
3.6382
3.5184
3.6228
3.6412
3.6986
3.5799
3.6317
3.5135
3.5613
3.5022
3.7452
3.7685
3.8668
3.6546
3.5338
3.4524
3.7640
3.6763
3.5650
3.5477
3.3423
3.2578
3.5166
3.5228
3.6251
3.5986
3.4765
3.7919
3.7145
3.7252
4.0651
3.7431
3.9045
3.6223
3.7761
3.7916
3.6946
3.6146
3.7180
3.5680
3.6040
3.5632
3.5396
3.6890
3.8067
3.6810
3.7312
3.7376
3.9260
3.8091
3.9094
3.8307
3.9022
3.8763
3.8070
3.6805
3.7600
3.6966
3.7439
3.6385
3.7234
3.6657
3.6171
3.5182
3.8760
3.9861
3.5530
3.7878
3.7618
3.7325
3.7577
3.7207
3.7611
3.8761
3.6615
3.5895
3.5149
3.6629
3.8820
4.0405
3.9011
3.9753
4.1438
3.9623
4.0518
3.8841
3.8346
3.6542
3.8765
3.5785
3.7156
3.8242
3.7531
3.9462
3.8239
3.7628
3.7750
3.7190
3.9735
3.7519
3.6392
3.9061
3.8478
4.0293
4.0527
3.9978
3.8880
4.0259
4.0434
3.7985
3.4538
3.6214
3.9825
3.7564
3.6747
3.6432
3.7755
3.7671
3.8302
3.9991
3.8964
3.9300
3.6474
3.5932
3.5238
3.4945
3.2570
3.5001
3.4129
3.4598
3.4525
3.7362
3.6466
3.5781
3.5372
3.4801
3.4135
3.3972
3.4377
3.5999
3.7255
3.8487
3.8389
3.7626
3.7916
3.6403
3.9731
3.7083
3.9687
3.8597
3.8625
3.8519
3.7399
3.7984
3.8102
3.7258
3.9982
3.6233
3.7877
3.8670
3.4819
3.6538
3.6853
3.8262
3.8695
3.7595
3.8230
3.9945
3.7547
3.7032
3.8563
3.7324
3.9210
3.8550
3.8058
3.7569
3.6797
3.6994
3.6225
3.4158
3.5505
3.7492
3.5895
3.3232
3.7189
4.0016
4.2066
3.9669
3.6164
3.6254
3.7516
3.7446
3.6277
3.8859
3.7627
3.9612
3.7404
3.7595
3.8849
3.9142
3.8206
3.5816
3.9815
3.7501
3.9650
3.9192
4.0553
4.0381
3.7241
3.7311
3.9553
3.8533
3.6585
3.9385
4.0024
3.7570
3.8359
4.0140
3.9749
4.0171
3.7308
3.5862
3.9061
4.1370
3.9767
3.8179
3.9822
3.9410
3.8650
3.8400
4.0441
4.0553
3.7928
3.7250
3.6501
3.8424
3.7928
3.7120
3.6519
3.9218
4.0053
3.8256
3.9126
3.7355
3.9421
3.8335
4.0131
3.8030
3.8924
4.0009
3.8281
4.1028
4.0335
3.9145
4.0304
3.7580
3.5679
3.8498
3.6949
3.6500
3.6545
3.8260
3.8807
4.1766
4.0752
3.9292
3.8528
3.8207
3.7348
3.8722
3.8154
3.8778
3.9019
3.6644
3.4543
3.7430
3.6954
3.7923
3.8411
3.6103
3.5961
3.6652
3.4512
3.4420
3.4643
3.6337
3.5807
3.5771
3.8792
3.7603
3.4952
3.8030
3.8515
3.7337
3.7497
3.7617
3.6852
3.9445
3.8688
4.0535
3.9742
3.9049
4.0196
4.0515
4.0574
4.0685
3.9452
3.9653
3.9237
3.7646
3.9610
3.9890
3.9226
3.8773
3.9606
3.6420
3.9681
3.8593
3.8207
3.9078
3.6206
3.9342
3.9764
4.0686
3.9081
3.8084
3.9112
4.0427
4.0051
4.0897
4.0713
3.7177
3.8420
3.9166
3.7005
3.7618
3.9200
3.8567
3.8188
4.0007
3.6367
3.8214
3.6553
3.8448
3.9930
4.1354
4.0186
3.8430
4.0067
3.9673
3.9348
4.0414
3.8280
3.8804
3.8814
3.9066
3.9252
3.7765
3.9743
3.9072
3.8236
3.8792
3.6866
4.0215
4.0944
3.9509
4.0596
4.0498
4.1432
3.8461
3.6639
3.7468
3.7560
3.8369
3.7724
3.7684
3.8516
3.8533
3.9791
3.8026
3.7906
3.9495
3.9927
3.9259
3.7552
3.9296
3.8973
3.7499
3.7610
3.8460
3.8976
3.7288
3.7682
3.7012
3.7334
3.9350
3.9508
4.0802
4.1709
4.2472
4.0152
4.0233
4.0610
3.9304
3.9791
4.0032
3.7267
3.9083
3.8201
3.7544
3.8332
3.6186
3.5497
3.6047
3.7364
3.7414
3.8651
3.9181
3.8880
3.8775
3.8536
3.8597
3.6188
3.8431
3.9192
3.6989
3.8777
3.6347
3.4957
3.6738
3.8932
3.7974
3.6944
3.6373
3.5380
3.5755
3.6125
3.6017
3.5838
3.7344
3.6279
3.5957
3.6691
3.6303
3.4584
3.4144
3.4260
3.2724
3.3605
3.4696
3.4121
3.6404
3.5899
3.6641
3.6703
3.5203
3.4435
3.3489
3.4911
3.6294
3.5614
3.8014
3.7070
3.6247
3.6938
3.4756
3.4302
3.7557
3.7398
3.8048
3.8652
3.7231
3.6870
3.8899
3.8151
3.4626
3.5879
3.4191
3.4385
3.6443
3.5698
3.5046
3.4275
3.8527
3.7099
3.6032
3.5744
3.5844
3.6548
3.3467
3.5253
3.4775
3.6165
3.5973
3.6717
3.6919
3.7963
3.8502
3.7832
3.7573
3.7017
3.7156
3.7763
3.7695
3.9230
3.8169
3.9213
3.7053
3.9007
3.7996
3.5042
3.6830
4.0156
3.6106
3.6273
3.5751
3.6974
3.5551
3.7090
3.5399
3.4864
3.5963
3.4245
3.5903
3.5764
3.4846
3.6442
3.5480
3.3468
3.5363
3.6056
3.5482
3.6659
3.7471
3.7567
3.8810
3.5678
3.4809
3.5053
3.5197
3.4790
3.6227
3.5760
3.4894
3.3510
3.4511
3.5610
3.4210
3.3480
3.6791
3.6305
3.6276
3.6672
3.3844
3.4350
3.4517
3.5086
3.4093
3.2655
3.6561
3.8230
3.5125
3.5744
3.5818
3.6167
3.8070
3.8078
3.8032
3.7396
3.5234
3.5659
3.6285
3.5403
3.5895
3.4931
3.4511
3.3040
3.4478
3.6738
3.4029
3.4918
3.3496
3.5857
3.5242
3.3738
3.4627
3.5003
3.5282
3.3654
3.5110
3.3305
3.5663
3.5208
3.4205
3.5103
3.4944
3.4403
3.2780
3.2779
3.4524
3.3244
3.3472
3.4427
3.3367
3.4545
3.5487
3.4005
3.4858
3.5753
3.5002
3.4922
3.5574
3.4286
3.6098
3.6039
3.5950
3.5344
3.6006
3.4739
3.5750
3.3959
3.4986
3.3727
3.4264
3.3644
3.5372
3.5914
3.3989
3.6387
3.4332
3.4086
3.3576
3.3065
3.7152
3.6092
3.6630
3.6549
3.6509
3.6590
3.3455
3.3343
3.3026
3.3751
3.4149
3.4494
3.5320
3.3216
3.4590
3.5460
3.5461
3.4265
3.4232
3.4523
3.4237
3.3977
3.5136
3.4881
3.4763
3.4485
3.4868
3.3954
3.4720
3.6115
3.6259
3.5739
3.5617
3.5696
3.5965
3.5168
3.5624
3.5985
3.5791
3.5755
3.4739
3.6438
3.3348
3.5032
3.3569
3.5409
3.5735
3.5036
3.4354
3.5758
3.5986
3.5766
3.5086
3.4814
3.5605
3.4874
3.5390
3.4352
3.5588
3.4755
3.2971
3.6039
3.4703
3.3416
3.5543
3.5140
3.7010
3.3813
3.7637
3.5981
3.5574
3.7976
3.7674
3.5342
3.7113
3.6705
3.8559
3.6024
3.5946
3.3607
3.5849
3.4646
3.5362
3.6987
3.6503
3.4615
3.4592
3.6842
3.4965
3.5403
3.5711
3.4522
3.7046
3.5983
3.9246
3.5313
3.8067
3.7015
3.7566
3.6123
3.5167
3.7009
3.6374
3.7463
3.5855
3.5160
3.7335
3.5629
3.6799
3.7173
3.4630
3.4739
3.3760
3.5350
3.2512
3.5260
3.4832
3.3816
3.3877
3.4006
3.4976
3.5500
3.5391
3.5391
3.6400
3.5588
3.5585
3.6318
3.5087
3.4628
3.5698
3.4738
3.4644
3.4953
3.4829
3.5880
3.4749
3.2919
3.6470
3.5438
3.5014
3.5275
3.6480
3.4429
3.5210
3.5652
3.4120
3.5503
3.4526
3.4035
3.5328
3.4943
3.4810
3.5611
3.3725
3.3633
3.5687
3.4782
3.6778
3.5929
3.6121
3.5763
3.5211
3.6459
3.7098
3.6643
3.6444
3.7314
3.3790
3.5059
3.6560
3.7474
3.4734
3.6388
3.4373
3.6562
3.4119
3.4328
3.4778
3.5080
3.5958
3.4060
3.3972
3.5599
3.6849
3.5824
3.6840
3.6674
3.6390
3.5905
3.6605
3.4986
3.5894
3.6359
3.5608
3.4866
3.5061
3.5189
3.4408
3.5366
3.5362
3.5154
3.5692
3.5746
3.4815
3.5883
3.5757
3.4539
3.5312
3.4927
3.4866
3.6582
3.4709
3.5270
3.5696
3.4481
3.4032
3.4791
3.4075
3.4859
3.6312
3.6840
3.5436
3.4717
3.5577
3.4564
3.4370
3.4130
3.4911
3.2959
3.4606
3.4027
3.5088
3.4368
3.7557
3.5055
3.4549
3.3478
3.4812
3.5257
3.6239
3.6506
3.6990
3.7319
3.5587
3.6156
3.5504
3.5483
3.6304
3.5743
3.7841
3.6258
3.5764
3.5440
3.7357
3.5933
3.4968
3.6161
3.4091
3.4528
3.4837
3.6683
3.7105
3.7211
3.8897
3.5966
3.5936
3.6483
3.6174
3.5996
3.4780
3.4960
3.5844
3.4550
3.3982
3.6364
3.4322
3.3358
3.5448
3.6210
3.6417
3.5865
3.4984
3.5224
3.5401
3.6194
3.6820
3.5681
3.5835
3.5000
3.5475
3.5644
3.4154
3.3809
3.3824
3.4581
3.5531
3.5655
3.5540
3.4890
3.4761
3.4439
3.6951
3.5727
3.2860
3.3942
3.2899
3.4140
3.4169
3.1742
3.4033
3.6236
3.4883
3.5643
3.5813
3.5239
3.4506
3.5871
3.5954
3.5542
3.5493
3.4806
3.5109
3.5400
3.6476
3.6633
3.6388
3.5929
3.4717
3.5923
3.5874
3.7990
3.5192
3.4654
3.4521
3.4391
3.7051
3.4878
3.4909
3.6944
3.7511
3.5797
3.4608
3.5791
3.3229
3.1916
3.3691
3.4450
3.4349
3.3560
3.5650
3.4602
3.5654
3.4997
3.4545
3.4827
3.3302
3.4091
3.3189
3.2762
3.2892
3.4164
3.4010
3.4875
3.4246
3.6321
3.5497
3.5821
3.4865
3.5300
3.4206
3.4321
3.3906
3.5662
3.2857
3.8096
3.5389
3.5446
3.7054
3.6397
3.6552
3.6662
3.3898
3.6404
3.6919
3.6535
3.4917
3.4010
3.4729
3.4494
3.4235
3.4614
3.3280
3.3813
3.5368
3.4272
3.4100
3.5050
3.5510
3.5994
3.6130
3.5282
3.5937
3.2751
3.3849
3.3321
3.2440
3.3296
3.5363
3.4817
3.6960
3.7229
3.8640
3.9582
3.8159
3.6400
3.7617
3.6024
3.9211
3.9163
3.4918
3.9149
3.5887
4.0203
3.9048
3.7758
3.9378
3.8812
3.8443
3.8293
3.6632
3.6258
3.7620
3.9078
3.8251
3.8763
3.8119
3.9477
3.7944
3.9188
4.0014
4.0061
3.7097
3.7372
3.7316
3.8033
3.7044
3.8461
3.8316
4.0516
3.9466
3.9862
3.8287
3.9730
3.9605
4.0242
3.7664
3.7499
3.8742
3.9224
3.8661
3.8701
3.7829
3.6696
3.7668
3.6895
3.7839
3.6840
3.8345
3.7117
3.7891
3.9797
3.8819
4.0575
4.0225
3.8850
3.8539
4.0088
3.8808
3.9070
3.7575
3.8462
3.8657
4.0157
3.8977
3.8814
4.0713
4.1637
3.9012
4.1036
3.8909
4.0884
4.1255
4.0335
3.9056
3.9136
4.0414
3.9139
4.0688
3.9281
3.8521
3.9850
3.8412
3.8815
4.0150
4.1248
3.8603
3.9272
3.9161
3.8356
3.9369
4.0336
4.0130
3.7475
3.5797
3.6678
3.9081
3.9319
3.8576
3.6920
3.7452
3.6993
3.7302
4.1682
4.1713
4.1124
4.1842
3.8737
3.9074
3.7840
3.7640
3.8706
3.7619
3.8401
3.8891
4.1117
4.1258
4.2336
4.0531
4.0351
4.0788
4.4760
3.9743
4.0756
3.9859
4.1260
3.9719
4.1552
4.2225
3.8898
3.8219
3.7888
4.0751
3.8885
3.8696
3.7450
3.9545
3.6144
3.7867
3.8956
3.6893
3.8173
3.5885
3.4285
3.7273
3.7372
3.7118
3.7193
3.6748
3.5121
3.7000
3.6404
3.4058
3.8366
3.6985
3.3812
3.3457
3.5395
3.6392
3.6098
3.4415
3.5090
3.6384
3.8783
3.5906
3.4843
3.5272
3.7257
3.6779
3.7043
3.8450
3.9607
3.9214
3.5840
3.6695
3.7159
3.7874
3.8424
3.6759
3.7682
3.7550
3.8159
3.7422
4.0100
3.9319
3.9370
3.9065
3.8578
3.7911
3.5819
3.7326
3.7781
3.9734
3.7508
3.6724
3.7688
3.5240
3.5874
3.5234
3.5291
3.5923
3.8213
3.7348
3.5049
3.6537
3.5046
3.5032
3.6834
3.4199
3.5176
3.5801
3.4792
3.3935
3.7409
3.4516
3.4281
3.3533
3.6048
3.4599
3.3910
3.3818
3.4544
3.5649
3.3709
3.3924
3.5287
3.4977
3.4486
3.2617
3.8709
3.6219
3.6326
3.4325
3.4506
3.4447
3.3273
3.4616
3.4057
3.6240
3.4649
3.3891
3.3222
3.3887
3.3810
3.5819
3.5012
3.6134
3.8011
3.8222
3.6972
3.6884
3.7357
3.6071
3.5740
3.5700
3.6255
3.4738
3.7218
3.9447
3.5773
3.8370
3.7993
3.4724
3.8097
3.6091
3.7261
3.5716
3.8377
3.6758
3.6137
3.5261
3.6586
3.8107
3.8040
3.6062
3.5914
3.6311
3.6045
3.7520
3.7542
3.7442
3.6206
3.5584
3.4908
3.5300
3.5907
3.6444
3.6379
3.3099
3.4276
3.4282
3.5309
3.4254
3.6994
3.6933
3.6686
3.7065
3.7065
3.6964
3.6071
3.6333
3.4945
3.5569
3.7531
3.6091
3.5966
3.4496
3.6384
3.8852
3.8550
3.8491
3.6402
3.8129
3.6456
3.6461
3.4997
3.9406
3.8676
3.7032
3.5016
3.8125
3.8373
3.5943
3.5432
3.4191
3.6106
3.7258
3.8377
3.8031
3.8330
3.7074
3.8052
3.6739
3.6092
3.5977
3.7256
3.7708
3.6238
3.6991
3.7053
3.8779
3.7598
3.9470
3.8987
3.9568
3.6388
3.8693
3.6022
3.7550
3.6492
3.5817
3.7894
3.4575
3.5051
3.6202
3.4886
3.5121
3.5916
3.6987
3.4415
3.5416
3.7267
3.6829
3.5945
3.6336
3.5196
3.5443
3.7616
3.7309
3.7365
3.5960
3.5817
3.5218
3.6120
3.4621
3.3540
3.5273
3.4276
3.2963
3.3769
3.4169
3.3821
3.2952
3.4007
3.4361
3.5253
3.3170
3.4570
3.5991
3.6021
3.5791
3.6187
3.5461
3.6596
3.7438
3.8977
3.9436
3.6258
3.9419
3.8238
3.7005
3.8256
3.7556
3.5855
3.4048
3.5434
3.5309
3.5115
3.6279
3.5252
3.7014
3.6738
3.6965
3.4831
3.4845
3.4041
3.6926
3.6013
3.6509
3.7989
3.4184
3.4204
3.3930
3.3135
3.2881
3.4530
3.7353
3.4401
3.3239
3.6621
3.4518
3.6045
3.4338
3.2765
3.2397
3.2508
3.3511
3.3233
3.3172
3.6660
3.4569
3.3085
3.5373
3.5403
3.4910
3.4291
3.8126
3.6053
3.6233
3.4437
3.4711
3.4276
3.3733
3.3698
3.2216
3.4433
3.4105
3.2793
3.5754
3.4333
3.3357
3.4481
3.7027
3.6047
3.3101
3.5046
3.3753
3.6351
3.5391
3.6230
3.6109
3.5954
3.5055
3.2882
3.4565
3.4560
3.4833
3.4841
3.7568
3.7497
3.4471
3.7052
3.5329
3.2976
3.2176
3.6938
3.3373
3.3508
3.4840
3.4100
3.5505
3.4895
3.3060
3.3211
3.5342
3.6972
3.7611
3.8367
3.6871
3.8425
3.9913
3.8607
3.9158
3.9041
4.0142
4.1678
3.9559
3.9618
3.8395
3.5929
3.8300
3.8516
4.0444
4.1754
3.9704
3.8929
3.5594
3.4703
3.5333
3.4360
3.2059
3.3193
3.5783
3.5279
3.3636
3.4526
3.5323
3.5720
3.6377
3.8104
4.1400
3.9473
3.7746
3.6773
3.8725
4.1618
3.5907
3.4908
3.7214
3.9340
3.9203
3.8600
3.6403
3.7486
3.8333
3.7868
3.5695
3.5611
3.3421
3.3385
3.3912
3.7280
3.6384
3.3514
3.5600
3.4745
3.4490
3.5974
3.4721
3.7373
3.8938
3.6096
3.5944
3.5379
3.4489
3.8504
3.9751
3.8495
3.7692
3.7787
3.5936
3.4416
3.6148
3.7494
3.4215
3.4151
3.3103
3.4230
3.6300
3.5751
3.6546
3.6597
3.3594
3.6296
3.4749
3.4044
3.4893
3.4247
3.7642
3.6800
3.7044
3.6119
3.9153
3.7238
3.9477
4.0232
4.0965
3.9698
3.9171
3.8736
3.8829
3.6138
3.7912
3.5733
3.5367
3.3440
3.3781
3.5319
3.5412
3.4665
3.4959
3.5531
3.3360
3.4196
3.3127
3.3790
3.5126
3.5415
3.4327
3.7059
3.5690
3.5833
3.6724
3.3935
3.3220
3.5787
3.3088
3.3729
3.4605
3.7344
3.4932
3.5446
3.6083
3.4414
3.6036
3.2900
3.3010
3.5862
3.5299
3.5906
3.4319
3.3262
3.5958
3.6152
3.3773
3.6379
3.5440
3.3603
3.6382
3.4686
3.5867
3.6280
3.6148
3.5484
3.4790
3.7535
3.4004
3.2579
3.5069
3.7053
3.6940
3.8494
3.8313
3.8206
3.8169
3.7256
4.0964
3.9015
3.7281
3.8903
4.2595
4.1322
4.0107
3.7187
4.1835
3.8947
3.7616
3.7430
3.5987
3.6859
3.7069
3.5506
3.6600
3.6369
3.9025
3.6325
3.5787
3.4010
3.5967
3.6156
4.0565
3.6044
3.5971
3.4666
3.5084
3.7868
3.4483
3.4411
3.4216
3.5313
3.5209
3.3056
3.5343
3.6187
3.4922
3.6550
3.4869
3.4166
3.5739
3.4583
3.5563
3.3501
3.4704
3.5908
3.5267
3.6335
3.7907
3.5836
3.7171
3.8304
3.9556
3.6452
3.8276
3.8760
3.6698
3.6977
3.8305
3.9016
3.7168
3.7417
3.8439
3.8374
3.9916
4.0648
3.9078
4.1792
4.0646
3.9554
4.0371
4.4911
4.4245
4.1025
3.7182
3.7575
3.8665
3.7503
3.5795
3.6790
3.6776
3.6600
3.9057
3.4771
3.1713
3.5977
3.4814
3.2593
3.4875
3.5040
3.6802
3.6963
3.6280
3.4615
3.6170
3.5545
3.6390
3.4317
3.7706
3.5335
3.4924
3.5367
3.6283
3.6090
3.2068
3.4285
3.4320
3.3909
3.4902
3.4775
3.4964
3.4288
3.4754
3.5398
3.4112
3.2284
3.4828
3.3697
3.2733
3.4355
3.3424
3.4347
3.5527
3.5442
3.3279
3.4155
3.4487
3.4520
3.5716
3.4841
3.6122
3.6472
3.7414
3.6252
3.5787
3.5971
3.5637
3.3915
3.5421
3.2416
3.6426
3.5624
3.5157
3.5726
3.5610
3.4296
3.7824
3.4896
3.5630
3.4816
3.4446
3.6881
3.4903
3.4615
3.4777
3.5567
3.6203
3.6978
3.6469
3.7721
3.6651
3.6115
3.3000
3.6552
3.5721
3.7753
3.8294
3.5742
3.5356
3.6872
3.4026
3.5842
3.6789
3.3381
3.4750
3.5510
3.6399
3.6617
3.6855
3.4093
3.4437
3.4435
3.6321
3.5721
3.6428
3.5294
3.4239
3.4166
3.4269
3.6099
3.4273
3.4764
3.5654
3.4652
3.7318
3.6273
3.4671
3.5740
3.8378
3.7255
3.6451
3.6850
3.6949
3.4995
3.8124
3.5952
3.5225
3.7709
3.6274
3.6282
3.6220
3.6268
3.6994
3.6149
3.2921
3.6721
3.7177
3.4409
3.5336
3.5421
3.5599
3.4841
3.4072
3.3009
3.2374
3.4264
3.2613
3.1206
3.3078
3.5515
3.3844
3.6674
3.4427
3.3677
3.2433
3.1967
3.3797
3.3525
3.4515
3.1948
3.2627
3.3025
3.4842
3.2558
3.2438
3.2637
3.4103
3.3944
3.3730
3.5502
3.4536
3.5757
3.4434
3.5635
3.6107
3.6597
3.7268
3.7674
3.6114
3.3722
3.3951
3.4362
3.3440
3.4319
3.6849
3.4144
3.3439
3.4521
3.4023
3.3115
3.4040
3.3005
3.6817
3.5561
3.6041
3.5570
3.3864
3.7603
3.6754
3.9218
3.5755
3.5627
3.6089
3.8242
3.5294
3.5576
3.6615
4.0576
3.7479
3.5892
3.8284
3.7530
3.9320
4.0130
3.9436
4.0827
4.0710
4.0309
4.2058
4.0877
3.8847
4.0765
3.7824
4.0363
3.8142
3.8565
4.2394
4.0773
3.9546
3.7968
3.7965
3.8661
4.0105
4.0545
3.9320
3.8180
3.7462
3.7492
3.6581
3.8903
3.8925
3.9173
4.0566
3.9259
4.1211
4.0731
4.0772
4.0791
4.1669
3.7562
4.0679
4.1619
4.0696
3.8770
4.0695
4.1012
4.0861
3.7200
3.9124
3.8554
3.8781
3.8291
4.0051
3.9411
3.8081
3.8287
3.8940
3.7872
3.6107
3.8573
3.8810
3.8502
4.0177
3.8314
4.2729
4.0524
3.8888
4.1256
4.0414
4.0652
4.1731
3.8491
4.0375
3.9697
3.9890
4.0069
3.7326
3.7699
3.9674
3.9642
3.9216
4.0111
3.6318
3.5833
3.6471
3.7183
3.7203
3.9666
3.7992
3.8052
3.7097
3.8896
3.7763
3.7167
4.1280
3.9236
3.5788
3.8424
3.7396
3.8845
4.5342
4.3617
4.0654
3.5602
3.8143
3.7844
3.8040
3.9614
4.1179
3.9337
4.1622
3.8000
3.8569
3.8591
3.7058
3.8583
3.6937
3.6198
3.5958
3.4798
3.3266
3.5464
3.8266
3.9455
3.7022
3.7801
3.8608
3.5630
3.4181
3.3930
3.3154
3.6195
3.5701
3.3100
3.5605
3.6887
3.4941
3.9260
3.8390
3.7248
3.5295
3.4606
3.5240
3.5142
3.6311
3.6715
3.7547
3.5765
3.4465
3.7233
3.9389
3.6557
3.8427
3.8593
4.0745
3.9881
3.8781
4.0001
3.7186
3.6630
3.7229
3.9749
3.9578
4.2008
4.2337
3.8438
3.8208
3.9939
3.7711
3.7082
3.7559
4.0501
3.9119
4.0351
3.6625
3.5656
3.9714
4.1687
4.0352
4.0204
3.7737
3.8833
3.7956
3.9287
3.8506
3.7896
3.9450
3.9558
4.0945
4.1189
4.1977
3.9213
3.9079
3.8374
4.1054
3.7216
3.9610
4.1108
3.9887
3.6556
3.9628
3.4969
3.4774
3.8389
4.0092
3.6159
3.7678
3.8370
3.8432
3.6342
3.9555
3.6062
3.3967
3.6129
3.7770
3.4795
4.2025
4.2044
4.5318
