132.0489
130.7724
128.7956
126.9334
128.1163
129.5307
128.7066
131.7842
129.9418
127.9350
127.5496
126.2738
126.6088
124.9487
126.6026
125.3435
124.1994
124.4835
123.1883
123.0401
123.6335
124.9843
124.0189
123.7940
123.4494
124.4270
121.4525
122.2762
121.1235
122.0558
122.7619
122.6569
121.2863
120.5226
118.1870
119.3248
120.0765
119.6870
118.6747
121.3326
121.6822
120.3901
119.6552
120.3768
118.8446
117.1673
116.1108
117.6808
117.6386
117.4699
115.9535
114.4905
115.8719
116.0388
116.1094
116.2564
116.9755
117.7664
114.4606
116.0472
115.3055
114.5935
116.4287
115.4473
115.6639
115.9395
115.0379
114.5715
115.7436
113.5778
114.8979
113.6165
112.4858
112.6256
114.5637
114.1592
113.8626
115.1074
113.9031
114.0668
112.6488
112.6660
114.4045
114.3027
112.6027
112.5946
114.3185
111.6953
113.1032
113.2238
113.1215
114.0168
115.8391
114.6561
116.1319
114.1017
115.2145
115.2865
115.9966
115.8789
114.7455
116.1003
116.5845
116.5838
115.9718
114.9683
115.5787
115.1247
114.0050
113.3545
114.4837
114.5577
114.9727
115.1149
114.6846
114.6067
114.4868
114.4763
114.7509
112.4263
113.9187
114.1822
114.7719
115.2101
116.9041
116.0091
115.6049
114.5430
115.5152
114.2814
113.7973
112.7573
115.4612
114.0926
114.0336
114.6898
113.2925
112.0238
112.6496
112.7032
111.5831
113.6599
113.5342
114.4607
114.7524
113.5158
114.2454
113.9952
113.1974
113.7320
112.6122
112.5472
113.2706
112.7719
110.9237
109.8204
111.3753
111.4666
111.2301
109.6050
110.8127
110.8276
110.3737
109.0991
108.6614
109.9308
109.1598
110.7844
112.3461
111.7190
111.6671
112.3071
113.3920
112.7544
112.8678
111.9213
113.8676
113.3550
112.2489
109.8873
109.0363
108.2577
108.8287
110.3778
109.3673
110.6136
111.0265
110.8868
110.1274
111.5841
110.7140
111.0778
111.3417
110.5142
108.4931
110.7726
109.8559
109.0357
109.1994
110.9922
109.7249
111.0232
111.1294
108.9304
108.5654
108.8286
108.7990
108.2716
110.2117
110.9515
110.7554
110.4156
109.6103
111.0894
111.3764
112.4936
110.1084
110.4826
111.1786
111.2876
111.6108
109.8292
109.6370
110.8547
111.8199
109.8350
108.7833
111.3936
110.7278
112.3359
110.8642
110.5590
111.1454
110.8713
109.8731
108.2888
109.3488
110.5741
111.3564
109.6591
108.6746
108.9589
108.3078
108.3941
108.1663
107.0185
109.1177
108.8266
108.9780
109.3556
110.0848
109.2539
107.2151
105.6838
107.1243
108.8229
109.3642
110.5001
109.2592
109.0964
107.4527
108.0346
107.5655
106.4203
107.0615
107.7391
105.8964
108.1508
107.0519
106.5459
106.2859
106.2537
107.8137
104.3876
105.5420
106.8766
108.6614
109.0105
109.8180
110.2310
109.2661
107.7564
109.9217
108.1841
107.2076
109.0461
107.1898
110.8541
108.3815
109.6949
111.2175
108.2499
107.8932
107.9577
108.3917
108.6329
108.1016
107.7448
107.6850
107.3022
108.0955
109.2118
108.0351
108.5076
109.3649
109.2915
108.4379
108.7286
107.6656
108.2305
107.1711
108.1682
108.4002
108.7355
109.3723
109.5079
107.9355
108.0531
108.0758
108.4216
108.4747
107.9584
108.0782
108.0343
108.9710
109.7502
110.8142
107.1629
108.5523
110.0824
108.2798
108.2187
107.0372
108.1085
109.0436
108.6753
110.4796
110.0183
108.9143
108.3945
108.8022
107.8949
106.7796
108.6992
108.3456
110.2197
108.6182
110.6320
110.5981
109.7818
109.7764
108.1879
106.6391
107.7697
105.8873
108.2802
107.5382
108.3417
108.8119
109.9014
110.5326
108.9680
108.3500
106.5915
106.7521
106.9078
106.5343
106.6825
106.1779
107.7796
108.1590
105.5271
104.7101
105.5357
107.1471
106.8430
107.8609
108.2912
109.2104
109.3071
108.8762
108.5664
109.1975
109.4990
109.6557
108.6791
109.0047
107.6047
106.3820
107.7789
108.4950
108.9094
107.2710
108.0170
107.8516
108.7983
108.5656
109.4874
109.7155
111.2798
109.1952
109.7029
110.2207
111.8535
113.2120
113.2069
112.8487
112.8253
112.3104
110.6585
111.3984
112.0613
111.6827
111.1761
111.7976
113.5816
111.4634
109.9955
110.5182
111.1385
110.8491
111.8102
110.0646
111.4392
111.5947
111.7760
109.3101
109.2975
110.9117
111.4248
111.2864
112.7112
111.8684
110.3536
112.3574
112.3980
111.1211
109.9783
111.1235
111.3034
111.2965
109.7313
109.2669
109.3640
108.9940
106.9855
107.4252
108.7393
107.9989
108.2509
108.9767
110.4363
109.9854
111.0368
110.0971
108.7724
110.1048
108.4536
106.9629
107.9853
109.6566
109.0095
109.6216
108.2754
106.3608
107.0478
106.2652
107.8146
108.3061
109.4834
109.1314
108.3885
107.1059
107.2946
107.9934
108.2201
108.7033
110.0406
110.1576
108.0692
109.0532
109.5805
109.9075
110.0497
109.6630
109.8097
109.2735
109.5234
110.2120
109.9632
108.6538
106.8327
107.1635
107.3969
106.9346
106.1128
105.1444
105.1086
106.8172
107.5842
108.7175
108.9214
108.7603
109.6063
111.3131
112.1691
110.7646
110.5255
110.5362
109.2936
108.1236
107.4089
109.3273
110.0889
109.5857
108.0805
106.3287
105.7107
105.1256
105.1637
105.4866
105.9179
107.1352
104.9704
105.7676
104.5488
106.4264
105.5650
106.5995
108.2401
110.0004
109.9129
108.9439
108.5973
109.9768
107.8081
107.0078
108.0399
107.1481
107.9015
107.4085
106.2330
109.2234
108.1530
107.9597
108.2693
109.1064
109.6061
110.4205
109.6144
108.8412
108.6381
107.5320
107.5836
108.9633
108.1391
109.1526
107.7792
109.2885
108.6966
109.3425
110.2531
110.3644
109.9565
110.9586
110.6136
111.5090
112.0965
109.3370
107.7489
108.6951
110.2606
109.5634
111.3269
110.8821
108.4352
108.8525
107.2656
107.7199
108.0588
107.1776
106.9071
108.8995
106.3490
106.0845
105.9904
105.6211
104.4515
106.5368
104.8740
106.4721
105.8314
103.9814
104.6101
104.9767
104.6352
105.2052
106.0176
108.2497
107.4081
107.3295
106.0737
105.2536
106.5871
105.3773
106.1562
105.8921
105.3701
104.5949
104.8142
103.3530
102.9602
105.4553
104.5858
102.8843
102.6346
104.1884
104.4493
104.4577
104.6026
104.3158
104.2006
104.8630
103.6643
103.2489
103.8232
103.6316
104.8145
102.7597
103.3159
104.1321
104.7552
105.1548
104.3535
103.4932
103.0358
102.3186
100.4514
100.6776
100.3369
102.3454
101.2534
101.0706
102.0332
102.1118
102.0106
103.1563
102.8163
102.7029
102.7396
102.6602
101.6009
101.3433
102.1312
100.6248
100.9217
102.9663
103.2235
102.5885
103.5311
103.2869
102.8652
101.6069
102.6419
104.1432
104.3152
102.5694
103.3936
102.8381
102.6135
104.6241
105.2300
105.4559
103.8741
105.3194
105.6088
103.7189
104.0700
104.1416
102.3188
101.3730
102.4984
102.6146
103.6275
102.9565
102.7938
105.5805
104.3517
103.4824
103.0455
101.5305
100.3721
100.0720
99.8988
98.9342
98.3983
97.9542
98.2557
99.0009
100.2829
98.0712
100.6283
101.9153
101.2133
102.3669
103.7744
102.7684
101.9848
100.3647
102.4222
102.8826
103.1224
101.0446
102.5225
103.8462
103.9382
103.8644
103.7833
102.2383
102.6659
103.0121
101.7324
102.6090
104.3528
105.3725
103.1848
103.8602
105.5060
104.5301
103.7143
103.7226
105.8454
103.7043
104.2428
104.9443
105.9305
104.2841
106.9571
105.8466
107.9726
108.2135
106.2949
107.5871
106.4593
106.6650
107.6121
106.5398
106.1194
106.8369
104.7893
105.3661
107.1708
108.3926
107.0276
107.8223
105.3495
107.0909
107.0890
105.9081
105.9793
107.3332
106.4395
106.6703
107.7252
105.2459
104.9965
105.4678
105.6762
106.6869
104.0528
102.4178
104.2831
104.5257
102.7550
105.2576
105.2402
105.2343
103.5107
103.5222
104.7479
103.5119
103.1592
103.4584
102.8474
102.1003
103.3517
103.0267
103.4113
104.5736
103.6049
103.4487
102.6479
101.5329
102.3014
100.6434
100.4811
102.4712
102.3776
102.9996
102.6713
104.0901
103.0584
102.8151
102.3014
103.8364
103.0714
102.3318
103.0193
102.3404
103.4547
103.9552
104.1834
105.1047
105.0658
104.0267
103.6085
102.1502
104.1302
102.4236
103.4741
103.6964
103.7466
104.7090
104.2845
102.7577
102.5960
103.9166
104.7829
103.6778
102.7130
101.3351
103.2536
104.0292
103.3992
101.9441
100.9615
100.3546
102.4633
101.1166
102.5931
102.5187
104.6331
104.1490
103.9743
103.8180
104.5117
105.1130
105.3618
104.8255
103.4035
102.8606
104.1005
102.9006
103.6271
101.4611
102.9810
101.2335
102.1731
102.4601
103.0522
101.1870
102.6855
101.9711
102.9374
101.8334
100.4705
102.5263
102.3328
100.9312
102.4108
101.9334
102.4045
102.0021
102.2000
103.1546
100.8615
101.4207
100.5806
101.4342
101.6036
101.2514
100.9500
102.0303
101.7718
100.6453
99.5146
101.7842
102.3989
102.9914
104.3512
103.6291
102.0288
101.4082
102.3411
101.5043
101.3092
100.9069
101.4027
101.4596
102.3840
102.5177
103.2389
103.5044
102.9120
102.4195
102.6450
103.9310
104.4936
105.9302
104.5189
105.3714
105.0597
104.2615
104.4919
104.3502
103.5135
103.2092
103.5500
103.2706
103.7363
104.2422
103.5331
103.9416
104.6236
104.6247
103.9145
104.0526
104.1787
104.2441
104.4681
105.2907
103.1857
105.4077
104.6018
104.2962
105.0442
105.0738
104.3146
104.2553
104.5365
104.0349
104.1028
103.7429
104.8444
104.1250
104.7106
105.8726
103.5970
103.1045
102.6862
102.6973
104.4646
103.8574
104.5329
107.0826
105.8862
105.0505
105.6930
106.0405
104.6211
105.0172
103.7460
103.1276
104.4609
105.7076
104.7878
104.7650
102.2877
100.6022
103.0187
101.0087
100.9752
101.1313
100.2346
99.7818
100.9909
101.6799
100.4358
102.0143
101.0646
101.0084
99.7620
101.2778
100.7083
100.8650
101.6759
101.1002
101.2530
103.0678
103.1831
103.6031
102.4361
104.0031
100.6643
101.2920
101.7907
103.0577
103.1001
102.9208
102.4839
102.2402
103.9948
103.0279
102.4754
102.4710
103.0089
101.6561
101.2957
100.0492
98.7463
99.9437
100.0102
99.8278
101.5872
100.9615
99.3788
101.7652
102.2162
101.9810
102.6015
101.4371
102.2191
100.4159
100.9025
99.5340
99.8095
99.7196
99.6591
99.4764
99.8320
99.4607
100.5405
100.3004
100.1248
99.5184
99.5835
98.1618
98.2255
97.4684
99.8016
99.9615
100.1642
101.5408
100.1232
100.0471
101.0277
99.0377
99.0805
99.0039
97.7201
99.0843
98.9213
100.7568
99.8940
99.9988
100.8932
101.2092
101.3206
101.5060
100.6684
102.0941
102.1665
100.4959
101.7171
103.5657
102.9928
104.0903
102.5135
103.9443
104.6413
104.3127
104.4355
105.3381
104.3307
104.3604
103.4854
106.6608
103.9418
105.1791
105.1023
104.0447
103.7991
103.8932
104.1767
102.6236
103.9305
103.0961
103.3599
103.1039
103.4188
103.7181
101.3580
101.6893
102.1764
102.5582
101.9832
102.0693
102.6072
104.6811
101.4613
101.4718
102.1080
102.8075
101.7372
102.1955
103.5436
101.6194
101.1264
101.3898
102.4259
101.6655
101.6499
99.6588
99.1066
100.4785
100.8749
101.1456
101.9420
100.9353
101.5425
102.3963
103.0013
103.1785
103.3379
102.7984
103.5928
101.7280
102.2550
101.6693
102.1591
101.2948
101.5216
100.6578
102.5537
102.3207
103.1111
103.6875
104.1557
103.0731
104.0232
103.4164
105.4354
104.6370
105.5836
104.3565
103.6907
104.7803
103.4869
103.7438
104.1201
102.3417
102.4091
100.8128
102.2497
102.6874
101.8634
102.7578
101.2010
103.1078
101.2805
100.9265
101.4904
101.1080
101.3301
101.2829
102.4633
101.8685
101.9197
103.6187
102.5350
103.3280
103.8438
103.4709
103.9262
103.4573
102.1642
101.7258
102.3121
104.4299
104.1402
101.8916
102.1675
100.3911
100.1458
101.1439
100.5716
99.2020
98.4366
98.2165
98.0068
100.7166
99.1110
98.7819
98.3261
100.3109
100.7031
98.8701
99.5195
98.9889
98.6729
99.5547
100.0284
100.4878
100.9166
99.1299
99.6754
100.1949
100.4930
100.8332
101.3134
102.3370
101.6572
102.1427
101.0576
99.5323
100.6573
98.7468
99.6240
100.3260
100.0099
98.4467
97.6855
98.5999
98.7626
100.5459
99.0991
99.1384
99.3262
98.7897
99.5662
99.1445
98.0362
99.0585
98.2053
99.3173
101.0343
99.0895
99.7103
99.3118
98.1256
98.7490
97.3354
97.4598
96.7576
98.7362
95.8685
96.6177
98.7661
97.4312
96.7777
97.7626
97.2157
96.6122
96.9974
96.8486
97.4138
97.0393
97.2425
97.7791
97.6278
97.7483
97.6808
97.6966
97.1765
97.0906
97.8434
96.0868
97.8421
96.0980
96.4362
97.4188
95.9439
97.5032
97.9174
97.4137
99.3209
99.3041
99.9252
100.2444
99.4142
97.1096
98.4858
99.8926
101.5392
99.5456
98.0408
100.9331
98.3033
99.8015
99.0944
97.8865
98.9810
97.2176
99.0439
99.3469
99.6306
99.9717
99.1323
99.4958
101.3878
101.1839
101.5273
100.5354
100.2461
100.3600
100.6960
100.8620
100.6842
101.6354
102.9993
102.4301
102.3834
102.2692
103.2806
101.6820
100.4501
103.6767
101.1118
102.6216
100.3851
100.7734
100.3046
99.9569
99.8512
101.3847
100.9246
102.0248
103.0025
101.3930
101.1545
99.1319
99.6990
99.1856
99.1908
100.6415
101.6239
101.7696
100.7863
101.0526
100.0888
99.6283
100.5699
101.0426
101.1627
98.9947
100.1845
99.9694
101.2479
102.3004
100.5373
99.9365
102.3150
101.7986
102.6660
103.1658
102.2053
101.9989
101.5401
102.2121
100.8033
101.9220
100.1078
101.4102
100.6323
99.8636
98.8286
99.2611
97.9375
98.5531
100.2498
98.9367
99.8282
98.3620
99.4095
97.3709
97.1943
97.1666
98.3858
97.2591
97.6759
99.8183
101.7741
99.7019
99.6550
97.9810
97.5518
97.8914
98.3772
97.4237
98.0152
98.3584
98.4744
99.5733
99.3483
98.8956
100.8726
100.1108
100.3553
100.2005
100.5629
100.5331
99.1008
99.5215
99.2095
99.7951
100.1350
99.6496
99.8333
100.6503
100.7429
101.5104
102.0342
101.6887
100.9573
100.5084
101.0627
101.2737
101.5502
100.8244
101.2641
101.1296
100.3508
100.2346
100.1591
97.9871
97.9059
98.9232
99.0033
100.1852
100.4025
99.8879
101.7769
102.8067
101.5156
102.3270
101.0242
102.0766
103.9498
103.7087
102.6777
100.9011
101.1743
102.8809
103.0936
103.4441
102.7378
101.4557
101.4725
102.1346
100.4001
101.6807
101.7949
102.8634
102.7275
101.6647
101.9140
100.7883
102.4987
103.6468
103.4513
102.5438
101.3990
102.7874
102.5590
102.6169
102.4760
102.5054
103.9158
102.9627
102.5256
101.5240
103.0525
103.2197
103.7804
103.2595
102.9074
103.1807
103.3543
102.7952
103.2052
101.4958
102.9307
102.9215
102.6177
101.5862
102.2181
102.8312
103.7224
102.7813
104.5279
103.5274
102.9102
104.7407
105.6827
104.3983
103.0444
102.3443
104.0851
102.0691
102.9395
101.5310
104.5620
105.1684
105.0201
102.9550
103.0929
103.6044
104.4538
104.1917
104.4478
104.7705
104.8062
106.8332
104.1890
106.4837
105.2339
107.3085
103.9959
103.7380
104.1923
105.8004
104.6198
107.2639
105.2846
107.6548
107.3178
105.5615
103.7026
103.8291
105.4404
105.2370
103.9796
104.0544
103.6977
104.2565
102.9317
103.5798
103.9571
103.3690
102.7616
101.8640
101.6110
101.5198
100.7992
100.8950
101.8606
102.1870
103.1617
101.9887
102.4020
101.4976
101.4234
102.2699
101.7592
99.9117
101.0440
101.4636
100.7351
100.0774
101.0763
101.1049
100.8465
102.4964
102.4238
102.2475
102.2751
104.6245
102.8896
103.5205
103.6741
102.0922
101.5815
102.3586
100.4233
100.0133
101.7358
102.7320
102.4069
101.6241
100.5782
102.5160
101.7312
101.3205
102.6252
102.6680
104.3043
102.4002
101.7570
102.9421
103.2855
101.7593
103.0066
103.4555
102.3559
101.5309
98.5002
100.3586
100.2356
99.2951
98.1272
97.3896
97.6028
98.6337
99.1301
97.5593
98.6344
99.8315
99.4245
99.9061
99.1079
99.0871
99.2990
99.1050
99.3397
99.7122
99.7900
99.2036
99.2117
102.7813
99.9931
101.0730
99.7130
102.1721
102.0455
103.3803
103.4178
101.6513
102.0698
101.8770
101.6664
102.3553
102.9841
104.1723
104.0903
102.8139
103.6502
104.6672
104.5946
104.6383
103.8608
102.5906
103.1940
102.4352
101.9237
101.7269
102.9451
101.9579
100.9333
100.3442
101.1396
100.3028
100.7879
100.4156
98.4402
100.6447
100.2662
100.8324
101.8847
103.7889
101.9925
102.1210
100.4234
101.5731
101.7631
102.7484
100.6762
100.0684
99.7621
98.6771
98.0938
98.3991
96.2881
98.6275
99.9583
100.8499
101.7336
100.7068
99.4816
101.1840
100.4391
101.6860
101.6325
100.2464
102.4786
100.9936
101.9092
101.7910
100.9414
101.1132
101.6537
102.5605
101.7569
102.4711
102.6186
100.5948
100.6916
100.8692
99.2613
99.5195
100.0419
101.8917
101.4238
99.3537
99.4445
101.3895
102.0324
102.5016
102.1579
102.8019
101.7289
102.5456
103.1567
104.4561
104.9848
102.4474
100.2142
100.2559
100.6530
100.8504
102.3938
101.5872
102.0062
100.6622
98.7822
101.3280
102.3247
103.2297
101.0431
100.9133
101.4221
102.4265
102.1022
102.1042
101.9922
100.1243
100.7245
102.5501
100.6805
100.5767
99.8168
99.2707
98.3840
99.8635
102.0422
100.2002
100.5167
101.3220
103.6167
102.9182
102.4810
101.7537
103.1451
103.2156
102.0737
101.8607
101.5171
102.5397
102.4878
101.9136
101.2936
102.1627
102.0754
102.0065
101.9133
100.2282
100.5598
101.8525
103.1247
101.8445
100.8778
100.1341
99.2560
100.1461
101.3792
100.9852
102.1123
103.1512
102.0487
101.8972
101.5742
101.6382
101.0901
101.2891
100.6472
101.5065
100.8548
99.8898
99.2348
100.0827
100.3618
101.1324
100.9999
100.0023
98.6381
99.7040
99.5749
99.0980
99.2134
98.3556
99.8583
99.2624
99.4097
100.4340
100.4266
100.0529
97.8680
98.3702
99.4011
99.7476
100.0881
99.1215
98.7824
98.3518
100.8142
99.2398
98.7859
99.8649
98.9802
100.2465
101.6593
99.1168
99.1504
99.5524
100.8507
101.6742
100.9645
99.1898
100.2176
100.0803
99.0120
100.7076
99.2564
99.7722
98.3963
99.4663
97.0781
97.2579
97.9656
97.3279
100.0805
100.5282
100.4208
100.1223
101.2118
99.9748
98.9058
98.8916
97.5593
97.6012
99.1235
99.0850
99.2428
98.0433
96.7090
95.9109
96.4845
96.1600
96.0384
96.9659
97.6222
97.9932
97.1280
96.5460
96.3252
94.8705
95.1899
95.9541
94.4223
94.2765
95.1496
96.6333
97.5479
97.7852
97.8517
98.5167
96.1472
98.1423
98.1566
97.5221
99.0020
97.5079
100.4162
97.9319
99.1195
100.2066
100.7408
102.6556
101.3873
100.6424
101.4523
101.0334
100.6693
100.1934
101.2511
101.3527
101.0857
99.7021
97.9413
99.5100
98.1471
98.1069
97.5477
97.3972
96.9044
96.7632
96.6440
95.7272
97.8752
97.9683
99.3081
98.9279
98.2732
100.0689
100.2881
100.3223
98.3549
98.2603
99.2474
98.4297
98.4220
99.7403
99.3472
99.0079
98.4767
98.1246
97.5156
98.8289
99.6866
99.2922
99.8094
98.4117
97.9487
96.6801
95.8021
97.7803
97.9515
98.0246
98.2546
98.5874
99.0025
99.3202
97.5657
98.8853
97.9689
97.5842
99.5363
97.3540
97.7648
97.7984
98.7933
100.6574
98.6867
99.6255
98.9289
98.1170
99.0760
99.4582
99.5363
99.4799
98.4017
97.3193
98.0846
97.2572
99.0049
99.0079
98.7135
98.5156
97.7759
99.4622
97.8035
98.8900
98.4802
99.1982
97.9451
99.7378
99.4699
98.5379
99.1956
99.6528
98.1601
99.2962
98.0674
97.9189
95.7343
98.1869
97.9077
99.8127
99.5776
99.5054
98.1076
98.3010
100.1327
99.4173
100.2767
99.7101
98.6074
97.6578
100.5454
98.5927
99.7149
97.8805
99.3705
99.2909
101.4454
102.0890
103.4638
102.0182
102.5895
100.4264
100.5008
100.3725
100.6709
100.2208
99.0938
98.9260
99.1630
98.7591
99.2128
98.1651
100.0290
100.7360
99.0714
99.2591
99.1272
99.4528
99.1731
97.2225
97.6473
99.2594
99.1202
97.9782
99.7136
98.7956
99.7435
99.4045
100.8738
100.6529
101.9480
99.8814
99.3824
100.8579
101.0966
101.3179
100.6298
102.0497
102.0950
100.3431
101.9664
104.1436
103.5712
102.9347
103.9691
102.3422
103.7009
104.1010
102.8130
101.6319
101.2510
100.5072
100.8070
99.5919
101.5852
101.6460
100.4563
101.1928
101.0421
100.7927
101.3826
103.3230
102.1300
102.8939
102.1057
100.8525
100.5977
101.4796
101.4306
102.4916
102.0084
102.5545
102.1211
101.7788
103.9709
103.1945
103.9146
103.7504
101.7535
99.8343
99.7037
100.7571
100.1606
100.2765
100.9837
98.6440
100.3441
100.5824
100.2946
99.8496
99.7152
102.1696
100.7369
102.3977
104.5197
105.3861
104.3862
103.7150
103.2259
102.1772
101.8968
103.9573
103.6809
103.4312
101.9105
101.3232
103.3169
103.8543
105.0455
103.7589
104.3315
103.6908
103.2965
103.2128
105.2559
102.2223
102.5404
102.1229
101.3230
101.4002
104.5659
103.7261
104.6939
103.5810
104.1349
103.5417
101.7056
102.0992
102.8636
101.9311
101.4896
101.8842
101.7359
101.5364
101.2463
102.8785
101.5738
102.9824
102.5874
104.1281
103.3218
104.7803
104.0918
103.7982
104.2363
103.1479
102.4181
104.0445
104.3460
102.7104
101.6748
101.4312
101.3910
101.1822
101.3342
101.3278
100.2758
99.3979
100.4022
100.5803
101.5172
102.2929
100.8990
102.0435
103.5169
101.6268
101.9253
102.2250
101.6622
102.5686
102.1368
102.3629
101.9870
103.2881
103.2169
103.6331
102.7840
102.7104
100.9047
100.9758
100.8335
100.9146
101.5536
100.9086
102.3201
103.0852
103.8139
103.7266
102.8717
102.5456
103.2035
103.4007
103.1622
105.6147
105.6514
105.8221
107.0011
107.0401
106.5236
107.4959
105.6929
107.3404
106.9142
108.1556
107.3100
107.7681
106.5987
105.4351
105.5654
105.6881
104.4920
104.3482
105.6990
105.7227
105.4115
107.0854
105.3450
106.9928
108.1887
108.5088
107.3047
106.2254
106.7467
107.1644
106.9149
107.6466
107.8206
110.0548
109.7400
110.6112
109.4654
109.2329
107.2037
108.2552
108.0541
108.2303
108.5599
109.0560
107.4369
107.8158
106.6789
107.5395
107.4099
106.7385
106.3404
107.1196
108.2018
107.6771
106.9895
105.3282
103.6501
105.7907
104.8726
106.1378
105.8385
107.7673
107.7949
105.3163
104.9795
105.1572
106.4605
107.1213
105.6098
105.0181
106.9717
105.8884
105.2818
107.1692
106.3299
106.0106
104.6358
106.4042
107.4607
106.2395
107.8968
106.4754
106.1353
105.2924
105.5020
105.5961
104.9695
105.5812
104.9251
106.6574
106.4302
104.5514
102.9184
102.5444
102.5884
103.4562
105.3981
103.9576
103.1198
103.4184
102.8095
102.3244
102.8027
103.2906
103.7319
105.3813
107.2271
106.1869
106.3474
107.1918
106.4163
106.8360
104.4343
105.3294
105.7207
104.5223
104.9629
104.5006
104.2315
105.4163
105.1308
106.7623
105.7486
106.0848
106.1321
105.8898
106.3816
104.7933
106.0125
104.3874
103.7687
103.9788
104.0643
104.9134
103.7725
104.4667
102.6974
103.3085
103.5076
104.6726
103.1620
102.6548
102.8800
102.3313
101.9730
102.6644
102.3084
101.1996
100.8172
99.6439
101.6534
101.7838
103.2057
101.6125
101.4043
102.5008
101.4341
101.9548
101.3059
102.0118
101.9249
101.9824
101.3378
101.0871
102.2555
101.6718
99.5406
99.0261
99.1914
99.4565
99.6903
100.5951
101.3038
102.9196
102.1007
102.7925
102.3773
103.1603
102.3766
103.1739
101.1534
99.6536
99.8038
99.4241
100.3619
101.1171
100.9615
100.8691
101.5717
103.1464
107.8991
105.3875
106.4074
104.6041
106.2246
106.3074
106.2407
104.7298
105.8320
105.9985
104.3434
104.5615
104.5941
104.7548
104.3098
105.2421
106.9034
105.6194
107.4925
105.6131
106.2916
107.3697
105.1408
107.1072
105.1758
107.0501
107.7629
109.2544
107.4364
107.2296
107.7323
105.5835
104.6018
105.1498
105.2278
105.2264
105.6235
105.1946
106.2549
106.1684
107.1788
106.1715
106.4020
106.6376
105.9705
107.4792
107.4554
106.0739
109.6933
108.1158
104.9670
105.0883
108.1944
108.0395
107.4715
108.4314
109.3422
107.3142
106.7494
108.3377
110.3289
108.4940
109.1720
108.9153
107.4450
105.3864
106.6126
105.9688
107.2609
106.3189
106.4872
108.2415
108.3818
108.9938
104.4870
103.7437
103.7956
102.6563
104.8246
105.1664
105.1731
104.7667
105.4224
102.6465
104.0695
102.8860
104.9136
103.6809
104.5942
104.4964
103.0826
102.1283
103.0042
102.1605
103.9289
103.8690
103.4088
103.5898
103.4072
102.2350
103.2933
106.6908
105.4395
105.8207
105.9219
103.7000
103.1764
102.5246
103.5074
103.3544
103.5723
100.8468
104.1392
102.7936
103.0584
104.0299
102.7672
104.4703
104.4633
102.7759
100.6659
101.7741
100.5132
99.2162
98.3284
98.5263
98.6949
99.4489
98.2731
97.6569
100.1026
98.7951
101.2525
100.3097
100.6367
101.6329
100.5086
101.8294
102.3024
102.6928
101.5153
101.1061
100.2082
99.7762
99.1453
99.0518
99.5410
98.9891
99.3599
99.2487
99.7556
99.6614
99.5867
99.2109
97.3934
98.3351
98.9135
99.6635
99.0852
98.7278
99.1054
99.0124
98.8189
99.9269
99.8535
99.9704
100.4473
100.0232
100.2987
99.6618
97.6688
100.7227
102.1090
101.4070
102.2892
101.2407
100.0293
100.3195
99.6447
99.8841
99.4910
99.7241
99.3062
98.7280
100.2286
99.7257
101.1937
100.0827
100.1628
99.5245
100.2033
98.4726
99.8802
99.4803
98.2441
98.3737
98.0953
98.8100
98.9937
99.4148
98.8281
98.5967
98.5488
98.9279
96.3826
97.4106
99.3984
99.8009
99.5464
99.0501
99.9128
100.7568
101.1914
101.2866
100.0232
99.3283
98.8567
98.2009
98.5788
98.6417
97.8792
97.8398
100.8766
99.9950
99.7101
98.0781
98.4642
100.2431
98.5485
98.6192
97.7904
98.6214
97.6924
96.6899
97.2408
98.6875
97.8695
98.1638
99.4432
98.7484
99.7113
97.5302
98.1355
97.9755
96.6990
97.9252
97.0709
97.5292
97.9654
98.2143
98.4957
99.1652
100.2677
100.2619
100.2023
99.2632
98.0523
97.0371
96.6100
96.1187
96.4790
97.3443
98.6456
98.4638
97.8241
97.6750
98.9514
98.1071
98.3867
98.0398
98.0056
97.7784
95.3106
96.2837
96.9613
96.8620
97.6578
97.5576
97.1298
97.8650
97.3776
97.1152
96.4727
97.0164
97.0186
97.6047
96.9084
94.1064
96.7697
98.2641
96.9584
96.5499
97.4666
96.6833
98.5749
96.8265
98.0315
98.6935
98.3850
97.0199
96.8919
96.8702
97.0701
97.0102
95.4538
94.4997
95.3444
95.5267
94.6665
96.2220
97.9874
97.0220
95.5811
95.0085
95.3071
96.3041
97.8586
97.4836
98.2853
97.0531
96.7047
96.5205
95.9160
98.1572
98.0550
98.4355
98.2372
97.4999
98.3108
98.5142
97.0106
95.7152
95.7926
96.9997
97.8866
96.7867
96.0884
98.0738
97.6478
98.9557
99.4927
99.2097
99.3885
98.1708
99.1876
99.0710
97.8752
97.3327
97.7726
98.1551
98.5141
97.3710
99.3197
97.3036
95.9021
97.4607
97.6593
97.2116
97.9684
98.2360
99.2567
99.7783
99.3343
99.4278
98.7664
96.8632
98.0051
96.1670
96.1609
94.5584
95.6235
95.6344
97.0063
96.7350
98.2968
95.8975
94.9091
95.8227
95.9048
95.3299
96.2540
96.3571
97.5226
96.4050
95.1646
96.6125
95.8088
96.5499
97.7478
98.2571
98.0815
97.7269
97.4056
96.2757
97.3045
95.6628
95.4063
94.5803
96.3728
95.8231
97.1817
96.3196
97.0659
97.7887
99.3663
98.3504
97.7006
98.1148
98.5909
97.0799
96.6248
96.0873
98.6160
99.2753
100.1305
98.4472
99.0120
98.6587
98.3123
98.2835
99.5789
98.2835
99.7206
99.8171
100.4698
102.2111
98.7060
99.0050
99.4704
100.8104
100.8462
102.2062
101.3391
100.2487
100.7388
102.2268
101.7814
100.6998
100.3483
100.4643
100.8013
101.4199
101.6165
100.7496
99.8122
100.6225
100.1069
99.9768
101.1819
101.3949
102.3655
103.2695
104.5043
102.6831
102.9742
101.4399
104.3437
103.5518
103.5261
102.5850
102.1687
103.5990
103.8851
104.7800
103.6921
103.3071
101.9083
103.9862
103.9383
101.9074
101.4403
104.1143
103.4503
103.5761
104.7144
105.5002
105.1215
104.5371
104.7796
103.4068
102.9129
104.5445
105.6764
105.8836
105.7993
106.0570
107.9818
107.0091
107.9422
107.6023
106.2250
106.6195
106.3858
104.3122
104.1684
103.9058
104.0255
103.7906
102.9061
104.1706
104.1582
104.7559
104.8745
104.2930
103.3998
103.5907
103.2716
105.1458
105.3936
105.0128
103.1408
102.8686
102.2035
101.3298
101.9235
100.7973
99.4216
101.2956
101.7352
100.2017
99.8853
100.9668
100.4209
101.8779
101.6616
99.9967
101.0259
100.8037
100.4383
98.1390
99.8864
100.6465
101.7063
101.0365
101.0833
101.6266
101.2613
101.1433
102.7025
103.7834
102.6776
103.0839
102.9009
102.4449
103.9889
103.6621
102.9740
103.4431
102.0611
100.7866
99.6480
101.1291
101.9054
102.1397
101.1326
101.8376
103.7188
104.1216
102.6764
103.1747
102.6781
104.6075
104.2728
103.2647
104.6949
104.5468
105.6168
105.3390
106.4206
106.5070
106.4987
104.6260
106.5124
104.9655
106.9951
106.4874
106.0443
105.5231
104.7079
104.3573
104.8319
105.2291
104.8049
105.4663
105.3014
104.1584
104.4522
102.6069
101.7744
102.1502
102.3428
103.7532
102.7418
101.8220
102.2622
103.3272
103.6886
103.8473
102.0409
102.6076
101.9496
103.0073
103.1393
102.8933
102.1067
102.5175
102.9365
103.7970
105.0602
103.1140
102.5533
102.1298
102.4313
102.8114
102.3300
101.6421
103.5199
100.8817
102.4791
100.6897
103.5659
103.1110
103.4542
103.4907
104.6228
103.2582
101.1250
102.6971
102.9182
102.5369
104.2391
104.2731
104.5352
104.8231
103.5342
103.3939
104.0673
104.1485
102.4249
103.5357
104.5279
102.9531
103.4852
102.9141
103.7181
103.9909
104.0821
103.9965
104.9185
104.2416
106.0164
105.7491
106.2060
105.0692
105.3173
105.7914
106.7578
105.8054
105.3618
105.8848
105.3317
103.7054
103.4030
103.6423
105.0276
104.0126
105.6523
105.1561
105.6686
107.3565
106.5033
105.3377
106.1890
107.2620
108.1106
105.6056
105.2638
104.6244
105.5294
106.0594
107.1007
104.6694
105.0982
104.8561
105.4290
104.7873
105.5997
104.4912
103.4192
103.4321
103.8567
105.7591
106.1872
104.9132
103.2378
104.1384
103.2331
103.7126
101.9508
102.9459
104.5231
103.5283
104.0144
103.2855
103.4897
104.3063
102.0732
103.1432
101.7726
100.6992
100.9875
101.1724
101.9252
102.6928
101.7249
103.6581
104.6753
103.7440
101.8287
102.9460
104.3933
103.9689
105.1083
105.9065
105.2215
104.8817
103.1524
104.5488
105.3509
105.1525
106.6473
104.2472
104.1166
103.6042
103.0150
103.7682
104.1350
105.4207
105.9770
105.4985
105.2469
106.3649
106.6076
106.0551
105.9428
106.1829
105.9992
107.2303
106.0216
106.1702
105.0446
104.9894
104.5219
105.0864
105.5454
105.5192
105.5087
104.9932
104.0208
103.7283
103.1088
102.8767
103.0644
104.6090
105.6241
108.1502
107.8585
106.3639
104.2374
103.7864
105.6288
105.3842
105.9740
106.2160
104.8088
104.6669
105.0626
104.0371
104.8175
105.7728
102.7715
105.2114
104.4614
103.4736
102.0250
104.4922
103.9368
101.6642
102.2760
103.4381
103.6297
106.1945
104.9511
104.5644
104.5759
104.5173
103.8557
103.7118
104.3093
104.2432
105.4510
101.6523
102.3859
102.2357
102.6734
102.5186
103.6382
104.6823
104.2273
103.0715
102.0108
102.8915
104.8275
103.9394
103.5217
104.0193
103.9906
104.2684
104.0589
104.8624
103.3978
102.1869
103.8958
104.4269
104.9645
107.1654
106.4875
106.5526
107.6595
105.4341
106.2287
105.9046
105.7972
107.3502
105.6420
107.0876
106.3578
106.2272
107.0353
105.6158
106.9324
106.8881
105.6788
106.1846
104.9474
106.7822
106.0693
106.6920
110.8837
109.4146
108.3552
109.6772
108.3215
108.0781
108.7979
110.2430
108.6854
107.6467
108.3616
107.8326
107.4058
107.2158
107.4683
108.3144
106.2890
108.2225
106.4825
105.4203
104.4628
103.3984
105.5782
103.5722
104.2134
103.5332
104.7428
104.6739
106.7162
106.6543
105.9404
106.2488
104.9868
105.6749
106.0153
103.7712
104.3513
103.6888
105.4202
103.6459
102.7025
102.4211
104.9327
104.5523
103.2916
105.0912
107.1476
106.4219
106.4295
106.1597
105.5990
106.2108
104.8161
105.1053
106.5777
106.7392
107.5250
106.3484
105.9845
104.6192
104.6284
106.5512
106.3276
105.2875
106.7903
104.5202
104.7837
103.7114
103.1646
103.2680
103.4021
104.0825
104.1340
103.2991
103.7643
103.9352
100.3729
101.1764
101.0983
101.3516
101.7464
102.4244
104.0406
103.9112
103.1451
102.5562
102.2978
102.7262
101.2349
100.3552
100.3344
101.0595
101.2404
99.8861
100.9455
100.2007
101.1298
100.0472
100.3222
101.3320
100.0769
99.1429
101.4181
100.2321
99.7737
100.0977
99.5954
100.3359
102.5080
101.4819
101.6223
101.1263
103.1188
103.0423
101.9088
103.0901
102.5857
104.1047
104.0212
103.6298
104.1381
104.2761
102.9415
102.6291
103.9707
105.6532
104.9290
103.4976
103.8138
105.8371
105.4211
106.3995
106.1157
105.8937
104.6426
103.9213
105.9267
103.6776
104.2351
103.6102
103.3842
102.0684
102.7843
103.0637
102.6929
103.4016
102.4781
102.9376
102.6872
103.0533
103.1315
100.4505
101.1329
101.5827
101.7602
102.7810
103.5220
102.5317
104.0908
103.2771
104.6020
105.5350
103.9613
105.7914
104.7430
104.1231
104.7615
104.1554
105.6294
103.6903
104.1612
103.1535
103.1397
103.3877
104.3473
104.5830
104.2211
105.0920
104.1069
106.3756
106.2450
106.2487
105.7696
107.8204
107.3773
107.5994
107.1645
107.8324
107.1314
108.7201
106.8647
106.5029
105.4330
106.1008
108.6915
107.8149
107.5843
107.4033
106.9570
105.8095
105.7962
106.4940
108.3657
107.4260
107.1903
104.4032
103.5507
103.1533
103.8744
104.6172
103.9721
104.6623
103.5273
104.1207
102.1326
103.4108
102.3350
103.5043
102.8549
101.8678
100.2958
100.6779
101.3304
100.4032
101.6747
101.6840
102.0082
100.6058
102.1034
101.0657
101.7941
103.5512
102.4999
102.3996
102.1805
103.7696
101.8961
101.5819
103.3999
100.7600
101.7265
103.5951
102.9728
103.5427
104.9267
104.1806
103.2507
104.6802
105.1883
103.3612
103.4718
105.4161
104.2574
102.9698
103.1201
105.3456
105.9736
105.4265
105.7613
105.1022
102.9937
103.2087
102.5930
102.7358
102.8652
104.2726
104.2948
102.9216
103.4593
103.4167
101.9655
103.5363
102.4579
103.4661
104.3630
103.7612
104.0243
102.0104
102.3934
102.5562
101.8084
102.2778
101.3851
102.8797
104.8419
104.2656
104.0192
103.4110
103.2467
103.6549
103.7699
102.1523
102.0946
102.7151
102.7014
103.9376
103.9069
103.3553
104.3282
104.4151
103.9990
104.7018
104.8019
106.2130
106.5217
106.0752
106.9109
104.8702
106.5046
104.7636
104.7487
103.6183
105.7119
105.1963
104.8740
105.1081
104.6625
106.6935
106.0293
105.6308
105.8723
106.5354
105.2608
105.6562
105.1492
104.3306
103.8801
103.3547
102.2508
104.3221
103.4202
105.5825
102.7870
105.0828
103.5284
104.3525
103.7982
104.2342
103.4260
105.7408
105.1113
105.7389
105.6575
104.9221
105.3895
103.2418
103.2588
104.1149
103.2810
104.0417
105.2197
105.5037
104.8570
103.9174
104.5592
104.6889
104.4539
104.5928
104.7917
104.3157
103.5589
103.8469
103.5690
104.6286
105.1386
105.8663
106.9219
105.4031
104.8290
105.1199
104.6312
104.0215
102.3896
102.2332
103.5396
102.7087
102.9874
103.6924
104.4884
104.3801
103.3881
103.1727
104.8663
103.9291
105.1463
105.2665
104.2347
104.7969
106.3312
105.3296
105.0678
103.3574
103.4452
104.9618
105.4634
105.4917
106.0733
107.2882
107.5996
105.3526
106.1675
105.5147
105.8888
105.8644
105.0764
104.6004
105.9090
106.1741
105.5420
104.8839
105.4096
105.9489
105.2467
104.1100
103.9712
104.4763
104.6030
103.3807
101.4081
101.5499
101.7158
102.3749
101.8384
102.5705
102.6130
103.2255
102.6626
100.9133
101.8254
102.2954
102.3536
101.4897
100.1254
101.8377
102.1035
102.3211
103.1055
103.5148
102.2133
101.0463
100.8834
102.2629
102.5832
101.8559
101.2666
100.0581
101.4930
102.9186
104.3823
103.5768
100.9748
102.4690
101.0564
101.4031
100.5774
102.8255
102.7965
100.8716
103.3812
102.0983
103.8456
102.6612
103.2597
100.3689
102.7497
103.2980
104.0409
103.5673
104.5973
104.4511
102.4687
103.7315
104.6888
103.6008
103.8964
103.8679
103.4855
105.0641
105.2096
106.6063
107.9722
108.9687
107.9265
109.4941
106.4822
105.7053
105.9402
106.1600
104.8962
104.3639
104.0919
105.7883
107.5324
107.1537
105.5583
106.8102
105.4196
105.8101
106.6711
105.3334
105.7942
106.3122
106.1135
106.1278
107.4049
106.4499
107.0627
104.7122
103.0037
103.5605
103.4652
103.0319
103.8578
102.8247
102.3399
101.7713
103.0071
102.8673
103.9798
102.9981
103.0150
103.2048
103.1937
105.0103
105.3678
102.8897
102.7142
103.9121
105.5274
103.8732
105.2813
104.5483
106.5795
107.7918
107.8313
110.1892
108.0546
106.0223
106.3575
104.5100
103.9919
103.3784
103.0041
104.6738
105.7053
103.6849
104.9791
105.2867
105.3400
105.7431
106.5184
106.9120
107.0859
106.0726
107.9510
106.0694
105.6561
104.8913
105.9000
106.8433
105.3008
105.7620
107.6460
105.6485
104.8278
105.5780
105.9112
104.7465
105.9445
105.0749
105.1276
106.9112
107.5811
108.0474
108.1060
107.8274
105.3119
106.7699
107.5530
108.1649
108.1553
107.6421
107.3245
106.8629
107.3936
107.9334
108.3405
108.2343
107.9538
107.5403
107.8279
106.2862
106.7668
108.1011
106.8038
105.8030
104.4233
104.9585
103.8676
105.8788
105.7163
106.9418
105.7124
105.9413
106.2581
105.9248
105.0012
106.5107
108.7990
107.3862
106.0795
108.5516
106.7325
105.5121
105.0064
105.4949
105.8507
106.3280
106.4900
107.4584
107.5884
107.1851
108.0515
107.4523
105.5579
106.4777
104.6252
103.8206
103.4878
103.2933
104.1304
104.4939
103.9047
103.6890
103.1699
102.2540
102.8221
103.1005
103.4522
100.9122
103.8215
101.4224
102.8813
103.8921
103.7163
104.4574
105.1577
104.1562
103.0097
102.2612
101.4278
103.0472
103.0339
104.9605
103.7027
101.9530
101.4000
102.1046
104.2206
103.4355
104.4010
104.0511
104.5971
103.8997
104.6476
105.0923
103.1843
104.1871
104.5017
104.8744
104.8340
105.2955
103.3771
103.8715
103.7301
102.9231
104.9629
104.7252
105.0966
105.2085
105.5508
105.0534
104.0367
104.3280
102.1220
102.0076
101.7753
103.1205
102.5541
103.4936
104.3758
102.6084
100.9169
104.2924
102.6573
104.0059
103.3666
104.4868
104.7269
104.3223
103.3548
104.3370
103.7164
104.4653
105.7902
104.5101
104.9228
103.5834
104.0296
103.6332
104.5520
106.3155
106.3649
106.2495
105.8159
103.9650
104.8744
104.4604
103.9020
105.2328
105.5553
104.1935
104.9449
103.9896
104.7809
104.0079
104.7222
106.8613
104.3675
105.5636
107.0320
107.1641
106.4451
105.5282
106.1366
106.3438
105.7195
105.8920
105.2248
107.0904
105.8937
105.2954
105.1964
105.1233
107.2227
107.8626
108.1445
107.5281
105.7376
105.1328
106.3155
105.9902
105.8882
104.9366
105.3689
107.0220
104.7843
103.5754
104.0596
103.7570
103.4847
103.6442
104.7754
103.9927
105.3920
103.2571
103.8390
102.8079
104.4808
102.8550
103.9238
102.9480
103.3767
103.2632
102.0872
103.8122
103.0498
102.0197
100.8786
100.8795
101.1539
102.3218
100.8183
100.2761
102.1115
100.6188
103.0020
100.2376
101.5584
101.1903
101.6225
101.5598
102.0244
102.0552
103.3672
103.4225
104.2484
104.7839
103.9691
102.9515
101.7489
102.6039
101.3575
101.2248
100.1398
100.8119
102.1011
101.2169
100.8148
100.9828
102.2604
101.6170
103.7843
101.1728
99.6481
101.0273
101.8913
101.2657
101.0528
100.0179
100.6717
101.5386
101.8471
102.6321
103.4533
102.0752
100.8381
101.2969
102.3270
102.2237
103.4873
102.2519
102.8961
102.7066
103.2986
103.0410
101.0835
100.3065
103.0071
103.6928
103.3278
103.8797
103.5037
102.4860
100.1093
103.0714
103.2778
103.2611
103.2028
103.7285
105.0997
105.0848
104.6790
106.2783
105.3161
102.9972
104.4342
105.2678
106.4966
106.9226
107.0389
106.5981
106.6472
104.9282
103.1011
104.0961
104.9630
103.6382
103.7830
102.9164
103.1899
103.8198
104.9001
106.4568
104.5782
104.0526
104.4591
105.7806
105.7809
106.0130
105.7496
107.2652
107.5731
106.6233
106.9393
104.8876
105.6983
105.7907
103.2710
105.0357
104.5415
105.5691
105.9642
105.9859
106.0595
107.3103
104.6401
105.1222
104.3079
104.4615
105.0657
106.2371
106.4079
108.0207
107.9828
105.8616
104.3976
106.2267
105.3480
105.2379
105.9549
105.7598
105.0524
104.0167
104.1355
104.7190
104.3022
104.9056
104.2660
105.4170
103.9645
104.9757
105.7322
105.4770
104.0550
105.6465
104.9318
106.0936
104.8041
104.1159
104.6324
106.3285
105.0701
103.1368
104.0892
102.4103
103.2889
102.4874
102.4877
104.7296
102.7057
103.4679
102.9747
102.2004
102.3588
102.7001
101.5247
103.2446
102.0408
102.8215
101.8980
102.1364
103.5112
103.7861
104.7934
103.3496
104.2868
102.8697
102.3281
104.9679
103.1223
102.5096
103.9079
103.2644
103.0532
103.7500
102.1406
104.5685
103.8911
103.0618
105.0333
103.8233
103.4606
101.7331
102.3684
103.0444
102.0081
103.7530
102.5017
103.0871
102.6495
102.5386
102.4143
103.5975
104.1278
105.0847
104.2637
104.5314
103.7861
103.6779
104.9593
104.8301
103.5133
103.6301
103.9683
103.7939
104.3314
104.3800
104.7387
103.5713
103.9312
104.7501
106.7851
104.8556
103.1952
103.1028
106.2534
105.4740
105.4824
105.4390
105.2598
106.3045
104.5042
105.7081
104.8987
105.0730
106.3136
105.8700
105.8058
105.4401
104.2029
104.6233
105.1866
104.9659
106.1575
105.8382
106.0440
106.8663
106.8839
103.9082
105.2215
106.1511
105.7659
105.1905
105.1171
105.2793
104.5187
106.1721
106.8630
107.9821
108.1663
110.0592
107.6372
107.1655
106.7427
107.6993
104.5830
104.8838
104.7066
105.3653
104.5276
103.4396
104.1541
104.6323
104.3565
103.8170
104.0567
103.5743
105.4543
104.6060
105.1010
104.7391
104.5031
103.4122
104.1724
104.2576
103.4992
103.0182
102.9679
103.7168
105.0418
104.3031
103.8894
104.8910
104.1431
104.6098
104.7555
104.8986
104.3576
105.8487
105.2108
106.3770
106.2988
104.7372
104.6501
104.1855
104.0256
104.9115
103.8368
105.2444
102.8470
103.6146
102.9466
104.0553
104.2447
104.1681
103.4815
104.7614
105.7994
106.6686
104.5494
106.8852
107.0035
106.5233
106.5771
107.3914
107.4459
105.9649
106.2514
107.0967
106.6853
105.7144
106.3271
105.9150
107.1941
106.9768
107.8652
107.1905
106.4429
107.4856
107.6641
105.3136
107.4602
106.8529
104.9594
104.8096
106.2322
107.3204
106.4359
107.3116
105.3211
106.0969
107.2944
106.9145
105.9015
105.2105
106.4857
106.9233
106.2976
105.7196
107.3936
105.4292
105.9272
108.3349
106.3365
105.3915
106.8129
106.1408
105.9002
105.7513
104.3983
105.5685
103.9654
104.0546
104.7960
103.9649
102.6355
104.4925
104.4318
103.7006
104.8554
103.9646
102.7395
103.9548
103.9738
104.9079
105.1731
104.6944
105.2662
104.6763
104.6267
104.3677
103.7441
104.1921
106.0201
105.3764
104.8362
104.5900
102.6387
103.0017
105.6620
105.9521
104.0671
103.8220
104.6010
103.8602
103.4877
103.0398
103.6999
103.2271
102.5691
103.6591
104.2617
104.1008
102.9832
104.2698
104.8563
106.1432
104.4760
103.7753
103.6596
106.2640
105.7521
105.9345
106.3060
104.9039
105.6080
106.4116
106.5184
106.2511
107.4993
106.2252
105.2425
105.0842
104.2667
107.8130
107.3995
107.0449
106.7520
106.9928
106.8638
106.8984
106.2312
105.7311
105.1923
105.5704
104.4258
106.3150
104.5465
104.7888
104.0944
103.6988
104.8174
105.6715
103.0085
104.4527
104.8018
105.8744
105.8426
105.3421
105.6958
106.1027
105.3337
106.0919
106.6023
108.2176
108.3434
108.6658
107.6353
107.1291
107.2039
106.2373
105.8781
106.6652
106.1308
106.0787
106.3227
106.0213
105.9294
106.7039
106.3564
106.3788
104.9507
105.0281
105.5349
105.6674
105.6389
105.3361
105.6295
104.3803
103.4015
103.8930
105.5417
104.1973
104.0851
103.7917
105.3502
103.3391
103.7647
103.8300
102.9338
102.8671
103.9593
102.5230
102.2137
103.6969
103.0910
104.8096
103.5227
101.7903
102.7160
103.9769
102.3510
102.7588
103.0725
103.4728
104.5674
105.2874
105.9513
105.4802
106.6279
104.5980
104.7729
106.1367
104.5959
104.3722
105.7341
104.7625
105.4396
106.6813
106.4102
104.5215
104.8086
107.1826
106.5214
108.1667
107.9659
106.3115
108.4459
107.7562
106.4405
106.8090
104.3001
105.3125
107.1219
105.7104
105.6937
107.9280
106.5919
106.9614
104.5019
104.9258
105.9109
104.9875
105.5649
106.1296
105.9975
106.2315
105.9709
106.9367
106.5260
107.5020
106.6892
106.8903
106.1241
106.9519
106.4902
107.3407
108.1754
106.4677
106.8638
106.7040
106.9498
107.8739
108.4667
108.7035
108.4548
108.9233
108.4544
108.3648
109.8400
109.2637
110.3849
108.9575
110.3402
109.2685
109.6051
109.1440
109.8274
110.1818
109.3097
109.5462
109.7166
109.5232
110.8981
110.8856
108.8133
109.3662
108.0762
108.4064
108.0178
109.7628
109.4372
109.8049
110.0537
110.4279
109.5451
110.6907
110.2063
110.1405
109.9081
107.1490
107.8887
109.9281
109.4074
108.9565
108.9381
109.0572
107.4494
108.1970
108.3170
107.8188
106.1089
106.6910
107.6755
107.2885
104.9569
106.4413
105.8444
104.5081
103.8610
104.4060
103.7261
104.7429
106.8878
107.3297
109.1969
110.2910
108.6700
107.8659
108.4499
107.2915
108.3065
108.2774
108.6911
110.0196
110.5750
110.1508
109.7068
107.9015
108.6777
108.9418
109.6091
108.3897
106.8932
106.9722
108.5666
108.4258
107.7286
107.7028
107.7003
106.4092
106.1364
104.4102
105.6242
106.6274
105.4478
106.6219
107.7810
108.0152
107.3176
106.6035
107.6426
106.1285
107.6967
107.1918
107.1632
107.2457
106.8158
108.7626
109.0369
108.7838
108.7472
107.7809
107.7028
106.8999
106.3181
105.2755
104.4075
103.1147
102.5041
103.5476
101.5643
102.5257
102.7479
101.2905
102.8777
101.6075
101.2508
102.3803
102.1693
101.2258
100.8566
101.1258
101.3622
100.8840
102.6119
102.0647
102.0755
103.9772
104.0516
102.8520
102.2922
102.1600
103.6357
105.5950
106.9355
105.2642
105.0642
105.7931
105.3743
105.8241
105.4079
104.3787
104.0543
104.8381
105.1481
106.4218
104.9396
105.8525
103.7717
105.2722
105.4466
102.9730
104.7328
104.6851
105.4688
106.1124
106.1438
105.5062
105.9019
105.6133
104.3912
104.5459
102.6166
105.2334
104.6939
103.4981
105.1915
106.3794
105.4997
106.6085
103.9624
105.6837
105.2179
104.2467
105.3491
104.1512
104.9146
105.4784
106.1391
105.9825
105.9445
106.7646
105.0499
106.4350
103.9709
103.7512
104.8915
104.8567
104.5846
104.7060
104.7078
105.3440
103.4722
104.1355
103.1711
104.8703
105.0876
106.1041
106.2111
105.5681
105.0089
103.9167
104.4200
103.8547
103.2741
103.0463
104.3713
104.1147
104.0130
102.3944
103.4585
101.9132
103.0863
103.0420
100.9436
102.5136
104.1848
103.3052
103.1890
101.3454
99.9652
100.8097
100.2668
97.7198
101.0280
101.9412
101.5441
101.4694
102.1801
100.5410
100.4113
101.1137
102.4881
103.4578
104.0987
103.5540
105.0521
104.1554
103.5324
104.2115
103.9909
103.2749
103.2038
102.6327
104.0798
104.0411
103.1529
103.0856
103.3414
102.6598
99.5667
101.0826
104.8774
104.9088
105.2501
104.4917
104.1044
102.0258
102.5162
103.7993
103.7902
103.9895
103.5506
104.6694
104.0483
104.0844
103.4224
102.4616
101.9991
101.8235
102.5779
101.2966
100.7018
102.4851
102.2089
102.5307
103.1529
102.9150
105.2583
103.9963
103.7268
103.7766
104.2374
104.0628
103.7284
106.6659
104.8655
104.1730
104.3072
104.9774
105.8841
103.3914
103.3821
104.9041
104.5386
103.7684
102.8680
103.9623
102.4777
103.1756
103.6184
103.2569
102.3047
103.5926
103.9697
102.0519
101.1630
104.5180
104.0650
102.5849
103.4832
105.0629
105.3261
104.6785
105.5191
103.7891
105.8441
103.7190
104.3016
105.2514
103.1269
104.0341
104.2680
103.8516
104.0078
104.0435
103.7016
102.5222
103.9106
104.7634
103.8220
104.7163
106.6713
105.7671
104.5479
106.1804
103.9707
104.4339
102.6748
103.1964
102.7272
103.1729
100.6749
102.3355
103.9459
103.4247
102.5130
102.7841
103.0309
102.1690
103.5267
104.3383
101.5360
102.9625
103.2234
102.0679
101.5453
101.9230
101.3393
104.0451
102.5958
100.9391
101.6242
101.6289
103.2117
102.9991
102.8263
102.2315
102.9887
102.4781
104.0115
105.0122
104.8451
104.9634
105.7743
104.5816
104.8604
105.1033
106.3303
104.2934
105.0996
105.1274
104.6798
105.1480
105.3083
104.4494
105.5267
108.0553
105.9198
103.7513
103.6639
106.2249
105.8080
105.9690
105.5667
103.8952
104.8920
105.5492
104.1936
