2.6628
3.0330
2.8946
2.6636
2.8531
2.4303
2.6470
3.0321
2.7807
2.7568
2.6599
2.8837
2.8209
2.8782
2.8223
2.8009
2.7512
2.6648
2.2164
2.4467
2.4513
2.4740
2.6560
2.5610
2.2586
2.3142
2.1701
2.8021
2.7457
2.7944
2.6027
2.7085
2.4120
2.6627
2.7367
2.9810
2.8092
2.6832
2.5544
2.6127
2.9172
2.8350
2.6928
2.6225
2.7193
2.3094
2.2082
2.4732
2.6339
2.5491
2.3937
2.5196
2.5287
2.5880
2.7666
2.6110
2.3956
2.3200
2.3523
2.5080
2.4397
2.5402
2.6485
2.5855
2.1025
2.5031
2.5108
2.6532
2.1242
2.2899
2.6130
2.5869
2.2227
2.3150
2.6203
2.3597
2.5953
2.7207
2.2485
2.4267
2.1497
2.3304
2.4586
2.2613
2.1070
2.1279
2.4795
2.2962
2.2809
2.4366
2.0447
2.1838
2.1600
2.0320
2.3287
2.5450
2.5178
2.7284
2.7098
2.3735
2.5557
2.2826
2.3103
2.8197
2.8731
2.7219
2.8128
2.7490
2.4556
2.9911
2.5883
2.4944
2.6219
2.6447
2.5560
2.6522
2.1329
2.5337
2.5334
2.4109
2.5681
2.3514
2.4477
2.7297
2.6700
2.5178
2.8336
2.8313
2.5517
2.5995
2.5620
2.1636
2.3027
2.4118
2.5414
2.4841
2.8014
3.1191
2.7953
2.7579
2.9496
2.6658
2.9358
2.7853
2.9227
3.0806
2.6553
2.6470
2.7493
2.8861
2.9114
2.6795
2.7736
2.6759
2.6747
2.3563
2.9028
2.4794
2.8224
2.5434
2.7965
2.8922
2.6468
2.8530
2.8954
2.7644
2.9741
2.9822
2.6963
2.6655
2.7318
2.8003
2.6732
3.0412
2.5492
2.6711
2.8860
2.6807
2.6008
2.7333
2.3831
2.5749
2.3477
2.7503
2.3544
2.7735
2.5556
2.3898
2.4889
2.5617
2.5842
2.4393
2.6451
2.5936
2.6931
2.9898
2.6272
2.8165
2.6989
2.6329
2.6514
2.5098
2.5282
2.8370
2.4892
2.7079
2.5368
2.5865
2.5531
2.3354
2.3357
2.5522
2.6071
2.2138
2.4234
2.4578
2.5787
2.9732
2.7082
2.8057
2.6011
2.7395
2.8480
2.7387
2.8214
2.7299
2.5802
2.6665
2.6296
2.5389
2.5315
2.8295
2.4847
2.6939
2.7482
2.5666
2.8937
3.0720
2.9661
2.9661
2.9097
3.0272
2.8033
3.0571
2.9209
2.6767
2.7493
2.9846
2.8529
2.6400
2.6405
2.9228
2.6307
2.8233
2.8703
2.5295
2.5498
2.5451
2.6836
2.4865
2.6329
2.4586
2.3022
2.3306
2.2195
2.6664
2.8053
2.5946
2.9332
2.4915
2.5990
2.6671
2.7390
2.5949
2.5353
2.4678
2.8501
2.6555
2.8658
2.7924
2.9101
2.7736
2.8657
2.4657
2.7420
2.5426
2.4032
2.3846
2.5514
2.5743
2.6425
2.9364
2.7672
2.8761
2.6953
2.8745
2.9312
2.6990
2.6474
2.7163
2.5353
2.6823
2.5724
2.6109
2.5612
2.3362
2.4531
2.5710
2.7336
2.3205
2.2822
2.5725
2.3437
2.4844
2.8143
2.4680
2.4976
2.6302
2.5954
2.6476
2.8052
2.6233
2.3471
2.5763
2.7851
2.4586
2.3098
2.4453
2.3516
2.2212
2.4021
2.1622
2.0379
2.2294
2.2415
2.3672
2.2488
2.3425
2.3760
2.5291
2.6244
2.5728
2.6446
2.4156
2.5793
2.5493
2.5133
2.3583
2.6211
2.5353
2.2661
2.5211
2.2610
2.5437
2.6083
2.5913
2.6889
2.5001
2.1398
2.2050
2.3815
2.6674
2.5733
2.4386
2.5309
2.5970
2.7377
2.6142
2.3727
2.8200
2.6021
2.5251
2.5177
2.3467
2.7074
2.5543
2.5067
2.5679
2.4325
2.2522
2.4552
2.4013
2.4128
2.7161
2.3348
2.4731
2.6399
2.4740
2.4861
2.4495
2.5175
2.6550
2.6495
2.6224
2.6816
2.5671
2.3276
2.4911
2.4715
2.4880
2.7614
2.5922
2.4116
2.6872
2.6133
2.7577
2.3039
2.2622
2.6728
2.6036
2.3827
2.2030
2.1507
2.3459
2.2907
2.5938
2.3994
2.2852
2.5541
2.4052
2.6285
2.3893
2.4599
2.5396
2.3327
2.2832
2.5012
2.6888
2.4263
2.6262
2.5971
2.5989
2.5779
2.5152
2.2782
3.0141
2.8515
2.6858
2.8188
2.8407
2.8330
2.7730
2.5294
2.9661
2.5298
2.6634
2.9022
2.7641
2.5744
2.7030
2.7582
2.5900
2.4701
2.7908
2.6058
2.4794
2.7993
2.7609
2.9085
2.6114
2.6611
2.4463
2.5911
2.6246
2.7859
2.5403
2.6897
2.5163
2.5577
2.4268
2.6908
2.5793
2.5581
2.5686
2.5040
2.8152
2.7834
2.5722
2.8576
2.7001
2.5158
2.9065
2.6143
2.5259
2.6591
2.7636
2.8660
2.7289
2.8485
2.5067
2.5633
2.6937
2.6975
2.9866
2.7901
2.5781
2.8998
2.5646
3.0406
2.9467
2.9263
3.1091
3.1383
2.8451
3.0320
2.9368
2.8437
2.9013
2.9916
2.6851
2.5655
2.5060
2.5789
2.7388
2.8676
2.8808
2.6850
2.6446
2.5922
2.6103
2.6365
2.3075
2.7623
2.5253
2.5804
2.4059
2.5942
2.4749
2.7463
2.5482
2.7438
2.6462
2.8252
2.9036
2.8107
2.6868
2.7435
2.8576
2.8060
2.8645
2.9814
2.8759
2.8352
2.8812
3.3159
3.1597
2.9311
3.0967
2.7137
3.2174
2.9753
2.9980
2.6414
2.5296
2.7926
2.9292
2.9513
2.7209
2.3218
2.5232
2.3409
2.3541
2.7091
2.4483
2.1012
2.4076
2.5238
2.5916
2.4381
2.2573
2.4048
2.3474
2.2867
2.4530
2.5071
2.7395
2.8947
2.2481
2.8070
3.0504
2.6447
2.5506
2.6870
2.5103
2.6260
2.5349
2.6402
2.7458
2.6545
2.8521
2.7997
2.9865
3.2094
3.0037
2.8264
2.9969
3.0144
2.7395
3.1041
3.0131
3.0572
2.7984
2.8297
2.8441
3.0055
3.2392
2.5926
2.8717
3.1099
2.6204
2.8680
2.5826
2.6168
2.4981
2.6857
2.6309
2.6403
2.9714
2.9198
2.7828
2.8311
2.7527
3.0714
2.9003
2.6341
3.0160
2.9467
2.6887
2.9273
2.8856
2.9862
2.9930
2.9435
3.0230
2.7271
2.5633
2.7595
2.5719
2.6469
2.6397
2.3365
2.6171
2.7705
2.5660
2.8100
2.6755
2.7826
2.7853
2.6454
2.5345
2.6275
2.4668
2.6710
2.5430
2.5078
2.8453
2.9209
2.7782
2.4645
2.7644
2.6145
2.7180
2.7606
2.5930
2.4672
2.2211
2.5947
2.6821
2.7830
2.8634
2.7695
2.8210
2.9743
2.6964
2.9486
2.9840
3.1688
3.2275
2.5548
2.8065
2.7749
3.0447
2.9359
2.8136
2.8320
2.8852
2.8496
2.6487
2.8412
2.6667
2.4737
2.7483
2.6144
2.5037
2.6266
2.5300
2.7290
2.9359
2.9023
2.4762
2.8605
3.0781
3.0315
2.7122
2.5819
2.7661
2.8448
3.1347
3.1834
3.2281
2.8822
2.8893
2.9521
3.2888
3.1186
2.9806
2.8128
2.8732
2.6281
2.7825
2.7868
2.7215
3.0742
2.9489
3.1524
2.7286
2.8088
3.1394
2.8470
2.8570
2.6259
2.3684
2.8095
2.6350
2.6175
3.1558
2.8600
2.7008
3.1390
3.0978
2.8051
2.9165
2.9658
2.9071
3.1936
2.8596
2.7290
2.5090
2.4167
2.7871
2.6025
2.7974
2.6122
2.7088
2.7576
2.7095
2.7785
2.6265
2.7538
2.9785
3.0732
3.0085
2.7955
2.9661
2.6639
2.8139
2.9691
2.7092
2.9532
2.6915
2.7386
2.7236
2.6990
2.7587
2.6492
2.6977
2.7704
2.9406
2.8830
2.8319
2.8327
2.6264
2.5436
2.6486
2.5406
2.9910
2.8692
2.7240
2.9301
3.0330
2.6453
2.7242
2.7093
2.6604
2.7260
2.7939
2.7857
3.0119
2.7462
2.7986
3.0546
2.8739
3.0539
3.0185
2.7319
2.6654
2.5227
2.7240
2.6543
2.6031
2.7402
2.8775
2.9894
2.8867
2.7266
2.6629
2.6427
3.0750
3.1025
3.1809
2.9307
2.6347
2.7425
2.7622
2.6074
2.8724
2.8492
2.7486
2.8220
3.2227
3.0978
2.6405
2.8171
2.6061
2.8850
2.7600
2.7907
2.7768
2.6786
2.8038
2.7102
2.9002
2.5878
2.7512
2.8446
2.8221
2.8434
2.7211
2.8504
2.8999
2.9353
2.9006
2.9992
2.7822
2.7604
2.8456
2.8881
2.8996
2.9154
2.8223
2.7170
2.8198
3.0567
3.2736
3.2279
3.0128
3.1014
3.1591
2.9558
3.3260
3.3741
3.4946
3.2948
3.4681
3.6453
3.7084
3.3257
3.7169
3.2821
3.2064
3.1922
3.2525
3.2520
3.0716
3.4347
3.3855
3.2882
3.2966
3.3283
3.4843
3.3404
3.3464
3.5381
3.4499
3.4848
3.4850
3.4536
3.3620
3.5682
3.1835
3.1272
3.4737
3.0799
3.2366
3.1666
3.5364
3.2980
3.4926
3.0995
3.1089
3.3358
3.6414
3.3666
3.2061
3.2556
3.5223
3.4416
3.3412
3.6250
3.5488
3.4357
3.2460
3.8569
3.7733
3.4464
3.6974
3.5875
3.7964
4.2417
3.6876
3.9952
3.7478
3.7042
3.9130
3.8138
3.9885
3.7773
3.9433
3.6213
3.8965
3.9401
3.6164
3.2894
3.8420
3.8935
3.7918
3.8739
3.6317
3.7551
3.4753
3.3414
3.3389
3.2436
3.4200
2.9697
3.1129
3.2223
3.1569
3.4760
3.3152
3.3688
3.3989
3.4462
3.3618
3.2146
3.3683
3.2657
3.3959
3.1198
3.7295
3.5588
3.0635
3.3107
3.5571
3.4446
3.5155
3.0657
3.0809
2.9562
3.4841
3.6551
3.3783
3.5245
3.7520
3.3484
3.8112
3.4039
3.6933
3.3952
3.0464
3.2008
3.3015
3.4276
3.5278
3.0213
2.8087
3.1869
3.0688
3.2888
3.0100
2.9900
2.9860
3.5182
3.2681
3.2550
3.1404
3.1756
3.2857
3.6335
3.3556
3.5878
3.8296
3.2266
3.0197
3.5121
3.4516
3.1464
3.4189
3.1905
2.9779
3.4970
3.5604
3.3992
3.3682
3.1157
3.1048
3.2472
3.6304
3.3272
3.0692
3.4929
3.1632
3.1730
3.1336
3.3234
3.0235
3.1842
3.3425
3.0937
3.0766
3.2648
2.7982
2.9337
3.0378
2.9527
3.1026
3.0490
3.5612
3.5337
3.1071
3.0787
2.9366
2.3335
2.6686
2.7513
2.7487
3.0897
3.1718
3.1138
3.2599
3.1418
3.1659
2.6556
2.7876
3.1292
2.8630
3.2054
3.2696
3.2535
3.0769
3.2781
3.0870
2.5509
2.6578
3.1834
3.0428
3.2029
3.3384
3.0062
3.2408
3.1505
3.0354
3.2573
3.1539
3.2417
3.5240
3.3147
3.3150
3.3240
3.1562
3.2533
3.2708
3.4544
3.2149
3.3268
3.4716
3.4463
3.4162
3.1993
2.9126
3.4549
3.6684
3.5554
3.4591
3.6513
3.3268
3.1739
3.3845
3.3628
2.9435
3.0556
3.4163
3.2540
3.6663
3.4140
3.7987
3.5211
3.5728
3.5039
3.5306
3.9157
3.2926
3.6894
3.7473
4.0193
3.8736
3.5776
3.7121
3.3651
3.3433
3.1367
3.4231
2.9481
3.1107
3.1067
2.9476
3.2222
3.1032
3.4803
3.5675
3.2889
3.3660
3.1301
3.3875
3.5220
2.9790
3.0736
3.0763
3.2723
2.8778
3.0067
2.8626
3.3539
2.8727
2.8851
3.0643
2.9123
3.1115
3.2933
3.4646
3.0609
3.3517
3.3421
3.6659
3.4854
3.3658
4.2141
3.6914
3.2803
3.5169
3.6847
3.5960
3.4347
3.4672
3.5695
3.9056
3.3316
3.3246
3.3308
3.5548
3.1833
3.1609
3.4527
3.3968
3.4796
3.2613
3.3575
3.2741
3.4589
3.5789
3.5400
3.5311
3.5051
3.1732
3.5017
3.1598
3.2676
3.4004
3.3681
3.5854
3.4162
3.3674
3.3766
3.3947
3.7241
3.6094
3.0978
3.6322
3.5714
3.5533
3.6208
3.6633
3.9305
3.7433
3.7256
3.5665
3.6397
3.4122
3.7181
3.7288
3.6571
3.2094
3.4867
3.6916
3.3590
3.5909
3.9129
3.6464
3.8265
3.4856
3.7216
3.3988
3.9449
3.4553
2.9552
3.3497
3.4029
3.4961
3.5716
3.6316
3.7859
3.7702
3.5447
3.3618
3.5902
4.0151
3.6382
3.5558
3.6308
3.5450
3.6717
3.3205
3.1831
3.5624
3.5331
3.6324
3.4750
3.4652
3.4999
3.5918
3.2954
3.1986
3.4650
3.5521
3.4931
3.4062
3.4532
3.5531
3.3295
3.5464
3.5517
3.8612
3.8655
3.4837
3.1787
3.2515
2.9280
3.5077
3.4923
3.5646
3.4815
3.3872
3.4114
3.1406
3.3999
3.4406
3.0620
3.2692
2.9789
3.4212
3.5954
3.8018
3.7552
3.3653
3.4197
3.2282
3.6138
3.9925
3.8400
3.7175
3.7903
3.5165
3.8772
3.4700
3.5405
3.2956
3.5020
3.1842
3.6771
3.5584
3.3818
3.0657
3.1198
3.3274
3.0700
3.3596
3.6277
3.8297
3.4711
3.6083
3.1975
3.6225
3.7894
3.7383
3.3659
3.5387
3.4324
3.1637
2.8904
2.9043
2.8421
3.1662
2.9273
3.1006
3.6305
3.5192
3.5591
3.4608
3.3875
3.9167
3.9106
3.6395
3.8549
3.7419
4.0212
3.6032
3.7404
3.8287
3.9620
3.8175
3.7134
3.6529
3.6402
3.6311
3.3224
3.7003
3.5157
3.3747
4.0377
3.7037
3.4652
3.4572
3.5403
3.5596
3.7476
3.4004
3.4182
3.3219
3.5439
3.6565
3.7456
3.6584
3.5504
3.7546
3.8042
3.8473
3.5815
3.6108
3.6948
3.6581
3.9163
3.9059
3.6488
3.6813
4.0745
3.6528
3.4481
3.4460
3.5621
3.5896
3.5595
3.6876
3.7781
3.6365
3.9496
3.7235
3.5123
3.5106
3.3467
3.5394
3.4021
3.5655
3.4044
3.5030
3.6001
3.4253
3.3720
3.5379
3.3365
3.2274
3.1661
3.1905
3.3137
3.1974
3.6512
3.4094
3.1740
3.1540
3.5768
3.2204
3.2716
3.1973
2.9032
2.9084
3.2373
3.2133
2.9037
3.0810
2.9789
3.0029
3.4127
3.0595
2.9298
3.1053
3.1446
2.9734
3.1058
3.1604
2.7514
2.9985
3.1202
3.2555
3.2980
3.1921
3.2376
3.0528
3.1256
3.3689
3.2919
3.5036
3.3080
3.6878
3.5485
3.2964
3.3950
3.5166
3.5136
3.2572
3.2603
3.2625
3.5181
3.2299
3.4188
3.3223
3.2969
3.3682
3.0728
3.0258
3.4786
3.0200
3.4230
3.2998
3.4191
3.4431
3.2005
3.2892
3.4374
3.3634
3.5570
3.3228
3.2416
3.4764
3.4160
3.2276
3.0964
3.2574
3.0776
3.0186
3.5077
3.1929
3.2049
3.1886
3.1676
3.0416
3.4361
3.6459
3.3893
3.2902
3.2111
3.1698
3.1125
2.7639
3.1496
3.5349
3.4218
3.5184
3.4547
3.2418
3.6725
3.6090
3.3732
3.6808
3.4087
3.4221
3.5924
3.7092
3.1164
3.2494
3.4574
3.4356
3.2838
3.3258
3.2374
3.4032
3.5956
3.3577
3.4105
3.3390
3.0829
3.4463
3.4310
3.4154
3.3125
3.4766
3.2846
3.1213
3.2112
3.1879
3.0934
3.2647
3.2650
3.5512
3.3314
3.3566
3.3796
3.3984
4.0224
3.3591
3.1662
3.6219
3.2622
3.5822
3.3415
3.5826
3.3712
3.4040
3.1869
3.1738
3.3849
3.0815
3.1571
3.0700
3.3516
3.3089
3.5064
3.3640
3.3672
3.3951
3.3479
3.3907
3.5339
3.2962
3.0362
3.2875
3.5448
3.5824
3.5160
3.5896
3.3748
3.2948
3.7130
3.5703
3.1983
3.3956
3.8447
3.3037
3.0838
3.4711
3.2738
3.2815
3.2395
3.2471
3.1922
3.0912
3.5598
3.0026
3.5336
3.0546
3.4351
3.5134
3.3675
3.1695
3.3416
3.1511
3.4273
3.3289
3.1187
3.0829
3.4233
3.3349
3.2386
3.3075
3.1442
2.7279
3.1923
3.2553
3.3057
3.4155
3.0902
3.2923
3.2978
3.3790
3.2071
3.2768
3.3211
3.1972
3.1780
3.2914
3.1374
3.2598
3.4814
3.3710
3.1975
3.3597
3.2674
3.6213
3.5756
3.2736
3.3694
3.4643
3.2615
3.5442
3.7551
3.7487
3.5656
3.6156
3.7764
3.8171
3.4707
3.7941
3.6727
3.7897
3.4175
3.7402
3.6229
3.8232
3.4486
3.5824
3.6172
3.6246
3.6066
3.7245
3.6536
3.7385
3.6630
4.0326
3.5587
3.9203
3.8931
3.8740
3.6025
3.6414
3.8171
3.5584
3.8377
3.5143
3.5437
3.5497
3.7909
3.2873
3.2328
3.4783
3.4732
3.6268
3.5643
3.6270
3.4356
3.3729
3.2807
3.5108
3.5201
3.4167
3.2124
3.3027
3.1748
3.6941
3.2057
3.2828
3.7089
3.2580
3.3424
3.6238
3.2700
3.3002
3.3906
3.3203
3.6427
3.4631
3.3663
3.4640
3.5936
3.4085
3.5497
3.1936
3.7656
3.5976
3.3844
3.6652
3.0658
3.7067
3.5866
3.2521
3.3138
3.5382
3.5264
3.1831
3.3843
3.1265
3.2867
3.6573
3.6709
3.2354
3.3016
3.1155
3.2287
3.2718
2.9144
3.0541
3.3928
3.3616
3.1816
3.0829
3.4932
3.2555
3.1333
3.3385
2.9970
3.2173
3.2516
3.4228
3.3829
3.3458
3.0487
3.3254
3.0379
3.0627
3.0138
3.1692
3.1987
3.5143
3.3659
3.3973
3.7419
3.1255
3.5804
3.4010
3.1816
3.2566
3.1827
3.2071
3.2449
3.0894
3.1931
3.5366
3.2349
3.3939
3.0478
3.3839
3.2790
3.4297
3.3705
3.1227
3.1446
3.3466
3.1668
3.1763
3.1636
3.0801
2.9759
3.0263
2.9622
3.0653
3.1175
3.0177
3.1493
3.4529
3.1773
3.1618
2.7733
2.8518
3.1142
3.1685
2.9959
2.9576
3.1558
3.0149
3.2126
3.3454
3.5640
3.5927
3.5638
3.3504
3.0251
3.3119
3.1920
3.2836
3.1912
3.0415
3.6226
3.4668
3.5245
3.4704
3.2549
3.6177
3.1391
2.8942
3.2961
2.8733
3.0533
3.2743
3.2972
3.5618
3.7052
3.9307
3.5518
3.7958
3.5838
3.5525
3.3177
3.5708
3.2961
3.5397
3.3344
3.4734
3.3834
3.7809
4.2121
3.7722
3.6652
3.3648
3.9203
4.0608
4.0457
3.6189
3.8407
3.5472
3.6426
3.9050
3.2565
3.6420
3.7160
3.7763
4.0631
3.7550
4.0095
3.8135
3.6465
3.4490
3.3434
3.5166
3.5727
3.7954
3.7461
3.4804
3.6457
3.6256
3.8767
4.0212
3.8638
4.0524
3.6501
3.4503
3.8695
3.6388
3.5107
3.6367
3.6950
3.5644
3.2388
3.2456
3.5105
3.4084
3.3287
3.4650
3.6214
3.4816
3.6762
3.7301
3.3215
3.4633
3.5039
3.1769
3.6421
3.7177
3.4544
3.2702
3.6137
3.4529
3.9038
3.4398
3.4811
3.7840
3.4707
3.5474
3.8475
3.9438
3.8651
3.8091
3.7690
3.7784
3.6210
3.6407
3.4157
3.6162
3.5273
3.7984
3.7343
3.7666
3.6657
3.7212
3.4747
3.7669
3.7947
3.8218
3.7255
3.8979
3.8959
3.5745
3.9681
4.1392
4.1694
4.0127
3.8668
3.8582
3.7975
3.9118
3.2082
3.5200
3.5897
3.6937
3.9033
3.9944
3.7601
3.8526
3.5464
3.4045
3.8929
3.6805
4.0047
3.9454
3.9876
4.1298
3.5515
3.8077
3.7009
3.8738
3.9260
3.9390
3.6690
3.8616
3.6749
3.7050
3.8943
3.6320
3.6062
3.8601
4.1016
3.8638
4.1076
3.8616
3.9204
3.9012
3.3975
3.5871
3.4985
3.4426
3.3143
3.3488
3.5508
3.6757
3.6504
3.6199
4.0766
3.8670
3.8093
3.8590
3.9537
3.2132
3.7506
3.8147
3.6750
3.2116
3.5631
3.5555
3.6972
4.0208
3.9591
3.9966
3.7351
4.1516
3.5209
3.6853
3.7633
3.7792
3.8708
3.5093
3.7999
3.8011
3.9137
3.8404
3.6011
3.9255
3.9167
3.9553
3.8255
3.5803
3.4511
3.6029
3.7228
4.0382
3.7404
3.8440
3.3736
3.4633
3.4742
4.0074
3.7873
3.6566
4.1493
3.9512
3.9890
3.9419
3.7175
3.6079
3.7381
3.3798
3.3209
3.2688
3.6211
3.6481
3.6216
3.0474
3.2977
3.8691
3.8502
3.9663
4.0228
3.7874
3.5583
3.9785
4.0787
3.6940
3.7608
3.6884
3.5874
3.2719
3.5677
3.6513
3.5913
3.5047
3.8614
3.3966
3.2542
3.4856
2.7747
3.2543
2.8750
2.7836
2.9430
2.9617
3.0852
3.1362
2.9227
2.3926
2.4823
2.0605
2.6155
2.7087
2.5040
3.0157
3.0467
3.3306
3.0145
2.9028
3.1465
3.4969
3.3716
3.0180
3.2256
3.1783
2.7100
2.7516
2.8711
3.0679
2.8461
2.9006
2.9274
2.6086
2.8793
2.6972
2.7406
2.9760
3.3381
3.0935
3.3143
2.9869
2.7357
3.1328
3.2921
3.2601
2.9712
3.0482
3.3383
3.2805
3.1759
3.4616
3.2802
3.3835
3.4778
3.0213
3.4394
3.5239
3.2358
3.6221
3.5594
3.0952
3.2997
3.4076
3.2020
3.3437
3.5368
3.4094
3.2318
3.3500
3.5078
3.5546
3.4942
2.9064
3.2771
3.2794
3.3604
2.8414
2.9022
3.1035
3.0706
3.2714
2.8318
3.3396
3.0020
3.3626
3.2523
3.2920
3.2527
3.2147
3.2386
3.2404
3.2408
3.1444
3.4479
3.0217
2.9952
3.3765
3.2064
3.1211
3.0075
3.1135
2.7469
3.1986
3.0680
3.2559
3.0210
3.2134
3.1328
3.2474
3.0997
3.2419
3.2930
3.3054
2.8437
3.1091
3.3090
3.3066
3.2815
3.2761
3.6064
3.3434
3.0415
3.1513
3.7112
3.3287
3.2708
3.1460
3.5533
3.1396
3.0813
3.4746
3.0258
3.1954
3.5936
3.4025
3.0088
3.1354
3.1489
3.3120
3.6143
3.2939
3.9663
3.4630
3.4770
3.3684
3.3189
3.4559
3.4726
3.2372
3.4644
3.4517
3.4014
3.5937
3.7319
3.1441
3.5293
3.5366
3.2291
3.5397
3.4901
3.9471
3.3489
3.7859
3.3661
3.2523
3.5513
3.4029
3.3195
3.6585
3.6334
3.6608
2.9704
3.3903
3.5966
3.7871
3.8868
3.7325
3.3531
3.1462
3.0779
3.1466
3.1278
3.1566
3.5689
3.0016
2.9484
3.2760
3.2510
3.3608
3.2510
3.5805
3.3823
3.3291
3.3411
3.6181
3.6295
3.2693
3.6544
3.8184
3.8437
3.0954
3.1577
3.1955
3.0918
3.3743
3.3128
3.4984
3.5639
3.7637
3.5445
3.1832
3.5874
3.6179
3.6990
3.5835
3.4283
3.5455
3.6431
3.4298
3.5520
3.4568
3.6272
3.6446
3.5435
3.2284
3.2552
3.2153
3.7034
3.7652
3.2365
3.4777
3.5983
3.5398
3.4557
3.1648
3.1172
2.9519
3.1453
2.9373
3.6450
3.2863
3.5373
3.7772
3.6767
3.3429
3.2901
3.3482
3.4913
3.4173
3.4567
3.3120
3.5376
3.3199
3.4652
3.3611
3.3439
3.4499
3.7820
3.4031
3.8349
3.5249
3.5975
3.3969
3.3395
3.3975
3.4239
3.2730
3.6048
3.8966
3.3571
3.3264
3.5093
3.3397
3.2711
3.0632
3.4281
3.0956
3.5156
3.2774
3.2226
3.2604
3.2278
3.3601
3.5220
3.8570
3.3946
3.3737
3.4415
3.5538
3.4015
3.3694
3.2466
3.1589
2.9850
3.0551
3.2140
3.1913
3.3987
3.3558
3.1108
3.5985
3.6512
3.6379
4.0674
3.6311
3.4083
3.5667
3.2507
3.5306
3.6277
3.6832
3.9701
3.6989
3.2197
3.3350
3.2418
3.2374
3.5050
3.8528
3.5408
3.4421
3.7399
3.2462
3.5198
3.4437
3.3182
3.7257
3.4977
3.7417
3.7524
3.6507
3.7265
3.8585
3.8243
3.8512
3.8240
3.5631
3.9008
3.9266
3.8337
3.9389
3.5877
4.0017
3.6524
3.7671
3.6648
3.9589
3.9318
3.5891
3.6664
3.9474
3.6205
3.7544
3.7542
3.1366
3.6941
3.5090
3.8134
3.7207
3.8930
3.8797
4.2425
3.7838
3.8923
3.7919
3.7348
3.9647
3.8442
4.0139
3.8137
3.9006
4.0097
4.0577
3.9423
4.0305
3.9402
3.7006
3.8241
3.9026
4.2451
3.9945
3.6728
3.9284
3.5328
3.9182
3.5256
3.0681
3.1972
3.1920
3.4234
3.4365
3.5299
3.6965
4.2011
3.6210
3.5221
3.9458
3.6620
3.8193
4.2469
3.7060
3.8308
3.5067
3.4405
3.1032
3.5314
3.3099
3.4956
3.4770
3.4308
3.0004
3.6185
3.8099
3.7662
3.8643
3.5959
3.4771
3.5293
3.4121
3.8522
3.5335
3.3668
3.7000
3.5407
3.4959
3.8907
3.5898
3.7908
3.6174
3.7251
3.5803
3.7367
3.8966
3.6414
3.5045
3.5589
3.5051
3.4440
3.5109
3.3856
3.4739
3.3700
3.3887
3.5958
3.4962
3.5149
3.3713
3.2557
3.5877
3.5190
3.5820
3.7184
3.5056
3.5419
3.5021
3.6420
3.6367
3.2718
3.7191
3.2227
2.8866
3.3173
2.8983
3.1767
2.7929
2.8388
2.6869
2.8317
3.2946
2.9212
3.0923
3.6149
3.1462
3.0745
3.5684
3.5664
3.5970
3.4969
3.1551
3.0148
3.6554
3.7271
3.5206
3.3246
3.4171
3.2798
3.3880
3.8020
3.9302
3.5781
3.7707
3.6821
3.9937
3.6408
3.8002
3.4083
3.7833
3.9143
3.5574
3.7958
3.4078
3.6472
3.3264
3.7389
3.8731
3.7733
3.5692
3.7735
3.6017
3.8448
3.5655
3.3195
3.9676
3.6944
3.4082
3.5277
3.4290
3.9887
3.9125
3.6425
3.7540
3.8419
3.9674
3.6829
3.7402
3.4178
3.6896
3.6156
3.5809
3.1331
3.6568
3.7077
3.6984
3.7847
3.6713
3.5454
3.6771
3.4711
3.6206
3.2013
2.9577
3.3609
3.0412
3.2049
3.4264
3.4957
3.5216
3.4364
3.5393
3.1737
3.1672
3.0812
3.0737
3.4043
3.3026
3.3861
3.4883
3.4173
3.4852
3.2917
3.3168
3.0889
2.9011
3.2154
3.3706
3.2656
3.5455
3.5190
3.2184
3.0184
3.4159
3.5995
3.2304
3.1719
3.2587
3.0179
3.3793
3.4200
3.2212
3.3554
3.6104
3.6680
3.5402
3.5092
3.8318
3.8522
3.6065
3.5485
3.9167
3.7158
3.5782
3.6096
3.9811
4.0028
3.8505
3.8075
3.7591
3.9298
4.2236
3.9227
3.9734
3.8513
4.0899
4.2719
3.7478
4.0811
3.7073
3.8329
3.8809
4.1483
3.7724
3.4748
3.5701
3.6002
3.2988
3.7767
3.4294
3.2535
3.5427
3.5457
3.6412
3.4090
3.0708
3.3054
3.3313
3.4559
3.5359
3.1588
3.1874
3.5099
3.2488
3.7986
3.6994
3.3282
3.2983
3.7826
3.6124
3.7055
3.5453
3.4161
3.5039
3.5269
3.4219
3.5582
3.4649
3.3369
3.3878
3.5045
3.5542
3.6089
3.2989
3.5576
3.4269
3.2583
3.3452
3.1932
3.0065
3.2317
3.0667
3.4274
3.5198
3.3341
3.1646
3.2183
3.2079
3.2931
3.2940
3.7677
3.6942
3.4337
3.5107
3.5149
3.4182
3.1660
3.4493
3.4218
3.1550
3.4463
3.5813
3.4992
3.5266
3.6158
3.8028
3.8003
3.7910
3.6451
3.6683
3.5458
3.4590
3.2568
3.5948
3.6368
3.5585
3.7542
3.5297
3.6844
3.5806
3.5660
3.5695
3.6409
3.4686
3.2467
3.0983
3.5778
3.4009
3.1055
3.0504
3.2838
3.3974
3.4566
3.4076
3.1921
3.4222
3.4182
3.2481
3.4276
3.5031
3.7141
3.7241
3.7381
3.8541
3.2494
3.6466
3.5412
3.6361
3.6771
3.6089
3.4180
3.5564
3.7223
3.6487
3.4619
3.8583
3.7346
3.8266
4.0683
3.9221
3.7220
3.8098
3.5950
3.3983
3.6759
3.8023
3.9675
3.8329
3.6795
4.0074
3.8067
3.7753
3.3760
3.6877
3.5227
3.8790
3.8412
3.6668
3.9759
4.3610
3.9022
4.1732
4.0402
4.1675
3.8391
4.0638
4.0838
3.9836
3.8612
3.7898
3.8165
3.5743
3.8929
3.8098
3.7934
3.9827
3.7022
3.5580
3.8833
4.1204
3.9864
3.6055
3.8395
3.7572
3.3807
3.5581
3.7881
3.5738
3.6669
4.0252
3.9857
3.9253
4.0718
3.9239
4.0321
3.6186
3.9702
3.8771
4.0978
3.7125
3.6723
3.6151
3.7267
3.8800
3.7779
3.3144
3.6977
3.9683
3.8448
3.4974
4.1037
3.9282
3.8115
3.6963
3.6921
3.6685
3.3676
3.9866
3.6997
3.6090
4.0236
3.9699
3.8194
3.8096
3.6880
4.1627
3.9312
3.7092
3.5879
3.8165
3.5144
3.5908
3.4952
3.5328
3.4847
3.5513
3.6926
3.8349
3.7904
3.8675
3.7299
3.6760
3.7004
3.8271
3.6819
3.5584
3.8158
3.9033
3.8657
3.4043
3.6798
3.3178
3.2856
3.6931
3.4085
3.5034
3.3070
3.4280
3.5006
3.4027
3.4993
3.5726
3.5459
3.7933
3.6024
3.4724
3.2451
3.4227
3.5632
3.4644
3.2512
3.2607
3.6409
3.2008
3.0841
3.3490
3.1141
3.1610
2.9854
3.4586
3.3602
3.3269
3.4242
3.7455
3.5905
3.4586
3.6250
3.5157
3.2633
3.2314
3.5842
3.2060
3.4774
3.0557
3.5063
3.6845
3.2647
3.2259
3.2866
3.4997
3.3807
3.7386
3.4762
3.5171
3.6068
3.4388
3.6018
3.6444
3.4998
3.5433
3.3147
3.2453
3.4382
3.3253
3.3656
3.4917
3.3945
3.5711
3.5992
3.4837
3.3998
3.5567
3.5487
3.3247
3.9766
3.6383
3.4331
3.6718
3.5539
3.6344
3.2900
3.5706
3.7341
3.7204
4.0209
3.5699
3.8370
3.9283
3.6816
3.7931
3.7564
3.8757
4.0700
3.7505
3.9755
3.6725
3.8960
3.7559
3.5940
3.3952
3.6396
3.3967
3.3831
3.4672
2.9937
3.1755
3.4537
3.1974
3.5440
3.6517
3.4439
3.4192
3.5621
3.6014
3.6114
3.6176
3.5777
3.2816
3.4464
3.6523
3.5244
3.6979
3.8000
3.6939
3.7804
3.4544
3.8099
3.5872
3.8272
3.9977
3.6755
3.4898
3.5178
3.5411
3.5914
3.5853
3.5673
3.8742
3.7762
3.5474
3.5975
3.4633
3.8078
3.5588
3.6745
3.7194
3.5562
3.6242
3.9600
3.8480
3.8712
3.8741
3.6210
3.7504
3.9533
3.6978
3.5734
3.7357
3.5551
3.8193
3.9767
3.8616
3.7506
3.7368
3.7329
3.8822
3.8557
3.7839
3.7933
3.5731
3.7786
3.5352
3.7647
3.7628
3.5536
4.1281
3.8479
4.0305
4.0598
4.1147
3.8460
3.7703
3.7720
3.9644
3.9800
3.8561
3.6744
3.6206
3.7935
3.8157
3.6918
3.6295
3.7528
3.5711
3.7473
3.8909
3.6479
3.7047
3.5912
3.8732
3.6298
3.8058
4.0470
4.0378
3.9234
3.7577
3.5847
3.4179
3.7321
3.5029
3.6016
3.9273
3.8495
3.8994
3.8223
3.7965
3.5432
4.1847
3.8457
3.5607
3.7901
3.5225
3.7592
3.7311
3.3030
3.5055
3.6407
3.8084
3.7438
3.7297
3.8345
4.2363
3.9305
3.8263
3.7594
3.4420
3.5376
4.1344
3.7477
3.6132
3.7232
3.4952
3.5910
3.1917
3.4784
3.6922
3.6844
3.5696
3.4147
3.6503
3.4080
3.5865
3.0348
3.6166
3.4729
3.5024
3.4674
3.2913
3.8325
3.8704
3.7175
3.7220
3.8144
3.6454
3.4064
3.8273
3.5203
3.6393
3.7643
3.6670
3.8884
3.6921
3.7349
3.6517
3.8555
3.5390
3.6599
3.5999
3.3607
3.8035
3.5305
3.4339
3.4532
3.5174
3.6677
3.7174
3.4929
3.5518
3.2141
3.2138
3.4986
3.5943
3.5834
3.4891
3.6844
3.5694
3.3158
3.7264
3.4496
3.5236
3.2701
3.5682
3.1595
3.2385
3.2530
3.6137
3.6543
3.6428
3.2645
3.3341
3.3303
3.4474
3.3805
3.5461
3.2263
3.3475
3.5102
3.6110
4.0416
3.7254
4.0456
3.9744
3.8728
3.5784
3.6069
3.6114
3.6241
3.6671
3.5209
3.6266
3.8652
3.7057
3.8219
3.7472
3.5013
3.6645
3.6757
3.7152
3.9229
3.3685
3.4287
3.2878
3.2320
3.5115
3.5765
3.7384
3.5824
3.8304
3.9827
3.8216
4.1483
3.8642
3.7564
3.6075
3.6034
3.7700
3.7191
3.9432
3.4397
3.4849
3.6102
3.6975
3.8050
3.5454
3.6451
3.7411
3.5308
3.7605
3.6856
3.6002
3.6330
3.8836
3.6710
3.9215
3.7755
3.9486
3.9716
4.3581
3.8989
4.0350
3.6371
3.6635
3.6479
3.3944
3.5241
3.6865
3.6305
3.8332
3.2779
3.6236
3.6633
3.6302
3.8515
4.0429
3.8952
3.7638
3.9401
3.7233
4.3273
3.9918
3.6771
4.0120
3.4507
3.5386
3.6038
3.7713
3.4298
3.6264
3.8116
3.7155
3.5761
3.6135
3.5547
3.7026
3.4820
3.5544
3.7044
3.6000
3.7783
3.6561
3.7144
3.2372
3.7433
3.6815
3.8154
3.9072
3.7817
3.8327
3.6976
3.3201
3.4367
3.5896
3.5717
3.3727
3.0782
3.5697
3.1830
3.5333
3.3103
3.8914
3.4847
3.2717
3.3352
3.5301
3.1437
3.6656
3.5021
3.6031
3.4590
3.7690
3.5010
3.3879
3.6755
3.5651
3.7761
3.3520
3.7176
3.3723
3.3313
3.8906
3.5405
3.7122
3.6643
3.7943
3.5455
3.6148
3.5253
3.5233
3.7778
3.9712
3.8674
3.8010
3.5298
3.4966
3.8442
3.6436
3.4638
3.4695
2.9076
3.1099
3.5647
3.3762
3.3292
3.6505
3.1552
3.1929
3.2670
3.7431
3.5291
3.0937
3.5656
3.4241
3.7810
3.6351
3.7836
4.1113
3.5576
3.7251
4.1765
3.7897
3.7794
3.9137
3.8421
3.5693
3.7957
3.6481
3.9232
3.7152
3.4466
3.5818
3.5567
3.5925
3.6847
3.6621
3.8583
3.6943
3.7652
3.4196
3.4574
3.4503
3.5698
3.5623
4.0243
3.5827
3.5431
3.3988
3.3628
3.5212
3.4543
3.6115
3.2761
3.3494
3.5186
3.2219
3.0458
3.6136
3.5989
3.4743
3.6054
3.4731
3.5024
3.4279
3.5548
3.5331
3.2177
3.2929
4.0358
3.7650
3.4176
3.3704
3.7455
3.3127
3.5269
3.4727
3.4859
3.3946
3.6290
3.5355
3.3512
3.0790
3.5882
3.3514
3.7446
3.5447
3.3076
3.5203
3.5961
3.5673
3.6274
3.6547
3.7662
3.4953
3.2980
3.6100
3.4198
3.4091
3.6732
3.3668
3.6445
3.7652
3.5094
3.7632
3.2376
3.1954
3.3030
3.3681
3.8590
3.6338
3.5331
3.7429
3.4914
3.9466
3.3504
3.3580
3.6011
3.3086
3.2780
3.5691
3.5181
3.7603
3.5573
3.5933
3.5177
3.5477
3.5523
3.6336
3.3466
3.4768
3.5443
3.6025
3.3523
3.6570
3.4703
3.6032
3.5563
3.6009
3.9400
3.7961
3.8203
3.8280
3.9061
3.9082
3.7508
3.5727
3.2972
3.3998
3.5780
3.2349
3.6697
3.7535
3.5687
3.3665
3.3834
3.6996
3.2974
3.5040
3.5157
3.3719
3.3761
3.3894
3.2239
3.2755
3.4552
3.3021
3.3548
3.4718
3.4910
3.4650
3.4669
3.6830
3.0887
3.4387
3.2076
3.2224
3.8840
3.2157
3.4622
3.3474
3.6288
3.4366
3.2196
3.4547
3.6205
3.5661
3.5354
3.4694
3.5728
3.3752
3.0342
3.3812
3.3798
3.4426
3.2150
3.4661
3.2793
3.5100
3.5819
3.3913
3.6658
3.4250
3.6579
3.3845
3.7606
3.3796
3.1857
3.5488
3.4223
3.7072
3.7022
3.6602
3.7288
3.7041
3.5284
3.7722
3.4271
3.9569
3.9357
3.9023
3.3461
3.4178
3.7438
3.7843
3.4797
3.5716
3.9083
3.7440
3.6839
3.5351
3.4381
3.4673
3.5553
3.6947
3.3841
3.5401
3.4700
3.2189
3.5274
3.3383
3.8600
4.0824
3.8193
3.8950
3.7665
3.8096
3.6400
3.3941
3.7330
3.3438
3.8414
3.5922
3.6681
4.1106
3.9685
3.8743
3.7974
3.5160
3.6557
3.4624
3.3206
3.2635
3.5292
3.4923
3.6685
3.8739
3.6147
3.6659
3.5277
3.4000
3.3793
3.4581
3.5058
3.3477
3.3059
3.4434
3.4477
3.6687
3.2488
3.3919
3.3846
3.3565
3.4415
3.8542
3.6547
3.4312
3.8640
3.3067
3.4107
3.9781
3.5709
3.3213
3.7441
3.4452
3.5023
3.3948
3.4407
3.4654
3.1297
3.5411
3.5649
3.7847
3.5375
3.6546
3.6273
3.5777
3.2762
3.3078
3.3928
3.7273
3.8107
3.4726
3.9775
3.8710
3.8553
3.4951
3.8196
3.9125
3.8193
3.9277
3.5972
3.7568
3.8621
3.7559
3.7559
3.6209
3.6463
3.6630
3.6455
3.4019
3.3924
3.2608
3.6564
3.8514
3.5280
3.7479
3.5929
3.7923
3.6548
3.4833
3.7128
3.8054
3.7295
4.0216
3.8547
3.7456
3.7669
3.8929
3.5160
3.5468
3.7576
3.6394
3.2389
3.5646
3.8680
3.2449
3.4971
3.4804
3.7214
3.6099
3.3885
3.9033
3.8830
3.4492
3.5170
3.7539
3.3492
3.9845
3.6850
3.5760
3.8372
3.5849
3.5172
3.6188
3.5099
3.5335
3.3571
3.6212
3.7580
3.6121
3.6570
3.9967
3.4763
3.6826
3.3558
3.8997
4.3100
4.1793
4.0986
3.8450
3.4227
3.5911
3.7108
3.7004
3.5174
3.9042
3.7018
3.5707
3.3884
3.5839
3.8428
3.8536
3.9154
3.6666
3.8390
3.7869
3.8739
3.8613
4.0936
3.8502
3.5602
3.4548
3.4626
3.3949
3.6694
3.5357
3.4179
3.3778
3.3705
3.5414
3.4905
3.4779
3.1647
3.0271
3.2420
3.4119
3.6796
3.7389
3.7510
3.3989
3.6228
3.5304
3.5899
3.7472
3.6730
3.3746
3.3067
3.8039
3.6232
3.4507
3.6716
3.3670
3.5709
3.7861
3.4205
3.3853
3.3757
3.0930
3.6651
2.9657
3.4679
3.3733
3.4475
3.0490
3.3875
2.9655
2.6737
2.8824
3.1758
2.8106
2.9360
3.1150
3.1184
3.3313
3.1217
3.0063
3.1639
3.2257
3.1784
3.3412
3.2300
3.4524
3.6676
3.4379
2.9234
3.3473
3.2377
3.0961
3.0577
3.1588
3.1605
3.0886
3.2845
3.2323
3.4010
3.0133
3.0967
3.2024
3.0879
3.0809
3.1181
2.8439
3.2398
2.9949
2.9875
3.2154
3.0665
2.9853
3.1650
3.1331
3.2701
3.0866
3.4852
3.1533
3.4681
3.0925
2.8867
3.0847
3.1168
3.3229
3.3821
3.3940
3.2659
2.9399
3.1806
3.0427
3.3416
3.2982
3.2305
3.0389
3.1726
3.4062
3.5391
3.2282
3.2375
3.0485
3.0456
3.5680
3.6308
3.7221
3.4740
3.4327
3.0213
3.0967
3.2399
3.3691
3.2892
3.3046
3.2267
3.2340
3.3139
3.1228
3.6890
3.5258
3.4809
3.3128
3.3371
3.5586
3.3774
3.6614
3.3144
3.6628
3.3650
3.1926
3.3800
3.3433
3.4301
3.5014
3.2574
2.9592
3.2482
3.4273
2.9825
3.1884
3.0181
3.1364
3.2427
3.3553
3.2494
3.4416
3.1523
3.2222
3.5766
3.4827
3.3349
3.4140
3.3959
3.3705
3.4924
3.6031
3.5372
3.5959
3.4106
3.4048
3.1778
2.9165
2.9380
2.9878
3.2876
3.5173
3.4007
3.3427
3.3208
3.2914
3.2421
3.1958
3.1950
3.3949
3.3567
3.2191
3.2150
3.3246
3.4613
3.5514
3.2199
3.4192
3.3950
3.4496
3.3829
3.5068
3.3971
3.2669
3.5577
3.3498
3.6587
3.5362
3.7602
3.3334
3.8006
3.4419
3.5438
3.5588
3.3752
3.2162
3.5341
3.5840
3.7571
3.6706
3.4205
3.5431
3.7448
3.8895
3.4170
3.4633
3.4640
3.3794
3.2816
3.1660
3.4280
3.1464
2.9503
3.2163
3.5172
3.4896
3.3587
3.4624
3.3072
3.4914
3.4018
3.3961
3.3244
3.1733
2.9581
3.4737
3.0150
3.2551
3.4988
3.4380
3.5516
2.9653
3.1183
3.1828
3.4162
3.4203
3.3313
3.4393
3.3541
3.3047
3.0220
3.1698
3.1037
3.0288
3.3204
3.2231
3.2502
3.1233
3.0858
3.3290
3.0424
3.4669
3.1234
3.5320
3.2617
3.3756
3.1733
3.1301
3.3231
3.4956
3.5283
3.4454
2.9458
2.9822
3.1310
3.6160
3.3711
3.6789
3.5544
3.4647
3.7046
3.9019
3.9442
4.0107
3.7263
4.0442
4.1121
4.1436
3.6973
4.1092
3.7749
3.9453
3.6363
3.6441
3.5456
3.4364
3.5473
3.3734
3.2270
3.6606
3.6570
3.8678
3.7534
3.6688
3.5760
3.3967
3.5454
3.7781
3.6288
3.4573
3.5747
3.4908
3.5426
3.3324
3.2276
3.4800
3.3367
3.3701
3.1182
3.4065
3.0501
3.1852
3.3107
3.4629
3.4032
3.0534
3.3849
3.1303
3.5094
3.2795
3.4079
3.1440
3.3666
3.3059
3.3395
3.7342
3.5085
3.6208
3.5608
3.2670
3.4280
3.3255
3.0649
2.7426
3.1639
2.8703
3.4811
3.4502
3.4947
3.4169
3.5885
3.1132
3.2680
3.3381
3.4971
3.1969
3.3975
3.2525
3.0784
2.9220
2.7552
2.9334
3.0498
3.0564
3.1814
3.0776
2.9883
2.9504
3.1574
2.9880
3.1481
2.9544
2.8134
3.0887
3.2893
3.1905
3.2967
2.9284
3.2369
2.9993
3.4419
3.1499
3.3895
3.2773
3.2778
3.1044
3.1645
3.5465
3.3122
3.3251
3.3146
3.4784
3.2372
3.2730
3.2835
3.0094
3.5637
3.4138
3.6709
3.4187
3.2893
3.1501
2.9463
3.2001
3.0718
3.1478
3.0127
2.8889
2.9201
3.3042
3.5361
3.3743
3.5553
3.2238
3.1835
3.1500
3.2342
3.3865
3.2900
3.4722
3.2110
3.5440
3.2566
2.9045
3.3179
3.2302
3.3617
3.1337
3.0677
3.4527
3.3277
3.0203
2.8854
3.0560
3.0209
2.9446
2.9861
3.1328
3.2153
3.3876
3.1829
2.8234
2.6903
3.0064
3.1414
2.9334
2.9176
3.0693
2.8814
3.2531
3.0524
3.0989
3.0385
3.2157
3.1764
3.1106
3.1513
2.9986
2.8894
3.0646
3.0495
2.9768
3.2320
2.8829
2.9952
3.4302
3.1680
3.0726
3.2559
3.2414
3.0848
2.9092
2.9657
2.8472
2.9053
2.7531
2.8520
2.8662
2.5138
2.8000
2.8655
3.0698
2.7282
2.9387
2.6865
3.0476
2.7497
2.9173
2.7348
3.0106
3.0299
3.1454
3.3703
3.0821
2.9614
2.9223
2.9566
3.1745
3.0787
3.2091
3.0492
3.0103
3.0357
3.1833
2.9824
2.6422
3.0019
2.4612
2.5331
2.6341
2.3704
2.5540
2.8303
2.5245
2.6480
2.5179
2.2721
2.7527
2.8262
2.6904
3.0556
2.9842
2.8775
2.6627
2.9913
3.0912
3.0662
3.4317
3.0985
3.3534
3.6443
3.3763
3.2594
3.1684
3.4259
3.4399
3.5249
3.2264
2.9844
3.1576
3.2389
3.3234
3.3454
3.1439
3.3654
3.3072
3.3149
3.1765
3.2500
3.3879
3.3784
3.4230
3.8926
3.4887
3.2748
3.4053
3.6995
3.3881
3.6124
3.4619
3.4984
3.5625
3.4703
3.0632
2.9946
3.2623
3.1847
3.1771
3.1982
3.0529
3.0998
3.2856
3.0270
3.2504
3.1525
3.1311
3.1314
3.2303
3.3954
3.5183
3.3614
3.5316
3.3680
3.1630
3.2481
3.4263
3.3275
3.4713
3.4102
3.5787
3.1264
3.3881
3.2922
3.4329
3.0417
3.3376
3.4905
3.2988
3.8283
3.4785
3.3446
3.2474
3.2120
3.4009
3.7415
3.5383
3.6973
4.0254
3.8194
3.7691
3.4948
3.4415
3.5011
3.5315
3.6288
3.4219
3.7186
3.8367
3.7343
3.4574
3.6824
3.5660
3.5353
3.8224
3.8483
3.7713
3.8274
3.6781
3.8913
3.4593
3.4693
3.1953
3.1821
3.1639
3.3284
2.9014
2.8811
2.8210
3.4794
3.2927
3.7238
3.2197
3.6518
3.9103
3.7780
4.1175
3.4062
3.8189
3.5662
3.9733
3.7490
3.6756
4.0302
3.5630
3.8268
4.1364
3.8228
3.8160
4.0277
3.5241
4.0372
4.0083
4.0066
3.9489
3.7133
3.8338
3.7296
3.8085
3.8307
4.0509
3.7240
3.2647
3.8893
3.9167
3.4513
3.6814
3.6962
3.9328
3.9730
3.9523
3.7012
3.1870
3.6200
3.5994
3.4795
3.9153
3.4361
3.5481
3.4802
3.7170
3.2334
3.3012
3.7079
3.3556
3.8515
3.4886
3.4761
3.3936
3.2852
3.7597
3.6208
3.5827
3.1870
3.7114
3.7496
3.7255
3.5972
3.6100
3.3296
3.4837
3.2373
3.1869
3.6095
3.4198
3.4332
3.4070
3.4285
3.5016
3.7800
3.2390
3.6894
3.4804
3.3183
2.8396
2.7825
3.0331
3.2808
3.0819
3.0314
3.1708
3.0082
3.4445
3.6377
3.3412
3.4826
3.5096
3.7511
3.6048
3.7373
3.4702
3.4916
3.7064
3.5687
3.0296
3.5488
3.3818
3.5942
3.2766
3.2078
3.4053
3.3316
3.2264
3.2426
3.2003
3.4109
3.3732
3.1967
3.2455
3.4529
3.4191
3.3229
2.8505
2.6452
3.0093
2.6588
2.6945
2.9686
3.1698
3.0463
2.9924
2.9067
2.8646
2.6850
2.6523
2.5965
2.7854
3.0731
2.6803
2.8057
2.8988
2.9609
2.8729
2.8284
2.6955
2.9392
2.8357
2.8479
2.7398
2.7296
2.7671
3.0669
2.9121
2.7775
2.7534
2.6851
2.7912
3.0399
2.9166
2.7916
2.7903
3.2542
2.8613
2.8375
3.3080
3.0532
2.9395
2.7516
2.9489
3.1915
2.9417
3.0078
3.0619
2.8058
3.0808
2.9263
2.3907
2.4972
3.1888
3.2633
3.1119
2.9751
2.8893
2.8286
2.7978
3.0570
2.9756
3.3259
3.0473
2.8248
2.7125
2.7369
2.7532
2.8652
3.1929
2.9053
2.7339
2.9138
2.8141
2.7090
2.6017
2.8252
2.6472
2.9332
3.0099
2.7884
2.7713
2.6058
2.7011
2.7179
2.6419
2.6979
2.7959
2.7176
2.4575
2.9528
3.1303
2.9054
2.7289
2.7437
2.3603
2.3275
2.6255
2.4777
2.9077
2.9946
2.7437
2.8699
2.5764
2.8125
3.0305
3.3014
2.9740
2.9068
2.8849
2.7551
2.7361
2.7839
3.1222
2.7821
2.5329
2.7370
2.6454
2.6963
2.6383
2.7051
2.6505
3.1935
3.0333
2.9436
3.1173
3.4123
3.0605
3.2995
3.3773
3.3822
3.1204
3.4228
3.3570
3.2723
3.4033
3.0570
2.9695
2.7598
2.8350
2.7813
2.6701
2.4499
2.8597
2.9918
3.0448
3.2458
3.0862
2.9691
2.9273
2.8255
2.5887
2.7713
2.9679
2.6881
2.8125
2.4983
2.6333
2.4473
2.6549
2.6273
2.5232
2.5056
2.3742
2.7574
2.6648
2.6134
3.0367
2.9995
2.5419
2.6066
2.8721
3.0653
3.1836
3.4614
3.3030
3.0014
2.8339
3.0749
2.7764
2.7261
2.5293
2.9113
2.6747
2.8369
2.9245
2.7245
2.7033
2.5206
2.6040
2.6879
2.7094
2.5735
3.1764
2.8377
2.9974
2.9995
2.5202
2.7965
2.7318
2.9146
2.7656
2.8636
2.6563
2.8235
3.0170
2.6930
2.5721
2.8875
3.0053
2.7422
2.8313
3.1081
2.6746
2.8441
3.0761
3.0987
3.0443
2.7197
2.8324
2.9922
2.7365
2.9630
2.7464
2.7127
2.9268
3.0082
3.0555
2.9058
2.8751
2.9607
2.9213
2.8759
2.8722
2.6292
2.6909
2.6252
2.8569
2.2981
2.8345
2.5281
2.5945
2.9477
2.7402
2.6300
2.7102
2.7556
2.9207
2.7884
2.6318
2.8114
2.7686
2.7414
2.7859
3.0487
2.6302
2.8045
2.7578
3.1412
3.1502
3.3418
3.3603
3.3468
3.5345
3.2675
3.3152
2.8348
3.2486
3.0821
3.0627
3.1673
3.0046
2.4177
2.7590
2.5037
2.7331
2.2191
2.5310
2.6312
2.3291
2.9133
2.7910
2.6433
2.8243
2.9152
2.4869
2.5166
2.5537
2.3499
2.0043
2.6414
2.6882
3.0145
3.0320
2.8358
2.7685
2.6961
3.1136
2.9080
2.8369
2.7052
2.8855
2.8518
2.4342
2.5013
3.2770
2.5342
3.1385
3.0841
3.3445
3.3223
3.2619
3.5040
3.6131
3.6976
3.5048
3.4053
3.0124
3.6833
3.4656
3.2740
3.5834
3.1456
3.6413
3.3606
3.4168
3.4440
3.5408
3.7843
3.6705
3.6217
3.4826
3.3216
3.2493
3.0957
2.9371
2.8677
3.2016
3.5234
3.1932
2.9757
3.2046
3.1488
3.0708
3.3866
3.6139
3.2094
3.1666
3.2250
3.1422
3.2927
3.0712
3.3671
3.2202
3.3177
3.3347
3.1749
3.3055
3.3806
3.1286
3.2418
3.6828
3.2752
3.3444
3.5218
3.3215
3.4373
3.4533
3.1422
3.3094
3.2313
3.3965
3.2998
3.5821
3.4136
3.1732
3.5796
3.3667
3.1510
3.0043
3.2080
2.9380
3.3349
3.2691
3.2612
3.3795
3.3230
3.2426
3.2021
3.4224
3.1782
3.1234
3.1959
3.1365
3.0416
3.1573
3.1738
3.1155
3.4998
2.8524
3.0711
3.3780
3.2438
2.9099
3.2340
3.2121
3.3024
3.2127
3.3457
3.1838
3.3515
3.1232
3.1514
3.2857
3.5060
3.3484
3.4367
3.3834
