1.6332
1.7962
2.2793
2.4333
2.5493
2.4820
2.3726
2.1698
1.9779
2.1169
2.2254
2.0291
2.2045
1.8842
2.0576
2.0152
1.8801
2.0196
1.5825
1.7686
1.7686
1.9074
2.0347
2.1830
2.0783
1.4697
1.9718
1.8569
1.4304
1.3626
1.5639
1.6535
2.0021
1.7911
2.0682
2.1841
1.9367
1.8133
2.3887
2.3134
2.7415
2.2927
2.3521
2.1176
2.3451
2.5394
2.1391
1.9248
1.7261
1.2551
2.1756
1.7863
2.1699
2.4497
2.5241
2.0840
2.1507
2.4176
2.3275
2.0682
2.5049
2.2332
2.2500
2.8871
2.7499
1.9664
2.0620
2.1262
1.9509
2.3045
2.0031
2.5685
2.6001
2.1426
1.9577
2.2134
1.6794
1.7836
1.9277
1.9273
1.8011
1.7551
2.4388
2.1147
1.9480
2.0071
1.8223
1.9442
2.1738
1.8827
2.0019
1.7440
2.0808
2.2417
2.0385
2.0418
1.9345
1.9807
2.2388
2.6149
2.2385
2.0925
2.2436
2.0355
2.1591
2.2612
2.6307
2.2112
2.2868
2.3123
2.1656
1.7504
1.8162
2.3309
1.9308
2.4084
2.3408
2.3299
2.4271
2.2874
2.4595
2.1937
2.2629
1.8609
2.4038
2.3164
2.3586
2.4581
2.4273
2.3830
2.4302
2.2205
2.0354
2.0790
2.6111
2.0484
2.3743
2.1486
2.0950
2.2748
2.2038
2.0752
2.3503
2.7883
2.4624
2.6282
2.3758
2.4248
2.1121
2.2229
2.5438
2.3070
2.5702
2.4366
2.4404
2.6659
2.4398
2.3418
2.2059
2.5690
2.2127
1.9350
2.0712
2.2859
2.2913
2.4830
2.0487
2.1200
2.0285
1.9899
2.0421
2.2317
2.2596
2.3914
2.3108
2.1533
2.6631
2.4102
2.2298
2.0667
2.0454
2.2645
2.0471
1.9949
2.1426
2.1996
2.4235
2.2191
2.0440
2.4909
2.4585
2.2076
2.5606
2.4065
2.3875
2.4155
2.1259
2.8011
2.1173
2.3198
2.2862
2.3015
2.3363
2.0644
1.9106
2.6735
2.4544
2.2806
2.4940
2.2699
2.0097
2.1709
1.9785
2.5729
2.2238
2.4399
2.3167
2.1421
2.2988
2.2337
1.8551
2.0390
2.3016
2.6596
1.7838
2.2885
2.5375
2.3909
2.4586
1.9234
2.0339
1.8144
2.4686
2.1218
2.2268
1.8919
2.1042
1.9837
2.3655
2.7476
2.2598
2.6845
2.3763
1.9687
2.3972
2.5179
2.3268
2.3648
2.7289
2.5668
2.7203
2.4068
2.2978
2.5542
2.6100
2.8746
2.3780
2.9273
2.6711
2.6976
2.7734
2.5477
2.5878
1.8831
2.0793
2.2921
2.1024
2.0493
2.2570
2.2900
2.5809
2.3718
2.2212
2.3691
2.6096
2.2537
2.1537
2.2175
2.4552
2.3944
2.3944
2.7931
2.4375
2.5398
2.5037
1.9858
2.7789
2.3714
2.2884
2.6115
2.3486
2.5689
2.2634
2.5450
2.0805
2.4761
2.2718
2.2703
2.2001
1.9946
1.7760
1.5208
1.9319
1.7621
1.9516
2.2054
2.2192
2.2434
1.9071
2.3308
2.4832
2.2802
2.4505
2.0869
2.1132
2.1911
2.2008
2.3202
2.1865
2.0020
2.2358
2.3265
2.4632
2.4530
2.0581
1.8035
2.3030
2.7694
2.6399
2.3240
2.2287
2.6136
2.2989
2.5280
2.2598
2.0754
2.2804
2.8928
2.5442
2.7187
2.2920
2.5666
2.4082
2.3075
2.3530
2.4096
2.0547
2.4180
2.4261
2.7960
2.6256
2.2575
2.5185
2.2408
2.2220
2.2678
2.4676
2.8783
2.6803
2.9767
2.6415
2.5546
2.8934
2.8952
2.4432
2.2876
2.4137
2.1079
2.3594
2.1099
1.9554
2.5318
2.4355
2.5518
2.4633
2.0509
1.9660
2.1399
2.4436
1.8809
2.5528
2.6956
2.0607
2.6278
2.5002
2.5087
2.7727
2.9274
2.8660
3.0056
2.7650
2.4384
2.6367
2.4282
2.1375
2.1066
1.8955
1.3570
1.8917
1.9897
2.2747
2.1925
2.0854
2.5947
2.7559
2.3362
2.3435
2.5898
2.3735
2.5178
2.5755
2.5416
2.4629
2.6765
2.4531
2.2092
2.3609
2.4981
2.6812
2.2621
2.6627
2.7590
2.3268
2.2546
2.5823
2.4709
2.6606
2.7003
2.4582
2.0814
2.6002
2.7675
2.8279
2.7443
2.6587
2.9377
2.7055
2.7632
2.4673
2.5632
2.4446
2.4214
2.4593
2.4634
2.4452
2.3815
2.4985
2.4131
2.4760
2.6299
2.6062
2.9984
2.4731
2.3991
2.8708
2.3406
2.4580
2.7733
2.9208
3.1120
3.0278
2.8680
2.2804
2.7215
3.0509
3.0162
2.7788
2.5096
2.7175
2.3021
2.2045
2.6948
2.7512
2.3868
2.4637
2.9174
2.8372
2.2676
2.4643
2.9047
2.4921
2.2865
2.2143
2.3748
2.4114
2.7252
2.5258
2.1047
1.9948
2.6445
2.6029
2.7390
2.8593
2.4852
2.3148
2.4494
2.5518
1.7566
2.0764
1.7824
2.1920
2.2560
2.3321
2.6512
2.4651
2.2773
2.8462
2.6231
2.7928
2.4634
2.2495
2.1947
2.0689
2.3839
2.6970
2.6979
2.6101
2.1681
2.5027
2.4364
2.4083
2.2087
2.4825
2.4431
2.2340
2.4854
2.5723
2.7760
2.3709
2.3895
2.4862
2.3507
2.1608
2.3200
2.2223
2.2478
2.9499
3.0736
2.6144
2.8190
2.8049
2.4333
2.9438
2.5181
2.5244
2.4329
2.3652
2.1878
2.1570
2.3901
2.6087
2.0770
2.3142
2.4193
2.5361
2.1794
2.5420
2.8032
2.3143
2.6667
2.5024
2.4246
2.8910
2.4841
2.4953
2.3660
2.6675
2.7345
2.4414
2.6615
2.5543
2.7858
2.9886
3.0267
2.6019
2.4211
2.4222
2.2993
2.5798
2.4506
2.7566
2.4064
2.4585
2.3269
2.8237
2.5165
2.5890
2.9523
2.5057
2.8625
2.3196
2.5908
2.5546
2.1655
2.5407
2.4240
2.2647
2.6566
2.0122
2.6145
2.3386
2.8373
2.4260
2.6733
2.9662
3.1064
2.7405
2.4306
2.4557
2.3353
2.5696
2.2977
2.9841
2.5507
2.6858
2.4831
2.5517
2.5991
2.5229
2.6854
2.9709
2.8174
2.9089
3.0396
2.9452
2.6024
3.0333
2.6318
2.5256
2.9317
2.5890
2.7311
2.5965
2.5146
2.5577
2.4014
2.8749
2.9357
2.6445
2.4109
2.8168
2.5304
2.5820
2.8776
2.9313
2.6725
2.9159
2.9256
3.1781
2.6925
2.4655
3.0834
2.7452
2.9831
2.8788
2.7556
2.5406
3.0177
2.5189
2.4741
2.6670
2.6120
2.7596
2.7227
2.1086
2.3338
2.9070
2.9002
2.6037
2.5843
3.0239
3.0670
2.6469
2.3824
2.0438
1.7683
2.6543
2.7788
2.8356
2.6558
2.5968
2.9608
2.6726
2.9628
2.9197
2.7277
2.6747
3.0306
2.5315
2.5976
2.3854
2.6653
2.4021
2.0497
2.4797
2.6731
2.4629
2.1582
2.5235
2.2482
2.4515
2.8104
2.6406
2.3451
2.5268
2.3065
2.6768
2.4690
2.2944
2.2714
2.7554
2.6053
2.2849
2.3369
2.5614
2.2641
2.2329
2.4875
2.4923
2.4438
2.4615
2.3746
2.0684
2.3921
2.7975
2.3546
2.3107
2.1232
2.0805
2.0089
2.2741
2.7882
2.6770
2.4500
2.2146
2.3800
2.1136
2.4050
2.1214
2.4137
2.3616
2.3781
2.1448
2.1954
1.9561
2.5353
2.4074
2.3246
2.3809
2.2940
2.3806
1.9719
1.9775
2.3357
2.2916
1.9134
2.4560
2.4062
2.2457
2.1478
1.9351
2.5116
2.6200
2.5035
2.5039
2.3625
2.1163
2.4280
1.9795
2.6522
2.3369
2.4429
3.0198
2.8971
3.0045
2.7691
2.6626
2.8818
2.5409
2.5987
3.3166
2.5963
2.3210
2.3140
2.2227
1.9811
2.4644
2.3510
2.7526
3.4975
3.2569
3.0773
2.8855
2.3501
2.7971
1.9559
2.4719
2.7101
2.7645
2.4942
2.3132
2.3341
2.6102
2.8014
2.5448
3.1036
3.0582
3.0178
3.3649
2.9770
3.0231
2.7938
2.6409
2.3992
2.0116
2.5569
2.5843
2.5061
2.7286
2.2168
2.4624
2.5537
2.3752
2.0977
1.8646
2.8272
2.6729
2.6154
3.1219
3.0133
2.6306
3.0112
3.3448
2.9570
2.9832
2.5477
2.3333
2.1877
2.3693
2.2840
1.9627
2.4679
2.6459
2.2212
2.5828
2.5005
2.3589
2.4411
1.5596
2.5804
2.6651
2.7483
2.1498
2.5186
2.2149
1.8321
2.6125
1.9417
1.6806
2.3327
2.2810
2.4898
2.3257
2.0982
2.3096
1.9300
1.8801
2.7531
2.2131
2.5834
2.1865
2.2344
2.1410
2.8380
3.0195
2.5593
3.1165
2.7705
2.7781
2.3864
2.9057
2.6331
3.2752
3.2850
2.9714
2.6959
2.4652
2.9899
2.9543
3.3276
3.1409
2.8214
2.9608
2.6798
3.2746
2.4551
2.7727
2.3092
2.4490
2.5004
2.4659
2.6744
2.8139
2.4758
2.7523
2.9785
2.6212
2.5908
3.1005
3.0266
3.1656
2.9357
3.1790
2.9490
2.7765
2.9088
2.8852
2.9145
3.0103
2.6388
2.7167
2.8647
2.6085
2.4697
2.3055
2.4819
2.3736
2.8470
2.8680
2.6032
2.3930
2.6288
2.5914
2.3216
2.3590
2.6037
2.9264
2.6879
2.3195
2.3508
2.5467
2.3801
2.8428
2.5674
2.5683
2.4664
2.7316
2.8665
2.8765
2.5397
2.6705
2.8006
2.6111
2.6853
2.8764
2.7686
2.8909
2.9341
2.7859
2.6573
2.6923
2.7462
2.7920
2.3648
2.4847
2.5591
2.3269
2.0031
2.1361
2.5121
2.9019
2.6648
3.1582
2.5722
2.4877
2.5511
2.3119
2.2019
2.3903
2.4239
2.3962
2.1473
2.6776
2.4431
2.4723
2.4821
2.8595
2.4657
2.4513
3.0705
2.8717
2.6388
2.4945
2.7030
2.2296
2.1500
1.8725
1.7368
1.7420
1.7270
2.0388
2.0667
2.1250
2.1879
2.2194
2.0037
2.5811
2.1988
2.3796
2.7613
2.3892
2.2879
1.8414
2.8600
2.2446
2.1176
1.5856
1.6405
2.2775
2.4096
1.9109
2.2433
2.1155
2.0828
2.1140
2.1163
2.2525
1.9694
2.0235
2.3392
2.0889
2.2137
2.1073
2.3463
1.8943
2.0023
1.9759
2.2676
2.3104
2.6964
2.6596
2.7132
2.1819
2.4071
3.0520
2.3512
2.1727
2.3166
2.3092
2.0757
2.0516
2.2866
2.1175
1.6738
2.4091
2.3841
1.8975
2.0918
1.8893
1.9821
2.0778
2.2571
1.6841
2.2494
2.5967
2.2959
2.1941
1.9729
2.3790
2.3038
2.1250
2.1479
2.1267
2.1184
2.4416
2.4851
2.4275
2.4900
2.3241
2.3185
2.3765
2.6260
2.9527
3.0231
2.6670
2.2906
2.5038
3.0638
2.4789
2.5059
3.1555
2.8254
2.5235
2.5042
2.5360
2.7738
2.4896
2.3177
2.3788
2.7062
2.5153
2.8287
2.4589
2.8202
2.6437
2.1742
2.5819
2.5390
2.7039
2.3833
2.2385
2.1984
2.0762
2.3090
2.4418
2.5519
2.5153
2.3339
2.2092
2.7282
2.7169
2.9784
2.4557
2.2596
2.3397
2.9156
2.9670
2.6945
2.4151
1.9069
2.4630
2.9717
2.6559
2.3149
2.8513
2.6519
2.5820
2.4683
2.3324
2.3368
2.3945
2.8498
2.2701
2.3905
2.1695
2.2174
2.1575
2.3332
2.5266
2.5587
2.2813
2.0784
2.6325
2.2953
2.4117
2.5975
2.5632
2.5774
2.5833
2.5654
2.1369
2.3739
2.1825
2.3672
2.1682
2.6067
2.3380
2.2392
2.0908
1.9542
2.4405
2.4364
1.8860
2.2344
2.1272
1.8094
2.0685
2.1640
1.9214
1.4261
2.3718
2.5033
2.3701
2.1231
1.8474
2.1251
2.1941
2.2685
1.9514
2.1719
2.2729
2.3804
2.4762
2.5382
2.8435
2.5676
2.3206
2.8155
2.4999
2.7805
2.7707
2.4944
2.7853
2.1562
2.3807
2.4600
1.9648
2.4196
1.8738
2.2436
2.9293
2.5114
2.2138
2.7152
2.3536
2.3258
2.5011
2.1091
2.5397
2.6645
2.6007
2.4631
1.9787
2.1197
2.0006
2.1613
2.1431
2.1949
2.2288
2.2308
2.0771
2.5380
2.3585
2.3355
2.4358
2.2855
2.4229
2.0895
2.3061
2.5591
2.5598
2.7051
2.5535
2.6491
2.8005
2.3904
2.2127
2.4509
2.4137
2.5678
2.6670
2.5566
2.2897
2.0627
2.2924
2.7160
2.3230
1.9757
2.3261
2.6542
2.3569
2.4793
2.3396
2.4396
2.3320
2.0775
2.1149
2.3903
2.8113
2.8896
2.8299
2.5591
2.8290
2.4915
2.5796
2.6066
2.1436
2.2816
2.3117
1.9961
2.3987
2.5087
2.7352
2.4507
2.5795
3.0743
2.6570
2.7816
2.4495
2.3412
2.4024
2.5972
3.0566
2.9002
2.2507
2.6062
2.7469
2.2961
2.6318
2.9642
2.3262
2.6794
2.6895
2.9066
2.6701
2.2847
2.7270
2.7759
2.7814
3.3089
3.0278
2.9599
2.4800
2.8814
2.2675
1.9599
1.8279
2.1091
2.1329
2.5407
2.6771
2.6251
2.8380
2.9151
2.6692
2.4412
2.6010
2.6335
2.5403
2.7485
2.4254
2.2921
2.3780
2.3704
2.7803
2.4428
2.4725
2.2331
2.5695
2.1901
2.3076
2.4765
2.7253
2.9138
2.4886
2.2806
2.7560
2.4851
2.1467
2.2689
2.5619
2.5320
2.7795
2.9146
2.5627
2.7574
2.6033
2.5262
2.6048
2.7505
2.4448
2.7531
2.3416
2.7382
2.6237
2.4420
2.6295
2.6397
2.6024
2.2531
2.7938
2.8258
2.7395
2.2717
2.4200
2.5046
2.6244
2.6623
2.3436
2.6480
2.4424
2.3407
2.8145
2.3908
2.4038
2.8073
2.6628
3.1820
2.4710
2.6696
2.3648
2.4343
2.7401
2.4540
2.5675
2.7488
2.3692
2.1316
2.5622
2.3961
2.4254
2.5705
2.7056
2.9782
2.3398
2.2013
2.4059
2.3282
2.4341
2.4705
2.2087
2.7483
2.4219
2.2620
2.5243
2.4715
2.3880
2.1562
2.4187
2.7349
3.1106
2.8781
3.0327
2.6261
2.3831
2.6847
2.0190
2.8649
2.7683
3.0483
2.6407
2.4977
2.7114
2.4619
2.7144
2.6818
2.6851
2.7508
2.5516
2.9045
2.7333
2.3443
2.8777
2.5831
2.7621
2.3940
2.2372
2.3668
2.1701
2.6782
2.5703
2.9171
3.4069
2.9113
2.4856
2.3544
2.8909
2.6703
2.2493
2.7026
2.8810
2.6940
2.3304
2.4454
2.2444
2.4722
2.5941
2.4142
2.4472
3.0480
3.0441
2.2344
2.2351
2.2824
2.1247
2.3282
2.1241
2.1610
2.2244
2.4383
2.2780
1.9900
2.2793
2.0762
2.2918
2.2928
1.9790
2.1336
2.3132
2.1626
2.1209
2.4134
2.4059
2.3068
2.5171
2.5068
1.9254
1.9379
1.9111
2.2302
2.0750
2.0816
2.0975
2.2082
2.3228
2.0199
1.9742
1.9108
2.0881
2.1826
2.1449
2.0647
2.1360
2.0187
2.1388
2.4517
2.1735
2.1340
2.0098
2.2721
2.3905
2.2759
2.4612
2.3941
2.2623
2.3044
2.2514
1.8859
2.1308
2.2570
1.8245
1.8987
2.3411
1.6681
2.4161
2.2317
2.3130
2.1848
1.9444
2.2369
2.4238
2.3466
2.5163
2.0211
2.3407
2.6019
2.2250
2.0163
2.0643
2.1723
2.2529
2.2203
2.0719
2.1855
2.1430
1.8647
2.2532
1.9145
2.1959
2.2508
1.9032
2.3051
2.4493
2.2640
1.9094
1.8841
2.2827
2.4174
2.4108
2.0964
2.1937
2.3077
2.3754
2.2491
2.0393
2.8280
2.2926
2.5836
2.4451
2.3233
2.4242
2.0189
2.1568
2.3077
2.6986
2.4438
2.4234
1.8844
2.3773
2.6441
2.6790
2.3072
2.6469
2.9664
3.1602
2.8987
2.5142
2.8214
3.0344
2.8602
2.2095
2.5406
2.4288
2.5879
2.5965
2.5114
2.5057
2.3606
2.4605
2.6869
2.7107
2.3712
2.8256
2.7304
2.3993
2.6115
1.9466
2.6386
2.5392
2.4299
2.4676
2.4893
2.9953
3.0855
3.2041
3.1622
2.8345
2.8702
2.9274
2.6883
2.5002
2.0578
2.6766
2.5193
2.5167
2.4574
2.2822
2.3909
2.5503
2.4258
2.6632
2.4334
2.1111
2.1489
2.5434
2.5172
2.7767
2.5823
2.3635
2.6739
2.3870
2.7027
2.3313
2.5189
2.8475
2.7019
2.3138
2.5684
2.6605
2.4408
2.3424
2.3030
2.5855
2.6601
2.5694
2.3905
2.3316
2.4923
2.5914
3.0497
2.8073
2.2975
2.4071
2.0987
2.5297
2.4705
1.8773
1.9808
2.4059
2.0245
2.6957
2.6224
2.0805
2.2694
2.6293
2.5125
2.2516
2.6391
2.1588
1.9915
2.3104
2.3721
1.9822
2.4454
2.4608
2.5975
2.0118
2.4783
2.0783
2.1326
2.3123
2.4835
2.4916
2.2373
2.2921
2.7754
2.4910
2.3642
2.7673
2.0824
2.5080
2.4561
2.2883
2.9426
2.2514
2.4518
2.6769
2.2146
2.8127
3.0499
2.3983
2.6435
2.3072
2.2131
2.1933
2.2654
2.4843
2.5841
2.3763
2.4012
2.6290
2.4579
2.6102
2.3402
2.4489
2.2357
2.2326
2.7611
2.3457
2.5248
2.1437
2.3385
2.3604
2.2688
2.5490
2.7457
2.7595
2.6784
2.4568
2.1560
1.8421
2.2074
2.7276
1.9518
1.9677
2.0923
1.9480
2.1988
2.2286
2.3952
1.8717
1.8636
2.0517
1.9595
2.2525
2.3217
2.2328
2.1240
2.3177
1.8748
2.0777
2.1761
2.1353
2.1103
1.7988
2.0224
2.0461
2.4301
2.3485
2.8001
2.2361
2.6805
2.6737
1.8337
2.3734
2.6821
2.5715
2.2489
1.7981
1.8766
2.0876
1.8241
2.8125
2.0854
2.3132
2.2980
2.4331
2.1255
2.3060
2.6107
2.9104
2.7188
2.8037
2.6550
2.5167
2.3972
2.1520
2.0599
1.9038
2.1987
2.4400
2.4410
2.2657
2.5754
2.7304
2.6886
2.4475
2.6796
2.1623
2.7661
2.1660
2.1478
2.0443
2.4062
2.5689
2.5046
2.5014
3.0855
2.7516
2.5243
2.1951
2.2835
2.4369
2.1948
2.3565
2.5888
2.1725
2.1372
2.6842
2.4576
2.2810
2.0658
2.1855
2.1558
2.3057
2.1016
2.5568
2.1955
2.3081
2.1979
2.3083
2.4729
2.5965
1.9663
2.5163
2.5979
2.8968
3.0467
2.3326
2.5685
2.6646
2.5638
2.6266
2.7935
2.7202
2.3882
2.5089
2.3318
2.5233
2.4698
2.4184
2.9178
2.8189
2.2445
2.2343
2.5009
2.6715
2.8029
2.6322
2.8344
2.3574
2.4109
2.5468
2.3827
2.2895
2.5175
2.3273
2.6465
2.5894
2.4237
2.5863
2.4548
2.6663
2.2784
2.4531
2.5355
2.4114
2.7509
2.3266
2.0659
2.2705
2.5698
2.4922
2.7264
2.2631
1.9241
1.9193
2.5847
2.4500
2.1218
2.4874
2.4588
2.6044
2.4253
2.4344
2.4134
2.4448
2.9870
3.1201
3.0256
2.3010
2.0834
2.5815
2.5313
2.7560
2.4233
2.8802
2.6975
2.8164
3.2365
2.7588
2.8172
2.7901
2.6685
2.6816
2.8467
3.0717
2.6624
2.7485
2.8322
2.7740
2.6967
2.6347
2.8956
2.7991
3.3215
3.1508
2.8249
2.9331
2.7926
3.0195
2.8082
2.1981
2.5946
2.7118
2.9334
3.1198
2.8284
2.5992
2.7020
2.3680
2.7916
2.8167
2.6540
2.5926
2.7758
2.3167
2.1600
1.7015
2.2222
1.8511
2.6097
2.6192
2.5807
1.9049
2.0474
2.5370
2.5708
2.0294
1.8839
2.2533
2.4345
2.8637
2.0570
2.3309
2.4408
2.5498
2.4975
2.0297
2.3430
2.2916
2.3471
2.5593
2.5587
2.4800
2.6682
2.4774
2.4396
2.4775
2.4192
2.3375
2.2497
2.5129
2.4557
2.4734
2.3600
2.3552
2.3427
2.4881
2.7390
2.6624
2.0097
2.3006
2.2601
2.3570
2.4390
2.5805
2.6937
2.5007
1.9662
2.0603
2.4103
2.3916
2.0722
1.9636
1.9401
1.6127
2.2689
2.0097
2.3016
2.5664
2.6832
2.7466
2.5233
2.3980
2.8494
2.2138
2.3046
2.2853
1.9911
2.0625
2.3347
1.9774
1.8715
2.1702
2.1318
2.2831
2.6651
2.6484
2.2389
2.4084
2.2870
2.4354
2.4259
2.1037
2.2460
2.1875
2.4117
2.2725
2.2603
2.3000
2.0351
2.2241
2.0078
2.3235
2.2297
2.0910
2.3923
2.2802
2.4781
1.6029
1.3118
2.3795
2.3117
2.3397
2.0868
2.6459
2.2399
2.3201
2.3568
2.3659
2.4249
2.7434
2.6215
2.4371
2.0038
1.8057
2.5257
1.8789
2.1686
2.4646
1.9992
1.8155
2.6911
2.7664
2.1968
2.7426
2.6139
1.9382
2.3409
2.3775
2.1306
1.9311
2.1597
2.5819
2.3247
2.5700
2.3894
2.2086
2.4035
1.9935
2.1143
2.3680
2.1284
2.3417
2.3998
2.5321
2.2598
2.2301
2.2503
2.4474
2.6026
2.3803
2.5117
2.1432
2.3125
2.6131
1.9318
1.9222
2.1614
2.2604
1.7218
2.1020
1.9888
1.9228
1.7046
1.6658
1.6286
2.3198
2.1280
1.6141
2.1271
2.0250
2.4387
2.4968
2.5256
2.1634
2.7143
2.1660
2.5307
1.6567
1.9811
2.0500
1.9554
2.0587
2.2145
1.9221
2.0717
1.7177
1.7595
2.3334
1.8773
1.9968
1.9694
2.2873
1.8197
2.1967
2.0415
1.7774
1.5618
1.5705
1.5745
1.4773
1.4836
1.4931
1.5837
1.2531
1.4159
1.6498
1.4980
1.8785
1.5756
2.3236
1.4029
2.3266
2.3536
2.5706
2.2908
2.2841
2.2002
1.9134
2.2233
2.1801
1.9676
2.0496
1.9184
1.7995
1.7975
2.1186
2.4795
2.2200
2.2969
1.8547
2.2467
2.4656
2.3276
2.7085
2.1203
2.1791
1.9682
2.2687
2.2547
2.3419
2.0255
2.1925
2.2189
1.9839
2.0109
2.2495
2.0838
1.7174
1.7647
2.0634
1.5885
2.2352
2.1234
1.8315
2.3890
2.3369
2.8257
2.3953
2.2209
2.0110
2.0102
1.9707
2.0860
2.2604
2.1795
2.3096
2.6444
2.4372
2.3238
1.9098
2.0371
2.2714
1.8949
2.0481
2.2023
2.0209
1.9170
2.1513
2.4599
3.1203
2.1679
2.5904
2.5706
2.2283
1.6519
1.7604
2.1694
1.9635
2.0461
2.0265
1.9803
1.9622
1.8964
1.9917
2.0264
1.9187
2.1568
1.7549
2.0463
2.3943
2.4298
2.5067
2.5925
2.4616
2.7149
2.5013
2.4363
2.3766
2.0769
2.0898
2.2007
2.3753
2.5044
1.9715
2.1471
2.2193
2.2249
1.8866
2.1221
1.9461
2.2638
1.9823
2.1242
1.9772
2.1073
2.1604
2.0472
2.0876
1.8753
2.6412
1.8384
1.6969
1.8552
1.9065
2.1354
2.1089
2.0191
1.9338
1.7951
2.2097
1.9811
1.9395
1.9423
2.0582
1.9592
1.6370
2.2554
2.2911
2.1815
1.9978
1.8085
2.0122
2.1377
1.7824
1.5197
1.8587
2.4838
2.0709
2.1026
1.9597
2.3995
2.0671
1.9447
1.7254
1.6616
1.9698
1.6622
1.5160
1.3252
2.0137
1.8333
1.9306
1.8411
2.1850
1.7697
1.6491
2.0277
2.0589
1.8055
1.6623
1.9024
2.2582
2.0230
2.3354
2.1555
2.0380
1.8386
1.2635
1.2846
1.8143
1.7320
1.9515
2.0263
2.0817
2.0270
2.1633
1.8251
2.2310
2.0838
2.1970
1.8274
2.2400
2.1195
2.0854
2.0937
2.6646
2.7648
2.3683
2.2908
2.3118
2.6421
2.5024
2.4364
2.6291
2.3081
1.9625
1.5936
2.1783
1.9255
2.1800
1.6843
1.6969
1.7664
1.8195
2.1868
1.7936
1.6626
2.1359
2.2937
1.9486
2.0845
1.9695
1.9466
2.1615
2.1908
2.3372
2.2575
2.2036
2.3166
2.7608
2.7250
2.6480
2.4928
2.3186
2.4052
2.3623
2.1127
2.0086
2.0326
2.2584
2.0559
2.0879
1.3500
1.9316
1.9080
2.2376
2.5163
2.2964
1.9449
2.7233
2.5143
2.0480
1.7903
1.9198
2.1087
2.3450
2.6556
2.5914
2.5870
2.1715
2.6986
2.3121
2.6425
2.2101
2.4370
2.3883
2.3747
2.4938
2.2750
2.5938
2.1156
2.2472
2.4001
2.3955
2.6439
1.5943
1.5834
2.1419
2.1013
2.3575
2.0615
1.4465
1.3962
1.4147
1.4512
1.4217
1.1276
1.3604
1.6891
1.5494
1.6081
1.7148
1.1456
1.6715
1.6598
2.0785
2.2770
1.4843
1.8160
1.5981
1.3401
1.4954
1.3901
1.8739
1.5906
1.8428
1.5160
1.4851
1.4263
1.8692
1.9543
1.6275
1.6925
1.4459
1.5008
1.7544
1.7119
1.5030
1.0498
0.9461
0.9388
1.3472
1.2213
1.1538
1.1402
1.1959
1.0754
1.5817
1.3840
1.6687
1.5265
1.5491
1.4393
1.3730
1.2376
1.2496
1.5223
1.9374
1.5850
1.8835
1.2778
1.6097
1.7907
1.8945
1.9117
2.0088
1.8509
2.0175
2.2603
2.0781
2.3235
2.4495
2.2532
2.0938
2.4823
2.6623
1.6995
2.2070
1.7392
1.7257
1.8652
1.4595
1.6023
2.0651
2.0362
1.6702
1.4827
1.7080
1.8915
1.9364
1.7365
1.6128
1.4986
1.8386
1.8095
1.8285
2.4962
2.3742
2.3026
1.9038
1.4631
1.5809
1.5723
1.9634
1.3922
1.6929
1.5850
1.4411
1.6844
1.6620
1.6309
1.8942
2.1798
1.6530
1.8264
1.9906
2.1881
2.1011
2.2882
1.6534
2.0755
2.2316
1.6186
1.5809
1.3934
1.7079
1.8388
1.6161
1.5151
1.4098
0.9798
0.9356
1.4350
1.2748
1.3675
1.4108
1.5176
1.0989
1.0091
1.3957
1.6947
2.1716
2.1588
1.6207
1.7617
1.8067
1.3274
1.5413
2.3433
1.4541
1.4158
1.0944
1.4094
1.0485
1.4317
1.0826
1.4804
1.4641
1.1797
0.9032
1.3816
1.4126
1.4574
1.4363
1.6318
1.0741
1.7431
2.0029
1.3076
1.1644
1.8308
1.6794
1.5128
1.3501
1.4923
1.4144
1.9691
1.3107
1.6685
1.4684
1.3324
1.8279
1.9401
2.1222
2.3172
1.8880
2.0195
1.7223
1.8990
1.3608
1.3137
1.6192
1.5849
2.1935
1.6292
1.1858
1.4993
1.7868
1.5607
1.8083
1.8896
1.5406
1.8204
2.3527
1.4604
1.7628
1.7686
1.9542
1.6434
1.6316
1.2698
1.8476
1.8773
1.8881
1.8118
2.3757
1.7568
2.0564
1.6290
1.7879
2.0419
1.6834
1.9182
1.0079
1.3048
1.6986
1.4543
0.9963
1.4098
1.4837
1.7730
1.8638
1.9111
1.5567
1.8588
2.1704
1.9563
1.7171
1.8667
1.5602
1.1891
1.9926
1.7642
1.6636
1.9532
1.9768
2.0259
2.0873
1.7742
1.3429
2.0092
2.2652
1.5556
2.2145
1.6764
2.1792
2.4546
1.9446
2.5202
2.6310
2.8196
2.7680
2.3952
3.1556
2.8853
3.3540
3.0967
3.0062
3.0843
2.8666
2.7180
2.8316
2.6554
2.3538
3.0257
2.9007
2.3799
2.5095
2.8006
2.1338
1.9522
2.6873
2.6036
2.1832
3.0732
2.4600
2.6547
2.4219
2.5013
2.1043
2.2977
2.3687
2.0557
1.9885
2.7104
2.5190
2.0941
1.9987
2.4986
2.2318
2.1631
2.3825
2.2080
2.3628
2.1366
2.2517
2.5027
2.5114
2.5390
2.3186
2.1329
2.3241
2.1249
2.3035
2.1179
2.1263
2.1102
1.9338
2.4421
2.3964
2.6267
2.4964
2.2387
2.3679
2.4212
2.7290
2.4788
2.5661
2.2712
2.0779
2.0848
1.8535
1.9961
1.6163
2.1248
2.0557
2.0575
1.9346
1.7686
1.6523
2.2019
1.7143
2.2109
2.0251
2.1185
2.7205
2.0599
2.4836
2.2152
2.4384
2.2529
2.1140
2.1597
2.2024
2.0613
2.1581
2.2791
1.7466
2.1796
2.0253
2.2376
1.9475
2.0050
1.8417
2.0560
1.9434
1.8363
1.8385
1.9394
2.3924
2.2133
1.8933
2.4039
2.1108
2.2700
1.8115
1.9496
2.1711
2.2131
2.2001
2.0614
2.2394
2.3881
2.2166
2.4294
2.4665
2.4672
2.2009
2.4927
2.4501
2.7037
2.6432
2.3025
2.2326
2.0584
2.0223
2.5005
2.4526
2.5964
1.9703
2.4528
2.4741
2.1495
2.2985
2.4540
2.1655
2.1963
2.3237
2.4760
2.1032
2.1636
2.3410
2.0190
2.0640
1.6949
2.0574
2.0728
1.8784
1.9280
2.2891
1.6731
2.2221
2.1580
2.6662
2.2077
2.2573
2.2493
2.4854
2.2833
2.2836
2.4612
2.5504
2.3231
2.2157
2.2091
2.4764
2.4303
2.1343
2.1551
2.3086
2.1659
2.0871
2.0523
2.3797
1.9164
1.8510
1.9534
2.2354
1.9886
2.1029
2.2831
2.2466
2.2951
2.0677
2.3976
2.3624
2.5087
2.6195
2.3149
2.6928
2.3786
2.8515
2.3040
2.2565
2.3207
2.1183
2.4691
2.0217
2.6515
2.6052
2.5292
2.5720
2.5880
1.9276
2.1520
2.5264
2.3027
2.0969
1.8464
2.1268
2.0649
2.0694
1.9040
2.0480
2.0170
2.0662
2.1997
1.7561
1.6156
2.0229
2.1485
2.3658
2.1928
2.3015
2.0936
2.1671
2.0630
1.9875
2.1075
2.0326
1.6301
1.4135
1.8343
1.9385
1.8355
1.8892
2.2159
2.0604
2.1853
1.6286
1.9459
2.2224
2.2004
2.2004
2.2135
2.2044
2.1209
1.7864
2.1474
1.7442
2.0451
2.4998
2.2389
2.6944
2.6069
2.5150
2.4199
2.2764
2.3495
2.0773
2.2595
2.1232
2.2524
2.4396
2.4191
2.3981
2.2672
2.1026
2.0241
2.5069
2.4368
2.2000
2.1474
1.9220
1.7498
1.8571
2.5177
2.2054
2.3909
2.2637
1.9414
2.0521
1.7502
1.9912
1.5654
1.9026
1.9718
1.9540
2.0641
2.3162
1.7164
1.8546
1.7452
1.8957
2.2354
2.1232
2.1667
2.0489
2.3319
1.9225
2.1351
2.2344
2.4627
2.8001
2.1097
2.1118
2.0008
2.1399
2.2303
2.1786
2.1070
2.1776
2.0570
2.1912
2.2047
2.0162
1.9072
2.0251
2.0459
1.8663
1.7972
1.9412
1.8323
1.6830
1.5979
1.6113
2.0257
1.7102
1.6962
1.2196
1.7677
1.4828
1.8383
1.7418
1.6979
2.2708
1.8396
1.9704
2.0514
2.1224
1.7646
1.8913
2.1665
2.1294
2.4807
2.4149
2.4067
2.6394
2.4914
2.3290
2.0367
2.0590
2.0545
2.0315
2.4732
2.1317
1.6146
1.9376
2.0567
2.0699
2.0225
1.8240
1.7813
1.6797
1.9882
1.8713
1.6394
1.7990
1.6709
1.6364
1.9667
1.5097
1.6030
1.6492
1.6951
1.6987
1.8132
1.8867
1.7642
1.9990
1.7130
1.7237
1.7137
1.8495
1.5795
1.3756
1.8809
1.8505
1.8812
1.9800
1.9525
1.8795
2.0282
2.1738
1.9681
2.0642
1.9565
2.1623
1.7840
1.8731
1.9035
1.9079
2.2568
2.2150
1.8840
2.5967
2.1805
1.8801
1.8286
2.0024
2.4259
2.6590
2.2489
2.3430
2.1107
1.7008
1.8686
2.0241
1.9608
2.0226
2.2880
2.0464
2.4119
2.3656
2.4410
2.5753
2.2693
2.4953
2.7422
2.6112
2.3826
2.2924
2.1389
2.7697
2.6046
2.2413
2.3691
1.9497
2.1145
2.4081
2.6154
1.9513
2.2132
2.4774
2.2492
2.3383
2.4552
1.9331
2.0980
2.3081
2.0850
2.2837
2.3028
2.3081
2.1687
2.1217
2.0726
1.8832
1.7036
1.5137
1.8883
2.0359
1.8532
1.8240
2.0383
2.1058
1.9799
1.9615
1.9986
1.6698
1.8849
2.1327
2.2328
1.7594
1.9408
2.1708
1.8786
2.3557
2.4077
1.9046
2.1384
2.1304
2.2995
2.1285
2.1665
2.1226
2.5140
2.4162
2.0648
1.8076
2.2991
1.9893
2.1958
1.9333
2.3207
2.2538
2.2626
2.4970
2.4832
2.3799
2.2695
2.2772
2.3606
2.6346
2.3695
3.0154
2.3930
2.9669
2.1743
2.4022
2.0091
2.1922
1.9164
2.3069
2.1547
1.9937
1.9765
2.1387
2.0999
1.4156
1.7801
1.5882
2.0911
2.0297
2.4343
1.7396
1.8442
1.7124
1.6338
1.8165
2.0119
1.5525
1.8559
2.4173
2.3289
2.4241
2.5752
2.3284
2.6436
2.2399
1.6170
1.9794
2.1269
2.2361
2.2131
1.8251
1.1410
1.3882
1.5832
1.7674
1.9001
1.7000
1.9156
2.2849
2.2348
2.3302
1.9974
2.0802
1.7275
2.1047
1.9371
2.0037
2.4008
1.8433
2.2182
1.6220
2.5683
2.3396
2.3270
2.2855
2.1433
1.9266
2.0981
1.5879
1.9988
1.5764
1.2318
1.4697
1.3893
1.7645
1.3149
1.2221
1.6413
1.7208
1.8489
1.9257
1.9319
1.6851
1.7626
1.6536
1.6524
1.7233
2.1824
2.1451
2.3074
2.1360
1.6928
2.2331
2.0914
1.9305
1.9842
1.8346
1.9372
1.8861
2.3364
1.7503
2.1683
1.8313
1.9116
1.7459
1.9797
2.1050
2.0771
2.2234
2.3241
2.1428
1.9162
2.1125
2.2718
1.8907
1.8208
2.0373
1.8868
2.2803
2.1469
2.4862
1.9191
2.7403
1.8648
1.9209
2.0447
2.1562
1.9683
2.1084
2.8134
2.6307
2.6034
2.6064
2.6254
2.7738
2.4627
2.3896
2.6019
2.5199
2.5460
2.6446
2.2469
2.6242
2.0960
2.5801
2.2746
2.3894
2.4409
2.2124
2.0157
2.0574
1.9076
2.3149
1.6340
2.0093
2.0580
2.2101
2.4342
2.4038
2.0512
2.3397
1.8006
2.3460
2.0371
1.8079
1.6867
2.2040
2.0856
1.9008
1.9508
2.2290
2.3427
2.1010
2.3925
1.7847
1.7865
1.7696
1.6302
2.2474
3.0222
2.9080
2.7035
2.4998
2.7557
2.5846
2.2942
2.6160
2.5779
2.1896
2.3449
2.5561
2.0125
2.5754
2.1519
2.4998
1.9476
2.2855
2.0683
2.6008
2.4168
2.3524
2.0953
2.5945
2.2559
3.0305
2.2530
2.5081
2.1678
2.0662
1.9943
2.1429
1.7882
1.9429
1.8718
1.6008
2.3380
1.8094
2.2842
2.4623
1.8549
2.3982
2.1045
2.1089
2.2618
2.6542
2.6126
2.7834
2.4753
2.1783
2.0095
2.0402
2.1648
2.2828
2.6422
2.1328
2.6155
2.0767
2.0952
2.7553
2.3486
2.4666
2.1042
2.3466
2.0648
1.8435
2.0519
1.8223
1.6220
1.8560
2.1181
2.4835
2.2030
2.3745
2.3151
1.8252
2.0416
1.4886
1.4491
1.8040
1.1761
1.6596
1.4411
1.6034
1.8395
2.2268
2.2434
2.1614
2.0286
1.7103
2.4644
2.8689
2.4270
2.6676
2.3586
2.1616
2.4309
1.8651
1.9003
2.2402
1.7048
2.6768
2.2191
1.8891
2.1075
2.4869
1.9856
1.9450
1.9921
1.9459
2.0840
1.6319
1.5084
1.6970
1.6747
1.7445
1.8625
1.6750
1.6755
1.8034
1.7521
1.8707
1.8742
1.6858
1.9217
1.5068
1.9095
1.4548
1.6505
1.2656
1.3734
1.5836
1.3198
1.0958
1.7043
1.4756
1.2440
1.9569
1.4228
1.7550
1.7267
1.7244
2.0693
2.2452
2.6771
2.6214
2.5274
2.6732
2.5702
1.9590
2.0888
2.3995
2.6185
2.8425
3.2646
2.5543
2.5676
2.4096
2.1117
2.4786
2.5478
2.2538
2.7221
2.5874
2.4135
2.5282
2.6904
2.6257
2.3087
2.6453
2.6383
2.5250
2.5604
2.6480
2.6066
2.5585
2.3686
2.6057
2.3393
2.6630
2.7405
2.4868
2.8031
2.6876
2.3473
2.5995
2.9333
2.7800
3.1168
3.3800
3.1150
3.1837
3.0244
2.3512
2.5333
2.5864
2.4601
2.7102
2.8043
2.5428
2.1234
2.2043
2.2594
2.2623
1.7996
2.4248
2.7876
2.8399
2.6344
3.1131
2.5752
3.2909
3.1798
2.5436
2.0551
2.3895
2.1501
2.4214
2.8113
2.6780
2.6183
2.6340
2.8527
2.4571
2.6140
2.6319
2.8226
2.4851
2.5860
2.6864
2.7362
2.6897
2.6631
2.6758
2.7400
2.6451
2.7142
2.6982
3.0051
2.2666
2.4103
2.4107
2.6723
2.6992
2.9045
2.8656
2.2668
3.0070
2.7868
2.9680
2.5284
2.4970
2.2794
2.5068
2.4075
2.5928
2.6987
2.7655
2.5691
2.6941
2.4073
2.5212
2.8170
2.5788
2.5930
2.3704
2.9916
2.7309
2.6088
2.5092
2.9169
2.4224
2.0227
2.1682
2.0575
2.1442
2.0165
2.2110
2.4185
2.2972
2.1294
2.0295
2.5677
2.4843
2.1533
1.9921
2.4713
2.7093
2.4379
2.6111
2.8716
2.3400
2.5184
2.6167
2.5211
2.4216
2.5623
2.6065
2.6694
2.3162
2.4334
1.7961
2.0451
2.3048
2.5238
2.2509
2.4171
2.7558
2.4768
2.4301
2.6387
2.4070
2.1786
2.1161
2.2817
2.1856
2.2988
2.0687
2.7462
2.3649
2.3686
2.4078
2.4250
2.5348
2.2001
2.2351
1.9825
2.2207
2.4751
2.4144
2.7240
2.9940
2.6960
2.3804
2.3767
2.7197
2.4662
2.2559
2.2266
1.7973
2.0453
2.1857
2.1850
2.3661
2.5850
2.6555
2.5064
2.5559
2.4945
2.5850
2.5718
2.6262
2.4146
2.2240
2.3712
2.5387
2.3750
2.7937
2.5727
2.4583
2.2769
2.6713
2.6581
2.7124
2.8819
2.5514
2.5796
1.8696
2.2659
2.4514
2.5110
2.3324
2.5259
2.6438
2.2623
2.2160
2.4358
2.3510
2.6114
2.5899
2.5132
2.6673
2.6065
2.7234
2.4642
2.9195
2.7672
2.2870
2.4232
2.5698
2.4014
2.1333
2.0190
2.4152
2.4491
2.3898
2.0357
2.6196
2.9909
2.5372
2.5471
2.4380
2.2392
2.5543
2.3729
2.6465
2.3304
2.0850
2.3201
2.5067
2.3480
2.2223
2.5300
2.2823
2.3347
2.3990
3.2764
3.1469
3.0415
2.6961
2.6662
2.6461
2.6960
2.6838
2.8206
2.4082
2.5541
2.8716
2.8677
2.6477
2.8750
2.5766
2.5658
2.3735
2.4494
2.3007
2.1095
2.6639
2.9537
2.9385
2.8719
2.8739
2.7825
2.8266
2.8009
2.6727
2.6809
2.4741
2.6658
2.3253
2.2531
2.5195
2.3545
2.1309
2.6109
2.2747
2.7051
2.2026
2.3652
2.2944
2.4273
2.2901
2.3801
2.4781
2.8208
2.1672
1.6816
1.7703
1.6470
2.3167
2.8223
2.4241
2.3518
2.3300
2.2119
1.8713
1.9667
1.6100
1.5947
1.6548
1.9460
1.3570
1.6624
1.4527
1.3322
1.1752
1.1036
1.2050
1.4113
1.4109
0.9686
0.8105
1.0871
1.4565
1.4650
1.8321
1.5912
1.6268
1.6212
1.9975
2.3255
2.0341
1.8560
2.0373
2.1652
2.2571
1.6859
2.1339
2.0811
1.9003
2.2543
1.9411
1.4336
1.7542
1.7283
2.3519
2.5524
3.0670
2.7141
2.5067
2.4680
2.3227
2.4343
2.4114
2.1646
2.4977
2.3290
2.5571
2.0225
2.1692
2.0406
1.5683
1.5642
1.4696
1.6594
1.8613
1.4964
2.2443
2.0618
2.1774
1.9770
1.8704
2.3814
2.2138
2.0811
2.0691
1.8439
1.7115
1.5745
1.7488
2.1319
1.9718
1.5646
1.4695
1.9528
1.6116
1.7576
1.8462
1.9860
2.4851
2.4550
2.4384
2.4011
2.1496
2.0146
1.5189
2.5335
1.9901
1.4149
2.2939
2.1604
1.7298
1.5897
1.8543
1.9464
2.2554
2.7452
2.7486
3.2500
2.6371
2.6680
2.3695
2.4029
2.2622
2.2611
2.1761
2.4865
2.4539
2.2731
3.1217
2.8897
2.3089
3.1481
2.1542
2.8959
2.3098
2.1682
2.5320
3.0123
2.6307
2.4760
2.8752
2.3342
2.3623
2.4099
2.4037
2.4080
1.7019
1.8705
2.1127
2.4859
2.6455
2.9994
2.8214
2.2031
2.3493
2.2391
2.4777
2.6340
2.2736
2.2519
2.1854
2.2564
2.5836
2.7097
2.2495
1.9165
1.6777
1.9631
2.1598
2.4722
2.1708
1.9427
2.8249
2.6456
2.5979
2.3710
2.1616
1.9331
2.6233
2.5716
2.4201
2.3205
1.8770
2.3167
2.7388
2.2563
2.4057
2.8203
2.6207
2.5930
2.7703
2.8538
2.5270
2.6769
3.4357
3.4713
2.7604
2.8359
2.5266
2.4749
2.4849
2.6707
2.6352
2.4384
2.5787
2.6033
2.3385
2.3573
2.7114
2.7721
2.7376
2.9469
2.5307
2.6096
2.7784
2.8986
2.8294
2.4863
2.8244
2.9618
2.6960
2.6978
2.4744
2.4704
2.4200
2.4169
2.3834
2.7287
2.6908
2.6276
2.6678
2.4643
2.5434
2.6703
3.1724
2.8532
2.6713
2.5462
2.4527
2.6553
2.3788
2.5200
2.4300
2.3591
2.0810
2.6000
2.6718
2.6852
2.4416
2.3116
2.2277
2.0411
2.5041
1.9584
2.5226
2.4575
2.5247
2.4524
2.5393
2.1380
2.6319
2.3984
2.3049
2.5158
2.2903
2.3373
2.5988
2.6807
3.0457
3.1834
2.7223
2.7709
2.8529
2.4781
2.5759
2.8090
2.4590
2.5371
2.6283
2.7546
2.6340
2.8401
2.8555
3.0621
2.5199
2.7322
2.4367
2.3781
2.3919
2.5180
2.9693
2.8941
2.6225
2.0787
2.4055
2.5751
2.4994
2.7158
2.3607
2.6121
2.5245
2.3649
2.7720
2.3724
2.1729
2.2225
2.0328
1.8781
2.3919
2.4840
2.3540
2.4771
2.4822
2.3091
2.3953
2.3588
2.4725
2.0648
2.2604
2.4167
2.7360
2.5781
2.3526
2.4805
2.5527
2.4413
2.8751
2.4364
2.5691
2.6300
2.1798
2.4836
2.8732
2.5819
2.6322
2.6924
2.3686
2.8354
2.1238
2.5560
2.9734
2.8291
3.0715
2.5868
2.2711
2.1935
2.5244
2.3722
2.6105
2.3890
2.6968
2.6301
2.7941
2.6534
2.3807
2.6894
2.3421
2.7534
2.4341
2.5273
2.8054
2.9164
2.7224
1.7920
2.4246
1.3369
2.1829
1.9051
2.1318
2.4219
2.2964
2.3528
2.3942
2.0629
2.0555
2.9393
2.4384
2.1397
2.4857
2.5418
2.1602
2.7914
2.4085
2.4287
2.3747
2.2759
2.2430
2.3866
2.5534
2.7865
2.7256
2.7457
2.3584
2.7194
2.7692
2.4278
2.4924
1.9721
2.2547
2.5779
2.5165
2.5648
2.6376
2.5034
2.6147
2.3479
1.9995
2.3621
2.7211
2.7567
2.8423
2.2091
2.4486
2.3927
2.1094
2.1337
2.4326
1.7356
2.1162
2.7342
2.6536
1.8857
2.4876
2.8226
2.5180
2.9064
2.6169
2.5718
2.7518
2.2279
2.3723
2.5039
2.5191
2.8429
2.5212
2.2231
2.0564
2.6631
2.3525
2.2135
2.4763
2.8017
2.6057
2.7478
2.7026
2.7736
2.7844
2.2521
2.6370
2.7155
2.3961
2.5381
2.8457
2.8074
2.6283
2.5001
2.4676
2.4803
2.0551
2.4758
2.3550
2.7085
2.4255
2.2274
2.4726
2.2055
2.1159
2.4487
2.5620
2.2948
2.2742
2.4765
2.5477
2.3975
2.5440
2.3063
2.7282
2.4420
2.5977
2.3103
2.5094
2.4547
2.2279
2.4360
2.4882
2.5802
2.6137
2.4221
2.7860
2.4687
2.3083
2.3231
2.9408
2.6851
2.6496
2.2636
2.5720
2.4964
1.9665
1.9666
2.1363
2.0425
2.0414
1.6858
2.4589
2.5617
2.3797
1.8478
2.2400
2.3778
2.4830
2.1811
2.1133
2.1553
2.9245
2.7325
2.5847
2.4811
2.1655
2.3961
2.3439
2.5997
2.0604
2.2848
2.1955
2.5805
2.3659
2.3225
2.7429
2.5751
2.7463
2.8134
2.5743
2.1506
1.9377
1.9833
2.0362
2.1667
2.5066
2.2626
1.9469
2.1464
2.2187
2.3792
2.6046
2.6886
2.9196
3.0350
2.6196
2.3647
2.2879
2.0248
2.3874
2.4449
2.3786
1.9872
2.3345
2.7295
2.5859
3.2955
3.0779
2.6092
2.3788
2.8266
2.4988
2.4258
2.7268
2.4697
1.9830
2.6094
2.7254
2.4609
2.3248
2.1685
2.1753
1.6562
1.7204
2.5475
2.2931
2.3517
2.3353
2.7276
2.4025
2.7013
2.9129
2.5505
2.7404
2.7181
2.6955
2.6372
2.8646
3.0797
2.8272
2.7534
2.4187
2.9920
2.4405
2.2106
1.9007
2.1358
2.4575
2.2220
2.7104
2.5891
2.6468
2.9296
2.5851
2.6581
1.5507
1.8648
2.6197
2.4920
1.9182
2.3514
1.9817
2.3276
1.9983
2.2620
2.5146
2.2700
1.8648
1.9666
2.1107
1.8295
1.7646
1.8593
1.9453
2.1431
2.2934
2.0538
1.9170
2.2586
1.9204
2.9188
3.0110
3.3448
3.0432
2.9298
2.8776
2.2618
2.4278
2.1972
2.4464
2.2015
2.3107
1.8678
2.0447
2.0590
2.2469
2.5053
2.0985
2.2120
1.8978
1.7151
1.8244
2.0666
1.9408
2.1134
2.3222
2.1450
1.8851
2.2264
2.0398
1.9712
1.7000
2.0873
1.9833
1.9446
2.2946
2.2985
1.9831
2.1211
2.4504
2.4695
2.2934
2.5367
2.0646
2.9160
2.1413
2.0963
2.2000
2.0772
1.6089
1.9741
1.8895
1.7592
2.0391
2.0176
1.8833
1.3818
1.4062
2.1700
1.8481
1.9271
1.9267
2.2334
1.7685
1.7384
1.8973
1.9381
2.1425
1.7642
2.3835
1.9993
2.0905
2.7595
2.4750
2.8770
2.4622
2.7648
2.6398
3.0886
2.5257
2.9139
2.7965
2.5990
2.5299
2.7820
2.7054
2.4167
2.5426
2.5650
3.0627
3.1848
2.9338
2.6647
2.4043
2.8786
2.4713
2.6989
2.7283
2.4253
2.5520
2.3492
2.2841
2.1590
2.2719
2.0539
2.4711
1.9544
2.4718
2.2088
2.4807
2.3875
2.5744
2.3269
2.5170
2.3270
2.5904
2.7106
2.6984
2.6594
2.6569
3.1700
2.6734
2.8590
2.5567
2.8585
2.6591
2.8639
2.8743
2.6272
2.5555
2.5983
2.4009
2.4581
2.1417
2.2929
2.0559
2.2866
2.2993
2.3691
2.6402
2.4678
2.7921
2.4462
2.5514
2.3782
2.6695
2.7230
2.4286
2.7004
2.5089
2.7721
2.8142
2.6597
2.6777
2.7519
2.6457
2.7787
2.5732
3.0571
2.5619
2.5919
2.9455
2.7604
2.8244
2.9190
2.7924
3.3313
3.0983
2.6868
2.9805
2.6582
2.9394
3.2472
3.0593
2.8986
3.0693
3.4398
3.4431
2.9180
3.3764
3.4485
2.5762
2.9094
2.8664
2.5434
2.6354
2.7157
2.5844
2.6080
2.9246
2.9699
2.4508
2.7601
2.7485
2.6916
2.6965
2.9756
2.7257
2.6711
2.8778
3.0473
3.0223
2.9164
2.6129
3.1726
3.0408
3.0567
3.7058
3.1599
3.2011
2.4404
2.7567
2.8325
2.8503
3.2320
2.4460
2.7753
2.6732
2.7600
2.7074
2.5633
3.0067
3.0081
3.3125
3.1465
3.6390
3.5270
3.3380
3.3256
2.7236
2.6854
2.9528
2.9991
3.1491
3.1712
3.0660
3.1770
3.0006
2.7962
2.7739
3.0341
2.8410
2.5004
2.2994
2.9231
3.1907
2.1679
2.2477
2.2343
2.4015
2.8207
3.2190
3.1966
3.0457
2.6148
2.7576
2.4827
2.8327
2.8192
2.7499
2.4763
2.9106
2.7133
2.7734
2.8450
2.6651
2.6075
2.3928
2.8470
2.5073
2.4392
2.7837
2.8681
2.3822
2.9337
2.9798
3.0478
2.6327
3.2714
3.0137
3.4400
2.9041
3.0111
3.1097
2.7586
2.8192
3.0773
2.8316
2.7190
2.6983
2.6610
2.6881
3.1418
2.7007
2.7263
2.6200
2.6518
2.3751
2.6847
2.8825
2.9524
3.2967
2.7182
3.1000
3.3515
2.5613
2.9625
2.6450
2.8587
2.0646
2.7717
2.5903
2.6338
2.8077
2.8219
2.8811
2.9641
2.8191
2.6789
2.6438
2.4438
2.5114
2.3210
2.7631
2.7740
2.3877
2.4831
2.5903
2.2364
2.0372
2.6147
2.6465
2.5631
2.7177
2.6202
2.7711
2.3933
2.7303
2.7179
2.3964
2.5679
2.5657
2.6732
1.9062
2.6432
2.8045
2.7139
2.6788
3.1490
2.4486
2.3673
2.7562
2.1572
2.1349
2.6598
2.3424
3.0526
2.5749
2.5685
2.2208
2.4336
2.5126
2.4230
1.8645
2.2208
2.3864
2.0807
2.1694
1.9004
1.3898
2.0306
2.0391
1.9134
2.2544
2.3230
1.8967
2.1328
2.0931
1.9424
2.1818
2.1881
2.3829
2.0030
1.6348
1.7045
1.8025
1.4536
1.9570
1.9516
2.0616
1.8705
2.1045
1.7241
1.6439
1.5094
1.9407
1.9376
1.4212
1.9848
1.7204
2.0577
1.4339
1.7853
2.1153
2.2092
1.6908
2.0946
2.4119
2.1607
2.1834
1.8165
1.4564
1.6485
2.0344
2.3601
2.0893
1.8790
1.8274
2.1506
2.2425
2.0788
2.1887
2.3213
2.5290
2.2802
2.4192
2.4436
2.5501
2.7365
2.3134
2.2806
2.0321
2.5770
2.9652
2.5507
2.5824
2.2858
2.5660
2.5022
2.3749
2.4818
2.0718
2.4861
2.5037
2.2627
2.6093
2.2435
2.5650
2.6756
2.1714
2.4532
2.4335
2.2276
2.5869
2.2019
2.2080
2.7996
2.5578
2.3392
2.4765
2.6639
2.4222
2.2522
2.7960
2.1992
2.3069
2.2052
2.4582
2.0895
2.3103
2.8354
3.1943
2.4975
2.5603
2.4686
2.3077
2.4537
2.6056
2.3798
2.5399
2.1067
2.0082
2.6358
2.0706
2.0822
1.6183
1.9013
1.4885
1.7092
