22.5538
22.2582
22.6970
22.8732
23.4087
22.9614
23.1857
23.8221
24.0506
22.6860
21.7592
22.0402
22.3978
21.8645
22.5515
22.2649
21.9795
21.8623
21.6663
22.2083
22.3790
21.2488
21.7573
21.8767
22.7757
22.7122
22.5453
22.6849
22.1854
22.1447
22.1025
23.1762
21.6000
23.2400
23.4200
23.4453
23.7699
23.2443
24.4030
23.7176
24.1374
24.0416
22.8497
23.1497
24.1760
24.0434
23.9429
23.0607
23.6238
23.1495
24.5693
24.1633
25.0984
24.4658
23.8434
24.4958
24.9075
24.1946
24.1789
23.3194
24.4232
23.4494
24.0723
23.7470
23.1864
22.4410
22.8234
23.5894
22.4301
22.5879
22.4478
22.2674
22.2543
22.6883
23.3679
22.5505
22.3326
22.3232
21.6461
22.1414
21.2989
21.7783
21.8074
22.0169
22.2918
22.8859
22.6245
23.1108
23.0185
22.7827
22.8459
22.6602
22.9986
22.7527
22.7183
22.7461
22.7474
22.5313
22.0095
21.3297
22.0455
21.7823
22.3832
22.2563
21.9748
22.0944
21.5374
22.1173
21.8461
22.0237
21.9270
21.9914
21.6435
21.5807
22.4553
21.3488
21.2959
21.3506
21.8456
21.2119
21.9572
21.1419
21.1107
20.9354
20.7266
21.4473
20.8762
22.0162
22.2548
22.6744
21.9193
22.1647
21.8446
22.4219
22.1015
22.3951
23.0236
22.5688
21.9750
22.1481
21.6495
21.9006
21.4377
21.4533
21.7684
21.6912
22.1219
22.0608
21.0953
20.7397
21.4454
22.0345
21.9569
21.7751
22.4799
23.0010
22.5047
22.8964
23.1519
21.7859
22.1444
20.5719
20.8532
21.2702
21.7240
21.4885
21.4215
22.0040
22.4447
22.1417
21.6907
21.5133
21.8505
21.1525
22.3142
21.5481
22.1177
22.8624
21.9610
22.5402
21.7414
21.8813
21.7314
21.3622
22.1481
21.8191
21.5801
21.6415
20.7375
22.2794
21.6731
21.5676
21.0687
21.0691
21.3139
21.1498
21.3741
22.1828
22.1105
21.8373
21.2827
21.2592
21.7233
21.7729
20.8609
21.1799
20.8850
20.6775
20.9660
21.5666
22.5971
21.4876
22.7162
22.6636
22.6911
22.7782
23.0823
22.6240
22.7380
22.8166
23.1620
22.7480
22.8841
22.5564
22.7140
22.6220
22.6565
23.2050
22.2070
22.5860
23.3240
22.2674
22.3671
23.0909
22.3061
22.1121
23.0208
22.6255
22.9204
23.3017
23.0911
22.8190
23.5001
22.8923
22.5884
21.7599
23.1484
21.4753
22.7685
22.2619
22.2178
22.3439
21.5796
21.9024
22.9317
22.4657
22.1638
21.3608
21.9295
22.0494
22.9897
22.2601
21.4320
21.5521
21.7742
21.6510
22.3118
22.3093
22.2146
22.3884
22.4994
22.0726
21.5579
21.4306
21.7070
22.1392
21.7443
21.6314
21.3994
21.6864
21.2329
20.7189
21.3555
22.3927
22.1381
23.8314
23.2854
21.9792
21.6918
23.4603
22.9843
23.2326
22.8277
22.7645
23.0030
21.9001
21.2687
20.8969
21.3517
22.0772
21.0878
20.5659
22.7015
23.0112
23.4349
24.2407
23.6197
23.9213
23.1668
23.1679
24.0735
23.3747
23.7065
23.5815
22.7782
22.6235
22.7495
23.1744
22.6260
22.4832
23.5893
23.2348
23.4374
23.4101
23.1170
23.5116
23.8742
23.9560
23.1830
23.7463
23.0180
24.3532
24.6477
23.7452
24.2376
23.5162
24.4730
23.7613
24.8427
24.6081
24.6103
24.3413
23.1999
22.9317
24.4932
24.8115
24.4587
23.7430
24.3084
23.4505
24.2915
24.7570
23.9777
24.3820
24.3590
24.3235
23.3648
23.1075
23.3397
23.5593
23.8656
23.7933
24.1837
23.9770
23.8187
23.9222
24.3601
24.4308
25.0013
23.2777
23.4309
23.9592
24.2907
23.9002
24.2945
23.8766
24.7826
23.9181
23.6212
24.3823
25.0849
24.5537
25.0800
25.4286
24.4075
24.5513
24.5728
24.0577
24.3253
24.0342
24.1175
24.6568
25.6808
24.6901
24.5289
24.2260
24.7400
24.3769
24.7754
24.5595
24.7397
24.4215
24.1695
24.4227
25.1799
24.8305
24.6635
23.7886
25.0592
24.8044
24.6710
24.3839
24.9427
25.1036
24.6241
24.7357
26.0032
27.0531
25.9085
26.8798
25.8540
25.3956
25.5248
26.3890
26.4306
25.6981
25.6522
26.6094
25.4330
25.9234
25.5710
26.1835
25.8089
25.9736
25.8835
25.4300
25.9131
25.7433
26.4937
26.1061
25.5317
25.3798
23.9758
25.0116
24.9462
25.0743
24.8819
25.9434
25.4365
25.5149
24.6486
24.5472
23.3953
23.9769
22.8154
22.6635
24.5787
24.7536
24.5349
24.2364
26.2202
25.5395
24.8823
24.5772
23.4646
22.9377
22.6448
25.0316
24.3059
24.4553
24.2721
24.6672
24.4497
24.5655
23.0928
23.8058
23.7151
23.3869
22.8672
22.7188
23.2107
22.2825
23.7535
22.6451
23.0177
23.0982
23.1162
23.5058
23.5360
22.8636
23.4823
23.2094
23.6589
22.9507
22.7459
21.9784
21.9944
22.4674
21.9027
22.2319
22.5118
21.7495
22.6946
21.9509
21.2596
21.8051
21.8507
22.3227
21.9271
22.0212
22.8731
22.7001
22.4136
22.3248
23.0222
23.0761
23.6799
23.0660
23.2224
22.6904
23.1442
23.3813
23.1481
23.7770
23.9733
23.7516
23.4032
23.6251
23.7473
23.4428
23.9556
23.0901
23.1190
23.5793
23.4774
22.6260
22.4512
22.5500
22.8226
22.8438
22.5511
22.6450
21.7543
23.1150
22.8560
22.8443
23.3573
23.2413
22.8175
22.9378
22.3388
22.1719
22.5205
21.7402
21.9917
21.5477
23.0705
23.6130
22.3205
23.1996
22.7229
21.7344
22.5230
22.5997
22.9940
22.9419
22.8366
22.7669
22.7851
23.5535
23.3111
23.1035
23.2077
22.5646
22.8445
22.8259
22.2612
22.3214
22.5194
22.6886
22.7086
22.1084
22.0072
21.8891
21.5547
22.2748
22.5889
22.0186
22.5219
22.4188
22.3823
22.9408
21.3596
22.8081
22.4001
22.6716
23.3829
23.0969
23.0117
23.5043
23.3199
23.3382
23.2143
23.3758
23.5511
22.7428
23.0331
23.8831
23.8075
23.2996
22.7002
22.4548
23.8542
22.6370
22.6620
23.1548
22.1319
22.6149
21.8043
21.6347
21.8307
21.7039
22.4214
22.0447
21.5398
22.9062
21.6390
22.8919
22.8518
22.6509
22.7369
23.2298
22.6225
23.5141
22.8862
23.5321
22.3495
22.2769
22.8095
22.0784
22.0208
22.1220
22.5242
20.7817
20.9918
21.7091
22.4757
22.3716
22.4686
21.9391
22.7171
22.4444
22.5062
21.5690
21.8354
22.6035
22.6505
22.8801
22.1544
22.5990
22.8520
23.2639
22.6289
21.7107
23.6660
23.4854
23.4287
22.7938
23.8838
22.2692
21.9925
21.8885
22.3225
21.5936
22.0831
20.3582
21.4698
20.6543
21.0683
21.1419
21.5774
21.8199
21.9211
22.4104
21.8999
22.0304
21.9923
21.7702
22.2763
22.4426
21.9926
21.7554
21.8263
21.5787
22.3724
22.7758
22.6457
22.0093
21.8802
21.8149
21.2608
21.5607
22.5013
23.8830
22.8088
22.1576
22.1567
22.9544
21.3849
21.4923
20.9574
20.8554
21.1613
20.8107
21.4667
22.5011
22.0159
22.3776
22.2135
22.2145
22.4979
21.6441
22.2530
22.3632
22.5637
23.3104
23.2419
22.4539
21.8733
23.5473
22.3446
21.4767
21.6444
21.5333
21.4034
21.9990
21.8397
22.4197
21.9074
22.1109
21.8624
21.7525
22.2769
22.5664
21.9560
23.0417
22.6042
22.4587
22.2332
21.8667
22.1556
21.2355
21.7954
22.3287
22.3091
21.6135
22.2274
22.4358
21.6628
21.9909
22.1934
21.7342
22.1654
21.8936
22.0814
22.6799
22.5620
22.6027
21.7491
22.6243
23.3792
22.2626
22.5983
22.3368
23.4863
22.6236
22.3094
22.2487
22.2643
22.4281
22.7119
22.1905
21.5770
23.0493
22.3299
22.7613
22.6941
22.1951
21.8032
22.7300
22.9951
22.5077
22.5626
22.7301
23.1410
23.0122
22.5879
22.0402
21.6545
20.9436
22.1191
21.8365
22.0831
22.2178
23.0019
22.0058
22.7119
22.3194
22.2702
22.2054
22.5299
22.8614
22.7479
22.2478
23.2310
22.9561
23.7974
22.5948
23.4284
23.3316
22.6332
21.9159
21.9111
21.2646
20.3494
21.6405
21.1565
20.5726
21.3511
22.2743
21.8504
20.9622
21.4785
21.4908
21.4944
21.8282
22.3679
22.0431
21.9780
21.7746
21.4260
21.9758
21.9857
22.0618
22.2198
23.2189
22.7553
22.4839
21.9471
20.5352
21.2596
21.8409
21.8837
22.3711
22.4651
22.1181
21.7832
21.7683
21.0141
21.7803
21.6480
22.0671
22.9124
21.8009
21.6644
21.5595
22.0769
21.7135
21.7312
20.5814
21.2647
21.5647
21.0715
21.1649
22.0459
21.6309
21.7009
21.2431
21.7006
21.9063
21.0873
21.4338
21.1301
21.1003
21.2681
21.0012
20.7505
22.3066
21.6131
21.9832
21.3082
21.7330
21.4276
21.8039
22.3642
22.1593
22.4511
23.0618
21.8401
21.9819
22.7142
22.8612
23.3061
23.0980
23.7253
24.6537
23.4234
23.8424
23.4926
22.9985
23.5195
23.3250
24.1180
23.8707
23.6618
23.9129
23.5231
24.0205
23.8432
22.6483
23.4305
24.1657
22.9641
22.9567
22.8268
23.2550
22.3499
22.9658
22.4240
23.4216
23.6546
23.3365
23.8307
22.6583
23.5896
24.4120
23.0153
23.5679
24.6942
23.7228
23.7220
23.8100
23.4462
22.9210
23.8275
23.7546
23.6989
24.0633
23.7534
22.9426
24.1734
23.5940
23.0915
23.6799
23.5152
24.0678
23.5168
22.7769
23.0199
23.0651
23.0735
21.9006
22.2943
21.2484
22.0327
22.8530
22.7175
23.2788
21.7558
22.8236
21.8076
22.3254
22.4150
23.3572
22.3412
22.4179
21.9060
21.4436
22.4421
22.4200
23.2875
23.6430
23.0737
23.6954
22.9809
23.6047
22.9371
22.7966
22.2088
22.1166
22.1444
21.6387
20.9754
21.4177
21.6918
21.3792
22.2935
21.7585
22.1393
21.4624
21.6371
22.1432
21.7020
21.4670
21.7555
22.5281
22.3102
22.0969
21.0789
22.3966
22.1113
22.3003
23.0222
22.3866
21.6425
21.4760
22.1561
22.1531
21.6712
22.7368
22.3139
22.5292
22.5115
22.2611
21.9203
22.1537
21.1186
22.5181
20.9166
21.5676
21.2412
21.8361
22.0641
22.6517
23.1055
23.1375
22.0509
22.4216
22.2519
22.9811
22.4907
23.2857
23.4930
23.0601
23.6605
22.5629
22.0015
23.1611
23.5503
22.8994
23.6642
23.5655
23.5085
23.7987
22.5775
22.4378
21.9365
24.0033
22.4808
23.0454
22.1763
22.8576
22.7288
22.9799
21.9579
21.9140
22.2783
22.7240
22.3458
23.3037
22.5647
23.2839
22.6927
22.3150
22.1195
21.6102
22.0690
21.8582
22.2451
22.0622
22.3171
22.3587
21.3846
21.9403
21.6831
21.6920
21.1524
21.7875
20.8374
21.6370
20.9925
21.8452
21.6928
20.2240
20.9407
21.2704
20.1340
21.3480
22.0726
21.9343
21.0649
21.8007
21.4498
21.9189
21.7172
21.8384
21.8597
21.1247
21.2250
21.2900
21.4176
21.4108
20.9120
21.2281
21.5724
21.5468
21.7403
22.0388
21.2896
22.9399
20.9798
21.5209
22.6792
22.8649
23.5778
22.4426
22.8943
23.0553
23.8008
23.1259
23.4737
23.2522
22.4546
22.7785
23.2001
22.1881
22.2755
22.2401
22.8281
23.0085
22.1616
22.8260
22.7467
22.5114
22.6566
22.1772
22.1735
22.3014
21.4334
22.0942
21.4994
21.4891
20.9318
21.5100
21.3831
21.6845
21.9537
21.5325
21.0769
21.3185
20.9549
20.9660
20.7639
20.6477
20.5412
22.2018
20.8244
20.9824
20.8608
21.6478
20.6159
21.5135
21.5011
20.0313
20.7519
21.1703
21.1295
20.3555
21.2978
20.6179
21.0401
21.2579
22.0286
21.4796
20.9686
22.1700
21.6072
21.0577
22.1559
21.6205
21.1823
21.5822
21.6276
21.6217
21.5000
21.3167
21.1631
21.2217
20.7000
20.7572
21.0577
20.5274
21.1755
20.6240
20.4347
20.6283
20.5320
21.0306
21.8103
21.2800
21.3341
21.1590
21.2964
21.3940
20.4511
20.7410
20.8451
20.9337
20.2159
20.2350
20.7892
19.8306
19.7717
20.8850
21.4382
20.4446
20.5434
20.4616
21.2039
21.1616
21.4552
20.8787
22.0809
21.0637
21.1490
21.0374
21.5585
21.4463
21.2267
20.5468
20.2295
20.6980
20.1713
20.8531
20.0814
20.4229
21.5015
20.9789
20.6497
21.3498
21.9717
21.8792
20.9255
21.1646
20.1210
20.3643
20.0592
20.1443
19.9307
20.1361
19.9076
20.6281
19.9537
20.0269
20.6476
19.9193
20.3524
20.4624
19.7910
20.7669
20.0368
21.4505
20.4887
20.7791
20.4473
20.9993
21.1976
20.4600
20.6159
20.9709
21.0119
20.3917
19.8465
20.4464
21.7038
20.9973
20.9743
20.3192
21.0172
20.0838
20.9609
21.3104
19.6728
18.9872
19.3052
19.6862
20.1617
20.0387
21.1379
20.8462
20.8900
20.6944
21.1246
21.1004
20.8371
20.6746
20.0578
20.3844
20.9295
20.4907
20.2369
20.8258
21.1013
21.4253
21.7152
20.4515
20.9611
19.9902
19.9026
20.9666
21.0356
21.7139
20.9069
21.7146
21.5856
21.1275
20.6176
21.2618
20.6308
19.9790
19.7075
20.1311
20.7238
20.6217
20.6281
20.0293
20.4210
20.5039
20.3516
20.2672
21.0409
20.6786
20.1417
20.2859
21.5817
21.4710
20.1816
21.5384
21.1189
21.3147
20.8142
20.8263
21.0458
20.9472
21.9986
21.7343
21.9357
21.6361
22.0808
21.4466
21.6783
21.8142
21.9058
22.5602
22.6297
22.6988
22.1132
20.7791
20.8287
20.9858
20.7997
20.5870
21.6218
21.2748
21.9095
20.3538
21.7856
21.5126
21.4251
21.5446
21.8642
21.4660
21.3702
21.6872
21.2808
21.9050
20.7070
21.3088
19.7529
20.1150
20.9558
21.5324
22.6575
20.8503
21.1983
21.9183
22.8476
22.5529
22.1565
22.5242
21.7133
22.5292
22.2988
22.5571
22.3378
22.4205
22.6715
22.7863
23.6106
23.5760
22.8323
22.6565
21.8650
21.3979
22.7560
22.0882
21.5864
21.4747
22.3778
22.4895
22.7797
23.0398
22.0180
21.6570
21.8311
21.7323
22.8053
22.1548
22.1575
22.9175
23.4356
23.4253
23.8336
22.7306
22.6699
21.9775
22.1160
24.0033
23.8627
23.7620
23.6697
22.3251
23.7239
23.5809
23.4838
24.7935
24.6926
24.7423
23.5998
23.3496
23.9633
24.2072
24.0235
23.4904
23.4440
23.2135
24.3359
23.9362
22.9567
23.3154
23.8798
23.4598
24.2049
24.2245
22.8578
23.2089
23.3525
22.9445
23.6429
22.9941
24.2522
23.6642
23.4347
22.3978
23.2069
23.0225
24.7385
23.3060
24.4275
24.6196
23.8036
23.3356
22.6135
22.2192
22.8285
22.4526
22.6869
23.0161
23.6834
23.7398
24.0166
23.4747
23.2948
23.2732
23.5717
22.9570
23.8890
24.5893
24.9907
24.0650
24.7092
25.0404
24.6244
24.0824
23.4105
23.7279
24.8057
23.5974
23.8323
23.1558
23.9127
23.1944
24.0130
24.0619
23.2579
24.5354
24.1611
24.3715
24.4936
24.5379
24.1809
25.5766
24.5552
24.4641
23.8032
24.1888
23.6092
23.8473
23.8841
23.6400
24.5062
23.6172
24.0815
23.8302
22.9896
22.8709
23.7677
23.6286
24.2727
24.2485
24.4569
25.1135
24.1813
24.5135
23.8567
23.5653
22.9663
24.4888
23.6932
24.2692
24.1727
24.1622
23.4203
24.2706
24.1763
23.3861
23.9459
23.4109
23.5095
23.2697
23.2250
24.0430
24.4161
22.7230
23.1888
24.4067
24.3687
23.1109
23.9258
24.7483
24.3622
23.4425
23.8358
22.8457
23.0952
22.9513
23.7060
22.8992
23.7346
23.7412
22.9745
23.3023
23.1850
23.7572
23.5716
24.1992
24.1285
24.4860
23.8912
23.7516
24.7841
25.1167
25.3726
25.2220
24.4583
24.3181
24.4955
24.3499
24.6686
23.8583
24.6297
23.8654
23.4333
23.6102
23.7955
24.6211
25.2362
23.9856
23.8872
24.3789
24.1479
23.6585
23.1346
22.7090
23.1132
23.8674
23.5958
24.8292
24.5605
25.2991
24.5117
25.6997
24.7527
25.3875
24.7468
24.6100
24.1409
24.2701
24.2870
24.9440
24.1656
24.8506
24.4440
23.8296
24.1002
24.2160
25.1160
24.4946
24.5229
24.6120
24.5535
23.6987
24.1567
24.7405
24.0664
24.3667
25.0983
25.9559
24.9313
24.7548
24.2709
23.2202
23.7226
24.7206
23.8852
24.2369
24.5737
24.8773
26.0734
25.1794
24.9512
26.1628
25.0921
25.4856
25.8602
25.0333
25.2670
25.2973
24.5724
24.3996
25.5870
25.1201
24.6097
24.7728
23.9642
24.2440
24.0972
23.6791
23.7060
24.0432
23.5190
23.0988
23.4763
23.6040
24.8073
24.7316
24.5050
23.7871
24.1078
24.6324
23.4444
24.1116
24.1131
23.9803
24.0809
23.6713
24.0053
24.2453
24.7229
24.0195
23.4913
24.3858
24.3136
23.8401
22.9045
22.5325
24.4028
24.1363
23.4995
25.3178
23.9108
24.5056
24.0649
24.1436
23.5964
23.2787
23.5179
23.6054
23.8474
23.0827
22.9432
22.6833
22.8376
22.5806
22.6755
22.6959
23.4782
21.5130
22.2887
21.8063
22.9632
22.8012
22.5560
23.4224
24.4361
24.4950
23.8020
24.0979
24.2310
23.8430
23.2618
23.6524
23.7027
23.6970
22.7846
23.3361
23.7549
22.4809
22.8449
23.5365
23.2933
23.2637
23.1858
23.3165
23.9879
23.7410
23.3625
24.0768
22.9216
23.0655
23.3965
23.4757
23.2681
24.0311
23.3092
23.7362
23.8232
22.8709
24.0072
23.6806
23.3535
22.1246
21.9729
22.2697
22.6486
22.8303
22.8261
23.3509
22.4309
23.7132
23.1124
23.4936
24.9847
23.4243
21.9419
22.6884
22.8713
23.1156
23.6236
23.5941
23.5710
23.2197
24.0454
23.5440
23.3641
23.4474
22.7206
23.6520
23.1755
23.3535
23.4024
23.4054
24.2337
23.1954
23.8183
23.6526
23.4946
23.5431
21.9645
22.4076
23.8940
23.2711
22.3226
23.5768
22.8805
24.8424
23.4125
23.2452
22.8135
23.6062
23.7607
24.2116
23.6170
22.9640
22.5147
24.1305
22.7761
22.6637
22.7040
22.6675
23.1079
23.3868
22.5032
22.9519
23.9223
23.8521
22.8876
23.7150
24.0665
24.0742
23.3318
22.8575
22.7095
23.3199
22.4480
22.5244
23.1348
22.3794
22.1396
22.3128
23.2451
23.0428
22.9212
24.0615
22.8564
23.4196
22.9251
23.3981
23.1825
23.5755
23.0769
22.4909
24.6483
23.4520
23.6946
23.5471
23.7260
24.0222
23.9885
24.4193
24.1249
24.3257
24.3563
24.8497
24.8310
24.3557
24.4052
24.6863
24.2259
24.0467
24.4631
24.6789
23.5665
23.6897
22.9033
23.2856
23.1308
22.5500
21.8639
23.7669
23.7860
23.3763
23.0155
24.1557
24.1126
23.1776
25.2953
23.7502
23.5240
24.5764
23.7559
24.4808
23.1734
24.0895
24.5244
23.7515
23.6241
24.5237
24.2634
23.5842
23.7592
23.4217
23.5598
23.2178
22.3296
23.5441
23.6665
23.4542
23.0545
23.2162
23.0750
23.0104
23.6211
23.7448
23.7764
23.8563
23.6871
23.1974
24.6116
24.5631
24.3909
25.1818
24.0591
23.7628
23.9466
22.9031
22.7236
22.5644
22.1190
21.5767
22.5113
22.9733
23.2978
22.0238
23.1994
23.2447
22.7750
24.4110
22.7605
22.8639
23.0737
22.3816
22.6255
22.7938
22.5329
22.4182
23.2270
22.5905
22.7680
23.0839
23.9477
23.8641
23.6683
23.7697
23.3184
22.6698
23.2729
23.7768
22.5780
22.4623
23.6432
23.4790
22.1801
23.1780
22.9151
22.5814
23.0127
22.4722
22.8683
24.0212
22.3249
22.1727
22.4403
22.6725
22.5220
22.3871
22.6547
22.4854
22.1769
22.5176
22.5408
22.2822
22.4034
22.4353
22.1810
21.8585
21.5656
22.6688
22.8150
22.1468
21.9079
21.5862
22.4868
22.9557
21.9688
22.0270
22.8108
22.3296
21.2780
22.0237
22.3983
23.0764
23.5225
22.8146
22.5498
23.1237
21.1969
21.4587
21.1592
21.2499
22.0304
23.0207
21.9949
22.0705
22.0468
22.3982
23.0124
23.2421
22.3730
22.3135
22.9425
22.1168
23.8281
23.4829
22.3208
21.9837
22.5097
22.2614
22.0282
21.3423
22.4960
22.1458
22.6425
21.9517
22.9337
21.9322
22.3143
22.4555
21.6727
21.9817
22.8415
21.3423
21.3782
21.9540
22.9388
22.1103
21.6441
21.6543
21.0783
22.4820
22.2933
22.4257
22.0244
22.4710
22.6416
22.1384
22.1005
21.3151
21.9263
22.6530
22.0620
22.2815
22.3701
22.8209
22.5276
22.3645
22.2476
22.1367
22.6380
21.6571
21.2952
22.3114
21.6755
22.1187
22.1606
21.8761
23.2292
22.7562
23.2620
22.7301
23.5642
22.1017
22.8043
22.2118
22.2823
21.8538
21.9010
22.9980
22.7682
22.5322
21.8469
22.0236
22.3895
22.0914
22.8635
22.6724
22.8898
22.4450
22.4557
22.8409
22.3757
22.5441
22.3589
22.5856
22.6325
21.6963
22.1883
21.5962
21.4961
22.2780
21.9878
20.9154
21.1367
21.8859
21.2733
21.2518
20.2283
20.7507
21.1502
20.7226
21.2137
21.5595
21.8411
22.4172
22.1787
22.3312
21.5996
20.7607
21.4031
20.9906
20.8305
21.5980
20.6937
22.3764
21.8976
21.1881
21.7514
21.4012
21.1500
21.9806
21.6083
21.7859
22.8299
22.1027
23.3816
22.3337
22.6599
22.6118
23.3396
22.2270
22.5793
21.8693
21.9793
22.5617
21.1680
22.5913
22.0892
22.0734
21.2164
22.6980
21.6442
21.5676
21.9859
21.6266
21.7081
21.9123
21.3798
21.9522
21.3427
21.4692
21.4245
21.7700
22.2500
22.2227
21.8538
22.2777
21.8742
22.6017
21.9941
22.1614
22.4903
22.5340
22.3654
22.1900
22.9542
21.8455
21.7596
22.2187
22.7448
23.2277
22.5897
22.5395
21.9796
21.7419
22.7055
21.3002
22.2187
22.4459
22.9023
23.3437
22.6995
21.3449
21.5762
21.6870
22.3159
21.3218
22.0179
21.3364
21.6359
20.1549
21.0682
21.1705
21.3519
20.6078
21.2344
21.2379
20.9750
21.5792
21.1550
22.4855
21.9102
21.4107
21.7961
21.4590
20.9689
21.7178
21.5432
21.4884
21.6670
21.8630
21.7060
22.7465
22.1431
22.0905
22.1279
21.0937
22.0843
22.5874
22.4003
22.3792
23.4464
22.5766
21.9602
22.1225
20.9489
22.5831
21.7972
21.1992
20.6778
22.0428
21.7720
21.8117
21.8472
22.3232
21.5457
21.3731
21.3355
22.5476
21.3981
21.3777
20.9113
20.4094
20.5063
21.1827
21.3654
21.4163
20.4777
20.9901
21.9857
21.9026
21.5155
20.7895
22.2376
21.0263
21.3674
21.3476
21.7305
20.6812
20.8009
21.9949
21.5972
22.1113
21.6890
20.2522
21.3452
21.3350
21.7625
21.3745
22.1092
21.8905
21.5609
21.0119
20.1769
20.7036
21.0083
20.7524
20.7340
20.7949
21.1242
20.5739
20.6004
20.4258
20.8083
21.0484
20.5987
21.1353
20.7744
20.0541
19.9987
20.9151
20.3222
21.2200
20.6351
21.1446
21.6774
21.0988
20.8766
20.0924
20.7016
21.3853
21.3610
21.7171
21.1454
21.5906
21.7087
21.1734
21.0661
21.1151
20.8770
21.0237
20.7354
21.2123
21.4594
20.8452
21.6893
20.8546
21.9393
20.7043
20.2754
20.0721
21.0690
20.6409
19.5169
21.1681
21.4914
20.8720
21.8547
21.7746
20.9719
20.7019
20.8132
20.6182
21.1742
21.4322
21.0715
21.6785
21.7490
21.6593
21.1264
20.5101
21.4784
21.6286
21.7046
21.4341
22.3441
22.2440
21.4873
21.8859
22.5060
21.4663
21.0455
20.9036
20.9161
20.6075
19.3544
21.7934
21.6317
21.8450
21.1390
21.2588
21.2107
20.2817
20.4532
20.6172
21.0835
21.2931
21.8341
21.3465
21.2126
21.4627
22.0744
22.2008
20.8083
21.3543
21.2330
22.1521
21.4835
22.1924
21.1838
21.2737
20.9097
20.9545
21.3516
20.3120
20.8188
21.1829
21.9065
21.5078
21.1884
20.4680
20.6917
20.2840
20.9338
21.6794
21.6064
21.0639
21.5033
20.7737
20.6930
21.5987
21.0878
20.5333
21.6511
21.8860
20.2379
21.8139
21.7742
21.3855
21.4161
22.7555
22.4351
22.6803
22.1217
21.6688
22.2255
22.1037
21.5954
21.7152
21.5738
21.4669
21.8447
21.6369
21.3922
20.8954
20.0247
22.1266
20.8504
20.1319
21.3790
20.9624
20.9439
21.1129
21.1077
21.4708
21.3219
20.7161
21.4128
21.5557
20.1556
21.1373
20.5719
21.3303
20.7537
20.8040
21.5994
21.0657
20.7371
20.7170
20.7700
20.1698
19.5291
20.4578
20.3912
19.6677
19.6963
19.6449
20.0939
20.1054
20.4316
19.7593
20.3053
21.0052
20.6256
20.6975
20.5820
20.9535
20.3865
21.2587
20.4513
20.2781
20.3431
19.7863
19.9995
20.2530
19.2801
19.3309
20.3812
20.8001
20.9572
20.1356
20.2335
19.7447
21.1342
20.1247
20.0904
19.4263
20.3926
20.2447
20.6999
19.9141
21.5826
21.2039
20.1556
19.6560
20.1080
20.0721
20.4544
19.6337
20.1112
20.2568
19.6140
19.1209
19.4762
19.7161
20.3968
19.7338
20.4407
20.4957
20.0098
19.7710
19.5430
20.8918
20.5895
20.3079
19.8481
19.7979
20.4756
20.0276
20.1543
19.9001
20.0478
20.6641
20.1047
20.3186
20.3773
20.4411
19.8033
19.9582
20.0648
20.1200
20.3614
19.2771
20.0338
20.9583
20.2217
19.8178
20.2885
20.5942
20.1638
21.0730
20.2681
20.4365
20.4638
20.2940
19.9887
20.6504
20.5316
20.7936
20.5260
20.6685
20.0104
20.9908
20.2327
19.7654
19.6294
20.1220
20.8679
19.7306
20.2117
19.9919
21.4121
20.6579
20.6765
20.0662
20.2344
19.7797
20.5436
20.1439
19.8929
20.3689
20.0842
20.4992
21.8712
20.3053
21.6661
21.3441
19.9878
21.3003
21.2651
20.6330
21.1131
21.1964
21.3871
21.2371
21.2746
20.5841
20.5573
20.3839
20.0784
20.3323
19.8527
20.0581
19.9157
20.6963
20.0885
20.4237
20.5303
20.2688
20.1684
20.3553
20.0970
20.5655
20.2965
19.9858
20.1630
20.4514
21.0347
20.4671
20.2675
21.0808
21.1938
20.5525
20.6167
20.5220
20.3765
20.4893
19.9065
19.5345
20.0011
20.0201
20.3405
19.8760
20.8165
20.5822
21.0272
20.3782
19.6887
19.8923
20.2564
21.2986
20.4691
20.1798
20.4880
20.2790
19.8294
20.8507
21.8228
21.4163
21.2210
21.1493
21.4500
21.9524
21.0433
21.2217
21.3239
22.4079
21.5508
21.8426
21.6577
21.6680
22.1670
20.9680
20.9284
20.9293
20.6692
21.3751
20.7208
20.3450
20.7355
20.2170
20.9993
21.3739
21.0380
21.5533
21.0826
21.2491
21.3781
20.6776
20.4586
21.7739
21.3326
21.0682
20.4093
21.1136
20.8958
21.1033
21.7988
21.2550
20.8612
20.3044
20.8176
20.5596
20.7882
20.3229
21.0959
20.3680
20.4534
20.3991
20.5825
20.6317
20.2979
20.5130
20.7962
20.8566
20.3364
20.7437
21.2886
20.7559
21.3558
21.7005
22.3980
21.4209
20.8447
21.0962
21.7697
21.3040
20.6028
21.2678
20.6364
21.8880
21.0612
21.5396
21.0154
21.5914
20.8345
21.5931
21.3180
20.8461
21.0566
21.0461
20.7306
20.6919
20.9282
20.9581
20.5774
20.8016
21.2716
20.3996
21.2944
20.4458
20.8647
21.7099
21.4289
21.1987
21.0006
20.3585
21.3742
21.4116
21.3684
21.1452
21.6508
21.4894
21.6603
21.1820
21.0778
20.9580
21.3257
21.4313
21.4245
20.9113
21.5647
21.3810
20.9507
21.7702
21.9532
20.7270
20.0972
21.3743
21.0427
21.6036
21.6990
21.4802
21.2458
20.9223
21.5269
21.2163
20.8825
21.2749
20.2930
21.5988
20.4881
20.9904
19.4367
20.0695
20.5431
20.0602
20.9792
19.9642
20.2960
20.2979
20.5976
21.3463
20.8969
20.2355
20.8835
20.3072
20.1595
21.3355
20.4609
21.4070
21.1034
21.5207
20.2020
21.5079
20.8069
20.8380
20.5306
20.0227
19.3074
20.2705
21.0763
20.5211
20.7459
20.4884
20.3479
20.6087
21.4231
20.4152
20.2330
20.8600
19.4313
19.9832
20.5497
20.6106
21.2479
20.8824
20.1012
20.1863
19.9562
20.5433
20.3272
20.0288
20.3111
19.3194
20.1747
20.2607
21.1215
20.8332
20.4991
19.7854
20.2897
20.5427
21.5855
20.1956
20.6324
20.9523
19.9621
20.4464
21.0444
21.5605
21.3877
21.6801
21.8632
22.0285
21.6190
21.6679
20.8763
20.7815
20.5137
20.4612
21.5021
21.5964
20.2220
20.2770
21.2612
20.7337
20.5424
20.9810
21.1801
21.5047
20.8271
20.1875
21.1559
21.3029
21.0739
21.3025
21.1861
22.3211
22.0067
21.6746
21.3069
20.7596
21.4073
20.8185
20.5991
20.3817
20.3277
20.4427
20.8534
20.5107
21.0085
20.1371
19.7387
20.2212
20.0766
20.4460
21.1109
21.6760
21.1755
21.1825
20.9191
21.2500
21.3470
21.4555
21.1188
22.2975
22.2480
22.5032
22.9506
21.7282
21.3564
21.4363
22.0278
22.8032
21.7837
20.8662
20.6658
20.5508
21.4896
21.3615
20.8154
20.7474
20.5157
20.3847
20.8064
20.9301
21.1073
21.0101
21.4671
21.3547
21.2520
22.3707
22.2073
22.5750
21.5950
21.6382
21.0390
21.0594
21.1969
21.5128
21.3910
22.2667
20.5861
20.5929
20.7970
20.1588
19.6714
19.9099
20.4201
21.4552
19.9613
20.5993
19.9142
20.5932
20.7733
21.7173
20.7179
20.1553
20.7315
20.2930
19.9834
20.6461
21.2185
20.4258
20.5340
20.3637
21.1663
20.9729
21.1292
21.0293
21.1604
20.4708
20.8463
20.8154
20.3308
20.7255
20.5241
21.6854
20.8310
20.7708
20.8877
20.2543
21.1073
20.3868
20.9118
22.1708
22.1884
21.7648
20.5589
21.8546
21.1401
21.4955
20.9297
21.5931
20.4392
21.9196
20.6140
22.1333
21.3073
21.3766
21.5365
21.9714
21.7993
20.9542
21.7597
21.1839
21.4853
20.7562
20.7594
20.8051
21.2376
21.9551
21.0110
21.4726
20.6276
20.5413
18.9985
20.2407
19.6757
18.8869
19.2935
18.9472
18.8931
18.6490
19.8824
18.9539
19.2718
20.0095
18.5532
19.5611
18.7653
18.4273
19.2780
18.8321
19.3904
19.8283
18.4903
19.5897
19.3337
20.7495
19.9920
20.4492
20.2052
20.6032
19.8576
18.7776
18.8538
18.9462
19.2695
19.1901
18.7727
19.4676
19.5310
18.6054
18.9371
19.0638
19.3480
19.0336
19.2894
19.3347
19.1833
19.3586
19.7446
19.2408
19.3413
19.6228
19.1345
19.1541
19.5851
19.1938
18.9222
19.3982
19.5831
19.7562
19.1746
19.3773
19.4143
19.1948
19.8410
19.7190
20.2623
20.2991
20.0484
19.4174
19.4907
19.7076
19.6108
20.3599
20.4571
19.4160
20.1133
19.3560
19.9347
19.6217
20.9184
19.5454
19.1250
19.3952
19.5168
19.3256
19.3977
19.6269
19.6735
19.5014
19.6846
19.3555
19.1368
19.9220
19.6276
19.2284
20.6189
19.9623
19.9674
19.6698
20.5547
20.1436
20.2963
19.9294
19.8790
20.0988
19.5160
19.4021
19.6438
20.1342
19.6443
20.0327
19.8981
19.2318
19.5797
19.3075
18.9248
19.4914
19.0629
19.4175
19.5246
18.9853
19.6620
20.0031
19.5474
19.6491
19.6073
20.0708
19.9784
20.4125
19.6891
19.4096
19.6039
19.0273
18.5288
19.5529
18.8207
18.9836
19.2417
19.6182
19.1915
19.3684
19.3190
19.1353
19.0456
18.9775
19.0295
19.3958
19.6087
19.4588
18.9811
19.2742
19.8326
19.0804
19.0919
19.5940
18.8507
18.8370
19.0036
19.4813
19.7342
19.3827
19.2664
19.4097
19.6659
19.5560
19.1027
18.8913
19.8738
19.7801
19.7962
19.1145
19.3792
19.4247
19.3395
19.6681
20.9355
19.6703
19.9145
20.5189
19.6766
19.7505
19.5929
19.3592
19.4507
19.3202
19.5996
20.0183
18.9895
19.5162
19.5286
19.4175
19.7886
19.1074
19.4728
19.8823
19.7931
20.0866
20.0565
19.8435
19.4617
19.4563
19.2886
19.8486
20.9952
19.4573
19.1312
18.8854
19.1827
19.3865
19.1284
19.6158
19.5328
19.6837
19.2700
19.3077
19.7392
19.6401
18.9616
19.5614
19.1030
19.2831
19.1918
18.8331
19.1900
18.7233
18.8733
19.2776
19.6125
19.0568
19.3528
19.0349
18.9999
19.0287
19.6332
19.3554
19.3474
19.4515
19.2708
19.2327
19.4850
19.8293
20.1122
19.3099
18.9931
19.8589
19.2542
19.9093
20.5916
19.2073
19.7620
19.7941
19.6265
18.7577
18.3460
19.6098
19.5149
19.0038
19.6990
19.7584
19.3168
19.3048
19.5136
20.1557
19.6326
19.0224
19.3971
19.2861
19.5288
19.4613
18.7146
18.8612
18.4812
19.1567
18.6504
18.0987
19.2530
18.6873
19.3417
18.9995
18.9575
18.6760
19.1139
19.2518
19.8097
19.4827
18.6533
19.4320
19.1624
19.0544
18.6049
18.8775
19.5967
19.3959
19.6686
19.2685
19.4319
19.1497
19.3812
19.0003
18.7899
18.7659
19.0302
19.1596
19.5531
19.4612
19.0813
19.0510
19.1992
19.2152
19.0828
19.4116
18.9770
19.2999
19.8385
19.7106
20.1697
20.0791
19.9235
20.1236
20.0953
19.8675
18.9196
19.0454
20.0047
19.1563
18.9100
18.9613
19.4470
19.7627
19.1222
19.0821
18.9355
19.6415
19.2243
19.1596
19.2822
19.4708
19.1652
19.6086
19.4033
19.7056
19.7651
19.9746
20.0688
19.0817
19.6828
19.3604
19.1703
18.8886
19.8432
20.1541
20.0935
19.8117
19.8824
20.1378
19.6602
20.5943
21.0513
20.1045
20.3097
20.0903
19.8639
19.7929
19.5908
19.5642
20.1907
20.4581
19.5692
19.2134
19.0147
19.0274
18.9138
18.3439
19.0688
18.9035
19.9761
18.4853
18.8089
19.2214
19.9815
19.9584
19.6147
19.7764
19.2655
19.4924
18.4157
18.6965
19.1256
19.8985
20.0000
21.0273
21.1463
20.9191
21.2906
19.9012
19.4813
20.1203
19.8563
20.3119
19.6738
19.4085
20.1294
20.0681
19.9306
20.1174
19.3953
19.8327
21.3127
21.7225
21.3997
20.2754
20.9518
20.7931
19.3788
19.9875
21.0047
20.2579
19.8310
20.3888
19.9943
20.7622
20.2055
19.6509
20.6659
20.0408
20.4713
20.4092
20.4975
20.4885
20.3498
19.4935
20.1150
20.1724
20.3957
20.5465
20.5218
20.0472
19.7326
19.3722
20.2290
19.9592
20.8643
20.6201
20.1495
21.1736
21.3610
20.3330
20.4537
19.9677
20.0797
20.2948
20.5130
20.9827
21.1178
20.6233
20.1134
19.4235
19.5079
20.1170
20.8475
19.9787
20.3950
19.8308
20.3915
19.8516
19.6600
19.8307
19.6238
20.0083
19.3481
20.3315
20.9092
19.7599
20.7733
19.9347
19.5139
20.4650
21.3054
20.4529
20.7856
19.0594
19.5382
19.5445
19.5703
20.1965
19.6372
19.2330
20.3247
19.9421
19.5655
20.0669
19.8675
19.6388
19.6048
19.4188
20.1394
19.7247
20.4541
19.9488
19.2307
19.6184
18.4471
19.2052
18.9137
18.6198
18.1052
18.7771
18.9799
19.6614
19.0331
18.9461
18.6588
19.8968
21.0697
19.5986
19.1824
19.1150
18.8877
18.6121
19.1441
19.2365
19.1278
18.8056
19.2293
19.7442
19.7176
19.7198
19.6562
19.4046
19.1255
19.6068
19.7560
19.0037
20.1074
20.6325
19.6705
19.7140
19.2552
19.9023
19.4201
20.1950
19.0382
19.0936
18.9139
19.2899
19.1045
18.5379
18.5825
19.0729
18.7686
19.8244
19.2554
19.0927
19.5108
19.4018
19.3666
19.1028
18.4042
19.5089
18.5589
18.6671
18.7803
18.2192
19.2775
19.8794
19.1002
19.5966
18.9147
19.6585
19.4390
19.5605
19.3153
19.7389
19.8667
18.8497
19.5046
19.3809
19.3951
19.4699
19.2356
19.1812
18.1054
19.0681
19.1843
19.5706
19.6824
19.1593
18.6956
19.7617
19.5327
19.4567
19.0958
19.4010
19.7107
19.1447
19.3356
19.1043
19.7524
19.8682
20.4699
19.5044
19.9524
19.3231
20.6523
19.9272
19.6484
20.1772
18.7780
20.0719
19.4517
19.3337
19.7903
19.4674
18.7653
20.1158
19.4690
19.9148
20.0725
19.6461
19.6838
19.7040
19.7749
19.6683
20.3761
20.1388
20.3564
20.3405
19.7889
19.6178
19.3073
19.6068
19.8387
19.1766
19.3084
20.0902
20.1326
20.3276
19.7186
20.0200
19.6680
19.6054
19.9675
19.6396
19.4530
20.0273
19.2084
18.8449
19.4520
19.0609
19.3866
20.1628
20.4422
20.7524
20.0495
20.0708
19.7284
20.0155
20.4473
20.3463
20.5805
20.1823
20.0905
19.9471
20.9076
19.9581
20.3832
19.5491
20.1445
20.5271
19.3690
20.6381
21.1770
20.3600
20.5252
20.3420
19.9390
19.6985
19.8831
20.6269
19.7593
19.8458
19.6851
19.9062
19.3869
19.6419
19.6222
19.8105
19.2666
19.5007
19.8778
19.7838
19.1577
19.6841
20.2443
20.5051
20.2872
20.1181
20.1627
20.0779
19.8460
18.9619
19.1947
19.8057
19.7525
19.2951
19.5180
19.2516
19.1446
19.2198
19.6938
19.2651
20.1088
19.9797
19.5413
19.4731
20.0634
19.0361
18.9550
19.0917
18.9535
19.9894
19.6587
19.3582
19.4489
19.1976
18.8769
19.1071
20.0540
18.3734
18.8609
19.0752
19.7568
19.6241
19.3480
18.9816
19.3891
18.9690
19.2553
19.6423
19.6081
19.3941
19.4031
19.5762
19.4139
19.3492
19.7770
19.7047
19.8097
20.2041
20.2196
19.4945
19.7594
19.7314
19.6157
20.0145
19.8153
19.7250
19.8925
20.1723
19.3830
18.8583
18.9620
18.7440
19.4881
20.0159
19.3038
19.0283
20.2604
19.9067
19.7403
19.2285
19.5444
19.7969
19.8299
19.2528
19.1919
19.7088
19.2595
19.4851
18.8775
19.3906
19.0973
19.3598
19.1333
18.7802
18.9054
19.2051
18.7889
18.7396
18.8293
19.2631
19.6459
19.1092
19.0513
18.6971
18.5501
20.1121
19.5681
20.2008
19.1228
19.4150
19.8093
19.8666
19.4337
19.1903
19.3552
19.2509
18.9470
19.4196
19.3679
19.7201
20.0364
18.7191
19.7720
19.1769
19.0387
19.2788
19.0620
18.8538
19.6830
19.4646
19.0494
19.5561
18.8173
18.9205
18.8953
19.6044
19.1118
19.1726
18.9094
20.2853
20.3495
19.2164
19.7474
20.0948
19.4627
19.7168
19.0261
18.8628
19.6937
18.9871
19.7468
19.1690
19.8442
19.7000
19.3467
19.4178
19.0760
18.7885
19.8649
19.9849
19.6594
19.4623
20.0332
19.9237
19.5017
19.5973
19.6146
19.0872
18.2165
18.5853
18.5985
18.7787
18.5106
18.8735
18.8879
19.2847
19.1694
18.8226
19.1174
19.5720
19.3469
19.4170
18.5464
19.3160
18.7659
19.9149
19.5210
18.5677
19.2871
18.8051
18.6459
18.2759
18.6533
19.2566
18.6880
19.0481
19.3375
18.1592
19.0620
18.7344
19.2181
19.0818
18.7132
18.5508
19.2419
18.9693
18.9512
18.2680
19.2099
18.1353
18.7307
18.4528
19.0447
18.8556
18.6636
18.3855
18.7304
19.0345
19.1189
18.6360
19.1202
18.8109
18.5810
19.2544
20.1436
19.7283
19.9310
19.2968
18.2658
20.2623
19.9964
20.2103
19.7667
19.1598
18.9247
19.0200
19.6520
19.3622
19.1083
18.4805
19.5596
18.7420
18.5763
19.7240
18.9760
18.1798
19.0595
19.2752
19.0072
18.7452
19.6534
19.5888
19.2034
19.0993
19.7535
19.2557
18.5339
19.0865
19.4093
19.7381
19.2567
19.7781
18.8250
19.2823
19.4235
19.3357
19.8474
19.4869
19.6539
18.9904
18.9893
18.6286
19.4142
18.7488
18.3662
19.7763
18.6751
18.7735
19.0731
18.8666
18.7043
18.4795
18.7432
18.5252
18.5053
19.1760
18.7295
17.7479
17.5506
18.9162
18.8734
19.0739
18.8774
19.7073
19.3793
19.1859
19.1556
19.9950
18.4929
19.0012
18.8319
18.6708
18.4434
18.5037
19.0224
18.7170
18.7709
18.3923
18.6357
18.8928
18.7997
19.2710
17.7971
18.2061
18.3735
18.6715
18.9027
19.2249
19.1538
18.9668
18.5675
18.1677
19.0786
18.3626
18.2903
19.1131
18.3653
17.9301
18.3066
17.7197
18.6837
17.9151
17.7782
16.8751
17.7284
18.5993
18.6361
18.1279
18.2154
18.2279
17.5507
18.0045
17.7792
18.3025
18.7529
19.1419
19.3458
18.4314
18.7653
18.5591
18.8438
18.1257
18.9672
18.6113
18.7318
18.6590
16.8530
17.8246
17.6502
18.3958
18.3256
17.9534
18.0874
17.8931
17.9933
17.9044
18.3176
17.9838
17.3983
17.4093
18.5560
17.8955
18.7506
18.6212
17.9825
18.3076
18.1599
18.3120
18.0229
18.8600
18.6429
18.2760
18.9471
17.9674
18.1501
18.4264
18.2676
18.3986
18.4202
19.1384
18.5425
18.1731
18.1911
17.8004
17.9923
17.2191
17.0843
16.6736
17.8209
18.2022
18.3242
17.7554
17.5492
16.9142
16.9140
17.6224
17.6572
17.8452
17.0733
17.5520
18.0157
17.7036
17.6239
18.7473
18.4884
18.1782
17.3852
18.1114
18.1176
17.6252
16.8122
17.3617
16.9319
16.8986
17.6416
17.2720
17.4078
17.3348
17.9477
17.4784
17.4199
17.9170
18.0035
19.2161
18.2356
18.5172
18.2626
18.1788
18.6453
18.6172
18.2044
18.6262
18.4569
18.8072
17.9377
18.6012
18.6073
19.1648
18.6127
18.4487
19.1509
19.3431
19.0341
19.4027
20.2811
19.0329
19.0025
18.9362
18.8371
18.6733
18.6867
18.8573
18.4977
18.1915
17.7910
18.5072
18.3509
18.1300
18.6279
18.5080
18.1980
18.4636
19.3957
18.9468
18.4102
17.2856
17.8962
17.1817
16.8265
17.3674
18.1830
17.7937
17.3488
17.9939
18.3238
18.1632
17.8987
18.0652
18.2646
18.7759
18.7803
18.5468
18.2261
18.7122
18.5035
18.0261
19.3386
18.3349
17.6931
17.7331
17.0826
17.6047
17.9653
17.3717
17.9531
17.2557
17.3428
17.2308
18.8004
17.8591
17.7468
18.2764
17.5280
18.0583
18.1633
18.1060
17.6355
18.1484
17.3672
17.3642
18.1751
17.7621
18.8142
17.6630
18.6635
19.0554
18.3051
18.9149
18.2944
18.3300
18.3794
19.3533
18.8906
18.6555
19.7175
19.7029
19.1827
19.8143
19.8154
20.0647
20.1244
19.9622
19.4422
19.1752
18.5444
18.6662
18.7018
19.2917
19.8071
19.5885
19.1384
19.2793
19.5412
19.7530
20.1273
19.6085
20.5557
19.7463
20.0877
19.6877
19.8285
20.6013
19.9204
20.6886
19.9456
19.7351
19.7460
20.4511
20.6396
19.7083
20.4203
20.6557
20.3302
20.9020
20.3276
20.0915
20.5311
19.8943
19.0835
19.5968
19.4412
20.1120
19.4552
19.7049
19.9575
18.9644
19.3971
19.2837
19.7438
19.8662
19.4205
19.0736
19.9086
19.2450
19.7343
19.9965
19.9211
20.0018
19.3876
19.7668
19.9794
20.2267
18.9529
19.6484
18.7992
19.1357
18.9665
19.0738
18.9849
18.7357
19.6599
19.7455
18.3499
19.3329
19.4874
18.7221
19.3430
19.1906
18.9348
19.9408
19.7285
19.4242
20.0951
20.8755
20.4406
19.4823
19.0407
19.5357
19.6264
19.6631
18.7255
18.8145
19.3193
19.1970
18.7603
18.8348
18.7125
18.9434
19.1060
18.9957
19.2438
18.7845
19.3843
17.7323
19.4514
19.0173
19.3819
19.0053
18.9871
18.7445
20.0243
19.7402
19.7868
18.9476
18.9904
18.7942
18.6002
19.5083
19.2394
18.7735
19.9301
18.7259
19.1927
18.5965
18.4756
18.4994
18.4712
18.7670
18.0067
19.5204
18.8011
19.0500
19.0456
19.4933
19.0402
19.2130
18.8840
19.2603
18.9161
18.5981
18.5714
18.6142
18.9001
18.9638
19.1098
18.6951
18.6048
18.7419
18.5048
19.2721
18.1595
18.3931
18.7175
18.2432
19.2522
18.5760
18.8216
19.6762
19.5828
19.0866
18.9173
18.9241
19.0762
19.3601
19.4757
18.8129
19.1793
19.2403
19.1622
19.2010
18.5999
18.9368
19.0575
18.0127
19.0880
17.8885
18.9550
19.1183
19.0470
18.7476
19.2478
19.4892
19.0197
19.2572
19.7056
18.6566
19.6213
19.3155
19.1022
18.7927
19.1793
18.3268
20.0781
18.9004
18.6254
18.9217
19.0009
18.5777
19.3728
19.3465
18.7708
18.9669
18.9312
18.9214
18.3556
19.2073
19.0705
18.7962
19.1565
18.8464
18.7577
19.3794
19.0491
18.4336
18.4817
19.3987
19.4158
19.3167
18.3987
18.3784
18.4734
18.8231
18.2498
18.8518
19.0556
18.9384
18.5952
19.4233
19.2398
19.2012
19.0375
18.9359
18.7801
19.5142
19.0322
19.3130
19.2364
19.5000
19.6930
19.2451
19.5131
18.7056
18.8225
19.0816
19.0884
19.7338
20.1281
19.4075
18.7127
19.7005
19.1342
19.4181
19.4323
19.2165
18.8958
19.4565
19.5366
18.9855
19.7610
19.7732
19.6349
19.4427
19.1416
18.6169
19.0079
18.8456
18.9554
18.5729
19.6962
19.7807
19.7974
20.3675
19.2932
19.7260
19.5482
19.0502
18.8739
19.0721
19.2007
19.3419
18.9153
20.0646
19.2091
19.7629
19.7249
19.6262
19.6563
19.3603
18.9380
19.1316
19.6614
19.8342
19.9191
19.8733
19.0299
19.5378
19.4638
19.3871
19.5439
18.7137
19.4959
19.3570
18.8106
19.1939
19.4152
19.2477
19.4111
19.2401
18.9786
19.8629
17.5456
19.1770
18.0939
19.4990
19.6726
19.8605
18.2154
18.8442
18.5358
18.7178
18.7952
18.9503
19.8027
18.6820
18.5185
18.6957
19.1660
18.7022
20.4747
18.9548
19.3768
19.3822
19.3509
19.3589
18.7301
19.8740
19.2472
18.5961
19.3002
18.8209
19.0854
19.2286
18.9645
18.8756
18.7823
19.3511
19.0869
19.4874
18.9041
19.4331
19.2338
19.4517
19.0080
19.8828
19.3097
19.9852
19.7263
19.9313
19.6508
19.1990
19.4047
18.8448
19.9806
19.7884
18.7752
19.4731
19.2031
18.9628
18.9475
19.0751
19.1605
19.3403
19.1498
18.1681
19.2536
18.8014
18.9559
18.9345
18.5494
19.8731
19.2520
19.4118
18.8435
19.3871
18.9177
18.9143
19.2750
19.2141
18.6562
19.0456
18.1526
18.6818
18.9101
18.7549
18.7932
18.7374
19.5932
19.0830
18.9222
18.1314
18.7969
19.9445
18.9562
18.0757
19.2504
19.1735
19.1288
18.3409
19.0565
18.5938
19.4534
19.0733
19.1541
19.8250
19.1333
19.7877
19.1666
19.4455
19.1827
18.8989
19.5216
19.0802
19.4260
20.0417
19.4498
20.1426
19.3484
19.4912
18.4908
19.0582
19.4574
18.8535
18.5817
18.5025
18.6965
19.2970
19.3371
18.9651
19.8832
19.2676
19.9308
19.5929
18.6876
19.1560
19.5776
19.2612
19.6261
19.6567
19.8672
19.1347
19.1670
19.2086
18.5939
19.2490
19.4804
18.7926
19.3421
18.4636
18.1151
18.7960
18.4884
19.1765
19.2617
18.9974
19.5104
19.1431
19.2856
19.5921
18.8909
19.1096
19.9577
19.1668
18.8382
19.3504
19.0680
19.6251
19.1825
18.8898
19.4133
19.2591
18.4838
18.7702
19.3332
19.3695
19.0388
18.4970
19.2331
19.2371
19.3923
19.2680
18.9877
18.9992
19.7594
19.5610
18.8637
18.8402
18.7491
18.7432
18.9813
18.6444
19.1573
18.9427
19.4715
18.4156
18.4779
18.5398
19.0615
18.5790
19.7470
19.0645
18.3240
18.9478
19.1643
18.2189
19.8779
19.4871
18.8594
18.7750
19.0144
18.9995
19.7213
18.6564
18.8121
19.0519
19.1561
18.5653
17.6463
19.1785
19.1536
19.5413
19.7267
19.2816
18.9127
18.6989
18.5885
19.0011
19.1974
18.8653
19.6100
19.2532
19.0895
18.7552
18.4848
19.0290
19.1560
18.8727
18.6140
19.1833
19.0249
18.8004
19.9120
19.2452
19.1380
18.8233
18.2042
18.9354
18.5579
18.6354
19.4102
19.2949
18.5206
19.0534
20.0323
19.3990
19.0086
19.9940
19.7490
19.8616
19.9382
18.9974
19.9869
19.4382
19.8648
19.8531
20.0016
19.9392
19.9341
19.8861
19.6281
20.2149
20.0242
19.7104
19.7473
20.5705
19.2850
20.0432
20.5363
20.2558
19.9811
20.3661
20.0554
20.2737
20.2718
19.4588
19.8850
19.7163
19.3839
19.4731
19.4237
19.5133
19.2459
20.0288
20.5900
20.4026
19.6154
19.5617
19.6232
19.7437
19.9244
21.0737
20.1006
18.7965
19.0006
19.6029
20.1085
20.3008
20.2160
19.5292
20.0239
19.9452
20.2120
20.1914
19.9062
20.1939
19.4516
19.4238
20.2382
19.7297
19.7019
19.2802
19.9554
18.8934
19.1147
18.8178
19.3417
18.8776
19.7086
19.8410
19.3255
19.7002
19.9288
18.9844
18.9813
19.5912
19.4863
18.8756
19.2237
19.4513
19.5022
19.0987
19.2990
19.2568
19.9161
19.4513
18.9378
20.3969
19.3120
19.3234
19.5698
19.2392
18.7063
18.9192
19.0775
19.2995
18.4114
19.3390
19.3137
19.6524
19.3649
19.0001
18.8984
18.9002
19.2095
19.0829
19.3570
19.5189
19.4823
19.1352
18.3352
18.1694
19.0363
19.0250
19.5443
19.7459
18.2827
18.9926
19.3802
18.3387
18.4854
18.8771
19.3105
19.9391
20.0132
18.3738
19.3418
19.6339
18.7891
19.5427
18.3859
19.2601
19.2327
19.3605
18.4593
19.0280
19.8497
18.3889
19.3315
19.4204
19.9618
19.4410
19.7454
20.5216
19.4815
19.8536
19.2208
19.3661
19.6015
19.4029
19.4072
19.5132
19.4284
19.4003
19.3565
19.7051
20.1499
19.4079
20.6476
20.2728
18.5349
19.1780
19.5243
19.4496
19.9035
19.5796
