2.9768
3.0496
2.9106
2.9572
2.8170
2.6970
3.1309
2.8544
2.8819
2.5987
2.1836
2.6259
2.5421
2.6334
2.2788
2.5076
2.1785
2.1323
1.7038
2.2622
1.9498
1.9100
2.0420
2.0068
2.4922
2.1104
2.4668
2.3959
2.2975
2.5554
2.8901
2.8883
2.9958
2.8391
2.6966
2.4973
2.6143
2.5637
2.4940
2.7448
2.8000
2.8635
2.7833
2.8098
2.6271
3.3768
3.1248
3.0199
2.7146
2.7571
2.8334
3.2745
2.6499
2.6995
3.2469
3.0860
3.1233
3.1249
2.8230
2.8201
2.6015
2.3519
2.1947
2.0561
2.3431
2.1943
2.4557
2.1732
2.2177
2.3698
2.2941
2.3815
2.6359
2.6417
2.6400
2.8804
3.0027
2.6222
2.6980
2.6211
3.0065
2.5075
2.5344
2.7922
2.6996
2.4463
2.7325
2.6218
2.9239
2.9240
2.9755
2.7105
2.8298
2.7371
2.3026
2.4157
2.4093
2.5477
2.3587
2.2760
2.5670
2.8063
2.7657
2.2985
2.5768
2.4324
2.3796
2.4494
2.4705
2.9823
2.6045
2.6121
3.0914
2.7755
3.1138
3.2256
2.7715
2.7712
2.7911
2.6744
2.7140
2.6187
2.4830
2.5218
2.3142
2.5506
2.8983
2.8327
2.6492
2.6791
2.2085
2.4799
2.5788
3.2512
2.8957
3.0886
3.0588
3.0825
2.6945
3.0222
2.7245
2.8048
2.7768
2.9952
2.6078
2.8953
2.7418
2.9300
2.7885
2.5862
2.8350
3.0484
2.8960
2.8353
2.8781
3.0836
2.8864
2.5699
2.5008
2.4267
2.2788
2.6732
2.4431
2.5910
2.7741
2.8109
2.4564
2.2990
2.1036
2.7105
2.5721
2.7441
2.6305
2.8919
2.3453
2.6434
2.7850
2.5292
2.7368
2.9536
2.6753
2.3871
2.8150
2.6324
2.8579
2.7063
2.4774
2.4128
2.2295
2.4975
2.7992
2.6369
2.8493
2.7727
2.6962
2.8459
2.8357
2.3204
2.5249
2.3223
2.8318
2.4121
2.7777
2.4782
2.3317
2.6260
2.5504
2.1543
2.4200
2.7112
2.6990
2.8567
2.9090
2.6983
2.6988
2.7595
2.8297
2.5892
2.2768
2.4763
2.4499
2.6346
2.8860
2.4303
2.5451
2.6210
2.7346
2.6925
2.3036
2.3598
2.6339
2.1856
2.4754
2.5808
2.2876
2.6349
2.6269
2.4236
2.4225
2.5709
2.7703
2.7538
2.5996
2.7284
2.7692
2.9455
2.7802
2.6395
2.5176
2.8372
2.9881
2.8494
2.6837
2.7120
2.7904
2.7224
2.4791
2.6085
2.7172
2.9309
2.5718
2.6891
2.6734
2.6474
2.3285
2.3472
2.2789
2.1883
2.2650
2.0827
2.4528
2.2535
2.5893
2.3204
2.1597
2.5755
2.5848
2.8449
2.6232
2.5505
2.3770
2.2851
2.3242
2.2684
2.4253
2.4002
2.7189
2.9568
2.4187
2.3683
2.5747
2.5343
2.8199
2.6455
2.4415
2.6002
2.6927
2.9155
2.9102
2.7186
2.8004
2.5717
2.5136
2.6288
2.4399
2.4575
2.6861
2.6355
2.7034
2.5976
2.4067
2.6038
2.6720
2.7303
2.7885
2.6193
2.4514
2.5839
2.6990
2.5588
2.6522
2.6354
2.8475
2.2417
2.3727
2.1739
2.1589
2.2595
2.4103
1.9818
2.0983
2.0879
2.4810
2.2899
2.5604
2.6648
2.6852
2.1093
2.1741
2.5594
2.1835
2.3619
2.5069
2.6906
2.7395
2.4905
2.6168
2.3944
2.5029
2.4691
2.2819
2.2689
2.4238
2.3792
2.4667
2.3496
2.2460
2.2616
2.4461
2.3512
2.1467
1.8327
2.4522
2.2830
2.5055
2.2519
1.9779
2.1165
2.5164
2.5818
2.2727
2.3328
2.2676
2.4159
2.1778
2.2966
2.4323
2.3264
2.5225
2.3163
2.6242
2.4457
2.5603
2.4438
2.0654
2.1571
2.2068
2.3504
2.4154
1.9549
2.0195
1.9728
1.9151
2.1692
2.0231
1.9546
2.2531
2.3291
2.5882
2.7354
2.3602
2.1905
2.0726
2.1260
2.4187
2.1848
2.0747
2.1353
2.1440
2.2453
2.0134
2.0606
2.2499
2.2781
2.1228
2.1084
1.9125
2.0998
2.1569
2.0620
2.0331
2.0742
2.4024
2.1243
2.0924
2.3312
2.2337
2.3781
2.1556
2.2170
2.1925
2.1787
2.2262
2.6688
2.2580
2.1998
2.1632
2.1613
2.4651
2.2341
2.1437
2.0240
2.1203
2.3680
2.4794
2.0905
2.1402
2.0832
2.3702
2.2145
2.2789
2.6328
2.3846
2.2618
2.0231
2.2507
2.3903
2.2985
2.2416
2.2758
2.3195
2.3379
2.3234
2.2544
2.2465
2.2477
2.5568
2.6331
2.3152
2.6029
2.6542
2.4798
2.3715
2.6813
2.6210
2.4693
2.7379
2.3875
2.9051
2.6351
2.3184
2.7287
2.4709
2.7033
2.5928
2.5795
2.5058
2.6188
2.6514
2.6191
2.7338
2.6399
2.7402
2.5684
2.7899
2.2046
2.2787
2.5807
2.1019
2.3377
2.1960
2.4398
2.5309
2.6761
2.4269
2.5314
2.3940
2.2903
2.4828
2.8221
2.6290
2.6929
2.6954
2.7674
2.3014
2.4233
2.3860
2.2819
2.5524
2.5269
2.5128
2.6118
2.7377
2.6839
2.5131
2.7180
2.4606
2.5894
2.5342
2.8484
2.6863
2.5837
2.8210
2.5754
2.5735
2.4232
2.8025
2.7373
2.6765
2.5479
2.6219
2.4777
2.3473
2.6146
2.6010
2.4042
2.5007
2.4506
2.8175
2.7461
3.0747
2.8040
2.9076
2.8499
2.7823
3.0731
3.1365
2.7972
2.5049
2.7233
2.5167
2.5014
2.3804
2.1950
2.2022
2.3324
2.2030
2.2609
2.5721
2.6862
2.5624
2.1760
2.1675
2.7203
2.8756
2.8565
2.6158
2.7795
2.4996
2.5332
2.5464
2.4372
2.3977
2.6169
2.3572
2.4347
2.5710
2.2893
2.3975
2.3820
2.3366
2.3301
2.2722
1.7923
2.1847
2.1450
2.2235
2.1641
2.3308
2.2930
2.5587
2.3452
2.3082
2.3100
2.0965
2.1631
2.1376
2.3470
2.2307
2.2040
2.0567
1.9434
2.1462
2.0898
2.2604
2.4830
2.2675
2.1538
2.2205
2.2096
2.3117
2.4173
2.3075
2.5943
2.4852
2.3739
2.4795
2.3705
2.2520
2.1200
2.4809
2.6152
2.6038
2.3826
2.3606
2.1807
2.4182
2.3762
2.5128
2.7236
2.8192
2.6846
2.6174
2.6814
2.6730
2.7587
2.7347
2.5904
2.4454
2.8267
2.9755
2.8744
2.7729
2.7630
2.4421
2.6931
2.9203
2.7009
2.6076
2.5560
2.9290
2.9192
2.9126
2.5635
2.7034
2.7408
2.5366
2.5007
2.6341
2.8466
2.9821
2.6450
2.8955
2.7642
2.7635
2.8857
2.9497
2.8664
2.8630
3.0225
2.7993
2.7088
2.5134
3.0508
3.1686
2.8526
2.8546
2.8987
3.0382
3.3247
3.1503
2.9788
2.6595
2.7775
2.6590
2.7449
2.5131
2.9261
3.1162
2.7493
2.5227
2.7364
2.5718
2.2990
2.1547
2.5028
2.2440
2.2429
2.3441
2.3389
2.2505
2.1781
2.4344
2.2659
2.4750
2.5685
2.5675
2.1958
2.4263
2.6332
2.5565
2.3971
2.5645
2.5234
2.4625
2.4696
2.7344
2.7589
2.5423
2.8503
2.5113
2.8298
2.7020
3.0403
2.7268
2.9869
3.0299
2.9466
2.8384
3.1829
2.8573
2.9712
3.0612
3.1514
3.3273
3.0561
3.1409
3.0039
2.9776
3.0436
3.2162
2.8984
3.1809
2.7167
3.0062
3.0485
3.0698
3.0902
3.0188
3.1963
3.0698
2.9660
3.0061
3.0890
2.7922
2.8061
2.8202
3.0085
2.9999
2.7925
3.1412
2.8459
2.9965
2.9843
2.7465
2.7204
2.3590
2.8371
3.0509
3.2249
3.1035
3.3026
3.3802
3.1682
2.9517
2.7156
3.1035
3.0746
3.1078
3.1494
3.2256
2.8788
2.8748
3.0686
3.3156
3.3993
3.0096
3.0382
2.9197
2.6588
2.5670
2.6537
2.6844
2.5122
2.4169
2.6750
3.1027
2.7468
2.9519
2.5470
2.6034
2.8325
3.0716
3.0129
2.7111
2.6697
2.7989
2.8040
2.6258
2.7612
2.7397
2.6198
2.3084
2.4405
2.6093
3.0039
2.6567
2.4343
2.4699
2.4271
2.2940
2.1247
2.7820
2.6293
2.6362
2.5716
2.8413
2.3971
2.1462
2.3711
2.3443
2.5525
2.5630
2.7068
2.6956
2.9868
3.0592
2.5406
2.5628
2.4724
2.7180
2.4273
2.8903
2.9687
2.6493
2.4500
2.7164
2.6219
2.8768
2.9668
3.1229
3.0406
2.8048
2.5704
2.4380
2.3932
2.4277
2.3214
2.5393
2.6199
2.3275
2.3410
2.4851
2.3622
2.2792
2.8275
2.4812
2.7401
2.6444
2.7366
2.5825
2.8076
2.4278
2.4211
2.3691
2.4458
2.7117
2.7741
2.4423
2.7285
2.8543
3.0489
2.6925
2.2899
2.6535
2.6477
2.5533
2.6576
2.5514
2.6253
2.5642
2.5381
2.2585
2.6657
2.2466
2.4013
2.5485
2.4754
2.4070
2.4472
2.2159
2.2549
2.5333
2.3652
2.4895
2.6395
2.5828
2.8220
2.6666
2.4892
2.7496
2.5478
2.6615
2.6679
2.4932
2.5321
2.5294
2.4607
2.4690
2.6855
2.7902
3.0204
2.7213
2.7729
2.5726
3.0537
2.5314
2.5643
2.6664
2.8101
3.1027
2.8386
2.9964
2.8405
2.8932
2.8837
2.4539
2.8510
2.6826
2.7752
2.4542
2.6030
2.5861
2.6083
2.2700
2.2754
2.6949
2.7784
2.9638
2.4568
2.4732
2.1721
2.3348
2.5753
2.1863
2.5493
2.4500
2.5267
2.4038
2.5765
2.1594
2.2153
2.5386
2.5143
2.6943
2.5878
2.3187
2.9280
2.5654
2.2743
2.6309
2.6602
2.8308
2.3479
2.2940
2.4145
2.5623
2.6121
2.7657
2.4862
2.7770
2.5073
2.4563
2.4471
2.5839
2.8604
2.6078
2.5004
2.3954
2.6598
2.6247
2.7081
2.2549
2.2579
2.7214
3.0704
2.5130
2.4891
2.6319
2.5755
2.7576
2.7979
2.6495
2.8650
2.5111
2.3593
2.4684
2.6578
2.4154
2.2839
2.4867
2.6210
2.5955
2.3311
2.5066
2.4083
2.3750
2.6988
2.7036
2.8086
3.0339
3.1396
3.0613
2.8784
2.8334
3.2201
3.1790
3.1972
2.9568
2.8586
2.8688
2.8258
3.0311
2.8215
2.7634
2.9191
2.6696
2.7088
3.1557
3.0589
3.0906
2.6484
2.9913
3.3547
3.2778
3.3090
3.3635
3.2971
3.6132
3.5196
3.2631
3.0411
3.3373
3.3305
3.4075
3.0068
3.1422
3.0739
3.3698
2.9750
2.8595
3.2358
2.8237
2.9353
2.8217
2.9460
3.0986
2.8083
2.7205
2.9248
2.9604
2.8642
2.8998
2.6252
2.6255
2.9508
2.6788
2.8843
3.0858
2.8907
3.0228
3.0228
2.7887
2.7083
2.4542
2.6359
2.5251
2.2662
2.2342
2.2306
2.7921
2.6210
2.8635
2.4737
2.6778
2.8244
2.3612
2.3616
2.5057
2.4319
2.3819
2.5523
2.5868
2.7350
2.7479
2.6936
2.5332
2.6458
2.5954
2.5996
2.7294
2.8243
2.4881
3.1880
2.7839
2.7586
2.8815
2.8059
3.0600
2.6313
2.7468
2.5816
2.5460
2.8943
2.6290
2.9639
2.9355
2.8959
2.7513
2.7214
2.8806
2.8564
3.0279
2.8682
2.6827
2.5841
2.8356
2.7776
2.9316
2.9185
2.4054
2.5745
2.3369
2.8620
2.5259
2.5497
2.3896
2.4116
2.6757
2.6724
2.4378
2.8157
2.9387
2.7083
3.0256
2.8574
2.8983
2.7891
2.7200
2.5936
3.0077
2.8004
2.7506
2.9160
3.2133
3.1737
3.6844
3.4969
3.4005
3.1770
3.1302
3.1983
2.9389
2.9461
2.6657
2.7439
3.0807
2.7706
2.7610
2.8740
2.8502
2.9364
2.8301
2.9216
2.8106
2.7756
3.0293
2.9354
2.7160
2.6282
2.7764
2.7050
2.9613
2.9375
3.2775
2.9498
3.0893
3.0291
3.2540
3.2058
3.5145
3.6018
3.5173
3.3207
2.9222
2.8608
3.1878
3.0500
3.3139
2.7070
2.6930
3.0727
3.0690
3.0806
2.8586
2.9764
2.8558
3.2368
3.0670
3.2160
2.6919
2.6969
2.6650
3.0382
2.8390
2.7315
2.8918
3.0053
2.9494
2.6456
2.8016
2.8046
2.7999
3.0291
2.9333
2.7821
2.8390
2.8798
3.1590
2.8721
2.5921
2.9855
2.8059
2.8617
2.5644
2.7532
2.6738
2.5586
2.8335
2.7650
2.7972
2.6776
2.9380
2.7389
2.5209
2.4960
2.5158
2.5584
2.8028
2.6720
2.5448
2.4153
2.8737
2.6900
2.7181
2.8389
2.9059
2.7135
2.5544
2.6284
2.5717
2.3673
2.4310
2.7757
2.7827
2.6642
2.7585
2.5164
2.6937
2.8717
2.7996
2.8194
2.9716
3.0394
2.8152
2.6897
2.5610
2.7114
2.7766
2.6200
2.5734
2.4487
2.6810
2.6482
2.7421
2.7873
2.7066
2.9847
3.0449
2.6256
3.0684
2.6210
2.7275
2.6814
2.5427
2.8095
2.8711
2.7590
3.0126
3.0783
2.5053
2.8526
2.6287
2.5048
2.4461
2.6308
2.8310
2.7069
2.6619
2.6073
2.7075
2.7083
2.7014
2.5976
2.5120
2.4212
2.6777
2.9420
2.4474
2.8262
2.5444
2.6707
2.6467
2.8632
2.7770
2.8138
2.9137
2.8689
2.6812
2.7128
3.0660
2.8449
2.6708
2.5933
2.7353
3.0035
2.8690
2.9465
2.8192
2.8466
2.9586
2.7417
2.7317
2.8099
2.9712
2.7967
2.9002
2.8769
2.8854
2.7258
3.1302
3.0441
2.9487
3.0615
2.8280
3.1144
2.9428
2.8406
3.1128
3.0800
2.7178
2.6707
2.7735
2.7293
2.4811
2.7876
2.8653
3.2032
2.6416
2.8348
2.8299
2.7874
2.7435
2.8159
2.9350
2.9361
3.0339
3.0833
3.0831
3.3390
2.8721
3.0271
2.8497
2.6787
2.8423
3.1184
2.8692
2.9917
3.2466
3.3976
2.8436
2.6867
2.8654
2.5534
2.4682
2.4928
2.3714
2.5942
2.7639
3.1684
2.8694
2.9756
2.9655
3.1043
3.0582
3.0924
2.7504
2.6441
2.9114
2.8441
3.0765
2.6740
2.6461
2.5012
2.5187
2.4329
2.3801
2.4467
2.5958
2.6828
3.0249
2.8800
2.6630
2.7096
2.8703
2.7048
2.3541
2.7565
2.5185
2.7908
2.6721
2.7604
2.6685
2.5866
2.8562
2.7221
2.6571
2.9159
2.5650
2.6306
2.6386
2.2655
2.6600
2.8493
2.6887
2.7383
2.6749
2.6776
2.3511
2.6623
2.7157
2.9059
2.7077
2.8542
2.7691
2.7235
2.7679
2.9666
2.9329
2.6877
2.9228
2.7635
2.7341
2.7799
2.6639
2.6667
2.6574
2.4374
2.2796
2.5620
2.5707
2.5819
2.7806
2.7308
2.7604
2.7990
2.5764
2.6466
2.7429
2.6377
2.6331
2.7584
2.6937
2.6963
2.6347
2.8234
2.8826
2.7571
2.8087
2.9777
2.8022
2.9374
2.9423
3.1196
3.0561
3.0905
2.6989
3.2063
2.9359
3.0720
3.1545
2.8577
3.0973
2.7861
2.9306
2.7113
2.9111
2.7317
3.0815
2.8517
3.1878
2.9248
2.9841
2.7877
2.8506
2.4285
2.0941
3.0406
2.7412
2.3762
2.3047
2.5035
2.5895
3.0349
2.7251
2.6480
2.5588
2.7219
2.7708
2.9593
2.9554
2.9897
3.1149
3.2363
2.8435
2.8579
3.0125
3.0100
2.6476
2.7347
3.2121
3.2648
2.9522
2.8944
2.9958
2.6565
2.9563
2.6913
2.8591
2.6971
2.7179
2.8505
3.2087
3.0456
2.6930
2.2548
2.9791
2.9289
2.7949
2.6616
2.9845
2.7278
2.7603
2.6194
2.7512
2.6343
2.6453
2.8776
2.8583
2.7534
2.5815
2.6432
2.5743
2.4955
2.2991
2.7724
2.7885
2.8319
2.7075
2.9071
2.7334
2.6396
2.6276
2.7833
2.7507
2.8116
2.7501
2.5978
2.5621
2.5633
2.3664
2.6703
2.5166
2.7576
2.5589
2.5340
3.1215
2.9138
2.8102
2.9942
2.9217
2.9576
2.7428
2.4777
2.5407
2.4542
2.4535
2.3879
2.6910
3.0139
2.9306
2.9042
2.7746
2.7850
2.8923
3.1830
2.9684
2.7845
2.7409
2.6238
2.7473
2.8498
2.9083
2.7167
2.9145
2.7929
2.7971
2.5564
2.7348
2.6006
2.4908
2.7985
2.5732
2.8147
2.5431
2.6484
2.7405
2.6602
2.5450
2.7610
2.7956
2.8143
2.7632
2.7401
2.6746
2.7401
2.8749
2.8549
2.9212
2.6665
2.6840
2.7561
2.7985
2.7422
2.6794
2.7642
2.6362
2.4622
2.6168
2.7190
2.7669
2.9148
2.7352
2.8837
2.8091
2.7227
2.8516
2.8785
2.8877
2.6134
2.5920
2.6532
2.7999
2.7866
2.8285
2.8788
2.4180
2.7581
2.4556
2.7369
2.7872
2.7779
2.6742
2.9181
3.0006
2.8975
2.7409
2.6779
2.7899
2.7094
2.8475
2.7091
2.6760
2.4059
2.7636
2.5073
2.7024
2.5634
2.5488
2.5843
2.7851
2.5419
2.5232
2.5782
2.7564
2.6858
2.6174
2.7611
2.5547
2.4789
2.6868
2.6491
2.5076
2.6553
2.6314
2.9011
2.4710
2.5614
2.6039
2.7549
2.6929
2.7236
2.6650
2.6596
2.4914
2.5557
2.4441
2.7981
2.3088
2.6542
2.5398
2.6057
2.4144
2.7010
2.5203
2.7318
2.5515
2.5876
2.7233
2.8123
2.9333
2.8823
2.7638
2.8751
2.4080
2.5656
2.8511
2.6271
2.3996
2.7550
2.8123
2.6383
2.4939
2.8672
2.5726
2.7817
2.7887
2.6282
2.7312
2.6568
2.6606
2.4506
2.3976
2.5469
2.6931
2.6712
2.4742
2.4966
2.5581
2.6062
2.8837
2.6437
2.4549
2.6538
2.7778
2.5192
2.4015
2.4964
2.4571
2.7527
2.6701
2.5235
2.6182
2.5830
2.6693
2.7070
2.7991
2.6843
2.7502
2.8434
2.6451
2.8151
2.6943
2.4744
2.4611
2.3836
2.4208
2.5068
2.4524
2.3014
2.4772
2.4302
2.5093
2.2947
2.6358
2.5206
2.4790
2.4773
2.1920
2.0179
2.5232
2.1747
2.2672
2.2927
2.2484
2.3737
2.3015
2.4005
2.5849
2.5838
2.4481
2.3669
2.6133
2.5068
2.6740
2.5242
2.6280
2.5008
2.6278
2.6582
2.6322
2.4184
2.2905
2.4123
2.3751
2.4419
2.4900
2.5433
2.5163
2.3856
2.2868
2.2736
2.6158
2.5873
2.5488
2.5662
2.3382
2.3284
2.3147
2.2198
2.3050
2.3311
2.1732
2.2610
2.2046
1.9790
2.3258
2.3419
2.6466
2.4392
2.4825
2.5362
2.6167
2.4417
2.3559
2.3978
2.4902
2.6103
1.9139
2.1931
2.1336
2.1848
2.1130
2.4751
2.2764
2.4977
2.3885
2.6861
2.3920
2.3686
2.3022
2.4433
2.5099
2.5002
2.4470
2.7296
2.6771
2.5519
2.5482
2.2748
2.3397
2.5209
2.3601
2.2344
2.7917
2.5769
2.4454
2.8136
2.3702
2.3174
2.6704
2.7285
2.6174
2.7011
2.6932
2.8087
2.8200
2.8254
2.6201
2.8679
2.8029
2.6498
2.3056
2.4635
2.6545
2.3543
2.2422
2.2560
2.4880
2.5606
2.5296
2.3448
2.6372
2.5113
2.4875
2.5219
2.3738
2.4107
2.5676
2.3155
2.1872
2.4328
2.3124
2.4996
2.3629
2.0633
2.5678
3.0575
2.6226
2.7166
2.5375
2.7522
2.8613
2.3586
2.5471
2.4973
2.3520
2.6495
2.5555
2.6424
2.6699
2.5542
2.7211
2.6252
2.5135
2.2626
2.7940
2.6238
2.4457
2.6839
2.5299
2.3472
2.6009
2.8652
2.8641
2.5302
2.5503
2.7021
2.9462
2.5525
2.4579
2.7566
2.6281
2.6257
2.7929
2.6520
2.6139
2.5842
2.4461
2.3598
2.5389
2.6087
2.3456
2.4779
2.3393
2.2875
2.6319
2.6599
2.5858
2.5971
2.6087
2.4916
2.5109
2.5658
2.4822
2.4822
2.6041
2.6729
2.5542
2.4635
2.4272
2.5472
2.4649
2.5336
2.3855
2.2419
2.4619
2.5410
2.9668
2.7888
2.7417
2.4950
2.7225
2.6918
2.6510
2.8385
2.8440
2.5254
2.5533
2.6074
2.3278
2.5495
2.5972
2.5407
2.5137
2.6132
2.6754
2.6261
2.5751
2.8049
2.6632
2.5254
2.4235
2.7186
2.6212
2.7140
2.5256
2.6038
2.6175
2.6304
2.7662
2.6456
2.6337
2.7420
2.4448
2.5495
2.6918
2.3701
2.7384
2.7006
2.8728
2.8395
2.4339
2.5617
2.6914
2.5510
2.4385
2.6124
2.5782
2.7855
2.4810
2.5928
2.7530
2.5097
2.6368
2.5176
2.5573
2.5693
2.8225
2.9369
2.6611
2.6752
2.8077
2.6643
2.4944
2.7517
2.8054
2.5906
2.6915
2.6932
2.6564
2.5102
2.6056
2.6230
2.5232
2.4521
2.5145
2.3810
2.7461
2.6065
2.4234
2.6238
2.3786
2.4684
2.6551
2.5206
2.7681
2.5313
2.6782
2.6810
2.5988
2.5758
2.4982
2.7212
2.4377
2.8174
2.5830
2.8389
2.6798
2.7983
2.5466
2.7126
2.6648
2.8047
2.8627
2.8178
2.6997
2.6017
2.5477
2.5999
2.7032
2.6022
2.5667
2.5341
2.5628
2.6491
2.8662
2.3856
2.5551
2.7776
2.7107
2.7512
3.0815
2.9138
2.7900
2.6569
2.7571
2.8739
3.0326
2.8036
2.7723
2.7569
2.7344
2.7263
2.4833
2.7859
2.4965
2.6265
2.7194
2.8485
2.7372
2.7711
2.9098
2.7383
3.0113
2.8309
3.0994
2.9235
2.8386
2.7712
2.6080
2.7589
2.9147
2.7981
2.8156
2.9696
2.9214
2.9283
2.7303
2.8243
2.6336
2.8125
2.6155
2.6864
2.8719
2.8763
3.2181
3.2446
3.1133
3.2573
3.0266
2.9495
3.1066
2.8564
2.8971
2.8805
2.4478
2.7797
2.7020
2.5396
2.6829
2.5872
2.7450
2.6926
2.6916
2.9216
2.6024
2.6678
2.5785
2.7355
2.6956
2.6190
2.6297
2.8452
2.8561
2.9062
2.7240
2.6106
2.8858
2.7841
2.9126
2.8345
2.7573
2.8649
3.0211
2.8861
2.7239
2.8246
2.8343
2.8749
2.8472
2.8663
2.8708
2.7608
2.6494
2.7731
2.7574
2.6977
3.0424
2.9999
2.7621
2.9122
2.7834
2.7796
2.8872
2.7457
2.7721
2.7279
2.8576
2.6798
2.6155
2.8664
2.6287
2.8777
2.5791
2.8333
2.4873
2.4249
2.5032
2.3549
2.6642
2.5814
2.4632
2.8412
2.8751
2.7446
2.7887
2.7136
2.6812
2.7387
2.9050
2.8557
2.9297
2.7170
2.4784
2.8460
2.8454
2.9641
2.6376
2.8520
2.7054
2.4500
2.6209
2.6999
2.5401
2.9605
2.7501
2.7273
2.5798
2.4143
2.4847
2.4939
2.4746
2.4870
2.1911
2.2717
2.2447
2.3362
2.5673
2.4348
2.3229
2.3073
2.2237
2.4665
2.4446
2.6162
2.6231
2.5103
2.4228
2.3576
2.1661
2.2964
2.4127
2.3716
2.7705
2.2796
2.6543
2.5179
2.4738
2.4500
2.5560
2.5839
2.6698
2.7738
2.8446
2.8484
2.8409
2.9157
3.0231
3.0218
2.7631
2.8555
2.9170
3.1367
2.7894
2.6673
2.8471
2.8090
2.8180
2.9205
2.8222
2.6368
2.5768
2.8232
2.7984
2.6081
2.7075
2.6756
2.3252
2.4248
2.3531
2.5853
2.4837
2.5310
2.5416
2.7507
2.5454
2.6007
2.7745
2.5683
2.5830
2.7456
2.4120
2.8192
2.8300
2.7961
3.0553
2.7961
2.8918
2.9045
2.8316
2.9440
3.0371
3.1188
2.7751
2.9108
2.9692
2.8458
2.9337
2.6855
2.8698
2.7375
2.7255
2.7194
2.8590
2.8001
2.7046
2.7944
2.7264
2.6421
2.7446
2.8121
2.7888
2.7799
2.7938
2.9379
2.8535
2.6432
2.5829
2.6129
2.9050
2.9936
2.8020
2.5949
2.9993
2.7684
2.9465
2.8286
2.7818
2.6033
2.7489
2.6258
2.6804
2.6751
2.6494
2.6541
2.5151
2.5893
2.7325
2.5120
2.5260
2.6892
2.8010
2.9555
2.9491
2.7679
2.7215
2.7158
2.6235
2.5527
2.7592
2.6357
2.9017
2.5702
2.5485
2.6096
2.5529
2.8254
2.7222
2.6549
2.6813
2.6076
2.6302
2.9241
2.6194
2.8126
2.6845
2.5885
2.4089
2.6072
2.8343
2.7926
2.7152
2.5988
2.6981
2.5292
2.8103
2.7680
2.7298
2.6707
2.7344
2.7982
2.9429
2.8039
2.6445
2.4829
2.6711
2.6722
2.6956
2.7915
2.7830
2.7981
2.6658
2.6816
2.5281
2.7833
2.8040
3.0862
2.6864
2.9347
2.8234
2.9888
2.9645
2.8073
2.8233
2.6566
2.7227
2.7690
2.6711
2.6267
2.6749
2.6895
2.7514
2.8378
2.6689
2.6119
2.8405
2.6568
2.7218
2.6421
2.6842
2.7257
2.7179
2.4838
2.7596
2.8710
2.4993
2.7479
2.9394
2.5338
2.5225
2.6105
2.6055
2.4979
2.5862
2.5495
2.6640
2.5243
2.7193
2.7452
2.6242
2.7468
2.5752
2.6060
2.7121
2.6684
2.6923
2.6752
2.4665
2.5147
2.5739
2.4299
2.6019
2.4839
2.7681
2.5822
2.6913
2.6946
2.4048
2.6194
2.4815
2.6279
2.5932
2.4071
2.5514
2.5654
2.5062
2.6034
2.4683
2.2768
2.4691
2.3209
2.4544
2.4850
2.6367
2.5266
2.4219
2.5152
2.2637
2.4344
2.3915
2.5127
2.4458
2.4001
2.3510
2.5304
2.4306
2.5853
2.4881
2.3503
2.4161
2.4854
2.4056
2.4676
2.5315
2.4336
2.5098
2.5501
2.3721
2.5002
2.3700
2.6186
2.4079
2.4506
2.4867
2.5892
2.4983
2.6265
2.4968
2.1518
2.2420
2.3873
2.3256
2.3838
2.3716
2.2316
2.3742
2.5974
2.6730
2.4822
2.3106
2.4733
2.5244
2.6051
2.3906
2.6818
2.2638
2.2363
2.4460
2.3875
2.2665
2.1436
2.1880
2.2493
2.3537
2.3201
2.1370
2.2116
2.3401
2.2835
2.2991
2.1288
2.3810
2.4131
2.4974
2.2838
2.5150
2.4547
2.2423
2.3627
2.2261
2.4113
2.3342
2.5795
2.6868
2.5577
2.4113
2.4855
2.5524
2.5856
2.3094
2.3661
2.5994
2.4657
2.4351
2.3195
2.6898
2.4014
2.3119
2.4401
2.2171
2.5980
2.4607
2.3313
2.2266
2.4485
2.3002
2.4888
2.3860
2.1556
2.4566
2.3735
2.6253
2.4809
2.4565
2.5519
2.5978
2.5357
2.5834
2.5289
2.5892
2.4535
2.3908
2.2763
2.0897
2.4088
2.2230
2.4118
2.1487
2.4217
2.4990
2.4237
2.4783
2.4075
2.5379
2.4985
2.6425
2.4764
2.6256
2.4005
2.4533
2.3964
2.3632
2.3204
2.2633
2.0425
2.2005
2.2205
2.3717
2.3345
2.2457
2.3404
2.2868
2.2422
2.1830
2.4277
2.2751
2.2061
2.0132
2.4107
2.1900
2.1277
2.1342
2.1602
2.2311
2.3227
2.2830
2.3674
2.2457
2.2128
2.1767
2.2771
2.1500
2.4146
2.3246
2.2516
2.1901
2.0725
2.1606
2.1807
2.2526
2.3740
2.2562
2.3512
2.2040
2.3195
2.2203
2.1370
2.2400
2.1524
2.3427
2.0974
2.2879
2.5022
2.4104
2.4176
2.3711
2.3959
2.2201
2.3817
2.3322
2.4213
2.4438
2.5703
2.6097
2.6119
2.3977
2.5379
2.5863
2.4242
2.4764
2.5411
2.5736
2.4322
2.2404
2.2943
2.2918
2.1615
2.3582
2.5380
2.3686
2.3677
2.2528
2.2695
2.3270
2.3152
2.2650
2.3420
2.3121
2.3932
2.5239
2.4686
2.3478
2.4094
2.4245
2.2969
2.3350
2.2963
2.2051
2.3416
2.3356
2.2966
2.5306
2.3390
2.3673
2.3450
2.3052
2.2470
2.4004
2.5004
2.4549
2.5650
2.6865
2.3418
2.3731
2.4845
2.6435
2.2642
2.4916
2.4642
2.5826
2.5963
2.2644
2.3850
2.3321
2.5001
2.4875
2.5281
2.3229
2.5044
2.5872
2.5685
2.4797
2.3450
2.3331
2.4573
2.5202
2.6052
2.3804
2.5656
2.3883
2.4296
2.5626
2.3887
2.1527
2.4191
2.1790
2.2068
2.5853
2.5122
2.4822
2.2711
2.5012
2.6083
2.3814
2.5997
2.4452
2.4066
2.5618
2.6354
2.6397
2.5868
2.3968
2.4510
2.0769
2.3748
2.5864
2.5544
2.5608
2.6625
2.7265
2.7967
2.5008
2.5975
2.6941
2.6753
2.4480
2.4740
2.5456
2.6818
2.4343
2.4425
2.4568
2.2988
2.4535
2.5675
2.4017
2.6678
2.6441
2.6368
2.4348
2.5218
2.7878
2.4502
2.2645
2.6475
2.7410
2.5731
2.5793
2.4093
2.4755
2.4232
2.4652
2.4269
2.4650
2.3612
2.6274
2.3723
2.2208
2.5026
2.5560
2.5024
2.2868
2.5291
2.3108
2.3264
2.5486
2.3565
2.4390
2.4582
2.4851
2.2805
2.2474
2.2931
2.3773
2.2624
2.5541
2.5397
2.3855
2.2251
2.2139
2.6697
2.4826
2.3719
2.4950
2.2333
2.1828
2.0980
2.5897
2.4112
2.6505
2.5691
2.5205
2.6555
2.8766
2.9530
2.4471
2.2479
2.5635
2.3714
2.7015
2.5836
2.2121
2.3438
2.3782
2.1162
2.1325
2.2685
2.4544
2.4781
2.3164
2.1332
2.1501
2.3278
2.5665
2.4135
2.5834
2.2782
2.7350
2.4876
2.5888
2.8570
2.6495
2.5159
2.5743
2.5836
2.6025
2.6366
2.5245
2.6414
2.5195
2.4728
2.4323
2.5147
2.5012
2.5261
2.5947
2.5323
2.6355
2.5402
2.5458
2.3763
2.4745
2.4170
2.3332
2.4547
2.2366
2.5445
2.5767
2.3988
2.4553
2.4417
2.3542
2.4131
2.2543
2.2487
2.2564
2.3399
2.4290
2.4725
2.3222
2.1659
2.1470
2.2949
2.3880
2.4090
2.5023
2.7321
2.5159
2.3970
2.5662
2.7465
2.3919
2.4174
2.2710
2.3766
2.3907
2.4035
2.5305
2.3046
2.5428
2.3188
2.3674
2.3468
2.4204
2.4451
2.4875
2.3153
2.4067
2.2330
2.1859
2.3095
2.1940
2.4072
2.5369
2.2393
2.2057
2.2577
2.3775
2.3618
2.5176
2.4286
2.7236
2.7069
2.6626
2.5780
2.6121
2.4324
2.5643
2.0768
2.4762
2.4794
2.4704
2.4345
2.3244
2.3423
2.3851
2.4986
2.3758
2.4601
2.1985
2.3883
2.7642
2.2724
2.3496
2.2695
2.6918
2.5084
2.6754
2.6770
2.3977
2.5029
2.7632
2.4582
2.3600
2.3301
2.4855
2.5023
2.3617
2.2434
2.3519
2.3019
2.1623
2.5149
2.3064
2.4566
2.5536
2.6115
2.3973
2.4301
2.3459
2.2037
2.3253
2.1266
2.4106
2.4675
2.5014
2.5166
2.3916
2.4711
2.6330
2.4611
2.1366
2.4610
2.3597
2.4517
2.4494
2.4918
2.4386
2.6760
2.6152
2.4340
2.4728
2.6070
2.4758
2.6091
2.4820
2.4620
2.3758
2.5237
2.6280
2.5487
2.5925
2.4517
2.5145
2.5929
2.5764
2.5797
2.5030
2.6860
2.4994
2.4375
2.4202
2.6535
2.8521
2.8308
2.8159
2.7470
2.7400
2.9552
2.8528
2.6972
2.7077
2.6699
2.6485
2.5572
2.5657
2.4920
2.4989
2.5899
2.5928
2.3799
2.5556
2.2921
2.3629
2.5772
2.5863
2.3932
2.2676
2.3076
2.3628
2.3994
2.4825
2.4475
2.6540
2.5705
2.6415
2.5544
2.1794
2.8049
2.5605
2.5618
2.7347
2.7832
2.7910
2.8243
2.8419
2.5786
2.6220
2.6303
2.7566
2.6663
2.7604
2.7162
2.8835
2.7826
2.5992
2.8577
2.5628
2.7047
2.6830
2.6259
2.4442
2.5490
2.3863
2.3586
2.7625
2.6489
2.6491
2.6797
2.7677
2.8774
2.6129
2.7076
2.5893
2.6410
2.7166
2.7528
2.6343
2.6190
2.5806
2.4924
2.3609
2.3079
2.6864
2.4578
2.3148
2.5581
2.7309
2.5014
2.8877
2.6090
2.7112
2.9992
2.7578
2.8831
2.5707
2.9315
3.0131
2.9699
2.7810
2.5943
2.9476
3.1187
3.2957
2.8851
3.2362
2.9011
2.7872
2.6806
3.0696
2.8441
2.8742
2.6198
2.9770
2.7334
2.6476
2.6187
2.6832
2.7813
2.4234
2.8254
2.7717
2.6453
2.9064
2.9582
2.6207
2.6399
2.6259
2.3850
2.4789
2.5153
2.4809
2.6001
2.3172
2.4048
2.5802
2.6301
2.6256
2.5398
2.5230
2.4824
2.6664
2.3007
2.3932
2.4391
2.1943
2.2261
2.2288
2.2170
2.3800
2.4642
2.3862
2.3188
2.5432
2.4123
2.5729
2.5167
2.4727
2.5002
2.6371
2.5524
2.5766
2.5731
2.4388
2.3918
2.6928
2.8088
2.6052
2.8334
2.2323
2.5382
2.8391
2.6741
2.4619
2.6427
2.6209
2.4397
2.5933
2.6645
2.8384
2.7465
2.5532
2.7318
2.5770
2.4260
2.4512
2.4117
2.4094
2.5638
2.4881
2.7081
2.2821
2.5160
2.5182
2.3187
2.4196
2.4618
2.5895
2.8421
2.6961
2.8819
2.8948
2.6690
2.9537
2.6519
2.7307
2.7471
2.8655
2.9176
3.0987
2.9878
3.0186
2.8553
2.8398
2.7309
3.2305
2.9208
2.6923
2.7509
2.9353
2.8461
3.1565
2.5557
2.7490
2.7814
2.5778
2.5340
2.8338
3.1854
2.7931
2.5492
2.7591
2.5187
2.7298
2.5547
2.3401
2.5196
2.5993
2.6095
2.6764
2.4919
2.6778
2.5862
2.5476
2.3879
2.3511
2.3368
2.1965
2.6600
2.3699
2.7974
2.6375
2.4266
2.1891
2.2474
2.2185
2.5320
2.7671
2.5300
2.4786
2.8360
2.6292
2.5565
2.8676
2.8273
2.9069
2.5043
2.5471
2.6836
2.3516
2.7107
2.6652
2.5973
2.7144
2.8046
2.5494
2.7461
2.7347
2.8381
2.8852
2.6398
2.5958
2.6605
2.3820
2.3529
2.3713
2.6463
2.7716
2.8193
2.6112
2.5465
2.6639
2.4126
2.3460
2.5047
2.6576
3.0113
2.9349
2.4813
2.6422
2.6910
2.7801
2.7669
2.6290
2.6172
2.8378
2.8809
2.7689
2.7928
2.9202
2.8209
2.8351
2.5958
2.8042
2.7411
2.8659
2.7588
2.8159
2.9213
2.8859
3.0805
3.0366
2.8839
2.7822
2.7467
2.9140
2.8617
2.7462
2.7214
3.0041
2.9296
2.9798
2.6978
2.5555
2.8310
2.7334
2.8375
2.8877
2.7159
3.0172
2.6035
2.5632
2.6805
2.5499
2.5617
2.5170
2.5447
2.5842
2.5093
2.6840
2.8858
2.7424
2.7583
2.7977
2.4906
2.6329
2.5311
2.5181
2.5232
2.6090
2.6343
2.5425
2.4375
2.5867
2.6595
2.4837
2.6248
2.5187
2.6270
2.6643
2.6889
2.6638
2.8349
2.8027
2.5256
2.4088
2.3378
2.4396
2.5958
2.5233
2.7667
2.7666
2.7671
2.4721
2.9614
2.6998
2.7081
2.6046
2.7300
2.8121
2.6438
2.8303
2.6731
2.7078
2.6937
2.5500
2.7974
2.6036
2.7308
2.6618
2.6058
2.7547
2.6789
2.5270
2.5689
2.7424
2.6055
2.6300
2.6871
2.4440
2.6685
2.7427
2.6222
2.7083
2.6468
2.5428
2.7042
2.4925
2.6615
2.5344
2.6776
2.5905
2.8666
2.7213
2.7806
2.7186
2.5192
2.5164
2.7284
2.7827
2.8725
2.7527
2.7867
2.4813
2.8549
2.7855
2.7139
2.6089
2.5514
2.5880
2.4920
2.7087
2.6067
2.6665
2.3419
2.4738
2.5857
2.7586
1.9308
2.4263
2.4430
2.3428
2.6917
2.8482
2.8536
2.6835
2.7256
2.7194
2.9177
2.8465
2.9253
2.8935
2.8534
2.8966
2.7057
2.5195
2.9583
2.6283
2.6770
2.6949
2.7903
2.9806
2.9365
2.6332
2.8218
2.6966
2.7422
2.7445
2.8612
2.8380
2.5657
2.6845
2.9934
2.4982
2.6991
2.6106
2.8495
2.8123
3.0624
2.7951
2.6115
2.6470
2.6159
2.8104
2.8691
2.5089
2.9032
2.6534
2.5860
2.5081
2.7381
2.4761
2.5898
2.2687
2.2719
2.4039
2.5059
2.4845
2.5115
2.4959
2.3015
2.3640
2.2472
2.4990
2.4765
2.4666
2.5036
2.4279
2.3524
2.4065
2.2451
2.3940
2.4664
2.5018
2.5460
2.3518
2.3811
2.2632
2.3245
2.5845
2.1733
2.5521
2.2873
2.2706
2.3780
2.3930
2.4372
2.4834
2.3197
2.5488
2.4366
2.3496
2.4638
2.3719
2.4731
2.4876
2.5098
2.5759
2.5447
2.5103
2.6347
2.4544
2.5882
2.5530
2.4471
2.4537
2.5270
2.4951
2.3744
2.4033
2.4192
2.4385
2.5408
2.4893
2.5444
2.4356
2.6009
2.5002
2.4456
2.5079
2.5315
2.4173
2.4871
2.5423
2.6228
2.4314
2.6087
2.4228
2.3904
2.5334
2.6338
2.1991
2.6011
2.1517
2.4293
2.3023
2.4011
2.3818
2.4390
2.3910
2.5029
2.4875
2.4906
2.3754
2.6069
2.5591
2.5943
2.6248
2.5732
2.6000
2.5446
2.3713
2.5625
2.5054
2.4620
2.6798
2.2952
2.4715
2.6275
2.4597
2.5380
2.4700
2.2356
2.3964
2.2647
2.4526
2.4853
2.4645
2.5724
2.3768
2.3102
2.3983
2.4055
2.0177
2.4274
2.2811
2.3533
2.3493
2.4618
2.6290
2.7239
2.5164
2.7097
2.5034
2.5565
2.4673
2.4175
2.3155
2.3267
2.4365
2.3767
2.4205
2.3215
2.1945
2.4485
2.3886
2.2251
2.2193
2.4608
2.6784
2.3524
2.3904
2.3385
2.4762
2.5439
2.5356
2.5950
2.4231
2.4340
2.2975
2.2729
2.5348
2.4261
2.6589
2.3445
2.4430
2.6375
2.5988
2.3377
2.2464
2.4210
2.1373
2.3918
2.3729
2.4568
2.5323
2.5815
2.3667
2.4206
2.3906
2.2176
2.4450
2.6826
2.6332
2.5876
2.6471
2.5827
2.5555
2.5542
2.3218
2.5139
2.5531
2.4001
2.4521
2.5954
2.5937
2.6801
2.6850
2.3873
2.4872
2.3625
2.5000
2.5445
2.4814
2.4977
2.3592
2.6877
2.7386
2.5085
2.4266
2.5416
2.7036
2.7462
2.5266
2.5447
2.6146
2.7426
2.6630
2.4497
2.3450
2.5625
2.5335
2.4525
2.4729
2.4519
2.3467
2.5993
2.6119
2.6381
2.7188
2.7975
2.5012
2.7504
2.6559
2.4612
2.4489
2.5943
2.4801
2.2830
2.2860
2.5833
2.6945
2.6389
2.4210
2.4510
2.5141
2.5345
2.5539
2.5345
2.6578
2.3912
2.5982
2.5072
2.5583
2.6002
2.5878
2.8436
2.6597
2.6700
2.4684
2.6069
2.5213
2.2969
2.4480
2.2464
2.5633
2.5226
2.4300
2.5312
2.2855
2.2081
2.4982
2.3543
2.4189
2.2806
2.3344
2.2764
2.5110
2.2925
2.2312
2.2953
2.3391
2.2243
2.3535
2.5035
2.5904
2.4846
2.5411
2.5886
2.4853
2.5005
2.3363
2.5905
2.5425
2.6512
2.6057
2.7306
2.5945
2.7472
2.7855
2.9456
2.5544
2.6846
2.5337
2.2540
2.5479
2.5746
2.7081
2.4951
2.3976
2.5596
2.5878
2.6090
2.5402
2.4893
2.6063
2.4965
2.6999
2.5541
2.5316
2.4285
2.6808
2.4599
2.5173
2.4466
2.4819
2.5770
2.5526
2.4194
2.7484
2.7333
2.6325
2.4505
2.6050
2.5921
2.3850
2.2981
2.6038
2.4942
2.4199
2.4648
2.6558
2.6829
2.4931
2.5796
2.6553
2.6350
2.6119
2.6047
2.5402
2.5945
2.5233
2.7343
2.5805
2.7227
2.6038
2.8843
2.7379
2.6850
2.7631
2.6128
2.7531
2.7540
2.5720
2.7100
2.5796
2.6163
2.5139
2.7245
2.6939
2.5522
2.5867
2.4232
2.6473
2.6761
2.6848
2.6874
2.6717
2.6780
2.5434
2.7059
2.7258
2.6915
2.7098
2.7371
2.4306
2.5090
2.6470
2.8837
2.6252
2.5862
2.4923
2.3916
2.5354
2.2550
2.4617
2.4317
2.6873
2.7005
2.6637
2.4785
2.5680
2.4128
2.5929
2.4069
2.1833
2.3691
2.3504
2.4603
2.4037
2.4765
2.3365
2.5163
2.4084
2.6325
2.4802
2.2106
2.3111
2.3907
2.3859
2.4029
2.1568
2.4676
2.8476
2.6548
2.3748
2.6649
2.6042
3.1245
2.7597
2.6827
2.6846
2.7374
2.4813
2.7105
2.6997
2.5788
2.5070
2.7791
2.6650
2.7651
2.8041
2.8952
2.8716
2.6535
2.8572
2.8225
2.7025
2.7641
2.5445
2.4997
2.4403
2.5506
2.6609
2.6211
2.6789
2.4591
2.3506
2.3565
2.5632
2.3377
2.7725
2.5734
2.4021
2.6731
2.8457
2.6249
2.5351
2.4927
2.7187
2.7282
2.6602
2.5043
2.5337
2.4314
2.4364
2.5040
2.4586
2.2748
2.5647
2.5609
2.5413
2.7105
2.6230
2.6377
2.7163
2.5168
2.5922
2.5305
2.6907
2.6319
2.7775
2.7587
2.8765
2.7128
2.8092
2.6660
2.6591
2.4891
2.5333
2.5193
2.4827
2.4471
2.5024
2.6573
2.6196
2.4562
2.5331
2.3936
2.4806
2.2212
2.3997
2.3303
2.4468
2.7027
2.5379
2.6503
2.6144
2.5276
2.5230
2.5299
2.4498
2.4395
2.3620
2.4756
2.5077
2.4700
2.3821
2.3058
2.3669
2.3346
2.3766
2.2814
2.2913
2.6462
2.5765
2.3770
2.3572
2.4210
2.3332
2.3217
2.5243
2.3332
2.4999
2.4331
2.6704
2.5800
2.3842
2.6115
2.4605
2.3978
2.5704
2.2343
2.4271
2.4787
2.5433
2.7571
2.8390
2.8080
2.7229
2.6508
2.4384
2.2022
2.4193
2.4505
2.5250
2.5663
2.7956
2.5612
2.2577
2.3995
2.3644
2.5086
2.5748
2.4605
2.6917
2.3636
2.5482
2.4645
2.2917
2.4228
2.2792
2.3625
2.1559
2.4218
2.4810
2.1970
2.2704
2.4570
2.3956
2.4531
2.5621
2.8550
2.9460
2.5520
2.8417
2.7566
2.8139
2.7941
2.7217
2.8022
2.6896
2.8055
2.8986
2.5698
2.7353
2.6976
2.7655
2.8788
2.7727
2.6406
2.6165
2.6501
2.4935
2.6725
2.5917
2.3839
2.5120
2.5335
2.3724
2.7082
2.8703
2.5439
2.6921
2.5623
2.5961
2.4446
2.5429
2.5082
2.4566
2.6276
2.5148
2.7677
2.5015
2.7306
2.7883
2.8304
2.6905
2.6236
2.7208
2.6588
2.5186
2.5347
2.7235
2.4422
2.6693
2.4420
2.2283
2.6586
2.4582
2.4701
2.4196
2.3921
2.4409
2.3046
2.5135
2.3291
2.4580
2.2690
2.5266
2.2826
2.4057
2.4584
2.4904
2.6547
2.7429
2.6932
2.7093
2.6413
2.8485
2.5837
2.5233
2.6130
2.4009
2.3858
2.4340
2.6692
2.4681
2.5134
2.5095
2.1332
2.5545
2.2278
2.3487
2.4746
2.5592
2.3570
2.4384
2.4654
2.4738
2.3481
2.2456
2.3131
2.3219
2.3932
2.1370
2.2205
2.2823
2.5392
2.3396
2.1448
2.2296
2.1755
2.4130
2.0494
2.2340
2.4103
2.4318
2.3336
2.3818
2.2536
2.3035
2.4535
2.2456
2.1275
2.3157
2.1165
2.1795
2.3168
2.3377
2.3491
2.3766
2.5407
2.3424
2.3399
2.3240
2.3042
2.3033
2.4606
2.6542
2.5692
2.4671
2.2621
2.4215
2.3269
2.2270
2.1785
2.4514
2.4216
2.3245
2.2687
2.4352
2.3520
2.1948
2.2882
2.4220
2.4105
2.2212
2.1096
2.2161
2.2292
2.1974
2.2357
2.1859
2.2548
2.4938
2.3515
2.3537
2.2847
2.1212
2.1584
2.3072
2.4299
2.3249
2.2543
2.3342
1.9998
2.2171
2.0395
2.1253
2.2272
2.1784
2.0509
2.2453
2.3361
2.1969
2.1674
2.3542
2.3020
2.1010
2.3040
2.1755
2.1731
2.3321
2.2702
2.3231
2.3021
2.3564
2.2722
2.3371
2.5032
2.5320
2.5780
2.5251
2.3478
2.2026
2.2775
2.2958
2.3422
2.2722
2.2960
2.3353
2.3745
2.5525
2.1939
2.2399
2.3032
2.3584
2.3323
2.4688
2.2823
2.5296
2.5094
2.5337
2.3766
2.4069
2.2923
2.2125
2.4654
2.5165
2.3151
2.5308
2.4539
2.4073
2.3734
2.2776
2.3951
2.3024
2.2812
2.2451
2.1007
2.2271
2.2522
2.5471
2.5417
2.5418
2.5363
2.4498
2.4550
2.4711
2.4427
2.4381
2.5801
2.4401
2.2282
2.3051
2.3423
2.3272
2.4591
2.3913
2.2003
2.5698
2.1517
2.1975
2.2359
2.3755
2.4926
2.2388
2.3305
2.3146
2.3062
2.4656
2.6050
2.3792
2.1486
2.3212
2.2474
2.2207
2.3199
2.4856
2.3974
2.3919
2.2026
2.2653
2.3653
2.4251
2.3792
2.2060
2.1881
2.3188
2.3416
2.4393
2.2515
2.5657
2.5243
2.0654
2.1424
2.2011
2.2501
2.2099
2.0307
2.2731
2.1805
2.2607
2.3290
2.2905
2.2492
2.3824
2.2284
2.2971
2.4092
2.3790
2.2974
2.3057
2.5045
2.3524
2.6076
2.5684
2.3788
2.2634
2.3330
2.3947
2.4496
2.3255
2.4314
2.3673
2.4171
2.2668
2.3074
2.4232
2.3186
2.2884
2.2094
2.3821
2.1123
2.1520
2.2626
2.3489
2.3450
2.3647
2.5395
2.7926
2.7087
2.5711
2.6276
2.6256
2.5725
2.5500
2.4001
2.4802
2.3943
2.3297
2.3314
2.1884
2.4455
2.4201
2.2848
2.5255
2.3891
2.2555
2.2218
2.2929
2.2091
2.2530
2.1761
2.2965
2.3379
2.1647
2.5189
2.4628
2.3457
2.5147
2.6610
2.4672
2.6058
2.4650
2.4477
2.3753
2.5072
2.5299
2.2497
2.5181
2.4474
2.4929
2.3995
2.4442
2.2586
2.4729
2.5814
2.4283
2.6156
2.5247
2.4002
2.3836
2.4419
2.2103
2.3320
2.0989
2.2385
2.3896
2.5338
2.4603
2.5256
2.3231
2.5112
2.4718
2.3534
2.5502
2.6588
2.2987
2.3149
2.5569
2.5344
2.5311
2.5190
2.5952
2.2307
2.4193
2.4351
2.3216
2.3779
2.4245
2.2720
2.3181
2.2949
2.2081
2.4593
2.4959
2.3173
2.3989
2.4939
2.2444
2.2895
2.4795
2.6235
2.4339
2.6755
2.3519
2.6136
2.5562
2.5089
2.3239
2.4484
2.3581
2.3687
2.3875
2.3597
2.4883
2.4294
2.4318
2.4789
2.6235
2.4709
2.4379
2.3650
2.5469
2.4330
2.4887
2.5145
2.5753
2.4043
2.3671
2.8049
2.6061
2.6440
2.5178
2.4205
2.4094
2.4288
2.6018
2.4966
2.4729
2.4901
2.5279
2.5212
2.2864
2.3048
2.3332
2.4188
2.4051
2.4155
2.3227
2.5448
2.3989
2.4644
2.5006
2.3406
2.5597
2.3614
2.3443
2.3452
2.2645
2.4268
2.4868
2.5487
2.4788
2.3852
2.6324
2.6511
2.5789
2.4162
2.3800
2.3744
2.5811
2.4118
2.6467
2.4551
2.5633
2.6030
2.3544
2.1854
2.4592
2.6287
2.5411
2.5233
2.7591
2.4797
2.6095
2.3339
2.5183
2.6895
2.4506
2.5888
2.5760
2.3274
2.5358
2.7151
2.4818
2.2755
2.4906
2.5455
2.5294
2.4416
2.5354
2.5744
2.3940
2.3711
2.4602
2.5261
2.7445
2.4811
2.5322
2.3597
2.6885
2.5353
2.3981
2.5186
2.4834
2.6295
2.3208
2.3897
2.4968
2.4199
2.5037
2.5520
2.5170
2.5239
2.5536
2.5842
2.4381
2.1781
2.2756
2.3873
2.5982
2.1946
2.2066
2.3112
2.3508
2.4211
2.4932
2.5154
2.3872
2.5399
2.4494
2.7207
2.4127
2.4686
2.5374
2.5281
2.5530
2.6457
2.6207
2.6262
2.3199
2.3941
2.2248
2.3644
2.3153
2.4153
2.3882
2.2157
2.3157
2.3643
2.3076
2.5629
2.3707
2.4273
2.4278
2.6534
2.7005
2.3290
2.4806
2.3625
2.2937
2.5397
2.4505
2.5123
2.3552
2.3663
2.2272
2.1863
2.4599
2.5580
2.5707
2.5589
2.5843
2.4952
2.6614
2.6171
2.6703
2.6330
2.5730
2.5632
2.5043
2.6420
2.7873
2.6871
2.4948
2.6615
2.6168
2.5922
2.4528
2.6304
2.7905
2.7455
2.5032
2.4405
2.5837
2.6496
2.6324
2.5385
2.7704
2.7819
2.6045
2.6895
2.6174
2.5807
2.4758
2.4975
2.7281
2.7916
2.6817
2.9221
2.6038
2.7881
2.5330
2.4892
2.5202
2.5142
2.5045
2.1964
2.4016
2.3030
2.4415
2.6108
2.3731
2.4167
2.4847
2.6173
2.5737
2.3961
2.5833
2.4678
2.4757
2.5763
2.6679
2.5248
2.5746
2.5965
2.6658
2.5022
2.6062
2.5285
2.4819
2.5014
2.4519
2.4433
2.6150
2.5889
2.4054
2.6653
2.4596
2.5929
2.4463
2.4318
2.5916
2.8819
2.4704
2.6020
2.7096
2.3497
2.6135
2.6916
2.7726
2.5917
2.8210
2.7624
2.9313
2.7577
2.9192
2.7163
2.7412
2.8662
2.8221
2.7820
2.5772
2.7355
2.6014
2.4964
2.5358
2.7592
2.7132
2.5822
2.6981
2.7061
2.6778
2.6703
2.4297
2.5686
2.5220
2.5904
2.8489
2.5978
2.4655
2.3253
2.5049
2.4555
2.5411
2.3867
2.5998
2.6291
2.5478
2.4736
2.4655
2.4540
2.4926
2.5275
2.7053
2.6290
2.5692
2.5772
2.4123
2.4828
2.8496
2.6398
2.5985
2.6430
2.9096
2.6624
2.8839
2.5224
2.5900
2.4825
2.5404
2.6599
2.6199
2.5208
2.4042
2.5552
