9.2391
9.4784
9.3124
9.4680
9.3353
9.2690
9.2727
9.3263
9.3132
9.3552
9.4091
9.4449
9.3707
9.4531
9.5691
9.6016
9.5646
9.7174
9.3215
9.3844
9.5076
9.4542
9.3433
9.3406
9.2913
9.3825
9.3391
9.0847
9.0795
8.9338
9.0615
8.6633
8.8124
9.0082
8.7680
9.1046
8.9075
8.8887
8.7552
8.9808
8.9758
8.6832
8.7864
8.8033
8.7663
8.9284
8.7845
9.0862
8.8611
8.8697
8.8950
8.9016
8.7848
8.6853
9.2030
8.8339
8.7322
8.9792
8.9867
8.8735
8.8593
8.8067
8.9291
8.8528
8.8622
9.0051
9.0376
8.7491
8.7909
8.9984
9.0563
9.0374
9.0974
8.8573
8.8499
9.0935
8.9000
9.0859
9.0718
8.9584
8.8204
9.0701
9.0384
9.0126
8.8972
8.7281
8.9174
8.9379
8.7576
9.1563
9.2160
9.2214
9.2640
9.1534
9.0824
9.0348
9.0936
9.2868
9.3959
9.3153
9.0102
9.0249
9.1139
9.3656
9.1385
8.9867
8.9451
9.0705
9.0310
9.0851
9.0344
9.1004
8.9954
8.8039
8.6912
8.6268
8.8729
8.8299
8.8177
8.7580
8.8864
8.9954
8.9226
8.6965
8.6769
8.6920
8.6202
9.0038
8.7154
8.9998
8.8619
8.9395
9.1557
9.1695
8.9977
8.8818
8.8858
9.1798
8.9882
8.8334
8.9077
8.8753
8.8707
9.1677
8.9381
9.1304
9.4223
8.7872
9.0134
8.7990
8.8862
8.8028
8.7518
9.0119
8.8894
9.0939
9.0718
8.7653
9.0135
8.9206
8.9609
9.0301
8.9518
9.1812
8.8833
8.8083
8.9727
8.9129
8.7679
8.7437
8.9427
8.6918
8.8202
9.0142
9.1394
9.2219
8.7900
9.3947
9.1150
9.1798
8.9470
8.9998
8.8803
8.8526
8.8325
8.9328
9.0596
9.1014
9.2212
8.9827
9.0051
9.0844
8.8459
8.9050
9.1100
9.0307
9.3405
9.1728
9.0902
8.9887
9.2309
9.2164
8.9489
9.1328
9.1361
9.2272
9.0979
9.1214
9.2531
9.3039
9.2810
9.0145
8.8609
9.0172
9.1190
9.1934
9.0755
9.2864
9.1511
9.0258
9.1771
9.1473
9.1644
9.0815
9.2250
9.1866
8.9933
9.2671
9.4475
9.5580
9.2970
9.3110
9.3418
9.2279
9.2936
9.0358
8.9122
9.2841
9.1338
9.2906
9.1557
9.2862
9.2095
9.1485
9.0101
8.9618
9.0089
9.1896
8.9951
8.9232
8.9707
9.2063
9.2654
9.0237
9.1965
9.3442
9.0159
9.4337
9.3839
9.1111
9.1786
9.0932
9.1969
9.3543
9.1651
9.3129
9.1643
8.9581
8.9017
8.8235
9.0547
8.8789
8.8945
9.0694
9.1020
8.9592
9.1802
9.0207
8.8581
8.9561
9.2252
9.3358
9.3032
9.2781
9.4082
9.2298
9.0122
8.9413
9.2701
9.1856
9.2377
9.1373
9.3220
9.1138
9.2851
9.3379
9.0848
9.2982
9.3489
9.1986
9.2625
9.1000
9.4197
9.2060
9.2918
9.3288
9.1050
9.3020
9.5229
9.3413
9.3139
9.0024
9.1269
9.0799
8.9913
9.0767
8.9324
9.1583
8.9685
9.5026
9.3524
9.4208
9.2005
9.3283
9.0095
9.2386
9.2690
9.2618
9.1983
9.1464
8.9399
9.2442
9.3994
9.5297
9.3848
9.3416
9.2484
9.3088
9.3316
9.2459
9.2979
8.9360
9.0267
9.1887
9.2913
9.4940
9.2247
9.1609
9.6179
9.4745
9.4926
9.2251
9.4266
9.4281
9.3192
9.3231
9.5300
9.2704
9.3078
9.4853
9.3491
9.2525
9.2379
9.3306
9.1326
9.1078
9.3114
8.8952
8.9453
9.3092
9.3592
9.4520
9.2812
9.2354
8.9589
9.3307
9.0764
9.0465
9.0914
9.3952
9.1048
9.1550
9.2118
9.2426
9.2044
9.2443
9.3471
9.3905
9.1040
9.3839
9.3742
9.1584
9.1496
9.1689
9.1369
9.2799
9.2631
9.4870
9.3913
9.2113
9.2426
9.3137
9.1858
8.9557
9.3467
9.1693
9.2424
9.1128
9.3505
9.3506
9.5460
9.2738
9.4968
9.1799
9.0857
9.3039
9.1730
9.2587
9.2585
9.2870
9.1522
9.1110
8.9678
9.3366
9.2728
9.0777
9.2652
9.2232
9.0168
9.0679
9.1829
9.2537
9.2681
9.1251
9.2748
9.0062
9.2116
9.1179
9.0495
8.7594
8.6670
8.9062
8.9100
9.0060
8.8320
8.8287
8.9319
9.3071
9.1854
8.9859
9.1188
8.9127
8.8169
9.0753
8.8658
8.9277
8.6884
9.0010
9.0220
8.8301
8.9323
9.0881
9.0119
9.0411
8.9950
9.0496
8.9147
9.0890
8.9358
9.0472
8.6968
8.8051
8.9876
8.7045
8.8699
8.8670
8.9147
9.1389
9.1261
8.9425
9.3001
8.9261
8.9453
8.9949
9.2205
9.1945
9.1355
8.9238
8.9432
9.5083
9.0995
9.2871
9.2559
9.2824
9.0149
8.9265
8.9836
8.7829
9.2182
9.0227
9.2319
9.1709
8.8955
9.2666
9.4338
9.3488
9.5325
9.3833
9.0956
9.1860
9.2938
9.1497
8.8758
9.0550
9.4807
9.6073
9.4714
9.0653
9.0108
9.3128
9.2675
9.3186
9.3622
9.1063
9.0144
9.0015
9.1643
9.3399
9.4530
9.2480
9.3593
9.4906
9.1800
9.7908
9.4542
9.5707
9.7005
9.5212
9.3648
9.2363
9.1405
9.4154
9.0447
9.4005
9.3902
9.3491
9.0753
9.3025
9.2740
9.2935
9.2908
9.6161
9.3279
9.3672
9.4081
9.5447
9.7103
9.4331
9.4333
9.3248
9.3049
9.7274
9.4732
9.5781
9.4708
9.7502
9.7544
9.8896
9.4311
9.6490
9.5653
9.5647
9.5995
9.4156
9.6266
9.6819
9.5117
9.2452
9.4987
9.6448
9.3113
9.5246
9.7349
9.4420
9.8154
9.7514
9.5966
9.5482
9.5542
9.4420
9.4779
9.7536
9.5279
9.2121
9.3299
9.0826
9.4773
9.2520
9.4029
9.2881
9.4691
9.4581
9.5145
9.3906
9.5527
9.5301
9.5592
9.7482
9.6435
9.5998
9.6589
9.6492
9.4192
9.6587
9.7072
9.9573
9.8576
9.9854
10.0370
9.8722
9.8106
9.8263
9.5537
9.8214
9.5776
9.6723
9.6598
9.3289
9.5694
9.7066
9.8115
9.5916
9.6159
9.6586
9.4480
9.6453
9.7436
9.4451
9.8356
9.8845
9.8433
9.7618
9.9316
9.9580
9.8621
10.0349
10.0558
10.0114
9.9552
9.6330
9.8403
9.7684
9.6717
9.5682
9.4512
9.6886
9.7497
9.5840
9.6367
9.5098
9.5216
9.6520
9.6985
9.4944
9.4379
9.5920
9.5441
9.5987
9.8146
9.5788
9.4541
9.3348
9.5387
9.6174
9.9075
9.5301
9.7627
9.4794
9.7391
9.6039
9.7755
9.6483
9.4696
9.3493
9.6205
9.2614
9.7965
10.2026
9.7277
9.6479
9.4842
9.2766
9.4465
9.4695
9.6689
9.4288
9.5137
9.6477
9.6162
9.5937
9.3967
9.3648
9.5381
9.4066
9.4931
9.5138
9.4972
9.4753
9.5010
9.3966
9.1610
9.2533
9.2577
9.2000
9.2892
9.4411
9.0488
9.2180
9.4718
9.3495
9.3126
9.3854
9.3785
9.2668
9.4327
9.4473
9.5367
9.2745
9.2847
9.3774
9.3154
9.3646
9.2337
9.1922
9.1834
9.0726
9.1187
9.2363
9.1515
9.2415
9.3236
9.5470
9.4379
9.1845
9.5108
9.7091
9.6378
9.7013
9.6619
9.3854
9.7037
9.4972
9.5247
9.7087
9.7066
9.4798
9.4708
9.4940
9.3508
9.1567
9.3048
9.4366
9.3235
9.6307
9.3491
9.3144
9.3601
9.3945
9.3542
9.2248
9.6114
9.5174
9.2935
9.1860
9.1210
9.2464
9.1323
9.1387
9.2018
9.4331
9.4167
9.2812
9.4555
9.4025
9.4803
9.3061
9.3491
9.6851
9.6340
9.5450
9.4453
9.6456
9.4475
9.5056
9.6614
9.3753
9.5205
9.3831
9.4378
9.4264
9.5510
9.4798
9.4177
9.2132
9.4552
9.7002
9.6003
9.1613
9.4821
9.4091
9.4332
9.2650
9.2061
9.2056
9.3825
9.3155
9.2498
9.0766
9.0735
8.9742
9.3649
9.1881
9.4989
9.1604
9.3018
8.9110
8.8078
9.1157
8.8978
9.1242
9.3007
9.1912
9.0545
9.3414
9.1729
8.9842
9.0678
9.3333
8.9164
9.3841
9.2723
9.2570
9.4269
9.2908
9.2481
8.9479
9.2473
9.3830
9.1844
9.1262
9.2576
9.2385
8.9611
9.2174
9.0878
9.1254
9.1006
9.1967
9.3412
9.1976
9.0226
9.0436
9.2371
9.3088
9.1781
9.2273
9.5104
9.6279
9.2975
9.3004
9.3571
9.5238
9.2864
9.0972
8.9764
9.1025
9.2637
9.5375
9.4838
9.6185
9.3215
9.4638
9.3945
9.3585
9.4211
9.2220
9.1918
9.2898
9.0719
9.3088
9.4094
9.2812
9.0438
9.3871
9.1358
9.2466
9.1398
9.1260
9.2320
9.2990
9.3336
9.5004
9.5908
9.4639
9.2694
9.3576
9.1337
9.4412
9.1757
9.4800
9.6765
9.2039
9.1837
9.3117
9.5315
9.4189
9.5158
9.5413
9.4911
9.3177
9.3698
9.4728
9.4215
9.2512
9.3967
9.5590
9.4794
9.4803
9.3892
9.7861
9.8204
10.1465
9.6633
9.6625
9.8131
9.7726
9.8588
9.7333
9.7845
10.0356
9.9413
9.9079
9.5376
9.6938
10.3244
10.1214
9.8593
9.6345
9.8466
10.1751
9.8882
9.8055
9.6658
9.8133
9.7076
9.4514
9.4101
9.8386
9.3029
9.3937
9.4331
9.4304
9.1654
9.2859
9.3334
9.3766
9.1108
9.1136
9.2838
8.9405
9.0455
9.2051
9.2797
9.4231
9.4986
9.5092
9.3127
9.5212
9.3570
9.3017
9.2363
9.6034
9.0882
9.0052
9.2388
9.2052
8.9504
9.3051
9.1657
8.8454
9.0195
9.0089
9.1653
9.3087
9.1562
8.8259
8.9617
8.9290
9.1885
9.2548
9.1869
9.2706
8.9597
8.9638
9.1894
9.3244
9.0323
9.2617
9.1934
9.2175
9.2761
9.1322
9.3028
9.0062
8.8954
9.1955
9.1518
9.3302
9.0348
9.2181
9.1722
9.3907
9.0867
9.2904
9.0446
9.0127
8.9519
9.2047
9.3223
9.3215
9.5785
9.4045
9.3857
9.3609
9.3122
9.4083
9.2005
9.1878
9.2801
9.3315
9.3163
9.4614
9.4438
9.2003
9.2033
9.2800
9.3024
9.2743
9.3360
8.9633
9.2925
8.9280
8.8502
9.1662
9.2301
9.1486
8.9593
9.1659
9.0861
9.2635
9.1287
8.8860
9.5803
9.4211
9.2963
9.6080
9.5452
9.4034
9.4511
9.4662
9.1017
9.4292
9.4076
9.6237
9.3494
9.5063
9.6307
9.4474
9.6001
9.5398
9.5886
9.5003
9.5780
9.1213
9.3687
9.1178
9.1890
9.2581
9.2094
9.3368
9.1525
9.4281
9.4129
9.2381
9.3437
9.3817
9.4273
9.5191
9.5384
9.4713
9.2346
9.6168
9.2355
9.3388
9.4135
9.5481
9.4295
9.2729
9.7659
9.5381
9.4242
9.1091
9.7411
9.4417
9.2471
9.2241
9.1392
8.8831
9.3246
9.4194
9.2409
9.2321
9.3765
9.5215
9.2386
9.2459
9.0292
9.2323
9.3309
9.7885
9.5456
9.4934
9.3621
9.2313
9.3719
9.4585
9.5141
9.3264
9.2024
9.2280
9.2495
9.3160
9.3645
9.2496
8.8777
9.2340
9.1674
9.0346
9.0164
9.1728
8.8867
9.0757
9.0478
9.3380
8.8648
9.0251
8.8166
8.9712
8.8599
9.2238
9.2455
9.0775
9.2139
9.2016
9.6548
9.3944
9.2808
9.1515
9.3831
9.1520
9.7588
9.5215
9.4652
9.4539
9.7240
9.5596
9.5041
9.6157
9.6965
9.7322
9.7634
9.5648
9.5307
9.1901
9.4643
9.3635
9.4231
9.0759
9.3684
9.5716
9.5674
9.6997
9.4639
9.3188
9.7018
9.7786
9.5357
9.2921
9.3514
9.1147
9.1940
9.3490
9.1176
9.1569
9.5184
9.4834
9.6055
9.4090
9.5313
9.4218
9.5843
9.2532
9.3763
8.7890
9.1623
8.9694
9.2695
9.3547
9.4408
9.1506
9.1187
9.1312
8.9511
9.1755
9.3229
9.2396
9.4021
9.1381
9.1618
9.3707
9.3866
9.4479
9.3275
9.4382
9.4044
9.5688
9.4030
9.4369
9.2743
9.2706
9.4059
9.2094
9.1277
9.2766
9.4979
9.4588
9.2718
9.4048
9.5786
9.4219
9.5259
9.3603
9.3731
9.3133
9.2233
9.1419
9.0088
9.3558
8.9517
9.1069
9.2784
8.9878
9.1209
9.1548
9.2781
9.2472
9.2676
9.1906
9.3392
9.0095
9.3984
9.3586
9.0972
9.1133
8.9188
9.0630
9.1061
9.1479
8.9304
8.6752
8.8991
8.9499
8.8789
8.7971
8.6229
8.7201
8.7356
8.7993
9.2853
9.2856
9.1748
9.3076
9.1646
9.1437
9.2785
9.3097
9.1953
9.0278
9.2823
9.2045
9.2638
9.4990
9.8012
9.4006
9.2788
9.0948
9.3557
9.3766
9.1997
9.4312
9.2763
9.3374
9.0080
9.5324
9.2411
9.1255
9.2073
9.2010
9.3428
9.1818
9.0919
8.9738
9.2782
9.2128
8.8543
9.1904
9.1080
9.0600
9.4352
9.1345
8.7401
9.0018
8.7531
8.6438
8.8073
8.6720
8.7405
8.8186
8.8958
8.9430
8.8732
9.0763
9.0059
9.0343
9.1704
9.3249
9.2848
9.3413
9.2614
9.0957
9.2596
9.3088
9.4217
9.1280
9.2132
9.5194
8.9753
9.2701
9.0905
9.4177
9.1231
9.1616
9.2432
9.3984
9.2338
8.8478
8.7717
9.0182
9.0684
8.7607
8.8989
8.8884
9.0187
8.9320
9.3801
9.1179
9.1999
9.0744
9.2733
9.6034
9.2624
9.3171
9.2116
9.2556
9.1761
9.2662
9.3117
9.1451
9.2715
9.1296
9.2796
9.2867
9.0498
9.0913
9.1405
8.8154
9.0879
9.2302
9.4018
9.5469
9.4031
9.0422
9.2966
9.4072
9.5092
9.3186
9.7067
9.6503
9.2652
9.3062
9.4474
9.3854
9.1215
9.2119
9.3004
9.2013
9.3385
9.1748
8.9678
9.1664
8.9287
8.8639
9.3129
9.3187
9.3118
9.0017
9.0922
8.7910
9.2210
9.2611
9.2127
9.2198
9.4402
9.2367
9.2197
8.8028
8.8271
9.2503
9.3248
9.1270
9.2960
9.3060
9.5704
9.1715
9.1239
9.4964
9.2232
9.2987
9.2640
9.4458
9.1440
9.3092
9.1080
9.0109
9.3255
9.0540
8.9372
8.8940
9.1896
9.2446
9.2553
9.1788
8.9111
8.7856
9.0649
8.6740
8.9377
8.8822
9.2305
9.0828
9.1975
8.9694
9.2879
9.1697
9.0870
9.3412
9.5716
9.4461
9.7975
9.6785
9.5874
9.2961
9.2954
9.1181
9.2140
8.8242
8.8444
8.8666
9.2297
9.2708
9.1333
8.9123
9.1290
8.9918
9.0446
9.3382
9.1374
9.1908
9.0323
9.1981
9.0676
9.1109
9.2626
9.0874
9.3467
9.2675
9.2488
9.0086
9.1057
9.5874
9.3139
9.4384
9.1077
9.1427
8.8914
8.8275
9.0633
8.9353
9.0920
9.1672
9.0066
9.3615
9.2572
8.9824
9.4809
9.1912
9.0067
9.3348
9.3854
9.3754
9.2407
9.3063
9.2696
9.3583
9.0023
9.2362
9.1486
9.1470
9.2447
9.2403
9.4782
9.3098
9.1991
9.1591
9.0533
9.3743
9.3715
9.4489
9.1118
9.1124
9.1079
9.1227
9.0009
9.1197
9.6038
9.2964
9.2236
9.4888
9.0509
9.0503
9.2192
8.8944
8.7740
9.0417
8.8179
9.0087
8.9257
8.9172
9.2218
9.1453
9.1214
9.0526
9.0522
9.3337
9.2324
9.2309
9.2957
9.4029
9.2625
9.2498
9.3338
9.3451
9.5044
9.4240
9.3966
9.3743
9.3501
9.2893
9.1717
9.1990
9.0892
9.0144
9.1379
9.0783
9.0307
9.0186
9.3994
9.2446
9.0583
9.0925
9.2906
9.1531
9.4038
9.6781
9.3977
9.3449
8.9983
9.0405
9.2283
9.3774
8.9914
9.0991
9.2295
9.0644
9.1288
9.1014
9.2633
9.1750
9.1349
9.4288
9.6609
9.5928
9.3868
9.4703
9.3076
9.5529
9.5724
9.8770
9.5111
9.5346
9.4903
9.5256
9.3343
9.2751
9.4878
9.3094
9.2741
8.9186
9.0764
8.8889
9.1032
8.9672
9.1584
9.1243
8.7775
8.8449
8.9514
9.1991
8.9951
8.8977
8.9065
8.7375
8.9397
8.8133
8.7697
8.9140
8.9111
9.0774
9.1751
8.9136
8.6450
8.8786
9.0265
9.0011
9.1319
9.0897
9.1717
9.1892
9.2416
8.6584
8.7870
9.1210
9.2120
9.1184
8.8434
9.0365
9.4239
9.4679
9.2765
8.9297
8.7552
8.8815
9.1678
9.2172
8.9618
8.9830
9.1074
9.2516
9.1710
9.2315
9.1726
9.0984
9.1765
9.1282
9.1464
8.8095
9.0130
9.3901
8.9221
8.9128
8.9622
9.1226
8.9597
9.3229
9.0630
8.8221
9.1366
9.1145
9.0420
8.9595
9.0651
8.9508
9.1022
9.3892
9.2882
8.8171
9.1127
9.3291
9.1179
9.2878
9.0106
9.4190
9.1678
9.6171
8.9954
9.0571
8.9044
8.9835
8.9558
8.8176
9.2420
9.3220
9.1111
9.3558
9.3295
9.1602
9.0721
8.7257
8.9459
9.0837
9.0269
9.2327
9.0670
9.2345
9.0468
9.1889
9.0379
8.8378
9.1224
9.2893
9.2123
8.9923
8.9063
8.9958
9.0425
9.0335
9.1098
8.9180
9.1350
9.0557
9.3215
9.0735
8.8613
8.9579
9.3288
9.0550
9.3829
9.3151
9.1642
9.2573
9.5099
9.5464
9.3780
9.5054
9.1898
9.2127
9.1079
9.2448
9.4198
9.1057
9.5236
9.2815
9.1276
9.2126
9.0029
9.2579
9.3244
9.1199
9.1729
9.1434
9.2273
9.0618
8.6703
8.6789
8.9366
8.9443
8.9779
9.1900
8.9076
8.9706
9.2812
8.9526
9.0673
8.7698
9.0321
9.0361
8.9261
9.0164
9.0678
9.2574
8.9492
9.3330
9.2201
9.1355
9.0577
9.0908
9.2761
9.3204
9.3443
9.3027
9.2473
9.3838
9.0418
9.2967
9.0555
8.9380
9.0516
9.2015
9.3050
9.3717
9.2945
9.4260
9.3660
9.2155
9.2429
9.4993
9.4639
9.1240
9.3428
9.0389
9.2472
9.0034
8.9141
8.8098
8.9357
8.9814
9.0700
9.0957
8.9056
8.8714
8.7857
8.8698
8.6918
8.7675
8.8238
9.0180
9.2378
8.9599
8.9902
9.0822
9.1061
9.1831
9.0272
9.3099
9.1792
9.1420
9.1725
9.3867
9.6381
9.2690
9.1177
9.0615
9.1150
9.1456
8.9288
9.0793
9.3821
9.4105
9.4269
9.0598
9.0936
9.0772
9.1735
9.0191
9.2604
9.0608
9.2566
8.9565
9.0812
8.9099
9.1791
9.5215
9.0464
9.0119
9.0399
9.1404
9.1243
8.8374
9.1034
9.1091
9.3432
9.0631
9.0412
9.0538
8.9963
9.2690
8.9132
9.0137
8.8601
9.1874
9.1340
9.2413
9.3141
9.0299
8.8213
9.1670
9.2282
9.0039
9.2268
9.0233
9.1229
9.2895
9.1539
9.1077
9.4702
9.5013
9.1166
9.0451
9.1649
9.0509
9.1995
9.3673
9.1939
9.2429
9.2301
9.4251
9.0682
9.0335
8.8671
9.1572
9.1381
9.2875
9.0942
9.0499
9.1263
9.1183
9.5154
9.7470
9.5488
9.4155
9.5339
9.3963
9.2073
9.0962
9.0412
9.1269
9.3383
9.2946
9.4657
9.4626
9.4135
9.6785
9.7306
9.7005
9.5793
9.9245
9.5634
9.6593
9.5435
9.2363
9.4722
9.2132
9.0751
9.3069
9.0537
9.1618
9.0664
9.0427
9.1482
9.1653
8.7871
9.2469
9.4217
9.4618
9.2599
9.1370
9.1983
9.1250
9.3508
9.0512
9.2824
9.1428
9.2813
9.3049
9.2505
8.9572
9.2380
9.3323
9.2202
8.9837
9.1366
9.1309
8.9806
9.3679
9.1202
9.2746
9.2769
9.2631
9.2650
9.1556
9.0504
9.1944
9.2708
9.1765
9.2444
9.3395
9.2119
9.1018
9.0258
9.0831
9.0166
9.2341
9.0225
9.5508
9.3526
9.6623
9.2285
9.2315
9.1234
8.9576
8.7515
8.9484
9.2583
9.1167
9.1067
9.1760
9.3341
8.9164
8.9894
9.0985
8.6726
8.7764
8.4251
8.5330
8.6623
8.8884
8.9867
8.4931
8.8953
8.6358
8.7410
8.3681
8.6985
8.7682
9.2846
9.0034
9.4214
8.9951
9.1873
9.2808
9.1884
9.1783
9.4234
9.3965
9.1287
9.4198
9.2399
9.0126
9.1217
9.3137
9.1557
9.5988
9.1668
9.2425
9.4844
9.6056
9.3656
9.4918
9.1104
9.1463
9.3708
8.9357
9.1275
8.8009
8.9884
9.0065
9.1247
9.0363
8.7280
8.9209
8.9395
9.1606
9.2772
9.3009
9.3551
9.2488
9.2645
9.0110
9.0943
9.0665
9.2729
9.3205
9.1601
8.8997
9.0064
9.1516
9.3026
9.0617
9.1934
9.1892
9.2092
9.2291
9.2179
9.3610
9.2756
9.2532
9.2319
9.0136
9.1479
9.2946
9.0914
8.8395
8.5757
9.0758
8.8665
9.0526
9.1802
8.8396
8.7022
8.4018
8.7119
8.7197
8.9802
8.8098
9.0477
9.1349
9.1942
9.2270
9.1230
9.0218
9.2073
9.0672
9.3250
9.2084
9.5503
9.3668
9.2508
9.2366
9.2080
9.2773
9.1266
9.0334
9.0804
9.2325
8.9530
8.8708
9.0001
9.0427
9.0527
9.0008
9.0649
8.8781
8.8611
8.9457
8.7482
8.7581
8.9231
8.8769
8.9393
8.9094
8.8659
8.7672
8.8945
8.6877
9.0261
8.8366
8.7653
8.7782
8.8902
8.9833
8.8591
9.2212
9.1199
8.9420
9.1069
9.1675
9.2976
9.1937
9.0848
9.2252
9.2977
9.3126
9.2985
9.2240
9.4704
9.6722
9.7713
9.5446
9.6198
9.5757
9.2834
9.3428
9.0494
9.2192
9.4413
9.4921
9.4681
9.2100
9.2229
9.2558
9.4038
9.5917
9.4442
9.4556
9.5790
9.3384
9.3111
9.1057
9.3018
9.1648
9.5686
9.2809
9.3277
9.6039
9.4567
9.5875
9.4606
9.2359
9.4097
9.4719
9.0502
9.0211
9.2199
9.4070
9.2466
8.9981
9.5779
9.3608
9.5208
9.4485
9.3076
9.2143
9.3752
9.2578
9.2575
9.3973
9.1291
9.1368
9.2745
9.0547
9.1007
8.9205
8.9182
9.0114
8.7588
8.7646
8.7776
8.9558
8.7205
8.8045
8.8162
8.5538
8.7867
8.6501
8.6676
8.6233
8.9955
8.8223
8.6139
8.9297
9.0157
8.8725
8.6840
8.7787
9.3117
9.0701
9.0750
8.9144
9.3381
9.0496
9.3474
9.3888
9.0981
9.4146
9.2294
9.4728
9.1624
9.1873
9.1503
9.0522
8.8920
9.1113
9.0695
8.8467
9.0445
8.8793
8.9128
9.1038
8.8820
8.8747
8.8062
9.0321
8.8492
8.8824
8.8598
8.8911
8.8327
8.8899
9.0716
8.7009
8.8877
8.6692
8.8693
8.9253
8.8719
8.8957
8.9073
8.7566
9.0251
8.6249
8.6447
8.6251
8.4887
8.8668
8.7286
8.9215
8.7298
8.7263
8.5631
8.8813
8.6236
8.6170
8.9541
8.7132
8.7868
8.6382
9.0154
8.5474
8.9093
9.0091
9.0649
8.8341
8.8253
8.9591
9.2489
8.9101
8.7395
8.7942
9.0535
8.9424
8.9079
9.0390
9.1559
9.0939
8.9996
9.1127
9.4017
8.9332
8.8141
8.8615
8.6581
8.8370
8.9645
8.9632
9.1308
9.1080
8.9422
8.7264
9.2259
8.8016
9.0823
8.9301
8.7773
8.7424
9.0291
8.6962
8.9740
9.1371
8.9220
9.0608
9.3838
9.0787
9.1787
8.6209
8.8330
8.8537
8.7677
9.0188
9.1830
9.0966
9.1819
9.0157
8.9749
8.5937
8.8112
8.8155
8.6868
9.1290
8.9430
8.9190
8.9450
8.9045
9.0284
8.9461
9.2535
8.9677
9.0288
9.1459
9.0259
9.1823
8.9952
9.1341
9.3050
9.0330
8.9721
9.1744
8.9766
8.6882
8.8894
9.0828
9.0056
8.9949
9.0654
9.1171
8.7653
9.1428
9.1684
9.2523
9.0638
9.0326
8.8620
8.7558
8.9554
8.9978
9.0367
9.0641
8.6994
8.8484
9.1344
8.6089
8.6499
8.7383
8.7295
8.7595
9.0910
9.0134
9.0204
8.9011
9.2028
8.8412
8.8900
8.8908
8.8085
8.6717
8.8130
9.0086
9.0148
9.0213
9.1439
8.8602
8.9527
9.1896
8.9143
9.0767
9.0124
8.9590
8.6967
8.8839
8.7875
8.7605
8.8697
9.0049
8.7946
8.7253
8.7714
8.6874
8.7956
8.7796
8.7163
8.8472
8.9536
8.8860
8.8070
8.9332
9.0050
9.0946
9.1832
9.2376
8.8839
9.1096
8.9826
9.0887
9.0263
8.9308
8.8151
8.8952
8.7966
8.8569
8.7477
8.8885
8.9022
8.8389
8.9790
9.0207
9.0023
8.9908
8.9437
8.9071
8.8258
9.0340
8.9310
8.9894
8.8612
8.9788
8.8766
9.0680
8.7414
8.7483
8.6543
8.6851
8.8153
8.8424
9.0094
8.6677
8.6283
8.8210
8.7795
8.9970
9.0137
8.7460
8.7579
9.0570
8.7893
9.0960
8.9687
8.9570
9.0684
9.1271
9.0880
8.6475
8.9673
8.7924
8.7927
8.7517
8.8015
8.9149
9.1684
8.9355
9.0973
8.9387
9.1834
8.7885
8.8404
8.7700
8.7516
8.9343
9.0045
8.9676
8.7763
8.7412
8.8161
8.9107
8.9672
8.9964
9.0946
9.0453
9.1457
9.1355
8.8394
8.5839
8.5839
8.8062
9.1712
8.6862
8.6286
8.8796
8.7605
8.6121
8.6330
8.5463
8.7406
8.8206
8.7706
8.6624
8.9111
8.8748
9.0058
9.0707
9.0840
9.0427
8.7936
8.7460
9.0688
9.1598
8.8940
9.0286
9.0899
8.6724
8.9858
8.9054
8.9189
9.3382
9.3584
9.2451
9.0419
9.0672
9.0499
8.8675
9.0056
8.9968
8.8741
8.9039
8.7431
9.1088
9.1307
9.0829
8.9000
9.1155
9.0884
9.1142
9.1872
8.9257
8.8084
9.1567
9.1616
8.9578
9.0176
9.1154
9.2286
9.0788
8.8929
9.1324
8.6909
8.7931
8.6898
8.8394
8.9982
8.9707
9.1962
9.1327
9.1054
9.1237
9.0226
8.9535
8.9249
9.0564
9.1141
8.9631
8.7995
8.9144
8.8321
8.8225
8.9808
9.0841
8.7980
9.1539
8.9259
8.9970
8.9557
9.3183
9.2868
9.5974
9.0976
9.2388
9.3567
9.0873
9.2865
9.3519
9.2034
8.9644
9.0998
9.3178
9.0559
8.9578
9.0459
9.2573
9.0682
9.0303
9.1160
9.1371
9.0738
9.1954
8.9179
8.8938
9.0857
9.1644
9.0455
9.2577
9.2657
9.3360
9.2057
9.0361
9.2111
9.2724
9.1779
9.3550
9.2273
9.1299
9.1374
9.2819
9.2482
9.6002
9.4279
9.2174
9.1662
9.1876
9.1666
9.0040
9.2552
9.3056
9.2172
9.1987
9.0038
9.2798
9.0694
9.3377
9.0227
9.0920
9.0845
8.6877
8.8687
8.9690
8.7041
8.8841
8.8372
9.2355
9.0095
8.8406
9.0121
9.0522
8.8596
9.2669
9.1147
9.0739
9.2479
9.2917
9.0102
9.2600
9.2068
9.0099
9.1928
9.0518
9.0141
9.0862
9.1475
9.2580
8.9071
9.0988
9.1007
8.8593
8.9803
9.0681
9.0644
9.4896
9.1896
9.1832
9.0158
9.3472
9.1576
9.1343
9.2171
9.1621
9.1123
8.8814
8.8080
8.9075
8.7497
8.9800
8.9220
9.0725
9.0916
8.9715
9.0519
9.1419
9.1351
9.0362
9.0401
9.0245
8.7659
8.7936
8.9115
9.0079
9.0854
9.5689
9.3028
9.0570
9.1363
9.1586
8.8312
9.1399
9.0748
8.9488
8.9837
9.1243
8.7764
9.2540
9.3776
9.1808
9.2952
9.4361
9.1031
9.7777
9.6604
9.3897
9.7368
9.6460
9.3305
9.4716
9.6760
9.5581
9.6689
9.1929
9.0241
9.1219
9.3056
8.9253
8.8234
9.1429
8.9673
9.0834
8.8982
8.8555
8.8476
9.1296
8.8919
8.9555
9.0557
8.8000
8.7942
9.0171
8.6961
9.0612
8.8273
8.9525
9.0750
9.0075
9.2296
9.4017
9.2308
9.0889
8.9475
9.1532
9.2555
9.0677
9.0597
9.1105
9.1762
9.2331
9.1939
9.0756
8.8999
9.1475
9.0177
9.1358
9.2476
9.2049
9.2318
9.0326
9.0878
9.6157
9.6578
9.8588
9.8054
9.6708
9.3792
9.7382
9.5359
9.3334
9.5604
9.5666
9.5348
9.4839
9.4266
9.7943
9.6282
9.6693
9.3664
9.4530
9.2679
9.3694
9.3109
9.1755
9.0430
9.2899
9.3300
9.1145
8.7086
8.9333
9.1169
9.2023
8.9790
9.1156
9.0675
9.5764
9.3761
9.3912
9.2717
9.2110
9.0790
9.2236
9.0516
9.3594
9.0966
9.1948
9.3191
9.2791
9.4475
9.3810
9.2601
9.0397
9.0575
8.8552
9.0520
9.0029
8.7379
8.7105
9.2689
9.1848
8.9145
9.2402
9.3029
9.0690
9.0248
8.6567
8.7160
8.8457
8.8852
8.8201
8.9517
8.8263
8.9064
8.7795
8.7567
8.8471
9.0521
8.9504
9.0722
8.8655
8.8361
9.0461
8.7358
8.7520
8.8999
8.6497
8.8753
8.8852
8.6322
8.7117
8.8215
8.6093
8.7203
8.9235
8.8214
8.8487
8.7025
8.8270
8.8301
8.9677
8.8587
8.6083
8.8214
9.0295
8.8962
8.7653
8.7194
8.7546
8.7472
8.9069
9.2175
9.1034
9.1511
9.1519
9.1868
8.9461
9.0373
8.8661
8.9239
9.0923
8.9860
8.7989
8.7849
9.3006
9.1710
9.1543
9.1803
8.9668
9.1778
9.1664
9.1161
9.1479
8.9597
8.9037
8.9456
8.6705
9.0868
8.6418
8.6880
8.6055
8.6747
8.7257
8.5144
8.8775
8.6495
8.5889
8.4083
8.4418
8.5399
8.5443
8.7062
8.6248
8.8705
8.7364
9.1043
9.0136
8.7587
8.5926
8.5832
8.8033
8.8028
8.5589
8.8692
8.9732
8.8873
8.7698
8.8626
8.7460
8.8937
8.7613
9.0392
8.7141
8.7186
9.0130
8.9615
9.1678
9.0438
8.8897
9.0652
8.8610
8.9628
8.9591
8.8127
8.8778
9.0382
9.0100
8.6938
9.0385
8.9776
8.9509
8.8651
8.9839
9.1415
9.2300
9.4764
9.3061
9.1828
9.1657
9.2109
9.0148
8.7814
8.7567
9.0905
8.8569
8.8904
8.8213
8.8222
9.1156
9.0093
9.0983
9.2403
8.9553
8.9063
9.0893
9.1721
9.4254
9.3027
9.1720
9.3017
9.2275
9.3652
9.0073
9.0881
9.0575
9.2227
9.1606
9.0436
9.1414
9.1364
8.7277
8.8137
9.3275
9.2542
9.0870
9.2620
8.9642
8.8761
9.1242
9.1948
8.9701
8.8825
8.9587
9.1185
9.1892
9.2129
9.2443
9.2273
9.5506
9.1960
9.0028
8.7317
8.9127
8.9237
9.0299
9.1353
9.3010
9.4103
9.2251
9.1352
9.0491
9.2288
9.3145
8.8086
9.2180
8.9456
8.7626
9.0444
8.8448
9.3588
9.2193
9.4091
9.2979
9.3055
9.0728
9.2379
9.3997
9.5141
9.6290
9.2288
8.8579
8.9125
9.2433
8.9658
9.2972
9.4231
9.3590
8.9846
9.0956
9.1378
9.2787
9.3174
8.9770
8.9058
9.0534
9.2975
9.2924
9.1444
9.4615
9.3992
9.4494
9.3527
9.3557
9.0984
9.3639
9.1726
9.4726
8.9985
9.1365
9.2349
9.1327
9.2276
8.9328
9.1683
8.8846
9.0623
9.2233
9.3467
9.1403
9.0323
9.3910
9.5291
9.1799
9.1111
9.4923
9.3920
9.2607
9.5242
9.2287
9.1885
9.1090
9.0990
9.0006
9.0184
8.8322
8.9661
8.8290
8.9434
8.8562
9.2189
9.0005
8.9536
9.1383
9.1656
9.3082
9.1729
8.9024
9.1261
9.2256
9.2009
9.1522
9.2842
9.0565
9.1433
8.8799
9.1999
8.9580
9.1091
9.3275
9.0394
9.0861
8.9113
9.1625
9.0136
9.1478
9.4358
9.2260
8.9227
9.0514
8.7273
8.7562
8.8959
8.6812
8.8201
8.7828
8.7555
8.7298
8.5391
8.7796
8.5960
8.8585
8.9094
9.1710
8.9290
8.8531
9.0189
9.1761
8.9157
8.9680
8.4777
8.8716
8.7872
8.7287
8.7119
8.7002
8.5142
8.6650
8.4795
8.4291
8.4048
8.3846
8.4611
8.6849
8.7362
8.6041
8.4859
8.6752
8.5651
8.8885
8.6513
8.6664
8.6485
8.7706
8.5769
8.7489
8.3659
8.7685
8.6839
8.5713
8.8177
8.6733
8.8583
8.7345
8.7078
8.4642
8.6773
8.5469
8.6155
8.6188
8.7327
8.6745
8.6905
8.4865
8.8525
8.6078
8.7654
9.0223
8.9801
9.2570
9.0637
8.8702
9.1415
8.8355
8.7547
8.7440
8.9907
8.8373
8.8557
8.9339
8.9635
8.7769
9.2344
9.2417
8.9866
9.1752
8.8306
9.1218
8.9113
8.7139
8.8569
9.0111
8.7253
9.0202
8.6906
8.9181
8.9709
9.1548
8.9611
8.8882
8.7358
8.9587
8.7014
9.0547
9.0217
8.9402
9.0713
8.9887
9.1916
8.7944
9.0144
8.8867
8.6985
8.8579
8.8895
9.0148
8.9631
8.8065
8.8046
8.9129
8.9716
8.6382
8.7593
8.2932
8.5655
8.7662
8.6255
8.6326
8.6015
8.6161
9.0182
8.6786
8.6260
8.7744
8.6830
8.4326
8.4488
8.5197
8.5601
8.5939
8.3098
8.6489
9.0263
8.9182
8.7002
8.8227
8.7292
8.5281
8.9570
9.0897
8.8960
9.0748
8.6408
8.5520
8.7544
8.7716
8.8508
8.8592
8.8816
8.8061
8.7828
8.8443
8.6249
8.6946
8.6115
8.6909
8.7804
8.6138
8.5170
8.7943
8.8565
8.8264
9.0139
8.8453
8.5273
8.4277
8.6956
8.7597
8.8255
9.0741
8.7698
8.8506
8.8398
8.4116
8.7674
8.6292
8.7463
8.7807
8.9506
8.7715
8.7065
8.7356
8.7495
8.8032
8.7690
8.7191
8.8230
8.6516
8.9110
8.8518
8.9631
8.8262
8.6664
8.7571
8.8153
8.9562
9.0429
8.6179
8.9423
9.0235
8.8728
8.7287
8.5517
8.6937
8.5509
8.5229
8.5611
8.5390
8.6660
8.7676
8.8837
8.7008
8.6236
8.6089
8.8607
9.0034
8.8977
8.6618
8.5579
8.6827
8.7653
8.8368
8.7700
8.8057
8.7408
8.8517
8.9489
8.8913
9.1081
8.6026
8.6596
8.7250
8.8985
8.6886
8.8713
8.7011
8.7373
8.9440
8.8322
8.9904
8.8985
8.8635
8.5176
8.8742
9.0583
8.7323
8.5983
8.6466
8.4981
8.7504
8.7373
8.8015
8.5393
8.6177
8.4829
8.3516
8.3484
8.3440
8.4589
8.2970
8.4922
8.3568
8.3366
8.6040
8.5875
8.4890
8.3234
8.5187
8.6330
8.8154
8.6124
8.7113
8.6353
8.8896
8.6652
8.6900
8.8075
8.8495
8.9658
8.6754
8.6320
8.7189
8.3937
8.5259
8.4062
8.6621
8.7473
8.7446
8.5790
8.7750
8.9001
8.8392
8.7024
9.1953
9.2329
9.0789
8.9991
8.8338
8.9955
8.9176
9.0963
9.1434
9.1882
9.1488
9.2115
8.8657
9.3027
9.2151
9.0263
9.0681
9.1846
9.1075
9.2210
8.8339
9.0009
8.9227
9.0354
9.0461
8.8349
8.9404
8.8401
8.9805
8.9242
8.8272
8.9049
8.8940
8.6916
8.9325
8.5512
8.6523
9.0689
9.2722
9.0251
8.8620
9.1307
9.4311
9.0916
9.0757
9.2759
9.1155
9.1031
9.0966
8.9660
8.9195
8.8573
9.0550
9.0912
8.9255
9.1069
9.0123
8.8053
9.1346
8.9985
8.7036
8.9296
9.1330
9.2283
9.1587
9.1167
9.0593
9.1988
8.9856
8.8879
8.7821
8.8064
8.6478
8.9338
8.8735
8.9726
8.8063
8.8648
8.7655
9.0186
8.8896
9.1542
8.9367
9.1173
8.9143
9.0622
9.1179
8.8714
8.9228
8.8015
8.8329
8.7912
9.0104
9.1488
8.9016
9.0477
9.1628
9.1267
9.1451
8.9529
9.3506
9.0295
9.0392
8.9471
9.0867
8.7267
9.1997
8.6941
8.9234
9.0664
8.8790
8.7674
8.8480
8.9384
8.7543
8.6986
8.7405
8.5942
8.6574
8.8348
8.9768
8.8815
8.8395
9.0843
8.9778
8.9379
8.9231
8.8462
9.0726
8.9010
8.7086
8.8909
9.0444
8.7852
8.5465
8.5790
8.6428
8.7993
8.5018
8.6817
8.8029
8.5164
8.5746
8.5702
8.3978
8.6139
8.2847
8.5527
8.7112
8.7264
8.6603
8.4139
8.5510
8.5330
8.5958
8.5125
8.3974
8.4200
8.6639
8.7528
8.6759
8.6458
8.8901
9.1592
9.0232
8.8988
8.7263
9.2007
9.1446
8.9763
9.0570
9.1870
8.7779
8.9201
8.8958
8.8736
8.8135
8.9418
9.1638
9.0100
9.1376
9.0425
8.8175
8.7942
8.8397
8.6799
8.8590
8.9473
8.9140
8.8481
8.6354
9.0051
8.8196
8.7472
8.9367
8.9034
8.8227
9.0829
8.8683
8.5285
8.6502
8.7419
8.8503
8.7232
8.6496
8.4581
8.6536
8.5115
8.7180
8.5574
8.6556
8.8536
8.6683
8.8696
8.8812
8.8318
8.5916
8.6212
8.3695
8.6211
8.7121
8.7609
8.5442
8.7669
8.5195
8.4584
8.7861
8.6776
8.5907
8.6351
8.3449
8.5077
8.4213
8.8375
8.6965
8.8181
8.5405
8.4459
8.5193
8.5818
8.6183
8.7403
8.6423
8.6025
8.3255
8.4913
8.1201
8.4234
8.3799
8.4656
8.4994
8.4925
8.6865
8.5776
8.5237
8.6441
8.8905
8.8176
8.7808
8.8507
8.8486
8.6543
8.8205
8.5314
8.5710
8.6567
8.8140
8.8359
8.5206
8.6363
8.5598
8.5556
8.4295
8.6139
8.7837
8.8128
8.6280
8.7679
8.6917
8.5591
8.7716
8.8309
8.8638
8.6611
8.6862
8.7446
8.7508
8.6823
8.9615
8.7460
8.7320
8.6549
8.6339
8.5940
8.6199
8.4116
8.7441
8.6531
8.6277
9.0400
8.9180
8.7169
8.8343
8.6219
8.7577
8.6124
8.5232
8.5967
8.7485
8.6969
8.9463
8.8106
8.8015
8.8174
8.5171
8.6985
8.7232
8.5948
8.7217
8.8457
8.6519
8.6481
8.8385
8.6967
8.7899
8.7794
8.7375
8.9816
8.5343
8.4931
8.6724
8.4698
8.6333
8.6301
8.7021
8.6245
8.6979
8.7755
8.6083
8.6282
8.5036
8.5056
8.3920
8.5370
8.6810
8.5479
8.5382
8.5221
8.5427
8.5903
8.6567
8.7560
8.8183
8.9379
8.8575
8.6781
8.7209
8.6980
8.5850
8.4932
8.7247
8.8571
8.8090
8.7930
8.4075
8.3737
8.3621
8.7592
8.6744
8.3824
8.6929
8.6232
8.4323
8.5982
8.4678
8.5890
8.9220
8.8150
8.4996
8.5544
8.7525
8.5384
8.7420
8.4986
8.7106
8.6300
8.4912
8.7104
8.3964
8.5495
8.4968
8.5293
8.5491
8.5385
8.5677
8.3879
8.7113
8.7760
8.7988
8.3852
8.6760
8.7437
8.6183
8.3941
8.7214
8.7286
8.7606
8.4740
8.4734
8.2204
8.1975
8.6980
8.7729
8.6671
8.6181
8.7301
8.7548
8.5923
8.6581
8.2836
8.3308
8.5822
8.5055
8.8535
8.6820
8.5254
8.6227
8.4721
8.5817
8.4291
8.2406
8.1590
8.1405
8.5053
8.5311
8.4059
8.1451
8.2139
8.1208
8.1157
8.5260
8.3167
8.2091
8.5318
8.5534
8.5241
8.5815
8.3558
8.3451
8.3458
8.5493
8.3910
8.4758
8.5420
8.3180
8.3492
8.6238
8.4902
8.3700
8.2910
8.1925
8.2812
8.5101
8.1737
8.6065
8.5020
8.3406
8.5018
8.4095
8.3703
8.4678
8.6277
8.5579
8.3300
8.3595
8.5133
8.5770
8.5198
8.2825
8.4762
8.4828
8.5065
8.5032
8.4771
8.4081
8.3993
8.2267
8.2777
8.2566
8.1812
8.3989
8.2249
8.3679
8.3349
8.2262
8.5877
8.2457
8.3704
8.1702
8.1785
8.1676
8.2423
8.4911
8.4441
8.3796
8.2719
8.5746
8.5334
8.5077
8.5034
8.4371
8.5449
8.5100
8.5743
8.5270
8.2737
8.4335
8.4638
8.3479
8.6221
8.4445
8.4741
8.3989
8.5425
8.3850
8.1993
8.5975
8.4811
8.4117
8.5786
8.3000
8.2959
8.1889
8.2611
8.3692
8.2017
8.2138
8.1073
7.8850
7.9999
8.2255
8.3768
8.1260
7.8594
8.2127
8.0832
8.3502
8.5570
8.2666
8.0500
8.2742
8.1957
8.0527
8.4653
8.3818
8.3576
8.5500
8.6463
8.5389
8.3311
8.5876
8.7495
8.4935
8.4376
8.4962
8.3764
8.3081
8.2812
8.1860
8.3347
8.1523
8.5968
8.5642
8.4398
8.5209
8.4510
8.2161
8.2283
8.4467
8.4905
8.1888
8.2837
8.1745
8.2444
8.3440
8.4021
8.7095
8.5151
8.8356
8.9921
8.6525
8.8113
8.5481
8.6281
8.5121
8.5797
8.4382
8.2124
8.4239
8.4694
8.4453
8.3819
8.3586
8.3373
8.4467
8.4797
8.3944
8.3978
8.2890
8.2321
8.2600
8.0070
7.9728
7.7758
8.0333
7.9208
8.1013
8.3268
8.2178
8.2453
8.0664
8.1448
8.0003
8.1933
8.1909
8.0253
8.2277
8.1367
8.1765
8.1678
8.1528
7.9214
8.0949
7.8736
7.8918
8.0254
8.0476
7.9383
7.9375
7.9715
8.0943
8.1310
8.2676
8.2866
8.0437
8.2516
8.1558
8.0536
8.0645
7.8104
7.9549
8.2328
7.9957
8.0451
8.0722
7.9683
8.0482
8.1967
8.2539
8.0761
8.1846
8.2153
8.5150
8.4520
8.4463
8.5398
8.3234
8.4747
8.4301
8.4034
8.5678
8.3326
8.3985
8.2540
8.4873
8.4520
8.3652
8.4250
8.4690
8.4760
8.4051
8.2855
8.4373
8.3284
8.2031
8.4745
8.2639
8.1378
8.2673
8.5226
8.5449
8.6980
8.4864
8.5496
8.5640
8.2672
8.4676
8.5883
8.3860
8.3988
8.5301
8.4480
8.2885
8.3779
8.2034
8.2892
8.4564
8.4319
8.8540
8.7713
8.8213
8.5747
8.6770
8.4968
8.5266
8.8673
8.7749
8.6841
8.7213
8.7098
8.6161
8.7004
8.9792
8.8626
8.7254
9.0715
8.7278
8.9749
8.9337
8.8194
8.6948
8.3483
8.5554
8.5747
8.4859
8.5628
8.5348
8.5530
8.3426
8.6472
8.8644
8.6745
8.7097
8.6468
8.6956
8.4347
8.6754
8.6557
8.8781
8.5363
8.4837
8.5465
8.5737
8.4953
8.6751
8.8089
8.8786
8.9787
8.9115
8.8702
8.8201
8.8175
8.8913
8.9315
8.9034
8.7702
8.7049
8.6303
8.9335
8.7669
8.4504
8.6198
8.5036
8.6338
8.8440
8.6498
8.8058
8.9321
8.7974
8.7174
8.8787
8.9483
8.7327
9.0238
8.9026
8.6250
8.8175
8.5614
8.7333
8.3671
8.6221
8.6648
8.6688
8.3373
8.6665
8.4761
8.5591
8.5988
8.4709
8.7031
8.7321
8.7644
8.6453
8.5326
8.4158
8.7196
8.6424
8.4842
8.5177
8.7721
8.5371
8.4133
8.7821
8.6491
8.6571
8.7614
8.6081
8.3419
8.5834
8.6606
8.3562
8.8924
8.5399
8.8027
8.7050
8.8395
8.5721
8.4075
8.8713
8.7700
8.7978
8.5577
8.5109
8.7659
8.5974
8.5523
8.3511
8.6840
8.5025
8.6828
8.5647
8.6689
8.5881
8.4464
8.4755
8.6226
8.7318
8.6291
8.6124
8.5448
8.5902
8.4552
8.5529
8.4688
8.5547
8.7246
8.6019
8.8500
8.8155
8.5576
8.3913
8.2992
7.8993
7.9624
8.2370
8.1539
7.8919
8.1244
8.2257
7.9787
8.1497
7.9274
8.1244
8.1951
8.4223
8.0343
8.0187
7.8933
7.8556
8.4269
8.3404
8.2628
8.1372
8.3716
8.0790
7.9831
8.1315
8.3050
8.6148
8.8295
8.4542
8.5973
8.6140
8.6766
8.4587
8.6498
8.4467
8.7495
8.7295
8.5367
8.8165
8.7282
8.6619
8.7584
8.7290
8.8390
8.7152
8.7975
8.3607
8.6778
8.6700
8.6550
8.5414
8.6536
8.5852
8.7678
8.8671
8.5756
8.4058
8.6463
8.4741
8.5017
8.6554
8.5419
8.6739
8.5328
8.6321
8.5072
8.7055
8.8347
8.4073
8.6194
8.4065
8.3713
8.5172
8.5272
8.4861
8.5527
8.5907
8.5032
8.7221
8.7656
8.9216
8.6502
8.5959
8.7981
8.8133
8.5345
8.8935
8.8835
8.9223
8.9197
8.6225
8.6123
8.7541
8.6806
8.7021
8.7562
8.5590
8.5843
8.5912
8.3121
8.6410
8.9174
8.9097
8.6392
8.7339
8.5374
8.7207
8.6279
8.7694
8.5696
8.8006
8.6675
8.6725
8.9294
8.6894
8.5509
8.8426
8.6360
8.8527
8.5004
8.5234
8.4345
8.3339
8.6528
8.5065
8.6892
8.6511
8.5087
8.3792
8.5141
8.7901
8.5993
8.5178
8.7038
8.4798
8.5518
8.3339
8.5641
8.5057
8.6487
8.2814
8.3382
8.3004
8.2636
8.6123
8.6213
8.6310
8.4164
8.5360
8.4805
8.5776
8.1817
8.6554
8.3186
8.2813
8.5230
8.4031
8.4232
8.5441
8.6550
8.6098
8.3829
8.4105
8.2546
8.4505
8.3442
8.4839
8.4608
8.4016
8.2990
8.0895
8.1780
8.3366
8.4598
8.4666
8.6916
8.3928
8.4756
8.6352
8.6489
8.7033
8.8112
8.9223
8.6136
8.9384
8.9312
9.1499
9.1434
9.1091
8.9557
8.9130
8.8865
8.7534
8.6957
8.7396
9.0771
8.9004
8.7625
8.8720
8.4696
8.5604
9.0122
8.8981
8.8512
8.8802
8.9068
8.7735
9.0479
8.8684
8.8893
8.6343
8.8950
8.8208
8.7548
8.6835
8.8406
8.6837
8.6605
8.6001
8.5346
8.7132
8.7223
8.5399
8.8283
9.0546
8.8120
9.1054
8.7418
8.6748
8.7875
8.2016
8.1298
8.5130
8.6413
8.8196
8.9302
9.0061
8.8056
8.7577
8.6635
8.6589
8.5367
8.6411
8.8649
8.5403
8.4352
8.3129
8.2143
8.4317
8.4241
8.3052
8.5049
8.6452
8.2712
8.4895
8.4392
8.3033
8.5941
8.3790
8.7375
8.5651
8.6399
8.5751
8.8120
8.4295
8.4358
8.6109
8.6792
8.7508
8.5955
8.6807
8.6112
8.5416
8.4781
8.7913
8.7288
8.8052
8.4008
8.4544
8.5189
8.6627
8.4539
8.4689
8.4084
8.8835
8.8339
8.7620
8.9005
8.9885
8.8611
8.7481
8.7753
8.7865
9.0111
8.8755
8.4712
8.7004
8.6713
8.8611
8.7971
9.2129
9.0545
8.7876
8.7332
9.0890
8.8702
8.7800
8.6895
8.4706
8.5790
8.9888
8.5063
8.6831
8.9973
8.9101
8.6892
8.7865
8.6205
8.6071
8.6722
8.5490
8.7750
8.7128
8.9988
9.0145
8.8847
8.7870
8.6284
8.8927
8.6838
8.8251
8.7652
8.5046
8.8174
8.6359
8.5858
8.5432
8.5956
8.5923
8.3403
8.3957
8.5088
8.5071
8.5599
8.6845
9.0849
8.8734
8.6874
8.7197
8.8940
8.7586
8.5919
8.7870
8.6768
8.9067
8.8283
8.9799
8.9931
9.0826
8.8745
8.8490
8.7724
8.9653
9.0293
8.8588
9.0967
8.8882
8.7936
8.7916
8.9377
8.8653
8.7311
8.9598
8.9982
8.7444
8.7788
8.9651
9.0199
8.9992
8.9238
8.6954
8.7091
8.6723
8.5184
8.7483
8.7726
8.4743
8.6834
8.6400
8.6196
8.8273
8.5975
8.4423
8.6400
8.7426
8.8713
8.6529
8.7920
8.6976
8.7161
8.5923
8.5290
8.5719
8.7372
8.7975
8.6896
8.6936
8.7326
8.8486
8.6899
9.0095
8.9897
8.6228
8.8777
8.8704
8.8249
8.6882
8.7747
8.8919
8.8639
8.9404
8.9462
9.2015
9.0728
9.1725
8.9859
9.2675
9.2253
9.2609
9.1690
9.2431
9.1425
8.8784
8.9697
8.9210
8.7090
8.8736
8.8933
8.8373
9.1548
9.0305
8.9227
9.0168
8.9790
9.2427
8.9265
9.0849
9.0873
9.0985
8.9285
8.5365
8.5532
9.0566
8.9159
9.0348
8.9823
8.8820
9.0808
9.0638
8.9905
8.7558
8.8456
8.9207
9.0206
8.8249
8.9246
8.9279
8.9804
8.9825
9.0744
8.7949
9.2262
8.9752
8.7161
8.8247
8.8666
8.7163
8.6987
8.7762
8.5547
8.5511
8.9447
8.7114
8.8193
8.9028
8.9166
8.9641
8.6440
8.5384
8.8674
8.8609
8.7176
8.6673
8.8583
8.5585
8.5477
8.5186
8.7605
8.6514
8.7181
8.8524
8.6752
8.3806
8.6585
9.0251
8.7813
8.6104
8.5711
8.6916
8.5342
8.7310
9.1593
8.7454
8.9057
8.8884
8.9848
8.9637
9.0976
8.6847
8.7302
9.0572
8.9204
8.8826
8.9687
8.9920
8.9560
8.6895
8.7331
8.8403
8.8699
9.0596
9.0754
9.1782
8.9231
9.2033
8.7962
8.9881
9.3669
9.0926
9.0313
8.9888
8.9521
9.0561
8.8026
8.8563
8.9792
8.7172
9.0133
8.9741
8.9815
8.9023
8.9768
8.7588
9.0427
9.1170
9.0942
8.9337
8.8796
9.0804
8.9066
8.6462
9.1288
8.8142
8.8084
8.8148
8.8325
8.9240
8.9508
9.0146
8.7691
8.7401
8.9051
8.8002
8.7231
8.6869
8.7119
8.9958
9.0316
8.7150
8.8282
8.9396
8.9572
8.7338
8.7486
8.6516
8.7584
8.7380
8.5415
8.5387
8.7940
8.7921
8.6095
8.6145
8.6094
8.7913
8.5288
8.5277
8.6617
8.7863
8.7933
8.8624
8.7733
8.9477
8.8099
8.7912
8.7570
8.9008
8.7136
8.5726
