2.4608
2.7440
3.1043
2.7772
2.6841
2.7483
2.6808
2.5114
2.9847
3.1552
2.5770
2.8967
2.8476
2.7894
2.5837
2.6553
2.5004
2.2124
2.3994
3.2193
3.1242
2.7514
2.6440
2.6921
2.4760
2.8585
2.8151
3.0892
3.3409
3.1419
2.6864
2.8817
3.0649
2.6401
3.0729
2.9519
2.4195
2.5738
2.9087
2.3169
2.9745
3.0022
3.0291
2.5282
2.7629
2.4766
2.8497
3.1638
2.9201
3.2205
2.6900
2.5212
2.5719
2.7556
2.4713
2.3017
2.9654
2.6447
2.9668
2.6835
3.0974
2.5443
2.8533
2.6161
2.7761
2.8921
2.9377
3.2711
2.8889
3.2236
2.7142
3.0691
2.7333
2.5977
2.7209
2.8071
3.1535
3.2436
2.9483
3.0267
2.8430
3.2758
3.3744
3.0920
3.3022
3.5722
4.0570
3.8085
3.6727
3.9845
3.7228
3.5963
3.6109
3.2066
2.6655
2.9363
2.9071
2.7626
2.9192
3.0879
2.8771
3.0935
3.1186
3.0620
3.2147
3.0548
2.8808
3.0049
3.2343
3.0824
3.4419
2.8390
3.0731
3.1094
3.0111
3.2440
3.0506
3.3568
3.4277
3.3863
3.3870
2.7070
3.0381
3.0600
3.0925
3.2176
3.5836
3.2217
2.9613
3.4609
3.9581
3.1421
3.3379
3.1882
3.3548
3.2664
2.6736
3.2295
2.7656
3.0606
2.8654
3.0322
3.1721
3.0535
3.4929
3.0618
2.9716
2.8279
2.9757
3.0199
2.8800
2.7973
3.2376
3.0982
2.9126
2.8327
2.8151
2.8102
2.9010
2.7044
3.1548
2.8942
3.1243
2.4657
2.6564
2.8443
2.8673
3.4747
3.5381
3.0625
3.1980
3.2936
3.3537
3.1260
3.4757
3.2421
2.9850
3.1169
2.8999
2.8743
3.1616
3.3327
3.4000
3.5140
3.3661
3.0786
3.1283
2.9613
3.3957
2.9089
3.2456
3.1601
3.2727
3.0502
3.0866
3.2032
2.9417
2.8324
2.9839
3.4435
3.1475
3.0511
3.0876
3.3049
2.9371
3.1610
2.9557
3.0806
3.3099
3.1798
2.9522
2.4554
3.0017
3.1513
2.8721
3.1953
3.0588
3.3197
3.2583
2.8634
3.0348
2.8964
3.2769
3.2281
2.8390
2.7768
3.0162
2.7187
2.7221
2.7986
2.7822
2.6897
2.3993
2.6137
2.5889
2.2059
2.1937
2.5123
2.3911
2.4243
2.4792
2.5913
2.6128
2.7067
2.5172
2.9142
3.2090
3.1029
3.0544
2.8206
3.0267
2.8007
3.2187
2.9158
3.0182
3.0637
2.9547
3.1465
2.8291
2.8243
2.9514
3.0652
3.0668
3.2364
3.0939
2.9037
3.4002
3.2541
3.3175
3.7888
3.3721
3.3278
3.6685
3.3223
2.8176
3.1978
2.9346
3.0889
3.3015
3.2957
3.4141
3.5867
3.3260
3.5431
3.1276
3.3747
3.4864
3.7033
2.9770
3.5850
3.0011
3.3903
3.4152
3.6873
3.7150
3.7583
3.5699
3.1502
3.4083
3.4402
3.4676
3.4671
3.3609
3.1942
3.0599
3.1499
3.6489
3.5348
3.1604
3.3809
3.3318
3.0954
3.3513
3.2573
3.5191
3.6667
3.1519
3.1877
3.3224
3.5892
3.4108
3.5551
3.1433
3.0325
3.1578
3.3259
3.8299
3.6217
3.5172
3.2610
3.1890
3.0905
3.3415
3.2154
3.3813
2.6382
3.0626
2.8358
2.9280
3.0467
3.2734
2.4168
2.6096
2.6011
2.6241
2.5967
2.6014
2.3537
2.4858
2.6427
2.7871
2.6820
2.5280
2.4509
2.5435
2.8778
2.5421
2.8946
2.7676
2.5478
3.0114
2.9472
2.6577
2.7843
2.6309
2.9335
2.9452
3.0754
2.6209
2.8493
2.8680
2.7315
3.1678
2.6041
2.3495
2.7324
2.6744
3.1421
2.9558
2.8226
2.8764
2.7510
2.8381
2.9196
2.6224
2.5949
2.6593
2.3111
2.4962
2.8054
2.7622
2.7908
2.8913
2.8153
2.6709
2.7667
2.8029
2.7160
2.5566
2.4183
2.5517
2.4930
2.3786
2.4462
2.4205
2.7952
2.7704
2.6834
3.0131
2.7089
2.6520
2.6748
2.6490
2.6858
2.4580
2.3896
2.3363
2.3714
2.4956
2.6443
2.6591
2.6447
2.7173
3.0161
3.0910
3.1907
3.1837
2.8691
2.3607
2.6353
2.3435
2.7163
2.6394
2.4420
2.4994
2.7770
2.5058
2.5120
2.5110
2.3695
2.3730
2.7426
2.6001
2.5243
2.3577
2.5115
2.7929
2.6388
2.5247
2.7891
2.9611
2.9668
2.9620
3.0262
3.0062
2.7604
3.0822
3.1581
3.0419
3.4318
2.9020
2.7858
3.1130
3.1943
3.1477
3.3151
2.9870
2.9263
2.8728
2.7571
3.0396
3.3887
3.5103
3.4986
3.1187
3.4354
2.8441
3.2990
3.1165
2.7309
2.9261
3.0018
3.0544
3.1872
3.0806
3.2546
2.8504
3.2888
3.5931
3.3846
3.5664
3.4560
3.1180
3.3124
3.4725
3.0846
2.8415
3.1104
3.2295
2.9238
3.4901
3.1263
2.8846
3.4287
3.4444
3.1294
3.3044
2.7651
2.7765
3.0311
3.0151
2.5702
2.7962
2.8715
2.7105
2.9679
3.0176
2.9476
3.2057
3.5226
3.2887
2.9652
2.7556
3.1037
2.7874
2.7055
2.5688
2.7951
2.2839
2.7590
2.9222
2.6447
2.8398
2.9385
3.0758
3.2370
2.4918
2.5982
2.6403
2.7630
2.8107
2.8176
2.6358
2.8142
2.8092
2.8417
3.0597
2.8142
2.9657
2.9452
3.0606
2.9050
2.8342
2.6438
2.8541
3.0779
3.1039
3.3397
3.4453
3.2288
3.1008
3.3332
3.2216
2.9428
3.5094
3.5911
3.1148
2.8392
3.0963
3.2173
2.5579
3.5688
3.0642
2.7322
2.8844
2.5926
2.5769
2.5032
2.8195
2.7949
2.8215
2.7399
2.4894
2.4801
2.7035
2.8340
2.6106
2.5603
2.8309
2.7329
3.1763
3.4592
3.0254
2.3715
2.7296
2.7290
2.6823
2.7123
2.5025
3.1451
3.1750
2.9149
2.8454
2.8236
3.0023
3.0309
2.6924
2.8173
2.8073
3.1048
3.0691
3.2956
3.1317
3.0853
2.9600
3.0077
3.1877
3.3456
3.5732
3.1832
3.1492
3.2740
3.5729
3.6874
3.4008
3.4671
3.1044
2.9680
3.1653
3.3481
3.3708
3.2263
3.3356
3.4617
3.3519
3.0574
2.9486
3.1028
3.1829
2.9636
3.5423
3.1022
3.0647
3.2802
3.3576
3.4173
2.9761
2.7639
2.8141
3.0602
3.1150
3.1578
2.7727
3.3513
3.3495
3.5043
3.5674
2.9719
3.1592
3.4883
3.0447
3.3979
2.9167
3.3569
3.8024
3.5290
3.3286
3.2238
3.1169
3.4396
2.8898
3.1888
3.1345
3.0075
3.0945
3.1441
3.6385
3.6999
3.5205
3.0722
3.5231
3.6671
3.6310
3.3392
3.5817
3.3900
3.4033
3.5986
3.6100
2.7289
3.1949
3.3998
3.4025
3.2148
3.6807
3.3934
3.0276
3.0099
3.4988
3.3131
3.6021
3.3966
3.1777
3.1109
3.3318
3.3197
3.2712
3.4228
3.2788
3.6375
3.3174
3.0834
2.8894
3.0293
3.3227
3.0157
3.5353
3.2000
3.2457
3.0335
3.1199
3.1267
3.0847
2.9697
2.9647
3.2443
3.1709
3.0276
2.9115
3.0716
3.2031
3.1894
3.0981
3.2053
3.2205
2.9639
3.0847
2.9983
3.4279
3.4746
3.5579
3.1560
3.6971
3.3028
3.1065
3.2722
3.3596
2.8838
3.6113
3.7994
3.6104
3.0790
3.1774
3.0564
3.4139
3.2256
3.0899
3.4324
3.6263
3.5839
3.8617
3.6670
3.4551
3.0356
3.0128
2.8501
3.1378
3.1566
3.6043
3.1617
3.3487
3.2517
3.4836
3.4309
3.4576
2.9543
3.0966
3.4889
3.3959
3.6091
3.1361
3.3091
3.2687
3.4249
3.2284
2.8494
2.8988
2.6428
3.0090
3.0769
3.0202
2.9759
2.5458
2.1580
2.8688
2.9230
3.0199
3.1719
2.9625
2.7547
3.0980
3.0340
2.8689
3.0392
2.6484
2.9834
3.2935
3.1109
3.2028
3.1359
2.8541
2.9621
3.2593
3.0074
3.0886
3.0516
2.9771
2.5211
2.7008
2.9838
2.5625
2.7327
2.3722
2.7448
2.5809
2.8043
2.8203
2.7154
2.7088
2.7356
2.6778
2.5802
2.7860
2.7250
2.7366
2.8110
2.8186
2.9036
2.6197
2.5013
2.6101
2.6358
2.6487
2.5951
2.8050
2.6709
2.4791
2.1914
2.8460
3.2443
2.5757
3.1170
2.6803
2.8180
2.3690
2.6153
2.5891
2.7037
2.9767
2.9223
2.8518
2.4683
2.5469
2.5693
2.7767
2.3715
2.8064
3.1692
2.7013
3.0677
2.6209
3.2041
3.0644
3.1521
2.9365
2.9981
2.7724
3.0518
3.2511
2.7482
2.9350
2.8056
3.0557
3.0588
2.7710
3.2135
3.0737
3.3436
3.0117
3.2721
3.6570
3.4732
3.6554
3.1994
3.2809
3.5351
3.2760
3.1851
3.5029
3.3411
3.4305
3.2635
3.4806
3.5307
3.5741
3.2408
2.2549
2.8715
2.6105
3.2231
3.1968
3.6450
3.0641
2.9377
3.0979
3.0808
2.8255
2.7732
2.9817
3.3482
3.1907
3.2066
3.3726
2.9946
2.8054
2.8272
2.9060
2.6562
2.7782
2.9220
2.7740
2.9025
2.7908
3.3393
2.9999
2.7529
2.8869
3.2659
2.7054
2.7933
3.4895
3.0683
2.8269
2.9740
3.3468
3.4990
3.2324
3.0962
2.9280
3.2449
3.3607
3.3001
3.1575
3.5199
3.3016
3.3439
3.2153
3.2674
3.7890
3.7985
3.3215
3.3479
3.4517
3.2540
3.0811
3.0116
3.3659
3.1843
3.3863
2.9785
2.9872
3.0708
2.6149
2.5770
2.8311
2.8578
2.8095
2.9782
3.2176
3.2830
3.4206
3.4455
3.2240
3.3046
3.0680
2.9906
3.2752
3.1287
2.9195
3.1569
3.5142
3.3491
3.6211
2.9945
3.4056
3.1443
3.0893
2.9633
2.9164
2.7335
2.8835
2.9567
2.8249
2.8096
2.7454
3.1178
3.0007
3.0339
2.6714
2.9051
3.1171
2.6214
2.9204
2.6295
2.2307
2.5606
2.6676
2.8401
2.7869
2.7104
2.6991
2.7759
2.9216
2.8553
2.7077
2.5977
2.7113
3.0948
2.4375
2.6320
3.0675
2.5461
2.8198
2.5546
2.5789
2.5960
2.7135
2.6130
2.5830
2.5544
2.6082
2.6471
2.4792
2.5350
2.2976
2.5832
2.6438
2.3196
2.5370
2.5799
2.4339
2.5016
2.6197
2.7824
2.6059
2.2968
2.3665
2.7479
2.8018
2.6858
2.6825
3.1583
3.2250
3.0679
3.0947
3.5353
3.1891
3.3454
2.8126
3.0901
2.7659
2.8405
3.0700
3.0129
2.7057
3.1910
3.0202
3.0754
3.0411
3.3299
3.2942
2.7532
3.0973
2.9132
3.0899
3.0810
2.9431
2.8927
2.8996
3.0468
2.9451
2.3158
2.7164
2.7543
2.8602
2.6800
2.8548
3.0060
3.2459
2.9280
2.7579
2.6998
2.8348
3.2078
2.8821
3.2419
3.4914
3.4433
3.1150
3.0947
2.9964
3.1512
3.1159
3.1498
2.9492
2.4936
3.0225
3.1151
3.0119
3.2322
3.2615
3.1825
3.5864
3.6671
3.0553
3.2116
3.2643
3.5203
3.8776
2.9138
2.9871
3.3094
3.3863
3.0775
3.1632
3.2240
3.0834
3.5971
3.4093
3.2402
2.9397
3.5458
3.2231
3.0927
3.1050
3.0708
3.2569
3.5466
3.0439
2.9751
3.2145
3.5386
3.3477
3.6748
3.1484
3.1340
3.0389
3.4524
3.2729
3.1402
3.0958
3.2403
3.4756
3.3339
3.0137
3.3129
3.4158
3.0690
3.0937
3.1301
2.8992
3.0110
2.9217
3.2668
3.5420
3.7515
3.3041
3.5743
2.9811
3.0490
3.1652
3.2404
3.3657
3.4138
3.3855
3.5279
3.0761
3.1161
3.5969
3.2783
3.5949
2.8207
2.9688
2.6665
3.0052
3.1222
2.9335
3.1629
3.2959
3.1016
3.1978
3.2092
3.4160
3.1540
3.2697
2.9630
2.6283
2.9896
3.0482
3.1867
2.8689
2.9814
3.0282
3.1521
2.9242
3.2893
3.2236
3.4211
3.2267
3.2549
3.0914
3.4660
2.9403
2.9334
3.4360
3.3768
3.3293
3.1567
3.1546
3.1362
3.3799
3.0649
3.1463
3.0727
3.3013
3.2072
3.1562
2.9532
3.0523
3.1713
3.0735
2.7980
2.9660
3.2078
3.5834
3.5035
3.4960
2.9506
3.1555
3.2260
3.4673
3.1734
3.6223
3.3310
3.3347
3.2109
3.1710
3.3709
3.3833
2.6047
3.3431
2.7815
2.7393
2.9464
3.0289
3.1708
3.6944
3.5337
2.9395
2.8194
3.2819
3.4760
3.0274
3.0494
2.9722
2.9752
2.9250
2.8509
3.0811
2.7363
2.8654
2.7921
2.9694
3.1678
2.7116
2.9503
3.0716
2.8980
3.0149
3.1969
3.2808
3.1806
3.2411
2.8411
2.7616
3.1999
3.3225
3.2519
3.5172
3.3021
3.2330
3.1762
3.1092
2.6868
3.3130
3.6697
3.2686
3.0165
3.0504
2.8813
2.9843
2.7978
2.9747
2.8904
3.1840
3.2966
3.4197
3.1969
3.2208
3.2067
3.2413
3.3115
3.1874
3.1758
2.6910
2.6445
3.1586
2.9722
3.2049
3.4490
3.2746
3.0269
2.6978
2.9693
2.6373
3.2957
3.4018
2.9887
2.9455
3.4064
3.3872
2.8949
3.0744
3.3620
3.0194
2.9700
2.9338
3.0816
2.9773
2.7730
2.6487
3.1207
2.8337
3.0339
3.0894
3.3765
2.8969
3.0966
2.9503
2.9889
3.1893
3.1727
2.6586
3.3006
2.6131
3.3521
3.3237
2.8809
2.9511
3.1457
3.3522
3.2837
3.4673
3.4210
3.5796
3.3093
3.3569
3.3315
3.6173
3.2363
3.2957
2.8872
2.6489
2.8124
2.8316
2.5504
2.9971
2.9612
3.0658
3.5055
2.7981
2.7870
3.0870
2.9739
3.0527
2.9222
2.6146
2.7152
3.2152
2.6923
3.1022
2.9577
2.6848
2.7268
3.2448
2.4978
2.6266
2.4733
2.8788
2.9935
3.0052
2.9499
2.5041
2.8970
3.1846
3.0987
2.6034
2.5162
2.5417
2.3617
2.3043
2.4283
2.5363
2.7684
2.5263
3.2030
3.0534
2.6132
2.5584
2.6270
2.8041
2.7958
2.7885
2.5922
3.0259
3.0194
2.8623
3.2252
2.7879
2.9156
3.3135
3.2726
2.9289
3.6069
3.0649
2.5676
2.9310
3.0016
3.5029
2.7493
2.9357
3.2703
3.3034
3.3913
2.9684
3.3168
3.3166
2.8793
2.9802
2.8955
3.2054
2.9060
3.0216
2.8548
2.9042
3.1134
3.0482
3.1881
2.7252
3.0068
2.9992
2.9008
3.0689
3.0312
3.1081
3.1255
2.8783
3.2514
3.4138
3.3860
3.3089
3.3117
3.2036
3.2002
3.6663
3.7740
3.6383
3.8796
4.1309
4.1317
3.6151
3.4328
3.7078
3.4318
3.6770
3.6450
3.8685
3.7816
3.4824
3.1237
3.2443
3.3918
3.1208
3.4032
3.4234
3.2493
3.2980
3.3726
3.0383
3.2580
3.1293
3.2606
3.4683
3.1703
2.9978
2.7885
3.2954
2.9396
3.3375
3.6435
3.9422
3.6109
3.5923
3.4996
3.3921
3.5321
3.5748
3.4882
3.3387
3.4391
3.7839
3.2550
3.5347
3.5509
3.3959
3.4190
3.5892
3.3410
3.4262
2.8958
3.1218
3.0330
3.2811
3.3525
3.4025
3.2503
3.2497
3.0844
3.1972
3.3274
3.4580
3.5344
3.6674
3.4737
3.5024
3.4422
3.5838
3.8746
3.3894
3.3627
3.5586
3.5766
3.4931
3.4697
3.9493
4.1786
3.7390
3.5265
3.4924
3.4048
3.2297
3.4658
3.5386
3.2762
3.3839
3.5422
3.5074
3.8353
3.6964
3.5061
3.4424
3.6054
3.7757
3.7069
3.3875
3.4829
3.2954
3.6151
3.7154
3.4895
3.4563
3.4603
3.1567
3.2833
3.1758
3.1382
3.4571
3.3432
3.1595
3.2209
3.5147
3.5640
3.4235
3.6824
3.4632
3.3947
3.2463
3.2911
3.2065
3.3276
3.5552
3.2900
3.0120
3.0207
3.1785
3.1474
3.2697
3.4921
3.0995
3.3133
3.4114
3.3537
3.5122
3.4682
3.5756
3.5108
3.7743
3.5625
3.9204
3.6079
3.5389
3.5792
3.7628
3.8035
3.5873
3.4827
3.7009
3.4460
3.9504
3.5456
3.5576
3.4184
3.1176
3.4211
3.0821
2.9950
3.1836
3.5152
2.9282
3.0356
3.0353
3.4037
3.2034
3.3127
3.3525
3.2622
2.8357
3.1463
2.7657
2.8115
2.9936
2.9645
2.8237
2.6445
3.0000
2.7460
2.9599
3.0935
2.9409
2.8879
3.1431
2.8204
2.9500
2.7155
2.9838
3.0437
3.0763
3.0243
2.9299
3.0065
2.8639
2.9419
2.8753
2.8020
3.0640
2.7806
2.8551
2.6638
2.6988
3.1203
2.8316
3.0224
3.0399
2.9766
3.0924
2.9674
2.8456
2.9067
2.9779
2.8633
2.9457
2.7850
2.8314
2.5861
2.8191
2.8155
2.8358
3.0078
2.7552
3.0601
2.8942
2.8513
3.0226
2.7654
3.0289
2.8970
2.7508
2.8072
3.1320
2.8241
2.8608
2.6858
2.5879
2.9608
3.0380
2.9046
2.8772
3.0271
2.8983
3.0642
3.1674
2.5220
2.9901
2.6806
2.6651
2.6015
2.6263
2.9653
2.6917
2.8478
2.9460
2.8904
2.8896
2.8480
2.6911
2.7549
2.6218
2.7631
2.4938
2.8837
2.8232
2.8207
2.8181
2.9827
3.2498
3.1136
2.8954
2.9300
3.0948
3.0852
2.9620
2.7659
3.0734
3.3018
2.8894
2.8465
3.1340
2.7517
2.9495
2.8319
2.7894
2.6407
2.7831
2.9345
2.7747
3.0068
2.9379
2.8256
2.8725
2.9422
2.8904
3.0280
2.7721
2.8866
3.0580
3.1077
2.8024
3.1615
3.2023
2.7334
2.6492
2.9075
2.7467
2.7970
2.8641
2.9567
2.7914
2.7908
2.5294
2.6436
2.9993
2.9210
2.8466
2.7447
2.8178
2.9741
2.8756
2.6675
2.8385
3.0774
3.1031
2.9878
2.8877
2.8619
3.1152
2.7060
2.7587
2.8326
2.9555
2.8215
2.7660
2.5469
2.8704
2.8476
2.9250
3.0576
3.0279
3.0367
2.7249
2.7483
2.9133
2.7693
2.6988
2.8595
2.7660
2.8829
2.7606
3.0491
2.7113
2.8003
2.8930
2.8621
2.8571
2.7568
2.9483
3.0357
2.8710
2.9481
2.8349
3.1508
2.9126
2.8372
2.9101
2.8986
3.0865
3.0362
3.0439
3.1753
3.2189
2.9645
3.0503
3.4352
2.7975
2.8603
3.1984
2.7269
2.7189
2.7680
2.7243
3.0884
2.9815
3.3499
3.3755
3.4287
3.3520
3.8108
3.3055
3.6091
3.0568
3.0887
2.8834
2.7199
2.5898
3.2029
3.1391
3.0185
2.9897
3.2880
3.6201
2.9245
3.0788
3.2560
3.3167
3.2928
3.0967
3.2401
3.2365
3.2396
3.3122
3.5917
3.8271
3.8462
3.5698
3.5261
3.4380
3.3688
3.2642
3.1112
3.2984
3.3610
3.7254
3.5836
3.5572
3.4208
3.4510
3.7344
3.7468
3.4904
3.0771
3.3832
3.2291
3.2242
3.6825
3.8342
3.5286
4.1013
3.9346
3.9194
3.5202
3.4149
3.9875
3.9494
4.0617
3.7751
3.8212
3.6768
2.9559
3.5091
3.6568
3.6487
3.6513
3.7081
3.5813
3.8882
3.2931
3.9671
3.4455
3.1671
3.2259
3.3430
2.9062
3.3934
3.6095
3.7747
3.5750
3.6831
3.5799
3.6779
3.3179
3.6775
3.8917
3.5808
3.6817
3.7670
3.3265
3.6567
3.9763
4.3781
4.4928
3.4489
3.4158
3.6047
3.5232
3.5712
4.0599
3.9495
3.6897
3.0289
3.7320
3.3800
3.6220
3.6279
3.2785
3.0340
3.7408
3.2445
3.4744
3.2981
2.7958
2.9107
2.9324
3.1474
2.7314
3.2489
3.1484
3.1840
3.1528
2.9541
3.0510
3.3425
3.1579
3.1085
3.3578
3.3422
3.2490
3.2962
3.3917
3.2754
3.2053
3.4474
3.5523
3.4629
3.4148
3.2132
3.1019
3.0341
3.0962
2.7716
2.8852
3.0075
2.7567
2.9114
3.0403
2.6959
2.6557
3.2562
3.2140
3.1030
3.1056
3.2502
2.8461
3.3881
3.2199
3.2094
3.2991
3.2568
3.0500
3.4394
3.3019
2.9536
3.4461
3.3022
3.1962
3.3691
3.2385
3.7460
3.3857
3.0958
3.3305
3.0849
3.2111
3.5060
3.0873
3.4184
3.1509
3.3833
3.2893
3.2598
3.5016
3.1583
3.1997
3.2984
3.4042
3.2119
3.5402
3.5038
3.4415
3.8114
3.4868
2.8852
3.2620
3.0927
3.2562
3.1328
3.2263
3.2052
2.9604
3.1555
3.5165
3.1067
3.3695
3.1143
4.0025
3.3834
3.4221
3.1562
3.3583
3.1277
3.4500
3.3856
3.0247
3.2628
3.2483
3.2397
3.1502
3.9150
3.2509
3.0374
3.1052
2.9466
3.3742
3.1381
3.0673
3.1356
3.3237
2.9683
3.3709
3.2664
3.3952
3.0051
3.0951
3.1461
3.1624
2.9493
3.1731
3.1824
3.2993
3.1729
3.2482
3.3858
3.2674
3.7145
3.0093
3.7580
3.4911
3.2000
3.5356
3.3575
3.3058
3.2049
3.0223
3.2959
3.6016
3.6083
3.9642
3.6844
4.1106
3.9101
3.6409
3.6704
3.2694
3.5173
3.8405
3.9197
3.5429
3.3852
3.3768
3.2860
3.2238
2.9815
3.0401
3.3212
2.9456
3.0331
3.1435
3.2454
3.0324
3.0696
2.9327
2.8058
2.6534
2.8486
2.9026
2.7455
3.0003
2.8959
2.8588
2.6566
2.6232
2.4282
2.8596
2.4986
2.8072
2.8011
2.8693
2.8605
2.8351
2.7652
3.0266
2.6755
2.8630
2.9528
3.1153
3.0659
3.0264
3.2105
3.2732
3.2655
3.0376
3.0477
3.4671
3.3559
3.4705
3.1973
2.9968
3.2277
3.5983
3.5813
3.2273
3.2429
3.3415
3.0986
3.7286
3.4116
3.2308
3.2768
3.2045
3.7511
3.6985
3.8486
3.4999
3.3380
3.1034
3.1370
3.1245
2.9931
2.8476
3.0049
3.3802
2.9567
3.2800
3.3740
3.2139
3.1034
3.0295
3.1180
3.3605
3.2722
3.0337
2.9288
3.0887
3.3414
3.1289
3.2200
3.5688
3.6901
3.3691
3.7735
3.3041
3.5117
3.3070
3.6022
3.8804
3.3972
3.5642
2.9464
2.9781
3.7394
3.3357
3.3646
3.3801
3.1198
3.4731
3.0174
3.0743
2.9633
3.3878
3.2699
3.3362
2.7553
3.2034
3.3833
3.3132
3.4354
3.7345
3.8014
3.2352
3.3726
3.4386
3.5458
3.7824
3.6333
3.4809
3.8979
3.4806
3.3774
3.2930
3.2677
3.1918
3.3437
3.3954
3.3540
3.2782
3.4766
3.1994
3.4453
3.6661
3.4807
3.4002
3.3549
3.2594
3.2495
3.2986
3.1107
3.4378
2.9930
3.5497
3.1499
3.3209
3.1392
2.9334
3.1318
3.2662
3.1867
3.2465
3.0830
3.2363
3.0913
3.1390
3.1839
3.4590
3.0042
3.2534
3.2886
3.4777
3.1034
3.1531
3.2047
3.1120
3.1009
3.0342
2.7260
2.9347
2.8822
2.7232
2.9376
3.0450
2.9475
3.0294
3.0919
2.9476
3.1208
2.9245
3.1512
3.3251
3.0747
3.0060
3.0577
2.9847
3.2175
3.1544
3.1503
3.2652
2.8095
2.8395
3.2432
3.1719
3.2165
3.2635
3.2916
3.2505
3.0723
2.9711
2.9442
2.9482
3.0281
3.1643
3.1496
3.4036
3.3843
3.2430
3.1461
2.9371
3.2255
2.9844
3.2175
3.2713
2.9799
3.1933
2.9394
3.0926
3.0351
2.6207
2.8377
3.2298
3.2095
3.0571
2.8438
2.9292
3.0014
2.9754
3.0848
2.7637
2.8734
2.8251
3.0426
2.9167
3.1047
3.1265
2.8333
2.9301
2.8660
3.2303
3.2005
3.2560
3.1958
2.9364
3.1266
3.0203
3.3819
3.1755
3.2334
3.2737
3.6154
3.0994
3.3660
3.2839
3.2859
3.2019
3.0675
3.3460
3.2503
3.1771
2.9496
3.0462
2.7812
2.7041
2.7998
2.8959
2.8734
3.1893
2.9399
3.0683
3.1111
2.9042
2.8822
3.1869
3.3119
3.1250
3.3465
3.0326
2.9557
3.0976
2.8931
3.1777
3.1997
3.0215
3.1778
3.3314
3.2711
3.1866
3.1647
3.4044
3.3255
3.3235
3.3672
3.5981
3.6293
3.1624
3.0477
3.3948
3.4442
3.1636
3.1091
3.1985
3.3234
3.3169
3.5338
3.2656
3.1277
3.0333
3.5041
3.4205
3.0192
3.1800
3.0518
3.0414
3.5045
3.3273
3.3213
3.1587
3.0230
3.3057
3.0885
3.3195
3.0618
3.2913
2.9243
2.9575
2.9975
2.9458
2.8959
3.0121
2.9536
2.9818
2.9704
2.9695
3.1541
2.9575
3.2584
2.6213
2.6447
2.8938
2.8122
2.7884
2.9501
2.8256
2.8928
3.0517
3.2376
3.1757
3.0749
3.1608
3.3994
3.3340
2.9996
2.7442
2.8269
2.8368
2.9922
3.0949
3.0333
2.9953
2.6229
3.4301
2.8842
2.9196
3.1514
2.7799
3.0908
3.1470
2.8263
2.9884
2.8241
3.0981
2.4830
2.8941
2.9646
2.5647
2.6166
2.7411
2.6719
2.9602
2.9048
3.0240
2.9520
2.8456
2.8441
2.8649
2.9560
3.2148
2.8607
2.8473
2.7619
3.1254
3.1735
2.8758
3.0278
2.6734
2.8089
2.8665
2.7714
2.9096
2.6901
2.8133
2.7367
2.9191
2.9710
3.1612
3.0623
3.1747
3.1864
3.1006
3.2232
3.4421
2.9188
3.0071
3.1545
3.1934
3.0920
3.4458
3.3867
3.3479
3.4864
3.3369
3.3559
3.3589
3.4628
3.2314
3.0253
3.3367
3.3952
3.1362
3.2219
3.0359
2.9987
3.4219
3.1566
3.0468
3.4193
3.5835
3.6119
3.8774
3.6199
3.3975
3.7523
3.6532
3.6636
3.7290
3.5828
3.7425
3.6561
3.7957
3.9929
3.7481
3.8579
3.2467
3.6468
3.7249
3.7472
3.4781
3.5407
3.1663
3.3244
3.1653
3.3627
3.4028
3.2212
3.3404
3.4344
3.2253
3.4020
3.7586
3.9408
3.5660
3.9223
3.7155
3.1808
3.5087
3.6286
3.3162
3.1791
2.9029
3.2272
3.3414
3.2359
3.3693
3.7018
3.0816
2.9733
3.1690
3.3410
3.3058
3.2646
3.3461
3.2709
3.2626
3.4543
3.4844
3.6785
3.3491
3.3191
3.3150
3.7347
3.4438
3.4604
3.3059
3.5973
3.5014
3.6111
3.2763
3.4235
3.8903
3.8960
3.3540
3.5819
3.8060
3.6955
3.8643
3.8030
3.7570
3.5545
3.5179
3.7508
3.3685
3.5033
3.4374
3.6767
3.6661
3.4092
3.7940
3.5778
3.4037
3.1685
3.5594
3.3497
3.4675
3.3418
3.7047
3.5457
3.5469
3.5111
3.1310
3.3829
3.5575
3.6361
3.4849
3.4439
3.7386
3.3692
3.3331
3.0841
3.2102
3.2461
3.3152
3.1320
3.4812
3.4917
3.3544
3.4480
3.2670
3.4488
3.0291
2.9701
2.8651
2.8960
2.9331
3.0715
3.0862
3.0858
2.7380
3.2557
3.2979
3.0600
3.1971
3.1262
3.4854
3.5338
3.5397
3.1214
3.3595
3.2543
3.3042
3.2603
3.3220
3.1438
3.2624
3.3229
3.3421
3.5649
2.9583
3.2926
3.0050
3.1669
3.1788
3.3092
3.6274
3.3939
3.2998
3.5563
3.9046
3.5356
3.1201
3.4035
3.7718
3.2906
3.3774
3.3786
3.8325
3.1119
3.3194
3.1750
3.4406
3.4355
3.3728
3.3286
3.1394
3.3161
3.0905
3.2279
3.4495
3.1465
3.1887
3.3554
3.4452
3.0676
3.1706
3.7294
3.4621
3.3830
3.5722
3.6913
3.5289
3.7831
3.1801
3.0410
3.4933
3.4095
3.5972
3.1980
3.2692
3.2571
3.2898
2.8799
3.2856
3.5124
3.6299
3.3612
3.5190
3.2662
3.7139
3.2779
3.4530
3.5334
3.7413
3.2236
3.2705
3.0921
3.2130
3.1982
3.4016
3.4297
3.6831
3.4863
3.0931
3.3189
3.3351
3.4031
3.5267
3.4967
3.6705
3.7950
3.8231
3.6644
3.2698
3.5353
3.6207
3.4226
3.6161
3.5783
3.5108
3.1553
3.5901
3.3265
3.5828
3.4439
3.3018
3.3463
3.1076
3.2826
3.4473
3.3394
3.5735
3.3705
3.2529
3.3667
3.2942
3.2683
3.2903
3.4453
3.3938
3.3049
3.4236
3.3993
3.3590
3.3274
3.4842
3.2278
3.5350
3.3143
3.1505
2.8278
2.9660
3.0857
2.8563
2.9175
3.0144
2.6297
2.9203
3.2879
3.0609
3.0806
2.8640
2.9599
3.2780
3.0605
3.1409
3.0329
3.2329
3.0499
2.8918
2.8935
3.0481
3.0944
2.8893
2.8057
3.0677
2.7446
2.7773
3.0695
2.8389
2.7497
2.9124
2.7760
3.0567
2.8646
2.7030
2.8046
2.9284
2.8534
2.7220
2.5955
2.6982
2.5666
2.7700
2.8551
2.7528
2.8547
2.9062
2.7121
3.0217
2.7369
2.9159
2.8628
2.9554
3.0456
2.8467
2.9796
3.1241
3.1943
2.9388
2.9023
2.8550
2.8994
2.8098
2.8183
2.7371
2.5975
2.8656
2.5943
2.8029
2.9645
2.8125
2.7250
3.0120
3.3476
3.2432
3.2140
3.3815
3.4189
3.3476
3.4066
3.2126
2.8805
2.9485
3.1338
3.2140
2.9994
2.8166
2.8054
2.9671
3.2940
3.2103
3.3776
2.9655
3.1287
3.0049
3.0000
3.0278
3.0665
3.0134
3.1397
3.0079
2.9798
3.2646
3.3989
3.4896
3.0415
2.9739
3.1830
3.0840
3.1392
2.9009
3.0481
2.8903
2.9882
2.7786
3.1685
3.1182
3.1627
2.8833
3.3981
3.1319
2.8478
2.9005
2.8926
3.2432
3.3016
3.2184
2.6853
2.8635
3.1582
3.1892
3.2142
3.0396
3.0636
3.0574
3.2040
2.8497
2.6471
2.5568
2.7988
3.1121
2.6782
2.9223
2.8206
2.9861
2.5132
2.9030
3.1968
2.8353
3.5751
3.2866
3.2419
2.9304
3.0842
3.0857
3.1395
2.5539
2.7847
2.5804
2.7211
2.9566
2.7714
2.9379
3.0162
3.0705
2.8412
2.4630
2.7666
2.8673
2.5571
3.0022
3.2366
3.0483
2.9311
3.0552
3.4578
3.6263
3.1223
3.1970
3.0414
2.6665
3.1823
2.9563
2.6602
2.6097
2.7594
2.8778
2.8820
2.8151
2.5796
2.7202
2.9147
2.5057
2.7037
2.8221
2.6832
2.7783
2.6181
2.7615
2.9616
2.6483
2.7137
2.6244
2.5323
2.9059
2.7882
2.6712
3.1451
2.6786
2.9966
3.0762
2.9208
2.7733
3.3041
3.2329
2.8323
3.2413
2.8174
2.8810
2.8277
3.0140
2.9359
3.1227
3.1938
3.1291
2.9958
2.7708
3.1204
2.7117
3.1139
2.7303
2.9779
2.7981
2.7317
2.7458
3.1124
3.0347
2.8621
2.8552
2.4798
3.0159
2.9964
2.8661
3.1487
2.7791
2.8379
2.5944
2.9640
2.9935
2.7679
3.2806
2.8068
3.0124
2.7940
2.7484
2.8179
2.8507
2.4815
3.0335
3.0178
3.0939
2.6253
2.9019
3.2659
2.9098
2.9268
2.7519
2.9297
3.1829
2.8836
2.9743
2.8899
3.2921
2.9080
2.8983
2.9302
2.7512
2.8934
3.0864
3.1410
2.8521
3.3437
3.1225
3.3692
2.7426
2.9401
2.9389
3.0068
2.7242
2.8313
3.1520
3.1707
2.7045
3.3036
2.9361
2.9723
2.7041
3.0162
3.0119
2.9534
3.1284
3.2142
2.9338
3.0639
3.0550
3.3862
3.2225
2.9145
3.1423
3.2194
2.8263
3.0274
3.0748
3.3229
3.1922
2.9027
3.2694
3.1199
3.1573
3.2182
3.1269
2.8261
3.3717
3.3454
3.0585
3.1196
3.0088
2.9751
2.8064
3.1256
2.9147
2.3494
2.6857
2.6379
2.9686
2.9360
2.6673
3.0303
2.9591
3.2537
2.9115
3.0192
3.1192
2.8155
2.5957
2.7467
2.8744
2.9653
3.2371
2.6561
2.8528
2.6849
2.7390
3.0178
2.5565
2.5787
2.8436
2.3691
2.6517
2.6868
2.6473
2.5967
2.7446
2.4971
2.8059
2.7370
2.8657
2.7923
2.9132
2.7607
3.1666
3.0027
2.8975
3.3228
3.1860
2.9660
2.9401
2.9843
3.0900
2.9870
3.3333
2.8876
2.9255
3.6242
3.4222
3.0047
2.7471
2.8822
3.0659
3.1453
3.5028
2.7663
2.9355
3.3268
3.1819
3.1520
2.9966
3.1395
3.3524
3.2305
3.1008
3.0037
3.1569
2.9466
2.9411
3.0216
3.0338
3.2618
3.0564
3.2817
2.9735
3.2789
3.1512
3.1422
3.1012
3.0102
3.2081
3.1746
3.3599
3.3801
3.1068
2.9143
2.9794
2.9161
2.8994
2.8012
3.0870
2.9643
2.8798
3.0464
3.3129
2.8662
2.7198
3.0145
2.9514
2.7133
2.4852
2.9911
2.9015
3.0658
3.0905
3.1224
3.3900
3.5472
3.5698
3.2878
3.1568
3.0917
3.2783
3.0718
3.0321
3.3802
2.9691
3.0121
3.1480
3.1887
2.6683
2.5953
3.0438
2.7914
2.8418
2.7290
2.8708
2.8034
2.7773
2.8054
2.5776
2.9864
2.6579
2.6165
2.8266
2.6981
2.9797
2.7999
2.7530
2.7147
2.8075
2.8078
2.7905
2.6276
2.7080
2.7783
2.7293
2.7779
2.7345
2.7854
2.6392
2.6576
2.8423
2.8300
2.7868
2.7741
3.0018
2.8781
2.9550
2.6011
2.9390
3.0217
2.7944
2.8861
2.8896
2.6361
2.6647
3.2927
3.0770
2.8680
3.0164
2.9850
3.1453
3.1209
3.0966
2.7968
3.1517
2.9143
2.9834
3.1013
2.9118
2.8548
2.8889
2.7266
2.8740
2.8561
2.8636
3.1864
2.8755
3.1594
2.8848
2.8510
2.7829
3.2694
2.9630
3.1676
3.1312
3.2913
3.3389
2.9492
3.1887
3.0486
2.8825
2.8773
2.5534
2.6019
2.8612
2.6948
2.8137
2.9835
2.7583
2.4960
2.4709
2.9803
2.7016
2.6851
2.5655
2.3794
2.7251
2.6392
2.7758
2.7673
2.6659
2.7796
2.7964
2.6861
2.8218
2.7176
2.5187
2.8980
2.8417
2.6995
2.6569
2.5669
2.8382
2.9223
2.6789
2.8045
2.7540
2.7306
2.6046
2.7521
2.6991
2.7859
2.8857
2.7261
2.6481
2.8189
2.8785
2.8073
2.5887
2.6740
2.4628
2.8260
2.7412
2.8608
2.7079
2.8136
2.6235
2.9102
2.7389
2.6346
2.8789
2.7628
2.6195
2.8317
2.7407
2.7854
3.0218
3.1275
2.9794
2.9378
2.7428
2.9350
3.0240
3.0879
2.7060
2.7062
2.4207
2.4810
2.4316
2.5523
2.5231
2.8968
2.8976
2.8012
2.7767
2.7888
2.7013
2.7043
2.7498
2.6429
2.6763
2.6193
2.6160
2.4308
2.6122
2.5098
2.5168
2.5048
2.8031
2.5090
2.9270
3.2258
3.0229
3.1893
2.6575
2.7421
2.6618
3.1567
3.0784
3.3140
3.2279
3.2055
2.9267
3.1891
3.2997
3.2251
3.4892
3.5485
3.3291
3.3302
3.1752
2.9873
3.1395
3.0988
3.4392
3.3501
3.1610
3.4164
3.3290
3.3914
3.1619
3.3427
3.0694
3.0031
3.6093
2.9570
3.1351
3.1855
3.1089
3.1055
3.2438
3.1762
3.0096
3.1262
3.3124
3.2767
3.3275
3.4210
3.5655
3.0701
3.2561
3.3949
3.2050
3.2500
3.5126
3.5185
3.4830
3.4982
3.6169
3.3822
3.5244
3.4523
3.3673
3.1136
3.5583
3.4405
3.3470
3.2818
3.1104
3.0677
3.2419
3.4253
3.5552
3.2934
3.4969
3.0916
3.2708
3.2408
3.2480
3.0759
3.2427
3.0077
3.0356
3.2074
3.1961
3.0847
3.2340
2.7951
3.2597
3.0381
2.8371
2.9185
3.0500
2.9332
3.2398
3.3440
3.0013
3.2890
3.2295
3.0858
3.0093
3.0296
3.3582
3.0413
3.3428
3.2288
3.2084
3.0818
3.1631
3.1025
3.1892
3.4986
3.1044
3.0891
2.9811
3.4029
3.2665
3.0456
3.1064
3.0285
3.3852
3.0753
2.9908
3.1910
3.0553
2.9800
2.9690
3.1596
3.0871
3.2961
3.0904
2.9632
3.0561
3.1407
3.2768
3.3418
3.0668
3.3371
3.3880
3.2284
3.3457
3.1211
3.3014
3.3088
3.2035
3.3011
2.8754
3.2746
3.0900
3.0221
2.9900
3.0729
3.1241
2.9533
3.3135
2.8732
3.2233
3.2595
3.0096
3.0405
2.9981
2.9024
3.1990
2.8078
2.7958
3.1268
3.1499
3.2593
3.1048
2.9896
2.9088
3.0298
2.8800
2.8787
2.9207
2.8152
3.2672
3.1752
3.0512
2.9361
3.0673
2.9739
2.9308
3.2486
2.9659
2.8137
2.9621
2.9397
2.7682
2.9234
3.1462
3.0458
3.1320
3.1027
3.0509
3.0982
2.9764
3.2331
2.9529
3.0916
3.0327
3.3088
3.4678
2.7513
3.1464
3.1847
3.2513
3.1491
3.0949
3.1102
3.1655
3.3796
3.4497
3.3217
3.2372
3.4218
3.1549
3.2181
3.2742
3.3638
3.4075
3.3131
3.6364
3.2644
3.2172
3.0866
3.3989
2.9598
3.1554
3.1216
3.0491
3.3978
3.5593
3.1753
3.2922
3.3762
3.1692
3.0019
3.4486
3.3287
3.1050
3.1385
3.0947
2.8045
2.9096
3.0056
2.8957
2.8773
2.9093
2.8850
2.9948
2.8547
2.8698
2.9387
3.0248
2.9665
2.7941
3.0559
2.9626
2.7016
3.1246
2.8791
3.0358
3.0678
2.9479
2.7432
3.2673
2.9011
3.0090
2.8218
3.0798
3.0681
3.1726
2.9230
3.0487
3.4501
3.2820
3.1697
3.1188
3.2193
3.3957
2.9661
3.1569
3.0758
2.9234
3.0942
2.7812
3.3635
3.2573
3.2929
3.2338
3.2085
3.1027
3.1506
3.1235
3.4388
3.2746
3.1734
3.0934
3.1571
3.3238
2.9243
3.2390
3.0571
3.1863
3.0299
2.9733
3.0246
3.2994
3.1104
2.9856
2.9998
2.9682
3.1599
2.9512
3.0725
3.0026
3.1810
3.0844
3.1313
3.0598
3.1122
3.2196
2.8150
3.0932
3.0057
3.0195
3.1474
3.2006
2.9774
3.2490
2.7926
2.9435
2.9686
2.9757
3.0840
2.8842
3.1023
2.9149
3.1783
2.9410
2.8827
2.8641
2.7292
3.0253
3.1352
3.0078
2.9936
3.2200
3.1992
3.1403
2.8357
2.8630
2.8758
2.8498
2.9418
2.8756
3.1624
3.1015
3.0528
2.9885
2.8984
2.9176
3.0523
3.0382
3.0112
3.3576
3.0876
2.8062
2.9791
2.8777
3.0305
2.9803
2.8400
2.8793
3.2724
2.8403
2.9077
2.9526
2.8499
2.9676
3.0331
2.9845
3.0302
3.3095
3.1927
3.0069
3.0031
3.2030
3.4915
2.9469
3.1533
2.8986
2.9857
3.1249
2.9182
3.2612
3.1472
3.0855
3.1265
3.0737
2.9533
3.5258
3.2026
3.0139
3.0568
3.2470
3.0104
3.2177
2.8859
2.9580
3.2444
3.0177
2.9631
3.2682
3.1330
3.1862
2.9694
3.1286
3.0173
3.3329
2.9663
2.8681
2.8931
3.0820
3.0282
2.9093
3.0386
3.0597
2.9710
3.0342
3.3168
2.9518
3.1583
3.1696
2.8814
3.1083
3.1343
2.9738
3.0491
3.0678
3.1481
3.2168
3.1162
3.0548
3.0358
3.1093
2.9001
3.2525
3.0715
2.9800
3.1936
3.2148
3.2811
3.4800
3.1397
3.2325
3.0752
3.0070
2.9275
3.1696
2.9236
2.8981
2.8885
3.1103
2.9403
3.1319
3.0048
3.1576
2.8845
2.9480
2.8981
2.9821
2.8902
2.8840
2.8208
2.8363
3.1398
2.8061
3.0459
2.9367
2.9338
2.9538
3.0725
2.9677
3.0758
2.9583
3.2802
3.4181
3.0540
3.2651
3.0248
2.6977
3.0893
3.0718
3.1115
2.9278
3.0647
3.2603
3.0538
3.1227
3.3928
3.1051
2.9947
3.2448
3.3754
3.0390
3.0797
2.9031
3.0748
3.3313
3.3181
3.1693
2.9039
2.9997
3.2849
3.3305
3.1181
3.0081
3.2393
3.3659
3.2419
2.9619
3.1565
3.0164
3.0605
3.3431
3.1220
3.0709
3.0004
2.9379
2.9729
3.3178
3.1338
3.4101
2.8843
2.8534
2.9928
3.2364
3.1618
3.2063
3.1315
3.0620
3.3182
2.8210
2.7891
3.0527
2.9318
2.9642
3.0328
2.9694
3.0817
3.3011
3.0458
2.9600
3.1878
3.0470
2.8968
3.0403
3.1051
3.0802
2.8374
2.9915
2.9432
3.0390
2.9327
3.3746
2.9993
3.0882
2.9438
3.0618
2.9768
3.2314
2.9710
2.9614
2.9174
3.2565
3.1126
3.0018
3.2200
2.9139
2.9947
3.1652
3.2038
3.0354
3.1107
3.0534
2.9969
3.0250
2.9672
3.0729
2.9154
3.1222
3.0557
3.1771
2.8960
2.8918
2.8670
3.0369
3.0187
2.8322
2.8909
3.1339
2.9515
3.0170
2.9665
3.0148
3.1627
3.1112
2.9151
3.2718
2.9328
3.0331
3.5077
3.2618
3.2279
2.7392
3.1617
3.2417
3.1027
2.9115
3.1022
3.0489
3.0582
3.2065
3.0325
3.2425
3.3161
3.2263
3.2445
3.2615
3.2400
3.3274
3.2060
3.1419
3.2854
3.0536
3.0833
3.1041
2.9451
3.0844
2.9433
2.8521
3.0103
3.1112
3.0183
2.9285
3.0419
2.9065
3.2676
3.1435
3.1915
3.2277
3.1019
3.1299
3.2996
3.0296
3.1082
3.1711
3.1534
3.0863
3.2878
2.9582
3.0759
2.9633
2.9669
3.0397
2.9929
3.1231
3.1748
3.0872
2.9653
3.0579
3.3461
3.1460
3.1873
2.8334
2.8524
2.9340
2.8224
3.0578
3.1497
3.1786
2.9356
3.0448
3.2119
3.2445
3.1468
2.9014
2.9051
3.1490
3.1318
3.1745
3.2014
3.1351
2.9768
2.8119
2.9486
3.0608
3.1805
3.0906
2.8916
2.9945
2.9666
2.9268
3.1823
2.9899
2.8337
3.1126
3.0886
2.9442
2.9567
3.0035
3.0715
3.0682
2.8906
2.8721
2.7641
2.9310
3.1890
2.9008
2.9059
2.9643
2.9557
2.9805
2.9492
2.8717
3.2701
3.0059
3.0005
3.1260
2.8347
3.0865
3.3388
2.8843
2.9901
2.7921
2.9682
3.0138
2.7182
2.8267
2.9539
2.9835
2.9880
3.0887
2.7226
2.9082
2.8504
2.9196
2.9175
2.9489
3.0117
2.8576
2.8568
2.8896
2.8171
2.8683
2.8547
3.1818
3.0153
2.9247
2.9027
2.9676
2.8296
2.7503
2.9841
2.8158
2.7962
2.7500
2.8099
2.8829
2.7356
3.0791
3.0273
2.8869
2.9074
3.0714
3.1634
2.6487
3.1274
2.9294
2.8590
3.0240
3.0051
2.7919
2.8979
2.9885
2.8623
2.7170
2.8445
2.7995
2.8316
2.8957
2.9159
2.7936
2.8541
2.8362
2.9837
2.9529
2.8240
2.7817
2.6962
2.9369
2.5932
2.6766
2.9190
3.0406
2.7621
3.0273
2.9834
2.9324
2.7628
3.0985
2.7994
2.9864
2.8812
2.6534
2.8861
2.9302
2.8354
2.9234
3.1462
2.8602
2.8720
2.6689
2.9226
2.9457
3.0865
2.7923
3.0606
2.9431
2.5895
2.5333
2.8067
2.8351
2.8713
2.7462
2.9171
2.8984
2.8911
3.2079
2.9031
2.7982
2.8597
2.9606
2.7505
2.6756
2.7895
2.9221
2.6489
2.9588
2.9328
3.0186
2.5461
2.5193
2.6352
2.9649
2.7015
2.5697
2.5985
2.9716
2.6905
2.7928
2.7522
2.9340
2.9986
3.1632
2.8484
2.8684
2.8249
2.8402
2.9078
2.8480
2.8091
2.7446
2.8000
2.9851
2.8345
2.6133
2.9442
2.8056
2.8188
2.8811
2.9596
2.9666
3.3162
3.0517
3.2091
3.0793
2.9981
2.9180
2.9042
2.8660
2.8516
2.6161
2.8112
2.8801
2.9300
2.9707
2.8702
2.9378
3.0246
2.9085
2.9233
2.8515
2.8737
2.8455
3.0821
3.0211
2.8450
2.7495
2.9966
2.9995
3.0524
2.7429
2.9307
2.9601
3.0030
3.0482
3.0249
3.0309
2.8919
2.9019
2.8074
3.0236
2.8964
2.9629
2.7963
2.7313
2.8762
2.8762
2.8472
2.7451
2.6280
2.7741
2.7551
2.6257
2.8224
2.7474
3.0020
2.7882
2.5926
2.6563
2.9702
2.7553
3.0549
2.8251
2.9483
2.8571
2.9912
2.8453
3.0087
2.6781
2.7860
2.6832
3.0687
2.8883
2.7412
3.1347
3.0080
3.2906
3.1964
3.0855
2.6026
3.0285
3.0582
3.1643
3.0313
3.0602
3.0247
3.0920
2.9863
3.1209
3.4634
3.1106
3.1078
3.1894
3.0691
2.9778
3.0713
3.1508
2.9704
3.1819
3.1302
3.3698
3.0869
3.2160
3.0247
3.2123
3.1674
2.9105
3.1935
2.9683
3.1867
3.1423
3.1757
2.9706
2.8478
3.0923
3.1711
2.8980
2.7807
2.9064
3.1477
3.0698
2.8903
2.6833
2.9919
3.1314
2.9649
3.0309
2.9192
3.2463
3.0095
2.8357
2.6443
2.9772
2.7091
2.7725
2.7710
3.0205
2.8023
2.7270
2.7034
2.5545
2.7859
2.8728
2.7923
2.6677
2.9432
2.8613
2.5389
2.7141
2.5953
2.7577
2.6082
2.9094
2.6945
2.7425
2.8766
3.2749
3.1196
2.9553
3.0112
3.0126
2.8598
2.5402
2.7586
2.6084
3.1875
2.8353
2.6334
2.6184
2.7021
3.0684
2.8607
3.1220
2.9673
2.7300
2.8622
2.5569
2.3077
2.7972
2.8986
2.6401
2.5951
2.9483
2.7650
2.9368
2.9414
2.8710
2.9948
2.8742
3.1117
3.2450
3.0623
3.1495
3.2594
3.0774
3.1278
2.9021
3.1332
3.0546
3.0021
3.0527
3.1651
3.1914
3.1508
3.1144
3.1241
3.0264
3.0002
3.2113
3.0193
3.2662
3.4696
3.1102
3.0156
3.4378
3.3136
3.2807
3.2170
2.9182
3.3608
3.2237
3.1128
3.0101
3.1180
2.9989
3.1863
3.1419
3.0664
3.0609
2.9313
3.2674
3.0832
2.9678
3.0022
2.7789
3.0747
2.9825
2.9238
3.0435
3.0277
3.0861
3.2209
3.1843
3.1468
2.8773
3.0639
2.9867
3.1534
3.1292
3.1892
3.1119
3.1636
3.1947
3.4494
3.2094
3.0848
3.0974
3.2127
3.0260
2.9842
3.2777
3.0839
2.8983
3.1361
3.0091
3.3711
2.9075
3.0912
2.8896
3.2198
3.1156
3.1627
2.7236
2.9349
3.2953
2.9314
3.1845
3.0554
3.1920
3.1448
3.0982
3.1894
3.1058
3.0393
2.9549
2.9954
2.8842
2.9334
3.2936
3.0376
3.1009
3.0416
3.0862
3.1273
3.0076
3.0122
3.1120
2.9480
3.0865
3.1916
3.1773
3.0895
3.0693
3.0522
3.0732
2.9463
3.0394
2.9263
3.0809
3.1144
3.3167
3.1698
3.1418
2.9830
2.8792
2.9971
3.0548
2.9778
3.0358
3.0862
3.0219
2.9124
3.1124
3.0225
3.4554
3.1728
3.1516
3.2103
3.1740
2.9933
3.2702
2.9850
3.1509
3.3283
3.1830
3.2001
3.2175
3.3386
2.9497
2.9655
3.0987
3.1319
3.2251
3.0164
3.0431
3.0576
3.0587
3.2363
2.9227
3.1321
3.1221
3.0031
2.9398
3.1700
3.0689
3.1190
3.1229
3.0117
2.8550
3.1629
3.2400
3.0313
3.0755
3.2316
2.9023
3.1375
3.3570
3.2706
2.9926
3.1855
3.2049
3.4411
3.1592
2.9641
3.0744
3.0308
3.1526
3.4386
2.8394
3.2183
3.0381
3.0271
2.9513
3.0758
2.7211
2.9998
3.0309
3.0185
3.2443
3.0195
3.2763
3.2756
2.8953
3.0847
3.2064
2.9631
2.9439
3.2856
3.0870
3.1108
3.0914
3.2117
2.9297
2.9935
3.0359
3.1251
3.1055
3.0507
3.3724
2.9257
2.9612
2.9768
3.2233
2.9665
3.0381
3.0696
3.0714
3.1500
3.0261
3.2585
2.9939
3.2925
3.1299
2.9436
3.1897
3.0288
3.2553
3.2928
2.9949
3.0666
2.7946
3.1260
3.1685
3.1916
3.1878
3.2045
3.2394
3.2232
3.0236
3.0807
2.8235
2.8009
3.0604
2.9685
2.8949
2.9092
2.9994
2.9548
3.2917
3.1404
2.8988
2.8761
3.1732
2.8055
3.1179
3.0952
3.1145
2.9443
2.8979
2.9054
3.1125
3.0268
3.3361
3.2431
3.5503
3.3040
3.2807
3.3863
3.0656
3.1157
3.2426
3.2603
3.2049
2.8376
3.0023
2.9953
3.0057
3.0580
3.0026
3.2605
3.1286
3.2526
3.1700
3.0691
3.2674
3.2217
3.1252
3.0383
2.9260
3.2579
3.3011
3.0855
2.8490
3.3637
3.3144
3.1479
2.9565
3.1390
2.9409
3.0709
3.3340
3.2824
3.4080
3.3709
3.5139
3.1683
3.1786
3.1717
3.1979
3.3854
3.2606
3.4143
3.4636
3.5245
3.4802
3.5099
3.3904
3.2704
3.4312
3.5128
3.2816
3.3179
3.1537
3.5068
3.4512
3.3230
3.5188
3.7222
3.3603
3.3786
3.6320
3.3840
3.5548
3.4826
3.3470
3.5773
3.4331
3.2545
3.3147
3.4288
3.0872
3.2768
3.1847
3.4301
3.1673
3.5859
3.3661
3.4686
3.2132
3.2336
3.3474
3.2518
3.2310
3.3951
3.3016
3.1247
3.2638
3.2373
3.1872
3.1653
3.1919
3.0724
3.0227
2.9102
3.0117
3.0442
3.0068
3.1267
3.1157
3.0858
3.0058
3.0940
2.9238
3.1044
3.0788
3.1905
3.0212
3.2744
3.0882
3.0999
2.9950
3.0268
3.2776
3.2789
2.9766
3.0042
2.9176
3.2400
3.1170
3.1284
3.0739
2.9320
2.9864
3.0506
3.1325
2.8559
3.1348
3.0430
3.0681
3.1844
3.1056
2.8875
3.2452
3.0705
2.8961
3.2022
3.1726
3.0211
3.1811
3.2450
3.3247
3.2436
3.3069
3.5097
3.3092
3.3767
